           01/23/2002
  1938               1
  0.109000000E+03
* 109.000             1               0 MAR   3   1 CLC    39   40
  0.142135425E+03 0.180000000E+03 0.218111000E+01 0.484482266E+05
  0.471959281E+05 0.154332787E+03-0.472254718E+01 0.283274270E+02
  0.832872140E+00-0.144902426E+00-0.144902426E+00 0.198751401E+07
  0.162750719E+03-0.458852732E+01 0.144765032E+02 0.568014993E-01
  0.273594995E+01 0.148537634E+01 0.100000000E+11 0.979397926E+02
  0.116182639E+03 0.107356487E+03 0.123032576E+02 0.126924591E+01
  0.445004266E+02 0.100000000E+05 0.100000000E+05
  0.224492230E+02 0.000000000E+00 0.000000000E+00
  0.555822882E+02
  0.179733515E+02
  0.455628320E+01 0.366536898E-01 0.143873097E+01 0.698214709E+01
  0.119150983E+01 0.159886693E+02-0.500000000E+02-0.500000000E+02
 -0.500000000E+02 0.113865032E+00 0.203642659E+04 0.436018713E+04
  0.119405783E-01 0.967762159E+00 0.233399334E+01-0.925161429E-04
  0.931313384E+00 0.159962607E+03 0.000000000E+00 0.000000000E+00
 -0.999000000E+03-0.999000000E+03-0.999000000E+03-0.999000000E+03
 -0.100000000E+03-0.500000000E+02 0.242173006E+01 0.242350702E+01
  0.100000000E+03 0.100000000E+03 0.948344029E+01 0.979397926E+02
  0.161996560E+03-0.462663152E+01 0.129520964E+00 0.237246705E+02
 -0.173682852E+02-0.360585778E+00-0.276792248E+05 0.100000009E-05
  0.389404000E+01-0.150608327E+03 0.147322577E+01 0.100000000E+02
    45   64   70    1
  0.497888507E-01 0.536998112E-01 0.700432256E-01 0.705349490E-01
  0.771795129E-01 0.769253438E-01 0.764792727E-01 0.767399383E-01
  0.771475676E-01 0.776945712E-01 0.783442254E-01 0.791166388E-01
  0.822179996E-01 0.830431580E-01 0.834308990E-01 0.837314079E-01
  0.841707776E-01 0.847734446E-01 0.888870515E-01 0.936801718E-01
  0.109487052E+00 0.111814342E+00 0.112895091E+00 0.112477355E+00
  0.110589430E+00 0.941626157E-01 0.888528291E-01 0.842006019E-01
  0.834591679E-01 0.828564933E-01 0.823874972E-01 0.818628430E-01
  0.808763190E-01 0.777543852E-01 0.770922704E-01 0.765561041E-01
  0.761274926E-01 0.758366928E-01 0.756892087E-01 0.768977588E-01
  0.773140174E-01 0.866657240E-01 0.866389462E-01 0.786580478E-01
  0.751485616E-01-0.180354195E-01-0.184262480E-01-0.191273305E-01
 -0.212576691E-01-0.217999874E-01-0.193762744E-01-0.133135002E-01
 -0.933524745E-02-0.698169701E-02-0.625499457E-02-0.309512756E-02
  0.525052748E-02 0.269820248E-03-0.388408384E-02-0.140491817E-01
 -0.580010099E-02-0.868904497E-02-0.448467496E-02 0.468011722E-02
  0.110950295E-02-0.249690341E-02-0.400885295E-02-0.256521151E-02
  0.401508806E-03-0.100475490E-01-0.142747115E-01-0.143683729E-01
 -0.197265543E-01-0.865790856E-02-0.373963407E-02 0.300739140E-02
  0.618748519E-03 0.138939802E-02 0.210273375E-02 0.217575091E-03
 -0.940553753E-03-0.524232426E-02-0.134783481E-01-0.141106202E-01
 -0.167637245E-01-0.174220919E-01-0.177426621E-01-0.834219559E-02
 -0.127121651E-01-0.118988388E-01-0.100716882E-01-0.860642476E-02
 -0.126925875E-01-0.359342554E-02 0.230690774E-02 0.450965224E-02
  0.551387081E-04-0.157961933E-01 0.162545338E-01-0.363713725E-02
 -0.100725389E-01-0.953968174E-02-0.665169331E-02-0.179793045E-02
 -0.112407553E-02 0.361277023E-02 0.620382327E-02 0.768898846E-02
  0.752988545E-02
  0.123698609E+04 0.971867804E+03 0.447099052E+03 0.438015518E+03
  0.286862762E+03 0.330432945E+03-0.781693187E+03-0.782102903E+03
  0.342090224E+03 0.282101111E+03 0.440938581E+03 0.454156110E+03
  0.986130497E+03 0.123990346E+04 0.907319989E+04 0.548801493E+04
 -0.248490898E+03 0.860558719E+03 0.241498683E+04 0.447982173E+04
  0.130553998E-13 0.203806144E-14-0.487922738E-15 0.586560577E-17
  0.191456596E-18-0.928634938E-19-0.140159241E-17 0.200685247E-17
 -0.452857520E-17-0.352620935E-18 0.357404099E-18-0.329184493E-17
  0.179428531E-17 0.140219755E-17-0.163283970E-17-0.124229800E-17
 -0.305203404E-17 0.227641147E-17 0.978853313E-18-0.173446731E-17
  0.108721202E-17 0.141488618E-18 0.168046384E-17-0.141355464E-17
  0.945323036E-18-0.267157361E-17-0.371712168E-18 0.272395706E-18
  0.135725241E-17 0.856447418E-19 0.262230211E-17-0.433009843E-18
 -0.426130801E-17 0.726188954E-17-0.207229282E-17 0.921629303E-17
 -0.105082868E-16 0.676922940E-17-0.293526072E-17 0.444163264E-19
 -0.753778798E-17 0.471978287E-17 0.599047022E-17-0.868345224E-17
  0.752763244E-18-0.321036109E-17 0.373280838E-17 0.126884800E-18
 -0.352323214E-17-0.639447689E-17
  0.000000000E+00
  0.000000000E+00 0.000000000E+00 0.000000000E+00 0.000000000E+00
  0.000000000E+00 0.000000000E+00 0.000000000E+00 0.000000000E+00
  0.000000000E+00 0.000000000E+00 0.100000000E+03 0.614538957E-05
  0.951367645E-02 0.999464871E-01 0.400000000E+02-0.288139125E-01
  0.439435338E+01 0.000000000E+00 0.999000000E+03 0.440086224E+01
 -0.100000000E+02 0.225878393E+01 0.000000000E+00 0.208511856E+00
 -0.100000000E+02 0.000000000E+00 0.403019248E+01 0.852370134E-01
 -0.124335428E-02-0.676829129E-01 0.126457681E+01 0.181183705E+01
  0.157777223E+02 0.486986319E+01-0.890000000E+02-0.890000000E+02
 -0.890000000E+02-0.890000000E+02-0.890000000E+02-0.890000000E+02
 -0.890000000E+02-0.890000000E+02-0.890000000E+02-0.890000000E+02
 -0.890000000E+02-0.890000000E+02-0.890000000E+02-0.890000000E+02
 -0.890000000E+02 0.298806822E+08-0.990000000E+02-0.990000000E+02
 -0.990000000E+02-0.990000000E+02 0.000000000E+00 0.000000000E+00
                                            KIN
