           01/23/2002
  4200               1
  0.159000000E+04
*1590.000             1               0 SNB   3   1 CLC    39   40
  0.192732827E+02 0.180000000E+03 0.195505000E+01-0.581193875E+06
 -0.558796274E+06 0.178047553E+03-0.518849125E+01 0.505491846E+02
  0.182940290E+01 0.455943125E+00 0.698767893E+00 0.149623683E+08
  0.178248966E+03-0.976551872E+00 0.886994988E+01 0.231731500E+00
  0.387555689E+00 0.128918167E+01 0.100000000E+11 0.293023026E+01
  0.448012495E+02 0.374225485E+02 0.619974271E+01-0.153848221E+01
  0.181583663E+03 0.138392188E+03 0.106515910E+03
  0.550159624E+01 0.000000000E+00 0.000000000E+00
  0.101098210E+03
  0.988148056E+01
  0.587729081E+01 0.152833952E+00 0.220070384E+01 0.994019275E+00
  0.596998658E+00 0.129412886E+02-0.500000000E+02-0.500000000E+02
 -0.500000000E+02 0.682125734E-02 0.137695866E+05 0.808398548E+05
  0.718243582E-03 0.132283738E+01 0.135012010E+01 0.582172815E-02
  0.140901607E+01 0.171310661E+03 0.000000000E+00 0.000000000E+00
  0.142725406E+03-0.976633162E+02 0.142852225E+03 0.963390044E+02
  0.125019217E+02-0.500000000E+02 0.196436773E+01 0.194209013E+01
  0.100000000E+03 0.281717078E+02 0.389352514E+02 0.293023026E+01
  0.181201168E+03-0.788210642E+00-0.155873465E+00 0.389627331E+03
  0.997812660E+00 0.596622965E+00 0.208132748E+06 0.100000009E-05
 -0.371298000E+00 0.100314637E+04 0.102220209E+01 0.100000000E+02
    45  147   74    1
  0.280594058E+00 0.274008056E+00 0.170134568E+00 0.164308677E+00
 -0.106915301E-01-0.126069351E-01-0.166550357E-01-0.162614038E-01
 -0.156150176E-01-0.149937679E-01-0.135820741E-01-0.122878391E-01
 -0.915446057E-03 0.355928247E-02 0.615288017E-02 0.871029329E-02
  0.112486221E-01 0.137428950E-01 0.243157875E-01 0.314494921E-01
  0.445138288E-01 0.449916964E-01 0.449589409E-01 0.442507197E-01
  0.433807618E-01 0.302278371E-01 0.229177634E-01 0.124801882E-01
  0.100735724E-01 0.752999799E-02 0.502172955E-02 0.238184374E-02
 -0.199634504E-02-0.134409936E-01-0.146903415E-01-0.158299708E-01
 -0.167740323E-01-0.174412628E-01-0.179071886E-01-0.140021022E-01
 -0.122079080E-01 0.161925459E+00 0.167940141E+00 0.271762907E+00
  0.278880689E+00-0.139008850E+00-0.138207208E+00-0.137463796E+00
 -0.136479249E+00-0.135674054E+00-0.141248550E+00-0.133280920E+00
 -0.126918924E+00-0.114844941E+00-0.786191747E-01-0.490765164E-01
 -0.233264502E-01 0.265750405E-01 0.648695771E-01 0.855400204E-01
  0.497339394E-01-0.433271448E-01-0.792971639E-01-0.229674624E+00
 -0.259903623E+00-0.276689055E+00-0.277821849E+00-0.263151063E+00
 -0.234266350E+00-0.844049456E-01-0.477103102E-01 0.463061484E-01
  0.835750356E-01 0.636869761E-01 0.250676158E-01-0.240706750E-01
 -0.498501834E-01-0.790381401E-01-0.116201875E+00-0.127578649E+00
 -0.133902667E+00-0.141843912E+00-0.136618543E+00-0.137230830E+00
 -0.138094967E+00-0.138636172E+00-0.139158494E+00 0.132789164E-01
  0.506750748E-01 0.661479121E-01 0.825227765E-01 0.105895052E+00
  0.113304703E+00 0.113939903E+00 0.106609818E+00 0.783251633E-01
  0.176330320E-01-0.614769617E-01 0.620341003E-01-0.166140069E-01
 -0.774712780E-01-0.105970777E+00-0.113373053E+00-0.112909352E+00
 -0.105847026E+00-0.825902149E-01-0.663674188E-01-0.510444591E-01
 -0.137084047E-01-0.139689908E+00-0.138990852E+00-0.137872707E+00
 -0.136716717E+00-0.135826825E+00-0.141445077E+00-0.133115400E+00
 -0.126514159E+00-0.115880171E+00-0.523069432E-01-0.226126881E-01
  0.270679367E-01 0.654016684E-01 0.863627374E-01 0.506136839E-01
 -0.428989231E-01-0.789540574E-01-0.229109849E+00-0.259590021E+00
 -0.276512191E+00-0.277876514E+00-0.234360151E+00-0.848045959E-01
  0.460684147E-01 0.841231927E-01 0.638910562E-01-0.229862844E-01
 -0.115917204E+00-0.134102778E+00-0.142126062E+00-0.136653600E+00
 -0.137352044E+00-0.138355843E+00-0.139264980E+00-0.139774574E+00
 -0.590084180E-02-0.166300334E-01-0.261997030E-01-0.336931251E-01
 -0.388921850E-01 0.126600498E-01 0.509921136E-01 0.665978502E-01
  0.818712197E-01 0.112386834E+00 0.113679665E+00 0.105690010E+00
  0.760591737E-01 0.159446557E-01-0.613330593E-01-0.614737850E-01
 -0.468655327E-01-0.603158010E-02-0.275662943E-04 0.222650933E-02
  0.340451112E-02 0.454776547E-01 0.617931455E-01-0.168038342E-01
 -0.752265118E-01-0.105110111E+00-0.112301819E+00-0.829478219E-01
 -0.666522973E-01-0.504249699E-01-0.128931834E-01 0.380358104E-01
  0.330125628E-01 0.254142861E-01 0.160324931E-01 0.541828306E-02
  0.183847288E-01 0.219036170E-02 0.360495068E-01-0.360694768E-01
  0.920105075E-02 0.152680924E-03 0.327107043E-01 0.447659320E-01
 -0.182637451E-01 0.178232243E-01-0.313551661E-01-0.264836175E-01
  0.428886591E+04 0.783752448E+03 0.419652901E+04-0.509831565E+04
 -0.230107121E+04 0.188618931E+04 0.288496956E+04 0.287792828E+04
  0.188410097E+04-0.231948967E+04-0.507283912E+04 0.424337973E+04
  0.804231286E+03 0.430277988E+04-0.175379403E+04-0.199026280E+04
 -0.806460893E+03-0.972266943E+03-0.169527890E+04-0.761241658E+03
 -0.708566608E+03-0.150817090E+04-0.905739266E+03-0.735464947E+03
 -0.179224614E+04-0.180047803E+04 0.162790462E-13 0.204109419E-13
  0.220308495E-12 0.155620840E-14 0.102355176E-12-0.736392071E-14
  0.174345546E-17 0.433952670E-18 0.350615098E-18-0.552278443E-18
  0.704643410E-18 0.432677251E-18-0.643575088E-18-0.161388502E-18
  0.384851666E-18-0.140953574E-18 0.735872567E-18-0.121616031E-19
  0.464570983E-18 0.163975290E-18 0.109525988E-17 0.163155266E-18
  0.862069415E-19-0.295314916E-18-0.306125217E-20 0.813915417E-18
  0.277107686E-18-0.565615334E-18 0.147800447E-18-0.394568423E-18
 -0.170980901E-18-0.598919430E-18 0.940862212E-18-0.444628251E-18
 -0.116765182E-17 0.136425959E-17-0.200622022E-18-0.148514113E-17
 -0.118929147E-18-0.681987298E-18 0.236147626E-17-0.183066973E-17
 -0.468141515E-18-0.102674729E-17 0.941219302E-18-0.178716139E-17
  0.184552342E-17-0.593026261E-18
  0.000000000E+00
  0.000000000E+00 0.126499998E+03-0.101853769E+03 0.155409414E+03
 -0.137494301E+03 0.000000000E+00 0.000000000E+00 0.000000000E+00
  0.000000000E+00 0.000000000E+00 0.685098965E+02 0.275590441E-04
  0.956367218E-01 0.100045690E+00-0.585068931E+00 0.171909919E+00
 -0.107979141E+01 0.000000000E+00 0.999000000E+03 0.327308168E+01
  0.162314130E+02 0.135012010E+01 0.000000000E+00-0.118281526E+00
  0.412004447E+01 0.486485068E+01 0.542607517E+01 0.000000000E+00
  0.921546675E-02 0.155652796E+02 0.127498528E+01 0.228401333E+01
  0.493916757E+02 0.443146038E+01 0.203785444E+02 0.195114714E+02
 -0.890000000E+02-0.890000000E+02-0.890000000E+02-0.890000000E+02
  0.134283410E+01-0.890000000E+02-0.890000000E+02 0.126499998E+03
 -0.101853769E+03-0.890000000E+02-0.890000000E+02 0.155409414E+03
 -0.137494301E+03 0.100006933E+07 0.123806985E+00 0.408958877E+00
  0.166309847E+03 0.179062500E+03 0.000000000E+00 0.000000000E+00
                                            KIN
