# ITER passive structure specifications
# $Id$
# $Name$

#  R        Z        thk    u-O-m   Id
  3.5398   0.0282   0.060   0.800   VVinner
  3.5398   0.2254
  3.5398   0.4225
  3.5398   0.6197
  3.5398   0.8168
  3.5398   1.0140
  3.5398   1.2111
  3.5398   1.4083
  3.5398   1.6054
  3.5398   1.8026
  3.5398   1.9997
  3.5398   2.1969
  3.5398   2.3940
  3.5398   2.5912
  3.5398   2.7883
  3.5398   2.9855
  3.5398   3.1826
  3.5398   3.3798
  3.5398   3.5769
  3.5517   3.7731
  3.5871   3.9664
  3.6456   4.1540
  3.7262   4.3332
  3.8279   4.5014
  3.9491   4.6561
  4.0881   4.7950
  4.2428   4.9162
  4.4110   5.0178
  4.5902   5.0985
  4.7779   5.1569
  4.9712   5.1923
  5.1673   5.2041
  5.3635   5.1922
  5.5568   5.1568
  5.7444   5.0983
  5.9236   5.0176
  6.0917   4.9159
  6.2478   4.8081
  6.4039   4.7003
  6.5600   4.5925
  6.7161   4.4847
  6.8721   4.3769
  7.0320   4.2619
  7.1872   4.1407
  7.3376   4.0136
  7.4830   3.8808
  7.6231   3.7424
  7.7578   3.5987
  7.8867   3.4499
  8.0098   3.2961
  8.1268   3.1377
  8.2376   2.9749
  8.3420   2.8079
  8.4398   2.6370
  8.5309   2.4624
  8.6151   2.2844
  8.6924   2.1033
  8.7626   1.9193
  8.8256   1.7327
  8.8770   1.5506
  8.9172   1.3656
  8.9459   1.1785
  8.9644   1.0049
  8.9774   0.8309
  8.9850   0.6565
  8.9872   0.4820
  8.9838   0.3075
  8.9751   0.1332
  8.9608  -0.0407
  8.9370  -0.2113
  8.8991  -0.3793
  8.8475  -0.5436
  8.7824  -0.7031
  8.7029  -0.8768
  8.6234  -1.0506
  8.5439  -1.2243
  8.4645  -1.3980
  8.3850  -1.5717
  8.3055  -1.7454
  8.2260  -1.9192
  8.1465  -2.0929
  8.0671  -2.2666
  7.9876  -2.4403
  7.9081  -2.6140
  7.8286  -2.7878
  7.7491  -2.9615
  7.6697  -3.1352
  7.5902  -3.3089
  7.5107  -3.4827
  7.4312  -3.6564
  7.3464  -3.8249
  7.2491  -3.9867
  7.1402  -4.1408
  7.0200  -4.2863
  6.8893  -4.4224
  6.7488  -4.5484
  6.5993  -4.6636
  6.4416  -4.7673
  6.2766  -4.8590
  6.1053  -4.9381
  5.9285  -5.0042
  5.7473  -5.0569
  5.5627  -5.0959
  5.3756  -5.1211
  5.1873  -5.1323
  4.9900  -5.1245
  4.7952  -5.0927
  4.6057  -5.0373
  4.4245  -4.9592
  4.2541  -4.8595
  4.0972  -4.7397
  3.9561  -4.6017
  3.8329  -4.4474
  3.7296  -4.2793
  3.6475  -4.0998
  3.5880  -3.9116
  3.5519  -3.7175
  3.5398  -3.5205
  3.5398  -3.3233
  3.5398  -3.1262
  3.5398  -2.9290
  3.5398  -2.7319
  3.5398  -2.5347
  3.5398  -2.3376
  3.5398  -2.1404
  3.5398  -1.9433
  3.5398  -1.7461
  3.5398  -1.5490
  3.5398  -1.3518
  3.5398  -1.1547
  3.5398  -0.9575
  3.5398  -0.7604
  3.5398  -0.5632
  3.5398  -0.3661
  3.5398  -0.1689
  3.5398   0.0282   0.060   0.800   VVinner
  3.2624   0.0297   0.060   0.800   VVouter
  3.2624   0.2271
  3.2624   0.4244
  3.2624   0.6218
  3.2624   0.8191
  3.2624   1.0165
  3.2624   1.2139
  3.2624   1.4112
  3.2624   1.6086
  3.2624   1.8059
  3.2624   2.0033
  3.2624   2.2006
  3.2624   2.3980
  3.2624   2.5954
  3.2624   2.7927
  3.2624   2.9901
  3.2624   3.1874
  3.2624   3.3848
  3.2624   3.5821
  3.2624   3.7795
  3.2720   3.9676
  3.3004   4.1537
  3.3475   4.3360
  3.4128   4.5127
  3.4956   4.6818
  3.5950   4.8417
  3.7101   4.9908
  3.8396   5.1274
  3.9823   5.2503
  4.1367   5.3582
  4.3011   5.4499
  4.4740   5.5246
  4.6536   5.5814
  4.8278   5.6202
  5.0044   5.6462
  5.1824   5.6593
  5.3609   5.6593
  5.5389   5.6463
  5.7155   5.6203
  5.8898   5.5815
  6.0607   5.5301
  6.2275   5.4664
  6.4095   5.3853
  6.5885   5.2979
  6.7644   5.2043
  6.9370   5.1046
  7.1059   4.9990
  7.2711   4.8876
  7.4323   4.7704
  7.5893   4.6478
  7.7420   4.5197
  7.8900   4.3864
  8.0334   4.2480
  8.1718   4.1047
  8.3052   3.9566
  8.4333   3.8040
  8.5560   3.6470
  8.6732   3.4859
  8.7847   3.3207
  8.8903   3.1518
  8.9900   2.9793
  9.0837   2.8034
  9.1711   2.6243
  9.2523   2.4424
  9.3270   2.2577
  9.3953   2.0705
  9.4570   1.8810
  9.5121   1.6895
  9.5605   1.4962
  9.6021   1.3014
  9.6368   1.1052
  9.6623   0.9129
  9.6778   0.7196
  9.6832   0.5257
  9.6784   0.3319
  9.6636   0.1385
  9.6387  -0.0538
  9.6038  -0.2446
  9.5590  -0.4333
  9.5045  -0.6194
  9.4403  -0.8024
  9.3667  -0.9818
  9.2907  -1.1539
  9.2148  -1.3260
  9.1389  -1.4981
  9.0629  -1.6703
  8.9870  -1.8424
  8.9110  -2.0145
  8.8351  -2.1866
  8.7592  -2.3587
  8.6832  -2.5308
  8.6073  -2.7030
  8.5314  -2.8751
  8.4554  -3.0472
  8.3795  -3.2193
  8.3036  -3.3914
  8.2276  -3.5635
  8.1517  -3.7356
  8.0687  -3.9093
  7.9753  -4.0777
  7.8720  -4.2401
  7.7590  -4.3959
  7.6367  -4.5446
  7.5057  -4.6856
  7.3664  -4.8185
  7.2193  -4.9427
  7.0650  -5.0577
  6.9040  -5.1632
  6.7369  -5.2588
  6.5643  -5.3440
  6.3868  -5.4187
  6.2052  -5.4825
  6.0201  -5.5352
  5.8321  -5.5766
  5.6419  -5.6065
  5.4503  -5.6249
  5.2579  -5.6316
  5.0655  -5.6267
  4.8738  -5.6062
  4.6851  -5.5666
  4.5014  -5.5080
  4.3246  -5.4313
  4.1564  -5.3372
  3.9985  -5.2265
  3.8526  -5.1005
  3.7201  -4.9604
  3.6025  -4.8077
  3.5008  -4.6439
  3.4162  -4.4707
  3.3494  -4.2899
  3.3013  -4.1032
  3.2722  -3.9126
  3.2624  -3.7201
  3.2624  -3.5227
  3.2624  -3.3254
  3.2624  -3.1280
  3.2624  -2.9306
  3.2624  -2.7333
  3.2624  -2.5359
  3.2624  -2.3386
  3.2624  -2.1412
  3.2624  -1.9439
  3.2624  -1.7465
  3.2624  -1.5491
  3.2624  -1.3518
  3.2624  -1.1544
  3.2624  -0.9571
  3.2624  -0.7597
  3.2624  -0.5624
  3.2624  -0.3650
  3.2624  -0.1676
  3.2624   0.0297   0.060   0.800   VVouter
  7.5765  -2.6080   0.060   0.800   Ring-SS
  6.8328  -3.1841   0.060   0.800   Ring-SS
  6.7877  -3.1906   0.003   0.027   Ring-Cu
  7.5572  -2.5831   0.003   0.027   Ring-Cu
  3.6895  -3.3207   0.080   0.900   DIR
  3.6895  -2.6698   0.080   0.900   DIR
