  EFITD    01/18/2001    #106535  2110ms           3  33  65
  .170000000E+01  .320000000E+01  .169550000E+01  .840000000E+00  .000000000E+00
  .180897286E+01  .770099093E-01 -.397581995E+00 -.133746885E+00 -.209297375E+01
  .160052388E+07 -.397581995E+00  .000000000E+00  .180897286E+01  .000000000E+00
  .770099093E-01  .000000000E+00 -.133746885E+00  .000000000E+00  .000000000E+00
 -.350238822E+01 -.350971566E+01 -.351638570E+01 -.352242846E+01 -.352787352E+01
 -.353274995E+01 -.353708639E+01 -.354091105E+01 -.354425183E+01 -.354713630E+01
 -.354959175E+01 -.355164524E+01 -.355332363E+01 -.355465360E+01 -.355566168E+01
 -.355637428E+01 -.355681770E+01 -.355701818E+01 -.355700190E+01 -.355679497E+01
 -.355642351E+01 -.355591360E+01 -.355529132E+01 -.355458276E+01 -.355381403E+01
 -.355301124E+01 -.355220054E+01 -.355140810E+01 -.355066011E+01 -.354998277E+01
 -.354940231E+01 -.354894497E+01 -.354863700E+01
  .186559304E+06  .175793956E+06  .165347018E+06  .155218491E+06  .145408376E+06
  .135916671E+06  .126743377E+06  .117888494E+06  .109352023E+06  .101133962E+06
  .932343121E+05  .856530734E+05  .783902456E+05  .714458289E+05  .648198231E+05
  .585122284E+05  .525230446E+05  .468522718E+05  .414999101E+05  .364659593E+05
  .317504195E+05  .273532907E+05  .232745730E+05  .195142662E+05  .160723704E+05
  .129488856E+05  .101438118E+05  .765714902E+04  .548889722E+04  .363905642E+04
  .210762662E+04  .894607810E+03  .000000000E+00
  .325569297E+01  .297616643E+01  .270791322E+01  .245093334E+01  .220522678E+01
  .197079354E+01  .174763363E+01  .153574705E+01  .133513379E+01  .114579386E+01
  .967727249E+00  .800933966E+00  .645414008E+00  .501167375E+00  .368194068E+00
  .246494086E+00  .136067428E+00  .369140963E-01 -.509659105E-01 -.127572592E+00
 -.192905949E+00 -.246965980E+00 -.289752686E+00 -.321266067E+00 -.341506122E+00
 -.350472853E+00 -.348166258E+00 -.334586338E+00 -.309733093E+00 -.273606523E+00
 -.226206627E+00 -.167533406E+00 -.975868605E-01
 -.132501597E+07 -.128639658E+07 -.124777718E+07 -.120915779E+07 -.117053840E+07
 -.113191900E+07 -.109329961E+07 -.105468022E+07 -.101606082E+07 -.977441431E+06
 -.938822038E+06 -.900202644E+06 -.861583251E+06 -.822963857E+06 -.784344464E+06
 -.745725071E+06 -.707105677E+06 -.668486284E+06 -.629866891E+06 -.591247497E+06
 -.552628104E+06 -.514008711E+06 -.475389317E+06 -.436769924E+06 -.398150531E+06
 -.359531137E+06 -.320911744E+06 -.282292351E+06 -.243672957E+06 -.205053564E+06
 -.166434171E+06 -.127814777E+06 -.891953839E+05
 -.665894740E-01 -.839498665E-01 -.104744473E+00 -.129758988E+00 -.158637073E+00
 -.185382208E+00 -.233533922E+00 -.256186241E+00 -.278522295E+00 -.277832665E+00
 -.245994751E+00 -.219666838E+00 -.206909224E+00 -.203290587E+00 -.209762914E+00
 -.225967465E+00 -.221206523E+00 -.195518501E+00 -.145202533E+00 -.102823925E+00
 -.670726448E-01 -.348449557E-01 -.478514692E-02  .236926826E-01  .507611757E-01
  .763365199E-01  .100168756E+00  .121917536E+00  .141232061E+00  .157832190E+00
  .171574800E+00  .182486741E+00  .190755483E+00 -.656034319E-01 -.838570321E-01
 -.106509335E+00 -.133531091E+00 -.156441916E+00 -.179376409E+00 -.212157066E+00
 -.234730807E+00 -.249137963E+00 -.249413500E+00 -.232957325E+00 -.215003096E+00
 -.204786276E+00 -.201858520E+00 -.207759811E+00 -.222309508E+00 -.216721083E+00
 -.190947486E+00 -.141510352E+00 -.990388550E-01 -.623546407E-01 -.287427401E-01
  .301722993E-02  .334432386E-01  .626403853E-01  .904271228E-01  .116413522E+00
  .140083703E+00  .160903778E+00  .178447006E+00  .192501594E+00  .203121492E+00
  .210602809E+00 -.624615162E-01 -.807922590E-01 -.104936802E+00 -.127385017E+00
 -.145658065E+00 -.164577036E+00 -.185699407E+00 -.203567131E+00 -.214407905E+00
 -.216846963E+00 -.211506797E+00 -.203006662E+00 -.196311585E+00 -.193218393E+00
 -.194277754E+00 -.196131759E+00 -.186793800E+00 -.163395872E+00 -.127026157E+00
 -.896440502E-01 -.542551503E-01 -.203172376E-01  .126677369E-01  .449202046E-01
  .763728465E-01  .106679190E+00  .135236390E+00  .161254859E+00  .183902483E+00
  .202507320E+00  .216746227E+00  .226729794E+00  .232944269E+00 -.568453423E-01
 -.739821258E-01 -.958508874E-01 -.114266776E+00 -.130590583E+00 -.147654652E+00
 -.164568484E+00 -.178958326E+00 -.188755227E+00 -.193011595E+00 -.192258748E+00
 -.188605506E+00 -.184370214E+00 -.180714038E+00 -.177298471E+00 -.171507688E+00
 -.159162976E+00 -.138163455E+00 -.109664743E+00 -.774263329E-01 -.440388839E-01
 -.102827935E-01  .236927211E-01  .577964833E-01  .917753069E-01  .125096895E+00
  .156883995E+00  .185942337E+00  .210952517E+00  .230822808E+00  .245046268E+00
  .253855329E+00  .258087432E+00 -.488228786E-01 -.638733532E-01 -.820522452E-01
 -.991988859E-01 -.115482929E+00 -.131357613E+00 -.146224701E+00 -.158915834E+00
 -.168260415E+00 -.173685330E+00 -.175425027E+00 -.174383636E+00 -.171599401E+00
 -.167585925E+00 -.161932078E+00 -.153184502E+00 -.139466426E+00 -.119732147E+00
 -.944379550E-01 -.651244940E-01 -.332505756E-01  .373742067E-03  .353780201E-01
  .715230509E-01  .108463210E+00  .145539046E+00  .181580143E+00  .214812670E+00
  .243098478E+00  .264585084E+00  .278445157E+00  .285190104E+00  .286328803E+00
 -.381162691E-01 -.513340377E-01 -.683686632E-01 -.852298290E-01 -.101304095E+00
 -.116521813E+00 -.130457349E+00 -.142411763E+00 -.151703809E+00 -.157928993E+00
 -.161094796E+00 -.161544178E+00 -.159672988E+00 -.155607935E+00 -.149000655E+00
 -.139044145E+00 -.124805519E+00 -.105738728E+00 -.819803330E-01 -.541944131E-01
 -.231365338E-01  .106523832E-01  .468732366E-01  .853394062E-01  .125787722E+00
  .167609621E+00  .209447078E+00  .248761267E+00  .281946275E+00  .305671909E+00
  .318512116E+00  .321588986E+00  .317851021E+00 -.249068306E-01 -.377548089E-01
 -.561206265E-01 -.727197566E-01 -.885407267E-01 -.103408990E+00 -.116960190E+00
 -.128712661E+00 -.138192688E+00 -.145072156E+00 -.149227291E+00 -.150691164E+00
 -.149521552E+00 -.145647401E+00 -.138778857E+00 -.128430053E+00 -.114083142E+00
 -.954138807E-01 -.724212233E-01 -.453691038E-01 -.145993003E-01  .196377408E-01
  .572469749E-01  .982586069E-01  .142715493E+00  .190411222E+00  .240251316E+00
  .288897460E+00  .329990140E+00  .357068346E+00  .367525231E+00  .363999859E+00
  .352453878E+00 -.191735164E-01 -.296949141E-01 -.454324456E-01 -.616263590E-01
 -.772803799E-01 -.920545926E-01 -.105584718E+00 -.117470357E+00 -.127330165E+00
 -.134857309E+00 -.139843561E+00 -.142151666E+00 -.141648298E+00 -.138141984E+00
 -.131376660E+00 -.121027523E+00 -.106772245E+00 -.883878549E-01 -.658056306E-01
 -.390819248E-01 -.830319177E-02  .265202335E-01  .655322400E-01  .109074338E+00
  .157697064E+00  .212088456E+00  .272608895E+00  .336894633E+00  .392086286E+00
  .424711405E+00  .430191818E+00  .413005818E+00  .388884465E+00 -.770926981E-02
 -.184330328E-01 -.356711777E-01 -.517860480E-01 -.674776130E-01 -.824039294E-01
 -.961875706E-01 -.108458955E+00 -.118873129E+00 -.127126525E+00 -.132957317E+00
 -.136121205E+00 -.136350954E+00 -.133351006E+00 -.126893563E+00 -.116747149E+00
 -.102688672E+00 -.845456698E-01 -.622152613E-01 -.356417880E-01 -.475576248E-02
  .306077705E-01  .707991964E-01  .116461838E+00  .168693270E+00  .229342056E+00
  .301651904E+00  .391404909E+00  .471188641E+00  .513721736E+00  .513261172E+00
  .465908031E+00  .423536958E+00 -.287758737E-02 -.118389590E-01 -.268971694E-01
 -.430453091E-01 -.590412406E-01 -.743827697E-01 -.886684185E-01 -.101544651E+00
 -.112689113E+00 -.121801306E+00 -.128588893E+00 -.132738539E+00 -.133870616E+00
 -.131467881E+00 -.125430827E+00 -.115589642E+00 -.101783602E+00 -.838719221E-01
 -.617398859E-01 -.352771068E-01 -.433064523E-02  .313645394E-01  .722802705E-01
  .119236304E+00  .173649101E+00  .238049608E+00  .317360171E+00  .422271456E+00
  .526832975E+00  .580129670E+00  .577578489E+00  .509568612E+00  .449702941E+00
  .753600155E-02 -.161128999E-02 -.184674052E-01 -.352406869E-01 -.519027099E-01
 -.679392772E-01 -.829583959E-01 -.966389356E-01 -.108688910E+00 -.118823315E+00
 -.126746008E+00 -.132121955E+00 -.134453510E+00 -.132681469E+00 -.127098412E+00
 -.117607170E+00 -.104076743E+00 -.863965317E-01 -.644583906E-01 -.381391156E-01
 -.726190281E-02  .284608391E-01  .695106297E-01  .116691114E+00  .171347145E+00
  .235771779E+00  .313962149E+00  .412808357E+00  .531528218E+00  .590679397E+00
  .589954813E+00  .528139225E+00  .459780615E+00  .141659134E-01  .589044284E-02
 -.104191197E-01 -.283438025E-01 -.460754033E-01 -.630723673E-01 -.790256444E-01
 -.936834085E-01 -.106802818E+00 -.118129599E+00 -.127386161E+00 -.134288052E+00
 -.137738970E+00 -.137104457E+00 -.132015800E+00 -.122868564E+00 -.109611763E+00
 -.921554555E-01 -.704186161E-01 -.442969775E-01 -.136379975E-01  .218006996E-01
  .624079191E-01  .108798097E+00  .161922220E+00  .223210332E+00  .294686844E+00
  .378904748E+00  .483736666E+00  .534102377E+00  .542621295E+00  .509495896E+00
  .448953311E+00  .270061885E-01  .179357994E-01 -.250396431E-02 -.225684129E-01
 -.417036691E-01 -.598417780E-01 -.768672944E-01 -.926331678E-01 -.106961592E+00
 -.119638682E+00 -.130398066E+00 -.138795585E+00 -.143607766E+00 -.144230960E+00
 -.140254508E+00 -.131462534E+00 -.118434270E+00 -.101174789E+00 -.796295862E-01
 -.537405955E-01 -.234128466E-01  .115041155E-01  .512417906E-01  .961337409E-01
  .146613326E+00  .203128203E+00  .265795126E+00  .333225336E+00  .397555316E+00
  .442702718E+00  .458864498E+00  .447474508E+00  .421757862E+00  .413799443E-01
  .297330385E-01  .355098289E-02 -.185286629E-01 -.390441584E-01 -.583436923E-01
 -.764899888E-01 -.934403090E-01 -.109085336E+00 -.123263034E+00 -.135789668E+00
 -.145611180E+00 -.151863659E+00 -.153878660E+00 -.151159844E+00 -.143422311E+00
 -.130598914E+00 -.113460233E+00 -.920634150E-01 -.663938930E-01 -.364363487E-01
 -.215247428E-02  .365130926E-01  .796106837E-01  .127113184E+00  .178730463E+00
  .233477174E+00  .288763110E+00  .339266187E+00  .376739436E+00  .396709608E+00
  .399736508E+00  .391255097E+00  .384155644E-01  .292309092E-01  .626454835E-02
 -.167489919E-01 -.383225023E-01 -.586519426E-01 -.778784286E-01 -.960329735E-01
 -.113061766E+00 -.128833472E+00 -.143035146E+00 -.154412132E+00 -.162187447E+00
 -.165693107E+00 -.164394697E+00 -.157911619E+00 -.146085794E+00 -.129014846E+00
 -.107659546E+00 -.821362705E-01 -.524956861E-01 -.188138674E-01  .188062341E-01
  .601874467E-01  .104986743E+00  .152517075E+00  .201441099E+00  .249355199E+00
  .292521238E+00  .326999430E+00  .349946630E+00  .361358063E+00  .363792913E+00
  .496928867E-01  .351387630E-01  .649485405E-02 -.173402568E-01 -.396184845E-01
 -.607631757E-01 -.809657387E-01 -.100300153E+00 -.118756953E+00 -.136288269E+00
 -.151978051E+00 -.164873838E+00 -.174182804E+00 -.179234013E+00 -.179467027E+00
 -.174443677E+00 -.163882607E+00 -.147755901E+00 -.126353519E+00 -.100821457E+00
 -.713563540E-01 -.381155884E-01 -.132817127E-02  .386764125E-01  .813857217E-01
  .125975763E+00  .171142420E+00  .214962389E+00  .254990569E+00  .288662097E+00
  .314286571E+00  .331486760E+00  .341163881E+00  .361596189E-01  .266129404E-01
  .338582601E-02 -.202957218E-01 -.428625315E-01 -.645717475E-01 -.856140891E-01
 -.106071840E+00 -.125944221E+00 -.145059069E+00 -.162227023E+00 -.176591451E+00
 -.187400272E+00 -.194001435E+00 -.195829808E+00 -.192406477E+00 -.183367848E+00
 -.168526084E+00 -.147999313E+00 -.122313838E+00 -.927900001E-01 -.597304230E-01
 -.234368625E-01  .156731773E-01  .570276946E-01  .998155726E-01  .142905128E+00
  .184814145E+00  .223802585E+00  .258183610E+00  .286636396E+00  .308516120E+00
  .323861159E+00  .423888973E-01  .262814649E-01 -.201214264E-02 -.253707412E-01
 -.478317597E-01 -.698644598E-01 -.916132679E-01 -.113139708E+00 -.134491414E+00
 -.154924683E+00 -.173426105E+00 -.189149963E+00 -.201377440E+00 -.209484920E+00
 -.212917454E+00 -.211177035E+00 -.203836113E+00 -.190590824E+00 -.171353272E+00
 -.146417898E+00 -.116606923E+00 -.833869432E-01 -.471784680E-01 -.843156412E-02
  .322943259E-01  .742745526E-01  .116582579E+00  .158093849E+00  .197554983E+00
  .233700889E+00  .265412625E+00  .291783597E+00  .312150979E+00  .190786417E-01
  .940153089E-02 -.104615407E-01 -.321508549E-01 -.541438057E-01 -.763287911E-01
 -.986822229E-01 -.121189625E+00 -.143851665E+00 -.165498013E+00 -.185191537E+00
 -.202139624E+00 -.215670734E+00 -.225200131E+00 -.230196133E+00 -.230158398E+00
 -.224619692E+00 -.213181146E+00 -.195595132E+00 -.171893918E+00 -.142591952E+00
 -.108879255E+00 -.723087337E-01 -.334045611E-01  .734378704E-02  .493328659E-01
  .918389154E-01  .134033959E+00  .175016787E+00  .213845445E+00  .249510493E+00
  .280842888E+00  .306443132E+00  .926477758E-02 -.127998741E-02 -.194033948E-01
 -.397481598E-01 -.612790340E-01 -.835928223E-01 -.106525695E+00 -.129988081E+00
 -.153770140E+00 -.176450711E+00 -.197168054E+00 -.215185080E+00 -.229881698E+00
 -.240718274E+00 -.247195718E+00 -.248825541E+00 -.245120113E+00 -.235613708E+00
 -.219924243E+00 -.197869610E+00 -.169635548E+00 -.136009427E+00 -.986283093E-01
 -.591170726E-01 -.178003911E-01  .248372968E-01  .682603253E-01  .111905636E+00
  .155195911E+00  .197512884E+00  .238061963E+00  .275516421E+00  .307553991E+00
  .140532594E-02 -.967057086E-02 -.275304737E-01 -.473696957E-01 -.687319456E-01
 -.912834162E-01 -.114848019E+00 -.139381564E+00 -.163960144E+00 -.187470062E+00
 -.209035966E+00 -.227960388E+00 -.243673439E+00 -.255683507E+00 -.263530310E+00
 -.266747772E+00 -.264844724E+00 -.257312067E+00 -.243667133E+00 -.223545772E+00
 -.196854447E+00 -.163972472E+00 -.125969019E+00 -.855105757E-01 -.431870490E-01
  .576031815E-03  .454058598E-01  .909886257E-01  .137082230E+00  .183500183E+00
  .229962019E+00  .275522488E+00  .316775437E+00 -.580764637E-02 -.172567149E-01
 -.348250053E-01 -.546435884E-01 -.761382640E-01 -.990720222E-01 -.123294764E+00
 -.148738453E+00 -.174062395E+00 -.198260256E+00 -.220519590E+00 -.240197600E+00
 -.256778191E+00 -.269819972E+00 -.278905343E+00 -.283598214E+00 -.283417013E+00
 -.277830389E+00 -.266284911E+00 -.248277329E+00 -.223484261E+00 -.191963720E+00
 -.154435579E+00 -.112630356E+00 -.688916060E-01 -.236644374E-01  .228502503E-01
  .705753295E-01  .119609784E+00  .170297927E+00  .223276442E+00  .279327163E+00
  .337098375E+00 -.100534217E-01 -.225945937E-01 -.412873300E-01 -.614273269E-01
 -.832776878E-01 -.106733540E+00 -.131684727E+00 -.157897553E+00 -.183836254E+00
 -.208587069E+00 -.231400354E+00 -.251691061E+00 -.268997902E+00 -.282930199E+00
 -.293114800E+00 -.299150379E+00 -.300574741E+00 -.296851149E+00 -.287381948E+00
 -.271561197E+00 -.248882007E+00 -.219114255E+00 -.182562870E+00 -.140402740E+00
 -.949133615E-01 -.480372369E-01  .241042508E-03  .500327303E-01  .101717243E+00
  .156120735E+00  .214840637E+00  .281053331E+00  .367447858E+00 -.164000158E-01
 -.289084890E-01 -.471486370E-01 -.676722373E-01 -.900138798E-01 -.114107558E+00
 -.139960659E+00 -.166681020E+00 -.193091381E+00 -.218271255E+00 -.241516111E+00
 -.262294732E+00 -.280198890E+00 -.294887385E+00 -.306031431E+00 -.313266868E+00
 -.316157462E+00 -.314173998E+00 -.306696095E+00 -.293047566E+00 -.272580538E+00
 -.244826823E+00 -.209730391E+00 -.167946737E+00 -.121149773E+00 -.726017623E-01
 -.226386501E-01  .289153680E-01  .825785549E-01  .139409597E+00  .201431457E+00
  .272464147E+00  .359418233E+00 -.182649850E-01 -.324004100E-01 -.522603489E-01
 -.733300852E-01 -.962405848E-01 -.120992409E+00 -.147612251E+00 -.174858961E+00
 -.201665492E+00 -.227179846E+00 -.250755201E+00 -.271915138E+00 -.290302724E+00
 -.305624016E+00 -.317593130E+00 -.325883534E+00 -.330088803E+00 -.329696397E+00
 -.324080107E+00 -.312520687E+00 -.294269343E+00 -.268673396E+00 -.235384195E+00
 -.194659436E+00 -.147746348E+00 -.973243266E-01 -.458161843E-01  .708027339E-02
  .618635959E-01  .119492188E+00  .181726685E+00  .251822116E+00  .333693322E+00
 -.244986127E-01 -.378520105E-01 -.567950089E-01 -.783757892E-01 -.101905434E+00
 -.127316448E+00 -.154622198E+00 -.182327573E+00 -.209457486E+00 -.235227701E+00
 -.259050466E+00 -.280502562E+00 -.299275384E+00 -.315119047E+00 -.327787990E+00
 -.336992223E+00 -.342356709E+00 -.343391464E+00 -.339476876E+00 -.329872488E+00
 -.313762898E+00 -.290360441E+00 -.259088024E+00 -.219860177E+00 -.173456303E+00
 -.121908026E+00 -.690864513E-01 -.152591612E-01  .398577969E-01  .968547320E-01
  .156690510E+00  .220820160E+00  .291440171E+00 -.249025100E-01 -.393579752E-01
 -.604017426E-01 -.827992886E-01 -.107004668E+00 -.133094096E+00 -.160956864E+00
 -.189030875E+00 -.216410156E+00 -.242368287E+00 -.266370241E+00 -.288041082E+00
 -.307116044E+00 -.323385186E+00 -.336639808E+00 -.346624178E+00 -.352994390E+00
 -.355286100E+00 -.352894652E+00 -.345074690E+00 -.330971792E+00 -.309705424E+00
 -.280528625E+00 -.243090425E+00 -.197812554E+00 -.146355224E+00 -.920944407E-01
 -.375842070E-01  .173618199E-01  .729129902E-01  .129142346E+00  .185480726E+00
  .238524980E+00 -.280738181E-01 -.425627560E-01 -.636588743E-01 -.866939469E-01
 -.111557870E+00 -.138416505E+00 -.166600407E+00 -.194934197E+00 -.222493011E+00
 -.248582053E+00 -.272708354E+00 -.294538597E+00 -.313846479E+00 -.330457294E+00
 -.344195133E+00 -.354835362E+00 -.362063504E+00 -.365441604E+00 -.364384735E+00
 -.358153730E+00 -.345875541E+00 -.326609817E+00 -.299487707E+00 -.263952350E+00
 -.220120726E+00 -.169247018E+00 -.114179304E+00 -.591589425E-01 -.456394972E-02
  .494103387E-01  .102306425E+00  .152931193E+00  .198720945E+00 -.297214319E-01
 -.447111163E-01 -.665320612E-01 -.900939930E-01 -.115496868E+00 -.142919909E+00
 -.171449055E+00 -.199998536E+00 -.227689702E+00 -.253866779E+00 -.278075201E+00
 -.300017913E+00 -.319501783E+00 -.336382449E+00 -.350512380E+00 -.361694259E+00
 -.369640243E+00 -.373937641E+00 -.374022993E+00 -.369169752E+00 -.358499958E+00
 -.341037516E+00 -.315828984E+00 -.282163567E+00 -.239918766E+00 -.190027454E+00
 -.134987527E+00 -.792363747E-01 -.248791735E-01  .278279799E-01  .782890631E-01
  .125380056E+00  .167312235E+00 -.315720185E-01 -.468660700E-01 -.690697072E-01
 -.930093684E-01 -.118823817E+00 -.146684105E+00 -.175495252E+00 -.204214249E+00
 -.231999910E+00 -.258232355E+00 -.282490865E+00 -.304509375E+00 -.324122688E+00
 -.341211832E+00 -.355653062E+00 -.367272187E+00 -.375804390E+00 -.380859657E+00
 -.381895285E+00 -.378199915E+00 -.368898606E+00 -.352995556E+00 -.329479864E+00
 -.297526976E+00 -.256826949E+00 -.208046558E+00 -.153370052E+00 -.969598250E-01
 -.426885732E-01  .918874887E-02  .581095653E-01  .103178412E+00  .143227033E+00
 -.338252567E-01 -.491745759E-01 -.712594606E-01 -.954281685E-01 -.121535717E+00
 -.149718885E+00 -.178743771E+00 -.207586101E+00 -.235433282E+00 -.261695191E+00
 -.285979256E+00 -.308044841E+00 -.327749382E+00 -.344994318E+00 -.359674992E+00
 -.371635874E+00 -.380630989E+00 -.386289343E+00 -.388086401E+00 -.385325532E+00
 -.377138116E+00 -.362518087E+00 -.340415525E+00 -.309922213E+00 -.270582734E+00
 -.222844447E+00 -.168599715E+00 -.111664039E+00 -.573338939E-01 -.587379230E-02
  .422165891E-01  .862358989E-01  .125364756E+00 -.342599174E-01 -.502052058E-01
 -.729948246E-01 -.973158657E-01 -.123621915E+00 -.152032017E+00 -.181203578E+00
 -.210124466E+00 -.238003229E+00 -.264272970E+00 -.288563148E+00 -.310652807E+00
 -.330416650E+00 -.347771522E+00 -.362627100E+00 -.374841885E+00 -.384184177E+00
 -.390297587E+00 -.392671836E+00 -.390622345E+00 -.383286711E+00 -.369653094E+00
 -.348644511E+00 -.319291796E+00 -.281030204E+00 -.234136476E+00 -.180264447E+00
 -.122922598E+00 -.683882397E-01 -.169879754E-01  .308101707E-01  .744259877E-01
  .113234503E+00 -.373213182E-01 -.527183095E-01 -.742750879E-01 -.986245076E-01
 -.125070088E+00 -.153627250E+00 -.182883790E+00 -.211840200E+00 -.239722177E+00
 -.265980343E+00 -.290260160E+00 -.312354550E+00 -.332150092E+00 -.349574018E+00
 -.364545551E+00 -.376932501E+00 -.386512648E+00 -.392939323E+00 -.395711736E+00
 -.394153245E+00 -.387405256E+00 -.374451299E+00 -.354194801E+00 -.325623471E+00
 -.288096655E+00 -.241776204E+00 -.188163116E+00 -.130569349E+00 -.756106939E-01
 -.239423053E-01  .239920463E-01  .676733859E-01  .106547626E+00 -.343926004E-01
 -.509649599E-01 -.746544739E-01 -.993237513E-01 -.125885356E+00 -.154514494E+00
 -.183794051E+00 -.212741977E+00 -.240598260E+00 -.266825659E+00 -.291079641E+00
 -.313161161E+00 -.332963246E+00 -.350418481E+00 -.365450833E+00 -.377932656E+00
 -.387646311E+00 -.394249745E+00 -.397246450E+00 -.395962826E+00 -.389540422E+00
 -.376957284E+00 -.357101858E+00 -.328932702E+00 -.291762370E+00 -.245692341E+00
 -.192181135E+00 -.134645268E+00 -.788542056E-01 -.266134108E-01  .218291225E-01
  .659788692E-01  .105246242E+00 -.367457715E-01 -.523348337E-01 -.748120344E-01
 -.995201209E-01 -.126101860E+00 -.154710226E+00 -.183943103E+00 -.212834034E+00
 -.240632856E+00 -.266808555E+00 -.291020371E+00 -.313071336E+00 -.332855440E+00
 -.350305553E+00 -.365345579E+00 -.377847652E+00 -.387593816E+00 -.394241509E+00
 -.397293233E+00 -.396073385E+00 -.389719639E+00 -.377203063E+00 -.357400448E+00
 -.329252377E+00 -.292046114E+00 -.245851366E+00 -.192091509E+00 -.134143244E+00
 -.778764039E-01 -.249369738E-01  .243628585E-01  .694165836E-01  .109452265E+00
 -.351093495E-01 -.511805583E-01 -.745854263E-01 -.992762818E-01 -.125754672E+00
 -.154229708E+00 -.183335194E+00 -.212113826E+00 -.239818710E+00 -.265918287E+00
 -.290068999E+00 -.312069862E+00 -.331810274E+00 -.349218300E+00 -.364212968E+00
 -.376661463E+00 -.386340706E+00 -.392902663E+00 -.395843845E+00 -.394482006E+00
 -.387947515E+00 -.375203752E+00 -.355120162E+00 -.326631670E+00 -.289023109E+00
 -.242363698E+00 -.188060519E+00 -.129367209E+00 -.728687540E-01 -.190481611E-01
  .315577912E-01  .781186496E-01  .119491357E+00 -.362620304E-01 -.517367084E-01
 -.742078426E-01 -.986350145E-01 -.124863118E+00 -.153078446E+00 -.181966242E+00
 -.210570155E+00 -.238138826E+00 -.264132886E+00 -.288199247E+00 -.310126776E+00
 -.329794715E+00 -.347121222E+00 -.362015651E+00 -.374335577E+00 -.383848144E+00
 -.390195220E+00 -.392862901E+00 -.391158591E+00 -.384203380E+00 -.370954396E+00
 -.350281181E+00 -.321130087E+00 -.282815274E+00 -.235460729E+00 -.180563742E+00
 -.121540127E+00 -.644042317E-01 -.932076427E-02  .432360055E-01  .922449144E-01
  .135973815E+00 -.355863771E-01 -.510744052E-01 -.735538074E-01 -.975948700E-01
 -.123424746E+00 -.151248258E+00 -.179822207E+00 -.208182806E+00 -.235566579E+00
 -.261419333E+00 -.285371982E+00 -.307197285E+00 -.326758860E+00 -.343959889E+00
 -.358695281E+00 -.370808427E+00 -.380052289E+00 -.386054478E+00 -.388287106E+00
 -.386044951E+00 -.378440067E+00 -.364428051E+00 -.342890514E+00 -.312807976E+00
 -.273561204E+00 -.225383734E+00 -.169933221E+00 -.110837466E+00 -.530253967E-01
  .363965220E-02  .589395194E-01  .111872259E+00  .159812803E+00 -.358462115E-01
 -.509762374E-01 -.727034218E-01 -.961288667E-01 -.121415843E+00 -.148718554E+00
 -.176880876E+00 -.204924454E+00 -.232067464E+00 -.257735015E+00 -.281536340E+00
 -.303222598E+00 -.322636525E+00 -.339661343E+00 -.354172801E+00 -.365995654E+00
 -.374864571E+00 -.380389368E+00 -.382025729E+00 -.379055396E+00 -.370584551E+00
 -.355576264E+00 -.332941959E+00 -.301725750E+00 -.261417514E+00 -.212413013E+00
 -.156584403E+00 -.978069178E-01 -.395076047E-01  .188262021E-01  .775752575E-01
  .136548322E+00  .193019092E+00 -.368435642E-01 -.513161522E-01 -.714782158E-01
 -.941530066E-01 -.118797888E+00 -.145462945E+00 -.173117352E+00 -.200765153E+00
 -.227602718E+00 -.253030628E+00 -.276632077E+00 -.298131852E+00 -.317346883E+00
 -.334135573E+00 -.348349860E+00 -.359791566E+00 -.368173328E+00 -.373084393E+00
 -.373962947E+00 -.370079555E+00 -.360541240E+00 -.344332730E+00 -.320420042E+00
 -.287948688E+00 -.246567292E+00 -.196884160E+00 -.141008272E+00 -.831328931E-01
 -.248462591E-01  .347506064E-01  .969053576E-01  .163486440E+00  .237363526E+00
 -.324907683E-01 -.481628262E-01 -.694374878E-01 -.915888698E-01 -.115545059E+00
 -.141462578E+00 -.168512933E+00 -.195679313E+00 -.222134823E+00 -.247254625E+00
 -.270593309E+00 -.291845409E+00 -.310797498E+00 -.327278434E+00 -.341111789E+00
 -.352072351E+00 -.359847448E+00 -.364003906E+00 -.363962955E+00 -.358988478E+00
 -.348199043E+00 -.330621015E+00 -.305307690E+00 -.271554041E+00 -.229229453E+00
 -.179214472E+00 -.123829133E+00 -.675905651E-01 -.101060843E-01  .496856801E-01
  .113706307E+00  .185399989E+00  .268784223E+00 -.342278134E-01 -.477909540E-01
 -.670471062E-01 -.884891799E-01 -.111672016E+00 -.136704621E+00 -.163065162E+00
 -.189654861E+00 -.215634658E+00 -.240359114E+00 -.263353766E+00 -.284279792E+00
 -.302889152E+00 -.318976564E+00 -.332332800E+00 -.342701794E+00 -.349742891E+00
 -.352999754E+00 -.351879066E+00 -.345645410E+00 -.333443800E+00 -.314367898E+00
 -.287598259E+00 -.252636789E+00 -.209652655E+00 -.159921138E+00 -.106275834E+00
 -.519227064E-01  .386995989E-02  .622790802E-01  .125377303E+00  .196973411E+00
  .284983732E+00 -.300737231E-01 -.441266283E-01 -.641330316E-01 -.849186630E-01
 -.107240339E+00 -.131200791E+00 -.156810773E+00 -.182705524E+00 -.208089619E+00
 -.232306876E+00 -.254853618E+00 -.275354592E+00 -.293522986E+00 -.309114910E+00
 -.321884140E+00 -.331540376E+00 -.337713108E+00 -.339923467E+00 -.337568146E+00
 -.329922896E+00 -.316178136E+00 -.295525189E+00 -.267316113E+00 -.231317359E+00
 -.188058464E+00 -.139238940E+00 -.881450654E-01 -.363328772E-01  .167889755E-01
  .721277787E-01  .131229367E+00  .196980808E+00  .280842026E+00 -.304226395E-01
 -.429684280E-01 -.610305542E-01 -.809810193E-01 -.102391384E+00 -.125319918E+00
 -.149872746E+00 -.174879579E+00 -.199509795E+00 -.223078770E+00 -.245047954E+00
 -.265001749E+00 -.282610504E+00 -.297587584E+00 -.309646048E+00 -.318458699E+00
 -.323624433E+00 -.324644199E+00 -.320911744E+00 -.311727718E+00 -.296350620E+00
 -.274103180E+00 -.244554853E+00 -.207792441E+00 -.164761018E+00 -.117569816E+00
 -.695421593E-01 -.207729217E-01  .289167774E-01  .799191084E-01  .132794043E+00
  .187956898E+00  .242354102E+00 -.267611722E-01 -.392512842E-01 -.575724571E-01
 -.767412835E-01 -.971910286E-01 -.119003149E+00 -.142305222E+00 -.166232070E+00
 -.189928424E+00 -.212681572E+00 -.233917335E+00 -.253177652E+00 -.270086989E+00
 -.284312674E+00 -.295524245E+00 -.303356101E+00 -.307377363E+00 -.307073320E+00
 -.301844699E+00 -.291034243E+00 -.273994392E+00 -.250214155E+00 -.219523430E+00
 -.182382447E+00 -.140220390E+00 -.956665724E-01 -.505522061E-01 -.498872754E-02
  .409211771E-01  .870762934E-01  .133203503E+00  .178287117E+00  .219388177E+00
 -.260625141E-01 -.373730103E-01 -.540015010E-01 -.722866761E-01 -.917319054E-01
 -.112331951E+00 -.134192760E+00 -.156850978E+00 -.179415455E+00 -.201160320E+00
 -.221481355E+00 -.239878434E+00 -.255928635E+00 -.269251378E+00 -.279471382E+00
 -.286184865E+00 -.288934078E+00 -.287195803E+00 -.280390979E+00 -.267925292E+00
 -.249273679E+00 -.224124094E+00 -.192595615E+00 -.155526279E+00 -.114936855E+00
 -.732611855E-01 -.309962386E-01  .114353766E-01  .536202514E-01  .950875112E-01
  .135151529E+00  .172597734E+00  .205292519E+00 -.230490673E-01 -.337598992E-01
 -.501309942E-01 -.677249346E-01 -.861531667E-01 -.105449082E+00 -.125681491E+00
 -.146882707E+00 -.168092180E+00 -.188612020E+00 -.207814185E+00 -.225157976E+00
 -.240173071E+00 -.252431146E+00 -.261513107E+00 -.266979622E+00 -.268351574E+00
 -.265107288E+00 -.256704596E+00 -.242637033E+00 -.222533313E+00 -.196311318E+00
 -.164395496E+00 -.127930697E+00 -.897711942E-01 -.504777760E-01 -.106941608E-01
  .289447517E-01  .677742729E-01  .105079572E+00  .140040867E+00  .171633539E+00
  .198608969E+00 -.176441766E-01 -.285495010E-01 -.463211759E-01 -.632927178E-01
 -.806522204E-01 -.985782938E-01 -.117176183E+00 -.136549451E+00 -.156140255E+00
 -.175196679E+00 -.193060338E+00 -.209147359E+00 -.222942025E+00 -.233971491E+00
 -.241777196E+00 -.245890097E+00 -.245818094E+00 -.241053707E+00 -.231110917E+00
 -.215598966E+00 -.194337823E+00 -.167501943E+00 -.135880269E+00 -.101109930E+00
 -.647371236E-01 -.272779988E-01  .105693137E-01  .479756583E-01  .840351056E-01
  .117835078E+00  .148520935E+00  .175327084E+00  .197590074E+00 -.188039052E-01
 -.281721565E-01 -.433253715E-01 -.592808616E-01 -.754311569E-01 -.918859696E-01
 -.108744447E+00 -.126051242E+00 -.143775682E+00 -.161144608E+00 -.177448775E+00
 -.192073922E+00 -.204463864E+00 -.214109711E+00 -.220522552E+00 -.223213444E+00
 -.221688508E+00 -.215468278E+00 -.204141653E+00 -.187464967E+00 -.165486305E+00
 -.138625143E+00 -.107985454E+00 -.748743385E-01 -.398691051E-01 -.362328849E-02
  .330090134E-01  .689593177E-01  .103015868E+00  .134001691E+00  .161008469E+00
  .183529364E+00  .201446873E+00 -.141957548E-01 -.244511215E-01 -.409609506E-01
 -.558764986E-01 -.706626489E-01 -.855387630E-01 -.100607184E+00 -.115888420E+00
 -.131311154E+00 -.146761545E+00 -.161307754E+00 -.174277421E+00 -.185091558E+00
 -.193220831E+00 -.198161398E+00 -.199418816E+00 -.196511048E+00 -.188998825E+00
 -.176556230E+00 -.159093116E+00 -.137030638E+00 -.110867084E+00 -.815906387E-01
 -.495730212E-01 -.153336001E-01  .204493187E-01  .568011111E-01  .923531845E-01
  .125406488E+00  .154322119E+00  .178001339E+00  .196227670E+00  .209545245E+00
 -.185718894E-01 -.266597180E-01 -.398087580E-01 -.532436925E-01 -.664646840E-01
 -.796495062E-01 -.928907408E-01 -.106182814E+00 -.119436669E+00 -.132471185E+00
 -.145065651E+00 -.156219541E+00 -.165313673E+00 -.171829906E+00 -.175272356E+00
 -.175160033E+00 -.171038425E+00 -.162516979E+00 -.149345170E+00 -.131568841E+00
 -.110248577E+00 -.852589723E-01 -.569084728E-01 -.255072975E-01  .857040946E-02
  .447452625E-01  .820158757E-01  .118671966E+00  .152229597E+00  .179961018E+00
  .200351714E+00  .213614092E+00  .221405734E+00 -.171449329E-01 -.258128003E-01
 -.396682822E-01 -.514371288E-01 -.628724043E-01 -.742617466E-01 -.856616975E-01
 -.970253323E-01 -.108228440E+00 -.119076373E+00 -.129276509E+00 -.138479493E+00
 -.145734266E+00 -.150584815E+00 -.152568912E+00 -.151241408E+00 -.146194892E+00
 -.137099098E+00 -.123773250E+00 -.106794773E+00 -.861903126E-01 -.619767575E-01
 -.342480319E-01 -.309637666E-02  .313418710E-01  .687710556E-01  .108436386E+00
  .148463499E+00  .184768916E+00  .212713409E+00  .229498786E+00  .236040127E+00
  .236350209E+00 -.250522500E-01 -.319134966E-01 -.410461654E-01 -.503823375E-01
 -.598067353E-01 -.693395326E-01 -.789217413E-01 -.884439171E-01 -.977471540E-01
 -.106612339E+00 -.114750778E+00 -.121757524E+00 -.127093797E+00 -.130297035E+00
 -.130943348E+00 -.128642737E+00 -.123054701E+00 -.113920139E+00 -.101115312E+00
 -.847183854E-01 -.647599827E-01 -.411900595E-01 -.139356529E-01  .171303130E-01
  .522060302E-01  .915143981E-01  .135082434E+00  .181934462E+00  .227108771E+00
  .256927413E+00  .268705442E+00  .264104959E+00  .252796112E+00 -.314820719E-01
 -.375409346E-01 -.429426910E-01 -.496706459E-01 -.570615049E-01 -.647776485E-01
 -.726212575E-01 -.804207314E-01 -.879887906E-01 -.950995995E-01 -.101470069E+00
 -.106754146E+00 -.110531515E+00 -.112399186E+00 -.111976612E+00 -.108915237E+00
 -.102913053E+00 -.937342297E-01 -.812291323E-01 -.653416225E-01 -.459894886E-01
 -.230468182E-01  .369048581E-02  .345619813E-01  .701266324E-01  .111279232E+00
  .159366343E+00  .216275801E+00  .287071124E+00  .316670600E+00  .318874510E+00
  .294299391E+00  .266629689E+00 -.356597951E-01 -.408964559E-01 -.439968383E-01
 -.487694782E-01 -.543855294E-01 -.604410710E-01 -.666800293E-01 -.729011341E-01
 -.789081886E-01 -.844803295E-01 -.893554792E-01 -.932221031E-01 -.957323174E-01
 -.965299400E-01 -.952710606E-01 -.916378974E-01 -.853521352E-01 -.761868393E-01
 -.639714079E-01 -.485753590E-01 -.298646259E-01 -.765135374E-02  .183552383E-01
  .486343471E-01  .840065910E-01  .125926523E+00  .177048556E+00  .242215181E+00
  .307914169E+00  .342317166E+00  .342666226E+00  .303235481E+00  .271773814E+00
 -.360473655E-01 -.412298120E-01 -.439579267E-01 -.474184931E-01 -.516054664E-01
 -.562152251E-01 -.610125348E-01 -.658098618E-01 -.704274203E-01 -.746640497E-01
 -.782810725E-01 -.809995498E-01 -.825077401E-01 -.824819134E-01 -.806036109E-01
 -.765751339E-01 -.701325950E-01 -.610546474E-01 -.491623118E-01 -.343045879E-01
 -.163231915E-01  .498714213E-02  .299346302E-01  .590183060E-01  .930896315E-01
  .133698981E+00  .183991803E+00  .250607483E+00  .306200162E+00  .333417102E+00
  .329510902E+00  .293695530E+00  .266582996E+00 -.379131380E-01 -.420567484E-01
 -.431384006E-01 -.456103407E-01 -.486650748E-01 -.520342884E-01 -.555444822E-01
 -.590612415E-01 -.624473741E-01 -.655345147E-01 -.681098980E-01 -.699162845E-01
 -.706631323E-01 -.700433050E-01 -.677510421E-01 -.634983357E-01 -.570292660E-01
 -.481295086E-01 -.366263189E-01 -.223746610E-01 -.523078631E-02  .149835928E-01
  .385244115E-01  .657846536E-01  .973871549E-01  .134345807E+00  .178373150E+00
  .231721528E+00  .273533806E+00  .295306759E+00  .293924092E+00  .272088777E+00
  .253612524E+00 -.352384207E-01 -.397951773E-01 -.415577244E-01 -.434484237E-01
 -.456058468E-01 -.478832139E-01 -.502153390E-01 -.525605144E-01 -.548490326E-01
 -.569557828E-01 -.586920986E-01 -.598125282E-01 -.600313070E-01 -.590427685E-01
 -.565402084E-01 -.522335835E-01 -.458674293E-01 -.372355403E-01 -.261845363E-01
 -.126009939E-01  .361465739E-02  .225772775E-01  .444422619E-01  .694224898E-01
  .977846172E-01  .129765788E+00  .165137425E+00  .201315560E+00  .231411814E+00
  .249201340E+00  .253006479E+00  .246536761E+00  .236640406E+00 -.360772830E-01
 -.391376423E-01 -.396306125E-01 -.411588191E-01 -.425550046E-01 -.437856624E-01
 -.449664516E-01 -.461935229E-01 -.474863327E-01 -.487677518E-01 -.498650499E-01
 -.505277101E-01 -.504563722E-01 -.493307421E-01 -.468288888E-01 -.426439152E-01
 -.365081043E-01 -.282212409E-01 -.176626575E-01 -.477544892E-02  .104687499E-01
  .280995969E-01  .481571055E-01  .706728904E-01  .956063895E-01  .122679035E+00
  .150984102E+00  .178360201E+00  .201195443E+00  .216446632E+00  .223147281E+00
  .222899494E+00  .218884748E+00 -.298087887E-01 -.346180153E-01 -.375255427E-01
 -.391368714E-01 -.397225677E-01 -.397779435E-01 -.397140463E-01 -.398041204E-01
 -.401697277E-01 -.407764936E-01 -.414483977E-01 -.419016407E-01 -.417968544E-01
 -.407837833E-01 -.385137300E-01 -.346416695E-01 -.288623724E-01 -.209708145E-01
 -.108974565E-01  .132322885E-02  .156189960E-01  .319265751E-01  .501857942E-01
  .702960969E-01  .920364952E-01  .114928587E+00  .138031491E+00  .159766808E+00
  .178177841E+00  .191588219E+00  .199426279E+00  .202421677E+00  .202052972E+00
 -.266499757E-01 -.318796338E-01 -.366138516E-01 -.380906412E-01 -.373464034E-01
 -.358525168E-01 -.343003932E-01 -.331563978E-01 -.326370399E-01 -.327351086E-01
 -.332393626E-01 -.337771743E-01 -.339259003E-01 -.333000788E-01 -.315303146E-01
 -.282061584E-01 -.229179025E-01 -.154258779E-01 -.574266165E-02  .592648045E-02
  .193690723E-01  .344376018E-01  .510106454E-01  .689217384E-01  .878837906E-01
  .107402644E+00  .126695044E+00  .144684649E+00  .160160209E+00  .172162804E+00
  .180312108E+00  .184911383E+00  .186755091E+00 -.238322863E-01 -.295759851E-01
 -.366021436E-01 -.383016577E-01 -.355664256E-01 -.318734409E-01 -.284383572E-01
 -.258948372E-01 -.245300409E-01 -.243316123E-01 -.250172602E-01 -.260197685E-01
 -.267386454E-01 -.267853788E-01 -.258491151E-01 -.234036095E-01 -.187741857E-01
 -.116037284E-01 -.206423332E-02  .929415846E-02  .220377746E-01  .359925356E-01
  .510401000E-01  .670117106E-01  .836288478E-01  .100459249E+00  .116895229E+00
  .132186095E+00  .145563950E+00  .156423530E+00  .164498631E+00  .169913923E+00
  .173088291E+00 -.210180143E-01 -.265556118E-01 -.339105930E-01 -.376219285E-01
 -.341683790E-01 -.274441509E-01 -.215689345E-01 -.174609260E-01 -.152882356E-01
 -.150631375E-01 -.165420894E-01 -.185878545E-01 -.201731895E-01 -.210989788E-01
 -.213878531E-01 -.205647029E-01 -.168444919E-01 -.980735862E-02  .354258685E-03
  .117803739E-01  .239712711E-01  .369227390E-01  .506013503E-01  .648830628E-01
  .795354198E-01  .942090409E-01  .108445311E+00  .121716387E+00  .133503478E+00
  .143405034E+00  .151223246E+00  .156994791E+00  .160951733E+00 -.179040657E-01
 -.224956419E-01 -.275193441E-01 -.329554278E-01 -.310680135E-01 -.218537348E-01
 -.128707288E-01 -.755233334E-02 -.430103323E-02 -.420447215E-02 -.785442204E-02
 -.117354114E-01 -.142547676E-01 -.159728474E-01 -.175328428E-01 -.198035542E-01
 -.172297686E-01 -.102334946E-01  .229998453E-02  .139117296E-01  .255343075E-01
  .375171983E-01  .499423368E-01  .627419633E-01  .757363733E-01  .886527458E-01
  .101146437E+00  .112836718E+00  .123361809E+00  .132438858E+00  .139915560E+00
  .145788396E+00  .150182294E+00 -.146693621E-01 -.181455648E-01 -.215346882E-01
 -.235002332E-01 -.254973906E-01 -.155969517E-01 -.446644169E-02  .394128068E-03
  .519366790E-02  .544182084E-02 -.104784388E-02 -.619528619E-02 -.910899899E-02
 -.110904559E-01 -.129803220E-01 -.149861489E-01 -.126449138E-01 -.603950103E-02
  .524435162E-02  .162561973E-01  .270421151E-01  .379974673E-01  .492353930E-01
  .607133632E-01  .722880409E-01  .837443236E-01  .948194759E-01  .105233069E+00
  .114720339E+00  .123075059E+00  .130175699E+00  .135997846E+00  .140608614E+00
  .196599600E+01  .200539972E+01  .202255568E+01  .204090306E+01  .206567504E+01
  .207992534E+01  .209489848E+01  .211039616E+01  .212520927E+01  .214008825E+01
  .215604146E+01  .217347100E+01  .219144864E+01  .221078768E+01  .223268814E+01
  .225605118E+01  .228252803E+01  .231173726E+01  .234415601E+01  .238060244E+01
  .242100999E+01  .246656206E+01  .251782694E+01  .257600178E+01  .264207153E+01
  .271792162E+01  .280656758E+01  .291006444E+01  .303450494E+01  .318883522E+01
  .338916471E+01  .369674098E+01  .516115270E+01
   67   89
  .106731804E+01  .500000000E-01  .106764204E+01  .150000000E+00  .107244527E+01
  .250000000E+00  .108252991E+01  .350000000E+00  .109961101E+01  .450000000E+00
  .111116367E+01  .500000000E+00  .113952091E+01  .600000000E+00  .115875000E+01
  .651891272E+00  .120452970E+01  .750000000E+00  .123531241E+01  .800000000E+00
  .127380121E+01  .850000000E+00  .132402882E+01  .900000000E+00  .139777103E+01
  .950000000E+00  .147750000E+01  .981821754E+00  .158375000E+01  .993231460E+00
  .169000000E+01  .976629155E+00  .175599491E+01  .950000000E+00  .184249549E+01
  .900000000E+00  .190250000E+01  .855899135E+00  .195562500E+01  .808563865E+00
  .200875000E+01  .753601836E+00  .205322093E+01  .700000000E+00  .209021850E+01
  .650000000E+00  .212257109E+01  .600000000E+00  .216812500E+01  .512386569E+00
  .219392266E+01  .450000000E+00  .222125000E+01  .370773610E+00  .224177928E+01
  .300000000E+00  .226327660E+01  .200000000E+00  .227437500E+01  .102852019E+00
  .227511244E+01  .500000000E-01  .227132970E+01  .000000000E+00  .225365451E+01
 -.100000000E+00  .222231411E+01 -.200000000E+00  .220225318E+01 -.250000000E+00
  .216812500E+01 -.325533410E+00  .212961936E+01 -.400000000E+00  .210055877E+01
 -.450000000E+00  .206187500E+01 -.511759743E+00  .200875000E+01 -.586120910E+00
  .195866433E+01 -.650000000E+00  .191624290E+01 -.700000000E+00  .187173467E+01
 -.750000000E+00  .182547182E+01 -.800000000E+00  .177759056E+01 -.850000000E+00
  .172801316E+01 -.900000000E+00  .167644510E+01 -.950000000E+00  .162232308E+01
 -.100000000E+01  .156438382E+01 -.105000000E+01  .150199495E+01 -.111029375E+01
  .147336491E+01 -.113403259E+01  .142437500E+01 -.105963102E+01  .139321958E+01
 -.100000000E+01  .136311223E+01 -.950000000E+00  .131812500E+01 -.866214066E+00
  .128703002E+01 -.800000000E+00  .126345590E+01 -.750000000E+00  .122054836E+01
 -.650000000E+00  .119994202E+01 -.600000000E+00  .116318050E+01 -.500000000E+00
  .114623611E+01 -.450000000E+00  .111837692E+01 -.350000000E+00  .110562500E+01
 -.292703287E+00  .108809474E+01 -.200000000E+00  .107575155E+01 -.100000000E+00
  .106887203E+01  .000000000E+00  .106731804E+01  .500000000E-01
  .101600000E+01  .000000000E+00  .101600000E+01  .964000000E+00  .101800000E+01
  .968000000E+00  .101800000E+01  .100100000E+01  .101800000E+01  .101900000E+01
  .101800000E+01  .107700000E+01  .101800000E+01  .107000000E+01  .101800000E+01
  .109600000E+01  .101800000E+01  .111300000E+01  .101800000E+01  .113800000E+01
  .101600000E+01  .114700000E+01  .101200000E+01  .116500000E+01  .100100000E+01
  .121700000E+01  .102900000E+01  .121700000E+01  .104200000E+01  .116240000E+01
  .104600000E+01  .116238000E+01  .105600000E+01  .116260000E+01  .109700000E+01
  .116450000E+01  .110800000E+01  .116594000E+01  .111600000E+01  .116591000E+01
  .113400000E+01  .116896000E+01  .114800000E+01  .117175000E+01  .116200000E+01
  .117556000E+01  .118100000E+01  .118300000E+01  .118200000E+01  .118350000E+01
  .118500000E+01  .118500000E+01  .119000000E+01  .118800000E+01  .119500000E+01
  .119100000E+01  .120100000E+01  .119600000E+01  .120900000E+01  .120200000E+01
  .121500000E+01  .120800000E+01  .122200000E+01  .121400000E+01  .122800000E+01
  .122100000E+01  .123400000E+01  .123100000E+01  .123900000E+01  .123800000E+01
  .124200000E+01  .124400000E+01  .124800000E+01  .125400000E+01  .125800000E+01
  .127800000E+01  .126300000E+01  .129000000E+01  .128000000E+01  .133100000E+01
  .128000000E+01  .134700000E+01  .128000000E+01  .134800000E+01  .131000000E+01
  .134800000E+01  .132800000E+01  .134800000E+01  .136100000E+01  .134800000E+01
  .138000000E+01  .134800000E+01  .141900000E+01  .134800000E+01  .141900000E+01
  .131000000E+01  .137200000E+01  .131000000E+01  .137200000E+01  .129200000E+01
  .160800000E+01  .109500000E+01  .164700000E+01  .107700000E+01  .178500000E+01
  .107700000E+01  .207000000E+01  .104000000E+01  .212800000E+01  .993000000E+00
  .224500000E+01  .709000000E+00  .232300000E+01  .519000000E+00  .237700000E+01
  .389000000E+00  .235200000E+01  .400000000E+00  .235100000E+01  .337000000E+00
  .235100000E+01  .205000000E+00  .235400000E+01  .680000000E-01  .235400000E+01
  .000000000E+00  .235400000E+01 -.680000000E-01  .235300000E+01 -.205000000E+00
  .235100000E+01 -.337000000E+00  .235300000E+01 -.400000000E+00  .237700000E+01
 -.389000000E+00  .213400000E+01 -.973000000E+00  .178600000E+01 -.117400000E+01
  .176800000E+01 -.121100000E+01  .176800000E+01 -.125400000E+01  .168200000E+01
 -.125400000E+01  .167400000E+01 -.126200000E+01  .167400000E+01 -.132900000E+01
  .168100000E+01 -.133900000E+01  .175400000E+01 -.133900000E+01  .175400000E+01
 -.136800000E+01  .168900000E+01 -.136800000E+01  .168900000E+01 -.136600000E+01
  .155500000E+01 -.136600000E+01  .141200000E+01 -.136600000E+01  .127300000E+01
 -.136600000E+01  .115300000E+01 -.136600000E+01  .101600000E+01 -.122900000E+01
  .101600000E+01 -.800000000E+00  .101600000E+01 -.415000000E+00  .101600000E+01
 -.400000000E+00  .101600000E+01  .000000000E+00
    0  .170000000E+01    0
  .000000000E+00  .158074847E+00  .224769361E+00  .276247085E+00  .317849960E+00
  .356753193E+00  .392114769E+00  .424612173E+00  .455295336E+00  .484062913E+00
  .511450165E+00  .537619273E+00  .562780208E+00  .587255005E+00  .610739364E+00
  .633654402E+00  .656087871E+00  .677918644E+00  .699473519E+00  .720668472E+00
  .741544998E+00  .762228806E+00  .782771540E+00  .803206312E+00  .823662887E+00
  .844158327E+00  .864778491E+00  .885554378E+00  .906741623E+00  .928353191E+00
  .950657119E+00  .974096422E+00  .100000000E+01
    0
   33   65106535 2110
  .840000000E+00  .254000000E+01 -.160000000E+01  .160000000E+01
 -.798572781E+05 -.614108174E+05 -.845452722E+05  .562429711E+05  .569440470E+05
 -.246528178E+06 -.260093915E+06 -.597446365E+05  .288685996E+05 -.739915046E+05
 -.585094291E+05 -.236369824E+06 -.751210368E+05  .695210778E+05 -.254250260E+06
 -.449765232E+06  .322293604E+06  .184347949E+06
 -.228711401E+04 -.138376343E+04 -.260471313E+04 -.157699280E+04 -.241632251E+04
 -.144516284E+04
  .000000000E+00  .000000000E+00  .000000000E+00  .000000000E+00  .000000000E+00
  .000000000E+00  .000000000E+00  .000000000E+00  .000000000E+00  .000000000E+00
  .000000000E+00  .000000000E+00  .000000000E+00  .000000000E+00  .000000000E+00
  .000000000E+00  .000000000E+00  .000000000E+00  .000000000E+00  .000000000E+00
  .000000000E+00  .000000000E+00  .000000000E+00  .000000000E+00  .000000000E+00
  .000000000E+00  .000000000E+00  .000000000E+00  .000000000E+00  .000000000E+00
  .000000000E+00  .000000000E+00  .000000000E+00  .000000000E+00  .000000000E+00
  .000000000E+00  .000000000E+00  .000000000E+00  .000000000E+00  .000000000E+00
  .000000000E+00  .000000000E+00  .000000000E+00  .000000000E+00  .000000000E+00
  .000000000E+00  .000000000E+00  .000000000E+00  .000000000E+00  .000000000E+00
  .000000000E+00  .000000000E+00  .000000000E+00  .000000000E+00  .000000000E+00
  .000000000E+00  .000000000E+00  .000000000E+00  .000000000E+00  .000000000E+00
  .000000000E+00  .000000000E+00  .000000000E+00  .000000000E+00  .000000000E+00
  .000000000E+00  .000000000E+00  .000000000E+00  .000000000E+00  .000000000E+00
  .000000000E+00  .000000000E+00  .000000000E+00  .000000000E+00  .000000000E+00
  .000000000E+00  .000000000E+00  .000000000E+00  .000000000E+00  .000000000E+00
  .000000000E+00  .000000000E+00  .000000000E+00  .000000000E+00  .000000000E+00
  .000000000E+00  .000000000E+00  .000000000E+00  .000000000E+00  .000000000E+00
  .000000000E+00  .000000000E+00  .000000000E+00  .000000000E+00  .000000000E+00
  .000000000E+00  .000000000E+00  .000000000E+00  .000000000E+00  .000000000E+00
  .000000000E+00  .000000000E+00  .000000000E+00  .000000000E+00  .000000000E+00
  .000000000E+00  .000000000E+00  .000000000E+00  .000000000E+00  .000000000E+00
  .000000000E+00  .000000000E+00  .000000000E+00  .000000000E+00  .000000000E+00
  .000000000E+00  .000000000E+00  .000000000E+00  .000000000E+00  .000000000E+00
  .000000000E+00  .000000000E+00  .000000000E+00  .000000000E+00  .000000000E+00
  .000000000E+00  .000000000E+00  .000000000E+00  .000000000E+00  .000000000E+00
  .000000000E+00  .000000000E+00  .000000000E+00  .000000000E+00  .000000000E+00
  .000000000E+00  .000000000E+00  .000000000E+00  .000000000E+00  .000000000E+00
  .000000000E+00  .000000000E+00  .000000000E+00  .000000000E+00  .000000000E+00
  .000000000E+00  .000000000E+00  .000000000E+00  .000000000E+00  .000000000E+00
  .000000000E+00  .000000000E+00  .000000000E+00  .000000000E+00  .000000000E+00
  .000000000E+00  .000000000E+00  .000000000E+00  .000000000E+00  .000000000E+00
  .000000000E+00  .000000000E+00  .000000000E+00  .000000000E+00  .000000000E+00
  .000000000E+00  .000000000E+00  .000000000E+00  .000000000E+00  .000000000E+00
  .000000000E+00  .000000000E+00  .000000000E+00  .000000000E+00  .000000000E+00
  .000000000E+00  .000000000E+00  .000000000E+00  .000000000E+00  .000000000E+00
  .000000000E+00  .000000000E+00  .000000000E+00  .000000000E+00  .000000000E+00
  .000000000E+00  .000000000E+00  .000000000E+00  .000000000E+00  .000000000E+00
  .000000000E+00  .000000000E+00  .000000000E+00  .000000000E+00  .000000000E+00
  .000000000E+00  .000000000E+00  .000000000E+00  .000000000E+00  .000000000E+00
  .000000000E+00  .000000000E+00  .000000000E+00  .000000000E+00  .000000000E+00
  .000000000E+00  .000000000E+00  .000000000E+00  .000000000E+00  .000000000E+00
  .000000000E+00  .000000000E+00  .000000000E+00  .000000000E+00  .000000000E+00
  .000000000E+00  .000000000E+00  .000000000E+00  .000000000E+00  .000000000E+00
  .000000000E+00  .000000000E+00  .000000000E+00  .000000000E+00  .000000000E+00
  .000000000E+00  .000000000E+00  .000000000E+00  .000000000E+00  .000000000E+00
  .000000000E+00  .000000000E+00  .000000000E+00  .000000000E+00  .000000000E+00
  .000000000E+00  .000000000E+00  .000000000E+00  .000000000E+00  .000000000E+00
  .000000000E+00  .000000000E+00  .000000000E+00  .000000000E+00  .000000000E+00
  .000000000E+00  .000000000E+00  .000000000E+00  .000000000E+00  .000000000E+00
  .000000000E+00  .000000000E+00  .000000000E+00  .000000000E+00  .000000000E+00
  .000000000E+00  .000000000E+00  .000000000E+00  .000000000E+00  .000000000E+00
  .000000000E+00  .000000000E+00  .000000000E+00  .000000000E+00  .000000000E+00
  .000000000E+00  .000000000E+00  .000000000E+00  .000000000E+00  .000000000E+00
  .000000000E+00  .000000000E+00  .000000000E+00  .000000000E+00  .000000000E+00
  .000000000E+00  .000000000E+00  .000000000E+00  .000000000E+00  .000000000E+00
  .000000000E+00  .000000000E+00  .000000000E+00  .000000000E+00  .000000000E+00
  .000000000E+00  .000000000E+00  .000000000E+00  .000000000E+00  .000000000E+00
  .000000000E+00  .000000000E+00  .000000000E+00  .000000000E+00  .000000000E+00
  .000000000E+00  .000000000E+00  .000000000E+00  .000000000E+00  .000000000E+00
  .000000000E+00  .000000000E+00  .000000000E+00  .000000000E+00  .000000000E+00
  .000000000E+00  .000000000E+00  .000000000E+00  .000000000E+00  .000000000E+00
  .000000000E+00  .000000000E+00  .000000000E+00  .000000000E+00  .000000000E+00
  .000000000E+00  .000000000E+00  .000000000E+00  .000000000E+00  .000000000E+00
  .000000000E+00  .000000000E+00  .000000000E+00  .000000000E+00  .000000000E+00
  .000000000E+00  .000000000E+00  .000000000E+00  .000000000E+00  .000000000E+00
  .000000000E+00  .000000000E+00  .000000000E+00  .000000000E+00  .000000000E+00
  .000000000E+00  .000000000E+00  .000000000E+00  .000000000E+00  .000000000E+00
  .000000000E+00  .000000000E+00  .000000000E+00  .000000000E+00  .000000000E+00
  .000000000E+00  .000000000E+00  .000000000E+00  .000000000E+00  .000000000E+00
  .000000000E+00  .000000000E+00  .591559206E+03  .722704029E+03  .827153810E+03
  .908119628E+03  .967857463E+03  .100806931E+04  .103008104E+04  .103489619E+04
  .102301939E+04  .994278923E+03  .947730439E+03  .881646868E+03  .793619896E+03
  .680869443E+03  .540169887E+03  .000000000E+00  .000000000E+00  .000000000E+00
  .000000000E+00  .000000000E+00  .000000000E+00  .000000000E+00  .000000000E+00
  .000000000E+00  .000000000E+00  .000000000E+00  .000000000E+00  .000000000E+00
  .000000000E+00  .000000000E+00  .000000000E+00  .000000000E+00  .000000000E+00
  .000000000E+00  .000000000E+00  .000000000E+00  .000000000E+00  .000000000E+00
  .000000000E+00  .000000000E+00  .000000000E+00  .000000000E+00  .000000000E+00
  .000000000E+00  .000000000E+00  .000000000E+00  .000000000E+00  .000000000E+00
  .000000000E+00  .000000000E+00  .000000000E+00  .000000000E+00  .000000000E+00
  .000000000E+00  .000000000E+00  .000000000E+00  .000000000E+00  .000000000E+00
  .000000000E+00  .000000000E+00  .000000000E+00  .640855115E+03  .855814661E+03
  .103721945E+04  .118824747E+04  .131255911E+04  .141174776E+04  .148906311E+04
  .154755721E+04  .158972778E+04  .161748371E+04  .163216475E+04  .163454432E+04
  .162479216E+04  .160242236E+04  .156624825E+04  .151436135E+04  .144415796E+04
  .135244855E+04  .123567078E+04  .109054544E+04  .915727194E+03  .708474025E+03
  .467071587E+03  .000000000E+00  .000000000E+00  .000000000E+00  .000000000E+00
  .000000000E+00  .000000000E+00  .000000000E+00  .000000000E+00  .000000000E+00
  .000000000E+00  .000000000E+00  .000000000E+00  .000000000E+00  .000000000E+00
  .000000000E+00  .000000000E+00  .000000000E+00  .000000000E+00  .000000000E+00
  .000000000E+00  .000000000E+00  .000000000E+00  .000000000E+00  .000000000E+00
  .000000000E+00  .000000000E+00  .000000000E+00  .000000000E+00  .000000000E+00
  .000000000E+00  .000000000E+00  .000000000E+00  .000000000E+00  .000000000E+00
  .000000000E+00  .000000000E+00  .000000000E+00  .000000000E+00  .000000000E+00
  .628260760E+03  .890944555E+03  .112355868E+04  .132385623E+04  .149028612E+04
  .162538066E+04  .173287625E+04  .181678251E+04  .188075095E+04  .192835062E+04
  .196272915E+04  .198644497E+04  .200142337E+04  .200895816E+04  .200971959E+04
  .200375019E+04  .199044308E+04  .196850285E+04  .193589663E+04  .188981427E+04
  .182667107E+04  .174220359E+04  .163174228E+04  .149064361E+04  .131415513E+04
  .109826041E+04  .840995426E+03  .543991880E+03  .000000000E+00  .000000000E+00
  .000000000E+00  .000000000E+00  .000000000E+00  .000000000E+00  .000000000E+00
  .000000000E+00  .000000000E+00  .000000000E+00  .000000000E+00  .000000000E+00
  .000000000E+00  .000000000E+00  .000000000E+00  .000000000E+00  .000000000E+00
  .000000000E+00  .000000000E+00  .000000000E+00  .000000000E+00  .000000000E+00
  .000000000E+00  .000000000E+00  .000000000E+00  .000000000E+00  .000000000E+00
  .000000000E+00  .000000000E+00  .000000000E+00  .000000000E+00  .000000000E+00
  .000000000E+00  .000000000E+00  .486197958E+03  .762740869E+03  .102928483E+04
  .127474018E+04  .148968757E+04  .167074683E+04  .181781072E+04  .193288709E+04
  .201980884E+04  .208317281E+04  .212763394E+04  .215750711E+04  .217661357E+04
  .218815310E+04  .219465458E+04  .219798242E+04  .219936448E+04  .219941738E+04
  .219815423E+04  .219496518E+04  .218856599E+04  .217691730E+04  .215712808E+04
  .212536998E+04  .207684339E+04  .200584449E+04  .190595759E+04  .177032654E+04
  .159227179E+04  .136627365E+04  .108922045E+04  .760976776E+03  .000000000E+00
  .000000000E+00  .000000000E+00  .000000000E+00  .000000000E+00  .000000000E+00
  .000000000E+00  .000000000E+00  .000000000E+00  .000000000E+00  .000000000E+00
  .000000000E+00  .000000000E+00  .000000000E+00  .000000000E+00  .000000000E+00
  .000000000E+00  .000000000E+00  .000000000E+00  .000000000E+00  .000000000E+00
  .000000000E+00  .000000000E+00  .000000000E+00  .000000000E+00  .000000000E+00
  .000000000E+00  .000000000E+00  .000000000E+00  .000000000E+00  .000000000E+00
  .547200750E+03  .803762025E+03  .106789794E+04  .132224385E+04  .155436709E+04
  .175572323E+04  .192161862E+04  .205141666E+04  .214739361E+04  .221368175E+04
  .225543820E+04  .227807993E+04  .228675778E+04  .228606123E+04  .227988167E+04
  .227136918E+04  .226295360E+04  .225639774E+04  .225285522E+04  .225291332E+04
  .225660747E+04  .226339826E+04  .227210526E+04  .228079773E+04  .228665095E+04
  .228578791E+04  .227313961E+04  .224236945E+04  .218591398E+04  .209519667E+04
  .196112574E+04  .177498816E+04  .152971392E+04  .122153864E+04  .851734602E+03
  .000000000E+00  .000000000E+00  .000000000E+00  .000000000E+00  .000000000E+00
  .000000000E+00  .000000000E+00  .000000000E+00  .000000000E+00  .000000000E+00
  .000000000E+00  .000000000E+00  .000000000E+00  .000000000E+00  .000000000E+00
  .000000000E+00  .000000000E+00  .000000000E+00  .000000000E+00  .000000000E+00
  .000000000E+00  .000000000E+00  .000000000E+00  .000000000E+00  .000000000E+00
  .000000000E+00  .000000000E+00  .000000000E+00  .538599473E+03  .754079116E+03
  .100153030E+04  .125997535E+04  .151166848E+04  .174155885E+04  .193924072E+04
  .209898307E+04  .221930766E+04  .230224590E+04  .235223706E+04  .237506595E+04
  .237698998E+04  .236408752E+04  .234185007E+04  .231498086E+04  .228733501E+04
  .226194822E+04  .224111398E+04  .222647649E+04  .221911469E+04  .221960031E+04
  .222801804E+04  .224393926E+04  .226634380E+04  .229348737E+04  .232271934E+04
  .235026396E+04  .237099145E+04  .237822128E+04  .236361902E+04  .231727105E+04
  .222805615E+04  .208445252E+04  .187588814E+04  .159466411E+04  .123843527E+04
  .812770206E+03  .000000000E+00  .000000000E+00  .000000000E+00  .000000000E+00
  .000000000E+00  .000000000E+00  .000000000E+00  .000000000E+00  .000000000E+00
  .000000000E+00  .000000000E+00  .000000000E+00  .000000000E+00  .000000000E+00
  .000000000E+00  .000000000E+00  .000000000E+00  .000000000E+00  .000000000E+00
  .000000000E+00  .000000000E+00  .000000000E+00  .000000000E+00  .000000000E+00
  .000000000E+00  .499219075E+03  .637302460E+03  .836602505E+03  .107704759E+04
  .133806229E+04  .159842648E+04  .183995522E+04  .204895080E+04  .221707451E+04
  .234116230E+04  .242240269E+04  .246518719E+04  .247586521E+04  .246163924E+04
  .242971449E+04  .238672914E+04  .233844159E+04  .228961711E+04  .224404639E+04
  .220463956E+04  .217355301E+04  .215231733E+04  .214194458E+04  .214299992E+04
  .215562740E+04  .217952220E+04  .221384312E+04  .225706144E+04  .230674628E+04
  .235929393E+04  .240962115E+04  .245086039E+04  .247412171E+04  .246842047E+04
  .242091271E+04  .231761402E+04  .214477523E+04  .189102217E+04  .155021949E+04
  .112478970E+04  .628738007E+03  .000000000E+00  .000000000E+00  .000000000E+00
  .000000000E+00  .000000000E+00  .000000000E+00  .000000000E+00  .000000000E+00
  .000000000E+00  .000000000E+00  .000000000E+00  .000000000E+00  .000000000E+00
  .000000000E+00  .000000000E+00  .000000000E+00  .000000000E+00  .000000000E+00
  .000000000E+00  .000000000E+00  .000000000E+00  .000000000E+00  .000000000E+00
  .511855720E+03  .613488847E+03  .788666308E+03  .102128775E+04  .128942268E+04
  .156920492E+04  .183795342E+04  .207706039E+04  .227366061E+04  .242111300E+04
  .251845134E+04  .256918420E+04  .257983353E+04  .255851725E+04  .251377910E+04
  .245375061E+04  .238564227E+04  .231550986E+04  .224822069E+04  .218754410E+04
  .213630536E+04  .209655830E+04  .206974615E+04  .205683082E+04  .205837799E+04
  .207458918E+04  .210527371E+04  .214975410E+04  .220669873E+04  .227387847E+04
  .234784946E+04  .242357630E+04  .249403020E+04  .254982852E+04  .257902651E+04
  .256722642E+04  .249821795E+04  .235537819E+04  .212399860E+04  .179450949E+04
  .136633072E+04  .851078811E+03  .000000000E+00  .000000000E+00  .000000000E+00
  .000000000E+00  .000000000E+00  .000000000E+00  .000000000E+00  .000000000E+00
  .000000000E+00  .000000000E+00  .000000000E+00  .000000000E+00  .000000000E+00
  .000000000E+00  .000000000E+00  .000000000E+00  .000000000E+00  .000000000E+00
  .000000000E+00  .000000000E+00  .000000000E+00  .000000000E+00  .000000000E+00
  .000000000E+00  .602552185E+03  .817165634E+03  .108917467E+04  .139324798E+04
  .170243234E+04  .199174686E+04  .224146451E+04  .243880616E+04  .257822288E+04
  .266049849E+04  .269117745E+04  .267878716E+04  .263321023E+04  .256440871E+04
  .248156401E+04  .239260072E+04  .230401343E+04  .222090158E+04  .214712575E+04
  .208551813E+04  .203809979E+04  .200627474E+04  .199098226E+04  .199279653E+04
  .201196611E+04  .204838667E+04  .210149991E+04  .217011063E+04  .225211550E+04
  .234414124E+04  .244110236E+04  .253571081E+04  .261800702E+04  .267503574E+04
  .269085659E+04  .264714331E+04  .252465170E+04  .230577852E+04  .197819379E+04
  .153924195E+04  .999612215E+03  .000000000E+00  .000000000E+00  .000000000E+00
  .000000000E+00  .000000000E+00  .000000000E+00  .000000000E+00  .000000000E+00
  .000000000E+00  .000000000E+00  .000000000E+00  .000000000E+00  .000000000E+00
  .000000000E+00  .000000000E+00  .000000000E+00  .000000000E+00  .000000000E+00
  .000000000E+00  .000000000E+00  .000000000E+00  .000000000E+00  .000000000E+00
  .000000000E+00  .000000000E+00  .708687774E+03  .102809386E+04  .138036270E+04
  .173432138E+04  .206165674E+04  .234024994E+04  .255628214E+04  .270439960E+04
  .278654241E+04  .280998647E+04  .278520268E+04  .272395005E+04  .263782642E+04
  .253732970E+04  .243137340E+04  .232714790E+04  .223020995E+04  .214469859E+04
  .207360062E+04  .201901412E+04  .198237830E+04  .196465184E+04  .196642962E+04
  .198799143E+04  .202927622E+04  .208977425E+04  .216832746E+04  .226282869E+04
  .236981447E+04  .248395877E+04  .259750072E+04  .269968205E+04  .277633457E+04
  .280983705E+04  .277974021E+04  .266439257E+04  .244383509E+04  .210395074E+04
  .164149603E+04  .106829772E+04  .000000000E+00  .000000000E+00  .000000000E+00
  .000000000E+00  .000000000E+00  .000000000E+00  .000000000E+00  .000000000E+00
  .000000000E+00  .000000000E+00  .000000000E+00  .000000000E+00  .000000000E+00
  .000000000E+00  .000000000E+00  .000000000E+00  .000000000E+00  .000000000E+00
  .000000000E+00  .000000000E+00  .000000000E+00  .000000000E+00  .000000000E+00
  .000000000E+00  .000000000E+00  .000000000E+00  .815544210E+03  .122957766E+04
  .164705265E+04  .203431209E+04  .236517161E+04  .262306250E+04  .280150521E+04
  .290270126E+04  .293520078E+04  .291132157E+04  .284486233E+04  .274937770E+04
  .263707632E+04  .251826671E+04  .240121414E+04  .229226389E+04  .219610774E+04
  .211610321E+04  .205458597E+04  .201314005E+04  .199280681E+04  .199422288E+04
  .201768055E+04  .206310462E+04  .212993694E+04  .221691781E+04  .232175230E+04
  .244065463E+04  .256777776E+04  .269456522E+04  .280911323E+04  .289570744E+04
  .293479155E+04  .290371761E+04  .277866383E+04  .253802058E+04  .216720873E+04
  .166442486E+04  .104536706E+04  .000000000E+00  .000000000E+00  .000000000E+00
  .000000000E+00  .000000000E+00  .000000000E+00  .000000000E+00  .000000000E+00
  .000000000E+00  .000000000E+00  .000000000E+00  .000000000E+00  .000000000E+00
  .000000000E+00  .000000000E+00  .000000000E+00  .000000000E+00  .000000000E+00
  .000000000E+00  .000000000E+00  .000000000E+00  .000000000E+00  .000000000E+00
  .000000000E+00  .000000000E+00  .000000000E+00  .000000000E+00  .907855802E+03
  .140759351E+04  .187938806E+04  .229019012E+04  .261844778E+04  .285453645E+04
  .299950548E+04  .306234819E+04  .305692389E+04  .299916037E+04  .290491502E+04
  .278858758E+04  .266240463E+04  .253621106E+04  .241759157E+04  .231217066E+04
  .222398026E+04  .215582256E+04  .210958541E+04  .208648786E+04  .208724418E+04
  .211213982E+04  .216101228E+04  .223312761E+04  .232694007E+04  .243972205E+04
  .256705669E+04  .270220384E+04  .283538556E+04  .295309985E+04  .303766059E+04
  .306727107E+04  .301703699E+04  .286135309E+04  .257796745E+04  .215362660E+04
  .159059377E+04  .911888870E+03  .000000000E+00  .000000000E+00  .000000000E+00
  .000000000E+00  .000000000E+00  .000000000E+00  .000000000E+00  .000000000E+00
  .000000000E+00  .000000000E+00  .000000000E+00  .000000000E+00  .000000000E+00
  .000000000E+00  .000000000E+00  .000000000E+00  .000000000E+00  .000000000E+00
  .000000000E+00  .000000000E+00  .000000000E+00  .000000000E+00  .000000000E+00
  .000000000E+00  .000000000E+00  .000000000E+00  .000000000E+00  .000000000E+00
  .971514663E+03  .155077284E+04  .207110013E+04  .250243169E+04  .282927236E+04
  .304923711E+04  .317026050E+04  .320694457E+04  .317714193E+04  .309922928E+04
  .299026903E+04  .286499728E+04  .273545389E+04  .261104017E+04  .249881734E+04
  .240390600E+04  .232989477E+04  .227920304E+04  .225336810E+04  .225324104E+04
  .227908274E+04  .233055157E+04  .240657241E+04  .250507357E+04  .262257821E+04
  .275364538E+04  .289017828E+04  .302066315E+04  .312947808E+04  .319651755E+04
  .319750124E+04  .310543143E+04  .289365824E+04  .254080321E+04  .203731517E+04
  .139268374E+04  .641369194E+03  .000000000E+00  .000000000E+00  .000000000E+00
  .000000000E+00  .000000000E+00  .000000000E+00  .000000000E+00  .000000000E+00
  .000000000E+00  .000000000E+00  .000000000E+00  .000000000E+00  .000000000E+00
  .000000000E+00  .000000000E+00  .000000000E+00  .000000000E+00  .000000000E+00
  .000000000E+00  .000000000E+00  .000000000E+00  .000000000E+00  .000000000E+00
  .000000000E+00  .000000000E+00  .000000000E+00  .000000000E+00  .000000000E+00
  .000000000E+00  .993321460E+03  .164874355E+04  .221651883E+04  .267109962E+04
  .300345610E+04  .321786980E+04  .332800331E+04  .335278041E+04  .331291003E+04
  .322838603E+04  .311699264E+04  .299362655E+04  .287018665E+04  .275580256E+04
  .265722616E+04  .257926612E+04  .252519139E+04  .249706066E+04  .249595447E+04
  .252209619E+04  .257485112E+04  .265259150E+04  .275241361E+04  .286969499E+04
  .299749270E+04  .312581346E+04  .324084539E+04  .332433425E+04  .335341326E+04
  .330132589E+04  .313955549E+04  .284179071E+04  .238980812E+04  .178075960E+04
  .103456443E+04  .000000000E+00  .000000000E+00  .000000000E+00  .000000000E+00
  .000000000E+00  .000000000E+00  .000000000E+00  .000000000E+00  .000000000E+00
  .000000000E+00  .000000000E+00  .000000000E+00  .000000000E+00  .000000000E+00
  .000000000E+00  .000000000E+00  .000000000E+00  .000000000E+00  .000000000E+00
  .000000000E+00  .000000000E+00  .000000000E+00  .000000000E+00  .000000000E+00
  .000000000E+00  .000000000E+00  .000000000E+00  .000000000E+00  .000000000E+00
  .000000000E+00  .000000000E+00  .959335087E+03  .168943409E+04  .230722677E+04
  .279229386E+04  .314148143E+04  .336440395E+04  .347907447E+04  .350750918E+04
  .347235287E+04  .339467146E+04  .329276334E+04  .318171742E+04  .307345092E+04
  .297701049E+04  .289898245E+04  .284391031E+04  .281465606E+04  .281266720E+04
  .283812651E+04  .288996937E+04  .296575413E+04  .306137114E+04  .317058292E+04
  .328440677E+04  .339039150E+04  .347191441E+04  .350773930E+04  .347222216E+04
  .333667779E+04  .307244928E+04  .265596118E+04  .207559030E+04  .133847409E+04
  .000000000E+00  .000000000E+00  .000000000E+00  .000000000E+00  .000000000E+00
  .000000000E+00  .000000000E+00  .000000000E+00  .000000000E+00  .000000000E+00
  .000000000E+00  .000000000E+00  .000000000E+00  .000000000E+00  .000000000E+00
  .000000000E+00  .000000000E+00  .000000000E+00  .000000000E+00  .000000000E+00
  .000000000E+00  .000000000E+00  .000000000E+00  .000000000E+00  .000000000E+00
  .000000000E+00  .000000000E+00  .000000000E+00  .000000000E+00  .000000000E+00
  .000000000E+00  .000000000E+00  .000000000E+00  .852027521E+03  .165576925E+04
  .232871353E+04  .285509061E+04  .323549936E+04  .348339540E+04  .361969693E+04
  .366833444E+04  .365313799E+04  .359590089E+04  .351538080E+04  .342695319E+04
  .334267345E+04  .327155864E+04  .321995421E+04  .319189221E+04  .318937850E+04
  .321257033E+04  .325982186E+04  .332757924E+04  .341011007E+04  .349906706E+04
  .358291380E+04  .364629263E+04  .366950497E+04  .362841481E+04  .349524642E+04
  .324085773E+04  .283901444E+04  .227271406E+04  .154171001E+04  .670591409E+03
  .000000000E+00  .000000000E+00  .000000000E+00  .000000000E+00  .000000000E+00
  .000000000E+00  .000000000E+00  .000000000E+00  .000000000E+00  .000000000E+00
  .000000000E+00  .000000000E+00  .000000000E+00  .000000000E+00  .000000000E+00
  .000000000E+00  .000000000E+00  .000000000E+00  .000000000E+00  .000000000E+00
  .000000000E+00  .000000000E+00  .000000000E+00  .000000000E+00  .000000000E+00
  .000000000E+00  .000000000E+00  .000000000E+00  .000000000E+00  .000000000E+00
  .000000000E+00  .000000000E+00  .000000000E+00  .000000000E+00  .646510809E+03
  .152210007E+04  .225830258E+04  .283831235E+04  .326589371E+04  .355665005E+04
  .373267934E+04  .381863951E+04  .383888479E+04  .381566613E+04  .376813293E+04
  .371191852E+04  .365910664E+04  .361841675E+04  .359547972E+04  .359310397E+04
  .361146819E+04  .364820846E+04  .369837461E+04  .375423591E+04  .380494639E+04
  .383612018E+04  .382942638E+04  .376241740E+04  .360897520E+04  .334092225E+04
  .293140004E+04  .236057690E+04  .162320580E+04  .734908754E+03  .000000000E+00
  .000000000E+00  .000000000E+00  .000000000E+00  .000000000E+00  .000000000E+00
  .000000000E+00  .000000000E+00  .000000000E+00  .000000000E+00  .000000000E+00
  .000000000E+00  .000000000E+00  .000000000E+00  .000000000E+00  .000000000E+00
  .000000000E+00  .000000000E+00  .000000000E+00  .000000000E+00  .000000000E+00
  .000000000E+00  .000000000E+00  .000000000E+00  .000000000E+00  .000000000E+00
  .000000000E+00  .000000000E+00  .000000000E+00  .000000000E+00  .000000000E+00
  .000000000E+00  .000000000E+00  .000000000E+00  .000000000E+00  .000000000E+00
  .000000000E+00  .125823138E+04  .206157515E+04  .270652007E+04  .319741395E+04
  .354901787E+04  .378269006E+04  .392255997E+04  .399283127E+04  .401583180E+04
  .401079965E+04  .399324225E+04  .397471114E+04  .396284253E+04  .396151716E+04
  .397103509E+04  .398826140E+04  .400670436E+04  .401649270E+04  .400427443E+04
  .395310677E+04  .384245809E+04  .364854803E+04  .334551853E+04  .290796523E+04
  .231527320E+04  .155902665E+04  .653319500E+03  .000000000E+00  .000000000E+00
  .000000000E+00  .000000000E+00  .000000000E+00  .000000000E+00  .000000000E+00
  .000000000E+00  .000000000E+00  .000000000E+00  .000000000E+00  .000000000E+00
  .000000000E+00  .000000000E+00  .000000000E+00  .000000000E+00  .000000000E+00
  .000000000E+00  .000000000E+00  .000000000E+00  .000000000E+00  .000000000E+00
  .000000000E+00  .000000000E+00  .000000000E+00  .000000000E+00  .000000000E+00
  .000000000E+00  .000000000E+00  .000000000E+00  .000000000E+00  .000000000E+00
  .000000000E+00  .000000000E+00  .000000000E+00  .000000000E+00  .000000000E+00
  .000000000E+00  .000000000E+00  .818569254E+03  .168793788E+04  .240798429E+04
  .297615904E+04  .340435651E+04  .371079388E+04  .391787070E+04  .404876191E+04
  .412514247E+04  .416555556E+04  .418441884E+04  .419156812E+04  .419216661E+04
  .418681841E+04  .417179010E+04  .413928336E+04  .407772705E+04  .397210815E+04
  .380440409E+04  .355415472E+04  .319926738E+04  .271806000E+04  .209266802E+04
  .131244956E+04  .000000000E+00  .000000000E+00  .000000000E+00  .000000000E+00
  .000000000E+00  .000000000E+00  .000000000E+00  .000000000E+00  .000000000E+00
  .000000000E+00  .000000000E+00  .000000000E+00  .000000000E+00  .000000000E+00
  .000000000E+00  .000000000E+00  .000000000E+00  .000000000E+00  .000000000E+00
  .000000000E+00  .000000000E+00  .000000000E+00  .000000000E+00  .000000000E+00
  .000000000E+00  .000000000E+00  .000000000E+00  .000000000E+00  .000000000E+00
  .000000000E+00  .000000000E+00  .000000000E+00  .000000000E+00  .000000000E+00
  .000000000E+00  .000000000E+00  .000000000E+00  .000000000E+00  .000000000E+00
  .000000000E+00  .000000000E+00  .000000000E+00  .000000000E+00  .107932265E+04
  .187663858E+04  .253100016E+04  .304415362E+04  .343054733E+04  .370916028E+04
  .390091028E+04  .402561304E+04  .409971934E+04  .413491595E+04  .413757102E+04
  .410889682E+04  .404524295E+04  .393849445E+04  .377689117E+04  .354607364E+04
  .323037846E+04  .281407423E+04  .228124730E+04  .161978607E+04  .825811191E+03
  .000000000E+00  .000000000E+00  .000000000E+00  .000000000E+00  .000000000E+00
  .000000000E+00  .000000000E+00  .000000000E+00  .000000000E+00  .000000000E+00
  .000000000E+00  .000000000E+00  .000000000E+00  .000000000E+00  .000000000E+00
  .000000000E+00  .000000000E+00  .000000000E+00  .000000000E+00  .000000000E+00
  .000000000E+00  .000000000E+00  .000000000E+00  .000000000E+00  .000000000E+00
  .000000000E+00  .000000000E+00  .000000000E+00  .000000000E+00  .000000000E+00
  .000000000E+00  .000000000E+00  .000000000E+00  .000000000E+00  .000000000E+00
  .000000000E+00  .000000000E+00  .000000000E+00  .000000000E+00  .000000000E+00
  .000000000E+00  .000000000E+00  .000000000E+00  .000000000E+00  .000000000E+00
  .000000000E+00  .104903066E+04  .178181211E+04  .237370279E+04  .283047856E+04
  .316637759E+04  .339890812E+04  .354455689E+04  .361557757E+04  .361844061E+04
  .355546307E+04  .342498872E+04  .322068346E+04  .293355559E+04  .255404907E+04
  .207483125E+04  .149397518E+04  .804519637E+03  .000000000E+00  .000000000E+00
  .000000000E+00  .000000000E+00  .000000000E+00  .000000000E+00  .000000000E+00
  .000000000E+00  .000000000E+00  .000000000E+00  .000000000E+00  .000000000E+00
  .000000000E+00  .000000000E+00  .000000000E+00  .000000000E+00  .000000000E+00
  .000000000E+00  .000000000E+00  .000000000E+00  .000000000E+00  .000000000E+00
  .000000000E+00  .000000000E+00  .000000000E+00  .000000000E+00  .000000000E+00
  .000000000E+00  .000000000E+00  .000000000E+00  .000000000E+00  .000000000E+00
  .000000000E+00  .000000000E+00  .000000000E+00  .000000000E+00  .000000000E+00
  .000000000E+00  .000000000E+00  .000000000E+00  .000000000E+00  .000000000E+00
  .000000000E+00  .000000000E+00  .000000000E+00  .000000000E+00  .000000000E+00
  .000000000E+00  .000000000E+00  .000000000E+00  .664532906E+03  .130238151E+04
  .179048998E+04  .213961408E+04  .236384103E+04  .247414716E+04  .247174643E+04
  .236109047E+04  .214844954E+04  .183170347E+04  .140872481E+04  .879653289E+03
  .000000000E+00  .000000000E+00  .000000000E+00  .000000000E+00  .000000000E+00
  .000000000E+00  .000000000E+00  .000000000E+00  .000000000E+00  .000000000E+00
  .000000000E+00  .000000000E+00  .000000000E+00  .000000000E+00  .000000000E+00
  .000000000E+00  .000000000E+00  .000000000E+00  .000000000E+00  .000000000E+00
  .000000000E+00  .000000000E+00  .000000000E+00  .000000000E+00  .000000000E+00
  .000000000E+00  .000000000E+00  .000000000E+00  .000000000E+00  .000000000E+00
  .000000000E+00  .000000000E+00  .000000000E+00  .000000000E+00  .000000000E+00
  .000000000E+00  .000000000E+00  .000000000E+00  .000000000E+00  .000000000E+00
  .000000000E+00  .000000000E+00  .000000000E+00  .000000000E+00  .000000000E+00
  .000000000E+00  .000000000E+00  .000000000E+00  .000000000E+00  .000000000E+00
  .000000000E+00  .000000000E+00  .000000000E+00  .000000000E+00  .000000000E+00
  .000000000E+00  .000000000E+00  .000000000E+00  .662989170E+03  .644578313E+03
  .000000000E+00  .000000000E+00  .000000000E+00  .000000000E+00  .000000000E+00
  .000000000E+00  .000000000E+00  .000000000E+00  .000000000E+00  .000000000E+00
  .000000000E+00  .000000000E+00  .000000000E+00  .000000000E+00  .000000000E+00
  .000000000E+00  .000000000E+00  .000000000E+00  .000000000E+00  .000000000E+00
  .000000000E+00  .000000000E+00  .000000000E+00  .000000000E+00  .000000000E+00
  .000000000E+00  .000000000E+00  .000000000E+00  .000000000E+00  .000000000E+00
  .000000000E+00  .000000000E+00  .000000000E+00  .000000000E+00  .000000000E+00
  .000000000E+00  .000000000E+00  .000000000E+00  .000000000E+00  .000000000E+00
  .000000000E+00  .000000000E+00  .000000000E+00  .000000000E+00  .000000000E+00
  .000000000E+00  .000000000E+00  .000000000E+00  .000000000E+00  .000000000E+00
  .000000000E+00  .000000000E+00  .000000000E+00  .000000000E+00  .000000000E+00
  .000000000E+00  .000000000E+00  .000000000E+00  .000000000E+00  .000000000E+00
  .000000000E+00  .000000000E+00  .000000000E+00  .000000000E+00  .000000000E+00
  .000000000E+00  .000000000E+00  .000000000E+00  .000000000E+00  .000000000E+00
  .000000000E+00  .000000000E+00  .000000000E+00  .000000000E+00  .000000000E+00
  .000000000E+00  .000000000E+00  .000000000E+00  .000000000E+00  .000000000E+00
  .000000000E+00  .000000000E+00  .000000000E+00  .000000000E+00  .000000000E+00
  .000000000E+00  .000000000E+00  .000000000E+00  .000000000E+00  .000000000E+00
  .000000000E+00  .000000000E+00  .000000000E+00  .000000000E+00  .000000000E+00
  .000000000E+00  .000000000E+00  .000000000E+00  .000000000E+00  .000000000E+00
  .000000000E+00  .000000000E+00  .000000000E+00  .000000000E+00  .000000000E+00
  .000000000E+00  .000000000E+00  .000000000E+00  .000000000E+00  .000000000E+00
  .000000000E+00  .000000000E+00  .000000000E+00  .000000000E+00  .000000000E+00
  .000000000E+00  .000000000E+00  .000000000E+00  .000000000E+00  .000000000E+00
  .000000000E+00  .000000000E+00  .000000000E+00  .000000000E+00  .000000000E+00
  .000000000E+00  .000000000E+00  .000000000E+00  .000000000E+00  .000000000E+00
  .000000000E+00  .000000000E+00  .000000000E+00  .000000000E+00  .000000000E+00
  .000000000E+00  .000000000E+00  .000000000E+00  .000000000E+00  .000000000E+00
  .000000000E+00  .000000000E+00  .000000000E+00  .000000000E+00  .000000000E+00
  .000000000E+00  .000000000E+00  .000000000E+00  .000000000E+00  .000000000E+00
  .000000000E+00  .000000000E+00  .000000000E+00  .000000000E+00  .000000000E+00
  .000000000E+00  .000000000E+00  .000000000E+00  .000000000E+00  .000000000E+00
  .000000000E+00  .000000000E+00  .000000000E+00  .000000000E+00  .000000000E+00
  .000000000E+00  .000000000E+00  .000000000E+00  .000000000E+00  .000000000E+00
  .000000000E+00  .000000000E+00  .000000000E+00  .000000000E+00  .000000000E+00
  .000000000E+00  .000000000E+00  .000000000E+00  .000000000E+00  .000000000E+00
  .000000000E+00  .000000000E+00  .000000000E+00  .000000000E+00  .000000000E+00
  .000000000E+00  .000000000E+00  .000000000E+00  .000000000E+00  .000000000E+00
  .000000000E+00  .000000000E+00  .000000000E+00  .000000000E+00  .000000000E+00
  .000000000E+00  .000000000E+00  .000000000E+00  .000000000E+00  .000000000E+00
  .000000000E+00  .000000000E+00  .000000000E+00  .000000000E+00  .000000000E+00
  .000000000E+00  .000000000E+00  .000000000E+00  .000000000E+00  .000000000E+00
  .000000000E+00  .000000000E+00  .000000000E+00  .000000000E+00  .000000000E+00
  .000000000E+00  .000000000E+00  .000000000E+00  .000000000E+00  .000000000E+00
  .000000000E+00  .000000000E+00  .000000000E+00  .000000000E+00  .000000000E+00
  .000000000E+00  .000000000E+00  .000000000E+00  .000000000E+00  .000000000E+00
  .000000000E+00  .000000000E+00  .000000000E+00  .000000000E+00  .000000000E+00
  .000000000E+00  .000000000E+00  .000000000E+00  .000000000E+00  .000000000E+00
  .000000000E+00  .000000000E+00  .000000000E+00  .000000000E+00  .000000000E+00
  .000000000E+00  .000000000E+00  .000000000E+00  .000000000E+00  .000000000E+00
  .000000000E+00  .000000000E+00  .000000000E+00  .000000000E+00  .000000000E+00
  .000000000E+00  .000000000E+00  .000000000E+00  .000000000E+00  .000000000E+00
  .000000000E+00  .000000000E+00  .000000000E+00  .000000000E+00  .000000000E+00
  .000000000E+00  .000000000E+00  .000000000E+00  .000000000E+00  .000000000E+00
  .000000000E+00  .000000000E+00  .000000000E+00  .000000000E+00  .000000000E+00
  .000000000E+00  .000000000E+00  .000000000E+00  .000000000E+00  .000000000E+00
  .000000000E+00  .000000000E+00  .000000000E+00  .000000000E+00  .000000000E+00
  .000000000E+00  .000000000E+00  .000000000E+00  .000000000E+00  .000000000E+00
  .000000000E+00  .000000000E+00  .000000000E+00  .000000000E+00  .000000000E+00
  .000000000E+00  .000000000E+00  .000000000E+00  .000000000E+00  .000000000E+00
  .000000000E+00  .000000000E+00  .000000000E+00  .000000000E+00  .000000000E+00
  .000000000E+00  .000000000E+00  .000000000E+00  .000000000E+00  .000000000E+00
  .000000000E+00  .000000000E+00  .000000000E+00  .000000000E+00  .000000000E+00
  .000000000E+00  .000000000E+00  .000000000E+00  .000000000E+00  .000000000E+00
  .000000000E+00  .000000000E+00  .000000000E+00  .000000000E+00  .000000000E+00
  .000000000E+00  .000000000E+00  .000000000E+00  .000000000E+00  .000000000E+00
  .000000000E+00  .000000000E+00  .000000000E+00  .000000000E+00  .000000000E+00
  .000000000E+00  .000000000E+00  .000000000E+00  .000000000E+00  .000000000E+00
  .000000000E+00  .000000000E+00  .000000000E+00  .000000000E+00  .000000000E+00
  .000000000E+00  .000000000E+00  .000000000E+00  .000000000E+00  .000000000E+00
  .000000000E+00  .000000000E+00  .000000000E+00  .000000000E+00  .000000000E+00
 $OUT1
 ISHOT	= 106535
 ITIME	= 2110
 BETAP0	= .5
 RZERO	= 1.6955
 QENP	= .0
 ENP	= 1.0
 EMP	= 1.0
 PLASMA	= 1600523.877957223
 EXPMP2	= .4724743224974633 .4737843896710357 .3994181143810594
 .2767640613423691 7.494556542440919E-02 4.875495566901636E-02
 .1203741084047985 8.845060912108195E-02 .1348339379921374
 .2766570466055787 .3814546612293179 .3568964574856101
 .4383851910653438 .4310144135576219 .3688444145167784
 .4559647412746344 .3879207203460737 .45281227998337 .3177265142589243
 1.131930351021152E-02 -.301361171270009 -.182748812660963
 -.209434523648563 .1859266384942642 .4162543541393511
 .4898567517062045 .3911696740589508 .4537068024712347
 .4116361288903556 .1128937137409007 .1142759153057321
 7.801156030093911E-02 .1343962964888977 .1985159139141595
 .2927536986156513 .3810708692016453 .3578322928092141
 .4407123340346881 .4302843780812859 .3677433397408819
 .4142394497627486 .4533536710656395 .3930579695639905 .490209149242131
 .4086011423307569 .1857740353183016 -.204562615800857
 -.178760205428404 -.29621848797256 1.419255880465322E-02
 .3166755439748207 .4506695061503929 .3902344267689757
 .4566083306498152 .4728444377830946 .4740679747688116
 .3994498423268928 .2858575828657917 6.708471905070858E-02
 4.773961648858745E-02 .109388276299562 .1384953345286006
 .1909116216483267 .1644859832529878 7.440390571187508E-02
 6.865955410536158E-02 -.11338638190526 -.196043966270461
 6.245052709763024E-02 6.566623642037110E-02 .2017316659745426
 -7.949591451259262E-02 4.897926402933379E-02
 COILS	= 4.899667193349125E-04 -6.176899302014593E-03
 -2.430568373715903E-02 -9.570928059335640E-03 -1.317771206456306E-02
 -.232391163462292 -.252668477440763 -4.553849422207321E-02
 -3.423726042278377E-02 -5.325504703556104E-03 -3.020960590663079E-02
 -8.244941397452876E-02 -3.091674751931470E-02 7.015702099591388E-02
 -.290697243299369 -.427482513343467 .1985667859170784
 .1435169895649365 1.385498086403421E-02 1.205275505476051E-02
 -6.392725941083241E-03 -1.211750152910868E-02 -1.171654116304867E-02
 -2.131399859822065E-02 -3.381602878909380E-02 -.217164156279505
 -.187456813243573 -.26180119438152 -.182187166725116
 -2.268172649890807E-03 -4.714700985018961E-02 -5.105299038235625E-02
 1.550162630120719E-02 .1067046763829482 2.641748143287431E-02
 -.335250950875318 -.311752698979118 -.349424713799033
 -.263413582521267 .1461490298500897 .1320915822505587
 BTOR	= -2.09297375405485
 RCENTR	= 1.6955
 BRSP	= -79857.2781100946 -61410.8173864185 -84545.2721792457
 56242.97109424052 56944.04697589654 -246528.177536036
 -260093.914856957 -59744.6365044876 28868.59959357532 -73991.504590304
 -58509.4290867264 -236369.823968327 -75121.0368156707 69521.0778329764
 -254250.26019777 -449765.232073263 322293.6042926949 184347.9488093944
 3519.573672913888 -3282.64843435463 -6881.80757016379
 19288.68131209656 -12200.5969209103 3.67916944422572 -3070.99988823551
 -430.71334241454 -233.133206221557 -2957.19155054741 -2640.55830334215
 -1638.97314625216 50.97182764231088 .9433495466341925 -.20028789728024
 .4741380687566128 -6.514275414967194E-03 -2.674753945990371E-04
 -.412346723949208 -3.759144715436161E-02 -9.945534528527705E-02
 -.12010456844581 -.251778085369339 .3676285917709175 2.0176489513749
 .9708297081515334 -7.503434454302783E-02 -.465389741677111
 .5116757907965774 .2013708000723841 8.980618598092018E-02
 .1526400566020163 .1812633271623553 -.37527502436246 -.401588566771928
 -.975763873389331 -.77212072313586 -.356391764267478 -.543467647633152
 -.245734919494114 -9.924208738612660E-02 .2529039503283085
 5.817877102746886E-03 -.128065838737095 .5668017790860621
 .5567228621814569 .3979163472144688 8.230046427595747E-02
 -9.127102442725661E-02 -6.451905592329575E-02 -.270028915079023
 1.01766188882156 -.722295778305712 .2395640336563078
 -8.133524551735365E-02 -.339379122126927 -.307807692440914
 -.163022753019301 -1.50518577098179 -1.37176136544306
 -.946812606625542 -.340901212732231 -.2842672480205 -.404638755528808
 -.978202720472937 .5409678797934278 -.769071455833447
 .3688181349026579 -.636927958942068 .1208020011515479
 .4862142924163284 -.838618112073848 .2165370918248332
 1.31068925258103 .8808156646897671 .4532158335109145 -.855000923984634
 -.123431010885362 .7678254480049557 -1.42926266619946
 .2568819653880505 .198941393220394 -.353008767172493 -1.075885774311
 -1.52055243774108 .3527759970192046 .230976898444772 .5762568466923041
 1.77710530261915 -1.00629556595416 .2514312215836275 .3311338055784944
 1.02769803741093 .260310523315235 8.499084260014167E-02
 -.31804625949431 -7.643713020219575E-02 -.589677991264364
 -.453482790868078 .0 .0 .0 .0 .0 .0 .0 .0 .0 .0 .0 .0 .0 .0 .0 .0 .0
 .0 .0 .0 .0 .0 .0 .0 .0 .0 .0 .0 .0 .0 .0 .0 .0 .0 .0 .0 .0 .0 .0 .0
 .0 .0 .0 .0 .0 .0 .0 .0 .0 .0 .0 .0 .0 .0 .0 .0 .0 .0 .0 .0 .0 .0 .0
 .0 .0 .0 .0 .0 .0 .0 .0 .0 .0 .0 .0 .0 .0 .0 .0 .0 .0 .0 .0 .0 .0 .0
 .0 .0 .0 .0 .0 .0 .0 .0 .0 .0 .0 .0 .0 .0 .0 .0 .0 .0 .0 .0 .0 .0 .0
 .0 .0 .0 .0 .0 .0 .0 .0 .0 .0 .0 .0 .0 .0 .0 .0 .0 .0 .0 .0 .0 .0 .0
 .0 .0 .0 .0 .0 .0 .0 .0 .0 .0 .0 .0 .0 .0 .0 .0 .0 .0 .0 .0 .0 .0 .0
 .0 .0 .0 .0 .0 .0 .0 .0 .0 .0 .0 .0 .0 .0 .0 .0 .0 .0 .0 .0 .0 .0 .0
 .0 .0 .0 .0 .0 .0 .0 .0 .0 .0 .0 .0 .0 .0 .0 .0 .0 .0 .0 .0 .0 .0 .0
 .0 .0 .0 .0 .0 .0 .0 .0 .0 .0 .0 .0 .0 .0 .0 .0 .0 .0 .0 .0 .0 .0 .0
 .0 .0 .0 .0 .0 .0 .0 .0 .0 .0 .0 .0 .0 .0 .0 .0 .0 .0 .0 .0 .0 .0 .0
 .0 .0 .0 .0 .0 .0 .0 .0 .0 .0 .0 .0 .0 .0
 ICURRT	= 2
 RBDRY	= 1.06731803739229 1.06764204376329 1.07244527344263
 1.08252991477918 1.09961101176877 1.11116366629335 1.13952090687329
 1.15875 1.20452970387168 1.23531240855921 1.27380121017952
 1.32402882209814 1.39777103084524 1.4775 1.58375 1.69
 1.75599490707248 1.84249548591754 1.9025 1.955625 2.00875
 2.05322093043076 2.0902185013761 2.12257109163241 2.168125
 2.19392265963453 2.22125 2.24177927646342 2.26327659579127 2.274375
 2.27511244210019 2.27132969584973 2.25365451020553 2.22231410666013
 2.20225317656526 2.168125 2.12961935726548 2.10055877487418 2.061875
 2.00875 1.95866433194698 1.91624290072 1.87173467240652
 1.82547182004091 1.77759055859731 1.72801315826631 1.67644509772708
 1.62232308462562 1.56438382361598 1.50199495299502 1.47336490599005
 1.424375 1.39321957626456 1.36311222532304 1.318125 1.2870300189679
 1.26345589942709 1.22054835996459 1.19994201621141 1.16318050488935
 1.14623611054647 1.11837692455966 1.105625 1.08809474258337
 1.07575154526636 1.06887203101794 1.06731803739229 1.07143120047873 .0
 .0 .0 .0 .0 .0 .0 .0 .0 .0 .0 .0 .0 .0 .0 .0 .0 .0 .0 .0 .0 .0 .0 .0
 .0 .0 .0 .0 .0 .0 .0 .0 .0 .0 .0 .0 .0 .0 .0 .0 .0 .0
 ZBDRY	= 5.000000000000004E-02 .1499999999999999 .25 .3500000000000001
 .4500000000000002 .5 .6000000000000001 .6518912715996834 .75
 .8000000000000003 .8500000000000001 .8999999999999999
 .9500000000000002 .9818217538115258 .9932314602168693
 .9766291546326703 .9500000000000002 .8999999999999999
 .8558991354883736 .8085638650599116 .7536018362692863
 .7000000000000002 .6499999999999999 .6000000000000001
 .5123865693937372 .4500000000000002 .3707736100360866 .3 .2
 .1028520187213905 5.000000000000004E-02 .0 -.1 -.2 -.25
 -.325533410397767 -.4 -.45 -.511759743338184 -.586120910207481 -.65
 -.7 -.75 -.8 -.85 -.9 -.95 -1.0 -1.05 -1.11029375220819
 -1.13403258781833 -1.05963101639115 -1.0 -.95 -.866214066252973 -.8
 -.75 -.65 -.6 -.5 -.45 -.35 -.292703286629969 -.2 -.1 .0
 5.000000000000004E-02 5.000000000000004E-02 .0 .0 .0 .0 .0 .0 .0 .0 .0
 .0 .0 .0 .0 .0 .0 .0 .0 .0 .0 .0 .0 .0 .0 .0 .0 .0 .0 .0 .0 .0 .0 .0
 .0 .0 .0 .0 .0 .0 .0 .0 .0 .0
 NBDRY	= 67
 FWTSI	= 1000.0 556.7617022810795 561.7226177225326 565.8070818310487
 566.2116455923153 143.2067742581519 .0 498.833781179547
 369.7898986689008 557.0870798589438 571.6699823223521
 405.4090370653495 568.2525244802356 509.841598475813 114.4145977153178
 .0 171.8145438621716 234.3890168428002 559.6424575429538
 559.1567144313166 543.1275719009325 567.0228387349848
 567.6478000754337 556.8946163953256 367.7643090484386
 155.5249475300095 180.4233360713193 127.9637017026573
 183.1311897534305 559.4098403968453 558.7955160058892
 554.9112053430151 551.5842052114349 301.5253482489139 336.435284176108
 101.8749188599823 107.3782919819907 95.99215182573698
 125.2940782637662 225.8325212344549 250.0445307375358
 FWTCUR	= 2.081300813008130E-05
 MXITER	= 25
 NXITER	= 1
 LIMITR	= 88
 XLIM	= 1.016 1.016 1.018 1.018 1.018 1.018 1.018 1.018 1.018 1.018
 1.016 1.012 1.001 1.029 1.042 1.046 1.056 1.097 1.108 1.116 1.134
 1.148 1.162 1.181 1.182 1.185 1.19 1.195 1.201 1.209 1.215 1.222
 1.228 1.234 1.239 1.242 1.248 1.258 1.263 1.28 1.28 1.28 1.31 1.328
 1.361 1.38 1.419 1.419 1.372 1.372 1.608 1.647 1.785 2.07 2.128 2.245
 2.323 2.377 2.352 2.351 2.351 2.354 2.354 2.354 2.353 2.351 2.353
 2.377 2.134 1.786 1.768 1.768 1.682 1.674 1.674 1.681 1.754 1.754
 1.689 1.689 1.555 1.412 1.273 1.153 1.016 1.016 1.016 1.016 1.016 .0
 .0 .0 .0 .0 .0 .0 .0 .0 .0 .0 .0 .0 .0 .0 .0 .0 .0 .0 .0 .0 .0 .0 .0
 .0 .0 .0 .0 .0 .0 .0 .0 .0 .0 .0 .0 .0 .0 .0 .0 .0 .0 .0 .0 .0 .0 .0
 .0 .0 .0 .0 .0 .0 .0 .0 .0 .0 .0 .0 .0 .0 .0 .0 .0 .0 .0 .0 .0 .0 .0
 .0
 YLIM	= .0 .964 .968 1.001 1.019 1.077 1.07 1.096 1.113 1.138 1.147
 1.165 1.217 1.217 1.1624 1.16238 1.1626 1.1645 1.16594 1.16591
 1.16896 1.17175 1.17556 1.183 1.1835 1.185 1.188 1.191 1.196 1.202
 1.208 1.214 1.221 1.231 1.238 1.244 1.254 1.278 1.29 1.331 1.347
 1.348 1.348 1.348 1.348 1.348 1.348 1.31 1.31 1.292 1.095 1.077 1.077
 1.04 .993 .709 .519 .389 .4 .337 .205 6.800000000000000E-02 .0
 -6.800000000000000E-02 -.205 -.337 -.4 -.389 -.973 -1.174 -1.211
 -1.254 -1.254 -1.262 -1.329 -1.339 -1.339 -1.368 -1.368 -1.366 -1.366
 -1.366 -1.366 -1.366 -1.229 -.8 -.415 -.4 .0 .0 .0 .0 .0 .0 .0 .0 .0
 .0 .0 .0 .0 .0 .0 .0 .0 .0 .0 .0 .0 .0 .0 .0 .0 .0 .0 .0 .0 .0 .0 .0
 .0 .0 .0 .0 .0 .0 .0 .0 .0 .0 .0 .0 .0 .0 .0 .0 .0 .0 .0 .0 .0 .0 .0
 .0 .0 .0 .0 .0 .0 .0 .0 .0 .0 .0 .0 .0 .0 .0 .0 .0
 ERROR	= 1.000000000000000E-03
 ICONVR	= 2
 IBUNMN	= 3
 PRESSR	= .0 .0 .0 .0 .0 .0 .0 .0 .0 .0 .0 .0 .0 .0 .0 .0 .0 .0 .0 .0
 .0 .0 .0 .0 .0 .0 .0 .0 .0 .0 .0 .0 .0 .0 .0 .0 .0 .0 .0 .0 .0 .0 .0
 .0 .0 .0 .0 .0 .0 .0 .0 .0 .0 .0 .0 .0 .0 .0 .0 .0 .0 .0 .0 .0 .0 .0
 .0 .0 .0 .0 .0 .0 .0 .0 .0 .0 .0 .0 .0 .0 .0 .0 .0 .0 .0 .0 .0 .0 .0
 .0 .0 .0 .0 .0 .0 .0 .0 .0 .0 .0 .0 .0 .0 .0 .0 .0 .0 .0 .0 .0 .0 .0
 .0 .0 .0 .0 .0 .0 .0 .0 .0 .0 .0 .0 .0 .0 .0 .0 .0 .0 .0 .0
 RPRESS	= .0 .0 .0 .0 .0 .0 .0 .0 .0 .0 .0 .0 .0 .0 .0 .0 .0 .0 .0 .0
 .0 .0 .0 .0 .0 .0 .0 .0 .0 .0 .0 .0 .0 .0 .0 .0 .0 .0 .0 .0 .0 .0 .0
 .0 .0 .0 .0 .0 .0 .0 .0 .0 .0 .0 .0 .0 .0 .0 .0 .0 .0 .0 .0 .0 .0 .0
 .0 .0 .0 .0 .0 .0 .0 .0 .0 .0 .0 .0 .0 .0 .0 .0 .0 .0 .0 .0 .0 .0 .0
 .0 .0 .0 .0 .0 .0 .0 .0 .0 .0 .0 .0 .0 .0 .0 .0 .0 .0 .0 .0 .0 .0 .0
 .0 .0 .0 .0 .0 .0 .0 .0 .0 .0 .0 .0 .0 .0 .0 .0 .0 .0 .0 .0
 QPSI	= 1.96599600204874 2.00539972199583 2.0225556825345
 2.04090306209455 2.06567503786387 2.07992533814382 2.09489847548829
 2.11039616349135 2.12520927286456 2.14008825267408 2.15604146183213
 2.17347099873739 2.1914486402299 2.21078768076253 2.23268813547385
 2.25605117645913 2.28252802826808 2.3117372624809 2.34415600564291
 2.38060243808083 2.42100999487035 2.46656205858108 2.51782694124804
 2.57600178008803 2.64207153496553 2.71792161541393 2.80656758279374
 2.91006444360969 3.03450493807193 3.18883521940057 3.3891647141035
 3.69674097890565 5.16115269575409
 PRESSW	= .0 .0 .0 .0 .0 .0 .0 .0 .0 .0 .0 .0 .0 .0 .0 .0 .0 .0 .0 .0
 .0 .0 .0 .0 .0 .0 .0 .0 .0 .0 .0 .0 .0
 PRES	= 186559.3044707003 175793.9557512364 165347.0180288535
 155218.4913035515 145408.3755753305 135916.6708441903
 126743.3771101311 117888.4943731529 109352.0226332555
 101133.9618904392 93234.3121447037 85653.07339604918 78390.2456444756
 71445.82888998293 64819.82313257122 58512.22837224043
 52523.04460899058 46852.27184282166 41499.91007373368
 36465.95930172663 31750.41952680052 27353.29074895534
 23274.57296819109 19514.26618450777 16072.3703979054 12948.88560838395
 10143.81181594344 7657.149020583867 5488.897222305226
 3639.056421107518 2107.626616990744 894.6078099549052 .0
 NQPSI	= 33
 NPRESS	= 0
 SIGPRE	= .0 .0 .0 .0 .0 .0 .0 .0 .0 .0 .0 .0 .0 .0 .0 .0 .0 .0 .0 .0
 .0 .0 .0 .0 .0 .0 .0 .0 .0 .0 .0 .0 .0 .0 .0 .0 .0 .0 .0 .0 .0 .0 .0
 .0 .0 .0 .0 .0 .0 .0 .0 .0 .0 .0 .0 .0 .0 .0 .0 .0 .0 .0 .0 .0 .0 .0
 .0 .0 .0 .0 .0 .0 .0 .0 .0 .0 .0 .0 .0 .0 .0 .0 .0 .0 .0 .0 .0 .0 .0
 .0 .0 .0 .0 .0 .0 .0 .0 .0 .0 .0 .0 .0 .0 .0 .0 .0 .0 .0 .0 .0 .0 .0
 .0 .0 .0 .0 .0 .0 .0 .0 .0 .0 .0 .0 .0 .0 .0 .0 .0 .0 .0 .0
 $END
 $BASIS
 KPPFNC	= 0
 KPPKNT	= 0
 PPKNT	= .0 .0 .0 .0 .0 .0 .0 .0 .0 .0 .0 .0 .0 .0 .0 .0 .0 .0 .0 .0 .0
 .0 .0 .0 .0 .0 .0 .0 .0 .0 .0 .0 .0 .0 .0 .0
 PPTENS	= .0
 KFFFNC	= 0
 KFFKNT	= 0
 FFKNT	= .0 .0 .0 .0 .0 .0 .0 .0 .0 .0 .0 .0 .0 .0 .0 .0 .0 .0 .0 .0 .0
 .0 .0 .0 .0 .0 .0 .0 .0 .0 .0 .0 .0 .0 .0 .0
 FFTENS	= .0
 KWWFNC	= 0
 KWWKNT	= 0
 WWKNT	= .0 .0 .0 .0 .0 .0 .0 .0 .0 .0 .0 .0 .0 .0 .0 .0 .0 .0 .0 .0 .0
 .0 .0 .0 .0 .0 .0 .0 .0 .0 .0 .0 .0 .0 .0 .0
 WWTENS	= .0
 PPBDRY	= 1325015.970979346 -1235820.58705115 .0 .0 .0 .0 .0 .0 .0 .0
 .0 .0 .0 .0 .0 .0 .0 .0 .0 .0 .0 .0 .0 .0 .0 .0 .0 .0 .0 .0 .0 .0 .0
 .0 .0 .0
 PP2BDRY	= .0 .0 .0 .0 .0 .0 .0 .0 .0 .0 .0 .0 .0 .0 .0 .0 .0 .0 .0 .0
 .0 .0 .0 .0 .0 .0 .0 .0 .0 .0 .0 .0 .0 .0 .0 .0
 KPPBDRY	= 0 0 0 0 0 0 0 0 0 0 0 0 0 0 0 0 0 0 0 0 0 0 0 0 0 0 0 0 0 0
 0 0 0 0 0 0
 KPP2BDRY	= 0 0 0 0 0 0 0 0 0 0 0 0 0 0 0 0 0 0 0 0 0 0 0 0 0 0 0 0 0 0
 0 0 0 0 0 0
 FFBDRY	= -3.25569296652727 9.12522232583789 -5.77194249880727 .0 .0 .0
 .0 .0 .0 .0 .0 .0 .0 .0 .0 .0 .0 .0 .0 .0 .0 .0 .0 .0 .0 .0 .0 .0 .0
 .0 .0 .0 .0 .0 .0 .0
 FF2BDRY	= .0 .0 .0 .0 .0 .0 .0 .0 .0 .0 .0 .0 .0 .0 .0 .0 .0 .0 .0 .0
 .0 .0 .0 .0 .0 .0 .0 .0 .0 .0 .0 .0 .0 .0 .0 .0
 KFFBDRY	= 0 0 0 0 0 0 0 0 0 0 0 0 0 0 0 0 0 0 0 0 0 0 0 0 0 0 0 0 0 0
 0 0 0 0 0 0
 KFF2BDRY	= 0 0 0 0 0 0 0 0 0 0 0 0 0 0 0 0 0 0 0 0 0 0 0 0 0 0 0 0 0 0
 0 0 0 0 0 0
 WWBDRY	= 1385.099084884976 -1156141.13439455 .0 .0 .0 .0 .0 .0 .0 .0
 .0 .0 .0 .0 .0 .0 .0 .0 .0 .0 .0 .0 .0 .0 .0 .0 .0 .0 .0 .0 .0 .0 .0
 .0 .0 .0
 WW2BDRY	= .0 .0 .0 .0 .0 .0 .0 .0 .0 .0 .0 .0 .0 .0 .0 .0 .0 .0 .0 .0
 .0 .0 .0 .0 .0 .0 .0 .0 .0 .0 .0 .0 .0 .0 .0 .0
 KWWBDRY	= 0 0 0 0 0 0 0 0 0 0 0 0 0 0 0 0 0 0 0 0 0 0 0 0 0 0 0 0 0 0
 0 0 0 0 0 0
 KWW2BDRY	= 0 0 0 0 0 0 0 0 0 0 0 0 0 0 0 0 0 0 0 0 0 0 0 0 0 0 0 0 0 0
 0 0 0 0 0 0
 KEEFNC	= 0
 KEEKNT	= 0
 EEKNT	= .0 .0 .0 .0 .0 .0 .0 .0 .0 .0 .0 .0 .0 .0 .0 .0 .0 .0
 EETENS	= 5.0
 EEBDRY	= .0 .0 .0 .0 .0 .0 .0 .0 .0 .0 .0 .0 .0 .0 .0 .0 .0 .0
 EE2BDRY	= .0 .0 .0 .0 .0 .0 .0 .0 .0 .0 .0 .0 .0 .0 .0 .0 .0 .0
 KEEBDRY	= 0 0 0 0 0 0 0 0 0 0 0 0 0 0 0 0 0 0
 KEE2BDRY	= 0 0 0 0 0 0 0 0 0 0 0 0 0 0 0 0 0 0
 $END
 $CHIOUT
 SAISIL	= .2400673860558169 5.715014747700858E-02 .1246459398774054
 8.105473957256705E-02 .2901179320918925 2.845630111051197E-03 .0
 8.937407707413506E-02 9.774791243546202E-02 4.458175776914542E-03
 .3969953974508841 8.538534825349400E-03 1.36543819857682
 5.93231490866234 5.376582650311362E-03 .0 .6136034060393362
 9.331360162217466E-02 2.136395177104286E-02 2.579931551227750E-02
 .2228462213955577 .6874068238597377 .3015452027258385
 .5145778858953745 .9651681214175084 .194578629747634 .2383883372583226
 2.812886123731719E-02 9.498272087901944E-04 2.850631228108453E-02
 2.118143911086666E-02 .1847923769125884 3.80073813156691
 1.34367190623189 .2376148778430248 .6729414480634445
 2.020349640694846E-02 4.355437324991302E-02 .1083537507837987
 .1076689335409347 9.275413487955655E-02
 SAIMPI	= .4099325438371714 .0 .0 1.708188533753243E-03
 .2217643895259453 .0 .0 .0 .0 .0 .0 2.60989383300245 .3545240213729897
 .0 .1236293510249109 .0 .0 .0 1.869917488195735E-02 .0
 .1218440602746803 .0 .0 3.874270557720665E-03 6.470644157699621E-03
 .112124470256829 1.912554522628141E-02 .3291879755814174
 .1120945116192586 1.55564243124073 .2619355742486439
 6.418266432075496E-03 .1588179745796787 .1547247274512919
 .1795206500050648 5.246465767399827E-02 .1765538936410483
 .2724397108685462 7.639456491155405E-03 8.293715464896394E-02
 .2126143068448261 1.226295251629491E-02 1.772258079846284E-02
 1.338441589846201E-02 8.082628716700561E-02 .7784281132797757
 .3421809811831442 2.256470708789372E-02 5.693349647360475E-02
 3.696440932206641E-02 8.648534410878485E-02 1.320583133225642E-03
 .1626011634867924 .2560112412346805 2.713552494852496E-02
 .1195327893461615 1.530501256183084E-03 1.132452816020843E-02
 .8086265544285981 .6545387918878772 .154733276316167 .2608698669212884
 .6339700194294529 3.894709659817637E-02 2.453656645627996E-03 .0
 1.43353286890716 .1041607005664792 .842809104549892 .4343515987088516
 .4530169161044776 .6846628448513703 .0
 SAIPR	= .0
 SAIIP	= 4.672881615703364E-04
 $END
  000570  18-Jan-2001 13:29:04 106535.02110 MAG
