 17-Feb-99 01/20/99  
 98128               1
   .250000000E+04
*2500.00              1               0 SNB   3   1 CLC    35   35
   .185214804E+02  .169550000E+03 -.200455559E+01  .971561625E+06
   .974236050E+06  .169240004E+03 -.108836578E+02  .585581722E+02
   .177382018E+01  .185542053E+00  .330020472E+00  .181218305E+08
   .169477845E+03  .976773409E+00  .643209128E+01  .238058211E+00
   .165638013E+00  .133163520E+01  .908183130E+01  .757278381E+01
   .365821848E+02  .194336654E+02  .459257192E+01 -.105586493E+01
   .204490479E+03  .151473184E+03  .112263599E+03
   .224516738E+14  .210776486E+14  .198458119E+14
   .117046312E+03
   .201302870E+14
   .549263078E+01  .240754520E+00  .211838520E+01  .637352847E+00
   .561522650E+00  .107797825E+02 -.500000000E+02 -.500000000E+02
  -.500000000E+02 -.425821634E-01  .174260402E+05  .103839449E+06
   .681675774E-03  .128884709E+01  .950762935E+00 -.225642950E-01
   .139298581E+01  .154013841E+03  .000000000E+00  .000000000E+00
   .149914608E+03 -.114755325E+03 -.999000000E+03 -.999000000E+03
   .784744638E+01 -.500000000E+02 -.203245852E+01 -.196245582E+01
   .111304121E+02  .414065478E+02  .501693878E+02  .757278381E+01
   .173187287E+03  .161248097E+01  .243418832E+00  .150169939E+03
   .154781527E+00  .222455056E+00  .970334538E+05 -.229610424E-04
   .709765971E+00  .140327284E+03  .114647447E+01  .100000000E+02
    41   68   18    6
  -.137843409E+00 -.124594024E+00 -.104003505E+00 -.920233445E-01
  -.861247209E-01 -.244030282E+00 -.209668962E+00 -.832227331E-01
  -.106859892E+00 -.133586709E+00 -.133551169E+00 -.131343602E+00
  -.720083522E-01 -.406333505E-01 -.276772971E+00 -.240205917E+00
  -.158177503E-01 -.118963578E-01 -.122407482E+00 -.120588965E+00
  -.107849267E+00 -.948002934E-01 -.908852160E-01 -.849134601E-01
  -.105548130E+00 -.194575952E+00 -.180018459E+00 -.265975895E+00
  -.214300502E+00 -.122133368E+00 -.126984489E+00 -.976177080E-01
  -.601208190E-01 -.351075719E-01 -.607188611E-01 -.204010588E+00
  -.193407462E+00 -.305625324E+00 -.245880231E+00 -.266830696E-01
  -.232494606E-01  .424447100E+00  .426740503E+00  .294715249E+00
   .121489556E+00  .405273162E-01  .202690987E-01  .661626146E-02
   .304360126E-01  .647263259E-01  .125305529E+00  .178387370E+00
   .189718170E+00  .266172882E+00  .264216752E+00  .231168305E+00
   .398260052E+00  .302091901E+00  .241735923E+00  .599963816E-01
  -.230335949E-01 -.787246898E-01 -.539154107E-01 -.917717724E-01
   .744197870E-01  .166632102E+00  .209791587E+00  .211716610E+00
   .295040725E+00  .275584886E+00  .317559351E-02  .215223931E-01
   .313133893E-01  .646902831E-01  .900295225E-01  .132340440E+00
   .178473524E+00  .190848258E+00  .267553801E+00  .263831698E+00
   .230552138E+00  .277234456E+00  .293830843E+00  .212789820E+00
   .209938599E+00  .163676369E+00  .742713229E-01 -.893550250E-01
  -.543657287E-01 -.778527717E-01 -.225143371E-01  .592296894E-01
   .242250705E+00  .304376255E+00  .398553351E+00  .424972301E+00
   .426300958E+00  .293283830E+00  .128299545E+00  .383947448E-01
   .180258273E-01  .463502999E-01  .605869920E-01  .793419459E-01
   .661173063E-01  .137748760E-01  .168307121E-01 -.571620030E-01
  -.928965383E-01
  -.131846372E+06 -.724869087E+05  .489985379E+04  .526820346E+05
   .470522736E+05 -.160463663E+06 -.975047265E+05  .349882810E+05
   .365095949E+04 -.100773542E+06 -.751101584E+05 -.108332690E+06
   .922851377E+05  .842335038E+05 -.194436082E+06 -.141071430E+06
   .859571155E+05  .971731694E+05
  -.177571563E+05 -.174446445E+05 -.176984590E+05 -.173829688E+05
  -.176736758E+05 -.174113184E+05
   .000000000E+00  .115784456E+03 -.136600000E+03  .170535439E+03
  -.136749998E+03  .000000000E+00  .000000000E+00  .000000000E+00
   .000000000E+00  .000000000E+00  .774189979E+02  .000000000E+00
   .795087361E-01  .502406476E-01 -.400000000E+02 -.141027741E+00
  -.832101608E+00  .100000000E+01  .999000000E+03  .362761594E+01
   .162966609E+02  .950762935E+00  .000000000E+00  .169663439E+00
   .373180653E+01  .793760451E+01  .487993704E+01  .000000000E+00
   .745704536E-02  .293917484E-01  .110681831E+01  .227617838E+01
   .525772092E+02  .541701404E+01  .000000000E+00  .000000000E+00
                                            MAG
