 22-Aug-00 04/26/2000
 103818               1
  0.818000000E+03
* 818.000             1               0 SNT   3   1 CLC    35   39
  0.122592816E+02 0.169550000E+03-0.200228475E+01-0.111440438E+07
 -0.110844894E+07 0.169914203E+03 0.566184169E+01 0.577880802E+02
  0.186098338E+01 0.733848765E+00 0.291612100E+00 0.195364116E+08
  0.167511846E+03-0.281520182E+01 0.638766822E+01 0.373680992E+00
  0.223271360E+00 0.805396992E+00 0.105261532E+02 0.769790969E+01
  0.962199480E+01 0.229039211E+02 0.496922464E+01-0.923214494E+00
  0.206544535E+03 0.162322036E+03 0.124672570E+03
  0.158489092E+14 0.151580677E+14 0.130887267E+14
  0.115463902E+03
  0.167451584E+14
  0.381708102E+01 0.258480596E+00 0.199594366E+01 0.286268763E+00
  0.612438465E+00 0.787603236E+01-0.500000000E+02-0.500000000E+02
 -0.500000000E+02-0.264367441E+00 0.188548207E+05 0.173934248E+06
  0.998055725E-04 0.166328935E+01 0.244351497E+01-0.241145737E-01
  0.150718039E+01 0.144022656E+03 0.000000000E+00 0.000000000E+00
  0.116351797E+03-0.123357175E+03 0.127506492E+03 0.113204498E+03
 -0.100000000E+03-0.500000000E+02-0.201879989E+01-0.197508521E+01
  0.100000000E+03 0.100000000E+03 0.439213188E+02 0.769790969E+01
  0.171884929E+03-0.477141946E+01-0.474688707E+00 0.000000000E+00
  0.224668080E+00 0.376018632E+00 0.175022330E+06-0.243194942E-04
 -0.158500087E+01 0.000000000E+00 0.104814670E+01 0.100000000E+02
    41   73   18    6
 -0.164734840E+00-0.151971458E+00-0.200080840E+00-0.258901205E+00
 -0.309060485E+00-0.557590742E-01-0.560869511E-01-0.323938203E+00
 -0.124910080E+00-0.159666620E+00-0.174116339E+00-0.196383844E+00
 -0.230814183E+00-0.252533275E+00-0.654374611E-01-0.109599721E+00
 -0.244208693E+00-0.106880679E+00-0.176282593E+00-0.168984810E+00
 -0.182771350E+00-0.234516609E+00-0.275457715E+00-0.308545911E+00
 -0.147084895E+00-0.748417608E-01-0.924157020E-01-0.405306430E-01
 -0.868040220E-01-0.178468003E+00-0.192786180E+00-0.217238512E+00
 -0.236217652E+00-0.246792017E+00-0.127355563E+00-0.115613572E+00
 -0.138687349E+00-0.568181272E-01-0.106583601E+00-0.212728025E+00
 -0.158248389E+00-0.431698176E+00-0.406198067E+00-0.407135811E+00
 -0.188295456E+00-0.426962498E-01 0.873673854E-01 0.126511850E+00
 -0.822464123E-01-0.154188210E+00-0.166106855E+00-0.215908680E+00
 -0.204213915E+00-0.257807510E+00-0.259775520E+00-0.224463944E+00
 -0.450111854E+00-0.344645367E+00-0.191773096E+00-0.339166586E-01
  0.397219923E-01 0.175498991E-01-0.863135691E-01-0.196596452E+00
 -0.106843150E+00-0.156503863E+00-0.187246599E+00-0.204010446E+00
 -0.267884877E+00-0.266533011E+00 0.143143416E+00 0.284570432E-01
 -0.119254911E+00-0.156093292E+00-0.142766141E+00-0.173081390E+00
 -0.215698341E+00-0.204809475E+00-0.259564646E+00-0.259403251E+00
 -0.224002527E+00-0.267694431E+00-0.266816831E+00-0.204892460E+00
 -0.187684435E+00-0.154954974E+00-0.106809165E+00-0.194041774E+00
 -0.943657967E-01 0.155322407E-01 0.371738966E-01-0.327718200E-01
 -0.194134851E+00-0.347596163E+00-0.449797516E+00-0.431481240E+00
 -0.406693591E+00-0.404425046E+00-0.198127171E+00-0.410658278E-01
  0.966905736E-01-0.120480128E+00-0.133812178E+00-0.125070480E+00
 -0.112672340E+00 0.540003341E-01 0.164219733E-01 0.110688718E+00
  0.128771106E+00 0.808216967E-01 0.103341120E+00-0.130759461E+00
 -0.753217833E-01-0.205928754E-01
  0.793287413E+05 0.162507905E+06 0.182787013E+05-0.122875621E+06
 -0.178487738E+06 0.170966441E+06 0.141108940E+06-0.196046874E+06
  0.139434791E+06 0.133876353E+06 0.789408295E+05 0.225445749E+05
 -0.982793369E+05-0.119297332E+06 0.179486654E+06 0.875500786E+05
 -0.924961048E+05 0.136276887E+06
 -0.161470264E+05-0.154820107E+05-0.158411846E+05-0.153914482E+05
 -0.159845488E+05-0.156077549E+05
 -0.710700000E+07 0.113573557E+03 0.116930588E+03 0.134638354E+03
  0.134800000E+03 0.000000000E+00 0.000000000E+00 0.000000000E+00
  0.000000000E+00 0.000000000E+00 0.766911694E+02 0.000000000E+00
  0.242572718E+00-0.264227176E+01 0.440570178E+01 0.365692551E+00
 -0.626306780E+00 0.000000000E+00 0.999000000E+03 0.147337325E+01
  0.110640435E+02 0.227682453E+01 0.929826318E+01-0.266118603E+00
 -0.999000000E+03-0.999000000E+03 0.510872243E+01 0.321257120E+00
  0.237001189E+00 0.233288464E+02 0.112225672E+01 0.227645858E+01
  0.551201681E+02 0.116946881E+01 0.962199480E+01 0.132845285E+02
  0.415469802E+01 0.945841381E+00 0.334731349E+01 0.786122648E+00
  0.125220071E+01 0.113573557E+03 0.116930588E+03 0.105321130E+03
 -0.126621133E+03 0.134638354E+03 0.134800000E+03 0.120778253E+03
 -0.136599998E+03 0.513656221E+08 0.000000000E+00 0.000000000E+00
                                            MSE
