  EFITD    10/01/97      # 94133 , 875ms           3  33  65
  .170000000E+01  .320000000E+01  .169550000E+01  .840000000E+00  .000000000E+00
  .171540342E+01 -.960118903E-02 -.248320001E+00 -.946316443E-01 -.207941032E+01
  .776428991E+06 -.248320001E+00  .000000000E+00  .171540342E+01  .000000000E+00
 -.960118903E-02  .000000000E+00 -.946316443E-01  .000000000E+00  .000000000E+00
 -.353647106E+01 -.353601465E+01 -.353554624E+01 -.353506777E+01 -.353458119E+01
 -.353408847E+01 -.353359157E+01 -.353309243E+01 -.353259303E+01 -.353209533E+01
 -.353160128E+01 -.353111285E+01 -.353063200E+01 -.353016071E+01 -.352970094E+01
 -.352925465E+01 -.352882381E+01 -.352841040E+01 -.352801638E+01 -.352764373E+01
 -.352729441E+01 -.352697040E+01 -.352667367E+01 -.352640618E+01 -.352616992E+01
 -.352596685E+01 -.352579894E+01 -.352566817E+01 -.352557650E+01 -.352552590E+01
 -.352551834E+01 -.352555579E+01 -.352564020E+01
  .332670959E+05  .319100407E+05  .305264090E+05  .291209066E+05  .276982391E+05
  .262631125E+05  .248202323E+05  .233743046E+05  .219300349E+05  .204921291E+05
  .190652929E+05  .176542321E+05  .162636526E+05  .148982600E+05  .135627601E+05
  .122618587E+05  .110002617E+05  .978267462E+04  .861380340E+04  .749835378E+04
  .644103152E+04  .544654240E+04  .451959219E+04  .366488666E+04  .288713159E+04
  .219103274E+04  .158129589E+04  .106262681E+04  .639731274E+03  .317315053E+03
  .100083919E+03 -.725635625E+01  .000000000E+00
 -.331284010E+00 -.340805705E+00 -.348884773E+00 -.355521213E+00 -.360715026E+00
 -.364466211E+00 -.366774769E+00 -.367640700E+00 -.367064003E+00 -.365044679E+00
 -.361582728E+00 -.356678149E+00 -.350330943E+00 -.342541109E+00 -.333308648E+00
 -.322633559E+00 -.310515844E+00 -.296955500E+00 -.281952530E+00 -.265506932E+00
 -.247618707E+00 -.228287854E+00 -.207514374E+00 -.185298266E+00 -.161639531E+00
 -.136538169E+00 -.109994179E+00 -.820075623E-01 -.525783178E-01 -.217064460E-01
  .106080532E-01  .443651798E-01  .795649338E-01
 -.279545540E+06 -.285569037E+06 -.290612729E+06 -.294676615E+06 -.297760696E+06
 -.299864971E+06 -.300989440E+06 -.301134104E+06 -.300298962E+06 -.298484015E+06
 -.295689262E+06 -.291914704E+06 -.287160340E+06 -.281426170E+06 -.274712195E+06
 -.267018415E+06 -.258344828E+06 -.248691437E+06 -.238058239E+06 -.226445236E+06
 -.213852428E+06 -.200279814E+06 -.185727394E+06 -.170195169E+06 -.153683138E+06
 -.136191301E+06 -.117719659E+06 -.982682118E+05 -.778369587E+05 -.564259000E+05
 -.340350358E+05 -.106643659E+05  .136861095E+05
 -.878887714E-01 -.975656998E-01 -.108089848E+00 -.118711656E+00 -.129627075E+00
 -.124605635E+00 -.130243312E+00 -.126685581E+00 -.123012457E+00 -.110093953E+00
 -.844007465E-01 -.587997027E-01 -.349008187E-01 -.919546882E-02  .219143302E-01
  .592390904E-01  .783985030E-01  .796977012E-01  .607099418E-01  .483100138E-01
  .418289361E-01  .386801322E-01  .376101495E-01  .379227350E-01  .391785736E-01
  .410640319E-01  .433320206E-01  .457770488E-01  .482279328E-01  .505492382E-01
  .526450546E-01  .544603111E-01  .559771398E-01 -.922260534E-01 -.103502035E+00
 -.116982690E+00 -.132561258E+00 -.134881341E+00 -.127903898E+00 -.126867258E+00
 -.122805029E+00 -.115793853E+00 -.102885053E+00 -.824713784E-01 -.596003907E-01
 -.365493385E-01 -.112572152E-01  .194646372E-01  .567995877E-01  .759750877E-01
  .776279750E-01  .588350543E-01  .469814212E-01  .408858841E-01  .381014674E-01
  .374344567E-01  .382024096E-01  .399582259E-01  .423691352E-01  .451607383E-01
  .480946468E-01  .509660075E-01  .536117915E-01  .559210788E-01  .578395645E-01
  .593642188E-01 -.955542523E-01 -.107853019E+00 -.124801667E+00 -.134473327E+00
 -.131836927E+00 -.125121665E+00 -.120252679E+00 -.114671578E+00 -.106411461E+00
 -.944481846E-01 -.784852195E-01 -.597340614E-01 -.393215184E-01 -.168901113E-01
  .843271298E-02  .344019677E-01  .503776934E-01  .543524372E-01  .473627396E-01
  .407573474E-01  .370594891E-01  .356757920E-01  .360230052E-01  .376534183E-01
  .402136403E-01  .433999043E-01  .469300009E-01  .505346835E-01  .539678915E-01
  .570299277E-01  .595915320E-01  .616052695E-01  .630969826E-01 -.977932756E-01
 -.109370149E+00 -.123768812E+00 -.127814401E+00 -.124422510E+00 -.119686433E+00
 -.114532635E+00 -.108360842E+00 -.100225814E+00 -.895120434E-01 -.761118803E-01
 -.604697004E-01 -.431373643E-01 -.244306075E-01 -.496075939E-02  .130259781E-01
  .259443787E-01  .321420677E-01  .328748238E-01  .317420606E-01  .311439945E-01
  .317292640E-01  .335142844E-01  .363377115E-01  .399831943E-01  .442023269E-01
  .487134341E-01  .532072826E-01  .573753100E-01  .609592256E-01  .638019935E-01
  .658728760E-01  .672515740E-01 -.995690146E-01 -.109053570E+00 -.117325918E+00
 -.119486345E+00 -.117700373E+00 -.114164048E+00 -.109480858E+00 -.103568436E+00
 -.960498763E-01 -.866195159E-01 -.752265300E-01 -.620969550E-01 -.476153285E-01
 -.322714128E-01 -.168754993E-01 -.283323013E-02  .823203412E-02  .155164925E-01
  .195897570E-01  .219849224E-01  .241105812E-01  .267311806E-01  .301357029E-01
  .343655520E-01  .393292839E-01  .448385476E-01  .506091555E-01  .562668590E-01
  .613944615E-01  .656275563E-01  .687594465E-01  .707941212E-01  .719132692E-01
 -.102488360E+00 -.109909582E+00 -.112902141E+00 -.113641355E+00 -.112272380E+00
 -.109376178E+00 -.105267851E+00 -.999569809E-01 -.932922785E-01 -.851348541E-01
 -.754746705E-01 -.644672326E-01 -.524161045E-01 -.397731851E-01 -.271947311E-01
 -.155451659E-01 -.566388169E-02  .204084424E-02  .781863159E-02  .124096946E-01
  .166299037E-01  .210792804E-01  .260993637E-01  .318367824E-01  .382970004E-01
  .453543782E-01  .527213089E-01  .599171527E-01  .663255851E-01  .713760012E-01
  .747642478E-01  .765653824E-01  .771634152E-01 -.108939598E+00 -.113309488E+00
 -.110603395E+00 -.109671211E+00 -.108045206E+00 -.105464859E+00 -.101906912E+00
 -.973172723E-01 -.916015274E-01 -.846862501E-01 -.765782584E-01 -.673949734E-01
 -.573704919E-01 -.468571962E-01 -.363239401E-01 -.263088546E-01 -.172837334E-01
 -.947475640E-02 -.276622536E-02  .323277581E-02  .901251098E-02  .150079732E-01
  .215348855E-01  .287903621E-01  .368653783E-01  .457260401E-01  .551206173E-01
  .644147233E-01  .726183116E-01  .787378235E-01  .822702629E-01  .834335777E-01
  .830410533E-01 -.103778957E+00 -.109068888E+00 -.108045632E+00 -.106404620E+00
 -.104586723E+00 -.102280066E+00 -.992882297E-01 -.954789504E-01 -.907503326E-01
 -.850406600E-01 -.783511204E-01 -.707627481E-01 -.624426573E-01 -.536411898E-01
 -.446748638E-01 -.358810701E-01 -.275385717E-01 -.197800264E-01 -.125463987E-01
 -.561351281E-02  .132916712E-02  .859841331E-02  .164716606E-01  .251770953E-01
  .348994776E-01  .457694288E-01  .577483899E-01  .700567590E-01  .809849887E-01
  .885989275E-01  .920031558E-01  .916792990E-01  .894321999E-01 -.106231547E+00
 -.109551255E+00 -.105236163E+00 -.103220250E+00 -.101493446E+00 -.995986549E-01
 -.972600340E-01 -.942953889E-01 -.905830270E-01 -.860520706E-01 -.806850708E-01
 -.745242502E-01 -.676740447E-01 -.602970985E-01 -.525967092E-01 -.447824105E-01
 -.370217998E-01 -.293938405E-01 -.218640656E-01 -.142938754E-01 -.647578766E-02
  .182731491E-02  .108584429E-01  .208663172E-01  .321293147E-01  .450063704E-01
  .600317595E-01  .780544033E-01  .943891765E-01  .104439777E+00  .107065885E+00
  .101214235E+00  .957929895E-01 -.984837571E-01 -.103007759E+00 -.101412863E+00
 -.997588348E-01 -.984938234E-01 -.972356577E-01 -.956883685E-01 -.936524205E-01
 -.909953808E-01 -.876352133E-01 -.835314402E-01 -.786867812E-01 -.731476716E-01
 -.670049465E-01 -.603794216E-01 -.533964554E-01 -.461547857E-01 -.387003120E-01
 -.310104282E-01 -.229952824E-01 -.145119917E-01 -.538128621E-02  .460493147E-02
  .156947166E-01  .282174989E-01  .426851247E-01  .600545549E-01  .824616794E-01
  .104754095E+00  .117528127E+00  .119864656E+00  .109599189E+00  .100880689E+00
 -.966269926E-01 -.100116876E+00 -.968413466E-01 -.958742537E-01 -.954551217E-01
 -.950858342E-01 -.944878595E-01 -.934766636E-01 -.919255452E-01 -.897498949E-01
 -.868855448E-01 -.832962032E-01 -.789706094E-01 -.739412559E-01 -.682695144E-01
 -.620245942E-01 -.552595739E-01 -.479999795E-01 -.402313860E-01 -.318969643E-01
 -.229011235E-01 -.131141122E-01 -.237098170E-02  .954294972E-02  .229312032E-01
  .382713727E-01  .563869469E-01  .787408437E-01  .104913506E+00  .119649428E+00
  .122642038E+00  .113430849E+00  .103169669E+00 -.863688165E-01 -.906322008E-01
 -.909311150E-01 -.915612860E-01 -.923837900E-01 -.931331518E-01 -.936302826E-01
 -.937363691E-01 -.933451786E-01 -.923892558E-01 -.907746006E-01 -.884290338E-01
 -.852679032E-01 -.812795251E-01 -.764850841E-01 -.709190940E-01 -.645989014E-01
 -.575398287E-01 -.497362734E-01 -.411593092E-01 -.317547478E-01 -.214416392E-01
 -.101090549E-01  .239345274E-02  .162759947E-01  .318414124E-01  .495225204E-01
  .698933180E-01  .946450382E-01  .108385651E+00  .113657165E+00  .110404089E+00
  .101624098E+00 -.764468720E-01 -.809503165E-01 -.844942622E-01 -.871451243E-01
 -.894261060E-01 -.914380788E-01 -.931369914E-01 -.944356635E-01 -.952439153E-01
 -.955694483E-01 -.952454657E-01 -.941944557E-01 -.921837303E-01 -.891946625E-01
 -.852263127E-01 -.803055959E-01 -.744005847E-01 -.675328021E-01 -.597067058E-01
 -.509218609E-01 -.411656116E-01 -.304074955E-01 -.185978512E-01 -.566697062E-02
  .847329942E-02  .239148160E-01  .406906807E-01  .585522483E-01  .760608941E-01
  .894367388E-01  .968765714E-01  .985675634E-01  .970054061E-01 -.686192963E-01
 -.734606834E-01 -.788867983E-01 -.831134083E-01 -.867887746E-01 -.900968937E-01
 -.930601047E-01 -.956123431E-01 -.978369664E-01 -.995596591E-01 -.100590361E+00
 -.100759956E+00 -.998860081E-01 -.978685521E-01 -.946761935E-01 -.904045963E-01
 -.848730435E-01 -.781721521E-01 -.703051192E-01 -.613059435E-01 -.512077597E-01
 -.400312235E-01 -.277884711E-01 -.144898920E-01 -.159891378E-03  .151255469E-01
  .311514547E-01  .473737620E-01  .626221817E-01  .752402339E-01  .841397841E-01
  .893480824E-01  .919465858E-01 -.640337336E-01 -.686607083E-01 -.743719113E-01
 -.797065072E-01 -.846134901E-01 -.891876483E-01 -.934573413E-01 -.973957417E-01
 -.101078404E+00 -.104262891E+00 -.106715269E+00 -.108217738E+00 -.108569877E+00
 -.107619298E+00 -.105267819E+00 -.101475984E+00 -.962079567E-01 -.896448678E-01
 -.816828933E-01 -.724186546E-01 -.619409843E-01 -.503178927E-01 -.376176456E-01
 -.239182972E-01 -.932757509E-02  .597913091E-02  .216929898E-01  .372798295E-01
  .519277133E-01  .647067416E-01  .749557851E-01  .825570904E-01  .879059656E-01
 -.583727030E-01 -.637237116E-01 -.706316572E-01 -.769139129E-01 -.829342992E-01
 -.887305907E-01 -.943123812E-01 -.997019834E-01 -.104879233E+00 -.109557836E+00
 -.113466198E+00 -.116350282E+00 -.117979819E+00 -.118161172E+00 -.116743741E+00
 -.113623686E+00 -.108745508E+00 -.102158601E+00 -.939869274E-01 -.843541298E-01
 -.734156634E-01 -.612679271E-01 -.480272802E-01 -.338230366E-01 -.188148795E-01
 -.322190589E-02  .126377684E-01  .283104073E-01  .432122891E-01  .567259295E-01
  .683664116E-01  .779079192E-01  .853873197E-01 -.558499259E-01 -.606984438E-01
 -.675181570E-01 -.746321267E-01 -.817146133E-01 -.887035478E-01 -.955592710E-01
 -.102454862E+00 -.109136744E+00 -.115306961E+00 -.120667088E+00 -.124934620E+00
 -.127852013E+00 -.129194070E+00 -.128772337E+00 -.126439014E+00 -.122094988E+00
 -.115713319E+00 -.107351040E+00 -.971842086E-01 -.856768876E-01 -.728832018E-01
 -.589741968E-01 -.441155811E-01 -.284940130E-01 -.123371210E-01  .406338122E-02
  .203355612E-01  .360356343E-01  .506931602E-01  .638798331E-01  .752664888E-01
  .846461774E-01 -.507892083E-01 -.565795625E-01 -.646724978E-01 -.727291406E-01
 -.808968317E-01 -.890906171E-01 -.972728120E-01 -.105603334E+00 -.113746969E+00
 -.121367412E+00 -.128137690E+00 -.133751098E+00 -.137928389E+00 -.140421892E+00
 -.141017291E+00 -.139535567E+00 -.135839111E+00 -.129846880E+00 -.121557141E+00
 -.111092210E+00 -.987781803E-01 -.851677631E-01 -.704299614E-01 -.547434108E-01
 -.383039760E-01 -.213268373E-01 -.406166058E-02  .131950348E-01  .300968745E-01
  .462541880E-01  .612432897E-01  .746159568E-01  .859285303E-01 -.483584165E-01
 -.536785392E-01 -.620034387E-01 -.711194015E-01 -.804307008E-01 -.898400195E-01
 -.993452457E-01 -.109056161E+00 -.118596365E+00 -.127596513E+00 -.135704373E+00
 -.142593824E+00 -.147970129E+00 -.151571414E+00 -.153167606E+00 -.152559325E+00
 -.149580404E+00 -.144108250E+00 -.136085876E+00 -.125562712E+00 -.112756122E+00
 -.981120330E-01 -.823733269E-01 -.656767835E-01 -.482253599E-01 -.302079571E-01
 -.118210045E-01  .671650848E-02  .251480740E-01  .431553598E-01  .603136623E-01
  .760356193E-01  .895718350E-01 -.428147034E-01 -.487639772E-01 -.593363918E-01
 -.698143912E-01 -.803057926E-01 -.909097151E-01 -.101698475E+00 -.112720708E+00
 -.123572693E+00 -.133859331E+00 -.143208279E+00 -.151279224E+00 -.157767934E+00
 -.162405552E+00 -.164954702E+00 -.165205019E+00 -.162971587E+00 -.158100549E+00
 -.150486698E+00 -.140108858E+00 -.127086797E+00 -.111758688E+00 -.947874991E-01
 -.768923804E-01 -.582576616E-01 -.390263557E-01 -.193286251E-01  .705931712E-03
  .209297593E-01  .411341831E-01  .609503550E-01  .796679252E-01  .960850215E-01
 -.386187133E-01 -.452009835E-01 -.573444516E-01 -.689723112E-01 -.805494049E-01
 -.922698342E-01 -.104268053E+00 -.116511388E+00 -.128572128E+00 -.140034463E+00
 -.150510784E+00 -.159651449E+00 -.167147980E+00 -.172730488E+00 -.176161122E+00
 -.177226255E+00 -.175730839E+00 -.171499101E+00 -.164386557E+00 -.154309115E+00
 -.141294633E+00 -.125560073E+00 -.107612615E+00 -.883475183E-01 -.683987463E-01
 -.478375435E-01 -.267173622E-01 -.506405092E-02  .171172548E-01  .398077951E-01
  .628585052E-01  .856319126E-01  .106251350E+00 -.378110032E-01 -.442380159E-01
 -.562690041E-01 -.686896273E-01 -.811774554E-01 -.938846872E-01 -.106994377E+00
 -.120350565E+00 -.133502224E+00 -.146016968E+00 -.157496029E+00 -.167584448E+00
 -.175973682E+00 -.182397385E+00 -.186622423E+00 -.188437944E+00 -.187645876E+00
 -.184056894E+00 -.177496722E+00 -.167828642E+00 -.154998629E+00 -.139108559E+00
 -.120518027E+00 -.999601142E-01 -.786305588E-01 -.566900180E-01 -.341240997E-01
 -.108504592E-01  .132925195E-01  .385598099E-01  .652843064E-01  .936782171E-01
  .121956685E+00 -.346867775E-01 -.421649735E-01 -.558475461E-01 -.689419163E-01
 -.821681312E-01 -.956881692E-01 -.109820129E+00 -.124168511E+00 -.138282443E+00
 -.151718833E+00 -.164070881E+00 -.174981165E+00 -.184144034E+00 -.191299883E+00
 -.196223942E+00 -.198712531E+00 -.198570098E+00 -.195600887E+00 -.189609904E+00
 -.180419057E+00 -.167905592E+00 -.152070371E+00 -.133141571E+00 -.111713460E+00
 -.889184767E-01 -.656077915E-01 -.416640351E-01 -.169058708E-01  .898145770E-02
  .365299811E-01  .666505066E-01  .101067061E+00  .146836168E+00 -.367040916E-01
 -.435633316E-01 -.561933088E-01 -.696719536E-01 -.834905534E-01 -.977476743E-01
 -.112711359E+00 -.127904068E+00 -.142842847E+00 -.157067508E+00 -.170162964E+00
 -.181770652E+00 -.191589563E+00 -.199368790E+00 -.204894201E+00 -.207972200E+00
 -.208413773E+00 -.206022437E+00 -.200590493E+00 -.191909336E+00 -.179801221E+00
 -.164181266E+00 -.145157521E+00 -.123169767E+00 -.991444249E-01 -.745642029E-01
 -.493944468E-01 -.234126054E-01  .378274405E-02  .328779744E-01  .650840752E-01
  .102634782E+00  .149894253E+00 -.335862642E-01 -.423898489E-01 -.569258017E-01
 -.707608267E-01 -.850492124E-01 -.999357434E-01 -.115590338E+00 -.131489320E+00
 -.147119460E+00 -.162003174E+00 -.175717605E+00 -.187903994E+00 -.198266970E+00
 -.206565302E+00 -.212596635E+00 -.216179092E+00 -.217132821E+00 -.215264852E+00
 -.210361385E+00 -.202193004E+00 -.190540301E+00 -.175249421E+00 -.156327622E+00
 -.134084822E+00 -.109314540E+00 -.834917419E-01 -.572836834E-01 -.304113359E-01
 -.246840443E-02  .271989503E-01  .596974521E-01  .970040859E-01  .141451981E+00
 -.387420086E-01 -.458816462E-01 -.582004529E-01 -.720709726E-01 -.867279275E-01
 -.102146118E+00 -.118374747E+00 -.134856587E+00 -.151054649E+00 -.166477002E+00
 -.180694731E+00 -.193349910E+00 -.204153365E+00 -.212873818E+00 -.219320930E+00
 -.223325125E+00 -.224717112E+00 -.223310278E+00 -.218889769E+00 -.211213447E+00
 -.200032123E+00 -.185138930E+00 -.166459340E+00 -.144190972E+00 -.118991170E+00
 -.921853808E-01 -.651818448E-01 -.377617841E-01 -.961116832E-02  .197299896E-01
  .509335214E-01  .849966970E-01  .123434072E+00 -.376926391E-01 -.456011486E-01
 -.592147449E-01 -.734059547E-01 -.884124835E-01 -.104286096E+00 -.120988956E+00
 -.137944114E+00 -.154598474E+00 -.170450004E+00 -.185066021E+00 -.198090500E+00
 -.209240720E+00 -.218295097E+00 -.225074863E+00 -.229422469E+00 -.231179552E+00
 -.230167433E+00 -.226173699E+00 -.218949769E+00 -.208226609E+00 -.193758577E+00
 -.175407676E+00 -.153279081E+00 -.127907645E+00 -.100462619E+00 -.728610169E-01
 -.451672242E-01 -.172016930E-01  .112472973E-01  .403379803E-01  .698793438E-01
  .981268505E-01 -.389854310E-01 -.468137875E-01 -.602408372E-01 -.747014514E-01
 -.900239017E-01 -.106281931E+00 -.123369070E+00 -.140699105E+00 -.157709415E+00
 -.173891888E+00 -.188812288E+00 -.202117393E+00 -.213530886E+00 -.222840199E+00
 -.229877149E+00 -.234495271E+00 -.236546641E+00 -.235860986E+00 -.232230402E+00
 -.225404322E+00 -.215101649E+00 -.201050031E+00 -.183065130E+00 -.161182776E+00
 -.135848956E+00 -.108150141E+00 -.800320654E-01 -.522348109E-01 -.246548719E-01
  .273120680E-02  .297580746E-01  .558161276E-01  .794265618E-01 -.393975097E-01
 -.474432288E-01 -.612467012E-01 -.759386902E-01 -.915139524E-01 -.108078455E+00
 -.125463846E+00 -.143078469E+00 -.160354160E+00 -.176779713E+00 -.191921068E+00
 -.205428374E+00 -.217031343E+00 -.226525391E+00 -.233751509E+00 -.238572854E+00
 -.240850768E+00 -.240422924E+00 -.237086736E+00 -.230592414E+00 -.220652391E+00
 -.206976972E+00 -.189349403E+00 -.167754534E+00 -.142569213E+00 -.114802054E+00
 -.863287692E-01 -.585444637E-01 -.314013878E-01 -.498128663E-02  .204322568E-01
  .442379126E-01  .654373928E-01 -.399491465E-01 -.482257998E-01 -.622732125E-01
 -.771041516E-01 -.928455414E-01 -.109632398E+00 -.127232640E+00 -.145048004E+00
 -.162506677E+00 -.179096385E+00 -.194384432E+00 -.208024521E+00 -.219751707E+00
 -.229368048E+00 -.236721976E+00 -.241684400E+00 -.244124221E+00 -.243885866E+00
 -.240771817E+00 -.234534371E+00 -.224883111E+00 -.211517807E+00 -.194199984E+00
 -.172877829E+00 -.147873832E+00 -.120124897E+00 -.914250506E-01 -.637294331E-01
 -.369882167E-01 -.113290816E-01  .129517142E-01  .353622940E-01  .552378661E-01
 -.414537999E-01 -.496507516E-01 -.633437803E-01 -.781755141E-01 -.939762217E-01
 -.110906074E+00 -.128643160E+00 -.146581210E+00 -.164147055E+00 -.180829183E+00
 -.196197089E+00 -.209907881E+00 -.221700986E+00 -.231383509E+00 -.238809336E+00
 -.243854964E+00 -.246394755E+00 -.246278127E+00 -.243311584E+00 -.237249674E+00
 -.227801195E+00 -.214660225E+00 -.197575050E+00 -.176469681E+00 -.151627210E+00
 -.123922650E+00 -.950415938E-01 -.675173575E-01 -.411043037E-01 -.159855926E-01
  .755748357E-02  .291315040E-01  .482709634E-01 -.414628321E-01 -.501210709E-01
 -.643684670E-01 -.791112884E-01 -.948365614E-01 -.111868262E+00 -.129671864E+00
 -.147658686E+00 -.165260455E+00 -.181968437E+00 -.197354822E+00 -.211079657E+00
 -.222885517E+00 -.232582770E+00 -.240028577E+00 -.245102660E+00 -.247682470E+00
 -.247620274E+00 -.244724992E+00 -.238752791E+00 -.229412691E+00 -.216396619E+00
 -.199446917E+00 -.178476023E+00 -.153748121E+00 -.126113217E+00 -.972435060E-01
 -.697729558E-01 -.435653063E-01 -.187780554E-01  .433665216E-02  .254500948E-01
  .442020600E-01 -.446937061E-01 -.527181894E-01 -.653874111E-01 -.798728641E-01
 -.955123804E-01 -.112523116E+00 -.130307442E+00 -.148267635E+00 -.165836074E+00
 -.182506409E+00 -.197853292E+00 -.211538908E+00 -.223307559E+00 -.232970941E+00
 -.240387211E+00 -.245436825E+00 -.247997807E+00 -.247922918E+00 -.245021567E+00
 -.239050466E+00 -.229719244E+00 -.216720463E+00 -.199796987E+00 -.178861375E+00
 -.154177135E+00 -.126592525E+00 -.977774569E-01 -.703630494E-01 -.442616188E-01
 -.196225910E-01  .331519445E-02  .242473775E-01  .428491890E-01 -.428944687E-01
 -.518022459E-01 -.658552939E-01 -.803671672E-01 -.959266000E-01 -.112848040E+00
 -.130537579E+00 -.148398404E+00 -.165865770E+00 -.182436398E+00 -.197687249E+00
 -.211281765E+00 -.222964467E+00 -.232546391E+00 -.239884357E+00 -.244857044E+00
 -.247340496E+00 -.247185564E+00 -.244200155E+00 -.238140328E+00 -.228716552E+00
 -.215624585E+00 -.198613977E+00 -.177608713E+00 -.152889222E+00 -.125324041E+00
 -.965915677E-01 -.692443320E-01 -.431573766E-01 -.184952143E-01  .449516701E-02
  .254929826E-01  .441471757E-01 -.450316329E-01 -.531410759E-01 -.662144647E-01
 -.806243214E-01 -.960631580E-01 -.112832613E+00 -.130355606E+00 -.148045383E+00
 -.165343947E+00 -.181752470E+00 -.196850269E+00 -.210301192E+00 -.221848482E+00
 -.231300535E+00 -.238510544E+00 -.243352952E+00 -.245699361E+00 -.245396434E+00
 -.242248749E+00 -.236010762E+00 -.226394305E+00 -.213101229E+00 -.195894249E+00
 -.174720421E+00 -.149896173E+00 -.122342502E+00 -.938169315E-01 -.664647253E-01
 -.402867205E-01 -.154227057E-01  .786472095E-02  .291993697E-01  .481357208E-01
 -.442515388E-01 -.526991575E-01 -.663734342E-01 -.806834895E-01 -.959370573E-01
 -.112482226E+00 -.129763292E+00 -.147208044E+00 -.164267935E+00 -.180449705E+00
 -.195335020E+00 -.208587315E+00 -.219947113E+00 -.229218282E+00 -.236248214E+00
 -.240904812E+00 -.243052982E+00 -.242533226E+00 -.239145407E+00 -.232642026E+00
 -.222737595E+00 -.209143883E+00 -.191644059E+00 -.170219785E+00 -.145239228E+00
 -.117692726E+00 -.894180372E-01 -.621007234E-01 -.357478516E-01 -.104895301E-01
  .133891272E-01  .354187977E-01  .549684082E-01 -.454532050E-01 -.535167448E-01
 -.665222951E-01 -.805908625E-01 -.955761505E-01 -.111813169E+00 -.128769946E+00
 -.145891045E+00 -.162638432E+00 -.178524822E+00 -.193134040E+00 -.206128325E+00
 -.217244165E+00 -.226279181E+00 -.233072989E+00 -.237484911E+00 -.239371260E+00
 -.238564897E+00 -.234860294E+00 -.228008642E+00 -.217729798E+00 -.203750937E+00
 -.185884699E+00 -.164159932E+00 -.139011038E+00 -.111510542E+00 -.835890733E-01
 -.563380635E-01 -.297340848E-01 -.387027943E-02  .209750674E-01  .442281250E-01
  .649450760E-01 -.456409366E-01 -.536357596E-01 -.666007459E-01 -.803735510E-01
 -.950161806E-01 -.110848050E+00 -.127390297E+00 -.144103866E+00 -.160460054E+00
 -.175977212E+00 -.190241061E+00 -.202912020E+00 -.213721468E+00 -.222459333E+00
 -.228955791E+00 -.233059919E+00 -.234618043E+00 -.233454606E+00 -.229359007E+00
 -.222083162E+00 -.211356833E+00 -.196930549E+00 -.178658332E+00 -.156631460E+00
 -.131365206E+00 -.104017134E+00 -.765872666E-01 -.494559586E-01 -.225550281E-01
  .411568997E-02  .303853103E-01  .556705271E-01  .785765907E-01 -.462751215E-01
 -.541072458E-01 -.666779342E-01 -.800474209E-01 -.943160852E-01 -.109610111E+00
 -.125641907E+00 -.141860723E+00 -.157742381E+00 -.172810530E+00 -.186652947E+00
 -.198928036E+00 -.209361393E+00 -.217734197E+00 -.223865955E+00 -.227594354E+00
 -.228755003E+00 -.227164062E+00 -.222607423E+00 -.214841500E+00 -.203612845E+00
 -.188706332E+00 -.170033170E+00 -.147767358E+00 -.122525923E+00 -.955509110E-01
 -.687450392E-01 -.418177565E-01 -.146498207E-01  .129312388E-01  .410562607E-01
  .695332625E-01  .967178394E-01 -.478818241E-01 -.552183872E-01 -.666810059E-01
 -.795718621E-01 -.933707392E-01 -.108095305E+00 -.123542784E+00 -.139182009E+00
 -.154502007E+00 -.169035006E+00 -.182372313E+00 -.194170820E+00 -.204150209E+00
 -.212082376E+00 -.217775492E+00 -.221055370E+00 -.221747019E+00 -.219659553E+00
 -.214578405E+00 -.206270191E+00 -.194507617E+00 -.179123893E+00 -.160106802E+00
 -.137738872E+00 -.112778881E+00 -.866672155E-01 -.604373239E-01 -.338304398E-01
 -.656140412E-02  .217840811E-01  .518204022E-01  .844692969E-01  .121139280E+00
 -.449717776E-01 -.535848647E-01 -.663548840E-01 -.789557768E-01 -.922491006E-01
 -.106344295E+00 -.121129036E+00 -.136100150E+00 -.150765824E+00 -.164670401E+00
 -.177410746E+00 -.188643322E+00 -.198082333E+00 -.205490477E+00 -.210664615E+00
 -.213419031E+00 -.213569270E+00 -.210919932E+00 -.205260666E+00 -.196375991E+00
 -.184076386E+00 -.168259533E+00 -.149009848E+00 -.126737725E+00 -.102340519E+00
 -.773130264E-01 -.518930280E-01 -.258560110E-01  .115984977E-02  .297514845E-01
  .609424526E-01  .965732717E-01  .138818426E+00 -.482124979E-01 -.550871947E-01
 -.661958765E-01 -.783125590E-01 -.910297570E-01 -.104418556E+00 -.118453323E+00
 -.132661352E+00 -.146573444E+00 -.159748932E+00 -.171792372E+00 -.182361282E+00
 -.191165409E+00 -.197959041E+00 -.202528592E+00 -.204678164E+00 -.204216180E+00
 -.200946706E+00 -.194669989E+00 -.185198033E+00 -.172392536E+00 -.156233189E+00
 -.136922150E+00 -.115022535E+00 -.916177224E-01 -.677490948E-01 -.433338962E-01
 -.181719182E-01  .809773574E-02  .361042730E-01  .669713618E-01  .102782513E+00
  .147613933E+00 -.466258425E-01 -.541384168E-01 -.660854937E-01 -.777393343E-01
 -.897990855E-01 -.102392283E+00 -.115581774E+00 -.128925524E+00 -.141978730E+00
 -.154317947E+00 -.165557542E+00 -.175357940E+00 -.183426070E+00 -.189509414E+00
 -.193385801E+00 -.194851679E+00 -.193712069E+00 -.189776049E+00 -.182862521E+00
 -.172822106E+00 -.159582054E+00 -.143220856E+00 -.124074925E+00 -.102864691E+00
 -.807733229E-01 -.581346943E-01 -.348933362E-01 -.109058569E-01  .141036915E-01
  .406202110E-01  .694894259E-01  .102324604E+00  .145728116E+00 -.496637649E-01
 -.560201188E-01 -.663617354E-01 -.773444238E-01 -.886441808E-01 -.100346175E+00
 -.112590852E+00 -.124965497E+00 -.137050721E+00 -.148442229E+00 -.158766410E+00
 -.167688873E+00 -.174916075E+00 -.180191238E+00 -.183286635E+00 -.183994951E+00
 -.182123041E+00 -.177492140E+00 -.169949372E+00 -.159396143E+00 -.145839323E+00
 -.129470545E+00 -.110775455E+00 -.906753671E-01 -.699105250E-01 -.485473555E-01
 -.265989490E-01 -.401435026E-02  .193372205E-01  .436809684E-01  .693241025E-01
  .964756677E-01  .123511048E+00 -.497897266E-01 -.563131086E-01 -.669263592E-01
 -.772044650E-01 -.876445434E-01 -.983628580E-01 -.109564781E+00 -.120866007E+00
 -.131874012E+00 -.142205747E+00 -.151502072E+00 -.159436559E+00 -.165718329E+00
 -.170089978E+00 -.172322573E+00 -.172210437E+00 -.169569088E+00 -.164240531E+00
 -.156110837E+00 -.145144729E+00 -.131440841E+00 -.115310013E+00 -.973677038E-01
 -.786064197E-01 -.591055279E-01 -.390028474E-01 -.183882715E-01  .268358888E-02
  .241845187E-01  .460817363E-01  .682305192E-01  .900407093E-01  .109760708E+00
 -.531583059E-01 -.590044586E-01 -.680520104E-01 -.773836695E-01 -.868668264E-01
 -.965254653E-01 -.106594052E+00 -.116722440E+00 -.126548417E+00 -.135712548E+00
 -.143872815E+00 -.150714041E+00 -.155952031E+00 -.159333569E+00 -.160634302E+00
 -.159657201E+00 -.156234800E+00 -.150239565E+00 -.141607678E+00 -.130379650E+00
 -.116756736E+00 -.101177126E+00 -.843991820E-01 -.667555959E-01 -.483920265E-01
 -.294682424E-01 -.101394102E-01  .944076545E-02  .291069244E-01  .486453295E-01
  .677033025E-01  .856176647E-01  .101264286E+00 -.563535434E-01 -.617284882E-01
 -.695269577E-01 -.778726018E-01 -.863621067E-01 -.949236342E-01 -.103774594E+00
 -.112638640E+00 -.121187431E+00 -.129086324E+00 -.136012890E+00 -.141666969E+00
 -.145775988E+00 -.148096979E+00 -.148417393E+00 -.146557480E+00 -.142376515E+00
 -.135787253E+00 -.126785896E+00 -.115500173E+00 -.102238943E+00 -.875638253E-01
 -.717955903E-01 -.551332285E-01 -.377616342E-01 -.198790972E-01 -.170374245E-02
  .165213061E-01  .345215627E-01  .519754803E-01  .684770609E-01  .834821254E-01
  .963025590E-01 -.578714915E-01 -.632863760E-01 -.711133798E-01 -.786585715E-01
 -.861811577E-01 -.936777303E-01 -.101202293E+00 -.108721940E+00 -.115914971E+00
 -.122468262E+00 -.128081258E+00 -.132473169E+00 -.135388997E+00 -.136603292E+00
 -.135923708E+00 -.133198003E+00 -.128323378E+00 -.121261256E+00 -.112072398E+00
 -.100984610E+00 -.884094263E-01 -.745544455E-01 -.596069852E-01 -.437544674E-01
 -.271960663E-01 -.101627366E-01  .706861566E-02  .241696036E-01  .407679788E-01
  .564662917E-01  .708596067E-01  .835445911E-01  .941381869E-01 -.615079006E-01
 -.664294679E-01 -.730859332E-01 -.798173986E-01 -.863626160E-01 -.927277435E-01
 -.989361977E-01 -.105074670E+00 -.110861012E+00 -.116013176E+00 -.120257852E+00
 -.123338967E+00 -.125026170E+00 -.125119960E+00 -.123456700E+00 -.119923417E+00
 -.114469597E+00 -.107110706E+00 -.979570728E-01 -.873684511E-01 -.753881931E-01
 -.621690230E-01 -.478636751E-01 -.326372429E-01 -.166850715E-01 -.257839589E-03
  .163138866E-01  .326089031E-01  .481383764E-01  .624117068E-01  .750200672E-01
  .856911729E-01  .942935542E-01 -.634557901E-01 -.686595119E-01 -.755201033E-01
 -.814663504E-01 -.869925515E-01 -.921829298E-01 -.970660682E-01 -.101804747E+00
 -.106159542E+00 -.109884163E+00 -.112737117E+00 -.114491653E+00 -.114950271E+00
 -.113949529E+00 -.111359454E+00 -.107118733E+00 -.101254369E+00 -.938448758E-01
 -.849535187E-01 -.746983329E-01 -.631543807E-01 -.504179362E-01 -.365960858E-01
 -.218158239E-01 -.624642759E-02  .986417919E-02  .261430113E-01  .420563516E-01
  .569363376E-01  .701187881E-01  .811419313E-01  .898678217E-01  .964470082E-01
 -.687209858E-01 -.732636238E-01 -.787656710E-01 -.837427661E-01 -.881532980E-01
 -.921202326E-01 -.956751639E-01 -.990144177E-01 -.101940401E+00 -.104243860E+00
 -.105718669E+00 -.106167849E+00 -.105437003E+00 -.103415733E+00 -.999967885E-01
 -.951768615E-01 -.891184480E-01 -.816703670E-01 -.729064413E-01 -.628924844E-01
 -.516779301E-01 -.393121540E-01 -.258489888E-01 -.113583358E-01  .404790984E-02
  .201662288E-01  .366176327E-01  .527393341E-01  .675544379E-01  .800275196E-01
  .895315717E-01  .961067093E-01  .100346547E+00 -.727749377E-01 -.776132789E-01
 -.829310862E-01 -.867349791E-01 -.898809616E-01 -.925750846E-01 -.948262377E-01
 -.967884655E-01 -.983186767E-01 -.992427211E-01 -.993968670E-01 -.985986451E-01
 -.967510566E-01 -.938491821E-01 -.897406562E-01 -.844488320E-01 -.780233072E-01
 -.704405929E-01 -.617190912E-01 -.518792337E-01 -.409300439E-01 -.288701752E-01
 -.156906696E-01 -.138310225E-02  .140390141E-01  .304881636E-01  .476822731E-01
  .648894626E-01  .805922479E-01  .928850960E-01  .100753895E+00  .104526868E+00
  .105690602E+00 -.810338673E-01 -.853558104E-01 -.883299242E-01 -.904142090E-01
 -.921178676E-01 -.935196081E-01 -.945651357E-01 -.951833522E-01 -.953843352E-01
 -.950028737E-01 -.939550392E-01 -.919964089E-01 -.890978149E-01 -.852422441E-01
 -.803908296E-01 -.745538488E-01 -.677551428E-01 -.599964922E-01 -.512766114E-01
 -.415821253E-01 -.308803477E-01 -.191167135E-01 -.621293250E-02  .793444698E-02
  .234507738E-01  .404591969E-01  .589852666E-01  .786174832E-01  .971296528E-01
  .110053181E+00  .115896016E+00  .115280518E+00  .111855891E+00 -.915079555E-01
 -.952575000E-01 -.945081287E-01 -.944633300E-01 -.946792010E-01 -.948297913E-01
 -.947174119E-01 -.942041530E-01 -.931981507E-01 -.915845365E-01 -.892697078E-01
 -.861469977E-01 -.821840786E-01 -.773817879E-01 -.717523272E-01 -.653253738E-01
 -.581304034E-01 -.501771812E-01 -.414523185E-01 -.319143447E-01 -.214903818E-01
 -.100736891E-01  .248217683E-02  .163772629E-01  .318916418E-01  .494256435E-01
  .695383680E-01  .929612383E-01  .121885429E+00  .134426157E+00  .136172338E+00
  .127505212E+00  .117251885E+00 -.100261766E+00 -.103364288E+00 -.999300347E-01
 -.983384114E-01 -.973239993E-01 -.963826146E-01 -.952182836E-01 -.936368460E-01
 -.915055216E-01 -.887204579E-01 -.852089706E-01 -.809258286E-01 -.758737815E-01
 -.700914889E-01 -.636372807E-01 -.565762531E-01 -.489605956E-01 -.408104581E-01
 -.321037519E-01 -.227726288E-01 -.127048637E-01 -.174534359E-02  .103097212E-01
  .237351937E-01  .389306515E-01  .565343323E-01  .776465477E-01  .104212854E+00
  .131545542E+00  .145972503E+00  .146770908E+00  .131594673E+00  .119366236E+00
 -.102441327E+00 -.106461274E+00 -.103999351E+00 -.101716740E+00 -.998899794E-01
 -.981042448E-01 -.960431765E-01 -.934919931E-01 -.903064193E-01 -.863921809E-01
 -.817014856E-01 -.762333904E-01 -.700375684E-01 -.632056019E-01 -.558538088E-01
 -.481003050E-01 -.400366247E-01 -.317013737E-01 -.230652982E-01 -.140310089E-01
 -.444363896E-02  .589719689E-02  .172355933E-01  .298790205E-01  .442562727E-01
  .610577610E-01  .816111482E-01  .108722748E+00  .131627880E+00  .143193617E+00
  .142212285E+00  .128021597E+00  .117369169E+00 -.108926186E+00 -.111693974E+00
 -.107170438E+00 -.104592790E+00 -.102363080E+00 -.100005529E+00 -.972204499E-01
 -.938065487E-01 -.896280861E-01 -.846043974E-01 -.787132661E-01 -.719959089E-01
 -.645577019E-01 -.565589989E-01 -.481947904E-01 -.396615764E-01 -.311133260E-01
 -.226190242E-01 -.141400085E-01 -.553688754E-02  .340109035E-02  .129232776E-01
  .232992846E-01  .348240512E-01  .478500679E-01  .628553489E-01  .805778931E-01
  .102050199E+00  .118993496E+00  .128052308E+00  .128022150E+00  .119474691E+00
  .112234654E+00 -.106149891E+00 -.110972873E+00 -.109251682E+00 -.107108135E+00
 -.104873253E+00 -.102192421E+00 -.988395551E-01 -.946597507E-01 -.895358376E-01
 -.833983233E-01 -.762475127E-01 -.681679056E-01 -.593299964E-01 -.499813213E-01
 -.404250325E-01 -.309756618E-01 -.218876788E-01 -.132790337E-01 -.509141476E-02
  .288766934E-02  .109574351E-01  .194336600E-01  .286071326E-01  .387328976E-01
  .500316471E-01  .626642234E-01  .765500322E-01  .905695433E-01  .102364906E+00
  .109584534E+00  .111584438E+00  .109335032E+00  .105512609E+00 -.111435867E+00
 -.114037754E+00 -.110915739E+00 -.109614769E+00 -.107694612E+00 -.104856664E+00
 -.101044006E+00 -.961760206E-01 -.901419601E-01 -.828634594E-01 -.743528322E-01
 -.647395551E-01 -.542691257E-01 -.432947098E-01 -.322658603E-01 -.216801782E-01
 -.119635158E-01 -.331704305E-02  .436430448E-02  .114357180E-01  .183522632E-01
  .255318184E-01  .332916311E-01  .418399037E-01  .512747933E-01  .615427345E-01
  .723000555E-01  .826967544E-01  .914478354E-01  .973903867E-01  .100107337E+00
  .100107726E+00  .985246739E-01 -.102459450E+00 -.109392225E+00 -.112195193E+00
 -.112744735E+00 -.111240902E+00 -.108235376E+00 -.104002560E+00 -.985192397E-01
 -.916161839E-01 -.831536335E-01 -.731371037E-01 -.617493141E-01 -.493221694E-01
 -.363208583E-01 -.233784463E-01 -.112859135E-01 -.788152054E-03  .775607315E-02
  .145638718E-01  .202885887E-01  .256707331E-01  .312788495E-01  .374534289E-01
  .443477029E-01  .519634331E-01  .601437267E-01  .685234206E-01  .764925041E-01
  .832913987E-01  .882725025E-01  .911744244E-01  .922151247E-01  .919405862E-01
 -.987152818E-01 -.107726224E+00 -.115537360E+00 -.117687969E+00 -.115959466E+00
 -.112500941E+00 -.107852093E+00 -.101887107E+00 -.942085168E-01 -.845148756E-01
 -.727853315E-01 -.592979772E-01 -.444964655E-01 -.289154535E-01 -.133557412E-01
  .910018827E-03  .124728397E-01  .206374035E-01  .258898251E-01  .295516242E-01
  .328882986E-01  .366388556E-01  .411105667E-01  .463617773E-01  .523006760E-01
  .587136918E-01  .652627775E-01  .714974153E-01  .769258573E-01  .811465145E-01
  .839756023E-01  .854914206E-01  .859666756E-01 -.963385508E-01 -.107237651E+00
 -.120736205E+00 -.124985787E+00 -.121962809E+00 -.117545171E+00 -.112620654E+00
 -.106530459E+00 -.983061588E-01 -.873411198E-01 -.735742592E-01 -.575425932E-01
 -.399049251E-01 -.210814286E-01 -.176787755E-02  .159978277E-01  .292023223E-01
  .364074012E-01  .387035495E-01  .390963372E-01  .397638836E-01  .414260700E-01
  .441723651E-01  .478795049E-01  .523397743E-01  .572893605E-01  .624118694E-01
  .673526300E-01  .717619465E-01  .753622219E-01  .780093282E-01  .797138393E-01
  .806096632E-01 -.936022165E-01 -.105146278E+00 -.120956775E+00 -.130574856E+00
 -.128626441E+00 -.122600605E+00 -.118200886E+00 -.112846504E+00 -.104555272E+00
 -.923102816E-01 -.758576396E-01 -.565907126E-01 -.358026946E-01 -.132802657E-01
  .114855426E-01  .359679460E-01  .519174674E-01  .570866107E-01  .529428062E-01
  .481900043E-01  .457126784E-01  .452830306E-01  .464504071E-01  .488179051E-01
  .520446873E-01  .558174583E-01  .598309839E-01  .637875083E-01  .674164885E-01
  .705070688E-01  .729373267E-01  .746839864E-01  .758065065E-01 -.898279430E-01
 -.100488981E+00 -.113217284E+00 -.127916172E+00 -.131080845E+00 -.125131107E+00
 -.124960612E+00 -.121166565E+00 -.114221441E+00 -.101023816E+00 -.797232228E-01
 -.560988682E-01 -.325070692E-01 -.690587595E-02  .236777613E-01  .634758456E-01
  .836451891E-01  .862073396E-01  .655204296E-01  .549990380E-01  .498088514E-01
  .477487115E-01  .477179416E-01  .490651244E-01  .513468187E-01  .542194915E-01
  .573904138E-01  .606009356E-01  .636297217E-01  .663060714E-01  .685228705E-01
  .702402910E-01  .714767033E-01 -.852536587E-01 -.943634869E-01 -.104347684E+00
 -.114561218E+00 -.126044624E+00 -.121567196E+00 -.128333058E+00 -.124855156E+00
 -.121213054E+00 -.108268158E+00 -.812246412E-01 -.547505226E-01 -.301399464E-01
 -.374697123E-02  .281712956E-01  .677121708E-01  .878357482E-01  .896347738E-01
  .694117139E-01  .572745937E-01  .511815875E-01  .484540219E-01  .478108936E-01
  .485416682E-01  .501915498E-01  .524291969E-01  .549889727E-01  .576482295E-01
  .602227307E-01  .625705425E-01  .645970554E-01  .662557758E-01  .675426048E-01
  .331673924E+01  .333156215E+01  .331736809E+01  .331605682E+01  .333219620E+01
  .333765000E+01  .335000204E+01  .336643921E+01  .338953650E+01  .341833376E+01
  .344956212E+01  .348772007E+01  .353221359E+01  .358171064E+01  .363842800E+01
  .370220223E+01  .377361067E+01  .385469712E+01  .394495251E+01  .404679514E+01
  .416144185E+01  .429126929E+01  .443866584E+01  .460780095E+01  .480298716E+01
  .503069728E+01  .530196517E+01  .563052840E+01  .604032796E+01  .657790361E+01
  .734424175E+01  .863701897E+01  .156807828E+02
   66   49
  .104957270E+01  .000000000E+00  .104763942E+01  .100000000E+00  .104921883E+01
  .200000000E+00  .105250000E+01  .276108648E+00  .105711767E+01  .350000000E+00
  .106686707E+01  .450000000E+00  .107976813E+01  .550000000E+00  .109531281E+01
  .650000000E+00  .110562500E+01  .710956885E+00  .112207874E+01  .800000000E+00
  .114343903E+01  .900000000E+00  .116169720E+01  .991310206E+00  .116878904E+01
  .103262041E+01  .126500000E+01  .101678096E+01  .133598471E+01  .100000000E+01
  .142437500E+01  .979899228E+00  .151595316E+01  .950000000E+00  .158375000E+01
  .926063328E+00  .164148960E+01  .900000000E+00  .173734800E+01  .850000000E+00
  .179625000E+01  .812713690E+00  .184937500E+01  .773259131E+00  .190250000E+01
  .727435280E+00  .195562500E+01  .673971102E+00  .200875000E+01  .610475728E+00
  .205136834E+01  .550000000E+00  .208162810E+01  .500000000E+00  .211500000E+01
  .435857760E+00  .215188253E+01  .350000000E+00  .216990925E+01  .300000000E+00
  .220020368E+01  .200000000E+00  .221969739E+01  .100000000E+00  .222502052E+01
  .500000000E-01  .222626437E+01 -.500000000E-01  .222125000E+01 -.105405494E+00
  .220572324E+01 -.200000000E+00  .217931141E+01 -.300000000E+00  .216323929E+01
 -.350000000E+00  .212471244E+01 -.450000000E+00  .210164094E+01 -.500000000E+00
  .206187500E+01 -.572860972E+00  .200915638E+01 -.650000000E+00  .196730881E+01
 -.700000000E+00  .191861098E+01 -.750000000E+00  .186107168E+01 -.800000000E+00
  .179625000E+01 -.847516924E+00  .174312500E+01 -.879999006E+00  .169000000E+01
 -.906869691E+00  .158406818E+01 -.950000000E+00  .153062500E+01 -.968549593E+00
  .142437500E+01 -.996526129E+00  .137125000E+01 -.100665258E+01  .125452367E+01
 -.103357995E+01  .119092234E+01 -.105271364E+01  .119185646E+01 -.950000000E+00
  .116208390E+01 -.850000000E+00  .115170878E+01 -.800000000E+00  .113251154E+01
 -.700000000E+00  .111616646E+01 -.600000000E+00  .110562500E+01 -.528765451E+00
  .109408469E+01 -.450000000E+00  .107979844E+01 -.350000000E+00  .106761831E+01
 -.250000000E+00  .105821246E+01 -.150000000E+00  .105250000E+01 -.608068741E-01
  .104957270E+01  .000000000E+00
  .101600000E+01  .000000000E+00  .101600000E+01  .400000000E+00  .101600000E+01
  .415000000E+00  .101600000E+01  .121730000E+01  .114830000E+01  .135150000E+01
  .141290000E+01  .135150000E+01  .141290000E+01  .131140000E+01  .138680000E+01
  .131140000E+01  .138680000E+01  .128950000E+01  .139740000E+01  .127120000E+01
  .160780000E+01  .109460000E+01  .164650000E+01  .107680000E+01  .178450000E+01
  .107680000E+01  .207010000E+01  .104000000E+01  .212820000E+01  .992600000E+00
  .224510000E+01  .708600000E+00  .232310000E+01  .519200000E+00  .237670000E+01
  .389100000E+00  .235220000E+01  .400000000E+00  .235110000E+01  .337400000E+00
  .235110000E+01  .205200000E+00  .235360000E+01  .683700000E-01  .235400000E+01
  .000000000E+00  .235440000E+01 -.683700000E-01  .235290000E+01 -.205200000E+00
  .235050000E+01 -.337400000E+00  .235270000E+01 -.400000000E+00  .237670000E+01
 -.389000000E+00  .213400000E+01 -.973000000E+00  .178570000E+01 -.117440000E+01
  .176800000E+01 -.121070000E+01  .176800000E+01 -.125400000E+01  .168200000E+01
 -.125400000E+01  .167400000E+01 -.126200000E+01  .167400000E+01 -.132900000E+01
  .168100000E+01 -.133900000E+01  .175400000E+01 -.133900000E+01  .175400000E+01
 -.136750000E+01  .168900000E+01 -.136750000E+01  .168900000E+01 -.136600000E+01
  .155500000E+01 -.136600000E+01  .141200000E+01 -.136600000E+01  .127300000E+01
 -.136600000E+01  .115300000E+01 -.136600000E+01  .101600000E+01 -.122880000E+01
  .101600000E+01 -.800000000E+00  .101600000E+01 -.415000000E+00  .101600000E+01
 -.400000000E+00  .101600000E+01  .000000000E+00
    0  .170000000E+01    0
  .000000000E+00  .152048759E+00  .215596958E+00  .264186395E+00  .303158665E+00
  .339451512E+00  .372460802E+00  .402974620E+00  .431443266E+00  .458239892E+00
  .483956983E+00  .508650572E+00  .532246201E+00  .555283284E+00  .577792986E+00
  .599746179E+00  .621312882E+00  .642543475E+00  .663634483E+00  .684511117E+00
  .705358262E+00  .726214570E+00  .747077579E+00  .768177803E+00  .789496143E+00
  .811167676E+00  .833432258E+00  .856312753E+00  .880026261E+00  .904992975E+00
  .931790032E+00  .961430663E+00  .100000000E+01
    0
 $OUT1
 ISHOT	= 94133
 ITIME	= 875
 BETAP0	= .5
 RZERO	= 1.6955
 QENP	= .0
 ENP	= 1.0
 EMP	= 1.0
 PLASMA	= 776428.9905222664
 EXPMP2	= .2822330070740427 .2734473660009542 .2221384163083248
 .1058396505902027 -3.837103261105191E-02 -7.491292406216599E-02
 -5.443068675218349E-02 .1011866057783497 .1379200861274153
 .1314732133326688 .16678823671083 .1606871695026757 .207985135936961
 .2062778012282539 .1767239866140289 .2843218549426714
 .2465995194754301 .117078677879279 -2.841858276342646E-02
 -8.757239422072505E-02 -5.919627237570309E-02 5.406267984708062E-02
 .1830831721649015 9.000040163371166E-02 .1326041384236245
 .1559288623503941 .1617355368009879 .2152736070101092
 .2092944556609812 -6.463745527360933E-02 1.222662954839675E-02
 .1349515264561422 .1401996096782492 .1167631018381997
 .1366181407778836 .1666653495829967 .1612680325881041
 .2092759261814979 .2059484910083303 .1763142495857558
 .2103294237487114 .2144453510062428 .1624950297320562
 .1562635621039314 .1311205859881934 9.030517625366685E-02
 .1798892381502561 6.328606074133455E-02 -5.686466654662051E-02
 -8.576332601042790E-02 -2.906806500561571E-02 .1189577198647378
 .2479112620867645 .2844566812470727 .2822769279823376
 .2734954074862308 .2212237215478347 .1128307747536222
 -4.108513560783538E-02 -7.921237051745214E-02 .131343499143684
 .1337549669299588 .1105958497388269 9.178618342668157E-02
 -4.424409940133720E-02 -1.312758419522868E-02 -9.533233871889224E-02
 -.101137849818842
 COILS	= 5.304376036608760E-02 5.509457968943093E-02
 6.946183597221114E-02 .1096802729965529 .1241262625124387
 -9.382961186893647E-02 -8.793531837509144E-02 .1163659451410571
 -6.099504233946350E-02 4.782721157590189E-02 4.304628628583754E-02
 6.453340104482777E-02 .1071217407765566 .1275968022170265
 -9.477854055883511E-02 -6.868972068393996E-02 .1185626077512849
 -5.410931307346875E-02 5.976918813718297E-02 6.166561897983198E-02
 6.565875088946911E-02 9.146528344996670E-02 .111137232416487
 .1174202112756749 -3.636159550496546E-02 -7.573924992334499E-02
 -6.073522464760028E-02 -.108149172050122 -6.974276700312602E-02
 5.291498987297303E-02 5.743149859985493E-02 8.750419343430796E-02
 .1112697972097392 .1194731665119434 -3.393058040683286E-02
 -5.786548194629963E-02 -4.140406813301946E-02 -.107126865076102
 -6.597779552809296E-02 7.306892963180321E-02 4.363725609491329E-03
 BTOR	= -2.0794103214391
 RCENTR	= 1.6955
 BRSP	= -60448.1408112945 -56251.3161581248 -27486.0292901969
 115876.365908593 105769.1079406161 -134688.958831037 -105223.661282587
 119547.3463104319 -156381.088154693 -70160.3542859876 -85464.463562539
 -27026.0668175694 106525.049527417 113219.3447042892 -143756.694782414
 -88448.8450482649 112939.5063792201 -157458.043382573 742.542840756596
 553.6390076612176 -1332.53557670068 700.2603843534798
 692.8458235629914 -1561.28870230244 .2550601648116454
 .8177652314556542 .9983374437056537 1.34371047537049 -.451683885579452
 -.511154912302855 -.383451534864561 .4866669260647866
 .1944968293073279 -4.144813222033061E-02 -.424686921889558
 -.365585824565874 .7293758202460938 .3237109049596762
 -.120211653972347 -.19360807703104 .4358420830934219 .6922073215026482
 1.57791631022756 .4598817115451474 .5141982316112747 1.1829247270132
 .9903405879964636 1.5957726728442 -.872360253067074 -.524356199291072
 -.938864235001838 .2385957838837149 .108827939169739 .3552216563826799
 .593830020691076 .5124826202773551 1.08401372967108 .6791936937573926
 .1689720620099228 1.12442499887526 1.04648251067012 .4633674509968481
 .6131852866145375 1.36189223778957 1.1959427826106 1.19660778182272
 1.60253906315256 1.82332323092098 1.08051822757399 .2813712724075507
 -.266397890507498 -.296513919015463 -.598110308452903
 -.866720104687014 .1371603722191268 -2.4771020633133 -1.28588866026973
 -1.69569772015897 -.231614777273986 -2.15872600677406
 -.853486614802306 -.217052383901334 -5.911415329801439E-03
 -1.704606358281135E-02 1.34385283055563 .6066723136902246
 .1938487085934004 .4598955063930438 .2052688507571647
 .1028855154827564 1.01712601179865 1.80289488428022
 1.633539859024946E-02 -3.626432166092907E-02 -9.354059155640915E-03
 -1.03629876257754 -1.46833559987112 -1.92134326495668
 -1.66560407709259 -1.5281209858525 -1.83252439401661 -.950126616081976
 -1.22612341509033 -2.35927905794676 -1.61492527815724
 -1.38445609472026 -.940780359287404 -1.43052771665189
 -1.24686664414222 -1.3851200399657 -.916218656013401 2.44740160436734
 3.03900124850652 -.791760694531206 -1.05572900145325 -1.73526423399866
 -1.95645917198417 -1.68720242333219 -1.02079410223428
 7.582274001053195E-03 .6051612675090258 .7373696188912175
 .3183005806800163 .6733693888668437 -.552190668092566 .0 .0 .0 .0 .0
 .0 .0 .0 .0 .0 .0 .0 .0 .0 .0 .0 .0 .0 .0 .0 .0 .0 .0 .0 .0 .0 .0 .0
 .0 .0 .0 .0 .0 .0 .0 .0 .0 .0 .0 .0 .0 .0 .0 .0 .0 .0 .0 .0 .0 .0 .0
 .0 .0 .0 .0 .0 .0 .0 .0 .0 .0 .0 .0 .0 .0 .0 .0 .0 .0 .0 .0 .0 .0 .0
 .0 .0 .0 .0 .0 .0 .0 .0 .0 .0 .0 .0 .0 .0 .0 .0 .0 .0 .0 .0 .0 .0 .0
 .0 .0 .0 .0 .0 .0 .0 .0 .0 .0 .0 .0 .0 .0 .0 .0 .0 .0 .0 .0 .0 .0 .0
 .0 .0 .0 .0 .0 .0 .0 .0 .0 .0 .0 .0 .0 .0 .0 .0 .0 .0 .0 .0 .0 .0 .0
 .0 .0 .0 .0 .0 .0 .0 .0 .0 .0 .0 .0 .0 .0 .0 .0 .0 .0 .0 .0 .0 .0 .0
 .0 .0 .0 .0 .0 .0 .0 .0 .0 .0 .0 .0 .0 .0 .0 .0 .0 .0 .0 .0 .0 .0 .0
 .0 .0 .0 .0 .0 .0 .0 .0 .0 .0 .0 .0 .0 .0 .0 .0 .0 .0 .0 .0 .0 .0 .0
 .0 .0 .0 .0 .0 .0 .0 .0 .0 .0 .0 .0 .0 .0 .0 .0 .0 .0 .0 .0 .0 .0 .0
 .0 .0 .0 .0 .0 .0 .0 .0
 ICURRT	= 2
 RBDRY	= 1.04957269936143 1.04763942486979 1.04921882506326 1.0525
 1.05711766560125 1.0668670688548 1.07976813338488 1.09531281165641
 1.105625 1.12207873660572 1.14343903114747 1.16169719515208
 1.16878903691946 1.265 1.33598471456683 1.424375 1.51595315922928
 1.58375 1.6414895955168 1.7373480036303 1.79625 1.849375 1.9025
 1.955625 2.00875 2.05136834116939 2.08162810280088 2.115
 2.15188253488183 2.16990925484168 2.20020368135413 2.21969738755733
 2.22502052342934 2.2262643740587 2.22125 2.20572324265349
 2.17931141488789 2.16323929089191 2.12471243997536 2.10164093936082
 2.061875 2.00915638164748 1.96730881380076 1.91861098213419
 1.86107167918107 1.79625 1.743125 1.69 1.58406818051201 1.530625
 1.424375 1.37125 1.25452366927152 1.19092233854303 1.19185646060316
 1.16208389890106 1.15170878400562 1.13251153599179 1.11616645663644
 1.105625 1.09408469284636 1.07979843599898 1.06761830650614
 1.05821246054081 1.0525 1.04957269936143 .0 .0 .0 .0 .0 .0 .0 .0 .0 .0
 .0 .0 .0 .0 .0 .0 .0 .0 .0 .0 .0 .0 .0 .0 .0 .0 .0 .0 .0 .0 .0 .0 .0
 .0 .0 .0 .0 .0 .0 .0 .0 .0 .0 .0
 ZBDRY	= .0 .1 .1999999999999999 .2761086481236853 .35
 .4500000000000001 .5499999999999998 .6499999999999999
 .7109568846080725 .8000000000000002 .9 .9913102057860285
 1.03262041157206 1.01678095917737 1.0 .9798992284776931
 .9500000000000001 .9260633278413411 .9 .85 .8127136898598805
 .7732591311275341 .7274352796729765 .6739711017409375
 .6104757276332069 .5499999999999998 .5 .4358577598902171 .35 .3
 .1999999999999999 .1 5.000000000000004E-02 -5.000000000000004E-02
 -.105405494041643 -.2 -.3 -.35 -.45 -.5 -.572860971504726 -.65 -.7
 -.75 -.8 -.847516923531633 -.87999900605999 -.906869690758021 -.95
 -.968549592662211 -.996526128951946 -1.00665258231123
 -1.03357995457289 -1.05271363589819 -.95 -.85 -.8 -.7 -.6
 -.528765451394125 -.45 -.35 -.25 -.15 -6.080687409953550E-02 .0 .0 .0
 .0 .0 .0 .0 .0 .0 .0 .0 .0 .0 .0 .0 .0 .0 .0 .0 .0 .0 .0 .0 .0 .0 .0
 .0 .0 .0 .0 .0 .0 .0 .0 .0 .0 .0 .0 .0 .0 .0 .0 .0 .0 .0
 NBDRY	= 66
 FWTSI	= 1000.0 556.7617022810794 561.7226177225326 565.8070818310486
 470.7468362590488 234.4366469912616 .0 521.9743689990355
 295.7162891053516 557.0870798589437 571.669982322352 529.0587804486348
 568.2525244802355 460.2646480795063 229.9650608932842
 270.8493520976873 523.4393739150402 314.3647642053376
 562.9666597496827 559.1567144313165 543.1275719009324
 569.8788752369572 567.5311705556022 518.7430421474455
 378.5781608038945 264.6753717980876 304.6580973259954
 213.9721628057604 283.9163829041283 562.3915369577201
 556.1883771931244 554.9112053430151 554.5692084238994
 498.7230474775508 385.5627377957215 299.9894570539227
 353.1191761612791 214.1409240890918 284.9622400593798
 564.3554639994809 556.5990883595632
 FWTCUR	= 4.213380881336579E-05
 MXITER	= 25
 NXITER	= 1
 LIMITR	= 48
 XLIM	= 1.016 1.016 1.016 1.016 1.1483 1.4129 1.4129 1.3868 1.3868
 1.3974 1.6078 1.6465 1.7845 2.0701 2.1282 2.2451 2.3231 2.3767 2.3522
 2.3511 2.3511 2.3536 2.354 2.3544 2.3529 2.3505 2.3527 2.3767 2.134
 1.7857 1.768 1.768 1.682 1.674 1.674 1.681 1.754 1.754 1.689 1.689
 1.555 1.412 1.273 1.153 1.016 1.016 1.016 1.016 1.016 .0 .0 .0 .0 .0
 .0 .0 .0 .0 .0 .0 .0 .0 .0 .0 .0 .0 .0 .0 .0 .0 .0 .0 .0 .0 .0 .0 .0
 .0 .0 .0 .0 .0 .0 .0 .0 .0 .0 .0 .0 .0 .0 .0 .0 .0 .0 .0 .0 .0 .0 .0
 .0 .0 .0 .0 .0 .0 .0 .0 .0 .0 .0 .0 .0 .0 .0 .0 .0 .0 .0 .0 .0 .0 .0
 .0 .0 .0 .0 .0 .0 .0 .0 .0 .0 .0 .0 .0 .0 .0 .0 .0 .0 .0 .0 .0 .0 .0
 .0 .0 .0 .0 .0 .0 .0 .0 .0 .0 .0 .0 .0 .0
 YLIM	= .0 .4 .415 1.2173 1.3515 1.3515 1.3114 1.3114 1.2895 1.2712
 1.0946 1.0768 1.0768 1.04 .9926 .7086 .5192 .3891 .4 .3374 .2052
 6.837000000000000E-02 .0 -6.837000000000000E-02 -.2052 -.3374 -.4
 -.389 -.973 -1.1744 -1.2107 -1.254 -1.254 -1.262 -1.329 -1.339 -1.339
 -1.3675 -1.3675 -1.366 -1.366 -1.366 -1.366 -1.366 -1.2288 -.8 -.415
 -.4 .0 .0 .0 .0 .0 .0 .0 .0 .0 .0 .0 .0 .0 .0 .0 .0 .0 .0 .0 .0 .0 .0
 .0 .0 .0 .0 .0 .0 .0 .0 .0 .0 .0 .0 .0 .0 .0 .0 .0 .0 .0 .0 .0 .0 .0
 .0 .0 .0 .0 .0 .0 .0 .0 .0 .0 .0 .0 .0 .0 .0 .0 .0 .0 .0 .0 .0 .0 .0
 .0 .0 .0 .0 .0 .0 .0 .0 .0 .0 .0 .0 .0 .0 .0 .0 .0 .0 .0 .0 .0 .0 .0
 .0 .0 .0 .0 .0 .0 .0 .0 .0 .0 .0 .0 .0 .0 .0 .0 .0 .0 .0 .0 .0
 ERROR	= 2.000000000000000E-03
 ICONVR	= 2
 IBUNMN	= 3
 PRESSR	= .0 .0 .0 .0 .0 .0 .0 .0 .0 .0 .0 .0 .0 .0 .0 .0 .0 .0 .0 .0
 .0 .0 .0 .0 .0 .0 .0 .0 .0 .0 .0 .0 .0 .0 .0 .0 .0 .0 .0 .0 .0 .0 .0
 .0 .0 .0 .0 .0 .0 .0 .0 .0 .0 .0 .0 .0 .0 .0 .0 .0 .0 .0 .0 .0 .0 .0
 .0 .0 .0 .0 .0 .0 .0 .0 .0 .0 .0 .0 .0 .0 .0 .0 .0 .0 .0 .0 .0 .0 .0
 .0 .0 .0 .0 .0 .0 .0 .0 .0 .0 .0 .0 .0 .0 .0 .0 .0 .0 .0 .0 .0 .0 .0
 .0 .0 .0 .0 .0 .0 .0 .0 .0 .0 .0 .0 .0 .0 .0 .0 .0 .0 .0 .0
 RPRESS	= .0 .0 .0 .0 .0 .0 .0 .0 .0 .0 .0 .0 .0 .0 .0 .0 .0 .0 .0 .0
 .0 .0 .0 .0 .0 .0 .0 .0 .0 .0 .0 .0 .0 .0 .0 .0 .0 .0 .0 .0 .0 .0 .0
 .0 .0 .0 .0 .0 .0 .0 .0 .0 .0 .0 .0 .0 .0 .0 .0 .0 .0 .0 .0 .0 .0 .0
 .0 .0 .0 .0 .0 .0 .0 .0 .0 .0 .0 .0 .0 .0 .0 .0 .0 .0 .0 .0 .0 .0 .0
 .0 .0 .0 .0 .0 .0 .0 .0 .0 .0 .0 .0 .0 .0 .0 .0 .0 .0 .0 .0 .0 .0 .0
 .0 .0 .0 .0 .0 .0 .0 .0 .0 .0 .0 .0 .0 .0 .0 .0 .0 .0 .0 .0
 QPSI	= 3.31673924327877 3.33156214522318 3.31736808739233
 3.31605682147794 3.33219619871556 3.33764999580104 3.35000203732682
 3.36643921109991 3.38953650294537 3.41833376101899 3.44956212095944
 3.48772006855558 3.53221359349166 3.58171063552526 3.63842799705501
 3.70220222884658 3.7736106696199 3.85469711819925 3.94495250720931
 4.04679513511064 4.16144184829112 4.29126929102696 4.43866583695819
 4.60780094838473 4.80298716036433 5.0306972790796 5.30196516835967
 5.63052839631731 6.04032795972521 6.57790361144105 7.34424174738381
 8.63701896853017 15.68078280985009
 PRESSW	= .0 .0 .0 .0 .0 .0 .0 .0 .0 .0 .0 .0 .0 .0 .0 .0 .0 .0 .0 .0
 .0 .0 .0 .0 .0 .0 .0 .0 .0 .0 .0 .0 .0
 PRES	= 33267.09591635088 31910.04074633843 30526.40904352691
 29120.90658005188 27698.2391280489 26263.11245965355 24820.23234700137
 23374.30456222793 21930.03487746879 20492.12906485951
 19065.29289653565 17654.23214463279 16263.65258128646
 14898.25997863225 13562.76010880571 12261.8587439424 11000.26165617789
 9782.674617647738 8613.803400487498 7498.353776832738
 6441.031518819019 5446.5423985819 4519.592188256947 3664.886659979719
 2887.131585885778 2191.032738110687 1581.295888790006
 1062.626810059297 639.7312740541235 317.3150529100448
 100.0839187626237 -7.25635625257837 .0
 NQPSI	= 33
 $END
 $BASIS
 KPPFNC	= 0
 KPPKNT	= 0
 PPKNT	= .0 .0 .0 .0 .0 .0 .0 .0 .0 .0 .0 .0 .0 .0 .0 .0 .0 .0 .0 .0 .0
 .0 .0 .0 .0 .0 .0 .0 .0 .0 .0 .0 .0 .0 .0 .0
 PPTENS	= .0
 KFFFNC	= 0
 KFFKNT	= 0
 FFKNT	= .0 .0 .0 .0 .0 .0 .0 .0 .0 .0 .0 .0 .0 .0 .0 .0 .0 .0 .0 .0 .0
 .0 .0 .0 .0 .0 .0 .0 .0 .0 .0 .0 .0 .0 .0 .0
 FFTENS	= .0
 KWWFNC	= 0
 KWWKNT	= 0
 WWKNT	= .0 .0 .0 .0 .0 .0 .0 .0 .0 .0 .0 .0 .0 .0 .0 .0 .0 .0 .0 .0 .0
 .0 .0 .0 .0 .0 .0 .0 .0 .0 .0 .0 .0 .0 .0 .0
 WWTENS	= .0
 PPBDRY	= 279545.5400495419 208428.802884223 -501660.452404963 .0 .0 .0
 .0 .0 .0 .0 .0 .0 .0 .0 .0 .0 .0 .0 .0 .0 .0 .0 .0 .0 .0 .0 .0 .0 .0
 .0 .0 .0 .0 .0 .0 .0
 PP2BDRY	= .0 .0 .0 .0 .0 .0 .0 .0 .0 .0 .0 .0 .0 .0 .0 .0 .0 .0 .0 .0
 .0 .0 .0 .0 .0 .0 .0 .0 .0 .0 .0 .0 .0 .0 .0 .0
 KPPBDRY	= 0 0 0 0 0 0 0 0 0 0 0 0 0 0 0 0 0 0 0 0 0 0 0 0 0 0 0 0 0 0
 0 0 0 0 0 0
 KPP2BDRY	= 0 0 0 0 0 0 0 0 0 0 0 0 0 0 0 0 0 0 0 0 0 0 0 0 0 0 0 0 0 0
 0 0 0 0 0 0
 FFBDRY	= .3312840100268959 .3277762784942475 -.738625222367785 .0 .0
 .0 .0 .0 .0 .0 .0 .0 .0 .0 .0 .0 .0 .0 .0 .0 .0 .0 .0 .0 .0 .0 .0 .0
 .0 .0 .0 .0 .0 .0 .0 .0
 FF2BDRY	= .0 .0 .0 .0 .0 .0 .0 .0 .0 .0 .0 .0 .0 .0 .0 .0 .0 .0 .0 .0
 .0 .0 .0 .0 .0 .0 .0 .0 .0 .0 .0 .0 .0 .0 .0 .0
 KFFBDRY	= 0 0 0 0 0 0 0 0 0 0 0 0 0 0 0 0 0 0 0 0 0 0 0 0 0 0 0 0 0 0
 0 0 0 0 0 0
 KFF2BDRY	= 0 0 0 0 0 0 0 0 0 0 0 0 0 0 0 0 0 0 0 0 0 0 0 0 0 0 0 0 0 0
 0 0 0 0 0 0
 WWBDRY	= 96.0226502820312 307.8645577244814 .0 .0 .0 .0 .0 .0 .0 .0 .0
 .0 .0 .0 .0 .0 .0 .0 .0 .0 .0 .0 .0 .0 .0 .0 .0 .0 .0 .0 .0 .0 .0 .0
 .0 .0
 WW2BDRY	= .0 .0 .0 .0 .0 .0 .0 .0 .0 .0 .0 .0 .0 .0 .0 .0 .0 .0 .0 .0
 .0 .0 .0 .0 .0 .0 .0 .0 .0 .0 .0 .0 .0 .0 .0 .0
 KWWBDRY	= 0 0 0 0 0 0 0 0 0 0 0 0 0 0 0 0 0 0 0 0 0 0 0 0 0 0 0 0 0 0
 0 0 0 0 0 0
 KWW2BDRY	= 0 0 0 0 0 0 0 0 0 0 0 0 0 0 0 0 0 0 0 0 0 0 0 0 0 0 0 0 0 0
 0 0 0 0 0 0
 KEEFNC	= 0
 KEEKNT	= 0
 EEKNT	= .0 .0 .0 .0 .0 .0 .0 .0 .0 .0 .0 .0 .0 .0 .0 .0 .0 .0
 EETENS	= 5.0
 EEBDRY	= .0 .0 .0 .0 .0 .0 .0 .0 .0 .0 .0 .0 .0 .0 .0 .0 .0 .0
 EE2BDRY	= .0 .0 .0 .0 .0 .0 .0 .0 .0 .0 .0 .0 .0 .0 .0 .0 .0 .0
 KEEBDRY	= 0 0 0 0 0 0 0 0 0 0 0 0 0 0 0 0 0 0
 KEE2BDRY	= 0 0 0 0 0 0 0 0 0 0 0 0 0 0 0 0 0 0
 $END
 $MSEOUT
 RRRGAM	= 1.52499997615814 1.5789999961853 1.62999999523163
 1.68299996852875 1.73399996757507 1.7849999666214 1.83599996566772
 1.88800001144409 1.94000005722046 1.99100005626678 2.04200005531311
 2.08999991416931 2.1470000743866 2.19400000572205 2.26399993896484 .0
 1.99399995803833 2.04299998283386 2.08800005912781 2.13000011444092
 2.17199993133545 2.20900011062622 2.24799990653992 2.26600003242493
 2.28600001335144 1.66199994087219 1.71099996566772 1.7610000371933
 1.81099998950958 1.86000001430511 1.90900003910065 1.95700001716614
 2.00500011444092 2.05200004577637 2.1029999256134
 ZZZGAM	= -2.099999971687793E-02 -1.799999922513961E-02
 -1.600000075995922E-02 -1.099999994039535E-02 -9.999999776482582E-03
 -8.000000379979610E-03 -6.000000052154064E-03 -3.000000026077032E-03
 -1.000000047497451E-03 .0 7.000000216066837E-03
 1.200000010430812E-02 1.400000043213367E-02 1.700000092387199E-02
 1.899999938905239E-02 20.29999923706054 2.000000094994902E-03
 2.000000094994902E-03 2.000000094994902E-03 1.000000047497451E-03 .0
 .0 .0 .0 .0 -1.600000075995922E-02 -1.400000043213367E-02
 -1.200000010430812E-02 -9.999999776482582E-03 -8.000000379979610E-03
 -7.000000216066837E-03 -4.000000189989805E-03 -3.000000026077032E-03
 -1.000000047497451E-03 .0
 AA1GAM	= -.623399972915649 -.645399987697601 -.664200007915497
 -.682099997997284 -.697700023651123 -.712199985980988
 -.725600004196167 -.738200008869171 -.749899983406067
 -.760599970817566 -.770600020885468 -.779399991035461 -.78930002450943
 -.796899974346161 -.807399988174438 .0 .7031000256538391
 .6743000149726867 .6449999809265136 .6151000261306762
 .5825999975204467 .5515999794006347 .5164999961853027
 .4993999898433685 .4797999858856201 .8551999926567077
 .8346999883651733 .8101999759674072 .781000018119812 .7470999956130981
 .7067999839782714 .660099983215332 .6047999858856201 .5414999723434448
 .4614000022411346
 AA2GAM	= .679199993610382 .7052000164985656 .7267000079154968
 .7463999986648559 .7633000016212463 .7785000205039978
 .7921000123023986 .8047000169754028 .816100001335144 .826300024986267
 .8356000185012817 .8435999751091003 .8525000214576721
 .8590999841690063 .8683000206947326 .0 .8278999924659729
 .8367999792098999 .8443999886512756 .8510000109672546
 .8572000265121459 .8622999787330627 .8673999905586242
 .8695999979972839 .871999979019165 .7393000125885009 .7562999725341796
 .7718999981880187 .7860000133514404 .7983999848365783
 .8097000122070312 .8199999928474426 .8292999863624572
 .8377000093460083 .8460999727249145
 AA3GAM	= .7319999933242797 .7069000005722045 .6848000288009643
 .6632000207901 .6437000036239624 .6252999901771545 .6079999804496765
 .5911999940872192 .5753999948501586 .5606999993324279
 .5465999841690063 .5339999794960021 .5199000239372253
 .5087000131607055 .4930000007152557 .0 .5605000257492065
 .5469999909400939 .5351999998092651 .5246999859809875
 .5145000219345092 .5059000253677368 .4970999956130981
 .4932000041007995 .4889000058174133 .6718999743461608
 .6527000069618225 .6341000199317932 .6165999770164489
 .6003999710083007 .5849000215530395 .5705999732017517
 .5569000244140625 .5442000031471252 .531000018119812
 AA4GAM	= -4.210000112652778E-02 -4.120000079274177E-02
 -4.019999876618385E-02 -4.010000079870223E-02 -3.880000114440917E-02
 -3.779999911785125E-02 -3.689999878406524E-02 -3.629999980330467E-02
 -3.550000116229057E-02 -3.440000116825103E-02 -3.489999845623970E-02
 -3.489999845623970E-02 -3.400000184774398E-02 -3.359999880194664E-02
 -3.249999880790710E-02 .0 1.520000025629997E-02
 1.640000008046627E-02 1.750000007450580E-02 1.789999939501285E-02
 1.810000091791152E-02 1.909999921917915E-02 2.009999938309192E-02
 2.060000039637088E-02 2.109999954700469E-02 2.280000038444995E-02
 2.449999935925006E-02 2.630000002682209E-02 2.830000035464763E-02
 3.020000085234642E-02 3.319999948143959E-02 3.400000184774398E-02
 3.689999878406524E-02 3.819999843835830E-02 4.089999943971633E-02
 TGAMMA	= 3.820782899856567E-02 2.573393471539020E-02
 1.041815988719463E-02 -3.822957223746925E-04 -1.230209693312644E-02
 -2.738166041672229E-02 -3.722021728754043E-02 -5.544291809201240E-02
 -8.132348954677581E-02 -9.588845074176788E-02 -6.928636878728866E-02
 .0 5.70052671432495 .0 .0 .0 7.189282774925231E-02
 8.714555203914642E-02 9.279294312000274E-02 9.737180173397064E-02
 9.497866779565811E-02 9.174314141273498E-02 .1046406552195549
 .1089610382914543 3.186550736427307E-02 -2.193684130907058E-02
 -8.574637584388256E-03 2.222298877313733E-03 1.524525880813598E-02
 3.026160970330238E-02 4.620826244354248E-02 6.234163790941238E-02
 7.571533322334289E-02 8.121716231107711E-02 7.654531300067901E-02
 SGAMMA	= 6.401904392987489E-03 6.132118403911590E-03
 6.152504589408636E-03 6.123859900981187E-03 6.131391040980815E-03
 6.128188222646713E-03 6.116778589785099E-03 6.114773917943239E-03
 6.128803826868534E-03 6.127550266683101E-03 6.164670456200838E-03 .0
 6.297331769019365E-03 .0 .0 .0 6.133049726486206E-03
 6.137749645859003E-03 6.124353967607021E-03 6.118123419582843E-03
 6.137440446764230E-03 6.172446068376302E-03 7.142579648643732E-03
 8.425503969192504E-03 1.044230069965124E-02 6.119576748460531E-03
 6.120154168456792E-03 6.114828400313854E-03 6.114921066910028E-03
 6.118851713836193E-03 6.113828159868717E-03 6.126747000962495E-03
 6.133529823273420E-03 6.121528800576925E-03 6.155345123261213E-03
 AA5GAM	= -3.570000046693166E-07 -3.600000013648241E-07
 -3.609999907894234E-07 -3.609999907894234E-07 -3.600000013648241E-07
 -3.590000119402247E-07 -3.570000046693166E-07 -3.540000079738092E-07
 -3.510000112783018E-07 -3.479999861610849E-07 -3.449999894655775E-07
 -3.419999927700701E-07 -3.380000066499633E-07 -3.339999921081471E-07
 -3.289999881417315E-07 .0 3.549999973984085E-07
 3.570000046693166E-07 3.579999940939160E-07 3.590000119402247E-07
 3.600000013648241E-07 3.609999907894234E-07 3.609999907894234E-07
 3.609999907894234E-07 3.609999907894234E-07 6.919999862020631E-08
 4.640000028643953E-08 2.220000006047939E-08 -3.340000054308234E-09
 -2.970000068103218E-08 -5.760000121313168E-08 -8.650000182797158E-08
 -1.169999990224823E-07 -1.479999980347201E-07 -1.829999973779194E-07
 AA6GAM	= -3.609999907894234E-07 -3.609999907894234E-07
 -3.609999907894234E-07 -3.609999907894234E-07 -3.609999907894234E-07
 -3.609999907894234E-07 -3.609999907894234E-07 -3.609999907894234E-07
 -3.609999907894234E-07 -3.609999907894234E-07 -3.609999907894234E-07
 -3.609999907894234E-07 -3.609999907894234E-07 -3.609999907894234E-07
 -3.609999907894234E-07 .0 -3.609999907894234E-07
 -3.609999907894234E-07 -3.609999907894234E-07 -3.609999907894234E-07
 -3.609999907894234E-07 -3.609999907894234E-07 -3.609999907894234E-07
 -3.609999907894234E-07 -3.609999907894234E-07 -3.609999907894234E-07
 -3.609999907894234E-07 -3.609999907894234E-07 -3.609999907894234E-07
 -3.609999907894234E-07 -3.609999907894234E-07 -3.609999907894234E-07
 -3.609999907894234E-07 -3.609999907894234E-07 -3.609999907894234E-07
 MSEBKP	= 0
 FWTGAM	= 109.3424639028919 114.1530469394524 113.7748033873928
 114.3069912307829 114.1665888411552 114.2262565325834
 114.4393228764216 114.476840745643 114.2147831410782 114.2381489395624
 .0 .0 .0 .0 .0 .0 114.1357124461225 114.0483141850325
 114.2977698059983 114.4141678736726 114.0540598433101
 113.4072282277776 98.00380736852116 83.08108364312924 .0
 114.3869958287711 114.376203725029 114.4758207710409 114.474085984191
 114.400549766083 114.4945493553144 114.253126478053 114.1267785711058
 114.350519748274 113.722299234641
 $END
 $CHIOUT
 SAISIL	= 5.582802584477559E-03 .1886267228761178 .4374920358722249
 3.029010756641549E-03 2.679867227256704E-02 1.16996869581509 .0
 5.845511693418291E-02 .1352053796076625 3.526680369633448E-03
 .1792188353142996 8.136791106811100E-03 1.510486271298467E-03
 1.03060335049935 .4140260176371887 .1460280952397581 1.00184394029619
 .1077996547417367 .1500486913880217 1.707407595466975E-02
 .7191378424743889 .2390475419073947 .1030873944397898
 1.005250410380345E-02 .2355114281417531 .5366760072837698
 1.70979753381525 1.3029753112256 2.26972206512825
 1.318744684799664E-03 .1486140789079753 .1226119652090383
 .3741794670650857 2.762037667401008E-02 2.955754437440449E-02
 7.080315109972655E-03 7.019685937432319E-05 .9020292341361057
 .3158709732014771 1.469337069245334E-02 9.182976636510506E-04
 SAIMPI	= .3377447793618673 .0 .0 1.06558667538341 2.04486558167842 .0
 .0 6.583895033608861E-02 .0 6.759339457039318E-02 .0 .9986951147069228
 .7900453416826176 .0 2.14116102631854 .0 1.04296862678935 .0
 .5535315328813479 .0 .5573202509072086 .0 .0 1.571868785692206E-02
 1.338948809083972E-02 1.046841071825079E-02 .1686708869134853
 .1270392218575981 .9144028596615992 1.01620215938057
 4.369934345115374E-02 .6329240007619351 .5290998571398167
 5.641431295550767E-02 7.097185956615059E-02 1.10750570808279
 .9900451982753051 1.20225599348776 2.33720604587505 2.8627089365428
 .9068915373859126 1.529516159609788E-02 .2323035275146158
 .3602840669698454 .786266820859016 1.02922771630962
 7.432651092002985E-04 6.09802234330541 1.16740888864477
 2.85426526787601 .2257332141269912 2.4854728831853 1.00469551637499
 .2088684085616355 2.216172234690800E-02 .2010523892452505
 2.05500919572644 .9876386738822013 1.533104125268082E-04
 .585888053766857 8.974712623139750E-07 1.380244031009323E-04
 .8020046592921 2.57040751832186 1.803028603857125E-02 .0
 5.795623620328830E-02 5.924063380245914E-02
 SAIPR	= .0
 SAIIP	= .0
 $END
  000570   7-Oct-1997 16:43:18 094133.00875 MSE
