  EFITD    10/01/97      # 94133 , 955ms           3  33  65
  .170000000E+01  .320000000E+01  .169550000E+01  .840000000E+00  .000000000E+00
  .173450932E+01 -.658034696E-02 -.239083425E+00 -.899340916E-01 -.207783671E+01
  .786506182E+06 -.239083425E+00  .000000000E+00  .173450932E+01  .000000000E+00
 -.658034696E-02  .000000000E+00 -.899340916E-01  .000000000E+00  .000000000E+00
 -.352182313E+01 -.352200007E+01 -.352215120E+01 -.352227821E+01 -.352238276E+01
 -.352246653E+01 -.352253118E+01 -.352257839E+01 -.352260983E+01 -.352262716E+01
 -.352263205E+01 -.352262619E+01 -.352261122E+01 -.352258883E+01 -.352256068E+01
 -.352252844E+01 -.352249378E+01 -.352245837E+01 -.352242387E+01 -.352239197E+01
 -.352236432E+01 -.352234260E+01 -.352232847E+01 -.352232361E+01 -.352232968E+01
 -.352234836E+01 -.352238130E+01 -.352243019E+01 -.352249669E+01 -.352258247E+01
 -.352268920E+01 -.352281853E+01 -.352297215E+01
  .451058258E+05  .434304092E+05  .416915255E+05  .398972365E+05  .380556043E+05
  .361746907E+05  .342625578E+05  .323272674E+05  .303768814E+05  .284194619E+05
  .264630707E+05  .245157699E+05  .225856212E+05  .206806867E+05  .188090283E+05
  .169787080E+05  .151977876E+05  .134743292E+05  .118163946E+05  .102320458E+05
  .872934470E+04  .731635330E+04  .600113349E+04  .479174723E+04  .369625645E+04
  .272272309E+04  .187920908E+04  .117377636E+04  .614486880E+03  .209402564E+03
 -.334146470E+02 -.105902814E+03  .000000000E+00
  .143757086E+00  .123636344E+00  .104777110E+00  .871793870E-01  .708431733E-01
  .557684693E-01  .419552751E-01  .294035905E-01  .181134157E-01  .808475051E-02
 -.682404918E-03 -.818805064E-02 -.144321866E-01 -.194148129E-01 -.231359295E-01
 -.255955364E-01 -.267936336E-01 -.267302210E-01 -.254052987E-01 -.228188668E-01
 -.189709251E-01 -.138614737E-01 -.749051259E-02  .141958233E-03  .903593876E-02
  .191914290E-01  .306084290E-01  .432869386E-01  .572269580E-01  .724284871E-01
  .888915259E-01  .106616074E+00  .125602133E+00
 -.352219884E+06 -.366701610E+06 -.379453646E+06 -.390475994E+06 -.399768652E+06
 -.407331621E+06 -.413164900E+06 -.417268490E+06 -.419642391E+06 -.420286603E+06
 -.419201125E+06 -.416385958E+06 -.411841101E+06 -.405566556E+06 -.397562321E+06
 -.387828397E+06 -.376364783E+06 -.363171480E+06 -.348248488E+06 -.331595807E+06
 -.313213436E+06 -.293101376E+06 -.271259627E+06 -.247688188E+06 -.222387060E+06
 -.195356243E+06 -.166595737E+06 -.136105541E+06 -.103885656E+06 -.699360815E+05
 -.342568178E+05  .315213511E+04  .422907774E+05
 -.853615811E-01 -.945379184E-01 -.104517111E+00 -.114635202E+00 -.125146441E+00
 -.121032138E+00 -.127568266E+00 -.124295523E+00 -.120815175E+00 -.107595006E+00
 -.809657379E-01 -.544548150E-01 -.297862551E-01 -.333350002E-02  .285714976E-01
  .667619538E-01  .865821395E-01  .883439714E-01  .695938837E-01  .575183460E-01
  .514408188E-01  .487441594E-01  .481579707E-01  .489731255E-01  .507380464E-01
  .531261726E-01  .558766344E-01  .587699421E-01  .616219802E-01  .642870448E-01
  .666630071E-01  .686932985E-01  .703629857E-01 -.895314724E-01 -.100189914E+00
 -.112915265E+00 -.127635326E+00 -.130055196E+00 -.123957450E+00 -.123647180E+00
 -.119915814E+00 -.112969264E+00 -.997774518E-01 -.786947592E-01 -.550495962E-01
 -.312676541E-01 -.524096630E-02  .262722275E-01  .644786820E-01  .843249124E-01
  .864586728E-01  .679249921E-01  .564271577E-01  .507705825E-01  .484790246E-01
  .483421347E-01  .496642436E-01  .519848159E-01  .549558959E-01  .582858549E-01
  .617179154E-01  .650296930E-01  .680441710E-01  .706424014E-01  .727691461E-01
  .744269223E-01 -.927644190E-01 -.104364621E+00 -.120289382E+00 -.129418609E+00
 -.127080424E+00 -.120973070E+00 -.116551212E+00 -.111192579E+00 -.102916231E+00
 -.906987796E-01 -.742643793E-01 -.549125362E-01 -.338532407E-01 -.107430506E-01
  .153006031E-01  .420102368E-01  .586263328E-01  .631212316E-01  .565458108E-01
  .503818232E-01  .471824142E-01  .463466989E-01  .472820101E-01  .495299367E-01
  .527237508E-01  .565424840E-01  .606824512E-01  .648497935E-01  .687738646E-01
  .722350833E-01  .750934194E-01  .773018113E-01  .788962803E-01 -.950126735E-01
 -.105916636E+00 -.119395781E+00 -.123169257E+00 -.119982867E+00 -.115518296E+00
 -.110576815E+00 -.104488776E+00 -.962775425E-01 -.853215442E-01 -.715297925E-01
 -.553870476E-01 -.374872127E-01 -.181691269E-01  .194222618E-02  .205741007E-01
  .341015595E-01  .408556305E-01  .421092023E-01  .415055804E-01  .414742589E-01
  .426716145E-01  .451124362E-01  .486285354E-01  .529914376E-01  .579339202E-01
  .631476052E-01  .682895484E-01  .730152118E-01  .770364532E-01  .801810020E-01
  .824213448E-01  .838558517E-01 -.968935488E-01 -.105817391E+00 -.113475540E+00
 -.115365199E+00 -.113543360E+00 -.110047963E+00 -.105396601E+00 -.994481787E-01
 -.917927394E-01 -.821128947E-01 -.703638725E-01 -.567909741E-01 -.418017250E-01
 -.259046714E-01 -.992578142E-02  .471156440E-02  .163664589E-01  .242283712E-01
  .288766104E-01  .318651424E-01  .346215728E-01  .379209449E-01  .420555440E-01
  .470640645E-01  .528454812E-01  .591921896E-01  .657874583E-01  .722099603E-01
  .779872265E-01  .827070029E-01  .861395256E-01  .882982345E-01  .893997702E-01
 -.999777091E-01 -.106945172E+00 -.109476962E+00 -.109889862E+00 -.108335054E+00
 -.105326641E+00 -.101119398E+00 -.956777170E-01 -.888213492E-01 -.803975751E-01
 -.703953061E-01 -.589781211E-01 -.464617974E-01 -.333104865E-01 -.201916106E-01
 -.797993578E-02  .247736114E-02  .107705825E-01  .171562916E-01  .223876500E-01
  .272943325E-01  .324872421E-01  .383147069E-01  .449254658E-01  .523203817E-01
  .603575228E-01  .687125763E-01  .768390521E-01  .840310105E-01  .896351873E-01
  .933095632E-01  .951525237E-01  .956161539E-01 -.106634070E+00 -.110592783E+00
 -.107432195E+00 -.106149639E+00 -.104258368E+00 -.101468524E+00 -.977206738E-01
 -.929290644E-01 -.869763658E-01 -.797758484E-01 -.713297100E-01 -.617572421E-01
 -.512979822E-01 -.403106524E-01 -.292698489E-01 -.187181028E-01 -.912919177E-02
 -.727310888E-03  .660994888E-02  .132839457E-01  .197969535E-01  .265956576E-01
  .340061914E-01  .422340840E-01  .513747426E-01  .613886543E-01  .719925868E-01
  .824648502E-01  .916606885E-01  .984314566E-01  .102206936E+00  .103259017E+00
  .102542448E+00 -.101522776E+00 -.106454330E+00 -.105025427E+00 -.103019600E+00
 -.100890282E+00 -.983123811E-01 -.950686398E-01 -.910059239E-01 -.860053937E-01
 -.799938684E-01 -.729666396E-01 -.650033061E-01 -.562721683E-01 -.470252029E-01
 -.375796816E-01 -.282723494E-01 -.193796494E-01 -.110295340E-01 -.315539312E-02
  .447710653E-02  .121904731E-01  .203146769E-01  .291415618E-01  .389153866E-01
  .498388621E-01  .620600877E-01  .755427135E-01  .894227158E-01  .101697529E+00
  .110115438E+00  .113660678E+00  .112922080E+00  .110038333E+00 -.104088261E+00
 -.107048745E+00 -.102300520E+00 -.999060623E-01 -.978381594E-01 -.956317946E-01
 -.929991222E-01 -.897447749E-01 -.857351328E-01 -.808899663E-01 -.751859124E-01
 -.686622829E-01 -.614224597E-01 -.536271558E-01 -.454758057E-01 -.371724611E-01
 -.288787408E-01 -.206665863E-01 -.124927268E-01 -.420786825E-02  .440800735E-02
  .136067253E-01  .236492343E-01  .348075810E-01  .473927873E-01  .618129685E-01
  .786825352E-01  .989829790E-01  .117335171E+00  .128464890E+00  .131075899E+00
  .124010461E+00  .117473287E+00 -.963129607E-01 -.100501695E+00 -.985057129E-01
 -.964647913E-01 -.948384860E-01 -.932413222E-01 -.913709215E-01 -.890201933E-01
 -.860488119E-01 -.823669533E-01 -.779287884E-01 -.727338090E-01 -.668276250E-01
 -.602964704E-01 -.532523514E-01 -.458093021E-01 -.380569205E-01 -.300324033E-01
 -.217031437E-01 -.129679282E-01 -.367098095E-02  .638234380E-02  .174198520E-01
  .297170040E-01  .436448471E-01  .597850516E-01  .792277881E-01  .104400859E+00
  .129425419E+00  .143586679E+00  .145840870E+00  .133747044E+00  .123428676E+00
 -.944795975E-01 -.976246173E-01 -.939214740E-01 -.925591027E-01 -.917640203E-01
 -.910358694E-01 -.900938035E-01 -.887506212E-01 -.868754177E-01 -.843754072E-01
 -.811820516E-01 -.772553895E-01 -.725890406E-01 -.672085058E-01 -.611598231E-01
 -.544909007E-01 -.472441306E-01 -.394361931E-01 -.310414818E-01 -.219912285E-01
 -.121773480E-01 -.145553312E-02  .103579633E-01  .235042145E-01  .383267456E-01
  .553684407E-01  .755659625E-01  .100581246E+00  .129931053E+00  .146255047E+00
  .149208091E+00  .138278405E+00  .126169928E+00 -.841363000E-01 -.880609136E-01
 -.879581632E-01 -.881900500E-01 -.886252269E-01 -.889994926E-01 -.891353026E-01
 -.888970186E-01 -.881799619E-01 -.869012646E-01 -.849664147E-01 -.822923586E-01
 -.788230822E-01 -.745340964E-01 -.694224540E-01 -.634768247E-01 -.567103069E-01
 -.491329403E-01 -.407253206E-01 -.314457973E-01 -.212293585E-01 -.998311162E-02
  .241906804E-02  .161482296E-01  .314436398E-01  .486504067E-01  .682614312E-01
  .909295490E-01  .118578268E+00  .133697343E+00  .139183870E+00  .134983726E+00
  .124517599E+00 -.741352251E-01 -.782929915E-01 -.814404716E-01 -.836892030E-01
 -.855720166E-01 -.871927983E-01 -.885118101E-01 -.894537509E-01 -.899489969E-01
 -.899543810E-01 -.893289623E-01 -.879334894E-01 -.856593324E-01 -.824417422E-01
 -.782556269E-01 -.730018253E-01 -.666889919E-01 -.593434282E-01 -.509445753E-01
 -.414778009E-01 -.309239687E-01 -.192451011E-01 -.638171131E-02  .774811329E-02
  .232469007E-01  .402211635E-01  .587104608E-01  .784338744E-01  .977572654E-01
  .112384482E+00  .120270607E+00  .121637269E+00  .119333084E+00 -.662437428E-01
 -.707221583E-01 -.757334345E-01 -.795497134E-01 -.828150884E-01 -.857135134E-01
 -.882692760E-01 -.904362327E-01 -.921636382E-01 -.935573084E-01 -.943404599E-01
 -.942929604E-01 -.932433159E-01 -.910917462E-01 -.878913722E-01 -.832947916E-01
 -.773879735E-01 -.702700932E-01 -.618719010E-01 -.522147395E-01 -.413374479E-01
 -.292586955E-01 -.159862239E-01 -.152655526E-02  .140966656E-01  .308003556E-01
  .483431672E-01  .661097901E-01  .827735524E-01  .964563246E-01  .105928515E+00
  .111230968E+00  .113604143E+00 -.615361232E-01 -.657981744E-01 -.710984830E-01
 -.760153684E-01 -.805014926E-01 -.846467603E-01 -.884651720E-01 -.918839399E-01
 -.951684091E-01 -.981018176E-01 -.100407192E+00 -.101819529E+00 -.102108778E+00
 -.101093880E+00 -.986458193E-01 -.945945657E-01 -.889752638E-01 -.821183700E-01
 -.736752596E-01 -.637692239E-01 -.525302016E-01 -.400249637E-01 -.263202735E-01
 -.114966151E-01  .432905967E-02  .209613882E-01  .380530432E-01  .550011348E-01
  .708883003E-01  .846650255E-01  .955897325E-01  .103540615E+00  .108979782E+00
 -.557848852E-01 -.607444697E-01 -.672193787E-01 -.730780877E-01 -.786721013E-01
 -.840333456E-01 -.891597721E-01 -.940196733E-01 -.988737236E-01 -.103401262E+00
 -.107280262E+00 -.110204136E+00 -.111895863E+00 -.112115846E+00 -.110662532E+00
 -.107366355E+00 -.102169818E+00 -.951631082E-01 -.865324648E-01 -.762345432E-01
 -.645511877E-01 -.515405007E-01 -.373166247E-01 -.220153133E-01 -.581232228E-02
  .110469194E-01  .282044837E-01  .451495061E-01  .612254097E-01  .757400005E-01
  .881549155E-01  .982289774E-01  .106020523E+00 -.530856724E-01 -.575452860E-01
 -.639434186E-01 -.706344510E-01 -.772908298E-01 -.838491411E-01 -.902921775E-01
 -.966779559E-01 -.103121564E+00 -.109246243E+00 -.114692175E+00 -.119120393E+00
 -.122221411E+00 -.123719532E+00 -.123373436E+00 -.120980191E+00 -.116404204E+00
 -.109599235E+00 -.100617674E+00 -.896472782E-01 -.774436130E-01 -.638059884E-01
 -.489274099E-01 -.329834145E-01 -.161832251E-01  .121567962E-02  .188843147E-01
  .364046844E-01  .532800135E-01  .689870799E-01  .830551913E-01  .951307443E-01
  .105001246E+00 -.478780526E-01 -.532506341E-01 -.609113055E-01 -.685527487E-01
 -.762967185E-01 -.840454559E-01 -.917362410E-01 -.997303925E-01 -.107750361E+00
 -.115426873E+00 -.122380969E+00 -.128253125E+00 -.132715141E+00 -.135472707E+00
 -.136263386E+00 -.134856437E+00 -.131062674E+00 -.124751053E+00 -.115879918E+00
 -.104572538E+00 -.912880310E-01 -.768306201E-01 -.611261708E-01 -.443444755E-01
 -.267154144E-01 -.848734449E-02  .100567766E-01  .285839533E-01  .467080322E-01
  .639986967E-01  .799939758E-01  .942119405E-01  .106181405E+00 -.451802054E-01
 -.500898313E-01 -.580279524E-01 -.667537658E-01 -.756543642E-01 -.846255016E-01
 -.936534313E-01 -.103115510E+00 -.112618005E+00 -.121750111E+00 -.130109339E+00
 -.137321847E+00 -.143051271E+00 -.146998055E+00 -.148893307E+00 -.148492490E+00
 -.145574869E+00 -.139953305E+00 -.131504416E+00 -.120235955E+00 -.106400671E+00
 -.905994671E-01 -.739026937E-01 -.560693573E-01 -.373869751E-01 -.180799401E-01
  .162886109E-02  .214936560E-01  .412290118E-01  .604850072E-01  .788009622E-01
  .955457462E-01  .109917645E+00 -.393131664E-01 -.448588965E-01 -.551353216E-01
 -.652604410E-01 -.753589685E-01 -.855411020E-01 -.958863025E-01 -.106715433E+00
 -.117583595E+00 -.128044477E+00 -.137675637E+00 -.146095083E+00 -.152966649E+00
 -.157995639E+00 -.160918288E+00 -.161489657E+00 -.159475294E+00 -.154652882E+00
 -.146833514E+00 -.135915747E+00 -.121983610E+00 -.105450238E+00 -.872841437E-01
 -.681332795E-01 -.481938587E-01 -.276104693E-01 -.652445924E-02  .149190147E-01
  .365545795E-01  .581524098E-01  .793134808E-01  .992756983E-01  .116751038E+00
 -.348836445E-01 -.410631679E-01 -.529525529E-01 -.642463129E-01 -.754390573E-01
 -.867478022E-01 -.983344401E-01 -.110419942E+00 -.122521691E+00 -.134166865E+00
 -.144919607E+00 -.154395973E+00 -.162266573E+00 -.168248863E+00 -.172092626E+00
 -.173562910E+00 -.172425217E+00 -.168438950E+00 -.161367766E+00 -.151018731E+00
 -.137323607E+00 -.120472767E+00 -.101101923E+00 -.804511075E-01 -.591221490E-01
 -.371362883E-01 -.145477191E-01  .861129628E-02  .323294956E-01  .565818783E-01
  .812061659E-01  .105520815E+00  .127518357E+00 -.339995705E-01 -.399936044E-01
 -.517372437E-01 -.638174835E-01 -.759093038E-01 -.881912453E-01 -.100919174E+00
 -.114137479E+00 -.127329794E+00 -.140005760E+00 -.151722943E+00 -.162100798E+00
 -.170821435E+00 -.177619192E+00 -.182262834E+00 -.184534464E+00 -.184209418E+00
 -.181042373E+00 -.174767200E+00 -.165121599E+00 -.151911135E+00 -.135128434E+00
 -.115136003E+00 -.928899662E-01 -.701493303E-01 -.467106198E-01 -.225903583E-01
  .229104105E-02  .281006817E-01  .551069595E-01  .836638458E-01  .114000484E+00
  .144220965E+00 -.307352537E-01 -.377980616E-01 -.512227431E-01 -.639556720E-01
 -.767492048E-01 -.897671523E-01 -.103577962E+00 -.117797611E+00 -.131929588E+00
 -.145479942E+00 -.158005454E+00 -.169132561E+00 -.178557577E+00 -.186034160E+00
 -.191352883E+00 -.194317014E+00 -.194718275E+00 -.192316910E+00 -.186832485E+00
 -.177955552E+00 -.165395425E+00 -.148984187E+00 -.128858121E+00 -.105731016E+00
 -.812771587E-01 -.563664634E-01 -.307793614E-01 -.431562177E-02  .233568709E-01
  .528028693E-01  .849939908E-01  .121773487E+00  .170687245E+00 -.328494367E-01
 -.392448254E-01 -.515356691E-01 -.646147656E-01 -.779608251E-01 -.916763506E-01
 -.106312049E+00 -.121353229E+00 -.136263400E+00 -.150533502E+00 -.163718294E+00
 -.175451866E+00 -.185445430E+00 -.193472481E+00 -.199346144E+00 -.202892573E+00
 -.203923624E+00 -.202212272E+00 -.197476081E+00 -.189377821E+00 -.177558164E+00
 -.161722233E+00 -.141805638E+00 -.118235950E+00 -.922542206E-01 -.660634571E-01
 -.391773698E-01 -.114061334E-01  .176663694E-01  .487686873E-01  .831927651E-01
  .123325344E+00  .173831278E+00 -.296762975E-01 -.380689825E-01 -.522894294E-01
 -.656767449E-01 -.794464727E-01 -.937534202E-01 -.109045643E+00 -.124746498E+00
 -.140282601E+00 -.155128336E+00 -.168835981E+00 -.181047087E+00 -.191487278E+00
 -.199949091E+00 -.206267451E+00 -.210291321E+00 -.211854202E+00 -.210746160E+00
 -.206691662E+00 -.199341183E+00 -.188290696E+00 -.173151284E+00 -.153698247E+00
 -.130127329E+00 -.103421612E+00 -.757883817E-01 -.477604337E-01 -.190260806E-01
  .108519767E-01  .425710421E-01  .773119621E-01  .117186647E+00  .164687928E+00
 -.351745667E-01 -.418148086E-01 -.536504547E-01 -.669967696E-01 -.810807415E-01
 -.958764858E-01 -.111694800E+00 -.127918016E+00 -.143945623E+00 -.159239079E+00
 -.173349370E+00 -.185925406E+00 -.196706230E+00 -.205501864E+00 -.212167318E+00
 -.216573035E+00 -.218573966E+00 -.217979277E+00 -.214526048E+00 -.207863817E+00
 -.197563000E+00 -.183169008E+00 -.164333237E+00 -.141055387E+00 -.114055759E+00
 -.852476385E-01 -.563494925E-01 -.270211280E-01  .308677510E-02  .344641998E-01
  .678262936E-01  .104236919E+00  .145313899E+00 -.343855150E-01 -.417627648E-01
 -.547683627E-01 -.683590961E-01 -.827378893E-01 -.979441988E-01 -.114183538E+00
 -.130814188E+00 -.147218454E+00 -.162849869E+00 -.177260082E+00 -.190105409E+00
 -.201137124E+00 -.210180788E+00 -.217109218E+00 -.221812188E+00 -.224164667E+00
 -.223995059E+00 -.221056001E+00 -.215003594E+00 -.205396912E+00 -.191738672E+00
 -.173588343E+00 -.150784365E+00 -.123795942E+00 -.941522436E-01 -.646905903E-01
 -.350733374E-01 -.515396285E-02  .252793903E-01  .563901853E-01  .879711624E-01
  .118154159E+00 -.357910359E-01 -.430856531E-01 -.558705533E-01 -.696798153E-01
 -.843287729E-01 -.998777237E-01 -.116449341E+00 -.133390634E+00 -.150074797E+00
 -.165951932E+00 -.180576207E+00 -.193611329E+00 -.204819504E+00 -.214039705E+00
 -.221159982E+00 -.226086786E+00 -.228712815E+00 -.228884411E+00 -.226370455E+00
 -.220837760E+00 -.211843780E+00 -.198866484E+00 -.181402597E+00 -.159173824E+00
 -.132472950E+00 -.102636078E+00 -.725393622E-01 -.427742875E-01 -.132448872E-01
  .160667633E-01  .449811033E-01  .728448412E-01  .980752103E-01 -.362906269E-01
 -.437919682E-01 -.569239367E-01 -.709317775E-01 -.857996450E-01 -.101619880E+00
 -.118443834E+00 -.135612736E+00 -.152495379E+00 -.168541474E+00 -.183308976E+00
 -.196468729E+00 -.207792461E+00 -.217130347E+00 -.224382962E+00 -.229470491E+00
 -.232300489E+00 -.232734884E+00 -.230557695E+00 -.225447796E+00 -.216966650E+00
 -.204579941E+00 -.187743974E+00 -.166098315E+00 -.139803599E+00 -.110025178E+00
 -.794625474E-01 -.496610274E-01 -.205702448E-01  .772553577E-02  .349261088E-01
  .603898435E-01  .830493149E-01 -.368900024E-01 -.446141971E-01 -.579727898E-01
 -.721002401E-01 -.871127542E-01 -.103127817E+00 -.120130136E+00 -.137454419E+00
 -.154466652E+00 -.170617783E+00 -.185470196E+00 -.198701349E+00 -.210090978E+00
 -.219498216E+00 -.226833401E+00 -.232027351E+00 -.234999229E+00 -.235623435E+00
 -.233696673E+00 -.228908991E+00 -.220828045E+00 -.208914657E+00 -.192599971E+00
 -.171466206E+00 -.145573270E+00 -.115938935E+00 -.850783242E-01 -.553212990E-01
 -.266349999E-01  .861020065E-03  .268601332E-01  .508402511E-01  .720913864E-01
 -.383934745E-01 -.460369160E-01 -.590432837E-01 -.731636947E-01 -.882297570E-01
 -.104365039E+00 -.121479626E+00 -.138896532E+00 -.155979397E+00 -.172181594E+00
 -.187070292E+00 -.200328859E+00 -.211743445E+00 -.221179868E+00 -.228555446E+00
 -.233808449E+00 -.236866159E+00 -.237611825E+00 -.235851413E+00 -.231283636E+00
 -.223481946E+00 -.211905941E+00 -.195971727E+00 -.175222972E+00 -.149646096E+00
 -.120142449E+00 -.890821409E-01 -.594408453E-01 -.310961537E-01 -.417364742E-02
  .210425679E-01  .441351833E-01  .646063046E-01 -.384187535E-01 -.465056876E-01
 -.600484914E-01 -.740783248E-01 -.890955874E-01 -.105297566E+00 -.122471135E+00
 -.139926142E+00 -.157027695E+00 -.173233790E+00 -.188116829E+00 -.201365271E+00
 -.212769991E+00 -.222201172E+00 -.229580309E+00 -.234849889E+00 -.237941683E+00
 -.238743837E+00 -.237067554E+00 -.232616641E+00 -.224968326E+00 -.213582319E+00
 -.197867067E+00 -.177344157E+00 -.151953171E+00 -.122506012E+00 -.911938033E-01
 -.618226430E-01 -.337520867E-01 -.719503315E-02  .175657058E-01  .401726498E-01
  .602369116E-01 -.415571105E-01 -.490228285E-01 -.610280837E-01 -.747818631E-01
 -.896102967E-01 -.105903053E+00 -.123095246E+00 -.140537153E+00 -.157608219E+00
 -.173774331E+00 -.188613381E+00 -.201817835E+00 -.213181416E+00 -.222576262E+00
 -.229925197E+00 -.235171652E+00 -.238248177E+00 -.239043698E+00 -.237370300E+00
 -.232932780E+00 -.225309316E+00 -.213960092E+00 -.198292625E+00 -.177824427E+00
 -.152485014E+00 -.123067716E+00 -.917496289E-01 -.624672270E-01 -.345247846E-01
 -.812558719E-02  .164536488E-01  .388766198E-01  .587897011E-01 -.397458180E-01
 -.480877223E-01 -.614755805E-01 -.752513023E-01 -.899833823E-01 -.106229395E+00
 -.123362246E+00 -.140730076E+00 -.157719004E+00 -.173801128E+00 -.188558614E+00
 -.201686271E+00 -.212978530E+00 -.222306947E+00 -.229592757E+00 -.234777031E+00
 -.237789361E+00 -.238515290E+00 -.236763360E+00 -.232235143E+00 -.224506793E+00
 -.213039200E+00 -.197245741E+00 -.176658373E+00 -.151233521E+00 -.121804670E+00
 -.905794561E-01 -.613413288E-01 -.333895037E-01 -.694584164E-02  .177068320E-01
  .402152274E-01  .601969681E-01 -.418706789E-01 -.494214563E-01 -.618443099E-01
 -.755271223E-01 -.901503039E-01 -.106274663E+00 -.123274878E+00 -.140504608E+00
 -.157356792E+00 -.173308791E+00 -.187945566E+00 -.200962316E+00 -.212151852E+00
 -.221382489E+00 -.228570902E+00 -.233652480E+00 -.236550141E+00 -.237141967E+00
 -.235228698E+00 -.230504754E+00 -.222541733E+00 -.210802048E+00 -.194712317E+00
 -.173837805E+00 -.148199998E+00 -.118747697E+00 -.879043318E-01 -.584932937E-01
 -.303777936E-01 -.368187463E-02  .213145937E-01  .442043652E-01  .645045687E-01
 -.411151264E-01 -.490104995E-01 -.620442053E-01 -.756468122E-01 -.901102716E-01
 -.106041293E+00 -.122835024E+00 -.139859245E+00 -.156516139E+00 -.172288079E+00
 -.186761403E+00 -.199629676E+00 -.210681668E+00 -.219779735E+00 -.226832992E+00
 -.231767836E+00 -.234496896E+00 -.234886940E+00 -.232727084E+00 -.227701400E+00
 -.219375525E+00 -.207215674E+00 -.190670353E+00 -.169355927E+00 -.143385871E+00
 -.113847391E+00 -.833297664E-01 -.539128166E-01 -.255671981E-01  .158560632E-02
  .272445670E-01  .509041967E-01  .718819092E-01 -.423413946E-01 -.498696875E-01
 -.622606898E-01 -.756526890E-01 -.898851945E-01 -.105540327E+00 -.122046472E+00
 -.138791943E+00 -.155189555E+00 -.170726091E+00 -.184987764E+00 -.197664478E+00
 -.208538559E+00 -.217463693E+00 -.224338453E+00 -.229077018E+00 -.231578311E+00
 -.231694349E+00 -.229199556E+00 -.223765753E+00 -.214953210E+00 -.202237090E+00
 -.185100006E+00 -.163230646E+00 -.136862906E+00 -.107247429E+00 -.771527608E-01
 -.477975662E-01 -.191567377E-01  .867480155E-02  .354005198E-01  .604016197E-01
  .826569205E-01 -.425711182E-01 -.500485701E-01 -.624282346E-01 -.755677659E-01
 -.895123240E-01 -.104787846E+00 -.120913775E+00 -.137300179E+00 -.153368136E+00
 -.168607164E+00 -.182601784E+00 -.195036367E+00 -.205684535E+00 -.214388704E+00
 -.221034032E+00 -.225519426E+00 -.227727028E+00 -.227491313E+00 -.224570106E+00
 -.218622979E+00 -.209208426E+00 -.195820081E+00 -.177992936E+00 -.155517131E+00
 -.128784710E+00 -.992341489E-01 -.696969276E-01 -.404612956E-01 -.114810288E-01
  .172430523E-01  .455287691E-01  .727464803E-01  .973860681E-01 -.432448361E-01
 -.505820675E-01 -.626065274E-01 -.754003445E-01 -.890708688E-01 -.103795280E+00
 -.119438356E+00 -.135380994E+00 -.151042957E+00 -.165914648E+00 -.179577971E+00
 -.191710416E+00 -.202074994E+00 -.210500486E+00 -.216855987E+00 -.221022390E+00
 -.222862514E+00 -.222191450E+00 -.218750111E+00 -.212188395E+00 -.202070479E+00
 -.187923471E+00 -.169360285E+00 -.146311787E+00 -.119388418E+00 -.903376391E-01
 -.613535490E-01 -.323041043E-01 -.301602169E-02  .267099865E-01  .570207357E-01
  .877106060E-01  .116998405E+00 -.448749386E-01 -.517427626E-01 -.627099708E-01
 -.750762262E-01 -.883329043E-01 -.102516678E+00 -.117613944E+00 -.133033429E+00
 -.148208148E+00 -.162633882E+00 -.175891116E+00 -.187650069E+00 -.197661767E+00
 -.205739378E+00 -.211733643E+00 -.215505196E+00 -.216895784E+00 -.215700578E+00
 -.211645363E+00 -.204376134E+00 -.193474765E+00 -.178522632E+00 -.159241779E+00
 -.135743093E+00 -.108890764E+00 -.807485359E-01 -.524491579E-01 -.237519174E-01
  .565295298E-02  .362182178E-01  .686124077E-01  .103835819E+00  .143415125E+00
 -.419840115E-01 -.501617056E-01 -.624853498E-01 -.746019502E-01 -.873931431E-01
 -.100982231E+00 -.115459170E+00 -.130269126E+00 -.144866334E+00 -.158756392E+00
 -.171520303E+00 -.182821288E+00 -.192397563E+00 -.200045188E+00 -.205594815E+00
 -.208885307E+00 -.209736718E+00 -.207925496E+00 -.203166711E+00 -.195112010E+00
 -.183378040E+00 -.167627350E+00 -.147728214E+00 -.124011991E+00 -.976053956E-01
 -.706783229E-01 -.432817051E-01 -.152078308E-01  .139264259E-01  .447668224E-01
  .784232194E-01  .116890455E+00  .162523792E+00 -.453131029E-01 -.517573630E-01
 -.624326877E-01 -.740925884E-01 -.863364908E-01 -.992481352E-01 -.113013591E+00
 -.127115354E+00 -.141032716E+00 -.154284383E+00 -.166453851E+00 -.177198045E+00
 -.186242097E+00 -.193364108E+00 -.198373688E+00 -.201087500E+00 -.201304816E+00
 -.198786796E+00 -.193245360E+00 -.184351533E+00 -.171778869E+00 -.155303455E+00
 -.134983106E+00 -.111427038E+00 -.861466149E-01 -.604237078E-01 -.341088894E-01
 -.698098566E-02  .213493869E-01  .515635106E-01  .848795516E-01  .123555527E+00
  .172006108E+00 -.437842580E-01 -.508892866E-01 -.624304344E-01 -.736459602E-01
 -.852505296E-01 -.973847988E-01 -.110333383E+00 -.123615717E+00 -.136738261E+00
 -.149235408E+00 -.160695147E+00 -.170769245E+00 -.179170156E+00 -.185658046E+00
 -.190021664E+00 -.192056541E+00 -.191544129E+00 -.188236507E+00 -.181853605E+00
 -.172103791E+00 -.158743645E+00 -.141696703E+00 -.121246484E+00 -.982888503E-01
 -.745052950E-01 -.501171476E-01 -.250709235E-01  .788147889E-03  .277583376E-01
  .563651389E-01  .875263814E-01  .122992778E+00  .169917461E+00 -.469288524E-01
 -.528824977E-01 -.628186912E-01 -.733712833E-01 -.842230387E-01 -.954712511E-01
 -.107488668E+00 -.119830654E+00 -.132032669E+00 -.143647317E+00 -.154269343E+00
 -.163547107E+00 -.171181703E+00 -.176916606E+00 -.180521456E+00 -.181773754E+00
 -.180442707E+00 -.176280792E+00 -.169031018E+00 -.158461059E+00 -.144439144E+00
 -.127069330E+00 -.106899913E+00 -.852198433E-01 -.628576081E-01 -.398473373E-01
 -.161980419E-01  .814556450E-02  .333245694E-01  .595831587E-01  .872563045E-01
  .116577415E+00  .145808426E+00 -.471465309E-01 -.532815673E-01 -.634992721E-01
 -.733466295E-01 -.833355275E-01 -.935920368E-01 -.104562219E+00 -.115838112E+00
 -.126987223E+00 -.137583333E+00 -.147230661E+00 -.155576708E+00 -.162313746E+00
 -.167171441E+00 -.169904172E+00 -.170277136E+00 -.168056013E+00 -.163006739E+00
 -.154914303E+00 -.143630970E+00 -.129164704E+00 -.111819201E+00 -.923754115E-01
 -.722502170E-01 -.512753660E-01 -.296311850E-01 -.742297078E-02  .152868934E-01
  .384660502E-01  .620783656E-01  .859680768E-01  .109499341E+00  .130774646E+00
 -.506503874E-01 -.561136470E-01 -.647489482E-01 -.736376780E-01 -.826585644E-01
 -.918378019E-01 -.101649314E+00 -.111733904E+00 -.121697010E+00 -.131136706E+00
 -.139669656E+00 -.146945952E+00 -.152653133E+00 -.156512027E+00 -.158268222E+00
 -.157683538E+00 -.154532378E+00 -.148610510E+00 -.139766751E+00 -.127966136E+00
 -.113385332E+00 -.965539270E-01 -.785205988E-01 -.595638071E-01 -.398108295E-01
 -.194369417E-01  .138541007E-02  .224861473E-01  .436834083E-01  .647438348E-01
  .852844622E-01  .104585940E+00  .121425648E+00 -.540134489E-01 -.590079385E-01
 -.663520617E-01 -.742332240E-01 -.822484149E-01 -.903154684E-01 -.988573096E-01
 -.107630158E+00 -.116281489E+00 -.124434015E+00 -.131719343E+00 -.137794614E+00
 -.142348629E+00 -.145100859E+00 -.145797561E+00 -.144209799E+00 -.140136651E+00
 -.133421966E+00 -.123999797E+00 -.111976986E+00 -.977189268E-01 -.819849991E-01
 -.650520119E-01 -.471426896E-01 -.284517438E-01 -.919481833E-02  .103883870E-01
  .300305434E-01  .494305779E-01  .682370919E-01  .860079631E-01  .102151567E+00
  .115919312E+00 -.557127452E-01 -.607339422E-01 -.680481775E-01 -.751127418E-01
 -.821583593E-01 -.891858048E-01 -.962958355E-01 -.103648775E+00 -.110882365E+00
 -.117636096E+00 -.123558722E+00 -.128320433E+00 -.131619718E+00 -.133184934E+00
 -.132775246E+00 -.130187661E+00 -.125266130E+00 -.117919760E+00 -.108179530E+00
 -.963282677E-01 -.829215917E-01 -.680873144E-01 -.520432899E-01 -.350003948E-01
 -.171766882E-01  .117465763E-02  .197493981E-01  .381867587E-01  .560783665E-01
  .729892073E-01  .884773915E-01  .102104054E+00  .113453158E+00 -.593598381E-01
 -.639134314E-01 -.700940245E-01 -.763407911E-01 -.824030029E-01 -.882850664E-01
 -.940129532E-01 -.999093278E-01 -.105659709E+00 -.110936081E+00 -.115412064E+00
 -.118779731E+00 -.120758774E+00 -.121099547E+00 -.119587005E+00 -.116065092E+00
 -.110450584E+00 -.102731513E+00 -.930055405E-01 -.818059748E-01 -.690412800E-01
 -.548928034E-01 -.395366285E-01 -.231585909E-01 -.597488204E-02  .117383538E-01
  .296174040E-01  .471992568E-01  .639471568E-01  .793232417E-01  .928804640E-01
  .104322627E+00  .113508596E+00 -.614228220E-01 -.662317022E-01 -.725733058E-01
 -.780343480E-01 -.830748500E-01 -.877669908E-01 -.921230358E-01 -.965520679E-01
 -.100791904E+00 -.104554260E+00 -.107542212E+00 -.109479678E+00 -.110122743E+00
 -.109260734E+00 -.106709686E+00 -.102384548E+00 -.963246017E-01 -.886257100E-01
 -.792423112E-01 -.683657823E-01 -.560557482E-01 -.424168219E-01 -.275697468E-01
 -.116570614E-01  .513320099E-02  .225272028E-01  .401140508E-01  .573066161E-01
  .733709126E-01  .875777343E-01  .994211086E-01  .108751581E+00  .115737012E+00
 -.666058414E-01 -.707900460E-01 -.758290567E-01 -.803337962E-01 -.842669056E-01
 -.877349867E-01 -.907415776E-01 -.937192845E-01 -.964625560E-01 -.987259341E-01
 -.100236140E+00 -.100759662E+00 -.100109835E+00 -.981458238E-01 -.946838957E-01
 -.897274634E-01 -.835424646E-01 -.757801970E-01 -.665355533E-01 -.559005191E-01
 -.439279689E-01 -.306720556E-01 -.161937055E-01 -.572055848E-03  .160677655E-01
  .335002320E-01  .513072819E-01  .687593380E-01  .847821653E-01  .982379403E-01
  .108438506E+00  .115429553E+00  .119865389E+00 -.706836631E-01 -.751464843E-01
 -.799774284E-01 -.833308509E-01 -.860233181E-01 -.882422925E-01 -.899647267E-01
 -.915334635E-01 -.928392916E-01 -.936853866E-01 -.937841784E-01 -.929614143E-01
 -.911123949E-01 -.882698362E-01 -.840854577E-01 -.786247679E-01 -.719611212E-01
 -.640161777E-01 -.547984132E-01 -.443316247E-01 -.326255414E-01 -.196792232E-01
 -.548449978E-02  .996560091E-02  .266538076E-01  .444816030E-01  .631368115E-01
  .818131823E-01  .988415827E-01  .112127247E+00  .120556139E+00  .124490379E+00
  .125565598E+00 -.787788241E-01 -.827534299E-01 -.853223130E-01 -.869979036E-01
 -.882877674E-01 -.892655269E-01 -.898756801E-01 -.900726792E-01 -.900424486E-01
 -.896560054E-01 -.884578620E-01 -.863963797E-01 -.834127091E-01 -.794729407E-01
 -.744720551E-01 -.684105667E-01 -.613082642E-01 -.531448941E-01 -.439070977E-01
 -.335763201E-01 -.221157114E-01 -.946616354E-02  .445629671E-02  .197626763E-01
  .365878668E-01  .550643459E-01  .752173248E-01  .965917113E-01  .116738400E+00
  .130744903E+00  .136971624E+00  .136104194E+00  .132155450E+00 -.891000885E-01
 -.925125275E-01 -.914252122E-01 -.910203132E-01 -.908669953E-01 -.906462371E-01
 -.901701192E-01 -.893269391E-01 -.880822348E-01 -.863193424E-01 -.838417515E-01
 -.805653841E-01 -.764490831E-01 -.714767446E-01 -.656308404E-01 -.589252579E-01
 -.513784345E-01 -.429860798E-01 -.337235471E-01 -.235409493E-01 -.123576136E-01
 -.579705790E-04  .135159126E-01  .285804083E-01  .454398521E-01  .645308567E-01
  .864643490E-01  .112040090E+00  .143662009E+00  .157275424E+00  .159022786E+00
  .149325808E+00  .137889249E+00 -.977322468E-01 -.100505914E+00 -.967725702E-01
 -.948581780E-01 -.935145474E-01 -.922470122E-01 -.907690857E-01 -.889013214E-01
 -.865292726E-01 -.835434492E-01 -.798368593E-01 -.753573952E-01 -.700985397E-01
 -.640858398E-01 -.573607370E-01 -.499749824E-01 -.419696766E-01 -.333537573E-01
 -.240947369E-01 -.141151193E-01 -.329269351E-02  .853939910E-02  .216004427E-01
  .361878063E-01  .527364808E-01  .719443448E-01  .950169299E-01  .124086852E+00
  .153994553E+00  .169708485E+00  .170434515E+00  .153599949E+00  .140007522E+00
 -.998444234E-01 -.103527510E+00 -.100769226E+00 -.981883457E-01 -.960652394E-01
 -.939915643E-01 -.916556964E-01 -.888476436E-01 -.854264103E-01 -.812914761E-01
 -.763797457E-01 -.706808714E-01 -.642360574E-01 -.571274671E-01 -.494609373E-01
 -.413449511E-01 -.328620715E-01 -.240417289E-01 -.148452094E-01 -.516519366E-02
  .516416171E-02  .163562779E-01  .286721252E-01  .424431776E-01  .581358106E-01
  .765056712E-01  .990097008E-01  .128726008E+00  .153807961E+00  .166404411E+00
  .165188799E+00  .149447116E+00  .137598840E+00 -.106225096E+00 -.108659562E+00
 -.103858719E+00 -.100999864E+00 -.985018846E-01 -.958918745E-01 -.928680503E-01
 -.892252554E-01 -.848228776E-01 -.795727023E-01 -.734430025E-01 -.664676493E-01
 -.587460675E-01 -.504329908E-01 -.417176729E-01 -.327909157E-01 -.238006372E-01
 -.148087656E-01 -.576826251E-02  .347001041E-02  .131279582E-01  .234678271E-01
  .347748648E-01  .473644844E-01  .616183455E-01  .780595108E-01  .975016332E-01
  .121085466E+00  .139665445E+00  .149533388E+00  .149362259E+00  .139819138E+00
  .131732462E+00 -.103402292E+00 -.107864184E+00 -.105841067E+00 -.103424818E+00
 -.100949172E+00 -.980550222E-01 -.945042728E-01 -.901287734E-01 -.847998264E-01
 -.784384666E-01 -.710377211E-01 -.626776155E-01 -.535262202E-01 -.438296658E-01
 -.338899841E-01 -.240203164E-01 -.144726018E-01 -.536012098E-02  .338273579E-02
  .119780736E-01  .207362266E-01  .299849236E-01  .400276449E-01  .511332603E-01
  .635375486E-01  .774150033E-01  .926806533E-01  .108116363E+00  .121072875E+00
  .128947450E+00  .131025908E+00  .128421567E+00  .124110126E+00 -.108570475E+00
 -.110800007E+00 -.107369343E+00 -.105798650E+00 -.103672273E+00 -.100673269E+00
 -.967166058E-01 -.916966929E-01 -.854846107E-01 -.779907007E-01 -.692218778E-01
 -.593068386E-01 -.484931768E-01 -.371375102E-01 -.256933435E-01 -.146619771E-01
 -.447117875E-02  .467974096E-02  .129024525E-01  .205624929E-01  .281266843E-01
  .360239835E-01  .445809504E-01  .540126070E-01  .644194855E-01  .757398656E-01
  .875956139E-01  .990484014E-01  .108669395E+00  .115168629E+00  .118089536E+00
  .118008356E+00  .116186184E+00 -.995711446E-01 -.106046848E+00 -.108449190E+00
 -.108723250E+00 -.107071620E+00 -.103985466E+00 -.996855149E-01 -.941096677E-01
 -.870644431E-01 -.783982329E-01 -.681144245E-01 -.564004214E-01 -.435962026E-01
 -.301759307E-01 -.167822024E-01 -.421615286E-02  .676903996E-02  .158127714E-01
  .231391860E-01  .294150940E-01  .353953500E-01  .416595053E-01  .485543512E-01
  .562342317E-01  .646950568E-01  .737625095E-01  .830344960E-01  .918378591E-01
  .993321522E-01  .104801761E+00  .107961580E+00  .109059036E+00  .108702497E+00
 -.957659627E-01 -.104217129E+00 -.111441784E+00 -.113334579E+00 -.111581306E+00
 -.108172253E+00 -.103567252E+00 -.975887925E-01 -.898119878E-01 -.799258256E-01
 -.679133805E-01 -.540663378E-01 -.388448684E-01 -.227981017E-01 -.674133683E-02
  .803393472E-02  .200993811E-01  .287518320E-01  .344875232E-01  .386503733E-01
  .425266641E-01  .468670286E-01  .519820253E-01  .579266461E-01  .645987611E-01
  .717652527E-01  .790563980E-01  .859776608E-01  .919880919E-01  .966465258E-01
  .997535835E-01  .101400225E+00  .101891495E+00 -.933543117E-01 -.103588138E+00
 -.116199361E+00 -.120155571E+00 -.117315723E+00 -.113149679E+00 -.108423402E+00
 -.102418984E+00 -.941449241E-01 -.829914133E-01 -.689102545E-01 -.524680679E-01
 -.343539497E-01 -.150052086E-01  .486847738E-02  .231985903E-01  .369279001E-01
  .445987041E-01  .473201596E-01  .481448751E-01  .492843870E-01  .514684264E-01
  .547847992E-01  .591026186E-01  .642013822E-01  .697984213E-01  .755516667E-01
  .810752335E-01  .859874942E-01  .899858721E-01  .929151563E-01  .947909263E-01
  .957644329E-01 -.906570388E-01 -.101511970E+00 -.116335486E+00 -.125388306E+00
 -.123680323E+00 -.118204374E+00 -.114202138E+00 -.109044917E+00 -.100749909E+00
 -.883052843E-01 -.714738740E-01 -.517143046E-01 -.303788435E-01 -.726172482E-02
  .181530945E-01  .433023862E-01  .598140964E-01  .654091300E-01  .615791180E-01
  .571608789E-01  .550821002E-01  .551093560E-01  .567811226E-01  .596881860E-01
  .634753782E-01  .678120552E-01  .723723204E-01  .768356252E-01  .809094994E-01
  .843661670E-01  .870753478E-01  .890151632E-01  .902545004E-01 -.870099391E-01
 -.970589859E-01 -.109045016E+00 -.122903860E+00 -.126083371E+00 -.120915734E+00
 -.121360404E+00 -.117841305E+00 -.110949510E+00 -.975286099E-01 -.756951162E-01
 -.514441813E-01 -.272323434E-01 -.976291104E-03  .303493077E-01  .710452602E-01
  .918347195E-01  .947729487E-01  .741347837E-01  .638420470E-01  .589858560E-01
  .573285037E-01  .577478732E-01  .595763730E-01  .623556693E-01  .657267120E-01
  .693801015E-01  .730400774E-01  .764695359E-01  .794856506E-01  .819747392E-01
  .838966453E-01  .852748170E-01 -.826270902E-01 -.912360510E-01 -.100678385E+00
 -.110381823E+00 -.121379070E+00 -.117728845E+00 -.125212132E+00 -.121959441E+00
 -.118450095E+00 -.105272374E+00 -.774922527E-01 -.502901254E-01 -.250246242E-01
  .204265487E-02  .347241250E-01  .751549240E-01  .958894382E-01  .980409790E-01
  .778591577E-01  .659092688E-01  .601163193E-01  .577564194E-01  .575236225E-01
  .586906538E-01  .607889093E-01  .634738213E-01  .664664246E-01  .695310188E-01
  .724716532E-01  .751373475E-01  .774281997E-01  .792965889E-01  .807410368E-01
  .382850169E+01  .379110089E+01  .372360848E+01  .367603061E+01  .365399454E+01
  .362439862E+01  .360198001E+01  .359027033E+01  .358434851E+01  .358566388E+01
  .359630216E+01  .361132929E+01  .363488814E+01  .366544292E+01  .370266952E+01
  .374922301E+01  .380352733E+01  .386775331E+01  .394205103E+01  .402744931E+01
  .412664855E+01  .424047474E+01  .437248098E+01  .452583951E+01  .470557181E+01
  .491775054E+01  .517296916E+01  .548594874E+01  .588112349E+01  .640592019E+01
  .716296772E+01  .847961878E+01  .162012436E+02
   65   49
  .105355057E+01  .000000000E+00  .105231649E+01  .500000000E-01  .105184701E+01
  .150000000E+00  .105266050E+01  .200000000E+00  .105560870E+01  .300000000E+00
  .106242730E+01  .400000000E+00  .107299808E+01  .500000000E+00  .108666989E+01
  .600000000E+00  .110310294E+01  .700000000E+00  .111120413E+01  .750000000E+00
  .113203480E+01  .850000000E+00  .115775580E+01  .950000000E+00  .116989603E+01
  .101314034E+01  .126500000E+01  .100280470E+01  .131812500E+01  .996569112E+00
  .142437500E+01  .973068590E+00  .149955137E+01  .950000000E+00  .158375000E+01
  .922415582E+00  .163687500E+01  .899190062E+00  .173410775E+01  .850000000E+00
  .179625000E+01  .811163979E+00  .184937500E+01  .772020542E+00  .190250000E+01
  .726310259E+00  .195562500E+01  .672724508E+00  .200875000E+01  .608816139E+00
  .205032709E+01  .550000000E+00  .208054048E+01  .500000000E+00  .211500000E+01
  .433480452E+00  .215078815E+01  .350000000E+00  .216886759E+01  .300000000E+00
  .219869041E+01  .200000000E+00  .221775667E+01  .100000000E+00  .222242552E+01
  .500000000E-01  .222353139E+01 -.500000000E-01  .221979557E+01 -.100000000E+00
  .220305079E+01 -.200000000E+00  .217573402E+01 -.300000000E+00  .215948567E+01
 -.350000000E+00  .211970936E+01 -.450000000E+00  .209619664E+01 -.500000000E+00
  .206187500E+01 -.561888043E+00  .200875000E+01 -.640416880E+00  .195774715E+01
 -.700000000E+00  .190748104E+01 -.750000000E+00  .184937500E+01 -.799044525E+00
  .179625000E+01 -.837930504E+00  .174312500E+01 -.870048757E+00  .168095034E+01
 -.900000000E+00  .158375000E+01 -.940510343E+00  .153062500E+01 -.956700885E+00
  .142437500E+01 -.984283259E+00  .131998427E+01 -.100000000E+01  .126500000E+01
 -.100046648E+01  .119153798E+01 -.103767251E+01  .118155102E+01 -.900000000E+00
  .115875000E+01 -.815881457E+00  .114629040E+01 -.750000000E+00  .112817581E+01
 -.650000000E+00  .111289278E+01 -.550000000E+00  .110562500E+01 -.495669904E+00
  .109143701E+01 -.400000000E+00  .107763518E+01 -.300000000E+00  .106637827E+01
 -.200000000E+00  .105810621E+01 -.100000000E+00  .105355057E+01  .000000000E+00
  .101600000E+01  .000000000E+00  .101600000E+01  .400000000E+00  .101600000E+01
  .415000000E+00  .101600000E+01  .121730000E+01  .114830000E+01  .135150000E+01
  .141290000E+01  .135150000E+01  .141290000E+01  .131140000E+01  .138680000E+01
  .131140000E+01  .138680000E+01  .128950000E+01  .139740000E+01  .127120000E+01
  .160780000E+01  .109460000E+01  .164650000E+01  .107680000E+01  .178450000E+01
  .107680000E+01  .207010000E+01  .104000000E+01  .212820000E+01  .992600000E+00
  .224510000E+01  .708600000E+00  .232310000E+01  .519200000E+00  .237670000E+01
  .389100000E+00  .235220000E+01  .400000000E+00  .235110000E+01  .337400000E+00
  .235110000E+01  .205200000E+00  .235360000E+01  .683700000E-01  .235400000E+01
  .000000000E+00  .235440000E+01 -.683700000E-01  .235290000E+01 -.205200000E+00
  .235050000E+01 -.337400000E+00  .235270000E+01 -.400000000E+00  .237670000E+01
 -.389000000E+00  .213400000E+01 -.973000000E+00  .178570000E+01 -.117440000E+01
  .176800000E+01 -.121070000E+01  .176800000E+01 -.125400000E+01  .168200000E+01
 -.125400000E+01  .167400000E+01 -.126200000E+01  .167400000E+01 -.132900000E+01
  .168100000E+01 -.133900000E+01  .175400000E+01 -.133900000E+01  .175400000E+01
 -.136750000E+01  .168900000E+01 -.136750000E+01  .168900000E+01 -.136600000E+01
  .155500000E+01 -.136600000E+01  .141200000E+01 -.136600000E+01  .127300000E+01
 -.136600000E+01  .115300000E+01 -.136600000E+01  .101600000E+01 -.122880000E+01
  .101600000E+01 -.800000000E+00  .101600000E+01 -.415000000E+00  .101600000E+01
 -.400000000E+00  .101600000E+01  .000000000E+00
    0  .170000000E+01    0
  .000000000E+00  .161720341E+00  .228405458E+00  .278903775E+00  .318988921E+00
  .356123693E+00  .389848822E+00  .420312045E+00  .449045146E+00  .475916323E+00
  .501321084E+00  .525702883E+00  .549055778E+00  .571643510E+00  .593711832E+00
  .615070173E+00  .635980174E+00  .656628815E+00  .677018150E+00  .697205415E+00
  .717223105E+00  .737268241E+00  .757296414E+00  .777478031E+00  .797904515E+00
  .818619783E+00  .839874761E+00  .861738402E+00  .884392380E+00  .908260861E+00
  .933919953E+00  .962491573E+00  .100000000E+01
    0
 $OUT1
 ISHOT	= 94133
 ITIME	= 955
 BETAP0	= .5
 RZERO	= 1.6955
 QENP	= .0
 ENP	= 1.0
 EMP	= 1.0
 PLASMA	= 786506.1817725199
 EXPMP2	= .2681692384644126 .2601958136705907 .2136117575207241
 9.663074729140888E-02 -4.427708834913131E-02 -7.495103175433168E-02
 -5.740604876081561E-02 .100663917072863 .1419526259278879
 .1398100349268445 .1800415221703479 .1729057180934179 .224139164130152
 .2221170420982103 .1894024400606388 .2710992921596489
 .2396809290436979 .1089448553970448 -3.590668967331589E-02
 -8.746229486809436E-02 -6.312658965748887E-02 5.171623045950463E-02
 .1830407386422118 9.477982707802724E-02 .1435214775880349
 .1694760004587807 .1736933885908848 .2305296559554979
 .2239122021815774 -6.702478260348453E-02 9.889528097325989E-03
 .1350803071989756 .1442525109452574 .122236124372762 .1455891206875244
 .1798933256583527 .1735379822256368 .225533796708756 .2217496977117971
 .1889598620755868 .2250272631045437 .2296628815553746
 .1745149615491691 .1698191522833616 .14182823096515
 9.509582911784760E-02 .1798317732891581 6.117040880809437E-02
 -6.067490266861561E-02 -8.598391911194749E-02 -3.650571594995524E-02
 .1108588653462565 .2408279374710302 .2712440064244848
 .2682068453685035 .260218885595974 .2126942908147962 .103584061181989
 -4.685343379961272E-02 -7.900776775961816E-02 .1340168062929319
 .1370720406290199 .1133424724393557 9.409343702739436E-02
 -4.776839590616640E-02 -1.590817504445981E-02 -.100871210311046
 -.10902416413563
 COILS	= 4.937068974777506E-02 5.186827215184334E-02
 6.698214497745754E-02 .1066723836614379 .1193511919854016
 -.113927612944142 -.10668187990331 .1131116673868808
 -6.895746812194176E-02 4.419873593376553E-02 3.873140864655990E-02
 6.155277280002458E-02 .1045825398955232 .1229692954748734
 -.114657195063255 -8.964018692905506E-02 .1157746533910446
 -6.235523725024944E-02 5.569059906984615E-02 5.788837942249818E-02
 6.262949316737679E-02 8.856784848055899E-02 .1074269237073598
 .1131090449650656 -4.419678922718321E-02 -9.208741395391367E-02
 -7.678146142227116E-02 -.129240400581264 -8.781616135498756E-02
 4.858510605118071E-02 5.353845241030769E-02 8.466166076887793E-02
 .1078995698895097 .1153915196839873 -4.372808879585021E-02
 -7.609131036205056E-02 -5.917859760395431E-02 -.128308852058995
 -8.425244032095182E-02 6.846240098999674E-02 -2.443342735542957E-03
 BTOR	= -2.07783671483338
 RCENTR	= 1.6955
 BRSP	= -60034.4423898446 -56731.6363977633 -25766.0122384814
 115013.4652965747 98668.2679791374 -145985.372311126 -115643.394982048
 123566.0300624399 -158751.749387657 -68406.7474147639
 -88792.0325140665 -26371.5226731919 107761.6726296995
 105777.5172333463 -153795.166283418 -100627.392567215
 118474.9105546911 -159281.104303887 935.5840666392308
 1304.458498409398 -2352.37744242717 -303.870363569125
 1403.648959296939 -1365.27344304222 .5771145106409125
 1.03115033760524 1.19992982469917 1.65142862003211 -.387921532609736
 -.598306428212757 -.360009731635815 .545608173900517 .1889697437904155
 -.118741781672983 -.28097456397537 -.233953767620547 .8743766400255067
 .5869546573190058 -.217372178622286 -.347678341049912
 .6478459016235858 .3078026936162824 1.30793051709835 .2667706113023533
 .2977925953260649 1.26046394179613 1.24497769479284 2.29294909829552
 -.735622616683345 -.634548469315476 -.876217491150161
 .2425129047877949 .1827210354635608 .4563254480052654
 .9429701107866348 .9897931392644912 1.72829067659807 .6037980607902145
 .1403143798332026 1.06625408243925 .921302891003137 .4033841488657223
 .474888396666873 1.18835730562355 1.30495425688852 1.5538931823293
 2.14978090491686 2.57171239535429 1.72537186664265 .7670569459193439
 4.662126354053163E-02 -.20554415641945 -.539858262784216
 -.80716370226156 .1529539383796438 -2.3973478476931 -1.16551842694547
 -1.79095001032982 -.31624820734383 -2.28065023791819 -.681549402244141
 -3.421923704918850E-02 .323769287325581 .3095136001298341
 1.36738954540618 .2975773076667718 -2.163578154534384E-03
 .3782166342232828 .261589169881206 .2036201442513867 1.07302885155363
 1.95389636490701 -8.813155491707203E-02 .3719198970732992
 .4181208084266358 -.781883022733545 -1.11133528691942
 -2.32192784477842 -1.98719909090322 -1.82983969132786
 -2.03677192153522 -.294363251063821 -.636015197509571
 -2.50319779415889 -2.19324878160358 -1.6414809783804 -2.0130440675627
 -2.80926981905216 -2.33505283676355 -2.21580722926752 -1.0695440302052
 .4636305358710015 .612740750463552 -.978302831128192 -1.19363257320446
 -1.61701863151389 -1.86439496366948 -1.48636617535555
 -.881525155619901 .3353167656975614 .7941766793401672
 .7884193607457752 .7360506881082487 .9033591097342217 -.91926789557115
 .0 .0 .0 .0 .0 .0 .0 .0 .0 .0 .0 .0 .0 .0 .0 .0 .0 .0 .0 .0 .0 .0 .0
 .0 .0 .0 .0 .0 .0 .0 .0 .0 .0 .0 .0 .0 .0 .0 .0 .0 .0 .0 .0 .0 .0 .0
 .0 .0 .0 .0 .0 .0 .0 .0 .0 .0 .0 .0 .0 .0 .0 .0 .0 .0 .0 .0 .0 .0 .0
 .0 .0 .0 .0 .0 .0 .0 .0 .0 .0 .0 .0 .0 .0 .0 .0 .0 .0 .0 .0 .0 .0 .0
 .0 .0 .0 .0 .0 .0 .0 .0 .0 .0 .0 .0 .0 .0 .0 .0 .0 .0 .0 .0 .0 .0 .0
 .0 .0 .0 .0 .0 .0 .0 .0 .0 .0 .0 .0 .0 .0 .0 .0 .0 .0 .0 .0 .0 .0 .0
 .0 .0 .0 .0 .0 .0 .0 .0 .0 .0 .0 .0 .0 .0 .0 .0 .0 .0 .0 .0 .0 .0 .0
 .0 .0 .0 .0 .0 .0 .0 .0 .0 .0 .0 .0 .0 .0 .0 .0 .0 .0 .0 .0 .0 .0 .0
 .0 .0 .0 .0 .0 .0 .0 .0 .0 .0 .0 .0 .0 .0 .0 .0 .0 .0 .0 .0 .0 .0 .0
 .0 .0 .0 .0 .0 .0 .0 .0 .0 .0 .0 .0 .0 .0 .0 .0 .0 .0 .0 .0 .0 .0 .0
 .0 .0 .0 .0 .0 .0 .0 .0 .0 .0 .0 .0 .0
 ICURRT	= 2
 RBDRY	= 1.05355056820572 1.0523164878077 1.05184700890329
 1.05266050367035 1.05560869876713 1.062427299092 1.07299808482275
 1.08666988726642 1.10310294007886 1.11120413019182 1.13203480034714
 1.15775580120027 1.16989603447263 1.265 1.318125 1.424375
 1.49955136972952 1.58375 1.636875 1.73410775095456 1.79625 1.849375
 1.9025 1.955625 2.00875 2.05032709027073 2.08054048130666 2.115
 2.15078814617518 2.16886759392969 2.19869041455484 2.21775667045622
 2.22242551775446 2.22353139216971 2.21979557368951 2.20305078689902
 2.17573401885628 2.15948566948532 2.1197093626597 2.09619664255287
 2.061875 2.00875 1.95774714785811 1.9074810427079 1.849375 1.79625
 1.743125 1.68095033921683 1.58375 1.530625 1.424375 1.31998427105798
 1.265 1.19153798316185 1.18155102218542 1.15875 1.14629039613222
 1.12817580738311 1.11289277808519 1.105625 1.09143701319172
 1.07763517819668 1.0663782723125 1.05810621280194 1.05355056820572 .0
 .0 .0 .0 .0 .0 .0 .0 .0 .0 .0 .0 .0 .0 .0 .0 .0 .0 .0 .0 .0 .0 .0 .0
 .0 .0 .0 .0 .0 .0 .0 .0 .0 .0 .0 .0 .0 .0 .0 .0 .0 .0 .0 .0 .0
 ZBDRY	= .0 5.000000000000004E-02 .1499999999999999 .1999999999999999
 .3 .3999999999999999 .5 .6 .7000000000000001 .75 .85 .9500000000000001
 1.01314034277084 1.00280469537945 .9965691118491563 .9730685896532941
 .9500000000000001 .9224155821157045 .8991900616930143 .85
 .8111639787542494 .7720205418078008 .7263102586190121
 .6727245083901162 .6088161385428186 .5499999999999998 .5
 .433480451812146 .35 .3 .1999999999999999 .1 5.000000000000004E-02
 -5.000000000000004E-02 -.1 -.2 -.3 -.35 -.45 -.5 -.561888042761137
 -.640416879640018 -.7 -.75 -.799044524625741 -.837930503547076
 -.870048756750738 -.9 -.940510342606986 -.956700884865948
 -.984283259084994 -1.0 -1.00046647832139 -1.03767251024056 -.9
 -.815881456872472 -.75 -.65 -.55 -.495669903679229 -.4 -.3 -.2 -.1 .0
 .0 .0 .0 .0 .0 .0 .0 .0 .0 .0 .0 .0 .0 .0 .0 .0 .0 .0 .0 .0 .0 .0 .0
 .0 .0 .0 .0 .0 .0 .0 .0 .0 .0 .0 .0 .0 .0 .0 .0 .0 .0 .0 .0 .0 .0
 NBDRY	= 65
 FWTSI	= 1000.0 556.7617022810794 561.7226177225326 565.8070818310486
 477.8624156628163 212.6445043044684 .0 518.5575541596016
 285.2181178834383 557.0870798589437 571.669982322352 529.0587804486348
 568.2525244802355 466.3615424993656 208.9771189380506
 237.2757161147234 517.5224053361774 300.8638493838687
 562.9666597496827 559.1567144313165 543.1275719009324
 569.8788752369572 567.6478000754337 525.6974853123778
 361.5878766493012 242.1359822036602 275.066658477239 193.8677923495486
 255.8395927602155 562.3915369577201 556.1883771931244
 554.9112053430151 554.5692084238994 504.1610064038396
 358.9700887697079 265.4354304432103 307.2280478730838
 193.9057883923562 255.793691786749 564.3554639994809 556.5990883595632
 FWTCUR	= 4.130440125243205E-05
 MXITER	= 25
 NXITER	= 1
 LIMITR	= 48
 XLIM	= 1.016 1.016 1.016 1.016 1.1483 1.4129 1.4129 1.3868 1.3868
 1.3974 1.6078 1.6465 1.7845 2.0701 2.1282 2.2451 2.3231 2.3767 2.3522
 2.3511 2.3511 2.3536 2.354 2.3544 2.3529 2.3505 2.3527 2.3767 2.134
 1.7857 1.768 1.768 1.682 1.674 1.674 1.681 1.754 1.754 1.689 1.689
 1.555 1.412 1.273 1.153 1.016 1.016 1.016 1.016 1.016 .0 .0 .0 .0 .0
 .0 .0 .0 .0 .0 .0 .0 .0 .0 .0 .0 .0 .0 .0 .0 .0 .0 .0 .0 .0 .0 .0 .0
 .0 .0 .0 .0 .0 .0 .0 .0 .0 .0 .0 .0 .0 .0 .0 .0 .0 .0 .0 .0 .0 .0 .0
 .0 .0 .0 .0 .0 .0 .0 .0 .0 .0 .0 .0 .0 .0 .0 .0 .0 .0 .0 .0 .0 .0 .0
 .0 .0 .0 .0 .0 .0 .0 .0 .0 .0 .0 .0 .0 .0 .0 .0 .0 .0 .0 .0 .0 .0 .0
 .0 .0 .0 .0 .0 .0 .0 .0 .0 .0 .0 .0 .0 .0
 YLIM	= .0 .4 .415 1.2173 1.3515 1.3515 1.3114 1.3114 1.2895 1.2712
 1.0946 1.0768 1.0768 1.04 .9926 .7086 .5192 .3891 .4 .3374 .2052
 6.837000000000000E-02 .0 -6.837000000000000E-02 -.2052 -.3374 -.4
 -.389 -.973 -1.1744 -1.2107 -1.254 -1.254 -1.262 -1.329 -1.339 -1.339
 -1.3675 -1.3675 -1.366 -1.366 -1.366 -1.366 -1.366 -1.2288 -.8 -.415
 -.4 .0 .0 .0 .0 .0 .0 .0 .0 .0 .0 .0 .0 .0 .0 .0 .0 .0 .0 .0 .0 .0 .0
 .0 .0 .0 .0 .0 .0 .0 .0 .0 .0 .0 .0 .0 .0 .0 .0 .0 .0 .0 .0 .0 .0 .0
 .0 .0 .0 .0 .0 .0 .0 .0 .0 .0 .0 .0 .0 .0 .0 .0 .0 .0 .0 .0 .0 .0 .0
 .0 .0 .0 .0 .0 .0 .0 .0 .0 .0 .0 .0 .0 .0 .0 .0 .0 .0 .0 .0 .0 .0 .0
 .0 .0 .0 .0 .0 .0 .0 .0 .0 .0 .0 .0 .0 .0 .0 .0 .0 .0 .0 .0 .0
 ERROR	= 2.000000000000000E-03
 ICONVR	= 2
 IBUNMN	= 3
 PRESSR	= .0 .0 .0 .0 .0 .0 .0 .0 .0 .0 .0 .0 .0 .0 .0 .0 .0 .0 .0 .0
 .0 .0 .0 .0 .0 .0 .0 .0 .0 .0 .0 .0 .0 .0 .0 .0 .0 .0 .0 .0 .0 .0 .0
 .0 .0 .0 .0 .0 .0 .0 .0 .0 .0 .0 .0 .0 .0 .0 .0 .0 .0 .0 .0 .0 .0 .0
 .0 .0 .0 .0 .0 .0 .0 .0 .0 .0 .0 .0 .0 .0 .0 .0 .0 .0 .0 .0 .0 .0 .0
 .0 .0 .0 .0 .0 .0 .0 .0 .0 .0 .0 .0 .0 .0 .0 .0 .0 .0 .0 .0 .0 .0 .0
 .0 .0 .0 .0 .0 .0 .0 .0 .0 .0 .0 .0 .0 .0 .0 .0 .0 .0 .0 .0
 RPRESS	= .0 .0 .0 .0 .0 .0 .0 .0 .0 .0 .0 .0 .0 .0 .0 .0 .0 .0 .0 .0
 .0 .0 .0 .0 .0 .0 .0 .0 .0 .0 .0 .0 .0 .0 .0 .0 .0 .0 .0 .0 .0 .0 .0
 .0 .0 .0 .0 .0 .0 .0 .0 .0 .0 .0 .0 .0 .0 .0 .0 .0 .0 .0 .0 .0 .0 .0
 .0 .0 .0 .0 .0 .0 .0 .0 .0 .0 .0 .0 .0 .0 .0 .0 .0 .0 .0 .0 .0 .0 .0
 .0 .0 .0 .0 .0 .0 .0 .0 .0 .0 .0 .0 .0 .0 .0 .0 .0 .0 .0 .0 .0 .0 .0
 .0 .0 .0 .0 .0 .0 .0 .0 .0 .0 .0 .0 .0 .0 .0 .0 .0 .0 .0 .0
 QPSI	= 3.8285016886974 3.79110088959513 3.7236084844121
 3.67603061312711 3.65399454379958 3.62439861644758 3.6019800121492
 3.59027033367701 3.5843485093307 3.58566388092753 3.59630216289214
 3.6113292874776 3.63488814346809 3.66544291831651 3.70266952409878
 3.74922301280018 3.8035273275128 3.86775331008158 3.94205103162825
 4.02744930790716 4.12664854813071 4.24047473605466 4.37248098364491
 4.5258395057463 4.70557180839714 4.91775053747436 5.17296915765467
 5.48594874345953 5.88112348840315 6.40592018668146 7.16296771767263
 8.47961877535983 16.2012436486798
 PRESSW	= .0 .0 .0 .0 .0 .0 .0 .0 .0 .0 .0 .0 .0 .0 .0 .0 .0 .0 .0 .0
 .0 .0 .0 .0 .0 .0 .0 .0 .0 .0 .0 .0 .0
 PRES	= 45105.82578311878 43430.40919643574 41691.52546085468
 39897.23651404581 38055.60429367931 36174.69073742538 34262.5577829542
 32327.26736793597 30376.88143004088 28419.46190693914
 26463.07073630091 24515.7698557964 22585.6212030958 20680.68671586929
 18809.02833178708 16978.70798851936 15197.78762373631
 13474.32917510813 11816.394580305 10232.04577699713 8729.34470285471
 7316.353295547918 6001.133492746953 4791.747232122007
 3696.256451343271 2722.723088080939 1879.209080005201
 1173.776364786248 614.4868800942751 209.4025635994715
 -33.4146470279698 -105.902814117858 .0
 NQPSI	= 33
 $END
 $BASIS
 KPPFNC	= 0
 KPPKNT	= 0
 PPKNT	= .0 .0 .0 .0 .0 .0 .0 .0 .0 .0 .0 .0 .0 .0 .0 .0 .0 .0 .0 .0 .0
 .0 .0 .0 .0 .0 .0 .0 .0 .0 .0 .0 .0 .0 .0 .0
 PPTENS	= .0
 KFFFNC	= 0
 KFFKNT	= 0
 FFKNT	= .0 .0 .0 .0 .0 .0 .0 .0 .0 .0 .0 .0 .0 .0 .0 .0 .0 .0 .0 .0 .0
 .0 .0 .0 .0 .0 .0 .0 .0 .0 .0 .0 .0 .0 .0 .0
 FFTENS	= .0
 KWWFNC	= 0
 KWWKNT	= 0
 WWKNT	= .0 .0 .0 .0 .0 .0 .0 .0 .0 .0 .0 .0 .0 .0 .0 .0 .0 .0 .0 .0 .0
 .0 .0 .0 .0 .0 .0 .0 .0 .0 .0 .0 .0 .0 .0 .0
 WWTENS	= .0
 PPBDRY	= 352219.8839112397 491090.2582247145 -885600.919501992 .0 .0
 .0 .0 .0 .0 .0 .0 .0 .0 .0 .0 .0 .0 .0 .0 .0 .0 .0 .0 .0 .0 .0 .0 .0
 .0 .0 .0 .0 .0 .0 .0 .0
 PP2BDRY	= .0 .0 .0 .0 .0 .0 .0 .0 .0 .0 .0 .0 .0 .0 .0 .0 .0 .0 .0 .0
 .0 .0 .0 .0 .0 .0 .0 .0 .0 .0 .0 .0 .0 .0 .0 .0
 KPPBDRY	= 0 0 0 0 0 0 0 0 0 0 0 0 0 0 0 0 0 0 0 0 0 0 0 0 0 0 0 0 0 0
 0 0 0 0 0 0
 KPP2BDRY	= 0 0 0 0 0 0 0 0 0 0 0 0 0 0 0 0 0 0 0 0 0 0 0 0 0 0 0 0 0 0
 0 0 0 0 0 0
 FFBDRY	= -.143757086393588 .6640479260229602 -.645892972243228 .0 .0
 .0 .0 .0 .0 .0 .0 .0 .0 .0 .0 .0 .0 .0 .0 .0 .0 .0 .0 .0 .0 .0 .0 .0
 .0 .0 .0 .0 .0 .0 .0 .0
 FF2BDRY	= .0 .0 .0 .0 .0 .0 .0 .0 .0 .0 .0 .0 .0 .0 .0 .0 .0 .0 .0 .0
 .0 .0 .0 .0 .0 .0 .0 .0 .0 .0 .0 .0 .0 .0 .0 .0
 KFFBDRY	= 0 0 0 0 0 0 0 0 0 0 0 0 0 0 0 0 0 0 0 0 0 0 0 0 0 0 0 0 0 0
 0 0 0 0 0 0
 KFF2BDRY	= 0 0 0 0 0 0 0 0 0 0 0 0 0 0 0 0 0 0 0 0 0 0 0 0 0 0 0 0 0 0
 0 0 0 0 0 0
 WWBDRY	= 217.2666393001081 388.1977741572653 .0 .0 .0 .0 .0 .0 .0 .0
 .0 .0 .0 .0 .0 .0 .0 .0 .0 .0 .0 .0 .0 .0 .0 .0 .0 .0 .0 .0 .0 .0 .0
 .0 .0 .0
 WW2BDRY	= .0 .0 .0 .0 .0 .0 .0 .0 .0 .0 .0 .0 .0 .0 .0 .0 .0 .0 .0 .0
 .0 .0 .0 .0 .0 .0 .0 .0 .0 .0 .0 .0 .0 .0 .0 .0
 KWWBDRY	= 0 0 0 0 0 0 0 0 0 0 0 0 0 0 0 0 0 0 0 0 0 0 0 0 0 0 0 0 0 0
 0 0 0 0 0 0
 KWW2BDRY	= 0 0 0 0 0 0 0 0 0 0 0 0 0 0 0 0 0 0 0 0 0 0 0 0 0 0 0 0 0 0
 0 0 0 0 0 0
 KEEFNC	= 0
 KEEKNT	= 0
 EEKNT	= .0 .0 .0 .0 .0 .0 .0 .0 .0 .0 .0 .0 .0 .0 .0 .0 .0 .0
 EETENS	= 5.0
 EEBDRY	= .0 .0 .0 .0 .0 .0 .0 .0 .0 .0 .0 .0 .0 .0 .0 .0 .0 .0
 EE2BDRY	= .0 .0 .0 .0 .0 .0 .0 .0 .0 .0 .0 .0 .0 .0 .0 .0 .0 .0
 KEEBDRY	= 0 0 0 0 0 0 0 0 0 0 0 0 0 0 0 0 0 0
 KEE2BDRY	= 0 0 0 0 0 0 0 0 0 0 0 0 0 0 0 0 0 0
 $END
 $MSEOUT
 RRRGAM	= 1.52499997615814 1.5789999961853 1.62999999523163
 1.68299996852875 1.73399996757507 1.7849999666214 1.83599996566772
 1.88800001144409 1.94000005722046 1.99100005626678 2.04200005531311
 2.08999991416931 2.1470000743866 2.19400000572205 2.26399993896484 .0
 1.99399995803833 2.04299998283386 2.08800005912781 2.13000011444092
 2.17199993133545 2.20900011062622 2.24799990653992 2.26600003242493
 2.28600001335144 1.66199994087219 1.71099996566772 1.7610000371933
 1.81099998950958 1.86000001430511 1.90900003910065 1.95700001716614
 2.00500011444092 2.05200004577637 2.1029999256134
 ZZZGAM	= -2.099999971687793E-02 -1.799999922513961E-02
 -1.600000075995922E-02 -1.099999994039535E-02 -9.999999776482582E-03
 -8.000000379979610E-03 -6.000000052154064E-03 -3.000000026077032E-03
 -1.000000047497451E-03 .0 7.000000216066837E-03
 1.200000010430812E-02 1.400000043213367E-02 1.700000092387199E-02
 1.899999938905239E-02 20.29999923706054 2.000000094994902E-03
 2.000000094994902E-03 2.000000094994902E-03 1.000000047497451E-03 .0
 .0 .0 .0 .0 -1.600000075995922E-02 -1.400000043213367E-02
 -1.200000010430812E-02 -9.999999776482582E-03 -8.000000379979610E-03
 -7.000000216066837E-03 -4.000000189989805E-03 -3.000000026077032E-03
 -1.000000047497451E-03 .0
 AA1GAM	= -.623399972915649 -.645399987697601 -.664200007915497
 -.682099997997284 -.697700023651123 -.712199985980988
 -.725600004196167 -.738200008869171 -.749899983406067
 -.760599970817566 -.770600020885468 -.779399991035461 -.78930002450943
 -.796899974346161 -.807399988174438 .0 .7031000256538391
 .6743000149726867 .6449999809265136 .6151000261306762
 .5825999975204467 .5515999794006347 .5164999961853027
 .4993999898433685 .4797999858856201 .8551999926567077
 .8346999883651733 .8101999759674072 .781000018119812 .7470999956130981
 .7067999839782714 .660099983215332 .6047999858856201 .5414999723434448
 .4614000022411346
 AA2GAM	= .679199993610382 .7052000164985656 .7267000079154968
 .7463999986648559 .7633000016212463 .7785000205039978
 .7921000123023986 .8047000169754028 .816100001335144 .826300024986267
 .8356000185012817 .8435999751091003 .8525000214576721
 .8590999841690063 .8683000206947326 .0 .8278999924659729
 .8367999792098999 .8443999886512756 .8510000109672546
 .8572000265121459 .8622999787330627 .8673999905586242
 .8695999979972839 .871999979019165 .7393000125885009 .7562999725341796
 .7718999981880187 .7860000133514404 .7983999848365783
 .8097000122070312 .8199999928474426 .8292999863624572
 .8377000093460083 .8460999727249145
 AA3GAM	= .7319999933242797 .7069000005722045 .6848000288009643
 .6632000207901 .6437000036239624 .6252999901771545 .6079999804496765
 .5911999940872192 .5753999948501586 .5606999993324279
 .5465999841690063 .5339999794960021 .5199000239372253
 .5087000131607055 .4930000007152557 .0 .5605000257492065
 .5469999909400939 .5351999998092651 .5246999859809875
 .5145000219345092 .5059000253677368 .4970999956130981
 .4932000041007995 .4889000058174133 .6718999743461608
 .6527000069618225 .6341000199317932 .6165999770164489
 .6003999710083007 .5849000215530395 .5705999732017517
 .5569000244140625 .5442000031471252 .531000018119812
 AA4GAM	= -4.210000112652778E-02 -4.120000079274177E-02
 -4.019999876618385E-02 -4.010000079870223E-02 -3.880000114440917E-02
 -3.779999911785125E-02 -3.689999878406524E-02 -3.629999980330467E-02
 -3.550000116229057E-02 -3.440000116825103E-02 -3.489999845623970E-02
 -3.489999845623970E-02 -3.400000184774398E-02 -3.359999880194664E-02
 -3.249999880790710E-02 .0 1.520000025629997E-02
 1.640000008046627E-02 1.750000007450580E-02 1.789999939501285E-02
 1.810000091791152E-02 1.909999921917915E-02 2.009999938309192E-02
 2.060000039637088E-02 2.109999954700469E-02 2.280000038444995E-02
 2.449999935925006E-02 2.630000002682209E-02 2.830000035464763E-02
 3.020000085234642E-02 3.319999948143959E-02 3.400000184774398E-02
 3.689999878406524E-02 3.819999843835830E-02 4.089999943971633E-02
 TGAMMA	= 3.883795812726020E-02 2.816880680620670E-02
 1.033215969800949E-02 1.617778325453400E-03 -8.544038981199264E-03
 -2.161616459488868E-02 -2.527625299990177E-02 -4.341755807399749E-02
 -7.481795549392700E-02 -9.394738823175430E-02 -6.310195475816726E-02
 .0 5.55742216110229 .0 .0 .0 6.492659449577331E-02
 7.910443097352981E-02 8.685234934091567E-02 9.669205546379089E-02
 9.767228364944458E-02 9.850084036588668E-02 9.669847041368484E-02
 9.601247310638427E-02 4.306678846478462E-02 -2.697479538619518E-02
 -1.509266346693038E-02 -4.413747228682041E-03 7.403043098747730E-03
 2.276000566780567E-02 3.908084705471992E-02 5.802573636174201E-02
 7.350652664899826E-02 8.144856989383697E-02 8.209471404552459E-02
 SGAMMA	= 6.613766774535179E-03 6.132761947810649E-03
 6.141602993011474E-03 6.129182409495115E-03 6.144476123154163E-03
 6.152490153908729E-03 6.120853126049041E-03 6.120848003774881E-03
 6.293124053627252E-03 6.159319542348384E-03 6.545755546540021E-03 .0
 7.025331724435091E-03 .0 .0 .0 6.511773448437452E-03
 6.365497130900621E-03 6.249974481761455E-03 6.188956089317798E-03
 6.251937244087457E-03 6.476107984781265E-03 9.162685833871364E-03
 1.282338798046112E-02 1.915407553315162E-02 6.124835927039384E-03
 6.123604252934455E-03 6.117147393524646E-03 6.115552503615617E-03
 6.117044016718864E-03 6.118772085756063E-03 6.179051008075475E-03
 6.242901552468538E-03 6.206085905432701E-03 6.178930401802062E-03
 AA5GAM	= -3.570000046693166E-07 -3.600000013648241E-07
 -3.609999907894234E-07 -3.609999907894234E-07 -3.600000013648241E-07
 -3.590000119402247E-07 -3.570000046693166E-07 -3.540000079738092E-07
 -3.510000112783018E-07 -3.479999861610849E-07 -3.449999894655775E-07
 -3.419999927700701E-07 -3.380000066499633E-07 -3.339999921081471E-07
 -3.289999881417315E-07 .0 3.549999973984085E-07
 3.570000046693166E-07 3.579999940939160E-07 3.590000119402247E-07
 3.600000013648241E-07 3.609999907894234E-07 3.609999907894234E-07
 3.609999907894234E-07 3.609999907894234E-07 6.919999862020631E-08
 4.640000028643953E-08 2.220000006047939E-08 -3.340000054308234E-09
 -2.970000068103218E-08 -5.760000121313168E-08 -8.650000182797158E-08
 -1.169999990224823E-07 -1.479999980347201E-07 -1.829999973779194E-07
 AA6GAM	= -3.609999907894234E-07 -3.609999907894234E-07
 -3.609999907894234E-07 -3.609999907894234E-07 -3.609999907894234E-07
 -3.609999907894234E-07 -3.609999907894234E-07 -3.609999907894234E-07
 -3.609999907894234E-07 -3.609999907894234E-07 -3.609999907894234E-07
 -3.609999907894234E-07 -3.609999907894234E-07 -3.609999907894234E-07
 -3.609999907894234E-07 .0 -3.609999907894234E-07
 -3.609999907894234E-07 -3.609999907894234E-07 -3.609999907894234E-07
 -3.609999907894234E-07 -3.609999907894234E-07 -3.609999907894234E-07
 -3.609999907894234E-07 -3.609999907894234E-07 -3.609999907894234E-07
 -3.609999907894234E-07 -3.609999907894234E-07 -3.609999907894234E-07
 -3.609999907894234E-07 -3.609999907894234E-07 -3.609999907894234E-07
 -3.609999907894234E-07 -3.609999907894234E-07 -3.609999907894234E-07
 MSEBKP	= 0
 FWTGAM	= 105.8398373972291 114.1410682424897 113.9767583148128
 114.2077284101684 113.9234632814663 113.7750703355915
 114.3631427816736 114.3632384872639 111.2325125064921
 113.6489177395574 .0 .0 .0 .0 .0 .0 107.4975973201232
 109.9678447111263 112.0004572887017 113.1046964783297
 111.9652953429754 108.0896121011241 76.39681341166754
 54.58775801423022 .0 114.2887757873972 114.3117633156252
 114.4324233123743 114.4622664241944 114.434357197167 114.4020385445529
 113.2860044503859 112.1273488163864 112.7925089446847 113.288215674973
 $END
 $CHIOUT
 SAISIL	= 1.749380252115070E-02 .1157482200989761 .3420858037703113
 6.689911890473789E-04 1.981536629808250E-03 2.01435157032975 .0
 .121490195962927 .2058666258370028 3.365877907818001E-02
 .2032005531536956 2.818684002016109E-03 4.644298541221466E-03
 .8621921982647227 .9455260513377787 .1011525926092968
 .9288256270032135 .1028822543553079 .4557215885953614
 2.918842668984482E-02 .4498753199926218 9.118127899592431E-02
 8.068692451940803E-02 1.086364211642699E-02 .2996005851995029
 .9040005865990065 1.96924753200519 1.74041052191124 3.23400225637945
 6.009919317025444E-03 .2347004644828868 .1887549750465907
 .3264589305690952 1.319918145402870E-02 1.790841724227441E-02
 1.470154060618069E-05 3.213480711122771E-03 1.31195280666096
 .7751970405925681 2.755425047279885E-02 7.972549424968398E-03
 SAIMPI	= .7739198706726088 .0 .0 .5792556299774758 1.46477050703027 .0
 .0 4.796891422050290E-05 .0 6.713250212838137E-03 .0 1.24904039129025
 1.42098696393247 .0 4.8036109179427 .0 .9512821500681651 .0
 .6474916401479598 .0 .6153319586020875 .0 .0 1.431359391659389E-02
 1.093387089707793E-03 4.287051444757120E-02 .5449967400323609
 .6562964686463288 2.53916765657797 .7984709247947261
 2.442829601129982E-02 .4328421847857033 .3486822120275643
 3.644492496535466E-02 3.583930473251839E-02 .9294567967411469
 1.3474242054178 2.25649607482191 4.46622126705255 6.10845779784623
 2.52843004579857 .3437294562483649 3.091652990010182E-02
 .2304405628360341 .6688270371960111 .9363683517282575
 2.350417519677829E-03 6.20604257731766 1.14190846578368
 2.93505311121967 .2558372612174212 2.75624112993855 .8393705904517821
 3.546502057992822E-02 .3198711887284795 .770745265936404
 1.56164859024433 .6388364969211907 1.689266381614840E-02
 .3487483164348194 6.712345744891924E-04 5.855750009351797E-03
 .8867908031738843 3.03072908928968 2.072776968715774E-06 .0
 .3617534487588824 .3716748321552993
 SAIPR	= .0
 SAIIP	= .0
 $END
  000570   7-Oct-1997 16:43:18 094133.00955 MSE
