  EFITD    01/20/99      # 98128 ,2500ms           3  65  65
  .170000000E+01  .320000000E+01  .169550000E+01  .840000000E+00  .000000000E+00
  .173187287E+01  .161248097E-01 -.243418832E+00  .425821634E-01 -.200455559E+01
  .974236050E+06 -.243418832E+00  .000000000E+00  .173187287E+01  .000000000E+00
  .161248097E-01  .000000000E+00  .425821634E-01  .000000000E+00  .000000000E+00
 -.351995978E+01 -.351529221E+01 -.351073805E+01 -.350629625E+01 -.350196578E+01
 -.349774558E+01 -.349363455E+01 -.348963161E+01 -.348573566E+01 -.348194556E+01
 -.347826017E+01 -.347467836E+01 -.347119894E+01 -.346782074E+01 -.346454257E+01
 -.346136321E+01 -.345828144E+01 -.345529604E+01 -.345240576E+01 -.344960934E+01
 -.344690550E+01 -.344429298E+01 -.344177047E+01 -.343933668E+01 -.343699028E+01
 -.343472996E+01 -.343255439E+01 -.343046221E+01 -.342845207E+01 -.342652262E+01
 -.342467248E+01 -.342290027E+01 -.342120460E+01 -.341958408E+01 -.341803731E+01
 -.341656286E+01 -.341515933E+01 -.341382529E+01 -.341255930E+01 -.341135994E+01
 -.341022575E+01 -.340915529E+01 -.340814710E+01 -.340719972E+01 -.340631169E+01
 -.340548153E+01 -.340470778E+01 -.340398895E+01 -.340332356E+01 -.340271013E+01
 -.340214717E+01 -.340163318E+01 -.340116667E+01 -.340074614E+01 -.340037008E+01
 -.340003700E+01 -.339974539E+01 -.339949373E+01 -.339928053E+01 -.339910427E+01
 -.339896343E+01 -.339885650E+01 -.339878196E+01 -.339873830E+01 -.339872400E+01
  .207036113E+05  .198930969E+05  .191033109E+05  .183339985E+05  .175849048E+05
  .168557749E+05  .161463539E+05  .154563870E+05  .147856193E+05  .141337960E+05
  .135006620E+05  .128859626E+05  .122894429E+05  .117108479E+05  .111499229E+05
  .106064129E+05  .100800631E+05  .957061851E+04  .907782436E+04  .860142574E+04
  .814116776E+04  .769679554E+04  .726805421E+04  .685468889E+04  .645644471E+04
  .607306677E+04  .570430021E+04  .534989015E+04  .500958170E+04  .468311999E+04
  .437025014E+04  .407071727E+04  .378426651E+04  .351064297E+04  .324959178E+04
  .300085805E+04  .276418692E+04  .253932349E+04  .232601290E+04  .212400026E+04
  .193303070E+04  .175284934E+04  .158320129E+04  .142383169E+04  .127448565E+04
  .113490829E+04  .100484473E+04  .884040106E+03  .772239527E+03  .669188117E+03
  .574630999E+03  .488313293E+03  .409980123E+03  .339376607E+03  .276247870E+03
  .220339032E+03  .171395214E+03  .129161538E+03  .933831262E+02  .638050995E+02
  .401725797E+02  .222306883E+02  .972454688E+01  .239927691E+01  .000000000E+00
 -.372138426E+01 -.362684277E+01 -.353345668E+01 -.344122598E+01 -.335015067E+01
 -.326023075E+01 -.317146623E+01 -.308385710E+01 -.299740336E+01 -.291210501E+01
 -.282796205E+01 -.274497449E+01 -.266314232E+01 -.258246554E+01 -.250294416E+01
 -.242457816E+01 -.234736756E+01 -.227131235E+01 -.219641253E+01 -.212266811E+01
 -.205007908E+01 -.197864544E+01 -.190836719E+01 -.183924433E+01 -.177127687E+01
 -.170446480E+01 -.163880812E+01 -.157430683E+01 -.151096094E+01 -.144877044E+01
 -.138773533E+01 -.132785561E+01 -.126913128E+01 -.121156235E+01 -.115514881E+01
 -.109989066E+01 -.104578791E+01 -.992840543E+00 -.941048571E+00 -.890411992E+00
 -.840930805E+00 -.792605010E+00 -.745434608E+00 -.699419598E+00 -.654559980E+00
 -.610855754E+00 -.568306921E+00 -.526913480E+00 -.486675431E+00 -.447592774E+00
 -.409665510E+00 -.372893638E+00 -.337277159E+00 -.302816071E+00 -.269510376E+00
 -.237360073E+00 -.206365163E+00 -.176525644E+00 -.147841518E+00 -.120312785E+00
 -.939394431E-01 -.687214939E-01 -.446589370E-01 -.217517724E-01  .000000000E+00
 -.183706749E+06 -.179039712E+06 -.174429710E+06 -.169876744E+06 -.165380813E+06
 -.160941918E+06 -.156560058E+06 -.152235234E+06 -.147967445E+06 -.143756692E+06
 -.139602974E+06 -.135506292E+06 -.131466646E+06 -.127484035E+06 -.123558460E+06
 -.119689920E+06 -.115878415E+06 -.112123947E+06 -.108426513E+06 -.104786116E+06
 -.101202753E+06 -.976764268E+05 -.942071357E+05 -.907948801E+05 -.874396601E+05
 -.841414756E+05 -.809003267E+05 -.777162133E+05 -.745891354E+05 -.715190930E+05
 -.685060862E+05 -.655501150E+05 -.626511793E+05 -.598092791E+05 -.570244144E+05
 -.542965853E+05 -.516257917E+05 -.490120337E+05 -.464553112E+05 -.439556242E+05
 -.415129728E+05 -.391273569E+05 -.367987766E+05 -.345272318E+05 -.323127225E+05
 -.301552488E+05 -.280548106E+05 -.260114079E+05 -.240250408E+05 -.220957092E+05
 -.202234132E+05 -.184081527E+05 -.166499277E+05 -.149487383E+05 -.133045844E+05
 -.117174660E+05 -.101873832E+05 -.871433591E+04 -.729832417E+04 -.593934796E+04
 -.463740729E+04 -.339250216E+04 -.220463257E+04 -.107379852E+04  .000000000E+00
  .833177417E-01  .784317195E-01  .731407985E-01  .674040088E-01  .612575215E-01
  .548079516E-01  .482940568E-01  .417901146E-01  .344278821E-01  .345214069E-01
  .318423233E-01  .274271072E-01  .206188709E-01  .160165206E-01  .156403381E-01
  .113655988E-01  .973895939E-02  .116477246E-01  .953631870E-02  .115280442E-01
  .172985629E-01  .207138845E-01  .226588703E-01  .235262327E-01  .234875272E-01
  .225859933E-01  .207643758E-01  .178548638E-01  .135377643E-01  .739833403E-02
  .194076754E-02  .145528578E-02  .131628066E-02  .625706333E-02  .115373863E-01
  .225801514E-01  .340597032E-01  .438198408E-01  .523086604E-01  .598934477E-01
  .668261097E-01  .732849894E-01  .793973796E-01  .852524763E-01  .909107360E-01
  .964112593E-01  .101777407E+00  .107020845E+00  .112144396E+00  .117144067E+00
  .122010594E+00  .126730718E+00  .131288349E+00  .135665704E+00  .139844453E+00
  .143806864E+00  .147536897E+00  .151021187E+00  .154249845E+00  .157216997E+00
  .159921041E+00  .162364605E+00  .164554229E+00  .166499831E+00  .168214034E+00
  .803295427E-01  .746422053E-01  .684359413E-01  .616213055E-01  .542695496E-01
  .466461588E-01  .378075394E-01  .341734176E-01  .305230522E-01  .305912077E-01
  .294892925E-01  .269298057E-01  .233051810E-01  .203879941E-01  .186321390E-01
  .163804063E-01  .151898093E-01  .152472149E-01  .149339950E-01  .161009683E-01
  .186997968E-01  .207778022E-01  .220841822E-01  .226348431E-01  .224455343E-01
  .214891851E-01  .196761763E-01  .168270817E-01  .126217488E-01  .659426549E-02
  .104386364E-02  .871893076E-03  .506440671E-03  .573626863E-02  .107466223E-01
  .220665781E-01  .336263332E-01  .435449800E-01  .523019913E-01  .602414302E-01
  .675899117E-01  .745038690E-01  .810943357E-01  .874404807E-01  .935977447E-01
  .996032237E-01  .105479472E+00  .111237276E+00  .116877724E+00  .122393808E+00
  .127771780E+00  .132992420E+00  .138032365E+00  .142865583E+00  .147465017E+00
  .151804355E+00  .155859828E+00  .159611865E+00  .163046445E+00  .166156006E+00
  .168939789E+00  .171403640E+00  .173559300E+00  .175423331E+00  .177015838E+00
  .781583793E-01  .720639682E-01  .653208564E-01  .576311062E-01  .485279487E-01
  .419053745E-01  .365560933E-01  .343988123E-01  .331052260E-01  .327879400E-01
  .320230427E-01  .306183444E-01  .288543260E-01  .270566106E-01  .254312364E-01
  .240699023E-01  .230804933E-01  .225132905E-01  .223559362E-01  .226161617E-01
  .231814677E-01  .237926764E-01  .242176559E-01  .243155621E-01  .240058706E-01
  .232336251E-01  .219507921E-01  .201136312E-01  .177090168E-01  .149225774E-01
  .129166819E-01  .128763148E-01  .143340589E-01  .180303420E-01  .233289497E-01
  .308877283E-01  .393486559E-01  .475955673E-01  .554623584E-01  .629728023E-01
  .701837329E-01  .771538774E-01  .839349520E-01  .905689172E-01  .970873773E-01
  .103511762E+00  .109853755E+00  .116115755E+00  .122291303E+00  .128365506E+00
  .134315561E+00  .140111511E+00  .145717417E+00  .151093064E+00  .156196259E+00
  .160985640E+00  .165423758E+00  .169480054E+00  .173133323E+00  .176373311E+00
  .179201200E+00  .181628971E+00  .183677798E+00  .185375789E+00  .186755477E+00
  .769221633E-01  .709613264E-01  .645536427E-01  .574742213E-01  .496845935E-01
  .447459168E-01  .420062274E-01  .403977794E-01  .392684307E-01  .381165362E-01
  .368872902E-01  .355472500E-01  .341282899E-01  .327094563E-01  .313772762E-01
  .302042428E-01  .292432461E-01  .285234529E-01  .280474095E-01  .277886098E-01
  .276872731E-01  .276572690E-01  .276079548E-01  .274645905E-01  .271774476E-01
  .267242217E-01  .261142373E-01  .254016526E-01  .247130003E-01  .242815910E-01
  .244347239E-01  .254773425E-01  .276018753E-01  .308959146E-01  .353362541E-01
  .407805718E-01  .469501394E-01  .535313173E-01  .602990187E-01  .671301552E-01
  .739684662E-01  .807939488E-01  .876042858E-01  .944043162E-01  .101200004E+00
  .107994823E+00  .114787414E+00  .121569895E+00  .128326507E+00  .135032480E+00
  .141653174E+00  .148143708E+00  .154449416E+00  .160507548E+00  .166250504E+00
  .171610592E+00  .176525807E+00  .180945732E+00  .184836482E+00  .188183801E+00
  .190993772E+00  .193291053E+00  .195115083E+00  .196515098E+00  .197544997E+00
  .760999250E-01  .706402811E-01  .652948315E-01  .600509896E-01  .551078533E-01
  .514621177E-01  .489947771E-01  .469792894E-01  .452377432E-01  .436575843E-01
  .421588002E-01  .407019943E-01  .392815416E-01  .379156614E-01  .366347926E-01
  .354711978E-01  .344515283E-01  .335920494E-01  .328958882E-01  .323521108E-01
  .319370815E-01  .316188742E-01  .313643631E-01  .311470543E-01  .309539049E-01
  .307909503E-01  .306886523E-01  .307074653E-01  .309419693E-01  .315185549E-01
  .325806231E-01  .342625406E-01  .366640594E-01  .398344143E-01  .437657310E-01
  .483946564E-01  .536151224E-01  .593033915E-01  .653450366E-01  .716506393E-01
  .781582553E-01  .848285990E-01  .916383581E-01  .985741214E-01  .105627513E+00
  .112791371E+00  .120056600E+00  .127409365E+00  .134828329E+00  .142281777E+00
  .149724628E+00  .157095640E+00  .164315542E+00  .171287382E+00  .177900565E+00
  .184039436E+00  .189595447E+00  .194480188E+00  .198636200E+00  .202043483E+00
  .204720649E+00  .206720378E+00  .208119960E+00  .209009384E+00  .209480210E+00
  .743570653E-01  .691463297E-01  .651986763E-01  .620683177E-01  .592565522E-01
  .567023543E-01  .544325562E-01  .524057354E-01  .505577320E-01  .488357291E-01
  .472033769E-01  .456406889E-01  .441424457E-01  .427149755E-01  .413718946E-01
  .401296946E-01  .390039198E-01  .380063530E-01  .371433873E-01  .364156688E-01
  .358190717E-01  .353469511E-01  .349933890E-01  .347569221E-01  .346442193E-01
  .346733172E-01  .348761089E-01  .352996182E-01  .360052279E-01  .370648648E-01
  .385537358E-01  .405406515E-01  .430783147E-01  .461960195E-01  .498962712E-01
  .541559417E-01  .589318465E-01  .641694915E-01  .698124637E-01  .758097939E-01
  .821199700E-01  .887118823E-01  .955637656E-01  .102661153E+00  .109994472E+00
  .117556544E+00  .125339974E+00  .133334252E+00  .141522258E+00  .149875772E+00
  .158349543E+00  .166873638E+00  .175344571E+00  .183617777E+00  .191507709E+00
  .198803432E+00  .205299691E+00  .210830355E+00  .215291762E+00  .218655073E+00
  .220969809E+00  .222354954E+00  .222973656E+00  .222999511E+00  .222590251E+00
  .698567303E-01  .625667452E-01  .632613748E-01  .634145356E-01  .621685331E-01
  .605492667E-01  .588107179E-01  .570475428E-01  .552972404E-01  .535745027E-01
  .518864722E-01  .502397140E-01  .486430485E-01  .471081304E-01  .456487759E-01
  .442797059E-01  .430151922E-01  .418679577E-01  .408485498E-01  .399653123E-01
  .392249872E-01  .386338946E-01  .381995402E-01  .379324331E-01  .378478504E-01
  .379672819E-01  .383192837E-01  .389394596E-01  .398693095E-01  .411537988E-01
  .428377747E-01  .449617223E-01  .475576485E-01  .506459409E-01  .542338541E-01
  .583159263E-01  .628762091E-01  .678917802E-01  .733367234E-01  .791857447E-01
  .854168551E-01  .920129401E-01  .989623350E-01  .106258664E+00  .113900179E+00
  .121888747E+00  .130228474E+00  .138923828E+00  .147976852E+00  .157382771E+00
  .167122673E+00  .177150949E+00  .187373374E+00  .197610094E+00  .207548053E+00
  .216745178E+00  .224759899E+00  .231273055E+00  .236100985E+00  .239189811E+00
  .240642367E+00  .240748171E+00  .239907770E+00  .238478826E+00  .236716822E+00
  .757213558E-01  .710141775E-01  .683376366E-01  .669261623E-01  .657744740E-01
  .644962721E-01  .630444726E-01  .614559474E-01  .597757029E-01  .580417689E-01
  .562847605E-01  .545301126E-01  .528001121E-01  .511151943E-01  .494945696E-01
  .479563948E-01  .465177120E-01  .451943526E-01  .440009519E-01  .429511661E-01
  .420581285E-01  .413351255E-01  .407964252E-01  .404581497E-01  .403390590E-01
  .404611007E-01  .408495890E-01  .415329023E-01  .425416338E-01  .439072082E-01
  .456600779E-01  .478277355E-01  .504328590E-01  .534919200E-01  .570145170E-01
  .610035583E-01  .654562603E-01  .703657682E-01  .757231111E-01  .815191835E-01
  .877465124E-01  .944006760E-01  .101481356E+00  .108993081E+00  .116945767E+00
  .125355134E+00  .134243078E+00  .143637991E+00  .153574920E+00  .164095248E+00
  .175245105E+00  .187070734E+00  .199606904E+00  .212850425E+00  .226640677E+00
  .239467425E+00  .250024192E+00  .258069664E+00  .263420226E+00  .265901148E+00
  .265336146E+00  .262334824E+00  .258719824E+00  .254959040E+00  .251270547E+00
  .753083768E-01  .687817712E-01  .697478394E-01  .705875689E-01  .700397439E-01
  .689816983E-01  .676126573E-01  .660237858E-01  .642789847E-01  .624299468E-01
  .605197765E-01  .585848109E-01  .566561378E-01  .547608832E-01  .529232116E-01
  .511650491E-01  .495065976E-01  .479667223E-01  .465632942E-01  .453135437E-01
  .442344571E-01  .433432139E-01  .426576401E-01  .421966239E-01  .419804310E-01
  .420308466E-01  .423710796E-01  .430254169E-01  .440186552E-01  .453753435E-01
  .471188649E-01  .492704790E-01  .518484682E-01  .548675226E-01  .583384775E-01
  .622684619E-01  .666614537E-01  .715191768E-01  .768422370E-01  .826313813E-01
  .888887858E-01  .956193150E-01  .102831749E+00  .110540025E+00  .118764587E+00
  .127533987E+00  .136886937E+00  .146875101E+00  .157567057E+00  .169054162E+00
  .181459575E+00  .194952805E+00  .209773568E+00  .226259502E+00  .244665481E+00
  .262825579E+00  .275587300E+00  .286284424E+00  .292321805E+00  .294332663E+00
  .292871047E+00  .285416682E+00  .277706280E+00  .270901806E+00  .264939861E+00
  .842847021E-01  .800223010E-01  .777613762E-01  .766523127E-01  .756429363E-01
  .743651535E-01  .727902839E-01  .709725715E-01  .689762302E-01  .668590083E-01
  .646697929E-01  .624495734E-01  .602330424E-01  .580501048E-01  .559271170E-01
  .538878480E-01  .519542115E-01  .501468297E-01  .484854844E-01  .469895008E-01
  .456780862E-01  .445706361E-01  .436869961E-01  .430476603E-01  .426738737E-01
  .425875980E-01  .428111858E-01  .433668951E-01  .442764838E-01  .455609625E-01
  .472401015E-01  .493319728E-01  .518525837E-01  .548156249E-01  .582324130E-01
  .621120510E-01  .664618155E-01  .712877515E-01  .765954423E-01  .823909156E-01
  .886816546E-01  .954777073E-01  .102792909E+00  .110646282E+00  .119063708E+00
  .128080046E+00  .137741944E+00  .148111741E+00  .159273053E+00  .171339060E+00
  .184465170E+00  .198869023E+00  .214863226E+00  .232907785E+00  .253600012E+00
  .275601168E+00  .291249195E+00  .303767332E+00  .311604778E+00  .313816255E+00
  .313048983E+00  .304113481E+00  .293137389E+00  .283628048E+00  .275743066E+00
  .888163511E-01  .835463052E-01  .832669845E-01  .834600296E-01  .823990939E-01
  .807191534E-01  .786637976E-01  .763627437E-01  .739013050E-01  .713414832E-01
  .687310422E-01  .661084379E-01  .635058354E-01  .609510810E-01  .584690488E-01
  .560825908E-01  .538132251E-01  .516816500E-01  .497081381E-01  .479128489E-01
  .463160800E-01  .449384678E-01  .438011385E-01  .429258018E-01  .423347801E-01
  .420513507E-01  .420987064E-01  .424984971E-01  .432703066E-01  .444333490E-01
  .460053899E-01  .480025737E-01  .504394583E-01  .533288389E-01  .566818204E-01
  .605079733E-01  .648156390E-01  .696123672E-01  .749054774E-01  .807027363E-01
  .870131424E-01  .938478230E-01  .101221065E+00  .109151522E+00  .117663671E+00
  .126789628E+00  .136571482E+00  .147064372E+00  .158340609E+00  .170495232E+00
  .183653407E+00  .197979829E+00  .213689378E+00  .231058027E+00  .250454084E+00
  .272427321E+00  .292690162E+00  .304060962E+00  .315533040E+00  .317692147E+00
  .318407350E+00  .313054452E+00  .300989427E+00  .290254770E+00  .281632673E+00
  .101544099E+00  .979337649E-01  .954339323E-01  .932986843E-01  .908586084E-01
  .881031285E-01  .851454798E-01  .820690522E-01  .789286152E-01  .757629170E-01
  .726021353E-01  .694716637E-01  .663940882E-01  .633903089E-01  .604802394E-01
  .576832810E-01  .550186653E-01  .525057145E-01  .501640441E-01  .480137238E-01
  .460754033E-01  .443704055E-01  .429207851E-01  .417493503E-01  .408816246E-01
  .403430692E-01  .401578003E-01  .403482471E-01  .409348164E-01  .419356358E-01
  .433658471E-01  .452394829E-01  .475702137E-01  .503696041E-01  .536479168E-01
  .574140312E-01  .616757463E-01  .664400890E-01  .717137230E-01  .775034291E-01
  .838166582E-01  .906621532E-01  .980506442E-01  .105995626E+00  .114514232E+00
  .123628219E+00  .133365078E+00  .143759259E+00  .154853449E+00  .166699766E+00
  .179360510E+00  .192907965E+00  .207422608E+00  .222990210E+00  .239708061E+00
  .257808830E+00  .278592633E+00  .291112153E+00  .299262919E+00  .308583948E+00
  .305715815E+00  .308629443E+00  .298032346E+00  .288297161E+00  .281261036E+00
  .115927166E+00  .113490069E+00  .109400938E+00  .104684911E+00  .100151717E+00
  .958572016E-01  .917220041E-01  .876943921E-01  .837506844E-01  .798831695E-01
  .760928494E-01  .723857821E-01  .687712415E-01  .652607569E-01  .618675928E-01
  .586064617E-01  .554933670E-01  .525455206E-01  .497813024E-01  .472202427E-01
  .448830124E-01  .427914120E-01  .409683500E-01  .394420567E-01  .382406206E-01
  .373911023E-01  .369191496E-01  .368486140E-01  .372011826E-01  .379960392E-01
  .392495546E-01  .409751350E-01  .431826964E-01  .458796450E-01  .490756283E-01
  .527777039E-01  .569919922E-01  .617235250E-01  .669766081E-01  .727551094E-01
  .790627925E-01  .859036537E-01  .932822514E-01  .101204002E+00  .109675406E+00
  .118704151E+00  .128298998E+00  .138469292E+00  .149223853E+00  .160568816E+00
  .172503719E+00  .185014644E+00  .198062266E+00  .211560181E+00  .225331113E+00
  .239004687E+00  .251825295E+00  .262766159E+00  .271368241E+00  .277495881E+00
  .281039156E+00  .282217544E+00  .281203907E+00  .278797752E+00  .275972254E+00
  .129264862E+00  .128331688E+00  .121444143E+00  .114207750E+00  .108175643E+00
  .102704171E+00  .975718278E-01  .926769452E-01  .879640950E-01  .834017454E-01
  .789728240E-01  .746697634E-01  .704916120E-01  .664422576E-01  .625293018E-01
  .587633300E-01  .551574301E-01  .517268727E-01  .484888944E-01  .454625476E-01
  .426685923E-01  .401294090E-01  .378757163E-01  .359383114E-01  .343474522E-01
  .331324048E-01  .323209892E-01  .319391313E-01  .320104348E-01  .325557870E-01
  .335930115E-01  .351365878E-01  .371974272E-01  .397828162E-01  .428962692E-01
  .465370829E-01  .507101951E-01  .554173179E-01  .606593563E-01  .664360756E-01
  .727463589E-01  .795883006E-01  .869592483E-01  .948557293E-01  .103273207E+00
  .112205585E+00  .121644352E+00  .131577185E+00  .141985779E+00  .152842549E+00
  .164105689E+00  .175711881E+00  .187565713E+00  .199524884E+00  .211381755E+00
  .222848449E+00  .233567957E+00  .243176811E+00  .251390109E+00  .258039366E+00
  .263073968E+00  .266560840E+00  .268682063E+00  .269721212E+00  .269996141E+00
  .132781847E+00  .130809130E+00  .126261499E+00  .120255155E+00  .114011341E+00
  .107959378E+00  .102164730E+00  .966056329E-01  .912491794E-01  .860681847E-01
  .810437464E-01  .761645582E-01  .714256737E-01  .668273731E-01  .623742614E-01
  .580745889E-01  .539397505E-01  .499839233E-01  .462238050E-01  .426784227E-01
  .393689918E-01  .363279987E-01  .335888564E-01  .311850932E-01  .291498322E-01
  .275152596E-01  .263120901E-01  .255690396E-01  .253123189E-01  .255651627E-01
  .263474080E-01  .276751371E-01  .295603986E-01  .320110200E-01  .350305052E-01
  .386180516E-01  .427688381E-01  .474725948E-01  .527279638E-01  .585296494E-01
  .648712776E-01  .717448361E-01  .791406495E-01  .870471091E-01  .954502184E-01
  .104332880E+00  .113673837E+00  .123446169E+00  .133615225E+00  .144135851E+00
  .154948816E+00  .165976411E+00  .177117477E+00  .188242743E+00  .199192424E+00
  .209779430E+00  .219801673E+00  .229063506E+00  .237400115E+00  .244696532E+00
  .250897742E+00  .256010732E+00  .260099037E+00  .263268794E+00  .265646982E+00
  .142569536E+00  .142095612E+00  .133500616E+00  .125216800E+00  .118221796E+00
  .111668337E+00  .105389513E+00  .993287333E-01  .934547533E-01  .877459321E-01
  .821871939E-01  .767691591E-01  .714875515E-01  .663426359E-01  .613387086E-01
  .564836672E-01  .517886684E-01  .472678653E-01  .429382120E-01  .388193191E-01
  .349443881E-01  .313492711E-01  .280707128E-01  .251457824E-01  .226112818E-01
  .205031336E-01  .188557609E-01  .177014702E-01  .170698524E-01  .169872180E-01
  .174760834E-01  .185547240E-01  .202368098E-01  .225311370E-01  .254414615E-01
  .289664447E-01  .330997088E-01  .378299441E-01  .431414963E-01  .490137584E-01
  .554370261E-01  .623971816E-01  .698783827E-01  .778623555E-01  .863279907E-01
  .952506912E-01  .104601457E+00  .114345694E+00  .124441719E+00  .134838979E+00
  .145476053E+00  .156278633E+00  .167157836E+00  .178009481E+00  .188715117E+00
  .199145655E+00  .209167949E+00  .218653725E+00  .227489172E+00  .235583162E+00
  .242872568E+00  .249324018E+00  .254932052E+00  .259714170E+00  .263703934E+00
  .140402632E+00  .138384225E+00  .133694049E+00  .127364244E+00  .120595952E+00
  .113867444E+00  .107284588E+00  .100854823E+00  .945668128E-01  .884086817E-01
  .823717946E-01  .764513514E-01  .706463081E-01  .649591723E-01  .593957992E-01
  .539652170E-01  .486794909E-01  .435536257E-01  .386054990E-01  .338677623E-01
  .293784970E-01  .251775063E-01  .213057450E-01  .178047022E-01  .147157429E-01
  .120794167E-01  .993474597E-02  .831850928E-02  .726453657E-02  .680303593E-02
  .695997183E-02  .775651452E-02  .920857896E-02  .113264693E-01  .141146411E-01
  .175715882E-01  .216898578E-01  .264561875E-01  .318517677E-01  .378525233E-01
  .444296177E-01  .515531710E-01  .592035977E-01  .673572739E-01  .759881538E-01
  .850672155E-01  .945617530E-01  .104434578E+00  .114643102E+00  .125138333E+00
  .135863875E+00  .146755080E+00  .157738551E+00  .168732257E+00  .179646490E+00
  .190385842E+00  .200852113E+00  .210947852E+00  .220579950E+00  .229662728E+00
  .238120071E+00  .245886560E+00  .252907823E+00  .259140620E+00  .264553198E+00
  .147366531E+00  .146694430E+00  .137624007E+00  .129085033E+00  .121794239E+00
  .114829708E+00  .108013794E+00  .101298447E+00  .946676706E-01  .881153439E-01
  .816395974E-01  .752413604E-01  .689240278E-01  .626934334E-01  .565579042E-01
  .505283326E-01  .446182590E-01  .388439652E-01  .332361005E-01  .278347069E-01
  .226823605E-01  .178236568E-01  .133046194E-01  .917203910E-02  .547275034E-02
  .225285669E-02 -.443079745E-03 -.257286633E-02 -.409750445E-02 -.498198697E-02
 -.519604424E-02 -.471481397E-02 -.351941184E-02 -.159738208E-02  .105698852E-02
  .444250494E-02  .855105203E-02  .133677356E-01  .188711686E-01  .250338855E-01
  .318228807E-01  .392002289E-01  .471228401E-01  .555559072E-01  .644703430E-01
  .738351241E-01  .836165756E-01  .937780819E-01  .104279631E+00  .115077299E+00
  .126122746E+00  .137362809E+00  .148739258E+00  .160188779E+00  .171643204E+00
  .183029944E+00  .194272496E+00  .205290825E+00  .216001390E+00  .226316713E+00
  .236144600E+00  .245387546E+00  .253943262E+00  .261707522E+00  .268580194E+00
  .141532052E+00  .139142673E+00  .134455167E+00  .128290246E+00  .121580466E+00
  .114705175E+00  .107778913E+00  .100840152E+00  .939056887E-01  .869854676E-01
  .800872256E-01  .732183381E-01  .663867675E-01  .596016574E-01  .528737535E-01
  .462157287E-01  .396424636E-01  .331808779E-01  .268725389E-01  .207623003E-01
  .148978988E-01  .932944448E-02  .410880936E-02 -.711080081E-03 -.507703597E-02
 -.893647464E-02 -.122383371E-01 -.149340423E-01 -.169784486E-01 -.183307932E-01
 -.189555822E-01 -.188233975E-01 -.179115939E-01 -.162048573E-01 -.136956036E-01
 -.103841991E-01 -.627899500E-02 -.139617134E-02  .424060252E-02  .106006793E-01
  .176470982E-01  .253373764E-01  .336244016E-01  .424576658E-01  .517813655E-01
  .615649882E-01  .717748912E-01  .823766211E-01  .933345544E-01  .104611587E+00
  .116168857E+00  .127965499E+00  .139958416E+00  .152102017E+00  .164347855E+00
  .176643996E+00  .188933920E+00  .201154655E+00  .213233855E+00  .225085592E+00
  .236604931E+00  .247662055E+00  .258098046E+00  .267726283E+00  .276344245E+00
  .141919097E+00  .139500071E+00  .134355085E+00  .127855399E+00  .121020110E+00
  .114023035E+00  .106913491E+00  .997221847E-01  .924703872E-01  .851736605E-01
  .778444466E-01  .704937634E-01  .631323211E-01  .557712921E-01  .484228748E-01
  .411007089E-01  .338256576E-01  .266400064E-01  .195900577E-01  .127258504E-01
  .610076500E-02 -.228992908E-03 -.620503306E-02 -.117675406E-01 -.168561470E-01
 -.214108974E-01 -.253732952E-01 -.286873968E-01 -.313009293E-01 -.331663945E-01
 -.342421242E-01 -.344932477E-01 -.338925354E-01 -.324210839E-01 -.300688126E-01
 -.268347493E-01 -.227270891E-01 -.177630221E-01 -.119683315E-01 -.537677720E-02
  .197071409E-02  .100270206E-01  .187399192E-01  .280532499E-01  .379080038E-01
  .482440050E-01  .590168439E-01  .701955532E-01  .817500272E-01  .936509687E-01
  .105869844E+00  .118378834E+00  .131150736E+00  .144158753E+00  .157376032E+00
  .170774741E+00  .184324375E+00  .197988813E+00  .211721447E+00  .225457409E+00
  .239101647E+00  .252511424E+00  .265473046E+00  .277679073E+00  .288731197E+00
  .142727589E+00  .140392740E+00  .134543966E+00  .127454788E+00  .120297310E+00
  .113035276E+00  .105649879E+00  .981470234E-01  .905383239E-01  .828358237E-01
  .750509568E-01  .671946799E-01  .592779047E-01  .513119911E-01  .433092584E-01
  .352835571E-01  .272743743E-01  .193283994E-01  .114968200E-01  .383509536E-02
 -.359741360E-02 -.107379630E-01 -.175210959E-01 -.238794595E-01 -.297447621E-01
 -.350488538E-01 -.397249090E-01 -.437086829E-01 -.469398057E-01 -.493630757E-01
 -.509297057E-01 -.515984769E-01 -.513367556E-01 -.501213265E-01 -.479390085E-01
 -.447870186E-01 -.406730664E-01 -.356151664E-01 -.296411715E-01 -.227880387E-01
 -.151008524E-01 -.663163463E-02  .256201786E-02  .124184312E-01  .228734538E-01
  .338621693E-01  .453206108E-01  .571942455E-01  .694587688E-01  .820929233E-01
  .950787192E-01  .108401699E+00  .122051223E+00  .136020716E+00  .150307802E+00
  .164914135E+00  .179844681E+00  .195105956E+00  .210702448E+00  .226629773E+00
  .242861929E+00  .259327480E+00  .275863335E+00  .292108614E+00  .307229284E+00
  .141564289E+00  .138713278E+00  .133379185E+00  .126595805E+00  .119314147E+00
  .111797561E+00  .104104053E+00  .962517910E-01  .882513789E-01  .801120730E-01
  .718429156E-01  .634529857E-01  .549515842E-01  .463484736E-01  .376541484E-01
  .288971373E-01  .201232726E-01  .113834550E-01  .273367787E-02 -.576513707E-02
 -.140474822E-01 -.220437859E-01 -.296811150E-01 -.368840554E-01 -.435757622E-01
 -.496791656E-01 -.551183071E-01 -.598197753E-01 -.637142005E-01 -.667377619E-01
 -.688336529E-01 -.699534515E-01 -.700583367E-01 -.691201000E-01 -.671219022E-01
 -.640587374E-01 -.599375762E-01 -.547771735E-01 -.486075390E-01 -.414690844E-01
 -.334114724E-01 -.244922026E-01 -.147749797E-01 -.432790763E-02  .677844046E-02
  .184730366E-01  .306864453E-01  .433528692E-01  .564132847E-01  .698538661E-01
  .836663840E-01  .978488653E-01  .112406410E+00  .127352207E+00  .142708772E+00
  .158509418E+00  .174799942E+00  .191640516E+00  .209107673E+00  .227296195E+00
  .246320416E+00  .266313259E+00  .287414976E+00  .309716393E+00  .332272643E+00
  .143197721E+00  .140775201E+00  .133896702E+00  .126014362E+00  .118277892E+00
  .110421056E+00  .102382283E+00  .941522174E-01  .857334185E-01  .771313712E-01
  .683523606E-01  .594029547E-01  .502899576E-01  .410205594E-01  .316084079E-01
  .220960468E-01  .125320137E-01  .297084256E-02 -.652698805E-02 -.158952352E-01
 -.250622405E-01 -.339514686E-01 -.424822502E-01 -.505707307E-01 -.581310224E-01
 -.650765447E-01 -.713215280E-01 -.767826472E-01 -.813807377E-01 -.850425423E-01
 -.877024245E-01 -.893039837E-01 -.898015041E-01 -.891611715E-01 -.873620002E-01
 -.843964198E-01 -.802704868E-01 -.750037010E-01 -.686284231E-01 -.611889077E-01
 -.527399803E-01 -.433454021E-01 -.330759730E-01 -.220074318E-01 -.102182114E-01
  .221289587E-02  .152091139E-01  .286980647E-01  .426141378E-01  .569005352E-01
  .715567560E-01  .865907454E-01  .102020084E+00  .117873709E+00  .134194221E+00
  .151040986E+00  .168494346E+00  .186661404E+00  .205684155E+00  .225751258E+00
  .247116064E+00  .270127382E+00  .295298083E+00  .323589447E+00  .359395851E+00
  .140878198E+00  .137603233E+00  .131991428E+00  .124860343E+00  .117079648E+00
  .108961218E+00  .100581195E+00  .919592628E-01  .831033180E-01  .740186765E-01
  .647097973E-01  .551806433E-01  .454348866E-01  .354761515E-01  .253333693E-01
  .150513940E-01  .468150002E-02 -.571834706E-02 -.160834148E-01 -.263423193E-01
 -.364173465E-01 -.462249930E-01 -.556767427E-01 -.646800836E-01 -.731397634E-01
 -.809592706E-01 -.880425172E-01 -.942956832E-01 -.996291745E-01 -.103959631E+00
 -.107211916E+00 -.109321003E+00 -.110233686E+00 -.109910034E+00 -.108324515E+00
 -.105466728E+00 -.101341708E+00 -.959697637E-01 -.893858593E-01 -.816385383E-01
 -.727884369E-01 -.629064316E-01 -.520714857E-01 -.403682638E-01 -.278845881E-01
 -.147088010E-01 -.927094855E-03  .133791523E-01  .281360114E-01  .432796152E-01
  .587616711E-01  .745960145E-01  .908072161E-01  .107432532E+00  .124524607E+00
  .142155223E+00  .160420528E+00  .179448391E+00  .199408800E+00  .220528573E+00
  .243111824E+00  .267566788E+00  .294436831E+00  .324450669E+00  .358830314E+00
  .143790232E+00  .141231970E+00  .133033488E+00  .124390349E+00  .116078156E+00
  .107585922E+00  .988272012E-01  .897908954E-01  .804795794E-01  .708967214E-01
  .610444064E-01  .509233014E-01  .405330332E-01  .298802621E-01  .190038800E-01
  .794981306E-02 -.322865979E-02 -.144706582E-01 -.257075948E-01 -.368632561E-01
 -.478541006E-01 -.585898022E-01 -.689740569E-01 -.789056642E-01 -.882798869E-01
 -.969900754E-01 -.104929534E+00 -.111993588E+00 -.118081797E+00 -.123100241E+00
 -.126963807E+00 -.129598375E+00 -.130942814E+00 -.130950698E+00 -.129591654E+00
 -.126852267E+00 -.122736491E+00 -.117265536E+00 -.110477216E+00 -.102424786E+00
 -.931752881E-01 -.828075017E-01 -.714095340E-01 -.590761669E-01 -.459060317E-01
 -.319987013E-01 -.174517720E-01 -.235799049E-02  .131975369E-01  .291400456E-01
  .454077442E-01  .619655033E-01  .788386886E-01  .960642004E-01  .113692624E+00
  .131791216E+00  .150448068E+00  .169777927E+00  .189930433E+00  .211101986E+00
  .233553255E+00  .257635301E+00  .283822375E+00  .312661034E+00  .343575802E+00
  .140382802E+00  .136677726E+00  .130850073E+00  .123438921E+00  .115157458E+00
  .106375839E+00  .972268129E-01  .877537607E-01  .779703294E-01  .678794286E-01
  .574792868E-01  .467655585E-01  .357320881E-01  .243971322E-01  .128000246E-01
  .987573848E-03 -.109853299E-01 -.230553251E-01 -.351503900E-01 -.471898678E-01
 -.590847349E-01 -.707381378E-01 -.820462241E-01 -.928992845E-01 -.103183211E+00
 -.112781262E+00 -.121576116E+00 -.129452158E+00 -.136297962E+00 -.142008864E+00
 -.146489556E+00 -.149656591E+00 -.151440681E+00 -.151788699E+00 -.150665268E+00
 -.148053855E+00 -.143957317E+00 -.138397838E+00 -.131416269E+00 -.123070880E+00
 -.113435560E+00 -.102597567E+00 -.906548809E-01 -.777132954E-01 -.638833321E-01
 -.492770912E-01 -.340051294E-01 -.181734404E-01 -.188059509E-02  .147849257E-01
  .317471999E-01  .489451517E-01  .663581388E-01  .840158389E-01  .101957156E+00
  .120231357E+00  .138899615E+00  .158036924E+00  .177734392E+00  .198102003E+00
  .219272293E+00  .241406937E+00  .264714501E+00  .289499869E+00  .315902110E+00
  .143938178E+00  .140925365E+00  .133233243E+00  .124055370E+00  .114874813E+00
  .105507987E+00  .958670293E-01  .859214478E-01  .756565649E-01  .650612725E-01
  .541247194E-01  .428354762E-01  .311814922E-01  .191916948E-01  .690420051E-02
 -.563420386E-02 -.183676370E-01 -.312307718E-01 -.441486306E-01 -.570365797E-01
 -.698005719E-01 -.823376750E-01 -.945369219E-01 -.106280504E+00 -.117445321E+00
 -.127904881E+00 -.137531528E+00 -.146198959E+00 -.153784954E+00 -.160174249E+00
 -.165261442E+00 -.168953812E+00 -.171173941E+00 -.171862003E+00 -.170977603E+00
 -.168501086E+00 -.164434213E+00 -.158800174E+00 -.151642928E+00 -.143025873E+00
 -.133029923E+00 -.121751058E+00 -.109297460E+00 -.957863573E-01 -.813406996E-01
 -.660857876E-01 -.501459752E-01 -.336415398E-01 -.166857984E-01  .617472346E-03
  .181762767E-01  .359122806E-01  .537623144E-01  .717184670E-01  .898043306E-01
  .108046133E+00  .126471819E+00  .145109079E+00  .163981619E+00  .183102231E+00
  .202459659E+00  .221992545E+00  .241534714E+00  .260700773E+00  .278713094E+00
  .143595469E+00  .140097632E+00  .132982954E+00  .124006829E+00  .114525080E+00
  .104748475E+00  .946792251E-01  .842971214E-01  .735814778E-01  .625130863E-01
  .510734103E-01  .392436618E-01  .270165109E-01  .144208674E-01  .149428924E-02
 -.117163765E-01 -.251544424E-01 -.387529462E-01 -.524343801E-01 -.661106304E-01
 -.796831793E-01 -.930436145E-01 -.106074486E+00 -.118650542E+00 -.130640354E+00
 -.141908342E+00 -.152317168E+00 -.161730454E+00 -.170015769E+00 -.177047774E+00
 -.182711437E+00 -.186905161E+00 -.189543719E+00 -.190560827E+00 -.189911248E+00
 -.187572294E+00 -.183544657E+00 -.177852501E+00 -.170542798E+00 -.161683949E+00
 -.151363728E+00 -.139686660E+00 -.126770946E+00 -.112745081E+00 -.977442956E-01
 -.819069880E-01 -.653712588E-01 -.482716805E-01 -.307363917E-01 -.128845925E-01
  .517550983E-02  .233482777E-01  .415517454E-01  .597183040E-01  .778517991E-01
  .959582162E-01  .114038346E+00  .132083979E+00  .150072320E+00  .167957590E+00
  .185658526E+00  .203040483E+00  .219892738E+00  .235908598E+00  .250689880E+00
  .144420407E+00  .140947492E+00  .133403197E+00  .123988142E+00  .114168057E+00
  .104059168E+00  .936415665E-01  .828912029E-01  .717849904E-01  .603003595E-01
  .484145441E-01  .361038793E-01  .233677628E-01  .102340600E-01 -.326020765E-02
 -.170681854E-01 -.311325627E-01 -.453850600E-01 -.597460814E-01 -.741245895E-01
 -.884182565E-01 -.102513944E+00 -.116288558E+00 -.129610309E+00 -.142340407E+00
 -.154335187E+00 -.165448645E+00 -.175535350E+00 -.184453647E+00 -.192069068E+00
 -.198257811E+00 -.202910176E+00 -.205933774E+00 -.207256383E+00 -.206828285E+00
 -.204623975E+00 -.200643125E+00 -.194910754E+00 -.187476590E+00 -.178413622E+00
 -.167815947E+00 -.155795985E+00 -.142481211E+00 -.128010562E+00 -.112530673E+00
 -.961921111E-01 -.791457518E-01 -.615394447E-01 -.435150666E-01 -.252060608E-01
 -.673553235E-02  .117850368E-01  .302563744E-01  .485911630E-01  .667381844E-01
  .846923683E-01  .102439727E+00  .119954285E+00  .137194032E+00  .154095852E+00
  .170569608E+00  .186492287E+00  .201704322E+00  .216011808E+00  .229198846E+00
  .144928678E+00  .141457438E+00  .133597290E+00  .123880408E+00  .113826268E+00
  .103474857E+00  .927902873E-01  .817468048E-01  .703215177E-01  .584913636E-01
  .462319730E-01  .335170205E-01  .203526538E-01  .676624507E-02 -.720548103E-02
 -.215156483E-01 -.361064946E-01 -.509087593E-01 -.658412482E-01 -.808106364E-01
 -.957115637E-01 -.110427079E+00 -.124829482E+00 -.138781605E+00 -.152138551E+00
 -.164749904E+00 -.176462391E+00 -.187122939E+00 -.196582078E+00 -.204697566E+00
 -.211338112E+00 -.216387057E+00 -.219745847E+00 -.221337115E+00 -.221107242E+00
 -.219028234E+00 -.215098820E+00 -.209344696E+00 -.201817895E+00 -.192595312E+00
 -.181776449E+00 -.169480495E+00 -.155842899E+00 -.141011584E+00 -.125143001E+00
 -.108398182E+00 -.909389659E-01 -.729245419E-01 -.545084259E-01 -.358359618E-01
 -.170424138E-01  .174831762E-02  .204243483E-01  .388858773E-01  .570448192E-01
  .748757761E-01  .923602073E-01  .109467996E+00  .126155385E+00  .142362958E+00
  .158014028E+00  .173014120E+00  .187252498E+00  .200606786E+00  .212951304E+00
  .144236748E+00  .140414458E+00  .133029759E+00  .123640689E+00  .113561128E+00
  .103067749E+00  .921923558E-01  .809266787E-01  .692538371E-01  .571531781E-01
  .446007459E-01  .315691413E-01  .180702336E-01  .413124010E-02 -.102113190E-01
 -.249106432E-01 -.399087792E-01 -.551358998E-01 -.705097836E-01 -.859355483E-01
 -.101305696E+00 -.116500522E+00 -.131388947E+00 -.145829803E+00 -.159673607E+00
 -.172764836E+00 -.184944670E+00 -.196054181E+00 -.205937874E+00 -.214447481E+00
 -.221445880E+00 -.226810969E+00 -.230439336E+00 -.232249540E+00 -.232184835E+00
 -.230215197E+00 -.226338523E+00 -.220580938E+00 -.212996188E+00 -.203664130E+00
 -.192688413E+00 -.180193451E+00 -.166320866E+00 -.151225557E+00 -.135071593E+00
 -.118028128E+00 -.100265486E+00 -.819515918E-01 -.632488557E-01 -.443116075E-01
 -.252841415E-01 -.629940273E-02  .125216733E-01  .310701620E-01  .492484549E-01
  .669971730E-01  .842999491E-01  .101129587E+00  .117447708E+00  .133204590E+00
  .148339540E+00  .162782132E+00  .176454672E+00  .189276103E+00  .201167324E+00
  .146130910E+00  .142840387E+00  .134183380E+00  .123919920E+00  .113593140E+00
  .102955605E+00  .919300530E-01  .804954058E-01  .686377490E-01  .563394167E-01
  .435774338E-01  .303237558E-01  .165936864E-01  .241399309E-02 -.121793242E-01
 -.271398957E-01 -.424100027E-01 -.579197804E-01 -.735866399E-01 -.893149584E-01
 -.104996091E+00 -.120508761E+00 -.135719878E+00 -.150485831E+00 -.164654287E+00
 -.178066496E+00 -.190560101E+00 -.201972400E+00 -.212143976E+00 -.220922616E+00
 -.228167342E+00 -.233752424E+00 -.237571181E+00 -.239539395E+00 -.239598147E+00
 -.237715948E+00 -.233890011E+00 -.228146608E+00 -.220540476E+00 -.211153299E+00
 -.200091341E+00 -.187482361E+00 -.173471964E+00 -.158219574E+00 -.141894228E+00
 -.124670376E+00 -.106723883E+00 -.882283598E-01 -.693519708E-01 -.502547995E-01
 -.310868199E-01 -.119864985E-01  .691999239E-02  .255190031E-01  .437091807E-01
  .614060813E-01  .785959056E-01  .952554448E-01  .111352178E+00  .126844807E+00
  .141684317E+00  .155815668E+00  .169180208E+00  .181718811E+00  .193375617E+00
  .143956871E+00  .139793082E+00  .132899334E+00  .123960773E+00  .113903598E+00
  .103214896E+00  .920624516E-01  .804900527E-01  .684986715E-01  .560724553E-01
  .431869354E-01  .298118022E-01  .159621104E-01  .166319378E-02 -.130501618E-01
 -.281325781E-01 -.435271084E-01 -.591644423E-01 -.749623271E-01 -.908252570E-01
 -.106644481E+00 -.122298393E+00 -.137653350E+00 -.152564967E+00 -.166879929E+00
 -.180438308E+00 -.193076399E+00 -.204630006E+00 -.214938123E+00 -.223846886E+00
 -.231213665E+00 -.236911133E+00 -.240831122E+00 -.242888097E+00 -.243022053E+00
 -.241200684E+00 -.237420703E+00 -.231708223E+00 -.224118183E+00 -.214732824E+00
 -.203659324E+00 -.191026681E+00 -.176982037E+00 -.161686614E+00 -.145311460E+00
 -.128033213E+00 -.110030046E+00 -.914779595E-01 -.725475521E-01 -.534013372E-01
 -.341916788E-01 -.150593511E-01  .386728868E-02  .224725614E-01  .406532243E-01
  .583178062E-01  .754477663E-01  .920233327E-01  .108015784E+00  .123388382E+00
  .138097679E+00  .152095320E+00  .165330360E+00  .177752077E+00  .189313156E+00
  .150683180E+00  .148208552E+00  .137715684E+00  .126052958E+00  .115030098E+00
  .103933938E+00  .925706904E-01  .808725749E-01  .688016094E-01  .563255726E-01
  .434116511E-01  .300245986E-01  .161753674E-01  .188690823E-02 -.128078123E-01
 -.278648753E-01 -.432285612E-01 -.588306381E-01 -.745898425E-01 -.904116071E-01
 -.106188098E+00 -.121798621E+00 -.137110451E+00 -.151980130E+00 -.166255274E+00
 -.179776886E+00 -.192382172E+00 -.203907818E+00 -.214193643E+00 -.223086535E+00
 -.230444515E+00 -.236140784E+00 -.240067563E+00 -.242139546E+00 -.242296788E+00
 -.240506866E+00 -.236766200E+00 -.231100444E+00 -.223563919E+00 -.214238119E+00
 -.203229356E+00 -.190665676E+00 -.176693212E+00 -.161472138E+00 -.145172445E+00
 -.127969723E+00 -.110041116E+00 -.915616352E-01 -.727009219E-01 -.536205739E-01
 -.344720766E-01 -.153953643E-01  .348199989E-02  .220450552E-01  .401911267E-01
  .578289783E-01  .749392360E-01  .915028972E-01  .107491544E+00  .122868172E+00
  .137588385E+00  .151602111E+00  .164855940E+00  .177296074E+00  .188871794E+00
  .147900465E+00  .144243011E+00  .136583458E+00  .126563002E+00  .115761397E+00
  .104623634E+00  .932081182E-01  .814934967E-01  .694444063E-01  .570236931E-01
  .441937706E-01  .309160489E-01  .171957583E-01  .305360680E-02 -.114792143E-01
 -.263602995E-01 -.415353332E-01 -.569374933E-01 -.724870169E-01 -.880909926E-01
 -.103643443E+00 -.119025760E+00 -.134107548E+00 -.148747926E+00 -.162797305E+00
 -.176099679E+00 -.188495387E+00 -.199824320E+00 -.209929504E+00 -.218660937E+00
 -.225879561E+00 -.231461207E+00 -.235300335E+00 -.237313399E+00 -.237441654E+00
 -.235653260E+00 -.231944567E+00 -.226340487E+00 -.218893943E+00 -.209684402E+00
 -.198815585E+00 -.186412449E+00 -.172617620E+00 -.157587444E+00 -.141487845E+00
 -.124490188E+00 -.106767317E+00 -.884899170E-01 -.698233322E-01 -.509249255E-01
 -.319420369E-01 -.130105662E-01  .574583082E-02  .242159751E-01  .423009219E-01
  .599134222E-01  .770415371E-01  .936644096E-01  .109750803E+00  .125259071E+00
  .140137654E+00  .154326345E+00  .167758588E+00  .180364976E+00  .192077921E+00
  .150547411E+00  .147768707E+00  .138528967E+00  .127345762E+00  .116294606E+00
  .105153682E+00  .938121426E-01  .822133765E-01  .703138769E-01  .580736311E-01
  .454536422E-01  .324148406E-01  .189566484E-01  .509856666E-02 -.912931474E-02
 -.236857196E-01 -.385176073E-01 -.535596752E-01 -.687340067E-01 -.839499279E-01
 -.991041387E-01 -.114081178E+00 -.128754278E+00 -.142986652E+00 -.156633243E+00
 -.169542949E+00 -.181561300E+00 -.192533558E+00 -.202308161E+00 -.210740406E+00
 -.217696263E+00 -.223056136E+00 -.226718443E+00 -.228602818E+00 -.228652779E+00
 -.226837731E+00 -.223154168E+00 -.217626019E+00 -.210304101E+00 -.201264708E+00
 -.190607390E+00 -.178452064E+00 -.164935570E+00 -.150207870E+00 -.134428051E+00
 -.117760323E+00 -.100370179E+00 -.824208569E-01 -.640702349E-01 -.454682437E-01
 -.267548681E-01 -.805877300E-02  .105034237E-01  .288272213E-01  .468196398E-01
  .644164482E-01  .816075532E-01  .983715335E-01  .114674333E+00  .130467879E+00
  .145689002E+00  .160259242E+00  .174086339E+00  .187068277E+00  .199100386E+00
  .148178980E+00  .144859659E+00  .137033519E+00  .126905955E+00  .116242131E+00
  .105356626E+00  .942625399E-01  .829285655E-01  .713167109E-01  .593890642E-01
  .471086062E-01  .344387166E-01  .213735994E-01  .793294154E-02 -.585328708E-02
 -.199443158E-01 -.342880669E-01 -.488207247E-01 -.634664432E-01 -.781372539E-01
 -.927332358E-01 -.107143002E+00 -.121244553E+00 -.134906545E+00 -.147989979E+00
 -.160350341E+00 -.171840163E+00 -.182311966E+00 -.191621525E+00 -.199631346E+00
 -.206214245E+00 -.211256891E+00 -.214663145E+00 -.216357048E+00 -.216285309E+00
 -.214419150E+00 -.210755415E+00 -.205316859E+00 -.198151614E+00 -.189331830E+00
 -.178951572E+00 -.167124067E+00 -.153978441E+00 -.139656106E+00 -.124306948E+00
 -.108085512E+00 -.911473043E-01 -.736453801E-01 -.557273159E-01 -.375326609E-01
 -.191909342E-01 -.820216712E-03  .174736223E-01  .355970189E-01  .534680497E-01
  .710581805E-01  .883611675E-01  .105359381E+00  .122020753E+00  .138294814E+00
  .154108013E+00  .169359083E+00  .183916197E+00  .197618988E+00  .210288941E+00
  .147524746E+00  .144517027E+00  .136387364E+00  .126158186E+00  .115739622E+00
  .105210152E+00  .945073750E-01  .835811337E-01  .723913366E-01  .609033046E-01
  .490849542E-01  .369051137E-01  .243538456E-01  .114524747E-01 -.176816069E-02
 -.152671813E-01 -.289931666E-01 -.428837457E-01 -.568653353E-01 -.708530790E-01
 -.847510412E-01 -.984527041E-01 -.111841811E+00 -.124793590E+00 -.137176376E+00
 -.148853641E+00 -.159686401E+00 -.169535984E+00 -.178267059E+00 -.185750874E+00
 -.191868563E+00 -.196514402E+00 -.199598879E+00 -.201051426E+00 -.200822679E+00
 -.198886148E+00 -.195239201E+00 -.189903295E+00 -.182923446E+00 -.174366942E+00
 -.164321362E+00 -.152892000E+00 -.140198805E+00 -.126372987E+00 -.111553437E+00
 -.958831019E-01 -.795054732E-01 -.625612917E-01 -.451855877E-01 -.275051281E-01
 -.963633009E-02  .831632269E-02  .262613390E-01  .441207420E-01  .618369673E-01
  .794193904E-01  .968725599E-01  .114192817E+00  .131363643E+00  .148348782E+00
  .165082010E+00  .181452486E+00  .197286179E+00  .212329613E+00  .226253768E+00
  .144964982E+00  .142000877E+00  .134148245E+00  .124427103E+00  .114612165E+00
  .104678061E+00  .945421706E-01  .841632143E-01  .735150789E-01  .625757250E-01
  .513236297E-01  .397366509E-01  .278020999E-01  .155439380E-01  .299445356E-02
 -.980506035E-02 -.228037484E-01 -.359407729E-01 -.491450638E-01 -.623352773E-01
 -.754200044E-01 -.882982689E-01 -.100860348E+00 -.112988946E+00 -.124560727E+00
 -.135448215E+00 -.145522036E+00 -.154653467E+00 -.162717227E+00 -.169594421E+00
 -.175175556E+00 -.179363481E+00 -.182076158E+00 -.183249106E+00 -.182837418E+00
 -.180817235E+00 -.177186593E+00 -.171965596E+00 -.165195885E+00 -.156939437E+00
 -.147276715E+00 -.136304290E+00 -.124132006E+00 -.110879834E+00 -.966745311E-01
 -.816462488E-01 -.659252017E-01 -.496385049E-01 -.329072701E-01 -.158440208E-01
  .144952786E-02  .188843070E-01  .363853537E-01  .538929443E-01  .714044239E-01
  .889456717E-01  .106543064E+00  .124221980E+00  .142003775E+00  .159900077E+00
  .177901985E+00  .195958624E+00  .213932098E+00  .231503248E+00  .248029095E+00
  .139070994E+00  .135394963E+00  .129389537E+00  .121672103E+00  .113052920E+00
  .103942716E+00  .944892478E-01  .847401877E-01  .747076106E-01  .643895557E-01
  .537775273E-01  .428595055E-01  .316214871E-01  .200884200E-01  .829374359E-02
 -.372106294E-02 -.159059516E-01 -.282019083E-01 -.405407276E-01 -.528449967E-01
 -.650283189E-01 -.769958100E-01 -.886448920E-01 -.998664047E-01 -.110546042E+00
 -.120566112E+00 -.129807592E+00 -.138152452E+00 -.145486178E+00 -.151700424E+00
 -.156695705E+00 -.160384022E+00 -.162691304E+00 -.163559568E+00 -.162948678E+00
 -.160837619E+00 -.157225207E+00 -.152130201E+00 -.145590782E+00 -.137663434E+00
 -.128421252E+00 -.117951761E+00 -.106354329E+00 -.937372781E-01 -.802148169E-01
 -.659038854E-01 -.509210285E-01 -.353793761E-01 -.193858015E-01 -.303830300E-02
  .135763601E-01  .303847535E-01  .473285301E-01  .643861307E-01  .815923825E-01
  .989905008E-01  .116633182E+00  .134584066E+00  .152919520E+00  .171730811E+00
  .191127033E+00  .211240472E+00  .232241258E+00  .254378304E+00  .277763309E+00
  .140634633E+00  .138196608E+00  .129356677E+00  .120486939E+00  .112041250E+00
  .103420252E+00  .945418760E-01  .853991808E-01  .759947429E-01  .663286667E-01
  .563973685E-01  .461943150E-01  .357108071E-01  .249625097E-01  .139837327E-01
  .281571310E-02 -.849275350E-02 -.198849069E-01 -.312958245E-01 -.426524363E-01
 -.538737710E-01 -.648714525E-01 -.755504653E-01 -.858102017E-01 -.955457947E-01
 -.104649729E+00 -.113013706E+00 -.120530736E+00 -.127097387E+00 -.132616138E+00
 -.136997758E+00 -.140163596E+00 -.142047721E+00 -.142598783E+00 -.141781526E+00
 -.139577867E+00 -.135987478E+00 -.131027834E+00 -.124733720E+00 -.117156200E+00
 -.108361082E+00 -.984269518E-01 -.874428432E-01 -.755056268E-01 -.627172207E-01
 -.491817047E-01 -.350024210E-01 -.202791265E-01 -.510523941E-02  .104348033E-01
  .262680980E-01  .423358087E-01  .585958483E-01  .750785089E-01  .918268088E-01
  .108897750E+00  .126365533E+00  .144326178E+00  .162904118E+00  .182261740E+00
  .202613509E+00  .224247136E+00  .247550298E+00  .272968554E+00  .300020133E+00
  .134888939E+00  .131495916E+00  .125914690E+00  .118839099E+00  .111093352E+00
  .103012614E+00  .946843879E-01  .861291551E-01  .773510290E-01  .683492263E-01
  .591208088E-01  .496616243E-01  .399668514E-01  .300410868E-01  .199176141E-01
  .963629296E-02 -.756087527E-03 -.112055726E-01 -.216509555E-01 -.320238681E-01
 -.422490685E-01 -.522449478E-01 -.619242690E-01 -.711951498E-01 -.799622894E-01
 -.881284300E-01 -.955960323E-01 -.102269131E+00 -.108055324E+00 -.112867829E+00
 -.116627553E+00 -.119265073E+00 -.120722474E+00 -.120954934E+00 -.119932003E+00
 -.117638502E+00 -.114074986E+00 -.109257752E+00 -.103218365E+00 -.960027303E-01
 -.876697270E-01 -.782894593E-01 -.679411888E-01 -.567110179E-01 -.446893994E-01
 -.319685464E-01 -.186398066E-01 -.479104975E-02  .949589763E-02  .241477632E-01
  .391022971E-01  .543107411E-01  .697794774E-01  .855400212E-01  .101636760E+00
  .118130130E+00  .135100903E+00  .152656168E+00  .170937755E+00  .190134094E+00
  .210496572E+00  .232360707E+00  .256170215E+00  .282516752E+00  .312393828E+00
  .135699489E+00  .133432095E+00  .125983742E+00  .117933869E+00  .110305239E+00
  .102632507E+00  .948220379E-01  .868487051E-01  .787021532E-01  .703759681E-01
  .618654013E-01  .531668847E-01  .442779755E-01  .351974815E-01  .259512804E-01
  .165774278E-01  .712030875E-02 -.236925924E-02 -.118340504E-01 -.212105983E-01
 -.304295284E-01 -.394160724E-01 -.480907798E-01 -.563704332E-01 -.641691680E-01
 -.713997859E-01 -.779752433E-01 -.838102827E-01 -.888231659E-01 -.929374572E-01
 -.960837965E-01 -.982015955E-01 -.992405901E-01 -.991621795E-01 -.979404907E-01
 -.955631144E-01 -.920314716E-01 -.873607851E-01 -.815796481E-01 -.747291971E-01
 -.668619172E-01 -.580401192E-01 -.483341390E-01 -.378203215E-01 -.265788480E-01
 -.146914688E-01 -.223919430E-02  .107000153E-01  .240535380E-01  .377563616E-01
  .517533151E-01  .660314626E-01  .806040193E-01  .954944633E-01  .110738274E+00
  .126385425E+00  .142503837E+00  .159184179E+00  .176546629E+00  .194750661E+00
  .214009900E+00  .234616947E+00  .256997372E+00  .281935515E+00  .313022157E+00
  .130863955E+00  .127792723E+00  .122607597E+00  .116111417E+00  .109161993E+00
  .102043324E+00  .948055923E-01  .874462416E-01  .799548938E-01  .723227849E-01
  .645442032E-01  .566162791E-01  .485385728E-01  .403127515E-01  .319507119E-01
  .234884690E-01  .149678766E-01  .643653026E-02 -.205237527E-02 -.104402837E-01
 -.186636409E-01 -.266544065E-01 -.343407290E-01 -.416477878E-01 -.484988045E-01
 -.548162109E-01 -.605229570E-01 -.655439302E-01 -.698074507E-01 -.732467973E-01
 -.758017143E-01 -.774198439E-01 -.780580268E-01 -.776834171E-01 -.762743605E-01
 -.738209911E-01 -.703255180E-01 -.658021770E-01 -.602768463E-01 -.537863302E-01
 -.463773351E-01 -.381051707E-01 -.290322184E-01 -.192262169E-01 -.875841608E-02
  .229835010E-02  .138716237E-01  .258912649E-01  .382913477E-01  .510122237E-01
  .640289837E-01  .773368957E-01  .909382036E-01  .104842846E+00  .119069383E+00
  .133646166E+00  .148612762E+00  .164021630E+00  .179940059E+00  .196452328E+00
  .213662038E+00  .231694138E+00  .250693032E+00  .270800954E+00  .291279524E+00
  .129781475E+00  .127447437E+00  .121324586E+00  .114356037E+00  .107717662E+00
  .101143497E+00  .945301820E-01  .878342750E-01  .810343703E-01  .741197326E-01
  .670859120E-01  .599326694E-01  .526629064E-01  .452821288E-01  .377982371E-01
  .302372363E-01  .226388724E-01  .150477538E-01  .751321018E-02  .890533472E-04
 -.716677855E-02 -.141927057E-01 -.209241290E-01 -.272941930E-01 -.332346852E-01
 -.386770634E-01 -.435535920E-01 -.477985643E-01 -.513495785E-01 -.541488312E-01
 -.561443841E-01 -.572913615E-01 -.575530302E-01 -.569017183E-01 -.553195334E-01
 -.527988445E-01 -.493425049E-01 -.449637989E-01 -.396861103E-01 -.335423195E-01
 -.265739479E-01 -.188300779E-01 -.103660839E-01 -.124221526E-02  .847792914E-02
  .187289902E-01  .294454949E-01  .405634132E-01  .520208214E-01  .637893551E-01
  .758495329E-01  .881861084E-01  .100788150E+00  .113649128E+00  .126766926E+00
  .140143640E+00  .153784961E+00  .167698766E+00  .181892293E+00  .196366789E+00
  .211107499E+00  .226064695E+00  .241115363E+00  .255966576E+00  .269879837E+00
  .124352881E+00  .121482937E+00  .116829079E+00  .111283506E+00  .105576923E+00
  .998045247E-01  .939458626E-01  .879847044E-01  .819145885E-01  .757351296E-01
  .694496665E-01  .630641512E-01  .565866864E-01  .500273913E-01  .433984589E-01
  .367143447E-01  .300099779E-01  .233271307E-01  .167114379E-01  .102121821E-01
  .388196658E-02 -.222372799E-02 -.804710569E-02 -.135287336E-01 -.186083319E-01
 -.232256652E-01 -.273215195E-01 -.308387438E-01 -.337233283E-01 -.359254896E-01
 -.374007264E-01 -.381108105E-01 -.380246753E-01 -.371191669E-01 -.353796269E-01
 -.328002803E-01 -.293844109E-01 -.251443126E-01 -.201010148E-01 -.142837916E-01
 -.772946811E-02 -.481549598E-03  .741079717E-02  .158938668E-01  .249106315E-01
  .344018916E-01  .443079998E-01  .545727713E-01  .651661299E-01  .760586078E-01
  .872225850E-01  .986321820E-01  .110263099E+00  .122092347E+00  .134097756E+00
  .146257103E+00  .158546572E+00  .170938169E+00  .183395493E+00  .195867017E+00
  .208275664E+00  .220503187E+00  .232368579E+00  .243605532E+00  .253862535E+00
  .118762346E+00  .115585457E+00  .111870320E+00  .107664425E+00  .103080437E+00
  .982293114E-01  .931813093E-01  .879761316E-01  .826380497E-01  .771844032E-01
  .716296550E-01  .659873688E-01  .602712785E-01  .544959559E-01  .486772966E-01
  .428329232E-01  .369825512E-01  .311646115E-01  .254211499E-01  .197971261E-01
  .143401201E-01  .909992045E-02  .412802519E-02 -.522953594E-03 -.479997454E-02
 -.865033104E-02 -.120224819E-01 -.148669299E-01 -.171371243E-01 -.187903633E-01
 -.197886645E-01 -.200995781E-01 -.196969104E-01 -.185613318E-01 -.166808455E-01
 -.140510985E-01 -.106755215E-01 -.656529107E-02 -.173911262E-02  .377716750E-02
  .995109777E-02  .167443032E-01  .241133020E-01  .320102609E-01  .403843570E-01
  .491801200E-01  .583593860E-01  .678872643E-01  .777291263E-01  .878500996E-01
  .982148909E-01  .108787591E+00  .119531455E+00  .130408625E+00  .141379716E+00
  .152403126E+00  .163433897E+00  .174421869E+00  .185308869E+00  .196024734E+00
  .206482206E+00  .216571318E+00  .226155124E+00  .235070397E+00  .243137826E+00
  .114899591E+00  .111669314E+00  .108426129E+00  .104878777E+00  .100983895E+00
  .968295521E-01  .924700541E-01  .879447292E-01  .832831941E-01  .785088465E-01
  .736414294E-01  .686988213E-01  .636982602E-01  .586571964E-01  .535939163E-01
  .485280278E-01  .434808681E-01  .384758644E-01  .335498091E-01  .287435323E-01
  .240999562E-01  .196636032E-01  .154802012E-01  .115961618E-01  .805799571E-02
  .491167086E-02  .220191287E-02 -.285301874E-04 -.173963747E-02 -.289485745E-02
 -.346181997E-02 -.341299515E-02 -.272627609E-02 -.138546353E-02  .619365264E-03
  .329161390E-02  .662805186E-02  .106188321E-01  .152476636E-01  .204921298E-01
  .263240186E-01  .327097827E-01  .396117637E-01  .469861428E-01  .547971339E-01
  .630131328E-01  .716003313E-01  .805233285E-01  .897448192E-01  .992252012E-01
  .108922221E+00  .118790689E+00  .128782314E+00  .138845670E+00  .148926309E+00
  .158966933E+00  .168907513E+00  .178685174E+00  .188233697E+00  .197482559E+00
  .206355716E+00  .214770610E+00  .222638343E+00  .229866095E+00  .236362615E+00
  .112348015E+00  .109290236E+00  .106134195E+00  .102841569E+00  .993713747E-01
  .957220777E-01  .919120642E-01  .879638432E-01  .838991275E-01  .797379550E-01
  .754990136E-01  .712002542E-01  .668594976E-01  .624949573E-01  .581256766E-01
  .537718993E-01  .494554011E-01  .451998028E-01  .410308936E-01  .369796465E-01
  .330851363E-01  .293868845E-01  .259253944E-01  .227414768E-01  .198757808E-01
  .173683027E-01  .152577866E-01  .135811031E-01  .123726312E-01  .116636552E-01
  .114817909E-01  .118504568E-01  .127884103E-01  .143093704E-01  .164217484E-01
  .191284933E-01  .224269941E-01  .263089960E-01  .307607391E-01  .357636518E-01
  .412940059E-01  .473208749E-01  .538219315E-01  .607731185E-01  .681474901E-01
  .759160848E-01  .840472933E-01  .925063397E-01  .101254655E+00  .110249188E+00
  .119441734E+00  .128778401E+00  .138199374E+00  .147639146E+00  .157027354E+00
  .166290300E+00  .175353006E+00  .184141522E+00  .192585080E+00  .200617707E+00
  .208179136E+00  .215215102E+00  .221677359E+00  .227523905E+00  .232719883E+00
  .109904198E+00  .106818111E+00  .104066097E+00  .101156138E+00  .980564946E-01
  .948229675E-01  .914739266E-01  .880233241E-01  .844849477E-01  .808731127E-01
  .772027798E-01  .734896243E-01  .697501361E-01  .660017465E-01  .622629740E-01
  .585535804E-01  .548947349E-01  .513091861E-01  .478214402E-01  .444579452E-01
  .412465174E-01  .382188214E-01  .354114600E-01  .328601161E-01  .306000402E-01
  .286660348E-01  .270916844E-01  .259087998E-01  .251469296E-01  .248328942E-01
  .249903372E-01  .256393022E-01  .267958504E-01  .284717511E-01  .306743125E-01
  .334065372E-01  .366671965E-01  .404499056E-01  .447420470E-01  .495314385E-01
  .548075434E-01  .605554271E-01  .667583815E-01  .733976379E-01  .804519448E-01
  .878971909E-01  .957057650E-01  .103845700E+00  .112279594E+00  .120963330E+00
  .129844680E+00  .138861964E+00  .147943080E+00  .157005386E+00  .165957016E+00
  .174700126E+00  .183136091E+00  .191171917E+00  .198726553E+00  .205735783E+00
  .212154882E+00  .217958818E+00  .223140138E+00  .227705091E+00  .231668995E+00
  .108133719E+00  .105267894E+00  .102467535E+00  .996911320E-01  .968808730E-01
  .940107629E-01  .910742043E-01  .880723069E-01  .850104205E-01  .818970310E-01
  .787431253E-01  .755617117E-01  .723674714E-01  .691765325E-01  .660063452E-01
  .628756301E-01  .598043778E-01  .568138770E-01  .539267531E-01  .511669978E-01
  .485599609E-01  .461324783E-01  .439125284E-01  .419279536E-01  .402076579E-01
  .387829380E-01  .376831218E-01  .369356429E-01  .365658725E-01  .365968455E-01
  .370489411E-01  .379395392E-01  .392826426E-01  .410884152E-01  .433624913E-01
  .461078860E-01  .493284618E-01  .530241415E-01  .571916981E-01  .618260194E-01
  .669205904E-01  .724670512E-01  .784552608E-01  .848731548E-01  .917064123E-01
  .989379239E-01  .106546982E+00  .114508124E+00  .122789537E+00  .131350955E+00
  .140140975E+00  .149093861E+00  .158126129E+00  .167133770E+00  .175991818E+00
  .184558800E+00  .192687890E+00  .200243198E+00  .207115756E+00  .213234323E+00
  .218570110E+00  .223136225E+00  .226981811E+00  .230180210E+00  .232813048E+00
  .105905154E+00  .103019798E+00  .100544146E+00  .981218850E-01  .956547244E-01
  .931606392E-01  .906307500E-01  .880587080E-01  .854442439E-01  .827923325E-01
  .801118269E-01  .774143697E-01  .747136519E-01  .720249413E-01  .693647966E-01
  .667509011E-01  .642019727E-01  .617377153E-01  .593787883E-01  .571467735E-01
  .550641235E-01  .531540767E-01  .514404778E-01  .499475284E-01  .486997291E-01
  .477216862E-01  .470373520E-01  .466695769E-01  .466397833E-01  .469676903E-01
  .476710695E-01  .487655314E-01  .502643547E-01  .521783888E-01  .545161137E-01
  .572840654E-01  .604872906E-01  .641290503E-01  .682109211E-01  .727330838E-01
  .776945442E-01  .830932079E-01  .889259132E-01  .951883621E-01  .101874903E+00
  .108978100E+00  .116488007E+00  .124390995E+00  .132667967E+00  .141291667E+00
  .150222708E+00  .159403783E+00  .168751390E+00  .178144631E+00  .187412591E+00
  .196328652E+00  .204630806E+00  .212076351E+00  .218492195E+00  .223787263E+00
  .227952308E+00  .231058847E+00  .233256997E+00  .234754356E+00  .235757844E+00
  .103709333E+00  .100938582E+00  .985154175E-01  .963418276E-01  .942681045E-01
  .922024830E-01  .901051792E-01  .879638670E-01  .857793112E-01  .835587437E-01
  .813129180E-01  .790547250E-01  .767984894E-01  .745595890E-01  .723542427E-01
  .701993921E-01  .681126352E-01  .661121867E-01  .642168467E-01  .624459636E-01
  .608193814E-01  .593573606E-01  .580804667E-01  .570094284E-01  .561649849E-01
  .555676786E-01  .552375695E-01  .551939660E-01  .554551891E-01  .560383735E-01
  .569593021E-01  .582322823E-01  .598700708E-01  .618838622E-01  .642833589E-01
  .670769262E-01  .702717667E-01  .738740426E-01  .778890426E-01  .823213991E-01
  .871753167E-01  .924547889E-01  .981637976E-01  .104306475E+00  .110887200E+00
  .117910573E+00  .125381193E+00  .133303112E+00  .141678731E+00  .150506812E+00
  .159779027E+00  .169474056E+00  .179547357E+00  .189912187E+00  .200398831E+00
  .210659031E+00  .220050492E+00  .227944810E+00  .234183514E+00  .238634152E+00
  .241328879E+00  .242396583E+00  .242069034E+00  .241032826E+00  .239837924E+00
  .100216573E+00  .972158315E-01  .954259001E-01  .941136291E-01  .927186687E-01
  .911885163E-01  .895507936E-01  .878306211E-01  .860481941E-01  .842212806E-01
  .823666066E-01  .805004718E-01  .786390299E-01  .767984332E-01  .749949215E-01
  .732448843E-01  .715649055E-01  .699717930E-01  .684825916E-01  .671145789E-01
  .658852418E-01  .648122314E-01  .639132966E-01  .632061954E-01  .627085874E-01
  .624379019E-01  .624111872E-01  .626449579E-01  .631550516E-01  .639565052E-01
  .650634570E-01  .664890804E-01  .682455566E-01  .703440929E-01  .727949908E-01
  .756077629E-01  .787912865E-01  .823539888E-01  .863040723E-01  .906497881E-01
  .953997571E-01  .100563341E+00  .106151071E+00  .112175137E+00  .118649954E+00
  .125592799E+00  .133024515E+00  .140970256E+00  .149460185E+00  .158529959E+00
  .168220741E+00  .178578318E+00  .189651165E+00  .201489052E+00  .214159998E+00
  .227957096E+00  .243448900E+00  .248969393E+00  .256981627E+00  .259671745E+00
  .259871277E+00  .260578285E+00  .252590157E+00  .247339439E+00  .243497268E+00
  .972415983E-01  .939095449E-01  .929330341E-01  .924072487E-01  .915089681E-01
  .903883671E-01  .891221410E-01  .877528623E-01  .863106352E-01  .848197063E-01
  .833009959E-01  .817733393E-01  .802542073E-01  .787601727E-01  .773072273E-01
  .759110032E-01  .745869237E-01  .733503042E-01  .722164149E-01  .712005126E-01
  .703178517E-01  .695836749E-01  .690131882E-01  .686215204E-01  .684236693E-01
  .684344339E-01  .686683370E-01  .691395434E-01  .698617812E-01  .708482720E-01
  .721116775E-01  .736640700E-01  .755169307E-01  .776811851E-01  .801672770E-01
  .829852860E-01  .861450889E-01  .896565695E-01  .935298831E-01  .977757853E-01
  .102406040E+00  .107433922E+00  .112874849E+00  .118747168E+00  .125073176E+00
  .131880426E+00  .139203448E+00  .147086016E+00  .155584150E+00  .164770052E+00
  .174737120E+00  .185605854E+00  .197529831E+00  .210703487E+00  .225404697E+00
  .241793107E+00  .253443553E+00  .261846638E+00  .268521597E+00  .269214449E+00
  .269934087E+00  .263643090E+00  .255874944E+00  .249398447E+00  .244302296E+00
  .972034705E-01  .942499016E-01  .926248891E-01  .917079980E-01  .908768809E-01
  .899522055E-01  .889184539E-01  .877955583E-01  .866085690E-01  .853811018E-01
  .841342742E-01  .828869390E-01  .816561801E-01  .804577933E-01  .793066745E-01
  .782171037E-01  .772029400E-01  .762777451E-01  .754548595E-01  .747474476E-01
  .741685253E-01  .737309786E-01  .734475744E-01  .733309654E-01  .733936862E-01
  .736481386E-01  .741065668E-01  .747810235E-01  .756833300E-01  .768250384E-01
  .782173997E-01  .798713482E-01  .817975083E-01  .840062304E-01  .865076646E-01
  .893118736E-01  .924289940E-01  .958694478E-01  .996442150E-01  .103765177E+00
  .108245548E+00  .113100422E+00  .118347474E+00  .124007867E+00  .130107458E+00
  .136678425E+00  .143761513E+00  .151409183E+00  .159690152E+00  .168696057E+00
  .178551426E+00  .189428945E+00  .201573191E+00  .215331333E+00  .230972209E+00
  .245585909E+00  .255562325E+00  .264094699E+00  .267794227E+00  .269127810E+00
  .266552963E+00  .259404340E+00  .252229849E+00  .246234485E+00  .241309350E+00
  .951649828E-01  .916332035E-01  .912970803E-01  .912123386E-01  .906216467E-01
  .898314646E-01  .889287160E-01  .879542671E-01  .869365916E-01  .858986056E-01
  .848595442E-01  .838359797E-01  .828426257E-01  .818929658E-01  .809996956E-01
  .801749967E-01  .794306813E-01  .787782534E-01  .782289290E-01  .777936448E-01
  .774830765E-01  .773076733E-01  .772777081E-01  .774033341E-01  .776946392E-01
  .781616861E-01  .788145333E-01  .796632340E-01  .807178163E-01  .819882499E-01
  .834844108E-01  .852160520E-01  .871927940E-01  .894241421E-01  .919195414E-01
  .946884728E-01  .977405956E-01  .101085938E+00  .104735142E+00  .108699765E+00
  .112992655E+00  .117628413E+00  .122623983E+00  .127999401E+00  .133778784E+00
  .139991658E+00  .146674772E+00  .153874664E+00  .161651376E+00  .170084058E+00
  .179279814E+00  .189388284E+00  .200624814E+00  .213276119E+00  .227196200E+00
  .239210314E+00  .247702624E+00  .254680324E+00  .257425588E+00  .258206513E+00
  .254938179E+00  .249037968E+00  .243702522E+00  .239099237E+00  .235131164E+00
  .972873150E-01  .943526855E-01  .926455897E-01  .916624832E-01  .908403673E-01
  .899888858E-01  .890906240E-01  .881662851E-01  .872383307E-01  .863245606E-01
  .854386323E-01  .845916660E-01  .837935657E-01  .830538371E-01  .823819726E-01
  .817875355E-01  .812800694E-01  .808689388E-01  .805631772E-01  .803713925E-01
  .803017510E-01  .803620405E-01  .805597915E-01  .809024292E-01  .813974220E-01
  .820524002E-01  .828752282E-01  .838740254E-01  .850571390E-01  .864330827E-01
  .880104554E-01  .897978612E-01  .918038474E-01  .940368765E-01  .965053447E-01
  .992176501E-01  .102182310E+00  .105408124E+00  .108904367E+00  .112681022E+00
  .116749025E+00  .121120557E+00  .125809358E+00  .130831111E+00  .136203880E+00
  .141948645E+00  .148089921E+00  .154656462E+00  .161681984E+00  .169205752E+00
  .177272636E+00  .185931762E+00  .195232202E+00  .205208333E+00  .215533525E+00
  .224454088E+00  .231498308E+00  .236566591E+00  .239480735E+00  .240094691E+00
  .238311695E+00  .235392271E+00  .232428788E+00  .229568252E+00  .226885704E+00
  .957605163E-01  .920717391E-01  .922572005E-01  .920777913E-01  .912369244E-01
  .902497186E-01  .892528195E-01  .882969902E-01  .874007271E-01  .865693590E-01
  .858038439E-01  .851049059E-01  .844748186E-01  .839179066E-01  .834403223E-01
  .830494525E-01  .827532076E-01  .825593682E-01  .824750971E-01  .825066726E-01
  .826594551E-01  .829380589E-01  .833466669E-01  .838894008E-01  .845706654E-01
  .853954014E-01  .863692219E-01  .874984302E-01  .887899383E-01  .902511128E-01
  .918895802E-01  .937130259E-01  .957290236E-01  .979449237E-01  .100367820E+00
  .103004600E+00  .105862060E+00  .108947075E+00  .112266776E+00  .115828711E+00
  .119640966E+00  .123712230E+00  .128051808E+00  .132669554E+00  .137575723E+00
  .142780663E+00  .148294258E+00  .154124907E+00  .160277679E+00  .166750950E+00
  .173530202E+00  .180576377E+00  .187803719E+00  .195040726E+00  .201989902E+00
  .208270392E+00  .213555172E+00  .217635966E+00  .220410414E+00  .221883773E+00
  .222204009E+00  .221666649E+00  .220598929E+00  .219245143E+00  .217760431E+00
  .100677792E+00  .976954109E-01  .953555897E-01  .934614035E-01  .918046540E-01
  .903601598E-01  .891395417E-01  .881164738E-01  .872515117E-01  .865116984E-01
  .858733440E-01  .853218525E-01  .848509673E-01  .844612632E-01  .841581109E-01
  .839495182E-01  .838442052E-01  .838501101E-01  .839734040E-01  .842180316E-01
  .845857771E-01  .850767993E-01  .856904813E-01  .864263531E-01  .872848528E-01
  .882677983E-01  .893785588E-01  .906219856E-01  .920041709E-01  .935320867E-01
  .952131472E-01  .970547555E-01  .990639121E-01  .101246956E+00  .103609469E+00
  .106156356E+00  .108892059E+00  .111820854E+00  .114947140E+00  .118275613E+00
  .121811289E+00  .125559359E+00  .129524901E+00  .133712444E+00  .138125381E+00
  .142765161E+00  .147630161E+00  .152714059E+00  .158003452E+00  .163474393E+00
  .169087418E+00  .174780886E+00  .180463319E+00  .186007951E+00  .191256264E+00
  .196036512E+00  .200192536E+00  .203609129E+00  .206226914E+00  .208049116E+00
  .209140796E+00  .209615571E+00  .209609334E+00  .209252901E+00  .208655984E+00
  .103154174E+00  .100072107E+00  .970783838E-01  .941678572E-01  .914445569E-01
  .894610128E-01  .882226101E-01  .873050135E-01  .866017036E-01  .860483174E-01
  .855967170E-01  .852203511E-01  .849109325E-01  .846736334E-01  .845214768E-01
  .844702426E-01  .845347632E-01  .847264984E-01  .850520752E-01  .855126418E-01
  .861041575E-01  .868188742E-01  .876477591E-01  .885829422E-01  .896193399E-01
  .907552569E-01  .919922711E-01  .933347849E-01  .947894595E-01  .963645334E-01
  .980689340E-01  .999112431E-01  .101898809E+00  .104037235E+00  .106330242E+00
  .108779864E+00  .111386977E+00  .114152115E+00  .117076254E+00  .120161193E+00
  .123409434E+00  .126823729E+00  .130406422E+00  .134158697E+00  .138079741E+00
  .142165785E+00  .146408976E+00  .150795994E+00  .155306364E+00  .159910424E+00
  .164567074E+00  .169221686E+00  .173804967E+00  .178234020E+00  .182416868E+00
  .186260734E+00  .189682623E+00  .192619548E+00  .195036038E+00  .196927604E+00
  .198319567E+00  .199261297E+00  .199817101E+00  .200056374E+00  .200045635E+00
  .105003557E+00  .101724399E+00  .982412693E-01  .944318215E-01  .902438705E-01
  .875442785E-01  .862578614E-01  .856463489E-01  .854023342E-01  .852128562E-01
  .850442807E-01  .848717705E-01  .847028990E-01  .845712397E-01  .845169348E-01
  .845759775E-01  .847771495E-01  .851399883E-01  .856735586E-01  .863754544E-01
  .872300003E-01  .882111745E-01  .892915678E-01  .904502522E-01  .916753467E-01
  .929629013E-01  .943147932E-01  .957370955E-01  .972393366E-01  .988342467E-01
  .100536477E+00  .102359260E+00  .104311857E+00  .106399394E+00  .108622996E+00
  .110979927E+00  .113464021E+00  .116068645E+00  .118790019E+00  .121627785E+00
  .124583849E+00  .127660934E+00  .130861301E+00  .134185651E+00  .137632160E+00
  .141195593E+00  .144866457E+00  .148630140E+00  .152466059E+00  .156346844E+00
  .160237721E+00  .164096313E+00  .167873218E+00  .171513690E+00  .174960627E+00
  .178158723E+00  .181059231E+00  .183624471E+00  .185831249E+00  .187672509E+00
  .189156971E+00  .190306839E+00  .191154152E+00  .191736573E+00  .192093472E+00
  .106928446E+00  .103665694E+00  .100090079E+00  .960387885E-01  .912514305E-01
  .876881067E-01  .850430091E-01  .841548549E-01  .839073531E-01  .842977247E-01
  .845569420E-01  .845304122E-01  .843525279E-01  .841764651E-01  .841005083E-01
  .841738449E-01  .844527148E-01  .849675184E-01  .857235503E-01  .867364750E-01
  .879712580E-01  .893340376E-01  .907464754E-01  .921711214E-01  .935980486E-01
  .950306444E-01  .964775603E-01  .979490393E-01  .994564970E-01  .101017749E+00
  .102671142E+00  .104449659E+00  .106353542E+00  .108393953E+00  .110561122E+00
  .112858401E+00  .115253280E+00  .117714611E+00  .120236253E+00  .122821888E+00
  .125478284E+00  .128212618E+00  .131030821E+00  .133936356E+00  .136929320E+00
  .140005815E+00  .143157519E+00  .146371406E+00  .149629576E+00  .152909209E+00
  .156182714E+00  .159418180E+00  .162580236E+00  .165631415E+00  .168534014E+00
  .171252342E+00  .173755097E+00  .176017545E+00  .178023168E+00  .179764521E+00
  .181243172E+00  .182468769E+00  .183457459E+00  .184229920E+00  .184809374E+00
  .109211360E+00  .106280426E+00  .103096195E+00  .996011905E-01  .958284225E-01
  .919430480E-01  .874675900E-01  .857499550E-01  .842030179E-01  .849058627E-01
  .851679642E-01  .847523958E-01  .838656092E-01  .833051145E-01  .832403243E-01
  .829870299E-01  .832536964E-01  .840842802E-01  .848131791E-01  .862754325E-01
  .884150555E-01  .904411626E-01  .922876522E-01  .939921322E-01  .955973380E-01
  .971388048E-01  .986431330E-01  .100127582E+00  .101598526E+00  .103043991E+00
  .104499629E+00  .106333573E+00  .108058071E+00  .110195305E+00  .112189061E+00
  .114600820E+00  .116964866E+00  .119285181E+00  .121589110E+00  .123897134E+00
  .126228180E+00  .128599296E+00  .131024241E+00  .133512215E+00  .136067186E+00
  .138687804E+00  .141367675E+00  .144095791E+00  .146856988E+00  .149632430E+00
  .152400125E+00  .155135564E+00  .157812516E+00  .160404024E+00  .162883570E+00
  .165226359E+00  .167410600E+00  .169418644E+00  .171237847E+00  .172861039E+00
  .174286557E+00  .175517852E+00  .176562752E+00  .177432493E+00  .178140662E+00
  .111808211E+00  .109479074E+00  .106924183E+00  .104101484E+00  .101036709E+00
  .978131176E-01  .945917779E-01  .914730076E-01  .875919554E-01  .886062663E-01
  .880911575E-01  .868408480E-01  .846136517E-01  .834426480E-01  .839016477E-01
  .828120293E-01  .830033369E-01  .845576600E-01  .845328656E-01  .864272805E-01
  .898095187E-01  .923555811E-01  .944430806E-01  .962588030E-01  .979092245E-01
  .994608521E-01  .100957099E+00  .102424731E+00  .103875180E+00  .105304449E+00
  .106796923E+00  .108585276E+00  .110374392E+00  .112436929E+00  .114448832E+00
  .116713692E+00  .118928264E+00  .121028853E+00  .123043323E+00  .125004509E+00
  .126947577E+00  .128905725E+00  .130905343E+00  .132963351E+00  .135087255E+00
  .137276714E+00  .139525384E+00  .141822435E+00  .144153671E+00  .146502343E+00
  .148849804E+00  .151176101E+00  .153460593E+00  .155682626E+00  .157822246E+00
  .159860951E+00  .161782407E+00  .163573067E+00  .165222647E+00  .166724396E+00
  .168075140E+00  .169275106E+00  .170327557E+00  .171238292E+00  .172015058E+00
  .950762935E+00  .966352773E+00  .976952255E+00  .990080644E+00  .100339811E+01
  .101729064E+01  .103185724E+01  .104733688E+01  .106253567E+01  .107840483E+01
  .109468082E+01  .111125096E+01  .112878465E+01  .114668251E+01  .116526140E+01
  .118436729E+01  .120417469E+01  .122466219E+01  .124587105E+01  .126768291E+01
  .129039510E+01  .131386081E+01  .133816356E+01  .136336621E+01  .138949490E+01
  .141655270E+01  .144469178E+01  .147390878E+01  .150427278E+01  .153583325E+01
  .156868143E+01  .160291926E+01  .163859945E+01  .167580952E+01  .171465658E+01
  .175526292E+01  .179777515E+01  .184224303E+01  .188889693E+01  .193779363E+01
  .198930177E+01  .204353634E+01  .210054909E+01  .216071974E+01  .222458551E+01
  .229220871E+01  .236381195E+01  .243988307E+01  .252159435E+01  .260884474E+01
  .270188935E+01  .280255740E+01  .291186122E+01  .302988717E+01  .315871459E+01
  .330152930E+01  .345842644E+01  .363518514E+01  .383522339E+01  .406649824E+01
  .433916651E+01  .467778639E+01  .512257293E+01  .581988816E+01  .107797825E+02
   87   49
  .110681831E+01  .000000000E+00  .110884127E+01  .100000000E+00  .111510654E+01
  .200000000E+00  .112565539E+01  .300000000E+00  .113283382E+01  .350000000E+00
  .115157368E+01  .450000000E+00  .116369923E+01  .500000000E+00  .118531250E+01
  .572873185E+00  .121187500E+01  .642746736E+00  .123843750E+01  .697982685E+00
  .126500000E+01  .743115087E+00  .129156250E+01  .780563909E+00  .131812500E+01
  .811450975E+00  .136017031E+01  .850000000E+00  .139781250E+01  .877593057E+00
  .144212907E+01  .900000000E+00  .147750000E+01  .914003670E+00  .153062500E+01
  .926207071E+00  .158375000E+01  .929880097E+00  .163687500E+01  .926064080E+00
  .169000000E+01  .915040545E+00  .173405586E+01  .900000000E+00  .176968750E+01
  .886136021E+00  .182281250E+01  .858494177E+00  .184937500E+01  .842289757E+00
  .190250000E+01  .804780596E+00  .192906250E+01  .783797194E+00  .196633841E+01
  .750000000E+00  .200875000E+01  .707638029E+00  .203531250E+01  .677689955E+00
  .206187500E+01  .644207105E+00  .209312674E+01  .600000000E+00  .212396780E+01
  .550000000E+00  .215072799E+01  .500000000E+00  .217420961E+01  .450000000E+00
  .219509631E+01  .400000000E+00  .222125000E+01  .328331388E+00  .224552995E+01
  .250000000E+00  .225820062E+01  .200000000E+00  .227437500E+01  .103155091E+00
  .227798176E+01  .500000000E-01  .227437500E+01 -.316240915E-01  .226463977E+01
 -.100000000E+00  .224781250E+01 -.169062725E+00  .222276234E+01 -.250000000E+00
  .220461870E+01 -.300000000E+00  .218486579E+01 -.350000000E+00  .216351765E+01
 -.400000000E+00  .214034598E+01 -.450000000E+00  .211494641E+01 -.500000000E+00
  .208682944E+01 -.550000000E+00  .205553588E+01 -.600000000E+00  .202077214E+01
 -.650000000E+00  .198255329E+01 -.700000000E+00  .195562500E+01 -.733195171E+00
  .192906250E+01 -.763704558E+00  .189505454E+01 -.800000000E+00  .184937500E+01
 -.847540087E+00  .182281250E+01 -.874661876E+00  .179508034E+01 -.900000000E+00
  .174312500E+01 -.948028112E+00  .171656250E+01 -.972989370E+00  .168282098E+01
 -.100000000E+01  .163687500E+01 -.104052806E+01  .161031250E+01 -.106302042E+01
  .156020109E+01 -.110000000E+01  .152816679E+01 -.112629748E+01  .149914608E+01
 -.114755325E+01  .146620659E+01 -.110000000E+01  .143196493E+01 -.105000000E+01
  .140080452E+01 -.100000000E+01  .137211336E+01 -.950000000E+00  .134542882E+01
 -.900000000E+00  .132039600E+01 -.850000000E+00  .129675657E+01 -.800000000E+00
  .127434837E+01 -.750000000E+00  .125310495E+01 -.700000000E+00  .123304911E+01
 -.650000000E+00  .121187500E+01 -.593605807E+00  .118531250E+01 -.514691507E+00
  .116634855E+01 -.450000000E+00  .115350148E+01 -.400000000E+00  .113275598E+01
 -.300000000E+00  .112468248E+01 -.250000000E+00  .111324159E+01 -.150000000E+00
  .110761187E+01 -.500000000E-01  .110681831E+01  .000000000E+00
  .101600000E+01  .000000000E+00  .101600000E+01  .400000000E+00  .101600000E+01
  .415000000E+00  .101600000E+01  .121730000E+01  .114830000E+01  .135150000E+01
  .141290000E+01  .135150000E+01  .141290000E+01  .131140000E+01  .138680000E+01
  .131140000E+01  .138680000E+01  .128950000E+01  .139740000E+01  .127120000E+01
  .160780000E+01  .109460000E+01  .164650000E+01  .107680000E+01  .178450000E+01
  .107680000E+01  .207010000E+01  .104000000E+01  .212820000E+01  .992600000E+00
  .224510000E+01  .708600000E+00  .232310000E+01  .519200000E+00  .237670000E+01
  .389100000E+00  .235220000E+01  .400000000E+00  .235110000E+01  .337400000E+00
  .235110000E+01  .205200000E+00  .235360000E+01  .683700000E-01  .235400000E+01
  .000000000E+00  .235440000E+01 -.683700000E-01  .235290000E+01 -.205200000E+00
  .235050000E+01 -.337400000E+00  .235270000E+01 -.400000000E+00  .237670000E+01
 -.389000000E+00  .213400000E+01 -.973000000E+00  .178570000E+01 -.117440000E+01
  .176800000E+01 -.121070000E+01  .176800000E+01 -.125400000E+01  .168200000E+01
 -.125400000E+01  .167400000E+01 -.126200000E+01  .167400000E+01 -.132900000E+01
  .168100000E+01 -.133900000E+01  .175400000E+01 -.133900000E+01  .175400000E+01
 -.136750000E+01  .168900000E+01 -.136750000E+01  .168900000E+01 -.136600000E+01
  .155500000E+01 -.136600000E+01  .141200000E+01 -.136600000E+01  .127300000E+01
 -.136600000E+01  .115300000E+01 -.136600000E+01  .101600000E+01 -.122880000E+01
  .101600000E+01 -.800000000E+00  .101600000E+01 -.415000000E+00  .101600000E+01
 -.400000000E+00  .101600000E+01  .000000000E+00
    0  .170000000E+01    0
  .000000000E+00  .847763275E-01  .120558389E+00  .148156106E+00  .171708803E+00
  .192661364E+00  .211752690E+00  .228178636E+00  .244961855E+00  .261006952E+00
  .276225447E+00  .290851865E+00  .305066398E+00  .318771833E+00  .332161288E+00
  .345205907E+00  .357981689E+00  .370531130E+00  .382875848E+00  .395020728E+00
  .406996668E+00  .418867002E+00  .430607534E+00  .442244093E+00  .453789524E+00
  .465275404E+00  .476694122E+00  .488076803E+00  .499420984E+00  .510738910E+00
  .522055651E+00  .533366456E+00  .544686900E+00  .556021976E+00  .567400808E+00
  .578805349E+00  .590263245E+00  .601772339E+00  .613362852E+00  .625017162E+00
  .636763004E+00  .648628582E+00  .660573989E+00  .672648444E+00  .684872988E+00
  .697237551E+00  .709754636E+00  .722432248E+00  .735346153E+00  .748455029E+00
  .761749883E+00  .775324416E+00  .789200470E+00  .803350238E+00  .817804160E+00
  .832695946E+00  .847952297E+00  .863696177E+00  .879965684E+00  .896870957E+00
  .914479861E+00  .933035599E+00  .952747107E+00  .974194209E+00  .100000000E+01
    0
 $OUT1
 ISHOT	= 98128
 ITIME	= 2500
 BETAP0	= .5
 RZERO	= 1.6955
 QENP	= .0
 ENP	= 1.0
 EMP	= 1.0
 PLASMA	= 974236.0499211392
 EXPMP2	= .42444710016664 .426740503360805 .2947152486415209
 .1214895558997655 4.052731616420840E-02 2.026909873613328E-02
 6.616261464068838E-03 3.043601263529863E-02 6.472632589165274E-02
 .1253055289845922 .1783873701164324 .1897181700209067
 .2661728820921266 .2642167520575869 .2311683046562561
 .3982600518235888 .3020919013081928 .2417359226179391
 5.999638156676630E-02 -2.303359487000934E-02 -7.872468980071810E-02
 -5.391541066290779E-02 -9.177177239999878E-02 7.441978696717756E-02
 .1666321024217145 .2097915870738844 .2117166101519773
 .2950407252480869 .275584885931159 3.175593506254466E-03
 2.152239312116119E-02 3.131338931391234E-02 6.469028306634470E-02
 9.002952246049675E-02 .1323404399063522 .1784735243422132
 .1908482577283695 .2675538005386969 .2638316976620365
 .2305521384024781 .2772344555699209 .2938308430690075
 .2127898195152261 .2099385991759318 .1636763687214501
 7.427132285970115E-02 -8.935502500397220E-02 -5.436572873030981E-02
 -7.785277173812053E-02 -2.251433711316219E-02 5.922968942399613E-02
 .2422507053313792 .3043762554051215 .3985533508545556
 .4249723009982654 .4263009581325116 .2932838301396166 .128299544791796
 3.839474478213757E-02 1.802582728672891E-02 4.635029994152945E-02
 6.058699197083611E-02 7.934194587949270E-02 6.611730629482233E-02
 1.377487603185358E-02 1.683071208032930E-02 -5.716200302051087E-02
 -9.289653828166813E-02
 COILS	= -.137843408689537 -.124594023958447 -.104003504515243
 -9.202334445760005E-02 -8.612472094669332E-02 -.244030281532532
 -.209668962357244 -8.322273311171447E-02 -.106859892108376
 -.133586709005117 -.133551168526301 -.131343601702543
 -7.200835218360895E-02 -4.063335051440012E-02 -.27677297108384
 -.240205916992941 -1.581775025640102E-02 -1.189635778040355E-02
 -.122407482024386 -.120588964668225 -.107849267084424
 -9.480029336256608E-02 -9.088521604756082E-02 -8.491346006567035E-02
 -.105548129503164 -.194575951708928 -.18001845922912 -.265975894565039
 -.214300501736775 -.122133368059575 -.126984489242594
 -9.761770800856372E-02 -6.012081902834503E-02 -3.510757193547099E-02
 -6.071886105280527E-02 -.204010587762619 -.193407462255974
 -.305625323801635 -.245880231279689 -2.668306962434181E-02
 -2.324946064060197E-02
 BTOR	= -2.00455558832203
 RCENTR	= 1.6955
 BRSP	= -131846.371743218 -72486.9087296401 4899.853787897667
 52682.03462537389 47052.27355945184 -160463.663125128
 -97504.7264982515 34988.28101157314 3650.959492538405
 -100773.541797055 -75110.1584095973 -108332.690204473
 92285.13767123236 84233.5037670775 -194436.082188181 -141071.42956753
 85957.11549094002 97173.16942397435 243.9855262344793
 -399.122188874558 3933.087461148641 -6433.94239100194
 -.443327970336027 -.359807525078463 .3746868409982309
 .1111529726450577 .5432856925442064 .1713657948120744
 .5346694097490722 6.666435477473813E-02 -.461164382497336
 .9795706570395993 .2566660382869087 .3659189817488642
 .5459941032944848 -.298349853110774 .4310226211225258
 -.778590096531054 -2.607818615469878E-02 -5.421293688875336E-03
 -.207622399265572 .9644427228991226 -.174392130939579
 .3667437344021673 .1516387677088117 .4581458285418144
 -.254426580976729 .3238252823769469 -1.33231737039199
 -.170570617035942 -.419420631211822 .2024350466968344 .245562398930027
 .3944507976421225 .2673396645679977 -.490830590756862
 .1042562661562976 .5091373776067 -.121219995735602 .2227381641185914
 .6296590335659226 .351011313619197 .3821721837331684 1.10019351673663
 .2984067693816237 8.654059394643490E-02 .461226656686678
 .3429884659545501 5.549158249730747E-02 -.716979433833049
 -.706219437491824 -.122982904165947 -.425772381435161
 .6331210636050713 -.722213399914489 -.188515340169908
 -.503086210371775 -.308251723066695 .351332229675647 .8573460838366705
 -1.3412626212622 -.529446846821662 -.524889437908337 -.414685767520636
 1.03630594403546 .6648074413492844 -.58983324522573 .1021329832213977
 -8.093076371161573E-02 -.603492987016611 .0 .0 .0 .0 .0 .0 .0 .0 .0 .0
 .0 .0 .0 .0 .0 .0 .0 .0 .0 .0 .0 .0 .0 .0 .0 .0 .0 .0 .0 .0 .0 .0 .0
 .0 .0 .0 .0 .0 .0 .0 .0 .0 .0 .0 .0 .0 .0 .0 .0 .0 .0 .0 .0 .0 .0 .0
 .0 .0 .0 .0 .0 .0 .0 .0 .0 .0 .0 .0 .0 .0 .0 .0 .0 .0 .0 .0 .0 .0 .0
 .0 .0 .0 .0 .0 .0 .0 .0 .0 .0 .0 .0 .0 .0 .0 .0 .0 .0 .0 .0 .0 .0 .0
 .0 .0 .0 .0 .0 .0 .0 .0 .0 .0 .0 .0 .0 .0 .0 .0 .0 .0 .0 .0 .0 .0 .0
 .0 .0 .0 .0 .0 .0 .0 .0 .0 .0 .0 .0 .0 .0 .0 .0 .0 .0 .0 .0 .0 .0 .0
 .0 .0 .0 .0 .0 .0 .0 .0 .0 .0 .0 .0 .0 .0 .0 .0 .0 .0 .0 .0 .0 .0 .0
 .0 .0 .0 .0 .0 .0 .0 .0 .0 .0 .0 .0 .0 .0 .0 .0 .0 .0 .0 .0 .0 .0 .0
 .0 .0 .0 .0 .0 .0 .0 .0 .0 .0 .0 .0 .0 .0 .0 .0 .0 .0 .0 .0 .0 .0 .0
 .0 .0 .0 .0 .0 .0 .0 .0 .0 .0 .0 .0 .0 .0 .0 .0 .0 .0 .0 .0 .0 .0 .0
 .0 .0 .0 .0 .0 .0 .0 .0 .0 .0 .0 .0 .0 .0 .0 .0 .0 .0 .0 .0 .0 .0 .0
 .0 .0 .0 .0 .0 .0 .0 .0 .0 .0 .0 .0 .0 .0 .0 .0
 ICURRT	= 2
 RBDRY	= 1.10681831300268 1.10884127328135 1.11510654299984
 1.12565538652317 1.1328338206989 1.15157368344565 1.16369923233542
 1.1853125 1.211875 1.2384375 1.265 1.2915625 1.318125
 1.36017030742351 1.3978125 1.4421290729061 1.4775 1.530625 1.58375
 1.636875 1.69 1.73405585547624 1.7696875 1.8228125 1.849375 1.9025
 1.9290625 1.96633841404812 2.00875 2.0353125 2.061875
 2.09312674435492 2.12396780443061 2.15072798696632 2.17420961215207
 2.19509631407177 2.22125 2.24552995119638 2.2582006213608 2.274375
 2.27798175708086 2.274375 2.26463977159278 2.2478125 2.2227623400462
 2.20461870234687 2.18486578732745 2.16351765155683 2.14034597787733
 2.11494640830645 2.08682944257527 2.05553587666164 2.02077214440789
 1.98255328848323 1.955625 1.9290625 1.89505454350843 1.849375
 1.8228125 1.79508033921966 1.743125 1.7165625 1.68282098249682
 1.636875 1.6103125 1.56020109386072 1.52816678936439 1.49914607872878
 1.46620658525368 1.431964925469 1.40080451618062 1.37211336156632
 1.34542882172178 1.32039599996948 1.29675657320372 1.27434837351814
 1.25310495096222 1.23304911198598 1.211875 1.1853125 1.16634854774431
 1.15350147752456 1.13275598251051 1.12468248122388 1.11324158627258
 1.10761186988964 1.10681831300268 .0 .0 .0 .0 .0 .0 .0 .0 .0 .0 .0 .0
 .0 .0 .0 .0 .0 .0 .0 .0 .0 .0 .0
 ZBDRY	= .0 .1000000000000001 .2 .3 .3500000000000001 .4500000000000002
 .5 .5728731845636722 .6427467359869741 .6979826850514668
 .7431150870503921 .7805639090252808 .8114509746915804 .85
 .8775930573812591 .9 .9140036700905368 .9262070705454239
 .9298800971068168 .9260640799964134 .9150405446958327 .9
 .8861360205704464 .8584941766137469 .8422897565058179
 .8047805960042725 .7837971944457333 .75 .7076380291956862
 .67768995500161 .644207105112664 .6000000000000001 .5499999999999998
 .5 .4500000000000002 .3999999999999999 .3283313877967398 .25 .2
 .1031550905295075 5.000000000000004E-02 -3.162409148247366E-02 -.1
 -.169062725287606 -.25 -.3 -.35 -.4 -.45 -.5 -.55 -.6 -.65 -.7
 -.733195171438864 -.763704558211861 -.8 -.847540086601379
 -.874661875969194 -.9 -.948028112461854 -.972989369563661 -1.0
 -1.04052805531514 -1.06302041811483 -1.1 -1.12629747732324
 -1.14755325386602 -1.1 -1.05 -1.0 -.95 -.9 -.85 -.8 -.75 -.7 -.65
 -.593605807464916 -.514691507230003 -.45 -.4 -.3 -.25 -.15
 -5.000000000000004E-02 .0 .0 .0 .0 .0 .0 .0 .0 .0 .0 .0 .0 .0 .0 .0 .0
 .0 .0 .0 .0 .0 .0 .0 .0
 NBDRY	= 87
 FWTSI	= 1000.0 556.7617022810794 561.7226177225326 565.8070818310486
 566.2116455923154 310.8471775805124 .0 556.3073791351896
 564.3802146106601 557.0870798589437 571.6699823223521
 529.0587804486348 504.9516079850823 356.948182331218 239.4030654099773
 318.897155043284 274.7074501360799 265.4938373805905 562.9666597496827
 559.1567144313165 543.1275719009324 569.8788752369572
 567.6478000754337 557.4701753699981 567.3193398670769
 465.9442230260703 469.2795279554049 264.9841016719078 422.750560095531
 562.3915369577202 558.7955160058892 554.9112053430151
 413.1077472002489 320.4189973055175 429.1101048284305
 464.6820716318689 469.2795279554049 202.8062930791234
 304.4924259913436 300.6863121071012 292.1037971046021
 FWTCUR	= 3.430902628881964E-05
 MXITER	= 51
 NXITER	= 1
 LIMITR	= 48
 XLIM	= 1.016 1.016 1.016 1.016 1.1483 1.4129 1.4129 1.3868 1.3868
 1.3974 1.6078 1.6465 1.7845 2.0701 2.1282 2.2451 2.3231 2.3767 2.3522
 2.3511 2.3511 2.3536 2.354 2.3544 2.3529 2.3505 2.3527 2.3767 2.134
 1.7857 1.768 1.768 1.682 1.674 1.674 1.681 1.754 1.754 1.689 1.689
 1.555 1.412 1.273 1.153 1.016 1.016 1.016 1.016 1.016 .0 .0 .0 .0 .0
 .0 .0 .0 .0 .0 .0 .0 .0 .0 .0 .0 .0 .0 .0 .0 .0 .0 .0 .0 .0 .0 .0 .0
 .0 .0 .0 .0 .0 .0 .0 .0 .0 .0 .0 .0 .0 .0 .0 .0 .0 .0 .0 .0 .0 .0 .0
 .0 .0 .0 .0 .0 .0 .0 .0 .0 .0 .0 .0 .0 .0 .0 .0 .0 .0 .0 .0 .0 .0 .0
 .0 .0 .0 .0 .0 .0 .0 .0 .0 .0 .0 .0 .0 .0 .0 .0 .0 .0 .0 .0 .0 .0 .0
 .0 .0 .0 .0 .0 .0 .0 .0 .0 .0 .0 .0 .0 .0
 YLIM	= .0 .4 .4149999999999999 1.2173 1.3515 1.3515 1.3114 1.3114
 1.2895 1.2712 1.0946 1.0768 1.0768 1.04 .9926 .7086 .5192 .3891 .4
 .3374 .2052 6.837000000000000E-02 .0 -6.837000000000000E-02 -.2052
 -.3374 -.4 -.389 -.973 -1.1744 -1.2107 -1.254 -1.254 -1.262 -1.329
 -1.339 -1.339 -1.3675 -1.3675 -1.366 -1.366 -1.366 -1.366 -1.366
 -1.2288 -.8 -.415 -.4 .0 .0 .0 .0 .0 .0 .0 .0 .0 .0 .0 .0 .0 .0 .0 .0
 .0 .0 .0 .0 .0 .0 .0 .0 .0 .0 .0 .0 .0 .0 .0 .0 .0 .0 .0 .0 .0 .0 .0
 .0 .0 .0 .0 .0 .0 .0 .0 .0 .0 .0 .0 .0 .0 .0 .0 .0 .0 .0 .0 .0 .0 .0
 .0 .0 .0 .0 .0 .0 .0 .0 .0 .0 .0 .0 .0 .0 .0 .0 .0 .0 .0 .0 .0 .0 .0
 .0 .0 .0 .0 .0 .0 .0 .0 .0 .0 .0 .0 .0 .0 .0 .0 .0 .0 .0 .0 .0 .0 .0
 .0 .0 .0 .0
 ERROR	= 1.000000000000000E-03
 ICONVR	= 2
 IBUNMN	= 3
 PRESSR	= .0 .0 .0 .0 .0 .0 .0 .0 .0 .0 .0 .0 .0 .0 .0 .0 .0 .0 .0 .0
 .0 .0 .0 .0 .0 .0 .0 .0 .0 .0 .0 .0 .0 .0 .0 .0 .0 .0 .0 .0 .0 .0 .0
 .0 .0 .0 .0 .0 .0 .0 .0 .0 .0 .0 .0 .0 .0 .0 .0 .0 .0 .0 .0 .0 .0 .0
 .0 .0 .0 .0 .0 .0 .0 .0 .0 .0 .0 .0 .0 .0 .0 .0 .0 .0 .0 .0 .0 .0 .0
 .0 .0 .0 .0 .0 .0 .0 .0 .0 .0 .0 .0 .0 .0 .0 .0 .0 .0 .0 .0 .0 .0 .0
 .0 .0 .0 .0 .0 .0 .0 .0 .0 .0 .0 .0 .0 .0 .0 .0 .0 .0 .0 .0
 RPRESS	= .0 .0 .0 .0 .0 .0 .0 .0 .0 .0 .0 .0 .0 .0 .0 .0 .0 .0 .0 .0
 .0 .0 .0 .0 .0 .0 .0 .0 .0 .0 .0 .0 .0 .0 .0 .0 .0 .0 .0 .0 .0 .0 .0
 .0 .0 .0 .0 .0 .0 .0 .0 .0 .0 .0 .0 .0 .0 .0 .0 .0 .0 .0 .0 .0 .0 .0
 .0 .0 .0 .0 .0 .0 .0 .0 .0 .0 .0 .0 .0 .0 .0 .0 .0 .0 .0 .0 .0 .0 .0
 .0 .0 .0 .0 .0 .0 .0 .0 .0 .0 .0 .0 .0 .0 .0 .0 .0 .0 .0 .0 .0 .0 .0
 .0 .0 .0 .0 .0 .0 .0 .0 .0 .0 .0 .0 .0 .0 .0 .0 .0 .0 .0 .0
 QPSI	= .9507629349540416 .9663527728398638 .9769522548244462
 .9900806435232315 1.00339810675535 1.01729064186655 1.03185723833115
 1.04733687663382 1.06253567067756 1.07840482944602 1.09468081570594
 1.11125095830615 1.12878464523481 1.14668251449711 1.16526140211674
 1.18436728689428 1.2041746916307 1.22466219256051 1.24587104649473
 1.2676829084942 1.29039510244765 1.31386080861906 1.33816356140284
 1.36336621024004 1.3894948997735 1.41655270172045 1.44469177694804
 1.47390877639893 1.50427278293747 1.53583325388463 1.5686814286616
 1.60291926380577 1.63859944902277 1.67580951554282 1.71465657573144
 1.75526292243311 1.79777515072806 1.84224303250883 1.88889692794575
 1.93779362757306 1.98930177109234 2.04353634012656 2.10054909160631
 2.16071974155387 2.22458551435191 2.29220871380456 2.3638119498141
 2.43988307271195 2.52159435315841 2.60884473730317 2.70188934663356
 2.80255739694963 2.91186121763556 3.02988716552509 3.15871459297063
 3.30152930365076 3.45842644403347 3.63518514446049 3.8352233935524
 4.06649824130273 4.33916650637756 4.67778639462013 5.12257293058437
 5.81988815780395 10.77978247807984
 PRESSW	= .0 .0 .0 .0 .0 .0 .0 .0 .0 .0 .0 .0 .0 .0 .0 .0 .0 .0 .0 .0
 .0 .0 .0 .0 .0 .0 .0 .0 .0 .0 .0 .0 .0 .0 .0 .0 .0 .0 .0 .0 .0 .0 .0
 .0 .0 .0 .0 .0 .0 .0 .0 .0 .0 .0 .0 .0 .0 .0 .0 .0 .0 .0 .0 .0 .0
 PRES	= 20703.61130650993 19893.0968614258 19103.31087307467
 18333.99846301002 17584.90475278536 16855.7748639542 16146.35391807005
 15456.38703668639 14785.61934135675 14133.79595363462 13500.6619950735
 12885.9625872269 12289.44285164833 11710.84790989128 11149.92288350926
 10606.41289405577 10080.06306308432 9570.61851214841 9077.824362801545
 8601.425736597225 8141.167755088958 7696.795539830243
 7268.054212374588 6854.688894275495 6456.444707086467
 6073.066772361008 5704.300211652621 5349.89014651481 5009.581698501079
 4683.119989164931 4370.25014005987 4070.717272739399 3784.266508757023
 3510.642969666244 3249.591777020566 3000.858052373493
 2764.186917278528 2539.323493289175 2326.012901958937
 2124.000264841318 1933.030703489822 1752.849339457952
 1583.201294299212 1423.831689567105 1274.485646815136
 1134.908287596806 1004.844733465621 884.0401059750832
 772.2395266786966 669.1881171299649 574.6309988823916
 488.3132934894803 409.9801225047345 339.3766074816579
 276.2478699737539 220.3390315345262 171.3952137174784 129.161538076114
 93.38312616393658 63.8050995344498 40.17257974115718 22.23068833756231
 9.72454687716877 2.39927691348014 .0
 NQPSI	= 65
 $END
 $BASIS
 KPPFNC	= 0
 KPPKNT	= 0
 PPKNT	= .0 .0 .0 .0 .0 .0 .0 .0 .0 .0 .0 .0 .0 .0 .0 .0 .0 .0 .0 .0 .0
 .0 .0 .0 .0 .0 .0 .0 .0 .0 .0 .0 .0 .0 .0 .0
 PPTENS	= .0
 KFFFNC	= 0
 KFFKNT	= 0
 FFKNT	= .0 .0 .0 .0 .0 .0 .0 .0 .0 .0 .0 .0 .0 .0 .0 .0 .0 .0 .0 .0 .0
 .0 .0 .0 .0 .0 .0 .0 .0 .0 .0 .0 .0 .0 .0 .0
 FFTENS	= .0
 KWWFNC	= 0
 KWWKNT	= 0
 WWKNT	= .0 .0 .0 .0 .0 .0 .0 .0 .0 .0 .0 .0 .0 .0 .0 .0 .0 .0 .0 .0 .0
 .0 .0 .0 .0 .0 .0 .0 .0 .0 .0 .0 .0 .0 .0 .0
 WWTENS	= .0
 PPBDRY	= 183706.749164784 -300515.530446725 .0 .0 .0 .0 .0 .0 .0 .0 .0
 .0 .0 .0 .0 .0 .0 .0 .0 .0 .0 .0 .0 .0 .0 .0 .0 .0 .0 .0 .0 .0 .0 .0
 .0 .0
 PP2BDRY	= .0 .0 .0 .0 .0 .0 .0 .0 .0 .0 .0 .0 .0 .0 .0 .0 .0 .0 .0 .0
 .0 .0 .0 .0 .0 .0 .0 .0 .0 .0 .0 .0 .0 .0 .0 .0
 KPPBDRY	= 0 0 0 0 0 0 0 0 0 0 0 0 0 0 0 0 0 0 0 0 0 0 0 0 0 0 0 0 0 0
 0 0 0 0 0 0
 KPP2BDRY	= 0 0 0 0 0 0 0 0 0 0 0 0 0 0 0 0 0 0 0 0 0 0 0 0 0 0 0 0 0 0
 0 0 0 0 0 0
 FFBDRY	= 3.72138425942458 -6.08762764022712 .0 .0 .0 .0 .0 .0 .0 .0 .0
 .0 .0 .0 .0 .0 .0 .0 .0 .0 .0 .0 .0 .0 .0 .0 .0 .0 .0 .0 .0 .0 .0 .0
 .0 .0
 FF2BDRY	= .0 .0 .0 .0 .0 .0 .0 .0 .0 .0 .0 .0 .0 .0 .0 .0 .0 .0 .0 .0
 .0 .0 .0 .0 .0 .0 .0 .0 .0 .0 .0 .0 .0 .0 .0 .0
 KFFBDRY	= 0 0 0 0 0 0 0 0 0 0 0 0 0 0 0 0 0 0 0 0 0 0 0 0 0 0 0 0 0 0
 0 0 0 0 0 0
 KFF2BDRY	= 0 0 0 0 0 0 0 0 0 0 0 0 0 0 0 0 0 0 0 0 0 0 0 0 0 0 0 0 0 0
 0 0 0 0 0 0
 WWBDRY	= -333.799883547126 -270.913901235548 .0 .0 .0 .0 .0 .0 .0 .0
 .0 .0 .0 .0 .0 .0 .0 .0 .0 .0 .0 .0 .0 .0 .0 .0 .0 .0 .0 .0 .0 .0 .0
 .0 .0 .0
 WW2BDRY	= .0 .0 .0 .0 .0 .0 .0 .0 .0 .0 .0 .0 .0 .0 .0 .0 .0 .0 .0 .0
 .0 .0 .0 .0 .0 .0 .0 .0 .0 .0 .0 .0 .0 .0 .0 .0
 KWWBDRY	= 0 0 0 0 0 0 0 0 0 0 0 0 0 0 0 0 0 0 0 0 0 0 0 0 0 0 0 0 0 0
 0 0 0 0 0 0
 KWW2BDRY	= 0 0 0 0 0 0 0 0 0 0 0 0 0 0 0 0 0 0 0 0 0 0 0 0 0 0 0 0 0 0
 0 0 0 0 0 0
 KEEFNC	= 0
 KEEKNT	= 0
 EEKNT	= .0 .0 .0 .0 .0 .0 .0 .0 .0 .0 .0 .0 .0 .0 .0 .0 .0 .0
 EETENS	= 5.0
 EEBDRY	= .0 .0 .0 .0 .0 .0 .0 .0 .0 .0 .0 .0 .0 .0 .0 .0 .0 .0
 EE2BDRY	= .0 .0 .0 .0 .0 .0 .0 .0 .0 .0 .0 .0 .0 .0 .0 .0 .0 .0
 KEEBDRY	= 0 0 0 0 0 0 0 0 0 0 0 0 0 0 0 0 0 0
 KEE2BDRY	= 0 0 0 0 0 0 0 0 0 0 0 0 0 0 0 0 0 0
 $END
 $CHIOUT
 SAISIL	= .1176499466326749 .2813029542720002 .2189765584257433
 .1843692051668931 1.778408832246826E-02 .1866798400421989 .0
 2.255828643170617E-02 1.672178980353946E-02 1.352535772662809E-02
 .5959777035933504 .2080664644149381 6.952792973149386E-03
 2.21430457506359 2.411368026091415E-02 .6393646641844432
 7.966459988334874E-02 3.837574113206101E-02 2.096964167627402E-02
 .5274132343565217 .7208844746217096 3.070463930946392E-02
 .1865099397048887 .1692269183016036 6.213972109859735E-02
 .1139753407430924 3.461350721889977E-04 .279680650111946
 2.238150308512141E-02 4.823468221887389E-02 1.254922818735157E-02
 8.174704603539777E-04 1.17469372148038 9.297338592420951E-02
 8.322046966019741E-03 .5233794067394273 2.196732653151309E-02
 .3897905434738784 .2930927902936263 3.771165636378588E-02
 5.768932538389531E-02
 SAIMPI	= 6.115778244142213E-03 .0 .0 .4111383936507492
 5.355926251212081E-02 .0 .0 3.398933236085246E-02 .0
 1.390944343274691E-03 .0 .1412688676849864 7.281065862135963E-02 .0
 .1068238097386761 .0 .4415852206442644 .0 7.498787657936727E-02 .0
 6.890037637526834E-02 .0 .0 9.316959979026205E-03
 1.334165134619749E-04 2.409722496699387E-02 1.109137106819105E-02
 .3493207353362446 2.570334377555219E-03 .1163117497498318
 4.963377130924030E-02 2.157947798681147E-04 .2112079941166757
 5.182073154594561E-02 5.442496440420705E-02 .9777224418252553
 4.720334048359432E-02 5.161590417932771E-03 .2127940808121958
 .1195155500202896 2.697219705412892E-06 .668209545761512
 .7623525672018573 .1338389361454923 .48091936066734 .2459780899372451
 .2900133493290979 3.641926907275418E-03 .1136696910009364
 .4327561617344625 6.370215255213498E-02 6.085488388640537E-03
 .4694652130989069 .1271526809290793 5.441272079333897E-02
 2.265234834863396E-03 1.23035614402147 8.677155959959547E-02
 1.464161884518075E-02 9.871282529737606E-03 .0 .0 .0 .0 .0 .0 .0 .0
 SAIPR	= .0
 SAIIP	= 8.419331436890854E-03
 $END
                                            MAG
