  EFITD    01/20/99      # 98128 ,2487ms           3  65  65
  .170000000E+01  .320000000E+01  .169550000E+01  .840000000E+00  .000000000E+00
  .173100254E+01  .172929544E-01 -.246854740E+00  .421992517E-01 -.200714345E+01
  .970612993E+06 -.246854740E+00  .000000000E+00  .173100254E+01  .000000000E+00
  .172929544E-01  .000000000E+00  .421992517E-01  .000000000E+00  .000000000E+00
 -.352813001E+01 -.352324416E+01 -.351847955E+01 -.351383504E+01 -.350930947E+01
 -.350490167E+01 -.350061044E+01 -.349643457E+01 -.349237284E+01 -.348842400E+01
 -.348458678E+01 -.348085992E+01 -.347724211E+01 -.347373205E+01 -.347032841E+01
 -.346702985E+01 -.346383501E+01 -.346074254E+01 -.345775103E+01 -.345485910E+01
 -.345206534E+01 -.344936832E+01 -.344676660E+01 -.344425874E+01 -.344184328E+01
 -.343951874E+01 -.343728364E+01 -.343513649E+01 -.343307578E+01 -.343109999E+01
 -.342920760E+01 -.342739708E+01 -.342566688E+01 -.342401545E+01 -.342244123E+01
 -.342094265E+01 -.341951812E+01 -.341816608E+01 -.341688492E+01 -.341567304E+01
 -.341452885E+01 -.341345072E+01 -.341243704E+01 -.341148620E+01 -.341059655E+01
 -.340976647E+01 -.340899432E+01 -.340827845E+01 -.340761722E+01 -.340700897E+01
 -.340645206E+01 -.340594482E+01 -.340548560E+01 -.340507272E+01 -.340470453E+01
 -.340437934E+01 -.340409550E+01 -.340385132E+01 -.340364513E+01 -.340347525E+01
 -.340334001E+01 -.340323771E+01 -.340316669E+01 -.340312526E+01 -.340311173E+01
  .197575837E+05  .189720522E+05  .182070612E+05  .174623493E+05  .167376549E+05
  .160327167E+05  .153472732E+05  .146810630E+05  .140338245E+05  .134052964E+05
  .127952171E+05  .122033253E+05  .116293594E+05  .110730580E+05  .105341597E+05
  .100124030E+05  .950752643E+04  .901926856E+04  .854736794E+04  .809156310E+04
  .765159259E+04  .722719496E+04  .681810874E+04  .642407250E+04  .604482477E+04
  .568010410E+04  .532964904E+04  .499319812E+04  .467048990E+04  .436126292E+04
  .406525573E+04  .378220687E+04  .351185489E+04  .325393833E+04  .300819574E+04
  .277436567E+04  .255218665E+04  .234139725E+04  .214173599E+04  .195294144E+04
  .177475212E+04  .160690659E+04  .144914340E+04  .130120109E+04  .116281820E+04
  .103373329E+04  .913684887E+03  .802411549E+03  .699651820E+03  .605144243E+03
  .518627366E+03  .439839733E+03  .368519890E+03  .304406382E+03  .247237756E+03
  .196752557E+03  .152689331E+03  .114786622E+03  .827829775E+02  .564169421E+02
  .354270615E+02  .195518814E+02  .852994736E+01  .209980504E+01  .000000000E+00
 -.386421636E+01 -.376385047E+01 -.366475403E+01 -.356692703E+01 -.347036948E+01
 -.337508137E+01 -.328106270E+01 -.318831348E+01 -.309683371E+01 -.300662338E+01
 -.291768249E+01 -.283001105E+01 -.274360905E+01 -.265847650E+01 -.257461339E+01
 -.249201973E+01 -.241069551E+01 -.233064074E+01 -.225185541E+01 -.217433953E+01
 -.209809309E+01 -.202311609E+01 -.194940854E+01 -.187697044E+01 -.180580178E+01
 -.173590256E+01 -.166727279E+01 -.159991246E+01 -.153382158E+01 -.146900015E+01
 -.140544815E+01 -.134316561E+01 -.128215250E+01 -.122240884E+01 -.116393463E+01
 -.110672986E+01 -.105079454E+01 -.996128658E+00 -.942732223E+00 -.890605233E+00
 -.839747688E+00 -.790159587E+00 -.741840931E+00 -.694791719E+00 -.649011952E+00
 -.604501630E+00 -.561260753E+00 -.519289320E+00 -.478587332E+00 -.439154789E+00
 -.400991690E+00 -.364098036E+00 -.328473827E+00 -.294119062E+00 -.261033742E+00
 -.229217867E+00 -.198671436E+00 -.169394450E+00 -.141386909E+00 -.114648812E+00
 -.891801606E-01 -.649809534E-01 -.420511909E-01 -.203908731E-01  .000000000E+00
 -.176214469E+06 -.171637611E+06 -.167118641E+06 -.162657561E+06 -.158254370E+06
 -.153909068E+06 -.149621655E+06 -.145392132E+06 -.141220497E+06 -.137106752E+06
 -.133050895E+06 -.129052928E+06 -.125112850E+06 -.121230661E+06 -.117406361E+06
 -.113639951E+06 -.109931429E+06 -.106280797E+06 -.102688053E+06 -.991531990E+05
 -.956762339E+05 -.922571579E+05 -.888959710E+05 -.855926733E+05 -.823472647E+05
 -.791597452E+05 -.760301148E+05 -.729583736E+05 -.699445215E+05 -.669885585E+05
 -.640904846E+05 -.612502998E+05 -.584680042E+05 -.557435977E+05 -.530770803E+05
 -.504684520E+05 -.479177128E+05 -.454248628E+05 -.429899019E+05 -.406128301E+05
 -.382936474E+05 -.360323539E+05 -.338289495E+05 -.316834342E+05 -.295958080E+05
 -.275660709E+05 -.255942230E+05 -.236802642E+05 -.218241945E+05 -.200260139E+05
 -.182857225E+05 -.166033202E+05 -.149788069E+05 -.134121829E+05 -.119034479E+05
 -.104526021E+05 -.905964535E+04 -.772457776E+04 -.644739928E+04 -.522810993E+04
 -.406670970E+04 -.296319859E+04 -.191757661E+04 -.929843743E+03  .000000000E+00
  .822802476E-01  .773777999E-01  .720675248E-01  .663089335E-01  .601390060E-01
  .536655565E-01  .471299041E-01  .406073494E-01  .332209604E-01  .333754927E-01
  .307348325E-01  .263508338E-01  .195681430E-01  .149890461E-01  .146355113E-01
  .103789519E-01  .876978248E-02  .106959859E-01  .859813576E-02  .106039034E-01
  .163888062E-01  .198155911E-01  .217695141E-01  .226433730E-01  .226086378E-01
  .217083290E-01  .198848301E-01  .169697718E-01  .126426013E-01  .648754255E-02
  .101452796E-02  .523686659E-03  .378862374E-03  .532440966E-02  .106093446E-01
  .216692086E-01  .331662034E-01  .429392174E-01  .514373619E-01  .590286901E-01
  .659655713E-01  .724266394E-01  .785393955E-01  .843932133E-01  .900487214E-01
  .955451970E-01  .100906184E+00  .106143542E+00  .111260291E+00  .116252645E+00
  .121111555E+00  .125823977E+00  .130374037E+00  .134744167E+00  .138916239E+00
  .142872710E+00  .146597708E+00  .150078012E+00  .153303842E+00  .156269401E+00
  .158973131E+00  .161417666E+00  .163609522E+00  .165558563E+00  .167277336E+00
  .792557440E-01  .735476067E-01  .673156053E-01  .604699111E-01  .530829720E-01
  .454234567E-01  .365379216E-01  .329155154E-01  .292798393E-01  .294065362E-01
  .283553287E-01  .258364827E-01  .222453848E-01  .193572947E-01  .176274325E-01
  .153984101E-01  .142285199E-01  .143050299E-01  .140086520E-01  .151912978E-01
  .178046564E-01  .198950178E-01  .212113976E-01  .217696131E-01  .215852725E-01
  .206310782E-01  .188170643E-01  .159632779E-01  .117487430E-01  .570641836E-02
  .140801843E-03 -.354698923E-04 -.407097478E-03  .482806265E-02  .984194289E-02
  .211787128E-01  .327546516E-01  .426845509E-01  .514489898E-01  .593928047E-01
  .667431026E-01  .736566508E-01  .802447308E-01  .865867165E-01  .927382366E-01
  .987365735E-01  .104604475E+00  .110352934E+00  .115983259E+00  .121488680E+00
  .126855701E+00  .132065367E+00  .137094588E+00  .141917607E+00  .146507634E+00
  .150838610E+00  .154886988E+00  .158633384E+00  .162063922E+00  .165171128E+00
  .167954285E+00  .170419225E+00  .172577628E+00  .174445959E+00  .176044190E+00
  .770615819E-01  .709435738E-01  .641703689E-01  .564410497E-01  .472841060E-01
  .406357007E-01  .352758173E-01  .331440246E-01  .318871250E-01  .316189508E-01
  .308999828E-01  .295350504E-01  .278057666E-01  .260388143E-01  .244410009E-01
  .231045499E-01  .221377414E-01  .215911174E-01  .214524689E-01  .217296246E-01
  .223100697E-01  .229344917E-01  .233706029E-01  .234774205E-01  .231742850E-01
  .224060946E-01  .211246561E-01  .192860706E-01  .168771288E-01  .140838426E-01
  .120712273E-01  .120269812E-01  .134826127E-01  .171802670E-01  .224822853E-01
  .300480493E-01  .385164297E-01  .467687041E-01  .546383910E-01  .621493187E-01
  .693584531E-01  .763246668E-01  .830998207E-01  .897260225E-01  .962350309E-01
  .102648443E+00  .108978131E+00  .115226705E+00  .121387944E+00  .127447227E+00
  .133382051E+00  .139162789E+00  .144753856E+00  .150115402E+00  .155205600E+00
  .159983441E+00  .164411789E+00  .168460345E+00  .172108098E+00  .175344903E+00
  .178171974E+00  .180601239E+00  .182653749E+00  .184357431E+00  .185744598E+00
  .758160717E-01  .698340451E-01  .634003013E-01  .562876825E-01  .484575907E-01
  .435098024E-01  .407855883E-01  .392058500E-01  .381114152E-01  .369950448E-01
  .358009156E-01  .344945339E-01  .331071966E-01  .317178025E-01  .304129315E-01
  .292651926E-01  .283275918E-01  .276293856E-01  .271731730E-01  .269324606E-01
  .268474392E-01  .268319155E-01  .267951654E-01  .266623650E-01  .263837125E-01
  .259368541E-01  .253311115E-01  .246207295E-01  .239324886E-01  .235001947E-01
  .236518640E-01  .246931130E-01  .268167923E-01  .301106817E-01  .345515133E-01
  .399966319E-01  .461666638E-01  .527472440E-01  .595127647E-01  .663398536E-01
  .731721259E-01  .799895484E-01  .867898301E-01  .935778757E-01  .100359747E+00
  .107139047E+00  .113914580E+00  .120678670E+00  .127415806E+00  .134101519E+00
  .140701528E+00  .147171364E+00  .153456830E+00  .159495683E+00  .165220850E+00
  .170565154E+00  .175467061E+00  .179876544E+00  .183759995E+00  .187103303E+00
  .189912554E+00  .192212277E+00  .194041670E+00  .195449644E+00  .196489724E+00
  .749941647E-01  .695196986E-01  .641592381E-01  .589004666E-01  .539453892E-01
  .503020836E-01  .478506354E-01  .458567993E-01  .441406664E-01  .425882301E-01
  .411182366E-01  .396903664E-01  .382983522E-01  .369599999E-01  .357055015E-01
  .345669775E-01  .335709951E-01  .327337616E-01  .320583528E-01  .315337799E-01
  .311363440E-01  .308340493E-01  .305936987E-01  .303887337E-01  .302060638E-01
  .300517059E-01  .299561477E-01  .299799312E-01  .302177998E-01  .307963812E-01
  .318593566E-01  .335413569E-01  .359423246E-01  .391115743E-01  .430411847E-01
  .476676320E-01  .528845818E-01  .585679922E-01  .646031557E-01  .709004346E-01
  .773977344E-01  .840556804E-01  .908509213E-01  .977700491E-01  .104804730E+00
  .111947879E+00  .119190528E+00  .126519015E+00  .133912243E+00  .141338812E+00
  .148754050E+00  .156097228E+00  .163289700E+00  .170235238E+00  .176824041E+00
  .182941268E+00  .188479130E+00  .193349845E+00  .197496390E+00  .200898963E+00
  .203576122E+00  .205580258E+00  .206988185E+00  .207889295E+00  .208374501E+00
  .732513785E-01  .680307255E-01  .640802887E-01  .609525310E-01  .581470779E-01
  .556034460E-01  .533488375E-01  .513411942E-01  .495153889E-01  .478177000E-01
  .462109970E-01  .446746434E-01  .432029001E-01  .418016935E-01  .404843369E-01
  .392670936E-01  .381653325E-01  .371906948E-01  .363494523E-01  .356421410E-01
  .350645315E-01  .346098805E-01  .342721785E-01  .340498826E-01  .339495984E-01
  .339893232E-01  .342009413E-01  .346315029E-01  .353424524E-01  .364058075E-01
  .378968789E-01  .398845730E-01  .424216578E-01  .455374449E-01  .492344003E-01
  .534893017E-01  .582588271E-01  .634883209E-01  .691212053E-01  .751063602E-01
  .814021465E-01  .879773546E-01  .948101476E-01  .101886014E+00  .109195364E+00
  .116731036E+00  .124485688E+00  .132448916E+00  .140603780E+00  .148922337E+00
  .157359747E+00  .165846667E+00  .174280420E+00  .182517487E+00  .190373582E+00
  .197639147E+00  .204110259E+00  .209621897E+00  .214071147E+00  .217429464E+00
  .219746179E+00  .221139639E+00  .221772017E+00  .221815768E+00  .221427482E+00
  .687373137E-01  .614300325E-01  .621488360E-01  .623248278E-01  .610962830E-01
  .594945224E-01  .577748837E-01  .560323834E-01  .543044434E-01  .526054788E-01
  .509422811E-01  .493210551E-01  .477502838E-01  .462413210E-01  .448077216E-01
  .434639806E-01  .422241736E-01  .411008485E-01  .401043939E-01  .392430049E-01
  .385232831E-01  .379514143E-01  .375347784E-01  .372837687E-01  .372135602E-01
  .373455589E-01  .377082585E-01  .383372244E-01  .392739405E-01  .405633749E-01
  .422503876E-01  .443754769E-01  .469706525E-01  .500562860E-01  .536395919E-01
  .577150432E-01  .622666044E-01  .672712496E-01  .727029511E-01  .785363004E-01
  .847491974E-01  .913244214E-01  .982502086E-01  .105520090E+00  .113132236E+00
  .121088436E+00  .129392744E+00  .138049600E+00  .147061071E+00  .156422497E+00
  .166115227E+00  .176094156E+00  .186265949E+00  .196452179E+00  .206341873E+00
  .215495547E+00  .223474238E+00  .229960883E+00  .234773177E+00  .237857736E+00
  .239316947E+00  .239438898E+00  .238621968E+00  .237221469E+00  .235490822E+00
  .746397362E-01  .699306666E-01  .672637362E-01  .658696936E-01  .647383063E-01
  .634813911E-01  .620516184E-01  .604859549E-01  .588294657E-01  .571201438E-01
  .553884897E-01  .536597742E-01  .519560950E-01  .502976888E-01  .487035681E-01
  .471916962E-01  .457789278E-01  .444809124E-01  .433121072E-01  .422859925E-01
  .414155276E-01  .407138264E-01  .401949875E-01  .398749689E-01  .397723754E-01
  .399090132E-01  .403100743E-01  .410038371E-01  .420208187E-01  .433923883E-01
  .451489588E-01  .473179925E-01  .499221395E-01  .529778403E-01  .564946539E-01
  .604754386E-01  .649173486E-01  .698134552E-01  .751547029E-01  .809318919E-01
  .871374451E-01  .937668261E-01  .100819590E+00  .108300124E+00  .116218185E+00
  .124589311E+00  .133435195E+00  .142784000E+00  .152670530E+00  .163135918E+00
  .174226096E+00  .185987247E+00  .198454457E+00  .211625722E+00  .225343419E+00
  .238103633E+00  .248606233E+00  .256613245E+00  .261943284E+00  .264422586E+00
  .263874616E+00  .260906304E+00  .257333798E+00  .253619630E+00  .249978473E+00
  .742315668E-01  .676954151E-01  .686914360E-01  .695620969E-01  .690398110E-01
  .680063263E-01  .666618139E-01  .650977938E-01  .633783412E-01  .615552241E-01
  .596715486E-01  .577635973E-01  .558623616E-01  .539948414E-01  .521850538E-01
  .504547632E-01  .488239984E-01  .473114423E-01  .459347751E-01  .447110281E-01
  .436569803E-01  .427895965E-01  .421264814E-01  .416862980E-01  .414890877E-01
  .415564194E-01  .419113074E-01  .425778758E-01  .435807956E-01  .449445230E-01
  .466923729E-01  .488455564E-01  .514223194E-01  .544373216E-01  .579013689E-01
  .618215576E-01  .662018258E-01  .710438482E-01  .763481690E-01  .821154587E-01
  .883477987E-01  .950499366E-01  .102230508E+00  .109903271E+00  .118088446E+00
  .126814307E+00  .136119215E+00  .146054390E+00  .156687848E+00  .168110223E+00
  .180443733E+00  .193856643E+00  .208586986E+00  .224970114E+00  .243258875E+00
  .261301663E+00  .273988776E+00  .284623569E+00  .290634843E+00  .292649494E+00
  .291215604E+00  .283838942E+00  .276210436E+00  .269481616E+00  .263588682E+00
  .832569582E-01  .789981968E-01  .767528510E-01  .756670204E-01  .746831778E-01
  .734312946E-01  .718824390E-01  .700909973E-01  .681213541E-01  .660313757E-01
  .638700042E-01  .616782272E-01  .594906884E-01  .573372058E-01  .552440185E-01
  .532347527E-01  .513311574E-01  .495536702E-01  .479218694E-01  .464548576E-01
  .451716003E-01  .440912312E-01  .432333143E-01  .426180424E-01  .422663398E-01
  .421998316E-01  .424405689E-01  .430105696E-01  .439314303E-01  .452240637E-01
  .469081652E-01  .490017656E-01  .515208491E-01  .544790958E-01  .578878177E-01
  .617561140E-01  .660912529E-01  .708992625E-01  .761856959E-01  .819565320E-01
  .882191824E-01  .949835931E-01  .102263461E+00  .110077619E+00  .118451703E+00
  .127420246E+00  .137029467E+00  .147341138E+00  .158438119E+00  .170432574E+00
  .183478502E+00  .197791539E+00  .213681328E+00  .231603318E+00  .252148515E+00
  .273989144E+00  .289532170E+00  .301970384E+00  .309766812E+00  .311984793E+00
  .311247635E+00  .302414475E+00  .291557880E+00  .282153766E+00  .274358551E+00
  .878116276E-01  .825417777E-01  .822900594E-01  .825153072E-01  .814823407E-01
  .798291802E-01  .778004704E-01  .755264138E-01  .730925903E-01  .705611480E-01
  .679799184E-01  .653873657E-01  .628156171E-01  .602924434E-01  .578426108E-01
  .554888347E-01  .532524695E-01  .511540234E-01  .492135523E-01  .474509704E-01
  .458863000E-01  .445398700E-01  .434324631E-01  .425854069E-01  .420205991E-01
  .417606753E-01  .418283368E-01  .422448527E-01  .430296734E-01  .442020565E-01
  .457796451E-01  .477786108E-01  .502135206E-01  .530972025E-01  .564408003E-01
  .602539264E-01  .645449611E-01  .693214840E-01  .745908310E-01  .803607656E-01
  .866402573E-01  .934403726E-01  .100775296E+00  .108663530E+00  .117129335E+00
  .126204533E+00  .135930815E+00  .146362792E+00  .157572072E+00  .169652758E+00
  .182728766E+00  .196963119E+00  .212568470E+00  .229817873E+00  .249075726E+00
  .270886127E+00  .291000237E+00  .302301841E+00  .313701364E+00  .315870875E+00
  .316607288E+00  .311329125E+00  .299398601E+00  .288784664E+00  .280262497E+00
  .100599494E+00  .969987330E-01  .945174487E-01  .924056502E-01  .899900300E-01
  .872595332E-01  .843276915E-01  .812781328E-01  .781657588E-01  .750293773E-01
  .718991765E-01  .688005234E-01  .657559465E-01  .627862606E-01  .599112674E-01
  .571502299E-01  .545222144E-01  .520463483E-01  .497420205E-01  .476290393E-01
  .457277532E-01  .440591400E-01  .426448597E-01  .415072705E-01  .406708914E-01
  .401604915E-01  .399995975E-01  .402101663E-01  .408122674E-01  .418238156E-01
  .432598366E-01  .451350586E-01  .474630396E-01  .502554880E-01  .535227577E-01
  .572738378E-01  .615166307E-01  .662582586E-01  .715054664E-01  .772650967E-01
  .835446368E-01  .903528351E-01  .977003899E-01  .105600720E+00  .114070828E+00
  .123132279E+00  .132812296E+00  .143144974E+00  .154172541E+00  .165946532E+00
  .178528531E+00  .191989962E+00  .206410303E+00  .221874218E+00  .238477724E+00
  .256450948E+00  .277081661E+00  .289522694E+00  .297633525E+00  .306902128E+00
  .304091626E+00  .307007929E+00  .296535690E+00  .286915622E+00  .279968023E+00
  .115042204E+00  .112620922E+00  .108546399E+00  .103846285E+00  .993320367E-01
  .950593094E-01  .909483243E-01  .869470855E-01  .830317574E-01  .791945247E-01
  .754363046E-01  .717630726E-01  .681840139E-01  .647105572E-01  .613558496E-01
  .581344661E-01  .550622481E-01  .521562161E-01  .494345248E-01  .469164390E-01
  .446223182E-01  .425735977E-01  .407927593E-01  .393066787E-01  .381425681E-01
  .373267013E-01  .368840401E-01  .368378618E-01  .372094031E-01  .380175312E-01
  .392784481E-01  .410055703E-01  .432088592E-01  .458970743E-01  .490797546E-01
  .527642215E-01  .569567681E-01  .616626085E-01  .668862117E-01  .726315906E-01
  .789026290E-01  .857034162E-01  .930385714E-01  .100913537E+00  .109334802E+00
  .118310003E+00  .127847808E+00  .137957433E+00  .148647539E+00  .159924092E+00
  .171786475E+00  .184220703E+00  .197187566E+00  .210601174E+00  .224285560E+00
  .237873414E+00  .250615720E+00  .261494800E+00  .270055528E+00  .276163224E+00
  .279708750E+00  .280909380E+00  .279936232E+00  .277581338E+00  .274808819E+00
  .128428626E+00  .127517339E+00  .120638657E+00  .113412853E+00  .107397084E+00
  .101945912E+00  .968371408E-01  .919687322E-01  .872850184E-01  .827542972E-01
  .783593641E-01  .740925409E-01  .699527736E-01  .659438479E-01  .620732561E-01
  .583514597E-01  .547914029E-01  .514081849E-01  .482188365E-01  .452421623E-01
  .424986231E-01  .400102402E-01  .378060822E-01  .359159080E-01  .343690173E-01
  .331938079E-01  .324173295E-01  .320648459E-01  .321594174E-01  .327215177E-01
  .337686993E-01  .353153268E-01  .373723644E-01  .399473681E-01  .430440921E-01
  .466638979E-01  .508116054E-01  .554892962E-01  .606981184E-01  .664380822E-01
  .727082872E-01  .795070193E-01  .868317904E-01  .946792650E-01  .103045018E+00
  .111923043E+00  .121304905E+00  .131178352E+00  .141525170E+00  .152317910E+00
  .163514994E+00  .175053487E+00  .186838619E+00  .198729124E+00  .210518966E+00
  .221922585E+00  .232585904E+00  .242148440E+00  .250327554E+00  .256955961E+00
  .261983177E+00  .265475195E+00  .267612127E+00  .268674668E+00  .268977508E+00
  .131962927E+00  .130010718E+00  .125479623E+00  .119488793E+00  .113262660E+00
  .107231635E+00  .101461293E+00  .959297401E-01  .906039125E-01  .854564820E-01
  .804684275E-01  .756283443E-01  .709312013E-01  .663772006E-01  .619708683E-01
  .577203674E-01  .536369896E-01  .497347846E-01  .460302897E-01  .425423298E-01
  .392918649E-01  .363095310E-01  .336275624E-01  .312783857E-01  .292941045E-01
  .277059747E-01  .265438764E-01  .258357944E-01  .256073212E-01  .258811951E-01
  .266768903E-01  .280102731E-01  .298933360E-01  .323340276E-01  .353361607E-01
  .388995022E-01  .430197090E-01  .476892512E-01  .529066373E-01  .586670203E-01
  .649643261E-01  .717908385E-01  .791371481E-01  .869918883E-01  .953412840E-01
  .104168444E+00  .113452313E+00  .123166184E+00  .133275644E+00  .143735839E+00
  .154487921E+00  .165454696E+00  .176535697E+00  .187602561E+00  .198496658E+00
  .209032268E+00  .219008780E+00  .228231937E+00  .236538011E+00  .243812642E+00
  .250000866E+00  .255109146E+00  .259199983E+00  .262378111E+00  .264768950E+00
  .141777470E+00  .141329319E+00  .132741889E+00  .124469545E+00  .117492488E+00
  .110961208E+00  .104708301E+00  .986769659E-01  .928358105E-01  .871630842E-01
  .816436286E-01  .762680063E-01  .710319018E-01  .659355535E-01  .609832359E-01
  .561828229E-01  .515454362E-01  .470851749E-01  .428189099E-01  .387661292E-01
  .349581118E-01  .314294129E-01  .282155579E-01  .253524782E-01  .228759220E-01
  .208208472E-01  .192208047E-01  .181073271E-01  .175093354E-01  .174525821E-01
  .179591465E-01  .190469995E-01  .207296524E-01  .230159037E-01  .259096910E-01
  .294100577E-01  .335112187E-01  .382027668E-01  .434698252E-01  .492950471E-01
  .556685894E-01  .625768288E-01  .700042657E-01  .779329626E-01  .863421191E-01
  .952074253E-01  .104500160E+00  .114186010E+00  .124223597E+00  .134562711E+00
  .145142334E+00  .155888631E+00  .166713294E+00  .177512805E+00  .188169468E+00
  .198554999E+00  .208537048E+00  .217988045E+00  .226794702E+00  .234866157E+00
  .242139257E+00  .248580301E+00  .254183231E+00  .258964753E+00  .262957522E+00
  .139598677E+00  .137603167E+00  .132932357E+00  .126621226E+00  .119874042E+00
  .113170224E+00  .106615799E+00  .100218118E+00  .939657427E-01  .878467294E-01
  .818524130E-01  .759779986E-01  .702224745E-01  .645884007E-01  .590816964E-01
  .537114581E-01  .484898153E-01  .434318239E-01  .385553904E-01  .338913277E-01
  .294763203E-01  .253488590E-01  .215486719E-01  .181161080E-01  .150914800E-01
  .125143735E-01  .104229365E-01  .885316434E-02  .783819724E-02  .740765170E-02
  .758700489E-02  .839705295E-02  .985346157E-02  .119664253E-01  .147404473E-01
  .181742479E-01  .222608023E-01  .269875061E-01  .323364506E-01  .382848238E-01
  .448049549E-01  .518704481E-01  .594616178E-01  .675553451E-01  .761259592E-01
  .851447603E-01  .945793451E-01  .104392823E+00  .114542910E+00  .124980934E+00
  .135650849E+00  .146488389E+00  .157420579E+00  .168365840E+00  .179234940E+00
  .189932938E+00  .200362066E+00  .210425220E+00  .220029523E+00  .229089371E+00
  .237528552E+00  .245281375E+00  .252293043E+00  .258519768E+00  .263929177E+00
  .146566163E+00  .145920701E+00  .136859691E+00  .128336153E+00  .121068349E+00
  .114131558E+00  .107347359E+00  .100667391E+00  .940755404E-01  .875656693E-01
  .811359614E-01  .747874458E-01  .685236511E-01  .623505711E-01  .562767106E-01
  .503131520E-01  .444736290E-01  .387746127E-01  .332451717E-01  .279238656E-01
  .228518832E-01  .180725281E-01  .136306282E-01  .957187319E-02  .594208912E-02
  .278646065E-02  .148717302E-03 -.192969773E-02 -.341045426E-02 -.425913308E-02
 -.444596998E-02 -.394652049E-02 -.274222164E-02 -.820829511E-03  .182328409E-02
  .518898755E-02  .926840315E-02  .140470771E-01  .195042973E-01  .256135438E-01
  .323430460E-01  .396565321E-01  .475126026E-01  .558797390E-01  .647290170E-01
  .740296507E-01  .837482388E-01  .938484370E-01  .104290499E+00  .115030761E+00
  .126021154E+00  .137208789E+00  .148535722E+00  .159938927E+00  .171350517E+00
  .182698160E+00  .193905568E+00  .204892853E+00  .215576532E+00  .225869075E+00
  .235678121E+00  .244905877E+00  .253449659E+00  .261204764E+00  .268070529E+00
  .140688548E+00  .138320826E+00  .133656635E+00  .127517815E+00  .120837662E+00
  .113995359E+00  .107105236E+00  .100205726E+00  .933137098E-01  .864392883E-01
  .795904002E-01  .727746574E-01  .660002887E-01  .592767305E-01  .526150458E-01
  .460282465E-01  .395315626E-01  .331507774E-01  .269258978E-01  .209003243E-01
  .151204508E-01  .963515614E-02  .449519102E-02 -.247532927E-03 -.454074189E-02
 -.833267324E-02 -.115730048E-01 -.142138174E-01 -.162105650E-01 -.175230215E-01
 -.181161740E-01 -.179610312E-01 -.170353151E-01 -.153240099E-01 -.128197440E-01
 -.952298917E-02 -.544206740E-02 -.592962530E-03  .500105529E-02  .113099786E-01
  .182977631E-01  .259231538E-01  .341405773E-01  .429014321E-01  .521543257E-01
  .618690425E-01  .720123155E-01  .825499526E-01  .934465364E-01  .104665144E+00
  .116167086E+00  .127911664E+00  .139855946E+00  .151954501E+00  .164159028E+00
  .176417716E+00  .188674125E+00  .200865308E+00  .212918870E+00  .224748746E+00
  .236249757E+00  .247291737E+00  .257715318E+00  .267333344E+00  .275942711E+00
  .141025386E+00  .138623427E+00  .133510441E+00  .127048767E+00  .120251890E+00
  .113294003E+00  .106225233E+00  .990768781E-01  .918706634E-01  .846225527E-01
  .773453735E-01  .700505349E-01  .627491546E-01  .554528386E-01  .481742548E-01
  .409275664E-01  .337331336E-01  .266316024E-01  .196677558E-01  .128902397E-01
  .635117255E-02  .105630150E-03 -.578899697E-02 -.112737698E-01 -.162890819E-01
 -.207756401E-01 -.246755247E-01 -.279333021E-01 -.304971589E-01 -.323200225E-01
 -.333606282E-01 -.335844952E-01 -.329647719E-01 -.314829151E-01 -.291291734E-01
 -.259028508E-01 -.218123364E-01 -.168748939E-01 -.111162175E-01 -.456976670E-02
  .272409423E-02  .107191223E-01  .193643473E-01  .286053125E-01  .383852660E-01
  .486464119E-01  .593480800E-01  .704593366E-01  .819501166E-01  .937911681E-01
  .105954007E+00  .118410869E+00  .131134610E+00  .144098493E+00  .157275714E+00
  .170638479E+00  .184156291E+00  .197792993E+00  .211501879E+00  .225217900E+00
  .238845708E+00  .252242140E+00  .265192918E+00  .277389882E+00  .288433916E+00
  .141798065E+00  .139476816E+00  .133664752E+00  .126619164E+00  .119504273E+00
  .112284866E+00  .104943066E+00  .974854650E-01  .899242605E-01  .822720258E-01
  .745407041E-01  .667417599E-01  .588866248E-01  .509871985E-01  .430563623E-01
  .351085367E-01  .271813677E-01  .193199658E-01  .115740657E-01  .399782043E-02
 -.335055805E-02 -.104093135E-01 -.171138181E-01 -.233973993E-01 -.291923118E-01
 -.344308383E-01 -.390464973E-01 -.429753260E-01 -.461572037E-01 -.485371715E-01
 -.500667022E-01 -.507048735E-01 -.504193936E-01 -.491874375E-01 -.469962514E-01
 -.438434975E-01 -.397373155E-01 -.346960931E-01 -.287479475E-01 -.219299334E-01
 -.142870020E-01 -.587074611E-02  .326202753E-02  .130508572E-01  .234332718E-01
  .343465138E-01  .457293381E-01  .575322226E-01  .697307507E-01  .823035711E-01
  .952326213E-01  .108503391E+00  .122105205E+00  .136031470E+00  .150279796E+00
  .164851834E+00  .179752535E+00  .194988383E+00  .210563797E+00  .226474257E+00
  .242693516E+00  .259149707E+00  .275679008E+00  .291919407E+00  .307035507E+00
  .140621507E+00  .137785428E+00  .132482467E+00  .125739056E+00  .118499649E+00
  .111026176E+00  .103376801E+00  .955701724E-01  .876174431E-01  .795284283E-01
  .713127355E-01  .629800217E-01  .545401911E-01  .460036486E-01  .373815893E-01
  .287016572E-01  .200079143E-01  .113496695E-01  .278150784E-02 -.563686236E-02
 -.138409454E-01 -.217619778E-01 -.293276368E-01 -.364629333E-01 -.430912851E-01
 -.491357501E-01 -.545203992E-01 -.591717906E-01 -.630205076E-01 -.660027062E-01
 -.680616195E-01 -.691489590E-01 -.692261542E-01 -.682653734E-01 -.662502779E-01
 -.631764675E-01 -.590515901E-01 -.538951015E-01 -.477376755E-01 -.406202806E-01
 -.325929506E-01 -.237132903E-01 -.140447620E-01 -.365480430E-02  .738716779E-02
  .190118369E-01  .311520914E-01  .437451226E-01  .567378204E-01  .701161167E-01
  .838715931E-01  .980021232E-01  .112512690E+00  .127416401E+00  .142735724E+00
  .158503953E+00  .174766895E+00  .191584752E+00  .209034106E+00  .227209793E+00
  .246226182E+00  .266216161E+00  .287319714E+00  .309626583E+00  .332188678E+00
  .142227303E+00  .139814342E+00  .132975587E+00  .125138322E+00  .117444242E+00
  .109629491E+00  .101633477E+00  .934474922E-01  .850746791E-01  .765210984E-01
  .677936189E-01  .588994114E-01  .498459144E-01  .406409977E-01  .312985881E-01
  .218593442E-01  .123700601E-01  .288371401E-02 -.654055267E-02 -.158375946E-01
 -.249365986E-01 -.337616197E-01 -.422323295E-01 -.502649839E-01 -.577736029E-01
 -.646713494E-01 -.708720815E-01 -.762920396E-01 -.808516224E-01 -.844771916E-01
 -.871028425E-01 -.886720673E-01 -.891392415E-01 -.884708638E-01 -.866464878E-01
 -.836592946E-01 -.795162705E-01 -.742379693E-01 -.678578596E-01 -.604212722E-01
 -.519839822E-01 -.426104727E-01 -.323719357E-01 -.213440749E-01 -.960476894E-02
  .276834361E-02  .157003124E-01  .291213184E-01  .429690973E-01  .571931970E-01
  .717928794E-01  .867758333E-01  .102159447E+00  .117972526E+00  .134257593E+00
  .151074000E+00  .168502134E+00  .186649212E+00  .205657427E+00  .225715743E+00
  .247077963E+00  .270093578E+00  .295276590E+00  .323590719E+00  .359441804E+00
  .139916109E+00  .136654135E+00  .131069412E+00  .123973715E+00  .116230811E+00
  .108150877E+00  .998101264E-01  .912287299E-01  .824151360E-01  .733752164E-01
  .641139901E-01  .546360008E-01  .449455432E-01  .350469370E-01  .249680897E-01
  .147518475E-01  .444769451E-02 -.588794767E-02 -.161916155E-01 -.263928954E-01
 -.364147289E-01 -.461739498E-01 -.555820683E-01 -.645463096E-01 -.729709052E-01
 -.807586241E-01 -.878125162E-01 -.940378299E-01 -.993440471E-01 -.103646973E+00
 -.106870800E+00 -.108950069E+00 -.109831433E+00 -.109475151E+00 -.107856226E+00
 -.104965135E+00 -.100808091E+00 -.954068325E-01 -.887979133E-01 -.810315299E-01
 -.721699179E-01 -.622853751E-01 -.514579815E-01 -.397730910E-01 -.273186727E-01
 -.141825730E-01 -.449757045E-03  .138004254E-01  .284969319E-01  .435796849E-01
  .590068909E-01  .747920583E-01  .909595092E-01  .107546326E+00  .124605051E+00
  .142207445E+00  .160449715E+00  .179459888E+00  .199408229E+00  .220521993E+00
  .243105940E+00  .267569250E+00  .294456627E+00  .324498672E+00  .358920608E+00
  .142807469E+00  .140254554E+00  .132097552E+00  .123494703E+00  .115216939E+00
  .106758045E+00  .980331093E-01  .890318360E-01  .797573656E-01  .702136512E-01
  .604032450E-01  .503272942E-01  .399859328E-01  .293863229E-01  .185651246E-01
  .756620381E-02 -.355898212E-02 -.147510835E-01 -.259427110E-01 -.370584841E-01
 -.480153094E-01 -.587229165E-01 -.690846726E-01 -.789986904E-01 -.883592307E-01
 -.970583876E-01 -.104988033E+00 -.112041973E+00 -.118118263E+00 -.123121599E+00
 -.126965705E+00 -.129575614E+00 -.130889744E+00 -.130861673E+00 -.129461515E+00
 -.126676825E+00 -.122512983E+00 -.116993011E+00 -.110156827E+00 -.102059964E+00
 -.927717785E-01 -.823732459E-01 -.709543991E-01 -.586115228E-01 -.454441885E-01
 -.315522216E-01 -.170326787E-01 -.197689155E-02  .135323878E-01  .294237339E-01
  .456397169E-01  .621513115E-01  .789835937E-01  .961732560E-01  .113770754E+00
  .131843295E+00  .150479003E+00  .169792753E+00  .189934428E+00  .211100810E+00
  .233553135E+00  .257643289E+00  .283846684E+00  .312711257E+00  .343660133E+00
  .139440556E+00  .135748139E+00  .129937843E+00  .122547445E+00  .114288683E+00
  .105531325E+00  .964082034E-01  .869628903E-01  .772092479E-01  .671504280E-01
  .567849392E-01  .461087712E-01  .351161835E-01  .238247857E-01  .122714347E-01
  .500731506E-03 -.114343303E-01 -.234719272E-01 -.355411718E-01 -.475621022E-01
 -.594459243E-01 -.710955388E-01 -.824063811E-01 -.932675915E-01 -.103563524E+00
 -.113175587E+00 -.121984384E+00 -.129872122E+00 -.136725206E+00 -.142436955E+00
 -.146910322E+00 -.150060517E+00 -.151817423E+00 -.152127665E+00 -.150956254E+00
 -.148287694E+00 -.144126491E+00 -.138497028E+00 -.131442796E+00 -.123025002E+00
 -.113320614E+00 -.102419919E+00 -.904237014E-01 -.774401440E-01 -.635815766E-01
 -.489611763E-01 -.336897200E-01 -.178724693E-01 -.160624127E-02  .150233026E-01
  .319441500E-01  .491002371E-01  .664761525E-01  .841013496E-01  .102014575E+00
  .120265007E+00  .138913795E+00  .158035979E+00  .177722781E+00  .198084368E+00
  .219253541E+00  .241392335E+00  .264709808E+00  .289511591E+00  .315937095E+00
  .143021494E+00  .140023936E+00  .132337082E+00  .123165195E+00  .113995655E+00
  .104643459E+00  .950199125E-01  .850941264E-01  .748512511E-01  .642801314E-01
  .533699534E-01  .421093944E-01  .304868750E-01  .185293491E-01  .627230881E-02
 -.623978377E-02 -.189530121E-01 -.318035954E-01 -.447176296E-01 -.576110375E-01
 -.703897791E-01 -.829503665E-01 -.951807207E-01 -.106961397E+00 -.118167191E+00
 -.128669126E+00 -.138336789E+00 -.147040978E+00 -.154656589E+00 -.161065641E+00
 -.166160348E+00 -.169846096E+00 -.172044189E+00 -.172694250E+00 -.171756131E+00
 -.169211237E+00 -.165063186E+00 -.159337742E+00 -.152082040E+00 -.143363094E+00
 -.133265681E+00 -.121889684E+00 -.109347005E+00 -.957581967E-01 -.812489318E-01
 -.659464600E-01 -.499761628E-01 -.334583127E-01 -.165051147E-01  .781914822E-03
  .183142013E-01  .360179832E-01  .538357934E-01  .717635556E-01  .898246788E-01
  .108045268E+00  .126453195E+00  .145076106E+00  .163937684E+00  .183050692E+00
  .202403801E+00  .221935470E+00  .241479090E+00  .260648295E+00  .278663504E+00
  .142672261E+00  .139186586E+00  .132076087E+00  .123102177E+00  .113625147E+00
  .103856178E+00  .937971679E-01  .834275663E-01  .727264034E-01  .616742543E-01
  .502524210E-01  .384419944E-01  .262360286E-01  .136604262E-01  .749982337E-03
 -.124508918E-01 -.258875408E-01 -.394945601E-01 -.531954587E-01 -.669025463E-01
 -.805170952E-01 -.939298311E-01 -.107021795E+00 -.119665610E+00 -.131727175E+00
 -.143067780E+00 -.153546629E+00 -.163023710E+00 -.171362958E+00 -.178435593E+00
 -.184123520E+00 -.188322652E+00 -.190946002E+00 -.191926394E+00 -.191218654E+00
 -.188801149E+00 -.184676603E+00 -.178872107E+00 -.171438328E+00 -.162447947E+00
 -.151993385E+00 -.140183940E+00 -.127142458E+00 -.113001695E+00 -.979005338E-01
 -.819802036E-01 -.653806512E-01 -.482371821E-01 -.306774737E-01 -.128190310E-01
  .523286815E-02  .233867180E-01  .415658284E-01  .597089291E-01  .778216268E-01
  .959098009E-01  .113974164E+00  .132006435E+00  .149983726E+00  .167860126E+00
  .185554160E+00  .202930847E+00  .219778941E+00  .235790987E+00  .250567813E+00
  .143481538E+00  .140019204E+00  .132475112E+00  .123057587E+00  .113237341E+00
  .103130805E+00  .927177446E-01  .819737461E-01  .708753702E-01  .593997180E-01
  .475237215E-01  .352234436E-01  .224979923E-01  .937197911E-02 -.412051688E-02
 -.179352039E-01 -.320168782E-01 -.462988339E-01 -.607024434E-01 -.751369705E-01
 -.894996752E-01 -.103676269E+00 -.117541773E+00 -.130961809E+00 -.143794366E+00
 -.155892031E+00 -.167104663E+00 -.177282481E+00 -.186279466E+00 -.193956987E+00
 -.200187511E+00 -.204858246E+00 -.207874555E+00 -.209162961E+00 -.208673607E+00
 -.206382007E+00 -.202290004E+00 -.196425863E+00 -.188843483E+00 -.179620757E+00
 -.168857170E+00 -.156670741E+00 -.143194471E+00 -.128572462E+00 -.112955889E+00
 -.964989999E-01 -.793553050E-01 -.616740961E-01 -.435974114E-01 -.252575345E-01
 -.677509473E-02  .117421740E-01  .301999461E-01  .485169594E-01  .666476149E-01
  .845869011E-01  .102320837E+00  .119823413E+00  .137052551E+00  .153945011E+00
  .170410472E+00  .186325651E+00  .201530624E+00  .215831036E+00  .229010475E+00
  .143962999E+00  .140499943E+00  .132636517E+00  .122913634E+00  .112855857E+00
  .102503033E+00  .918188035E-01  .807769504E-01  .693541244E-01  .575268157E-01
  .452702179E-01  .325575739E-01  .193942003E-01  .580406436E-02 -.817918417E-02
 -.225113327E-01 -.371367864E-01 -.519878707E-01 -.669843158E-01 -.820329899E-01
 -.970279412E-01 -.111850813E+00 -.126371685E+00 -.140450385E+00 -.153938308E+00
 -.166680729E+00 -.178519625E+00 -.189296922E+00 -.198858118E+00 -.207056149E+00
 -.213755369E+00 -.218835473E+00 -.222195188E+00 -.223755550E+00 -.223462591E+00
 -.221289281E+00 -.217236626E+00 -.211333830E+00 -.203637513E+00 -.194230018E+00
 -.183216892E+00 -.170723662E+00 -.156892091E+00 -.141876080E+00 -.125837419E+00
 -.108941590E+00 -.913537791E-01 -.732352592E-01 -.547402710E-01 -.360134808E-01
 -.171880820E-01  .161543334E-02  .202898378E-01  .387411189E-01  .568879775E-01
  .747074191E-01  .921809350E-01  .109278421E+00  .125956106E+00  .142154517E+00
  .157796868E+00  .172788539E+00  .187018597E+00  .200364435E+00  .212700121E+00
  .143229318E+00  .139411420E+00  .132023102E+00  .122627616E+00  .112542973E+00
  .102046257E+00  .911687982E-01  .799017372E-01  .682276146E-01  .561252197E-01
  .435700459E-01  .305341322E-01  .170281744E-01  .307587789E-02 -.112894032E-01
 -.260236006E-01 -.410709681E-01 -.563632675E-01 -.718191608E-01 -.873438670E-01
 -.102829148E+00 -.118153684E+00 -.133183900E+00 -.147775285E+00 -.161774243E+00
 -.175020482E+00 -.187349927E+00 -.198598109E+00 -.208603942E+00 -.217213790E+00
 -.224285648E+00 -.229693295E+00 -.233330204E+00 -.235113032E+00 -.234984495E+00
 -.232915468E+00 -.228906194E+00 -.222986508E+00 -.215215065E+00 -.205677610E+00
 -.194484367E+00 -.181766689E+00 -.167673161E+00 -.152365321E+00 -.136013247E+00
 -.118791176E+00 -.100873372E+00 -.824303823E-01 -.636258130E-01 -.446137216E-01
 -.255366727E-01 -.652448585E-02  .123063242E-01  .308524217E-01  .490228164E-01
  .667633126E-01  .840576557E-01  .100878748E+00  .117188280E+00  .132936569E+00
  .148062921E+00  .162496881E+00  .176160696E+00  .188973222E+00  .200855270E+00
  .145077226E+00  .141790334E+00  .133124378E+00  .122851893E+00  .112520177E+00
  .101879707E+00  .908519534E-01  .794149975E-01  .675542632E-01  .552514852E-01
  .424830978E-01  .292204556E-01  .154775340E-01  .127752927E-02 -.133467706E-01
 -.283517599E-01 -.436819408E-01 -.592690279E-01 -.750312777E-01 -.908730966E-01
 -.106684989E+00 -.122343908E+00 -.137714071E+00 -.152648279E+00 -.166989796E+00
 -.180574777E+00 -.193235247E+00 -.204802572E+00 -.215111349E+00 -.224003594E+00
 -.231333067E+00 -.236969572E+00 -.240803018E+00 -.242747054E+00 -.242742073E+00
 -.240757426E+00 -.236792703E+00 -.230878012E+00 -.223073221E+00 -.213466199E+00
 -.202170157E+00 -.189320214E+00 -.175069395E+00 -.159584243E+00 -.143040278E+00
 -.125617501E+00 -.107496148E+00 -.888528491E-01 -.698573209E-01 -.506696815E-01
 -.314384381E-01 -.122991561E-01  .662621634E-02  .252294315E-01  .434155427E-01
  .611071036E-01  .782906237E-01  .949431226E-01  .111032253E+00  .126516853E+00
  .141348004E+00  .155470738E+00  .168826448E+00  .181356037E+00  .193003658E+00
  .142823795E+00  .138656077E+00  .131761837E+00  .122824851E+00  .112769629E+00
  .102082334E+00  .909302623E-01  .793568087E-01  .673625249E-01  .549310758E-01
  .420374209E-01  .286510104E-01  .147853062E-01  .462115773E-03 -.142869679E-01
 -.294193194E-01 -.448801988E-01 -.606018529E-01 -.765028403E-01 -.924876346E-01
 -.108446567E+00 -.124256172E+00 -.139780004E+00 -.154869960E+00 -.169368168E+00
 -.183109431E+00 -.195924231E+00 -.207642241E+00 -.218096254E+00 -.227126425E+00
 -.234584658E+00 -.240338968E+00 -.244277615E+00 -.246312800E+00 -.246383733E+00
 -.244458903E+00 -.240537398E+00 -.234649219E+00 -.226854530E+00 -.217241904E+00
 -.205925641E+00 -.193042316E+00 -.178746729E+00 -.163207471E+00 -.146602333E+00
 -.129113758E+00 -.110924538E+00 -.922139273E-01 -.731542867E-01 -.539083565E-01
 -.346272029E-01 -.154488454E-01  .350246013E-02  .221163390E-01  .402958947E-01
  .579568798E-01  .750818221E-01  .916512111E-01  .107636558E+00  .123001327E+00
  .137702250E+00  .151691123E+00  .164917134E+00  .177329677E+00  .188881532E+00
  .149458018E+00  .146968029E+00  .136493478E+00  .124849588E+00  .113837727E+00
  .102748576E+00  .913894652E-01  .796928661E-01  .676206982E-01  .551404488E-01
  .422188800E-01  .288202213E-01  .149544169E-01  .640894202E-03 -.140905502E-01
 -.291987210E-01 -.446300750E-01 -.603179089E-01 -.761817434E-01 -.921269666E-01
 -.108044805E+00 -.123812690E+00 -.139295077E+00 -.154344779E+00 -.168804847E+00
 -.182511007E+00 -.195294648E+00 -.206986319E+00 -.217419634E+00 -.226435490E+00
 -.233886432E+00 -.239640993E+00 -.243587801E+00 -.245639266E+00 -.245734631E+00
 -.243842239E+00 -.239960858E+00 -.234119994E+00 -.226379169E+00 -.216826180E+00
 -.205574444E+00 -.192759576E+00 -.178535360E+00 -.163069354E+00 -.146538311E+00
 -.129123656E+00 -.111007199E+00 -.923672556E-01 -.733752915E-01 -.541931987E-01
 -.349712365E-01 -.158466569E-01  .305700641E-02  .216300308E-01  .397760314E-01
  .574109594E-01  .745165102E-01  .910739940E-01  .107055282E+00  .122423634E+00
  .137134898E+00  .151139228E+00  .164383422E+00  .176813873E+00  .188380037E+00
  .146643358E+00  .142975108E+00  .135320424E+00  .125312421E+00  .114523137E+00
  .103395345E+00  .919870556E-01  .802768025E-01  .682290659E-01  .558064271E-01
  .429709224E-01  .296834708E-01  .159486839E-01  .178382917E-02 -.127830001E-01
 -.277120588E-01 -.429511566E-01 -.584349631E-01 -.740844808E-01 -.898067563E-01
 -.105494899E+00 -.121028480E+00 -.136274366E+00 -.151088053E+00 -.165315526E+00
 -.178795660E+00 -.191363156E+00 -.202851964E+00 -.213099101E+00 -.221948771E+00
 -.229256626E+00 -.234893987E+00 -.238751852E+00 -.240744480E+00 -.240812358E+00
 -.238924405E+00 -.235079258E+00 -.229305576E+00 -.221661328E+00 -.212232097E+00
 -.201128494E+00 -.188482808E+00 -.174445086E+00 -.159178820E+00 -.142856483E+00
 -.125655088E+00 -.107751982E+00 -.893210275E-01 -.705293042E-01 -.515344123E-01
 -.324824401E-01 -.135066065E-01  .527343851E-02  .237517076E-01  .418354640E-01
  .594444794E-01  .765670281E-01  .931826502E-01  .109260453E+00  .124759105E+00
  .139627346E+00  .153805260E+00  .167226574E+00  .179822157E+00  .191524677E+00
  .149241530E+00  .146447160E+00  .137220383E+00  .126056675E+00  .115021274E+00
  .103893192E+00  .925618393E-01  .809705466E-01  .690756262E-01  .568367998E-01
  .442147257E-01  .311699075E-01  .177016117E-01  .382600385E-02 -.104298243E-01
 -.250271699E-01 -.399150491E-01 -.550296091E-01 -.702936888E-01 -.856166011E-01
 -.100894205E+00 -.116009338E+00 -.130832664E+00 -.145223996E+00 -.159034117E+00
 -.172107120E+00 -.184283247E+00 -.195402188E+00 -.205306759E+00 -.213846848E+00
 -.220883486E+00 -.226292891E+00 -.229970278E+00 -.231833274E+00 -.231824737E+00
 -.229914836E+00 -.226102272E+00 -.220414540E+00 -.212907240E+00 -.203662442E+00
 -.192786193E+00 -.180405308E+00 -.166663594E+00 -.151717711E+00 -.135732862E+00
 -.118878510E+00 -.101324306E+00 -.832363740E-01 -.647740952E-01 -.460874647E-01
 -.273150957E-01 -.858289518E-02  .999657545E-02  .283240580E-01  .463128797E-01
  .639037872E-01  .810869888E-01  .978413727E-01  .114133193E+00  .129914691E+00
  .145123027E+00  .159680086E+00  .173493978E+00  .186463070E+00  .198483070E+00
  .146854192E+00  .143521792E+00  .135702778E+00  .125591582E+00  .114944494E+00
  .104074204E+00  .929933485E-01  .816703528E-01  .700669738E-01  .581450261E-01
  .458671844E-01  .331964820E-01  .201275244E-01  .667679722E-02 -.712860013E-02
 -.212503601E-01 -.356383792E-01 -.502302456E-01 -.649508684E-01 -.797123188E-01
 -.944139477E-01 -.108942844E+00 -.123174689E+00 -.136975052E+00 -.150201155E+00
 -.162704119E+00 -.174331678E+00 -.184931302E+00 -.194353682E+00 -.202456439E+00
 -.209107957E+00 -.214191158E+00 -.217607067E+00 -.219277984E+00 -.219150107E+00
 -.217195446E+00 -.213412939E+00 -.207828670E+00 -.200495194E+00 -.191489976E+00
 -.180913032E+00 -.168883886E+00 -.155538001E+00 -.141022855E+00 -.125493841E+00
 -.109110189E+00 -.920310598E-01 -.744119655E-01 -.564016348E-01 -.381394112E-01
 -.197532474E-01 -.135833759E-02  .169435812E-01  .350642231E-01  .529279727E-01
  .705086391E-01  .878002256E-01  .104785349E+00  .121432200E+00  .137690593E+00
  .153487310E+00  .168721477E+00  .183261741E+00  .196948285E+00  .209603186E+00
  .146174468E+00  .143152926E+00  .135033725E+00  .124824434E+00  .114425467E+00
  .103914358E+00  .932284476E-01  .823173090E-01  .711405862E-01  .596633447E-01
  .478532512E-01  .356788825E-01  .231313480E-01  .102289463E-01 -.300019206E-02
 -.165175154E-01 -.302734807E-01 -.442070718E-01 -.582454686E-01 -.723039279E-01
 -.862859327E-01 -.100083666E+00 -.113578858E+00 -.126644038E+00 -.139144228E+00
 -.150939070E+00 -.161885373E+00 -.171840041E+00 -.180663303E+00 -.188222159E+00
 -.194393903E+00 -.199069595E+00 -.202157320E+00 -.203585085E+00 -.203303190E+00
 -.201285956E+00 -.197532712E+00 -.192067955E+00 -.184940694E+00 -.176222973E+00
 -.166007670E+00 -.154405651E+00 -.141542439E+00 -.127554545E+00 -.112585621E+00
 -.967826082E-01 -.802920300E-01 -.632565485E-01 -.458119045E-01 -.280843128E-01
 -.101883675E-01  .777451230E-02  .257170835E-01  .435667252E-01  .612709825E-01
  .788394318E-01  .962767755E-01  .113579495E+00  .130731222E+00  .147695890E+00
  .164407539E+00  .180755714E+00  .196566950E+00  .211588577E+00  .225492606E+00
  .143597029E+00  .140619319E+00  .132778680E+00  .123079855E+00  .113287730E+00
  .103375900E+00  .932613063E-01  .829023050E-01  .722725101E-01  .613496769E-01
  .501121127E-01  .385375162E-01  .266149017E-01  .143654934E-01  .181908945E-02
 -.109851831E-01 -.239982390E-01 -.371605463E-01 -.504018151E-01 -.636409052E-01
 -.767859978E-01 -.897350756E-01 -.102376750E+00 -.114591461E+00 -.126253081E+00
 -.137230894E+00 -.147391971E+00 -.156603855E+00 -.164737527E+00 -.171670534E+00
 -.177290188E+00 -.181496692E+00 -.184206071E+00 -.185352749E+00 -.184891666E+00
 -.182799790E+00 -.179076960E+00 -.173745995E+00 -.166852050E+00 -.158461242E+00
 -.148658609E+00 -.137545494E+00 -.125236474E+00 -.111855966E+00 -.975346664E-01
 -.824059477E-01 -.666023600E-01 -.502523360E-01 -.334771952E-01 -.163885094E-01
  .914131969E-03  .183449424E-01  .358333536E-01  .533250759E-01  .708191135E-01
  .883412723E-01  .105917870E+00  .123574233E+00  .141331669E+00  .159201784E+00
  .177175705E+00  .195202707E+00  .213145301E+00  .230685289E+00  .247181648E+00
  .137691698E+00  .134004195E+00  .128008379E+00  .120314059E+00  .111722345E+00
  .102639923E+00  .932133045E-01  .834897793E-01  .734812971E-01  .631858609E-01
  .525949785E-01  .416966521E-01  .304783677E-01  .189635931E-01  .718345467E-02
 -.482259380E-02 -.170061791E-01 -.293095538E-01 -.416653208E-01 -.539963746E-01
 -.662160963E-01 -.782288370E-01 -.899307192E-01 -.101210778E+00 -.111952454E+00
 -.122035429E+00 -.131337793E+00 -.139738489E+00 -.147119983E+00 -.153371067E+00
 -.158389712E+00 -.162085841E+00 -.164383906E+00 -.165225153E+00 -.164569461E+00
 -.162396638E+00 -.158707129E+00 -.153522061E+00 -.146882620E+00 -.138848791E+00
 -.129497488E+00 -.118920178E+00 -.107220085E+00 -.945090995E-01 -.809045071E-01
 -.665256645E-01 -.514907241E-01 -.359134990E-01 -.199005395E-01 -.354846459E-02
  .130584251E-01  .298502416E-01  .467732817E-01  .638092789E-01  .809928179E-01
  .983668845E-01  .115983942E+00  .133907379E+00  .152213277E+00  .170992575E+00
  .190353975E+00  .210429294E+00  .231388062E+00  .253478342E+00  .276811401E+00
  .139172256E+00  .136703836E+00  .127928630E+00  .119114595E+00  .110709075E+00
  .102123577E+00  .932782161E-01  .841667362E-01  .747920395E-01  .651544676E-01
  .552506732E-01  .450744079E-01  .346173679E-01  .238959006E-01  .129421097E-01
  .179532333E-02 -.949725277E-02 -.208800936E-01 -.322891190E-01 -.436516763E-01
 -.548867644E-01 -.659055218E-01 -.766120011E-01 -.869042435E-01 -.966756600E-01
 -.105816711E+00 -.114216863E+00 -.121766781E+00 -.128360701E+00 -.133898908E+00
 -.138290242E+00 -.141454509E+00 -.143324726E+00 -.143849066E+00 -.142992426E+00
 -.140737521E+00 -.137085459E+00 -.132055724E+00 -.125685600E+00 -.118029005E+00
 -.109154821E+00 -.991447556E-01 -.880908345E-01 -.760926226E-01 -.632542685E-01
 -.496814719E-01 -.354784606E-01 -.207450450E-01 -.557379417E-02  .995265004E-02
  .257641437E-01  .418055717E-01  .580395000E-01  .744956459E-01  .912167285E-01
  .108259425E+00  .125697582E+00  .143626815E+00  .162171081E+00  .181492177E+00
  .201803814E+00  .223392705E+00  .246645196E+00  .272005306E+00  .298992557E+00
  .133489783E+00  .130085027E+00  .124521192E+00  .117480750E+00  .109774641E+00
  .101732912E+00  .934420425E-01  .849225658E-01  .761788680E-01  .672104806E-01
  .580147940E-01  .485879959E-01  .389256008E-01  .290338188E-01  .189441064E-01
  .869462613E-02 -.166930747E-02 -.120949343E-01 -.225219220E-01 -.328824267E-01
 -.431013632E-01 -.530969053E-01 -.627812342E-01 -.720615455E-01 -.808413165E-01
 -.890218263E-01 -.965039033E-01 -.103189868E+00 -.108985614E+00 -.113802773E+00
 -.117560874E+00 -.120189429E+00 -.121629838E+00 -.121837049E+00 -.120780866E+00
 -.118446860E+00 -.114836815E+00 -.109968680E+00 -.103876021E+00 -.966069833E-01
 -.882228048E-01 -.787959287E-01 -.684077916E-01 -.571463640E-01 -.451035253E-01
 -.323723529E-01 -.190443927E-01 -.520696466E-02  .905946436E-02  .236838343E-01
  .386069876E-01  .537841592E-01  .692223068E-01  .849524631E-01  .101018594E+00
  .117480729E+00  .134419221E+00  .151940692E+00  .170186426E+00  .189344181E+00
  .209664475E+00  .231481678E+00  .255237958E+00  .281522875E+00  .311326493E+00
  .134272186E+00  .131978108E+00  .124583254E+00  .116591885E+00  .109010037E+00
  .101380121E+00  .936102249E-01  .856758629E-01  .775671089E-01  .692779444E-01
  .608040271E-01  .521422304E-01  .432906185E-01  .342486332E-01  .250424464E-01
  .157084301E-01  .628953414E-02 -.316460675E-02 -.125976804E-01 -.219468480E-01
 -.311430647E-01 -.401115915E-01 -.487727148E-01 -.570426829E-01 -.648348593E-01
 -.720610825E-01 -.786332130E-01 -.844648320E-01 -.894730498E-01 -.935803661E-01
 -.967165188E-01 -.988202510E-01 -.998409211E-01 -.997398857E-01 -.984915877E-01
 -.960842940E-01 -.925204396E-01 -.878165534E-01 -.820027583E-01 -.751218567E-01
 -.672280338E-01 -.583852208E-01 -.486651790E-01 -.381453669E-01 -.269066585E-01
 -.150309781E-01 -.259890608E-02  .103126998E-01  .236330457E-01  .372997132E-01
  .512609222E-01  .655047555E-01  .800439815E-01  .949016640E-01  .110112893E+00
  .125727265E+00  .141812318E+00  .158458312E+00  .175784963E+00  .193951210E+00
  .213170003E+00  .233733053E+00  .256064586E+00  .280946260E+00  .311956943E+00
  .129510391E+00  .126429746E+00  .121266462E+00  .114810224E+00  .107904753E+00
  .100829385E+00  .936335164E-01  .863147354E-01  .788630093E-01  .712699658E-01
  .635303068E-01  .556416000E-01  .476038703E-01  .394192660E-01  .311010281E-01
  .226837525E-01  .142079914E-01  .572020663E-02 -.272734073E-02 -.110768071E-01
 -.192651179E-01 -.272244768E-01 -.348830465E-01 -.421658079E-01 -.489955977E-01
 -.552943125E-01 -.609842615E-01 -.659896381E-01 -.702380706E-01 -.736622060E-01
 -.762012724E-01 -.778025614E-01 -.784227692E-01 -.780291403E-01 -.766003573E-01
 -.741271339E-01 -.706124777E-01 -.660716015E-01 -.605314798E-01 -.540300610E-01
 -.466151590E-01 -.383430639E-01 -.292769167E-01 -.194849023E-01 -.903831617E-02
  .199044208E-02  .135298971E-01  .255114979E-01  .378715578E-01  .505533467E-01
  .635328988E-01  .768051019E-01  .903718503E-01  .104242758E+00  .118436082E+00
  .132979885E+00  .147913455E+00  .163288979E+00  .179173475E+00  .195650966E+00
  .212824820E+00  .230819841E+00  .249780541E+00  .269850144E+00  .290293403E+00
  .128445731E+00  .126093924E+00  .120013631E+00  .113099660E+00  .106508369E+00
  .999778945E-01  .934063977E-01  .867511145E-01  .799910901E-01  .731159840E-01
  .661217406E-01  .590085385E-01  .517797369E-01  .444413563E-01  .370019021E-01
  .294877583E-01  .219374054E-01  .143943305E-01  .690690234E-02 -.471854939E-03
 -.768460939E-02 -.146702042E-01 -.213642854E-01 -.277000765E-01 -.336092990E-01
 -.390232257E-01 -.438738505E-01 -.480951487E-01 -.516243933E-01 -.544034892E-01
 -.563802794E-01 -.575097759E-01 -.577552654E-01 -.570892453E-01 -.554941449E-01
 -.529627993E-01 -.494986481E-01 -.451156466E-01 -.398378841E-01 -.336989220E-01
 -.267408704E-01 -.190132358E-01 -.105715775E-01 -.147601797E-02  .821035105E-02
  .184231208E-01  .290982663E-01  .401737615E-01  .515902936E-01  .633199042E-01
  .753428493E-01  .876436338E-01  .100211093E+00  .113038483E+00  .126123487E+00
  .139468026E+00  .153077633E+00  .166960056E+00  .181122446E+00  .195566023E+00
  .210276111E+00  .225203244E+00  .240224960E+00  .255049272E+00  .268938784E+00
  .123106737E+00  .120230718E+00  .115601050E+00  .110094684E+00  .104429175E+00
  .986972138E-01  .928782166E-01  .869561062E-01  .809246422E-01  .747837050E-01
  .685369409E-01  .621906512E-01  .557533299E-01  .492355317E-01  .426499304E-01
  .360115019E-01  .293550143E-01  .227211396E-01  .161545370E-01  .970364685E-02
  .342036944E-02 -.264037752E-02 -.842122387E-02 -.138630341E-01 -.189057117E-01
 -.234891091E-01 -.275540285E-01 -.310432887E-01 -.339028322E-01 -.360828367E-01
 -.375387972E-01 -.382325373E-01 -.381331131E-01 -.372175715E-01 -.354715305E-01
 -.328895559E-01 -.294753138E-01 -.252414895E-01 -.202094721E-01 -.144088143E-01
 -.787648480E-02 -.655940238E-03  .720395198E-02  .156500930E-01  .246264207E-01
  .340751086E-01  .439382983E-01  .541620999E-01  .647161662E-01  .755709164E-01
  .866986059E-01  .980732301E-01  .109670371E+00  .121466931E+00  .133440650E+00
  .145569228E+00  .157828799E+00  .170191348E+00  .182620494E+00  .195064789E+00
  .207447312E+00  .219650076E+00  .231492446E+00  .242708593E+00  .252947533E+00
  .117599589E+00  .114422049E+00  .110725263E+00  .106550212E+00  .102001585E+00
  .971870229E-01  .921757213E-01  .870070767E-01  .817053568E-01  .762880427E-01
  .707698221E-01  .651645379E-01  .594862443E-01  .537498653E-01  .479716746E-01
  .421696939E-01  .363640531E-01  .305927643E-01  .248969062E-01  .193205688E-01
  .139105643E-01  .871601946E-02  .378787534E-02 -.821713515E-03 -.506007244E-02
 -.887478299E-02 -.122145286E-01 -.150299895E-01 -.172747636E-01 -.189062846E-01
 -.198867084E-01 -.201837369E-01 -.197713487E-01 -.186304073E-01 -.167491238E-01
 -.141233545E-01 -.107567192E-01 -.666053566E-02 -.185356688E-02  .363840585E-02
  .978316219E-02  .165427706E-01  .238744490E-01  .317313706E-01  .400640458E-01
  .488188439E-01  .579583963E-01  .674478243E-01  .772524727E-01  .873374428E-01
  .976674142E-01  .108206453E+00  .118917794E+00  .129763571E+00  .140704396E+00
  .151698686E+00  .162701512E+00  .173662766E+00  .184524348E+00  .195216205E+00
  .205651218E+00  .215719603E+00  .225284632E+00  .234183324E+00  .242236615E+00
  .113784601E+00  .110544572E+00  .107338445E+00  .103833819E+00  .999754943E-01
  .958561306E-01  .915308850E-01  .870393112E-01  .824111787E-01  .776700689E-01
  .728359490E-01  .679269527E-01  .629605943E-01  .579546128E-01  .529275885E-01
  .478994227E-01  .428917381E-01  .379282334E-01  .330452953E-01  .282828816E-01
  .236831099E-01  .192897799E-01  .151479773E-01  .113035497E-01  .780251755E-02
  .469042537E-02  .201163437E-02 -.191422112E-03 -.187899776E-02 -.301478411E-02
 -.356662960E-02 -.350720266E-02 -.281457477E-02 -.147270123E-02  .528218647E-03
  .319151255E-02  .651393921E-02  .104857325E-01  .150908041E-01  .203070929E-01
  .261069270E-01  .324575325E-01  .393222547E-01  .466586778E-01  .544321459E-01
  .626110719E-01  .711618018E-01  .800490427E-01  .892355679E-01  .986818404E-01
  .108345667E+00  .118181921E+00  .128142379E+00  .138175694E+00  .148227506E+00
  .158240611E+00  .168155085E+00  .177908160E+00  .187433726E+00  .196661373E+00
  .205515162E+00  .213912649E+00  .221765037E+00  .228979605E+00  .235465182E+00
  .111332486E+00  .108277576E+00  .105140781E+00  .101877816E+00  .984401009E-01
  .948230070E-01  .910442639E-01  .871264154E-01  .830913845E-01  .789594667E-01
  .747496201E-01  .704800653E-01  .661688844E-01  .618345388E-01  .574963021E-01
  .531746259E-01  .488914644E-01  .446705788E-01  .405378474E-01  .365241067E-01
  .326675752E-01  .290070388E-01  .255823131E-01  .224335863E-01  .196009464E-01
  .171238863E-01  .150407033E-01  .133878756E-01  .121994396E-01  .115063847E-01
  .113360772E-01  .117117331E-01  .126519591E-01  .141703822E-01  .162753911E-01
  .189699928E-01  .222517238E-01  .261126012E-01  .305392981E-01  .355138501E-01
  .410132810E-01  .470078437E-01  .534759841E-01  .603937603E-01  .677344928E-01
  .754694098E-01  .835670664E-01  .919928286E-01  .100708255E+00  .109670417E+00
  .118831233E+00  .128136948E+00  .137527894E+00  .146938728E+00  .156299266E+00
  .165535994E+00  .174574120E+00  .183339866E+00  .191762612E+00  .199776504E+00
  .207321354E+00  .214342939E+00  .220793018E+00  .226629565E+00  .231817670E+00
  .108942883E+00  .105844832E+00  .103141646E+00  .100275229E+00  .972089501E-01
  .940051874E-01  .906837062E-01  .872590994E-01  .837456252E-01  .801580010E-01
  .765115378E-01  .728222146E-01  .691067812E-01  .653828886E-01  .616692360E-01
  .579857267E-01  .543536296E-01  .507957455E-01  .473365767E-01  .440024992E-01
  .408212185E-01  .378239553E-01  .350465509E-01  .325240624E-01  .302911530E-01
  .283820816E-01  .268299488E-01  .256661434E-01  .249198518E-01  .246175915E-01
  .247827641E-01  .254352367E-01  .265909702E-01  .282617223E-01  .304548966E-01
  .331737150E-01  .364171935E-01  .401793468E-01  .444482367E-01  .492127043E-01
  .544622388E-01  .601821900E-01  .663561596E-01  .729656141E-01  .799895110E-01
  .874039192E-01  .951813877E-01  .103290097E+00  .111692789E+00  .120345495E+00
  .129196152E+00  .138183270E+00  .147234968E+00  .156268862E+00  .165193376E+00
  .173910975E+00  .182323341E+00  .190337756E+00  .197873393E+00  .204866176E+00
  .211271433E+00  .217064093E+00  .222236590E+00  .226795001E+00  .230754442E+00
  .107302006E+00  .104443623E+00  .101663221E+00  .989136710E-01  .961301610E-01
  .932842769E-01  .903694452E-01  .873873843E-01  .843440719E-01  .812485197E-01
  .781121284E-01  .749482251E-01  .717717330E-01  .685989605E-01  .654474855E-01
  .623361103E-01  .592848621E-01  .563150205E-01  .534491523E-01  .507111347E-01
  .481261398E-01  .457207413E-01  .435226073E-01  .415593334E-01  .398592313E-01
  .384529963E-01  .373694691E-01  .366356782E-01  .362766576E-01  .363151690E-01
  .367713838E-01  .376625462E-01  .390026092E-01  .408017955E-01  .430659463E-01
  .457988577E-01  .490043327E-01  .526824363E-01  .568302178E-01  .614428952E-01
  .665141876E-01  .720359526E-01  .779982525E-01  .843892020E-01  .911946386E-01
  .983975930E-01  .105977485E+00  .113908974E+00  .122160373E+00  .130691556E+00
  .139451289E+00  .148374053E+00  .157376645E+00  .166355416E+00  .175185847E+00
  .183726979E+00  .191832522E+00  .199367074E+00  .206222035E+00  .212326369E+00
  .217651306E+00  .222209791E+00  .226050648E+00  .229246800E+00  .231879423E+00
  .105169370E+00  .102282100E+00  .998463780E-01  .974596033E-01  .950146730E-01
  .925368693E-01  .900199795E-01  .874591182E-01  .848549250E-01  .822129628E-01
  .795424713E-01  .768553477E-01  .741654482E-01  .714881416E-01  .688400385E-01
  .662388339E-01  .637032213E-01  .612528449E-01  .589082684E-01  .566909404E-01
  .546231402E-01  .527278920E-01  .510287909E-01  .495497573E-01  .483149531E-01
  .473486303E-01  .466744080E-01  .463148403E-01  .462910964E-01  .466226901E-01
  .473272399E-01  .484202607E-01  .499149992E-01  .518223445E-01  .541508922E-01
  .569073672E-01  .600969448E-01  .637230226E-01  .677873358E-01  .722902337E-01
  .772308782E-01  .826073177E-01  .884165187E-01  .946542953E-01  .101315091E+00
  .108391553E+00  .115873803E+00  .123748277E+00  .131995945E+00  .140589630E+00
  .149490063E+00  .158640113E+00  .167956555E+00  .177318924E+00  .186556953E+00
  .195444917E+00  .203721863E+00  .211146065E+00  .217545109E+00  .222828238E+00
  .226986175E+00  .230090054E+00  .232289271E+00  .233790449E+00  .234799540E+00
  .103157032E+00  .100403212E+00  .979936584E-01  .958286371E-01  .937582814E-01
  .916931149E-01  .895952423E-01  .874533708E-01  .852687856E-01  .830489773E-01
  .808048212E-01  .785492536E-01  .762965982E-01  .740622008E-01  .718622253E-01
  .697135394E-01  .676336500E-01  .656406629E-01  .637532511E-01  .619906161E-01
  .603724350E-01  .589187812E-01  .576500141E-01  .565866406E-01  .557491638E-01
  .551578872E-01  .548326424E-01  .547925290E-01  .550556868E-01  .556391007E-01
  .565584400E-01  .578279369E-01  .594603127E-01  .614667670E-01  .638570434E-01
  .666395745E-01  .698216374E-01  .734094742E-01  .774084587E-01  .818233090E-01
  .866583100E-01  .919175259E-01  .976049973E-01  .103724901E+00  .110281641E+00
  .117279830E+00  .124724062E+00  .132618364E+00  .140965102E+00  .149763002E+00
  .159003702E+00  .168665890E+00  .178705110E+00  .189034878E+00  .199486095E+00
  .209711921E+00  .219072803E+00  .226943040E+00  .233164782E+00  .237606113E+00
  .240299013E+00  .241371785E+00  .241055168E+00  .240032687E+00  .238851853E+00
  .998843176E-01  .969192781E-01  .951152924E-01  .937705183E-01  .923477411E-01
  .907958667E-01  .891409416E-01  .874069883E-01  .856135348E-01  .837779098E-01
  .819165179E-01  .800454025E-01  .781805003E-01  .763377721E-01  .745332827E-01
  .727832576E-01  .711041230E-01  .695125315E-01  .680253724E-01  .666597656E-01
  .654330361E-01  .643626687E-01  .634662423E-01  .627613424E-01  .622654562E-01
  .619958453E-01  .619694004E-01  .622024925E-01  .627108339E-01  .635093575E-01
  .646121196E-01  .660322352E-01  .677818495E-01  .698721554E-01  .723134577E-01
  .751152850E-01  .782865379E-01  .818356700E-01  .857709105E-01  .901005343E-01
  .948331801E-01  .999782183E-01  .105546176E+00  .111549224E+00  .118001739E+00
  .124920938E+00  .132327577E+00  .140246688E+00  .148708276E+00  .157747794E+00
  .167406150E+00  .177728822E+00  .188763928E+00  .200560838E+00  .213187061E+00
  .226934164E+00  .242367958E+00  .247874592E+00  .255861140E+00  .258548766E+00
  .258756340E+00  .259468562E+00  .251524185E+00  .246304581E+00  .242486915E+00
  .970899289E-01  .938125251E-01  .927898099E-01  .921993372E-01  .912534023E-01
  .900956356E-01  .887994029E-01  .874055121E-01  .859429330E-01  .844351047E-01
  .829023389E-01  .813629929E-01  .798341516E-01  .783320665E-01  .768724568E-01
  .754707170E-01  .741420599E-01  .729016106E-01  .717644635E-01  .707457122E-01
  .698604564E-01  .691237922E-01  .685507862E-01  .681564356E-01  .679556145E-01
  .679630083E-01  .681930371E-01  .686597759E-01  .693768760E-01  .703574954E-01
  .716142456E-01  .731591596E-01  .750036898E-01  .771587401E-01  .796347381E-01
  .824417491E-01  .855896356E-01  .890882646E-01  .929477701E-01  .971788810E-01
  .101793327E+00  .106804338E+00  .112227276E+00  .118080418E+00  .124385969E+00
  .131171366E+00  .138470988E+00  .146328410E+00  .154799393E+00  .163955791E+00
  .173890535E+00  .184723487E+00  .196607374E+00  .209735505E+00  .224384164E+00
  .240711897E+00  .252322006E+00  .260698168E+00  .267352700E+00  .268050740E+00
  .268774416E+00  .262518136E+00  .254790856E+00  .248349186E+00  .243281566E+00
  .970943823E-01  .941823950E-01  .925418327E-01  .915794612E-01  .907001218E-01
  .897324915E-01  .886619562E-01  .875078077E-01  .862942343E-01  .850440588E-01
  .837777262E-01  .825135304E-01  .812680923E-01  .800568219E-01  .788942903E-01
  .777945014E-01  .767710763E-01  .758373701E-01  .750065418E-01  .742915961E-01
  .737054079E-01  .732607391E-01  .729702481E-01  .728464946E-01  .729019342E-01
  .731489047E-01  .735995997E-01  .742660335E-01  .751600002E-01  .762930325E-01
  .776763674E-01  .793209269E-01  .812373213E-01  .834358825E-01  .859267342E-01
  .887199044E-01  .918254846E-01  .952538425E-01  .990158941E-01  .103123448E+00
  .107589639E+00  .112429472E+00  .117660525E+00  .123303851E+00  .129385184E+00
  .135936557E+00  .142998538E+00  .150623369E+00  .158879486E+00  .167858145E+00
  .177683351E+00  .188527024E+00  .200632565E+00  .214345283E+00  .229932137E+00
  .244495341E+00  .254440217E+00  .262945275E+00  .266636766E+00  .267970641E+00
  .265411803E+00  .258298717E+00  .251159687E+00  .245194733E+00  .240295562E+00
  .951762557E-01  .917126360E-01  .913068405E-01  .911422332E-01  .904947095E-01
  .896579934E-01  .887156623E-01  .877071408E-01  .866599244E-01  .855961391E-01
  .845343601E-01  .834906086E-01  .824791376E-01  .815130449E-01  .806047010E-01
  .797660113E-01  .790085527E-01  .783436284E-01  .777822832E-01  .773353097E-01
  .770132639E-01  .768264989E-01  .767852136E-01  .768995094E-01  .771794427E-01
  .776350648E-01  .782764405E-01  .791136441E-01  .801567352E-01  .814157203E-01
  .829005104E-01  .846208856E-01  .865864784E-01  .888067869E-01  .912912261E-01
  .940492230E-01  .970903604E-01  .100424572E+00  .104062388E+00  .108015247E+00
  .112295869E+00  .116918726E+00  .121900630E+00  .127261483E+00  .133025265E+00
  .139221355E+00  .145886347E+00  .153066601E+00  .160821951E+00  .169231299E+00
  .178401441E+00  .188481623E+00  .199686680E+00  .212302663E+00  .226183437E+00
  .238163652E+00  .246633482E+00  .253591388E+00  .256331665E+00  .257111771E+00
  .253855941E+00  .247979256E+00  .242667063E+00  .238085521E+00  .234137531E+00
  .972322965E-01  .943394869E-01  .926214448E-01  .915971099E-01  .907285677E-01
  .898344006E-01  .888985148E-01  .879410948E-01  .869838309E-01  .860438316E-01
  .851341839E-01  .842655404E-01  .834474171E-01  .826889921E-01  .819994781E-01
  .813881976E-01  .808644872E-01  .804375348E-01  .801162268E-01  .799090517E-01
  .798240849E-01  .798690506E-01  .800514442E-01  .803786840E-01  .808582597E-01
  .814978506E-01  .823053961E-01  .832891119E-01  .844574563E-01  .858190593E-01
  .873826291E-01  .891568588E-01  .911503519E-01  .933715857E-01  .958289234E-01
  .985306837E-01  .101485263E+00  .104701307E+00  .108187918E+00  .111954892E+00
  .116012985E+00  .120374198E+00  .125052108E+00  .130062244E+00  .135422534E+00
  .141153829E+00  .147280530E+00  .153831288E+00  .160839729E+00  .168345057E+00
  .176392127E+00  .185030165E+00  .194308583E+00  .204262611E+00  .214566985E+00
  .223468573E+00  .230497233E+00  .235554486E+00  .238462756E+00  .239075970E+00
  .237296897E+00  .234386003E+00  .231434467E+00  .228587459E+00  .225918925E+00
  .957889990E-01  .921718943E-01  .922618390E-01  .920038385E-01  .911155325E-01
  .900911291E-01  .890622412E-01  .880777438E-01  .871552230E-01  .862994776E-01
  .855111029E-01  .847905409E-01  .841398237E-01  .835630581E-01  .830661958E-01
  .826564393E-01  .823415335E-01  .821291154E-01  .820262296E-01  .820390640E-01
  .821729181E-01  .824323777E-01  .828216294E-01  .833448351E-01  .840064764E-01
  .848116115E-01  .857660119E-01  .868761773E-01  .881492461E-01  .895928252E-01
  .912147727E-01  .930229701E-01  .950251252E-01  .972286409E-01  .996405720E-01
  .102267677E+00  .105116550E+00  .108193811E+00  .111506310E+00  .115061312E+00
  .118866636E+00  .122930735E+00  .127262710E+00  .131872248E+00  .136769470E+00
  .141964621E+00  .147467514E+00  .153286513E+00  .159426688E+00  .165886468E+00
  .172651461E+00  .179682836E+00  .186895200E+00  .194117557E+00  .201053015E+00
  .207321360E+00  .212596200E+00  .216669794E+00  .219440118E+00  .220912534E+00
  .221234889E+00  .220702401E+00  .219641790E+00  .218296724E+00  .216821750E+00
  .100505962E+00  .975590593E-01  .952254471E-01  .933188768E-01  .916434601E-01
  .901786039E-01  .889369549E-01  .878925792E-01  .870063044E-01  .862453475E-01
  .855861101E-01  .850140170E-01  .845227705E-01  .841128560E-01  .837895232E-01
  .835606446E-01  .834348062E-01  .834198265E-01  .835217799E-01  .837445448E-01
  .840898728E-01  .845579252E-01  .851481244E-01  .858600792E-01  .866943533E-01
  .876529463E-01  .887394779E-01  .899591253E-01  .913183798E-01  .928246618E-01
  .944858400E-01  .963097172E-01  .983035788E-01  .100473886E+00  .102826160E+00
  .105365070E+00  .108094680E+00  .111018809E+00  .114141377E+00  .117466632E+00
  .120999204E+00  .124743971E+00  .128705772E+00  .132888959E+00  .137296808E+00
  .141930695E+00  .146788970E+00  .151865321E+00  .157146403E+00  .162608368E+00
  .168211909E+00  .173895601E+00  .179568246E+00  .185103416E+00  .190342966E+00
  .195115535E+00  .199265322E+00  .202677416E+00  .205292641E+00  .207114302E+00
  .208207423E+00  .208685469E+00  .208684090E+00  .208333803E+00  .207744009E+00
  .102887518E+00  .998356799E-01  .968623221E-01  .939633970E-01  .912445563E-01
  .892567333E-01  .880068264E-01  .870743847E-01  .863541866E-01  .857826449E-01
  .853121478E-01  .849164331E-01  .845873187E-01  .843299502E-01  .841572435E-01
  .840848356E-01  .841274126E-01  .842963067E-01  .845980508E-01  .850337413E-01
  .855993314E-01  .862871084E-01  .870881079E-01  .879945577E-01  .890015107E-01
  .901074735E-01  .913143320E-01  .926269497E-01  .940526366E-01  .956004553E-01
  .972802424E-01  .991014168E-01  .101071932E+00  .103197654E+00  .105482185E+00
  .107927063E+00  .110532385E+00  .113297776E+00  .116223347E+00  .119310181E+00
  .122560246E+00  .125975924E+00  .129559320E+00  .133311474E+00  .137231500E+00
  .141315609E+00  .145555972E+00  .149939329E+00  .154445294E+00  .159044330E+00
  .163695495E+00  .168344352E+00  .172921825E+00  .177345261E+00  .181522936E+00
  .185362322E+00  .188780651E+00  .191715123E+00  .194130401E+00  .196022062E+00
  .197415430E+00  .198359810E+00  .198919395E+00  .199163429E+00  .199158263E+00
  .104679072E+00  .101430090E+00  .979732487E-01  .941872207E-01  .900208334E-01
  .873289025E-01  .860376210E-01  .854145527E-01  .851549825E-01  .849485323E-01
  .847620946E-01  .845711984E-01  .843834798E-01  .842323377E-01  .841576540E-01
  .841951626E-01  .843734146E-01  .847117647E-01  .852191567E-01  .858931361E-01
  .867180696E-01  .876680503E-01  .887157943E-01  .898404618E-01  .910302257E-01
  .922812078E-01  .935954675E-01  .949795146E-01  .964437704E-01  .980024974E-01
  .996723889E-01  .101468599E+00  .103401658E+00  .105477232E+00  .107696221E+00
  .110054835E+00  .112545050E+00  .115158142E+00  .117888693E+00  .120735324E+00
  .123699379E+00  .126783307E+00  .129989256E+00  .133317909E+00  .136767480E+00
  .140332808E+00  .144004493E+00  .147768038E+00  .151602990E+00  .155482124E+00
  .159370824E+00  .163226890E+00  .167001100E+00  .170638899E+00  .174083372E+00
  .177279394E+00  .180178377E+00  .182742777E+00  .184949499E+00  .186791549E+00
  .188277666E+00  .189430040E+00  .190280658E+00  .190867108E+00  .191228670E+00
  .106564709E+00  .103331704E+00  .997841216E-01  .957602733E-01  .910017988E-01
  .874556465E-01  .848186218E-01  .839241473E-01  .836641189E-01  .840361666E-01
  .842768844E-01  .842329531E-01  .840379375E-01  .838439783E-01  .837486913E-01
  .838009253E-01  .840564834E-01  .845454927E-01  .852731350E-01  .862548485E-01
  .874557333E-01  .887824837E-01  .901571570E-01  .915423368E-01  .929278701E-01
  .943167760E-01  .957172919E-01  .971393388E-01  .985944697E-01  .100102413E+00
  .101708243E+00  .103451111E+00  .105331101E+00  .107361835E+00  .109531800E+00
  .111845274E+00  .114262963E+00  .116746845E+00  .119288707E+00  .121891863E+00
  .124563179E+00  .127310055E+00  .130138664E+00  .133052703E+00  .136052484E+00
  .139134303E+00  .142290024E+00  .145506796E+00  .148766888E+00  .152047648E+00
  .155321652E+00  .158557154E+00  .161718947E+00  .164769724E+00  .167671936E+00
  .170390034E+00  .172892841E+00  .175155730E+00  .177162269E+00  .178905068E+00
  .180385728E+00  .181613905E+00  .182605729E+00  .183381847E+00  .183965435E+00
  .108820014E+00  .105916726E+00  .102758514E+00  .992881341E-01  .955384833E-01
  .916738944E-01  .872206304E-01  .855039054E-01  .839549373E-01  .846388125E-01
  .848839388E-01  .844552739E-01  .835579471E-01  .829834449E-01  .828999599E-01
  .826286403E-01  .828724270E-01  .836748763E-01  .843754637E-01  .858025925E-01
  .879005240E-01  .898842762E-01  .916879375E-01  .933483949E-01  .949074731E-01
  .963996339E-01  .978501380E-01  .992744352E-01  .100676178E+00  .102038147E+00
  .103401928E+00  .105211969E+00  .106879838E+00  .109037901E+00  .111016085E+00
  .113494331E+00  .115911023E+00  .118271003E+00  .120606286E+00  .122939679E+00
  .125291545E+00  .127679887E+00  .130119131E+00  .132618965E+00  .135183736E+00
  .137812396E+00  .140498807E+00  .143232182E+00  .145997560E+00  .148776287E+00
  .151546543E+00  .154283980E+00  .156962519E+00  .159555347E+00  .162036077E+00
  .164380035E+00  .166565537E+00  .168575025E+00  .170395929E+00  .172021134E+00
  .173449014E+00  .174683043E+00  .175731050E+00  .176604264E+00  .177316253E+00
  .111398889E+00  .109094682E+00  .106562249E+00  .103759674E+00  .100712782E+00
  .975048484E-01  .942965289E-01  .911880899E-01  .873211756E-01  .883146801E-01
  .877885847E-01  .865319119E-01  .843050397E-01  .831253221E-01  .835621368E-01
  .824615683E-01  .826311002E-01  .841520934E-01  .841051712E-01  .859612890E-01
  .892922080E-01  .917917386E-01  .938342121E-01  .956045009E-01  .972076183E-01
  .987086508E-01  .100149346E+00  .101554241E+00  .102931547E+00  .104272818E+00
  .105678429E+00  .107430134E+00  .109174350E+00  .111245181E+00  .113256577E+00
  .115580075E+00  .117852400E+00  .119997341E+00  .122046769E+00  .124036260E+00
  .126002692E+00  .127980360E+00  .129996386E+00  .132068217E+00  .134203766E+00
  .136403019E+00  .138659907E+00  .140963837E+00  .143300820E+00  .145654294E+00
  .148005778E+00  .150335474E+00  .152622882E+00  .154847474E+00  .156989417E+00
  .159030313E+00  .160953919E+00  .162746771E+00  .164398650E+00  .165902859E+00
  .167256263E+00  .168459117E+00  .169514699E+00  .170428810E+00  .171209196E+00
  .927932248E+00  .943397958E+00  .953650081E+00  .966766152E+00  .979928880E+00
  .993746023E+00  .100806192E+01  .102338557E+01  .103841242E+01  .105424707E+01
  .107038892E+01  .108680099E+01  .110421604E+01  .112207004E+01  .114049772E+01
  .115949826E+01  .117909598E+01  .119955402E+01  .122069061E+01  .124239712E+01
  .126497665E+01  .128840833E+01  .131263245E+01  .133778183E+01  .136385307E+01
  .139085472E+01  .141896012E+01  .144815435E+01  .147851832E+01  .151008398E+01
  .154296139E+01  .157721536E+01  .161294561E+01  .165025255E+01  .168919069E+01
  .172987507E+01  .177256046E+01  .181717801E+01  .186406533E+01  .191320037E+01
  .196488442E+01  .201948320E+01  .207684595E+01  .213748049E+01  .220159316E+01
  .226975996E+01  .234206691E+01  .241872656E+01  .250095434E+01  .258909578E+01
  .268322856E+01  .278450244E+01  .289498357E+01  .301469509E+01  .314434841E+01
  .328891445E+01  .344800388E+01  .362620594E+01  .382887281E+01  .406212136E+01
  .433932489E+01  .468001455E+01  .512815413E+01  .582981446E+01  .105676958E+02
   87   49
  .110529495E+01  .000000000E+00  .110566713E+01  .500000000E-01  .110973231E+01
  .150000000E+00  .111796465E+01  .250000000E+00  .113096646E+01  .350000000E+00
  .113949496E+01  .400000000E+00  .115875000E+01  .487480146E+00  .117629553E+01
  .550000000E+00  .119332370E+01  .600000000E+00  .121368480E+01  .650000000E+00
  .123843750E+01  .700243789E+00  .126871456E+01  .750000000E+00  .130745700E+01
  .800000000E+00  .134468750E+01  .837932779E+00  .137125000E+01  .859421130E+00
  .142437500E+01  .892184004E+00  .145093750E+01  .903994140E+00  .150406250E+01
  .921047598E+00  .155718750E+01  .928731581E+00  .161031250E+01  .928534804E+00
  .166343750E+01  .921078291E+00  .171656250E+01  .906332876E+00  .174312500E+01
  .896557323E+00  .179625000E+01  .872961680E+00  .183537096E+01  .850000000E+00
  .187593750E+01  .824395401E+00  .190774797E+01  .800000000E+00  .195562500E+01
  .760157663E+00  .198218750E+01  .735057429E+00  .201522340E+01  .700000000E+00
  .205718722E+01  .650000000E+00  .208843750E+01  .607234130E+00  .211500000E+01
  .565767025E+00  .214156250E+01  .518477641E+00  .216812500E+01  .464187853E+00
  .219468750E+01  .401636500E+00  .221406803E+01  .350000000E+00  .223091464E+01
  .300000000E+00  .224781250E+01  .241948874E+00  .226829838E+01  .150000000E+00
  .227492131E+01  .100000000E+00  .227723525E+01  .000000000E+00  .227259613E+01
 -.500000000E-01  .225287198E+01 -.150000000E+00  .223864850E+01 -.200000000E+00
  .222125000E+01 -.252574589E+00  .219468750E+01 -.323618436E+00  .216812500E+01
 -.387433576E+00  .214156250E+01 -.445118470E+00  .211500000E+01 -.497334654E+00
  .208843750E+01 -.544708997E+00  .206187500E+01 -.587886234E+00  .203531250E+01
 -.627451654E+00  .200875000E+01 -.663843955E+00  .198005361E+01 -.700000000E+00
  .193765432E+01 -.750000000E+00  .190250000E+01 -.789538826E+00  .187593750E+01
 -.817768972E+00  .184295915E+01 -.850000000E+00  .179625000E+01 -.895677136E+00
  .176968750E+01 -.921238798E+00  .173586438E+01 -.950000000E+00  .169000000E+01
 -.991337023E+00  .166343750E+01 -.101443351E+01  .161722707E+01 -.105000000E+01
  .158375000E+01 -.108123838E+01  .155417602E+01 -.110000000E+01  .149872388E+01
 -.114318366E+01  .146917432E+01 -.110000000E+01  .143481771E+01 -.105000000E+01
  .140342032E+01 -.100000000E+01  .137446297E+01 -.950000000E+00  .134750435E+01
 -.900000000E+00  .132219695E+01 -.850000000E+00  .129828529E+01 -.800000000E+00
  .127560818E+01 -.750000000E+00  .125409945E+01 -.700000000E+00  .123378212E+01
 -.650000000E+00  .121187500E+01 -.592433781E+00  .118531250E+01 -.514513654E+00
  .116612391E+01 -.450000000E+00  .115306910E+01 -.400000000E+00  .113218750E+01
 -.301103128E+00  .112374080E+01 -.250000000E+00  .111204503E+01 -.150000000E+00
  .110619673E+01 -.500000000E-01  .110529495E+01  .000000000E+00
  .101600000E+01  .000000000E+00  .101600000E+01  .400000000E+00  .101600000E+01
  .415000000E+00  .101600000E+01  .121730000E+01  .114830000E+01  .135150000E+01
  .141290000E+01  .135150000E+01  .141290000E+01  .131140000E+01  .138680000E+01
  .131140000E+01  .138680000E+01  .128950000E+01  .139740000E+01  .127120000E+01
  .160780000E+01  .109460000E+01  .164650000E+01  .107680000E+01  .178450000E+01
  .107680000E+01  .207010000E+01  .104000000E+01  .212820000E+01  .992600000E+00
  .224510000E+01  .708600000E+00  .232310000E+01  .519200000E+00  .237670000E+01
  .389100000E+00  .235220000E+01  .400000000E+00  .235110000E+01  .337400000E+00
  .235110000E+01  .205200000E+00  .235360000E+01  .683700000E-01  .235400000E+01
  .000000000E+00  .235440000E+01 -.683700000E-01  .235290000E+01 -.205200000E+00
  .235050000E+01 -.337400000E+00  .235270000E+01 -.400000000E+00  .237670000E+01
 -.389000000E+00  .213400000E+01 -.973000000E+00  .178570000E+01 -.117440000E+01
  .176800000E+01 -.121070000E+01  .176800000E+01 -.125400000E+01  .168200000E+01
 -.125400000E+01  .167400000E+01 -.126200000E+01  .167400000E+01 -.132900000E+01
  .168100000E+01 -.133900000E+01  .175400000E+01 -.133900000E+01  .175400000E+01
 -.136750000E+01  .168900000E+01 -.136750000E+01  .168900000E+01 -.136600000E+01
  .155500000E+01 -.136600000E+01  .141200000E+01 -.136600000E+01  .127300000E+01
 -.136600000E+01  .115300000E+01 -.136600000E+01  .101600000E+01 -.122880000E+01
  .101600000E+01 -.800000000E+00  .101600000E+01 -.415000000E+00  .101600000E+01
 -.400000000E+00  .101600000E+01  .000000000E+00
    0  .170000000E+01    0
  .000000000E+00  .841519612E-01  .119705115E+00  .147094385E+00  .170487334E+00
  .191284210E+00  .210279686E+00  .226578084E+00  .243223012E+00  .259189347E+00
  .274338700E+00  .288860562E+00  .302979834E+00  .316633604E+00  .329951016E+00
  .342929263E+00  .355630913E+00  .368131768E+00  .380415688E+00  .392513763E+00
  .404445755E+00  .416261467E+00  .427962145E+00  .439563936E+00  .451073020E+00
  .462530602E+00  .473915201E+00  .485273729E+00  .496601076E+00  .507899873E+00
  .519194602E+00  .530493707E+00  .541804674E+00  .553142986E+00  .564509794E+00
  .575915476E+00  .587392138E+00  .598901578E+00  .610510782E+00  .622184162E+00
  .633946551E+00  .645844701E+00  .657819836E+00  .669941053E+00  .682188317E+00
  .694604947E+00  .707191522E+00  .719918887E+00  .732884950E+00  .746073052E+00
  .759461864E+00  .773099962E+00  .787071125E+00  .801350362E+00  .815886748E+00
  .830909911E+00  .846310879E+00  .862188963E+00  .878612845E+00  .895680672E+00
  .913508211E+00  .932235699E+00  .952185390E+00  .973897258E+00  .100000000E+01
    0
 $OUT1
 ISHOT	= 98128
 ITIME	= 2487
 BETAP0	= .5
 RZERO	= 1.6955
 QENP	= .0
 ENP	= 1.0
 EMP	= 1.0
 PLASMA	= 970612.9928796082
 EXPMP2	= .4244089401602929 .4262210826841422 .2931230714968389
 .1205132909572853 4.197104767739509E-02 2.090037431882886E-02
 6.659159704596432E-03 2.989679696812992E-02 6.416372027014439E-02
 .1247819780958912 .1777703779851215 .1892072070922332
 .2656275767851326 .2638702205799953 .2310333271676068
 .3981389947085638 .3004612020567006 .2408053865081748
 5.901488999638728E-02 -2.429080432228548E-02 -7.933060195464302E-02
 -5.456805581323215E-02 -9.250266779128392E-02 7.382528175089775E-02
 .1652556253662978 .2083821852825365 .210844356116718 .2947130789363573
 .2754752114975743 3.242555799833628E-03 2.134578318526065E-02
 3.062165994600349E-02 6.411622381236536E-02 8.956369691974999E-02
 .1317970752826563 .1778579626096954 .1903379016608522
 .2670053742217591 .2634873523467732 .2304157834519067
 .2771297567114322 .2934995856711907 .2119150037427232 .208523670744074
 .1623215597159982 7.368223492892136E-02 -9.008687465160767E-02
 -5.502908564639219E-02 -7.846648695427518E-02 -2.375866353246380E-02
 5.825658160471030E-02 .2413013749797106 .30276158257654
 .398431793106703 .4249242824815794 .4257885176517539 .2917055695597552
 .1272407723081306 3.988898536936624E-02 1.863157807589321E-02
 4.583087200178624E-02 6.008001202723744E-02 7.876615542982075E-02
 6.563237642811947E-02 1.384488258744119E-02 1.672124192521858E-02
 -5.691168756433806E-02 -9.259256320058849E-02
 COILS	= -.136527289748822 -.123216462980118 -.103095075197844
 -9.199578652162200E-02 -8.590014574837056E-02 -.243163767878186
 -.208719648664035 -8.285235715809900E-02 -.105792071008577
 -.13264022035524 -.132639186868082 -.130578388400975
 -7.096567827325693E-02 -3.942516205671109E-02 -.276763671574161
 -.239046568735145 -1.484388260915153E-02 -1.103485699346890E-02
 -.121271648812625 -.119236560398478 -.106720261101717
 -9.438097248609532E-02 -9.072673595780444E-02 -8.462053678033850E-02
 -.104605125215154 -.193654137132404 -.179161525630026
 -.265027865456588 -.213459518026674 -.121245706136501
 -.126208104531812 -9.675219182170611E-02 -5.904313882147676E-02
 -3.403138883227069E-02 -5.992188947090701E-02 -.202850293613071
 -.192472198704728 -.305578242386937 -.245849138586038
 -2.584119995925841E-02 -2.245596065230667E-02
 BTOR	= -2.00714345325863
 RCENTR	= 1.6955
 BRSP	= -131207.809837325 -71298.5276807946 5553.634480931449
 50409.46501644189 46726.74357814878 -159969.672950536
 -97067.4928158568 34716.16287981213 4410.515069310609
 -101121.957209345 -74564.846888942 -108615.900196709 92751.67754595115
 85139.63529433395 -194920.81788976 -139776.275724403 86002.50359111147
 97396.81138789297 234.0348417074645 -391.493252971477
 4084.045037718004 -6831.76722721231 -.291697284467221
 -.390780372310367 -.126238969077211 -.450984945224815 .539130362868795
 .252826413692672 .6888599920998502 .3102812060117576 -.21163308114344
 .9940350263504474 .1803426670452801 .4989005355639739
 .5729760569024239 -.180083264296525 .7332502477675265
 -.309948499001408 1.367291122096786E-02 4.897413572740345E-02
 .214672781186933 1.37100995131494 .2979933042231125 .273786134584843
 .4615987399710325 .733362987290036 -4.107526839667369E-02
 .4475898798608874 -.983670836649231 -.30879334944276 -.191701025792086
 .2019483262162014 .3387789845909615 .5126350344087046
 .3339748757925336 -.338435965763423 .164757516435325
 7.854300623674389E-02 -.448104823632975 -.251559068886752
 .3763848212631764 .1660873427334993 .3956260392824126
 1.21857144860576 .2955217259385093 .1256842457304505 .4434342839454892
 .3297780588471745 3.418581165307355E-02 -.740043654972424
 -.722853446717452 -.121888938200554 -.439089421075821
 .4474813380593655 -.918841596090357 -.253174823517632 -.48564630202631
 -.289579594690231 3.258228175271638E-02 .6467077895001011
 -1.10875599523581 -.289849635565509 -.238934942735009
 -3.525343488747828E-02 1.26147207775375 .8797517611031079
 -.256336822809008 -.370392046739316 .1190689933587314
 -.747908243751355 .0 .0 .0 .0 .0 .0 .0 .0 .0 .0 .0 .0 .0 .0 .0 .0 .0
 .0 .0 .0 .0 .0 .0 .0 .0 .0 .0 .0 .0 .0 .0 .0 .0 .0 .0 .0 .0 .0 .0 .0
 .0 .0 .0 .0 .0 .0 .0 .0 .0 .0 .0 .0 .0 .0 .0 .0 .0 .0 .0 .0 .0 .0 .0
 .0 .0 .0 .0 .0 .0 .0 .0 .0 .0 .0 .0 .0 .0 .0 .0 .0 .0 .0 .0 .0 .0 .0
 .0 .0 .0 .0 .0 .0 .0 .0 .0 .0 .0 .0 .0 .0 .0 .0 .0 .0 .0 .0 .0 .0 .0
 .0 .0 .0 .0 .0 .0 .0 .0 .0 .0 .0 .0 .0 .0 .0 .0 .0 .0 .0 .0 .0 .0 .0
 .0 .0 .0 .0 .0 .0 .0 .0 .0 .0 .0 .0 .0 .0 .0 .0 .0 .0 .0 .0 .0 .0 .0
 .0 .0 .0 .0 .0 .0 .0 .0 .0 .0 .0 .0 .0 .0 .0 .0 .0 .0 .0 .0 .0 .0 .0
 .0 .0 .0 .0 .0 .0 .0 .0 .0 .0 .0 .0 .0 .0 .0 .0 .0 .0 .0 .0 .0 .0 .0
 .0 .0 .0 .0 .0 .0 .0 .0 .0 .0 .0 .0 .0 .0 .0 .0 .0 .0 .0 .0 .0 .0 .0
 .0 .0 .0 .0 .0 .0 .0 .0 .0 .0 .0 .0 .0 .0 .0 .0 .0 .0 .0 .0 .0 .0 .0
 .0 .0 .0 .0 .0 .0 .0 .0 .0 .0 .0 .0 .0 .0 .0 .0 .0 .0 .0 .0 .0 .0 .0
 .0 .0 .0 .0 .0 .0 .0 .0 .0
 ICURRT	= 2
 RBDRY	= 1.10529494789585 1.10566712591195 1.10973230765752
 1.11796464727356 1.13096646410865 1.13949495897707 1.15875
 1.17629553196857 1.19332370019133 1.21368479689282 1.2384375
 1.26871455737266 1.30745699512721 1.3446875 1.37125 1.424375
 1.4509375 1.5040625 1.5571875 1.6103125 1.6634375 1.7165625 1.743125
 1.79625 1.83537095695243 1.8759375 1.90774797141787 1.955625
 1.9821875 2.01522340495149 2.05718721841883 2.0884375 2.115 2.1415625
 2.168125 2.1946875 2.21406803237096 2.23091463511742 2.2478125
 2.26829837644586 2.27492131432332 2.27723525189706 2.27259612686898
 2.25287197615724 2.23864849699283 2.22125 2.1946875 2.168125
 2.1415625 2.115 2.0884375 2.061875 2.0353125 2.00875 1.98005360770077
 1.93765431901865 1.9025 1.8759375 1.8429591489556 1.79625 1.7696875
 1.73586438272154 1.69 1.6634375 1.61722706921536 1.58375
 1.55417601940901 1.49872388005529 1.46917432427327 1.43481771216272
 1.40342031922825 1.37446297301801 1.34750434795196 1.32219695092214
 1.29828529287812 1.27560818181448 1.25409944823588 1.23378212020746
 1.211875 1.1853125 1.1661239090297 1.15306910103594 1.1321875
 1.12374080308666 1.11204503290152 1.10619673498322 1.10529494789585 .0
 .0 .0 .0 .0 .0 .0 .0 .0 .0 .0 .0 .0 .0 .0 .0 .0 .0 .0 .0 .0 .0 .0
 ZBDRY	= .0 5.000000000000004E-02 .1499999999999999 .25
 .3500000000000001 .3999999999999999 .4874801463571937
 .5499999999999998 .6000000000000001 .6499999999999999
 .7002437894810878 .75 .8000000000000004 .8379327785611755
 .8594211303895845 .8921840039752031 .9039941403492502
 .9210475977939085 .9287315814224 .9285348037724843 .9210782905474931
 .9063328756350813 .8965573229513796 .8729616803549728 .85
 .8243954005636446 .8000000000000004 .7601576625436113
 .7350574291106005 .7000000000000002 .6499999999999999
 .6072341304942698 .5657670250861971 .5184776411347118
 .4641878527687343 .4016364999960425 .3500000000000001 .3
 .2419488735934967 .1499999999999999 .1000000000000001 .0
 -5.000000000000004E-02 -.15 -.2 -.252574589440728 -.323618436391797
 -.387433575889309 -.445118469797741 -.497334654491052
 -.544708997291139 -.587886233566303 -.62745165384569 -.663843954971932
 -.7 -.75 -.789538825587607 -.817768972258135 -.85 -.895677136497111
 -.921238797838838 -.95 -.991337023126791 -1.01443351400291 -1.05
 -1.08123838033331 -1.1 -1.14318365899031 -1.1 -1.05 -1.0 -.95 -.9 -.85
 -.8 -.75 -.7 -.65 -.592433781384589 -.51451365353595 -.45 -.4
 -.301103127554052 -.25 -.15 -5.000000000000004E-02 .0 .0 .0 .0 .0 .0
 .0 .0 .0 .0 .0 .0 .0 .0 .0 .0 .0 .0 .0 .0 .0 .0 .0 .0
 NBDRY	= 87
 FWTSI	= 1000.0 556.7617022810794 561.7226177225326 565.8070818310486
 566.2116455923154 309.5996738329986 .0 556.3073791351896
 564.3802146106601 557.0870798589437 571.6699823223521
 529.0587804486348 508.6076268637894 357.9429203921683 235.486132698875
 317.000960489963 276.160800321045 268.5557206228093 562.9666597496827
 559.1567144313165 543.1275719009324 569.8788752369572
 567.6478000754337 557.4701753699981 567.3193398670769
 466.4584230090541 469.7974086659374 263.9398633263137 423.217093041032
 562.3915369577202 558.7955160058892 554.9112053430151
 414.8790984996282 321.6200917090463 431.2294717143923
 465.1948787480816 469.7974086659374 201.6468192477746
 301.9596776891464 301.4232462072455 293.2419605455511
 FWTCUR	= 3.434688854756669E-05
 MXITER	= 51
 NXITER	= 1
 LIMITR	= 48
 XLIM	= 1.016 1.016 1.016 1.016 1.1483 1.4129 1.4129 1.3868 1.3868
 1.3974 1.6078 1.6465 1.7845 2.0701 2.1282 2.2451 2.3231 2.3767 2.3522
 2.3511 2.3511 2.3536 2.354 2.3544 2.3529 2.3505 2.3527 2.3767 2.134
 1.7857 1.768 1.768 1.682 1.674 1.674 1.681 1.754 1.754 1.689 1.689
 1.555 1.412 1.273 1.153 1.016 1.016 1.016 1.016 1.016 .0 .0 .0 .0 .0
 .0 .0 .0 .0 .0 .0 .0 .0 .0 .0 .0 .0 .0 .0 .0 .0 .0 .0 .0 .0 .0 .0 .0
 .0 .0 .0 .0 .0 .0 .0 .0 .0 .0 .0 .0 .0 .0 .0 .0 .0 .0 .0 .0 .0 .0 .0
 .0 .0 .0 .0 .0 .0 .0 .0 .0 .0 .0 .0 .0 .0 .0 .0 .0 .0 .0 .0 .0 .0 .0
 .0 .0 .0 .0 .0 .0 .0 .0 .0 .0 .0 .0 .0 .0 .0 .0 .0 .0 .0 .0 .0 .0 .0
 .0 .0 .0 .0 .0 .0 .0 .0 .0 .0 .0 .0 .0 .0
 YLIM	= .0 .4 .4149999999999999 1.2173 1.3515 1.3515 1.3114 1.3114
 1.2895 1.2712 1.0946 1.0768 1.0768 1.04 .9926 .7086 .5192 .3891 .4
 .3374 .2052 6.837000000000000E-02 .0 -6.837000000000000E-02 -.2052
 -.3374 -.4 -.389 -.973 -1.1744 -1.2107 -1.254 -1.254 -1.262 -1.329
 -1.339 -1.339 -1.3675 -1.3675 -1.366 -1.366 -1.366 -1.366 -1.366
 -1.2288 -.8 -.415 -.4 .0 .0 .0 .0 .0 .0 .0 .0 .0 .0 .0 .0 .0 .0 .0 .0
 .0 .0 .0 .0 .0 .0 .0 .0 .0 .0 .0 .0 .0 .0 .0 .0 .0 .0 .0 .0 .0 .0 .0
 .0 .0 .0 .0 .0 .0 .0 .0 .0 .0 .0 .0 .0 .0 .0 .0 .0 .0 .0 .0 .0 .0 .0
 .0 .0 .0 .0 .0 .0 .0 .0 .0 .0 .0 .0 .0 .0 .0 .0 .0 .0 .0 .0 .0 .0 .0
 .0 .0 .0 .0 .0 .0 .0 .0 .0 .0 .0 .0 .0 .0 .0 .0 .0 .0 .0 .0 .0 .0 .0
 .0 .0 .0 .0
 ERROR	= 1.000000000000000E-03
 ICONVR	= 2
 IBUNMN	= 3
 PRESSR	= .0 .0 .0 .0 .0 .0 .0 .0 .0 .0 .0 .0 .0 .0 .0 .0 .0 .0 .0 .0
 .0 .0 .0 .0 .0 .0 .0 .0 .0 .0 .0 .0 .0 .0 .0 .0 .0 .0 .0 .0 .0 .0 .0
 .0 .0 .0 .0 .0 .0 .0 .0 .0 .0 .0 .0 .0 .0 .0 .0 .0 .0 .0 .0 .0 .0 .0
 .0 .0 .0 .0 .0 .0 .0 .0 .0 .0 .0 .0 .0 .0 .0 .0 .0 .0 .0 .0 .0 .0 .0
 .0 .0 .0 .0 .0 .0 .0 .0 .0 .0 .0 .0 .0 .0 .0 .0 .0 .0 .0 .0 .0 .0 .0
 .0 .0 .0 .0 .0 .0 .0 .0 .0 .0 .0 .0 .0 .0 .0 .0 .0 .0 .0 .0
 RPRESS	= .0 .0 .0 .0 .0 .0 .0 .0 .0 .0 .0 .0 .0 .0 .0 .0 .0 .0 .0 .0
 .0 .0 .0 .0 .0 .0 .0 .0 .0 .0 .0 .0 .0 .0 .0 .0 .0 .0 .0 .0 .0 .0 .0
 .0 .0 .0 .0 .0 .0 .0 .0 .0 .0 .0 .0 .0 .0 .0 .0 .0 .0 .0 .0 .0 .0 .0
 .0 .0 .0 .0 .0 .0 .0 .0 .0 .0 .0 .0 .0 .0 .0 .0 .0 .0 .0 .0 .0 .0 .0
 .0 .0 .0 .0 .0 .0 .0 .0 .0 .0 .0 .0 .0 .0 .0 .0 .0 .0 .0 .0 .0 .0 .0
 .0 .0 .0 .0 .0 .0 .0 .0 .0 .0 .0 .0 .0 .0 .0 .0 .0 .0 .0 .0
 QPSI	= .9279322476813402 .9433979577539825 .9536500810556143
 .9667661522145591 .9799288798444955 .9937460226666888 1.0080619222589
 1.02338556564447 1.03841242360246 1.05424707073939 1.07038891856958
 1.08680099343389 1.10421603663123 1.12207003702089 1.14049772304708
 1.15949825528204 1.1790959770593 1.19955402148265 1.2206906079286
 1.24239712125661 1.26497664859389 1.28840833494389 1.31263245036304
 1.33778183254523 1.36385307402422 1.39085472449517 1.41896011923814
 1.44815434535067 1.47851831918516 1.51008397657802 1.54296138721988
 1.57721535761849 1.61294561250958 1.65025254648032 1.68919069241244
 1.72987507289191 1.77256046044304 1.81717801036149 1.86406532957808
 1.91320036637236 1.96488441694726 2.01948319510997 2.07684595327068
 2.1374804876565 2.20159315555446 2.26975996244355 2.34206690891996
 2.41872655696855 2.5009543438659 2.5890957825547 2.68322856387944
 2.7845024377716 2.89498357021627 3.01469509009757 3.14434841359758
 3.2889144472684 3.44800388408009 3.62620593654372 3.82887280758265
 4.06212135506072 4.33932489100009 4.68001455276694 5.12815412870442
 5.82981445786177 10.56769577531896
 PRESSW	= .0 .0 .0 .0 .0 .0 .0 .0 .0 .0 .0 .0 .0 .0 .0 .0 .0 .0 .0 .0
 .0 .0 .0 .0 .0 .0 .0 .0 .0 .0 .0 .0 .0 .0 .0 .0 .0 .0 .0 .0 .0 .0 .0
 .0 .0 .0 .0 .0 .0 .0 .0 .0 .0 .0 .0 .0 .0 .0 .0 .0 .0 .0 .0 .0 .0
 PRES	= 19757.58368163969 18972.05218105195 18207.06119065911
 17462.34925605938 16737.65492285093 16032.71673663196
 15347.27324300067 14681.06298755523 14033.82451589386
 13405.29637361473 12795.21710631603 12203.32525959597
 11629.35937905272 11073.05801028449 10534.15969888946
 10012.40299046582 9507.526430611765 9019.268564925492
 8547.367939005184 8091.563098449036 7651.592588855239
 7227.194955821984 6818.108744947462 6424.072501829865
 6044.824772067384 5680.10410125821 5329.649035000535 4993.19811889255
 4670.489898532447 4361.262919518416 4065.25572744865 3782.206867921339
 3511.854886534675 3253.93832888685 3008.195740576053 2774.365667200478
 2552.186654358315 2341.397247647756 2141.735992666991
 1952.941435014214 1774.752120287613 1606.906594085382
 1449.143402005711 1301.201089646792 1162.818202606815
 1033.733286483973 913.6848868764572 802.411549382458 699.6518196001673
 605.1442431277763 518.6273655634765 439.8397325054591
 368.5198895519155 304.4063823010371 247.2377563510152
 196.7525573000412 152.6893307463063 114.786622288002 82.78297752331955
 56.41694205045034 35.42706146758572 19.55188137291703
 8.52994736463561 2.09980504093282 .0
 NQPSI	= 65
 $END
 $BASIS
 KPPFNC	= 0
 KPPKNT	= 0
 PPKNT	= .0 .0 .0 .0 .0 .0 .0 .0 .0 .0 .0 .0 .0 .0 .0 .0 .0 .0 .0 .0 .0
 .0 .0 .0 .0 .0 .0 .0 .0 .0 .0 .0 .0 .0 .0 .0
 PPTENS	= .0
 KFFFNC	= 0
 KFFKNT	= 0
 FFKNT	= .0 .0 .0 .0 .0 .0 .0 .0 .0 .0 .0 .0 .0 .0 .0 .0 .0 .0 .0 .0 .0
 .0 .0 .0 .0 .0 .0 .0 .0 .0 .0 .0 .0 .0 .0 .0
 FFTENS	= .0
 KWWFNC	= 0
 KWWKNT	= 0
 WWKNT	= .0 .0 .0 .0 .0 .0 .0 .0 .0 .0 .0 .0 .0 .0 .0 .0 .0 .0 .0 .0 .0
 .0 .0 .0 .0 .0 .0 .0 .0 .0 .0 .0 .0 .0 .0 .0
 WWTENS	= .0
 PPBDRY	= 176214.4690503258 -294771.390472641 .0 .0 .0 .0 .0 .0 .0 .0
 .0 .0 .0 .0 .0 .0 .0 .0 .0 .0 .0 .0 .0 .0 .0 .0 .0 .0 .0 .0 .0 .0 .0
 .0 .0 .0
 PP2BDRY	= .0 .0 .0 .0 .0 .0 .0 .0 .0 .0 .0 .0 .0 .0 .0 .0 .0 .0 .0 .0
 .0 .0 .0 .0 .0 .0 .0 .0 .0 .0 .0 .0 .0 .0 .0 .0
 KPPBDRY	= 0 0 0 0 0 0 0 0 0 0 0 0 0 0 0 0 0 0 0 0 0 0 0 0 0 0 0 0 0 0
 0 0 0 0 0 0
 KPP2BDRY	= 0 0 0 0 0 0 0 0 0 0 0 0 0 0 0 0 0 0 0 0 0 0 0 0 0 0 0 0 0 0
 0 0 0 0 0 0
 FFBDRY	= 3.86421636138909 -6.46403907223963 .0 .0 .0 .0 .0 .0 .0 .0 .0
 .0 .0 .0 .0 .0 .0 .0 .0 .0 .0 .0 .0 .0 .0 .0 .0 .0 .0 .0 .0 .0 .0 .0
 .0 .0
 FF2BDRY	= .0 .0 .0 .0 .0 .0 .0 .0 .0 .0 .0 .0 .0 .0 .0 .0 .0 .0 .0 .0
 .0 .0 .0 .0 .0 .0 .0 .0 .0 .0 .0 .0 .0 .0 .0 .0
 KFFBDRY	= 0 0 0 0 0 0 0 0 0 0 0 0 0 0 0 0 0 0 0 0 0 0 0 0 0 0 0 0 0 0
 0 0 0 0 0 0
 KFF2BDRY	= 0 0 0 0 0 0 0 0 0 0 0 0 0 0 0 0 0 0 0 0 0 0 0 0 0 0 0 0 0 0
 0 0 0 0 0 0
 WWBDRY	= -219.630896540025 -294.234633268982 .0 .0 .0 .0 .0 .0 .0 .0
 .0 .0 .0 .0 .0 .0 .0 .0 .0 .0 .0 .0 .0 .0 .0 .0 .0 .0 .0 .0 .0 .0 .0
 .0 .0 .0
 WW2BDRY	= .0 .0 .0 .0 .0 .0 .0 .0 .0 .0 .0 .0 .0 .0 .0 .0 .0 .0 .0 .0
 .0 .0 .0 .0 .0 .0 .0 .0 .0 .0 .0 .0 .0 .0 .0 .0
 KWWBDRY	= 0 0 0 0 0 0 0 0 0 0 0 0 0 0 0 0 0 0 0 0 0 0 0 0 0 0 0 0 0 0
 0 0 0 0 0 0
 KWW2BDRY	= 0 0 0 0 0 0 0 0 0 0 0 0 0 0 0 0 0 0 0 0 0 0 0 0 0 0 0 0 0 0
 0 0 0 0 0 0
 KEEFNC	= 0
 KEEKNT	= 0
 EEKNT	= .0 .0 .0 .0 .0 .0 .0 .0 .0 .0 .0 .0 .0 .0 .0 .0 .0 .0
 EETENS	= 5.0
 EEBDRY	= .0 .0 .0 .0 .0 .0 .0 .0 .0 .0 .0 .0 .0 .0 .0 .0 .0 .0
 EE2BDRY	= .0 .0 .0 .0 .0 .0 .0 .0 .0 .0 .0 .0 .0 .0 .0 .0 .0 .0
 KEEBDRY	= 0 0 0 0 0 0 0 0 0 0 0 0 0 0 0 0 0 0
 KEE2BDRY	= 0 0 0 0 0 0 0 0 0 0 0 0 0 0 0 0 0 0
 $END
 $CHIOUT
 SAISIL	= 7.275753717075908E-02 .2187851313728243 .2538757374819522
 8.181446701767269E-02 2.189640809324665E-02 .1617846925344853 .0
 1.588978562295487E-02 5.970891306697457E-02 2.655844589519539E-02
 .5106904523415395 .174167318274028 2.219864746030675E-02
 2.31111730985858 .1392254096569341 .8466392411065883 .1192626799131608
 .1943192197557257 4.337066016847607E-03 .3743870291498901
 .7224030762663491 3.416321474723092E-02 .147134042062724
 .2243986638081968 .2141484610952614 .1410635596670131
 3.146614748423521E-05 .2620384975657907 2.316609138988759E-02
 6.192284588181531E-02 3.417716431102844E-02 3.870074197582933E-03
 1.15534723442429 7.943364316583312E-02 3.330950086930649E-02
 .5776991553906733 1.171938006056064E-03 .4912077396250183
 .1632099441492593 1.239478686168475E-02 3.851986440618017E-02
 SAIMPI	= 2.122478271688453E-02 .0 .0 .5576604240646348
 .1144629573553718 .0 .0 .1178611275109639 .0 6.214730022775873E-02 .0
 .3044654298837143 2.159763173071461E-02 .0 .1134074975926886 .0
 .2615931818504988 .0 4.232334133733800E-02 .0 2.580021613667547E-02 .0
 .0 1.993639805890746E-02 1.695651969211401E-02 8.940076830770485E-02
 3.376572328700209E-02 .1938276087466141 5.085464749542514E-03
 6.452945897617517E-02 .1315494346815386 3.034226295464624E-02
 9.117041682999144E-02 1.224993049947666E-03 9.199604200696342E-03
 .8575466640906903 1.292124624258288E-02 4.303195743286975E-04
 .1280957835007732 4.777703190542615E-02 3.549745942773578E-03
 .7123446009056204 .7703368979896133 .1154538368895466
 .4600093155857474 .1364652016453989 .32550280816777
 7.411118322400356E-03 .2063421408592071 .4987479584175338
 2.357348511392626E-02 2.060698745926095E-03 .423335262518379
 .188914020004451 9.388492815809954E-02 1.078846830911825E-04
 1.15854238623786 3.123019594536442E-02 3.760671529308119E-02
 3.508346863578216E-02 .0 .0 .0 .0 .0 .0 .0 .0
 SAIPR	= .0
 SAIIP	= 1.766483848822817E-05
 $END
                                            MAG
