  EFITD    03/14/2000    #101363  2000ms           3  65  65
  .170000000E+01  .320000000E+01  .169550000E+01  .840000000E+00  .000000000E+00
  .172715210E+01 -.108478655E-01 -.355019311E+00 -.767262024E-01 -.200282977E+01
  .111606060E+07 -.355019311E+00  .000000000E+00  .172715210E+01  .000000000E+00
 -.108478655E-01  .000000000E+00 -.767262024E-01  .000000000E+00  .000000000E+00
 -.350100725E+01 -.349759056E+01 -.349423397E+01 -.349093735E+01 -.348770057E+01
 -.348452347E+01 -.348140593E+01 -.347834779E+01 -.347534890E+01 -.347240910E+01
 -.346952825E+01 -.346670617E+01 -.346394271E+01 -.346123769E+01 -.345859095E+01
 -.345600230E+01 -.345347158E+01 -.345099858E+01 -.344858314E+01 -.344622506E+01
 -.344392415E+01 -.344168021E+01 -.343949305E+01 -.343736246E+01 -.343528823E+01
 -.343327016E+01 -.343130803E+01 -.342940163E+01 -.342755074E+01 -.342575514E+01
 -.342401460E+01 -.342232889E+01 -.342069778E+01 -.341912104E+01 -.341759844E+01
 -.341612972E+01 -.341471465E+01 -.341335298E+01 -.341204445E+01 -.341078883E+01
 -.340958585E+01 -.340843526E+01 -.340733679E+01 -.340629018E+01 -.340529517E+01
 -.340435148E+01 -.340345885E+01 -.340261700E+01 -.340182566E+01 -.340108454E+01
 -.340039336E+01 -.339975185E+01 -.339915971E+01 -.339861665E+01 -.339812239E+01
 -.339767663E+01 -.339727908E+01 -.339692943E+01 -.339662740E+01 -.339637266E+01
 -.339616493E+01 -.339600390E+01 -.339588925E+01 -.339582068E+01 -.339579788E+01
  .228607435E+05  .221073797E+05  .213679845E+05  .206424904E+05  .199308303E+05
  .192329366E+05  .185487421E+05  .178781795E+05  .172211813E+05  .165776802E+05
  .159476088E+05  .153308999E+05  .147274861E+05  .141372999E+05  .135602741E+05
  .129963414E+05  .124454343E+05  .119074855E+05  .113824276E+05  .108701934E+05
  .103707154E+05  .988392634E+04  .940975883E+04  .894814552E+04  .849901908E+04
  .806231214E+04  .763795735E+04  .722588737E+04  .682603484E+04  .643833242E+04
  .606271275E+04  .569910849E+04  .534745228E+04  .500767677E+04  .467971461E+04
  .436349845E+04  .405896094E+04  .376603474E+04  .348465248E+04  .321474682E+04
  .295625041E+04  .270909590E+04  .247321594E+04  .224854318E+04  .203501026E+04
  .183254984E+04  .164109456E+04  .146057708E+04  .129093004E+04  .113208610E+04
  .983977905E+03  .846538102E+03  .719699341E+03  .603394273E+03  .497555548E+03
  .402115813E+03  .317007720E+03  .242163918E+03  .177517056E+03  .122999783E+03
  .785447501E+02  .440846056E+02  .195519994E+02  .487958104E+01  .000000000E+00
 -.277511994E+01 -.272401564E+01 -.267315715E+01 -.262254447E+01 -.257217760E+01
 -.252205654E+01 -.247218129E+01 -.242255186E+01 -.237316824E+01 -.232403042E+01
 -.227513842E+01 -.222649223E+01 -.217809185E+01 -.212993729E+01 -.208202853E+01
 -.203436558E+01 -.198694845E+01 -.193977713E+01 -.189285162E+01 -.184617192E+01
 -.179973803E+01 -.175354995E+01 -.170760768E+01 -.166191123E+01 -.161646058E+01
 -.157125575E+01 -.152629673E+01 -.148158352E+01 -.143711612E+01 -.139289453E+01
 -.134891875E+01 -.130518879E+01 -.126170463E+01 -.121846629E+01 -.117547376E+01
 -.113272703E+01 -.109022612E+01 -.104797103E+01 -.100596174E+01 -.964198262E+00
 -.922680597E+00 -.881408744E+00 -.840382701E+00 -.799602470E+00 -.759068050E+00
 -.718779441E+00 -.678736643E+00 -.638939656E+00 -.599388481E+00 -.560083117E+00
 -.521023564E+00 -.482209822E+00 -.443641892E+00 -.405319773E+00 -.367243464E+00
 -.329412968E+00 -.291828282E+00 -.254489407E+00 -.217396344E+00 -.180549092E+00
 -.143947651E+00 -.107592022E+00 -.714822032E-01 -.356181960E-01  .000000000E+00
 -.174863676E+06 -.171643533E+06 -.168438880E+06 -.165249715E+06 -.162076038E+06
 -.158917851E+06 -.155775152E+06 -.152647943E+06 -.149536222E+06 -.146439990E+06
 -.143359246E+06 -.140293992E+06 -.137244226E+06 -.134209950E+06 -.131191161E+06
 -.128187862E+06 -.125200052E+06 -.122227730E+06 -.119270898E+06 -.116329554E+06
 -.113403698E+06 -.110493332E+06 -.107598455E+06 -.104719066E+06 -.101855166E+06
 -.990067551E+05 -.961738328E+05 -.933563994E+05 -.905544548E+05 -.877679990E+05
 -.849970320E+05 -.822415539E+05 -.795015645E+05 -.767770640E+05 -.740680523E+05
 -.713745294E+05 -.686964953E+05 -.660339500E+05 -.633868936E+05 -.607553260E+05
 -.581392471E+05 -.555386571E+05 -.529535559E+05 -.503839436E+05 -.478298200E+05
 -.452911853E+05 -.427680393E+05 -.402603822E+05 -.377682139E+05 -.352915344E+05
 -.328303438E+05 -.303846419E+05 -.279544289E+05 -.255397046E+05 -.231404692E+05
 -.207567226E+05 -.183884649E+05 -.160356959E+05 -.136984158E+05 -.113766244E+05
 -.907032191E+04 -.677950821E+04 -.450418332E+04 -.224434725E+04  .000000000E+00
 -.528373676E-01 -.590757339E-01 -.657145719E-01 -.727528582E-01 -.801445932E-01
 -.877943879E-01 -.954448083E-01 -.103067634E+00 -.111941251E+00 -.110599408E+00
 -.113370671E+00 -.119033044E+00 -.128953183E+00 -.134128271E+00 -.130590268E+00
 -.134258104E+00 -.132254477E+00 -.122793638E+00 -.120642845E+00 -.109798108E+00
 -.908150918E-01 -.756291036E-01 -.623789655E-01 -.501290203E-01 -.383159714E-01
 -.265324473E-01 -.144158764E-01 -.157123077E-02  .125080189E-01  .283934292E-01
  .433613324E-01  .526637398E-01  .614943030E-01  .645658847E-01  .671698166E-01
  .632354948E-01  .587132985E-01  .560214984E-01  .546797703E-01  .543097091E-01
  .546689197E-01  .555964133E-01  .569794303E-01  .587343031E-01  .607953416E-01
  .631082457E-01  .656260552E-01  .683065592E-01  .711106050E-01  .740010141E-01
  .769419474E-01  .798986291E-01  .828373696E-01  .857258352E-01  .885335116E-01
  .912322977E-01  .937971556E-01  .962067373E-01  .984439103E-01  .100496114E+00
  .102355501E+00  .104018845E+00  .105487224E+00  .106765515E+00  .107861752E+00
 -.578231237E-01 -.648811522E-01 -.725783685E-01 -.810103563E-01 -.900704919E-01
 -.994018300E-01 -.110340865E+00 -.114004153E+00 -.117681962E+00 -.116228836E+00
 -.116480729E+00 -.118872564E+00 -.122769101E+00 -.124765770E+00 -.124002658E+00
 -.123734310E+00 -.120890298E+00 -.115073150E+00 -.109413921E+00 -.100223015E+00
 -.875203473E-01 -.750408614E-01 -.631518051E-01 -.516559215E-01 -.402954477E-01
 -.288044820E-01 -.168956113E-01 -.422208191E-02  .968745032E-02  .254410091E-01
  .405341150E-01  .495355333E-01  .587061830E-01  .615965798E-01  .647202661E-01
  .607894442E-01  .565995326E-01  .542661041E-01  .532697560E-01  .532453416E-01
  .539599107E-01  .552569341E-01  .570254979E-01  .591826915E-01  .616630332E-01
  .644118835E-01  .673812146E-01  .705268244E-01  .738064882E-01  .771787725E-01
  .806023666E-01  .840358615E-01  .874379387E-01  .907679317E-01  .939867080E-01
  .970577832E-01  .999485465E-01  .102631450E+00  .105085009E+00  .107294478E+00
  .109252118E+00  .110957005E+00  .112414429E+00  .113634960E+00  .114633294E+00
 -.617265587E-01 -.692246331E-01 -.775531528E-01 -.871111494E-01 -.985382753E-01
 -.106423674E+00 -.112447698E+00 -.113950862E+00 -.114171049E+00 -.112947325E+00
 -.112233822E+00 -.112235801E+00 -.112444055E+00 -.112251720E+00 -.111269882E+00
 -.109319554E+00 -.106177773E+00 -.101723746E+00 -.959492655E-01 -.887961137E-01
 -.804302197E-01 -.712915217E-01 -.617501981E-01 -.519768687E-01 -.419992590E-01
 -.317674890E-01 -.211933394E-01 -.101770178E-01  .134948321E-02  .132281482E-01
  .242027090E-01  .329844656E-01  .401249982E-01  .448200276E-01  .477998248E-01
  .483454707E-01  .479901075E-01  .479962023E-01  .485642446E-01  .496821215E-01
  .512994122E-01  .533607665E-01  .558141873E-01  .586124545E-01  .617123414E-01
  .650731979E-01  .686554699E-01  .724193631E-01  .763237328E-01  .803252541E-01
  .843779416E-01  .884330994E-01  .924397880E-01  .963458668E-01  .100099608E+00
  .103651781E+00  .106958002E+00  .109981059E+00  .112692875E+00  .115075846E+00
  .117123322E+00  .118839200E+00  .120236689E+00  .121336473E+00  .122164545E+00
 -.644109551E-01 -.716657912E-01 -.794655717E-01 -.881112201E-01 -.976459491E-01
 -.103114530E+00 -.105414972E+00 -.106022070E+00 -.105829687E+00 -.105515174E+00
 -.105123434E+00 -.104654684E+00 -.104004437E+00 -.102996583E+00 -.101449231E+00
 -.992095637E-01 -.961612839E-01 -.922311716E-01 -.873941626E-01 -.816779859E-01
 -.751716852E-01 -.680128032E-01 -.603463254E-01 -.522884236E-01 -.439163154E-01
 -.352788605E-01 -.264180985E-01 -.173994988E-01 -.835409472E-02  .475561761E-03
  .874505202E-02  .161354488E-01  .224527049E-01  .276185254E-01  .316770100E-01
  .348041904E-01  .373276469E-01  .396132238E-01  .419269447E-01  .444195959E-01
  .471653328E-01  .501948559E-01  .535149474E-01  .571188467E-01  .609914626E-01
  .651117556E-01  .694535558E-01  .739855081E-01  .786705575E-01  .834652630E-01
  .883192085E-01  .931748014E-01  .979677782E-01  .102628719E+00  .107085750E+00
  .111268378E+00  .115112069E+00  .118562941E+00  .121581791E+00  .124146797E+00
  .126254434E+00  .127918467E+00  .129167259E+00  .130039901E+00  .130581909E+00
 -.666353924E-01 -.731756939E-01 -.794737087E-01 -.855358848E-01 -.910719290E-01
 -.946841982E-01 -.965260278E-01 -.975944912E-01 -.981224551E-01 -.982479891E-01
 -.980585701E-01 -.975794969E-01 -.967845171E-01 -.956121976E-01 -.939852865E-01
 -.918279337E-01 -.890779784E-01 -.856949947E-01 -.816652336E-01 -.770037455E-01
 -.717528356E-01 -.659755369E-01 -.597452521E-01 -.531360307E-01 -.462178830E-01
 -.390586037E-01 -.317310265E-01 -.243232942E-01 -.169481390E-01 -.974445678E-02
 -.286404418E-02  .355513546E-02  .941593143E-02  .146787612E-01  .193683772E-01
  .235717077E-01  .274233804E-01  .310775325E-01  .346773858E-01  .383372952E-01
  .421394118E-01  .461382771E-01  .503672777E-01  .548441472E-01  .595747966E-01
  .645555692E-01  .697742081E-01  .752098073E-01  .808319683E-01  .865993781E-01
  .924581032E-01  .983400640E-01  .104162404E+00  .109828695E+00  .115232869E+00
  .120266235E+00  .124826846E+00  .128829515E+00  .132214459E+00  .134952988E+00
  .137049294E+00  .138537979E+00  .139477741E+00  .139942606E+00  .140012751E+00
 -.702974605E-01 -.764847570E-01 -.808539849E-01 -.839943217E-01 -.865639675E-01
 -.886310381E-01 -.901491291E-01 -.911674067E-01 -.917652973E-01 -.920042925E-01
 -.919204588E-01 -.915247037E-01 -.908056833E-01 -.897354775E-01 -.882770241E-01
 -.863918273E-01 -.840467293E-01 -.812190981E-01 -.779001860E-01 -.740965616E-01
 -.698295846E-01 -.651331452E-01 -.600503880E-01 -.546305727E-01 -.489271746E-01
 -.429977351E-01 -.369051484E-01 -.307192989E-01 -.245174055E-01 -.183813617E-01
 -.123912240E-01 -.661580280E-02 -.110293170E-02  .412785040E-02  .908847602E-02
  .138206385E-01  .183892574E-01  .228724575E-01  .273508298E-01  .318989106E-01
  .365803145E-01  .414461580E-01  .465355259E-01  .518767672E-01  .574887898E-01
  .633818856E-01  .695578273E-01  .760090644E-01  .827168592E-01  .896482135E-01
  .967515249E-01  .103951232E+00  .111142465E+00  .118188066E+00  .124921774E+00
  .131161071E+00  .136728750E+00  .141476577E+00  .145304129E+00  .148170390E+00
  .150097787E+00  .151167187E+00  .151502509E+00  .151248265E+00  .150547884E+00
 -.779611557E-01 -.869583997E-01 -.850565827E-01 -.837391941E-01 -.841532704E-01
 -.849082415E-01 -.856559777E-01 -.862643925E-01 -.866787555E-01 -.868744600E-01
 -.868359088E-01 -.865470352E-01 -.859878355E-01 -.851342960E-01 -.839602558E-01
 -.824401923E-01 -.805521663E-01 -.782803901E-01 -.756170841E-01 -.725634551E-01
 -.691297832E-01 -.653347539E-01 -.612043233E-01 -.567704734E-01 -.520701708E-01
 -.471446549E-01 -.420389277E-01 -.368010798E-01 -.314809719E-01 -.261278859E-01
 -.207870831E-01 -.154956746E-01 -.102785871E-01 -.514552433E-02 -.896360482E-04
  .491176231E-02  .989453418E-02  .149037006E-01  .199889413E-01  .252005243E-01
  .305862710E-01  .361897314E-01  .420493854E-01  .481985166E-01  .546653721E-01
  .614732588E-01  .686402452E-01  .761781033E-01  .840900012E-01  .923662125E-01
  .100976747E+00  .109859448E+00  .118902287E+00  .127921101E+00  .136642922E+00
  .144722963E+00  .151814343E+00  .157639545E+00  .162019994E+00  .164888262E+00
  .166301232E+00  .166446767E+00  .165608734E+00  .164088384E+00  .162143951E+00
 -.719975715E-01 -.775552830E-01 -.802129632E-01 -.809945918E-01 -.812510068E-01
 -.815016298E-01 -.818107916E-01 -.821308795E-01 -.824036102E-01 -.825796630E-01
 -.826188474E-01 -.824870171E-01 -.821535736E-01 -.815902191E-01 -.807707968E-01
 -.796718615E-01 -.782736201E-01 -.765609334E-01 -.745241532E-01 -.721596428E-01
 -.694699212E-01 -.664634566E-01 -.631541934E-01 -.595609181E-01 -.557065501E-01
 -.516173900E-01 -.473222867E-01 -.428516249E-01 -.382360208E-01 -.335046608E-01
 -.286833340E-01 -.237923422E-01 -.188445835E-01 -.138441306E-01 -.878556851E-02
 -.365421508E-02  .157282645E-02  .692499957E-02  .124363392E-01  .181435753E-01
  .240845728E-01  .302972632E-01  .368190972E-01  .436869536E-01  .509373858E-01
  .586070612E-01  .667332158E-01  .753538847E-01  .845074976E-01  .942310443E-01
  .104555108E+00  .115491956E+00  .127008101E+00  .138964245E+00  .150995862E+00
  .162225071E+00  .171789756E+00  .179275349E+00  .184401058E+00  .187032877E+00
  .187177405E+00  .185195686E+00  .182005876E+00  .178267228E+00  .174388843E+00
 -.749564389E-01 -.830372898E-01 -.808120221E-01 -.785484689E-01 -.779497831E-01
 -.778413043E-01 -.779657189E-01 -.782123821E-01 -.785067813E-01 -.787893097E-01
 -.790100548E-01 -.791264540E-01 -.791016497E-01 -.789033312E-01 -.785030623E-01
 -.778760292E-01 -.770010955E-01 -.758610391E-01 -.744428696E-01 -.727380619E-01
 -.707426184E-01 -.684569531E-01 -.658856418E-01 -.630370339E-01 -.599227399E-01
 -.565570015E-01 -.529559464E-01 -.491367267E-01 -.451165257E-01 -.409114358E-01
 -.365352524E-01 -.319982788E-01 -.273062688E-01 -.224596310E-01 -.174529925E-01
 -.122751625E-01 -.690947324E-02 -.133440377E-02  .447565030E-02  .105496190E-01
  .169191577E-01  .236183182E-01  .306835709E-01  .381542276E-01  .460733062E-01
  .544888913E-01  .634560822E-01  .730396896E-01  .833179620E-01  .943878198E-01
  .106372453E+00  .119432862E+00  .133785952E+00  .149726353E+00  .167509285E+00
  .185268037E+00  .197556107E+00  .208205144E+00  .214190439E+00  .216297162E+00
  .215260997E+00  .207821214E+00  .199813146E+00  .192547171E+00  .186057114E+00
 -.658821122E-01 -.710010577E-01 -.731487728E-01 -.734716648E-01 -.734053755E-01
 -.734731234E-01 -.737435344E-01 -.741715316E-01 -.746942746E-01 -.752527620E-01
 -.757955292E-01 -.762782316E-01 -.766624568E-01 -.769146087E-01 -.770050627E-01
 -.769075975E-01 -.765990629E-01 -.760592466E-01 -.752712567E-01 -.742217625E-01
 -.729009766E-01 -.713024431E-01 -.694229978E-01 -.672625593E-01 -.648237720E-01
 -.621115036E-01 -.591322102E-01 -.558932989E-01 -.524024628E-01 -.486669364E-01
 -.446926998E-01 -.404837010E-01 -.360411861E-01 -.313631713E-01 -.264440840E-01
 -.212745883E-01 -.158415829E-01 -.101283261E-01 -.411461668E-02  .222305127E-02
  .891145033E-02  .159807850E-01  .234651488E-01  .314033667E-01  .398403413E-01
  .488290682E-01  .584335838E-01  .687332695E-01  .798292435E-01  .918541234E-01
  .104987545E+00  .119482075E+00  .135708760E+00  .154235782E+00  .175844629E+00
  .199133779E+00  .215381905E+00  .228410316E+00  .236463205E+00  .238444681E+00
  .237363417E+00  .227091359E+00  .214573617E+00  .203770764E+00  .194826863E+00
 -.636715406E-01 -.702790264E-01 -.697425551E-01 -.681737725E-01 -.679610232E-01
 -.683219315E-01 -.689939287E-01 -.698525934E-01 -.708187030E-01 -.718332147E-01
 -.728484294E-01 -.738239772E-01 -.747246321E-01 -.755189762E-01 -.761785121E-01
 -.766770176E-01 -.769899917E-01 -.770930804E-01 -.769648659E-01 -.765875180E-01
 -.759464440E-01 -.750286775E-01 -.738242571E-01 -.723261013E-01 -.705297971E-01
 -.684331685E-01 -.660353027E-01 -.633362378E-01 -.603368078E-01 -.570381791E-01
 -.534412117E-01 -.495457727E-01 -.453503280E-01 -.408515827E-01 -.360441482E-01
 -.309202829E-01 -.254697283E-01 -.196796001E-01 -.135342902E-01 -.701533628E-02
 -.101201531E-03  .723309731E-02  .150165844E-01  .232832249E-01  .320732358E-01
  .414349536E-01  .514274644E-01  .621242999E-01  .736186400E-01  .860306339E-01
  .995175842E-01  .114287530E+00  .130615510E+00  .148860517E+00  .169503417E+00
  .193245163E+00  .215186462E+00  .227064157E+00  .239312710E+00  .241038170E+00
  .241324369E+00  .234776890E+00  .220599871E+00  .208056341E+00  .198020257E+00
 -.517927575E-01 -.563940816E-01 -.586938784E-01 -.598302491E-01 -.609463587E-01
 -.622518144E-01 -.637088580E-01 -.652652290E-01 -.668782883E-01 -.685124601E-01
 -.701362700E-01 -.717207638E-01 -.732387210E-01 -.746642232E-01 -.759723695E-01
 -.771390488E-01 -.781380872E-01 -.789408407E-01 -.795210379E-01 -.798548995E-01
 -.799211514E-01 -.797009715E-01 -.791782440E-01 -.783398178E-01 -.771758978E-01
 -.756808157E-01 -.738474520E-01 -.716690734E-01 -.691413265E-01 -.662615800E-01
 -.630279736E-01 -.594376756E-01 -.554875555E-01 -.511740639E-01 -.464927673E-01
 -.414379257E-01 -.360023233E-01 -.301770819E-01 -.239514467E-01 -.173125693E-01
 -.102452440E-01 -.273156202E-02  .524954892E-02  .137229422E-01  .227180661E-01
  .322700168E-01  .424208719E-01  .532213247E-01  .647325957E-01  .770284838E-01
  .901971964E-01  .104342256E+00  .119581518E+00  .136044310E+00  .153877821E+00
  .173387845E+00  .196113432E+00  .209412895E+00  .217812685E+00  .227729812E+00
  .223698542E+00  .226503825E+00  .213799958E+00  .202202179E+00  .193820730E+00
 -.404259973E-01 -.441483094E-01 -.475610776E-01 -.505859503E-01 -.532819379E-01
 -.557976152E-01 -.582331636E-01 -.606344962E-01 -.630161218E-01 -.653762906E-01
 -.677047170E-01 -.699864252E-01 -.722037392E-01 -.743373508E-01 -.763668830E-01
 -.782711419E-01 -.800192729E-01 -.815792105E-01 -.829203373E-01 -.840137555E-01
 -.848325063E-01 -.853517627E-01 -.855490335E-01 -.854043451E-01 -.849003614E-01
 -.840223388E-01 -.827576275E-01 -.810959878E-01 -.790303305E-01 -.765576689E-01
 -.736795819E-01 -.703881102E-01 -.666789200E-01 -.625498002E-01 -.579986837E-01
 -.530223232E-01 -.476170901E-01 -.417787377E-01 -.355019922E-01 -.287804057E-01
 -.216061635E-01 -.139698900E-01 -.586045228E-02  .273523322E-02  .118323700E-01
  .214483760E-01  .316028117E-01  .423169754E-01  .536128741E-01  .655110650E-01
  .780265148E-01  .911610068E-01  .104889453E+00  .119134601E+00  .133715604E+00
  .148228403E+00  .161821663E+00  .173327030E+00  .182228610E+00  .188379402E+00
  .191656897E+00  .192315324E+00  .190551839E+00  .187287213E+00  .183642857E+00
 -.314820594E-01 -.347853739E-01 -.388640801E-01 -.428053165E-01 -.463948632E-01
 -.497891223E-01 -.530671983E-01 -.562739479E-01 -.594328458E-01 -.625529063E-01
 -.656334366E-01 -.686672781E-01 -.716429380E-01 -.745459497E-01 -.773597071E-01
 -.800618694E-01 -.826165723E-01 -.849882005E-01 -.871418565E-01 -.890437458E-01
 -.906615074E-01 -.919645079E-01 -.929241090E-01 -.935139037E-01 -.937099117E-01
 -.934907256E-01 -.928376200E-01 -.917347522E-01 -.901694050E-01 -.881321261E-01
 -.856165139E-01 -.826183527E-01 -.791375765E-01 -.751803642E-01 -.707516489E-01
 -.658477742E-01 -.604694804E-01 -.546185295E-01 -.482955657E-01 -.415011399E-01
 -.342354347E-01 -.264982225E-01 -.182889358E-01 -.960682295E-02 -.451276822E-03
  .917758537E-02  .192779632E-01  .298448409E-01  .408675928E-01  .523262974E-01
  .641861413E-01  .763890368E-01  .888413091E-01  .101396331E+00  .113832715E+00
  .125836426E+00  .137012865E+00  .146958639E+00  .155359326E+00  .162032881E+00
  .166931219E+00  .170139986E+00  .171876135E+00  .172472500E+00  .172300328E+00
 -.251529717E-01 -.285716808E-01 -.323899507E-01 -.364201936E-01 -.404671508E-01
 -.444705426E-01 -.484298615E-01 -.523556672E-01 -.562557996E-01 -.601326967E-01
 -.639836931E-01 -.678019757E-01 -.715775180E-01 -.752978271E-01 -.789485261E-01
 -.824995422E-01 -.859112512E-01 -.891439328E-01 -.921581629E-01 -.949151981E-01
 -.973773430E-01 -.995083002E-01 -.101273502E+00 -.102640426E+00 -.103578888E+00
 -.104061315E+00 -.104063011E+00 -.103562407E+00 -.102541309E+00 -.100985092E+00
 -.988828345E-01 -.962274442E-01 -.930160158E-01 -.892499952E-01 -.849345859E-01
 -.800791499E-01 -.747008700E-01 -.688150637E-01 -.624246104E-01 -.555380052E-01
 -.481635556E-01 -.403099332E-01 -.319866126E-01 -.232040915E-01 -.139744640E-01
 -.431225994E-02  .576433851E-02  .162317835E-01  .270588055E-01  .382032523E-01
  .496079763E-01  .611957352E-01  .728633821E-01  .844763302E-01  .958655694E-01
  .106831111E+00  .117155922E+00  .126630433E+00  .135080499E+00  .142389186E+00
  .148508304E+00  .153460634E+00  .157333440E+00  .160262083E+00  .162404502E+00
 -.181832612E-01 -.213463613E-01 -.259518478E-01 -.306086444E-01 -.351476538E-01
 -.396979151E-01 -.442758753E-01 -.488794892E-01 -.535024352E-01 -.581367724E-01
 -.627733974E-01 -.674020846E-01 -.720114427E-01 -.765888162E-01 -.811200659E-01
 -.855636227E-01 -.898759502E-01 -.940130141E-01 -.979307189E-01 -.101585313E+00
 -.104933786E+00 -.107934254E+00 -.110546355E+00 -.112731622E+00 -.114453872E+00
 -.115679562E+00 -.116378160E+00 -.116522480E+00 -.116089021E+00 -.115058262E+00
 -.113414948E+00 -.111148346E+00 -.108252499E+00 -.104726423E+00 -.100574223E+00
 -.958053129E-01 -.904346673E-01 -.844821857E-01 -.779735153E-01 -.709457764E-01
 -.634134373E-01 -.553925441E-01 -.469019013E-01 -.379613306E-01 -.285928254E-01
 -.188212669E-01 -.867549506E-02  .181029977E-02  .125948518E-01  .236277674E-01
  .348472268E-01  .461776534E-01  .575277747E-01  .687897724E-01  .798404752E-01
  .905455548E-01  .100767154E+00  .110374234E+00  .119253690E+00  .127319852E+00
  .134520536E+00  .140838811E+00  .146290378E+00  .150917064E+00  .154777794E+00
 -.131139708E-01 -.165366294E-01 -.206478137E-01 -.252678969E-01 -.301744216E-01
 -.352557625E-01 -.404606073E-01 -.457573086E-01 -.511223168E-01 -.565369122E-01
 -.619855751E-01 -.674547739E-01 -.729320245E-01 -.784051969E-01 -.838512540E-01
 -.892227996E-01 -.944717182E-01 -.995493656E-01 -.104406853E+00 -.108995394E+00
 -.113266684E+00 -.117173316E+00 -.120669210E+00 -.123710055E+00 -.126253757E+00
 -.128260894E+00 -.129695156E+00 -.130523784E+00 -.130717993E+00 -.130253367E+00
 -.129110238E+00 -.127274030E+00 -.124735572E+00 -.121491376E+00 -.117543862E+00
 -.112901565E+00 -.107579291E+00 -.101598199E+00 -.949859848E-01 -.877770450E-01
 -.800110554E-01 -.717388989E-01 -.629949535E-01 -.538043392E-01 -.441965275E-01
 -.342031070E-01 -.238588331E-01 -.132026331E-01 -.227868964E-02  .886239767E-02
  .201624737E-01  .315548868E-01  .429639908E-01  .543053913E-01  .654872315E-01
  .764127045E-01  .869837327E-01  .971054287E-01  .106690673E+00  .115664055E+00
  .123964592E+00  .131546938E+00  .138381189E+00  .144451671E+00  .149755291E+00
 -.599900629E-02 -.919071967E-02 -.142263857E-01 -.196076416E-01 -.251414778E-01
 -.308949050E-01 -.368259479E-01 -.428902926E-01 -.490543789E-01 -.552942628E-01
 -.615925524E-01 -.679358730E-01 -.743131211E-01 -.807143685E-01 -.871045483E-01
 -.934324883E-01 -.996460802E-01 -.105692408E+00 -.111518003E+00 -.117069188E+00
 -.122292478E+00 -.127135028E+00 -.131545114E+00 -.135472635E+00 -.138869637E+00
 -.141690834E+00 -.143894141E+00 -.145441198E+00 -.146297874E+00 -.146434758E+00
 -.145827617E+00 -.144457825E+00 -.142312744E+00 -.139386066E+00 -.135678098E+00
 -.131195998E+00 -.125953953E+00 -.119973304E+00 -.113282615E+00 -.105917682E+00
 -.979214309E-01 -.893440968E-01 -.802421417E-01 -.706832466E-01 -.607123708E-01
 -.503641395E-01 -.396757284E-01 -.286870315E-01 -.174410796E-01 -.598464827E-02
  .563116570E-02  .173505212E-01  .291126648E-01  .408521067E-01  .524991884E-01
  .639810237E-01  .752226950E-01  .861484989E-01  .966829994E-01  .106751704E+00
  .116281363E+00  .125200160E+00  .133438340E+00  .140929941E+00  .147616119E+00
  .306813614E-03 -.306250645E-02 -.777732584E-02 -.135215457E-01 -.198485256E-01
 -.264854713E-01 -.333042268E-01 -.402462704E-01 -.472828452E-01 -.543981342E-01
 -.615822679E-01 -.688281567E-01 -.761298331E-01 -.834813859E-01 -.908352003E-01
 -.981377928E-01 -.105333934E+00 -.112366969E+00 -.119179185E+00 -.125712232E+00
 -.131907590E+00 -.137707077E+00 -.143053390E+00 -.147890680E+00 -.152165144E+00
 -.155825626E+00 -.158824228E+00 -.161116918E+00 -.162664121E+00 -.163431288E+00
 -.163389443E+00 -.162515675E+00 -.160793600E+00 -.158213751E+00 -.154773917E+00
 -.150479409E+00 -.145343256E+00 -.139386327E+00 -.132637377E+00 -.125133017E+00
 -.116917616E+00 -.108043145E+00 -.985689149E-01 -.885614556E-01 -.780931703E-01
 -.672487791E-01 -.560672894E-01 -.445880787E-01 -.328508618E-01 -.208965369E-01
 -.876763405E-02  .349140337E-02  .158340433E-01  .282115595E-01  .405729335E-01
  .528646499E-01  .650302150E-01  .770091849E-01  .887354974E-01  .100135012E+00
  .111122445E+00  .121598420E+00  .131448107E+00  .140543676E+00  .148752648E+00
  .106646593E-01  .800774167E-02  .158302435E-02 -.635770360E-02 -.142988269E-01
 -.221670804E-01 -.300294071E-01 -.379248036E-01 -.458733188E-01 -.538860775E-01
 -.619698282E-01 -.701288424E-01 -.783657030E-01 -.866711153E-01 -.949923724E-01
 -.103273860E+00 -.111457464E+00 -.119483004E+00 -.127288693E+00 -.134811639E+00
 -.141988381E+00 -.148755467E+00 -.155050061E+00 -.160810589E+00 -.165977399E+00
 -.170493442E+00 -.174304959E+00 -.177362171E+00 -.179619950E+00 -.181038471E+00
 -.181583831E+00 -.181228619E+00 -.179952439E+00 -.177742360E+00 -.174593296E+00
 -.170508302E+00 -.165498788E+00 -.159584635E+00 -.152794219E+00 -.145164343E+00
 -.136740073E+00 -.127574496E+00 -.117728384E+00 -.107269813E+00 -.962737005E-01
 -.848215852E-01 -.729999311E-01 -.608838536E-01 -.485066851E-01 -.359018180E-01
 -.231022127E-01 -.101403323E-01  .295178812E-02  .161423610E-01  .293994723E-01
  .426903494E-01  .559800055E-01  .692288848E-01  .823890076E-01  .953980197E-01
  .108170610E+00  .120587313E+00  .132482500E+00  .143637441E+00  .153790309E+00
  .185717348E-01  .163833440E-01  .864646841E-02 -.715594306E-03 -.973946444E-02
 -.185793529E-01 -.273554133E-01 -.361309552E-01 -.449444413E-01 -.538215013E-01
 -.627802239E-01 -.718339334E-01 -.809927959E-01 -.902372999E-01 -.995131844E-01
 -.108762526E+00 -.117924238E+00 -.126934580E+00 -.135727690E+00 -.144236150E+00
 -.152391584E+00 -.160125295E+00 -.167368940E+00 -.174055230E+00 -.180118667E+00
 -.185496295E+00 -.190128460E+00 -.193959580E+00 -.196938890E+00 -.199021175E+00
 -.200167465E+00 -.200345674E+00 -.199531184E+00 -.197707357E+00 -.194865951E+00
 -.191007455E+00 -.186141309E+00 -.180286024E+00 -.173469186E+00 -.165727341E+00
 -.157105775E+00 -.147658169E+00 -.137446161E+00 -.126538785E+00 -.115011816E+00
 -.102946985E+00 -.904309742E-01 -.775543759E-01 -.644149594E-01 -.510402988E-01
 -.374539775E-01 -.236762417E-01 -.972406387E-02  .438885257E-02  .186519799E-01
  .330575926E-01  .475998219E-01  .622726589E-01  .770661043E-01  .919590684E-01
  .106906553E+00  .121816879E+00  .136512853E+00  .150672070E+00  .163756429E+00
  .213247565E-01  .184696662E-01  .117057999E-01  .282350873E-02 -.655185457E-02
 -.160036149E-01 -.254782514E-01 -.349918465E-01 -.445705498E-01 -.542385311E-01
 -.640161345E-01 -.739202679E-01 -.839652215E-01 -.941167765E-01 -.104318437E+00
 -.114509501E+00 -.124625588E+00 -.134599194E+00 -.144360258E+00 -.153836775E+00
 -.162955432E+00 -.171642293E+00 -.179823526E+00 -.187426155E+00 -.194378863E+00
 -.200612802E+00 -.206062430E+00 -.210666348E+00 -.214368122E+00 -.217117095E+00
 -.218869148E+00 -.219587414E+00 -.219242926E+00 -.217815180E+00 -.215292603E+00
 -.211672912E+00 -.206963363E+00 -.201180868E+00 -.194351982E+00 -.186512760E+00
 -.177708475E+00 -.167993209E+00 -.157429304E+00 -.146086702E+00 -.134042154E+00
 -.121378330E+00 -.108182840E+00 -.945472369E-01 -.805661075E-01 -.663352037E-01
 -.518885316E-01 -.372337882E-01 -.223728245E-01 -.730097930E-02  .799372387E-02
  .235314979E-01  .393417553E-01  .554639546E-01  .719480122E-01  .888536146E-01
  .106246869E+00  .124189790E+00  .142705679E+00  .161645872E+00  .180070654E+00
  .277554007E-01  .258404281E-01  .165316724E-01  .582575975E-02 -.429282298E-02
 -.143090092E-01 -.243589021E-01 -.344910272E-01 -.447337479E-01 -.551093267E-01
 -.656369351E-01 -.763334246E-01 -.872135117E-01 -.982255447E-01 -.109310065E+00
 -.120402990E+00 -.131436218E+00 -.142338193E+00 -.153034493E+00 -.163448443E+00
 -.173501780E+00 -.183115354E+00 -.192209897E+00 -.200706818E+00 -.208529055E+00
 -.215601946E+00 -.221854127E+00 -.227218439E+00 -.231632825E+00 -.235041206E+00
 -.237394320E+00 -.238650505E+00 -.238776409E+00 -.237747609E+00 -.235549131E+00
 -.232175844E+00 -.227632734E+00 -.221935029E+00 -.215108182E+00 -.207187704E+00
 -.198218844E+00 -.188256119E+00 -.177362692E+00 -.165609618E+00 -.153074948E+00
 -.139842707E+00 -.126001765E+00 -.111644585E+00 -.968658577E-01 -.817609357E-01
 -.664242004E-01 -.508835336E-01 -.351277706E-01 -.191364823E-01 -.287823180E-02
  .136918734E-01  .306355253E-01  .480358204E-01  .660037571E-01  .846878132E-01
  .104289175E+00  .125089594E+00  .147518363E+00  .172423237E+00  .203654078E+00
  .263738096E-01  .231469013E-01  .162024971E-01  .696100887E-02 -.307868544E-02
 -.133948817E-01 -.238797593E-01 -.345250886E-01 -.453429720E-01 -.563490970E-01
 -.675595542E-01 -.789903540E-01 -.906428790E-01 -.102457773E+00 -.114371072E+00
 -.126314469E+00 -.138215666E+00 -.149998816E+00 -.161585031E+00 -.172892962E+00
 -.183839448E+00 -.194340229E+00 -.204310729E+00 -.213666890E+00 -.222326061E+00
 -.230207925E+00 -.237235452E+00 -.243335870E+00 -.248441631E+00 -.252491355E+00
 -.255430741E+00 -.257213418E+00 -.257801717E+00 -.257167354E+00 -.255291995E+00
 -.252167699E+00 -.247797219E+00 -.242194143E+00 -.235382885E+00 -.227398511E+00
 -.218286386E+00 -.208101673E+00 -.196908658E+00 -.184779925E+00 -.171795381E+00
 -.158041143E+00 -.143608293E+00 -.128591500E+00 -.113087511E+00 -.971935048E-01
 -.810053120E-01 -.646154863E-01 -.480333235E-01 -.312282120E-01 -.141571674E-01
  .323854853E-02  .210380359E-01  .393472232E-01  .583081153E-01  .781121333E-01
  .990191812E-01  .121383596E+00  .145685570E+00  .172579440E+00  .203155680E+00
  .331612015E-01  .313236619E-01  .200798150E-01  .844459747E-02 -.226330397E-02
 -.129648313E-01 -.238400736E-01 -.349329827E-01 -.462597157E-01 -.578323349E-01
 -.696638408E-01 -.817689538E-01 -.941315140E-01 -.106687464E+00 -.119368511E+00
 -.132102195E+00 -.144812100E+00 -.157418190E+00 -.169837251E+00 -.181983431E+00
 -.193768873E+00 -.205104430E+00 -.215900461E+00 -.226067694E+00 -.235518150E+00
 -.244166116E+00 -.251929156E+00 -.258729135E+00 -.264493253E+00 -.269155055E+00
 -.272655411E+00 -.274943431E+00 -.275977308E+00 -.275725055E+00 -.274165129E+00
 -.271286918E+00 -.267091077E+00 -.261589700E+00 -.254806326E+00 -.246775763E+00
 -.237543734E+00 -.227166353E+00 -.215709425E+00 -.203247579E+00 -.189863258E+00
 -.175645549E+00 -.160688896E+00 -.145091672E+00 -.128954633E+00 -.112379242E+00
 -.954658337E-01 -.783115740E-01 -.610080771E-01 -.435354503E-01 -.258501375E-01
 -.789448577E-02  .104070718E-01  .291533134E-01  .484737442E-01  .685394405E-01
  .895789831E-01  .111901938E+00  .135927894E+00  .162143674E+00  .190088957E+00
  .279077679E-01  .241688507E-01  .173157519E-01  .820639174E-02 -.204062151E-02
 -.128560043E-01 -.240418937E-01 -.355380691E-01 -.473300163E-01 -.594200595E-01
 -.718181800E-01 -.845387486E-01 -.975486728E-01 -.110780451E+00 -.124162358E+00
 -.137618440E+00 -.151068670E+00 -.164429246E+00 -.177613009E+00 -.190529966E+00
 -.203087925E+00 -.215193213E+00 -.226751492E+00 -.237668646E+00 -.247851741E+00
 -.257210043E+00 -.265656076E+00 -.273106704E+00 -.279484222E+00 -.284717438E+00
 -.288742706E+00 -.291504919E+00 -.292958407E+00 -.293067738E+00 -.291808398E+00
 -.289167329E+00 -.285143301E+00 -.279747125E+00 -.273001676E+00 -.264941740E+00
 -.255613661E+00 -.245074821E+00 -.233392930E+00 -.220645152E+00 -.206917085E+00
 -.192301589E+00 -.176897504E+00 -.160808255E+00 -.144140365E+00 -.127001911E+00
 -.109500905E+00 -.917436726E-01 -.738332436E-01 -.558446252E-01 -.377431624E-01
 -.194846730E-01 -.101430407E-02  .177352394E-01  .368459528E-01  .564172884E-01
  .765697233E-01  .974507198E-01  .119249903E+00  .142240636E+00  .166556748E+00
  .330778149E-01  .303025362E-01  .211029372E-01  .988171562E-02 -.129176181E-02
 -.126386727E-01 -.242584599E-01 -.361807547E-01 -.484196096E-01 -.609880535E-01
 -.739012745E-01 -.871770997E-01 -.100768296E+00 -.114605533E+00 -.128614804E+00
 -.142717526E+00 -.156830753E+00 -.170867504E+00 -.184737201E+00 -.198346209E+00
 -.211598483E+00 -.224396304E+00 -.236641115E+00 -.248234437E+00 -.259078866E+00
 -.269079129E+00 -.278143186E+00 -.286183370E+00 -.293117531E+00 -.298870173E+00
 -.303373561E+00 -.306568762E+00 -.308406613E+00 -.308848580E+00 -.307867493E+00
 -.305448128E+00 -.301587637E+00 -.296295785E+00 -.289595015E+00 -.281520309E+00
 -.272118862E+00 -.261449568E+00 -.249582323E+00 -.236597166E+00 -.222583262E+00
 -.207637762E+00 -.191864556E+00 -.175372937E+00 -.158276217E+00 -.140690317E+00
 -.122732369E+00 -.104519373E+00 -.861669650E-01 -.677883984E-01 -.494284873E-01
 -.310601773E-01 -.126551776E-01  .581482698E-02  .243753223E-01  .430433302E-01
  .618164465E-01  .806508210E-01  .994146630E-01  .117790917E+00  .135129996E+00
  .330470375E-01  .296621561E-01  .213723629E-01  .105945068E-01 -.797786350E-03
 -.125011221E-01 -.244994393E-01 -.368097989E-01 -.494523992E-01 -.624474300E-01
 -.758155504E-01 -.895785115E-01 -.103677450E+00 -.118042282E+00 -.132597560E+00
 -.147262773E+00 -.161952675E+00 -.176577688E+00 -.191044378E+00 -.205256022E+00
 -.219113277E+00 -.232514940E+00 -.245358805E+00 -.257542609E+00 -.268965055E+00
 -.279526912E+00 -.289132157E+00 -.297689158E+00 -.305111875E+00 -.311321051E+00
 -.316245367E+00 -.319822551E+00 -.322000394E+00 -.322737671E+00 -.322004924E+00
 -.319785096E+00 -.316074000E+00 -.310880605E+00 -.304227121E+00 -.296148899E+00
 -.286694128E+00 -.275923336E+00 -.263908716E+00 -.250733285E+00 -.236489896E+00
 -.221280124E+00 -.205213066E+00 -.188404070E+00 -.170973435E+00 -.153045120E+00
 -.134745490E+00 -.116202135E+00 -.975427991E-01 -.788943662E-01 -.603818016E-01
 -.420134594E-01 -.237841120E-01 -.569586600E-02  .122370840E-01  .299814050E-01
  .474740696E-01  .646071772E-01  .812086222E-01  .970250397E-01  .111725340E+00
  .345666946E-01  .312773240E-01  .224889292E-01  .112289701E-01 -.482807379E-03
 -.124786006E-01 -.247772671E-01 -.374035765E-01 -.503813692E-01 -.637340971E-01
 -.774855663E-01 -.916555260E-01 -.106179010E+00 -.120984954E+00 -.135996579E+00
 -.151131745E+00 -.166303325E+00 -.181419626E+00 -.196384889E+00 -.211099873E+00
 -.225462534E+00 -.239368806E+00 -.252713470E+00 -.265391129E+00 -.277297259E+00
 -.288329335E+00 -.298388014E+00 -.307378359E+00 -.315211082E+00 -.321803782E+00
 -.327082152E+00 -.330981133E+00 -.333445987E+00 -.334433261E+00 -.333911619E+00
 -.331862522E+00 -.328280737E+00 -.323174656E+00 -.316566421E+00 -.308491849E+00
 -.299000149E+00 -.288153455E+00 -.276026170E+00 -.262704141E+00 -.248283703E+00
 -.232870592E+00 -.216578782E+00 -.199529268E+00 -.181848827E+00 -.163668822E+00
 -.145124063E+00 -.126351818E+00 -.107491033E+00 -.886819159E-01 -.700661672E-01
 -.517344525E-01 -.336930128E-01 -.159589748E-01  .143668117E-02  .184450179E-01
  .349942198E-01  .509846476E-01  .662856900E-01  .807375648E-01  .941616738E-01
  .355072806E-01  .322704878E-01  .231234592E-01  .115480462E-01 -.364406699E-03
 -.125537799E-01 -.250637421E-01 -.379234132E-01 -.511572002E-01 -.647888760E-01
 -.788430780E-01 -.933323960E-01 -.108190129E+00 -.123343710E+00 -.138714920E+00
 -.154220154E+00 -.169770738E+00 -.185273319E+00 -.200630347E+00 -.215740653E+00
 -.230500128E+00 -.244802507E+00 -.258540254E+00 -.271605555E+00 -.283891382E+00
 -.295292654E+00 -.305707443E+00 -.315038236E+00 -.323193211E+00 -.330087510E+00
 -.335644494E+00 -.339796934E+00 -.342488124E+00 -.343672885E+00 -.343318441E+00
 -.341405133E+00 -.337926961E+00 -.332891940E+00 -.326322246E+00 -.318254172E+00
 -.308737868E+00 -.297836890E+00 -.285627563E+00 -.272198183E+00 -.257648068E+00
 -.242086499E+00 -.225631581E+00 -.208409044E+00 -.190551046E+00 -.172194984E+00
 -.153482382E+00 -.134557871E+00 -.115568290E+00 -.966619060E-01 -.779876676E-01
 -.596941682E-01 -.418047009E-01 -.243415288E-01 -.733835846E-02  .915777574E-02
  .250851059E-01  .403666887E-01  .549117067E-01  .686193800E-01  .813860202E-01
  .345752122E-01  .308937494E-01  .224628520E-01  .114260081E-01 -.411222822E-03
 -.126680928E-01 -.252990559E-01 -.383116378E-01 -.517229895E-01 -.655533337E-01
 -.798254825E-01 -.945450507E-01 -.109643535E+00 -.125046931E+00 -.140675812E+00
 -.156445468E+00 -.172266139E+00 -.188043352E+00 -.203678364E+00 -.219068722E+00
 -.234108933E+00 -.248691248E+00 -.262706560E+00 -.276045394E+00 -.288599003E+00
 -.300260534E+00 -.310926266E+00 -.320496890E+00 -.328878816E+00 -.335985472E+00
 -.341738588E+00 -.346069421E+00 -.348919895E+00 -.350243636E+00 -.350006879E+00
 -.348189206E+00 -.344784120E+00 -.339799415E+00 -.333257359E+00 -.325194653E+00
 -.315662198E+00 -.304724658E+00 -.292459838E+00 -.278957893E+00 -.264320401E+00
 -.248659308E+00 -.232095801E+00 -.214759125E+00 -.196785378E+00 -.178316335E+00
 -.159498313E+00 -.140481131E+00 -.121417176E+00 -.102460621E+00 -.837668555E-01
 -.654922524E-01 -.477032674E-01 -.304194994E-01 -.136707479E-01  .250307277E-02
  .180523870E-01  .329191180E-01  .470388618E-01  .603442753E-01  .727696608E-01
  .368830241E-01  .339495293E-01  .238313234E-01  .116894247E-01 -.368613596E-03
 -.126928861E-01 -.253940452E-01 -.384996706E-01 -.520229557E-01 -.659789098E-01
 -.803872135E-01 -.952485000E-01 -.110492888E+00 -.126045543E+00 -.141826476E+00
 -.157750538E+00 -.173727548E+00 -.189662587E+00 -.205456406E+00 -.221005973E+00
 -.236205139E+00 -.250945427E+00 -.265116927E+00 -.278609303E+00 -.291312897E+00
 -.303119906E+00 -.313925640E+00 -.323629809E+00 -.332137854E+00 -.339362262E+00
 -.345223868E+00 -.349653094E+00 -.352591114E+00 -.353990906E+00 -.353818168E+00
 -.352052087E+00 -.348685914E+00 -.343727361E+00 -.337198788E+00 -.329137178E+00
 -.319593918E+00 -.308634363E+00 -.296337230E+00 -.282793813E+00 -.268107061E+00
 -.252390531E+00 -.235767265E+00 -.218368602E+00 -.200332979E+00 -.181804733E+00
 -.162932947E+00 -.143870357E+00 -.124772336E+00 -.105795967E+00 -.870991947E-01
 -.688400078E-01 -.511112532E-01 -.339304680E-01 -.173239521E-01 -.132610315E-02
  .140216458E-01  .286724084E-01  .425760382E-01  .556819387E-01  .679423824E-01
  .331568214E-01  .289938951E-01  .213912903E-01  .112332132E-01 -.283641264E-03
 -.125239937E-01 -.252624119E-01 -.384326548E-01 -.520229288E-01 -.660421437E-01
 -.805091238E-01 -.954243051E-01 -.110718412E+00 -.126317272E+00 -.142141506E+00
 -.158106478E+00 -.174122427E+00 -.190094754E+00 -.205924446E+00 -.221508628E+00
 -.236741239E+00 -.251513834E+00 -.265716483E+00 -.279238793E+00 -.291971011E+00
 -.303805218E+00 -.314636586E+00 -.324364677E+00 -.332894775E+00 -.340139214E+00
 -.346018677E+00 -.350463448E+00 -.353414575E+00 -.354824935E+00 -.354660151E+00
 -.352899361E+00 -.349535806E+00 -.344577225E+00 -.338046044E+00 -.329979365E+00
 -.320428735E+00 -.309459728E+00 -.297151335E+00 -.283595181E+00 -.268894610E+00
 -.253163641E+00 -.236525842E+00 -.219113152E+00 -.201064672E+00 -.182525470E+00
 -.163645414E+00 -.144578059E+00 -.125479597E+00 -.106507878E+00 -.878214608E-01
 -.695786614E-01 -.518782168E-01 -.347371945E-01 -.181809192E-01 -.224215860E-02
  .130400736E-01  .276221730E-01  .414580931E-01  .545019563E-01  .667110069E-01
  .407700238E-01  .386541904E-01  .266812357E-01  .132762390E-01  .680627828E-03
 -.119629003E-01 -.248754377E-01 -.381255825E-01 -.517467739E-01 -.657658954E-01
 -.802103785E-01 -.950873343E-01 -.110330803E+00 -.125869005E+00 -.141624390E+00
 -.157513787E+00 -.173448651E+00 -.189335431E+00 -.205076042E+00 -.220568460E+00
 -.235707422E+00 -.250385241E+00 -.264492727E+00 -.277920207E+00 -.290558638E+00
 -.302300801E+00 -.313042555E+00 -.322684135E+00 -.331131476E+00 -.338297536E+00
 -.344103592E+00 -.348480477E+00 -.351369740E+00 -.352724698E+00 -.352511349E+00
 -.350709130E+00 -.347311500E+00 -.342326322E+00 -.335776058E+00 -.327697737E+00
 -.318142736E+00 -.307176347E+00 -.294877169E+00 -.281336329E+00 -.266656559E+00
 -.250951157E+00 -.234342869E+00 -.216962708E+00 -.198948757E+00 -.180444987E+00
 -.161600106E+00 -.142566479E+00 -.123499122E+00 -.104554802E+00 -.858912292E-01
 -.676663780E-01 -.499642382E-01 -.328034250E-01 -.162113546E-01 -.223566197E-03
  .151173310E-01  .297632361E-01  .436627618E-01  .567640761E-01  .690182720E-01
  .368216953E-01  .332342596E-01  .247487190E-01  .133874547E-01  .110060360E-02
 -.115540082E-01 -.244926589E-01 -.377293916E-01 -.512954077E-01 -.652239401E-01
 -.795483424E-01 -.942841269E-01 -.109369213E+00 -.124734810E+00 -.140305754E+00
 -.156000858E+00 -.171733299E+00 -.187411092E+00 -.202937625E+00 -.218212301E+00
 -.233131272E+00 -.247588272E+00 -.261475544E+00 -.274684871E+00 -.287108683E+00
 -.298641241E+00 -.309179884E+00 -.318626313E+00 -.326887899E+00 -.333878985E+00
 -.339522159E+00 -.343749477E+00 -.346503599E+00 -.347738812E+00 -.347421933E+00
 -.345533037E+00 -.342066026E+00 -.337028994E+00 -.330444400E+00 -.322349035E+00
 -.312793777E+00 -.301843159E+00 -.289574751E+00 -.276078372E+00 -.261455165E+00
 -.245816562E+00 -.229283157E+00 -.211983536E+00 -.194053094E+00 -.175632866E+00
 -.156868414E+00 -.137908793E+00 -.118905628E+00 -.100012310E+00 -.813833261E-01
 -.631737226E-01 -.454338608E-01 -.281858408E-01 -.114617330E-01  .469630264E-02
  .202363574E-01  .350978861E-01  .492138892E-01  .625143686E-01  .749310330E-01
  .395862868E-01  .370537453E-01  .266108547E-01  .138129281E-01  .121656097E-02
 -.114429771E-01 -.242928172E-01 -.373925885E-01 -.507851873E-01 -.645086594E-01
 -.785992042E-01 -.930801109E-01 -.107892229E+00 -.122969266E+00 -.138238237E+00
 -.153619920E+00 -.169029351E+00 -.184376351E+00 -.199566129E+00 -.214499945E+00
 -.229075871E+00 -.243189626E+00 -.256735517E+00 -.269607448E+00 -.281700028E+00
 -.292909732E+00 -.303136125E+00 -.312283127E+00 -.320260284E+00 -.326984046E+00
 -.332379005E+00 -.336379081E+00 -.338928627E+00 -.339983417E+00 -.339511513E+00
 -.337493967E+00 -.333925352E+00 -.328814110E+00 -.322182693E+00 -.314067513E+00
 -.304518677E+00 -.293599540E+00 -.281386074E+00 -.267966066E+00 -.253438188E+00
 -.237910949E+00 -.221501562E+00 -.204334773E+00 -.186541677E+00 -.168258560E+00
 -.149625813E+00 -.130786952E+00 -.111887775E+00 -.930756886E-01 -.744991853E-01
 -.562895853E-01 -.384623203E-01 -.210421610E-01 -.406549034E-02  .124177206E-01
  .283424020E-01  .436278692E-01  .581791199E-01  .718908532E-01  .846547658E-01
  .361913411E-01  .329630497E-01  .242270778E-01  .126968138E-01  .546466962E-03
 -.118308095E-01 -.244112408E-01 -.372248422E-01 -.503092376E-01 -.637014083E-01
 -.774366462E-01 -.915441740E-01 -.105966502E+00 -.120638864E+00 -.135489789E+00
 -.150441643E+00 -.165411166E+00 -.180310026E+00 -.195045436E+00 -.209520823E+00
 -.223636584E+00 -.237290917E+00 -.250380738E+00 -.262802684E+00 -.274454185E+00
 -.285234604E+00 -.295046426E+00 -.303796483E+00 -.311397190E+00 -.317767777E+00
 -.322835482E+00 -.326536694E+00 -.328818010E+00 -.329637178E+00 -.328963921E+00
 -.326780596E+00 -.323082692E+00 -.317879137E+00 -.311192411E+00 -.303058468E+00
 -.293526451E+00 -.282658217E+00 -.270527693E+00 -.257220056E+00 -.242830782E+00
 -.227464581E+00 -.211234244E+00 -.194259445E+00 -.176665536E+00 -.158582362E+00
 -.140143169E+00 -.121483635E+00 -.102741103E+00 -.840540990E-01 -.655622093E-01
 -.473240729E-01 -.293482767E-01 -.116544107E-01  .572380214E-02  .227341924E-01
  .393009744E-01  .553195491E-01  .706531791E-01  .851348199E-01  .985778677E-01
  .348956398E-01  .320145432E-01  .228637917E-01  .111612536E-01 -.740165489E-03
 -.127371419E-01 -.248989348E-01 -.372795739E-01 -.499206146E-01 -.628567890E-01
 -.761193253E-01 -.897378080E-01 -.103657846E+00 -.117814765E+00 -.132137682E+00
 -.146550003E+00 -.160969915E+00 -.175310898E+00 -.189482297E+00 -.203389967E+00
 -.216936988E+00 -.230024472E+00 -.242552453E+00 -.254420849E+00 -.265530501E+00
 -.275784276E+00 -.285088209E+00 -.293352680E+00 -.300493604E+00 -.306433604E+00
 -.311103156E+00 -.314441670E+00 -.316398495E+00 -.316933810E+00 -.316019393E+00
 -.313639234E+00 -.309789986E+00 -.304481235E+00 -.297735577E+00 -.289588509E+00
 -.280088115E+00 -.269294576E+00 -.257279494E+00 -.244125055E+00 -.229923055E+00
 -.214773803E+00 -.198784929E+00 -.182070140E+00 -.164747938E+00 -.146940362E+00
 -.128771771E+00 -.110367754E+00 -.918542360E-01 -.733569105E-01 -.549744815E-01
 -.366999861E-01 -.185300708E-01 -.468693686E-03  .174678799E-01  .352436846E-01
  .527920133E-01  .699995609E-01  .866862462E-01  .102587408E+00  .117357452E+00
  .312701214E-01  .284013676E-01  .195353328E-01  .838877225E-02 -.284761826E-02
 -.141951601E-01 -.257471909E-01 -.375476654E-01 -.496226961E-01 -.619937636E-01
 -.746818717E-01 -.877088522E-01 -.101026461E+00 -.114568788E+00 -.128264826E+00
 -.142038691E+00 -.155809930E+00 -.169493913E+00 -.183002328E+00 -.196243748E+00
 -.209124313E+00 -.221548481E+00 -.233419875E+00 -.244642208E+00 -.255120276E+00
 -.264761003E+00 -.273474543E+00 -.281175396E+00 -.287783536E+00 -.293225529E+00
 -.297435612E+00 -.300356713E+00 -.301941391E+00 -.302152671E+00 -.300964752E+00
 -.298363572E+00 -.294347207E+00 -.288926103E+00 -.282123115E+00 -.273973367E+00
 -.264523917E+00 -.253833238E+00 -.241970531E+00 -.229014861E+00 -.215054163E+00
 -.200184107E+00 -.184506865E+00 -.168129794E+00 -.151164055E+00 -.133723205E+00
 -.115921769E+00 -.978738065E-01 -.796914794E-01 -.614835591E-01 -.432512429E-01
 -.249690680E-01 -.660958504E-02  .118550977E-01  .304502060E-01  .491923534E-01
  .680780720E-01  .870608324E-01  .106002574E+00  .124572283E+00  .142092543E+00
  .236018346E-01  .198244225E-01  .131438297E-01  .434867307E-02 -.553054793E-02
 -.159742231E-01 -.267953369E-01 -.379320936E-01 -.493668595E-01 -.610993952E-01
 -.731377145E-01 -.854945851E-01 -.981289932E-01 -.110974175E+00 -.123959348E+00
 -.137009676E+00 -.150046408E+00 -.162987166E+00 -.175746351E+00 -.188235662E+00
 -.200364716E+00 -.212041762E+00 -.223174478E+00 -.233670854E+00 -.243440129E+00
 -.252393788E+00 -.260446604E+00 -.267517692E+00 -.273531575E+00 -.278419235E+00
 -.282119120E+00 -.284578103E+00 -.285752352E+00 -.285608100E+00 -.284122297E+00
 -.281283121E+00 -.277090330E+00 -.271555451E+00 -.264701789E+00 -.256564260E+00
 -.247189039E+00 -.236633026E+00 -.224963145E+00 -.212255478E+00 -.198594247E+00
 -.184070666E+00 -.168781668E+00 -.152828531E+00 -.136315419E+00 -.119347838E+00
 -.102031032E+00 -.844683193E-01 -.667593759E-01 -.489310875E-01 -.309472612E-01
 -.127625673E-01  .567920731E-02  .244472195E-01  .436259999E-01  .633183449E-01
  .836490295E-01  .104771005E+00  .126881191E+00  .150263772E+00  .175057568E+00
  .253080163E-01  .230952676E-01  .126213422E-01  .218919423E-02 -.761442928E-02
 -.175757793E-01 -.278055419E-01 -.383147106E-01 -.491005467E-01 -.601627904E-01
 -.715057222E-01 -.831375295E-01 -.950277510E-01 -.107110585E+00 -.119316735E+00
 -.131573339E+00 -.143804079E+00 -.155929425E+00 -.167867025E+00 -.179532184E+00
 -.190838461E+00 -.201698346E+00 -.212024019E+00 -.221728186E+00 -.230724968E+00
 -.238930847E+00 -.246265642E+00 -.252653503E+00 -.258023907E+00 -.262312639E+00
 -.265462731E+00 -.267425348E+00 -.268160590E+00 -.267638201E+00 -.265838161E+00
 -.262751142E+00 -.258378821E+00 -.252734030E+00 -.245840743E+00 -.237733889E+00
 -.228458994E+00 -.218071646E+00 -.206636799E+00 -.194227917E+00 -.180925965E+00
 -.166818263E+00 -.151997211E+00 -.136558893E+00 -.120601574E+00 -.104224081E+00
 -.875240801E-01 -.705962132E-01 -.534889877E-01 -.361699160E-01 -.185944147E-01
 -.703081687E-03  .175822027E-01  .363637819E-01  .557760496E-01  .759967444E-01
  .972635416E-01  .119898508E+00  .144338343E+00  .171089789E+00  .199672838E+00
  .173152596E-01  .137942068E-01  .748005209E-02 -.722383563E-03 -.973950423E-02
 -.191355743E-01 -.287976448E-01 -.386999231E-01 -.488378147E-01 -.592131749E-01
 -.698309920E-01 -.806984274E-01 -.917984802E-01 -.103068295E+00 -.114441511E+00
 -.125848320E+00 -.137215657E+00 -.148467509E+00 -.159525322E+00 -.170308501E+00
 -.180734992E+00 -.190721942E+00 -.200186433E+00 -.209046270E+00 -.217220832E+00
 -.224631954E+00 -.231204849E+00 -.236869033E+00 -.241559254E+00 -.245216399E+00
 -.247788362E+00 -.249230860E+00 -.249508169E+00 -.248593767E+00 -.246470873E+00
 -.243132853E+00 -.238583497E+00 -.232837142E+00 -.225918640E+00 -.217863171E+00
 -.208715888E+00 -.198531402E+00 -.187373117E+00 -.175312405E+00 -.162427638E+00
 -.148803084E+00 -.134527673E+00 -.119693632E+00 -.104395007E+00 -.887260614E-01
 -.727795612E-01 -.566199728E-01 -.402272740E-01 -.235705525E-01 -.660559648E-02
  .107284433E-01  .285137490E-01  .468605134E-01  .659165382E-01  .858811087E-01
  .107024842E+00  .129716717E+00  .154456810E+00  .181926621E+00  .213262004E+00
  .177630187E-01  .156402784E-01  .680752411E-02 -.276712191E-02 -.117499956E-01
 -.207464785E-01 -.298776627E-01 -.391757234E-01 -.486541856E-01 -.583222309E-01
 -.681878255E-01 -.782584964E-01 -.885313751E-01 -.989480266E-01 -.109446060E+00
 -.119959484E+00 -.130419092E+00 -.140752887E+00 -.150886550E+00 -.160743978E+00
 -.170247868E+00 -.179320365E+00 -.187883774E+00 -.195861308E+00 -.203177891E+00
 -.209760989E+00 -.215541466E+00 -.220454445E+00 -.224440164E+00 -.227444815E+00
 -.229421340E+00 -.230330172E+00 -.230139909E+00 -.228827901E+00 -.226380730E+00
 -.222794577E+00 -.218075471E+00 -.212239390E+00 -.205312225E+00 -.197329607E+00
 -.188336572E+00 -.178387090E+00 -.167543449E+00 -.155875499E+00 -.143459760E+00
 -.130378411E+00 -.116718135E+00 -.102568849E+00 -.880223024E-01 -.731705962E-01
 -.580847703E-01 -.427608812E-01 -.271868855E-01 -.113411869E-01  .480928973E-02
  .213116687E-01  .382305952E-01  .556530078E-01  .736948800E-01  .925111694E-01
  .112311657E+00  .133389954E+00  .156193290E+00  .181604871E+00  .213635712E+00
  .107972570E-01  .756084252E-02  .159175044E-02 -.606254350E-02 -.142810309E-01
 -.226895393E-01 -.312187973E-01 -.398693012E-01 -.486532419E-01 -.575823671E-01
 -.666660999E-01 -.759117208E-01 -.853247299E-01 -.948556576E-01 -.104446004E+00
 -.114033647E+00 -.123553376E+00 -.132937400E+00 -.142115863E+00 -.151017388E+00
 -.159569663E+00 -.167700072E+00 -.175336372E+00 -.182407400E+00 -.188843829E+00
 -.194578943E+00 -.199549422E+00 -.203696144E+00 -.206964966E+00 -.209307490E+00
 -.210681788E+00 -.211053078E+00 -.210394330E+00 -.208686799E+00 -.205920455E+00
 -.202094322E+00 -.197216692E+00 -.191305223E+00 -.184386918E+00 -.176497959E+00
 -.167683430E+00 -.157996897E+00 -.147499876E+00 -.136261172E+00 -.124356111E+00
 -.111865663E+00 -.988754627E-01 -.854746584E-01 -.717545089E-01 -.577810977E-01
 -.435661620E-01 -.291161764E-01 -.144317239E-01  .493268425E-03  .156724236E-01
  .311279018E-01  .468914061E-01  .630050471E-01  .795217409E-01  .965044507E-01
  .114022644E+00  .132141270E+00  .150884558E+00  .170096838E+00  .188798448E+00
  .872830705E-02  .639023155E-02 -.891762829E-03 -.927863597E-02 -.172280790E-01
 -.250750002E-01 -.329443119E-01 -.408862569E-01 -.489258472E-01 -.570772174E-01
 -.653488666E-01 -.737460564E-01 -.822721210E-01 -.908931214E-01 -.995533345E-01
 -.108193972E+00 -.116753607E+00 -.125168618E+00 -.133373666E+00 -.141302216E+00
 -.148887083E+00 -.156061034E+00 -.162757419E+00 -.168910837E+00 -.174457830E+00
 -.179337598E+00 -.183492726E+00 -.186869904E+00 -.189420645E+00 -.191101977E+00
 -.191877092E+00 -.191715961E+00 -.190595877E+00 -.188501927E+00 -.185427394E+00
 -.181374047E+00 -.176352353E+00 -.170381568E+00 -.163489730E+00 -.155713536E+00
 -.147098113E+00 -.137696681E+00 -.127570114E+00 -.116786406E+00 -.105420054E+00
 -.935513476E-01 -.812658731E-01 -.686538336E-01 -.557649607E-01 -.426241846E-01
 -.292534440E-01 -.156716036E-01 -.189432742E-02  .120660220E-01  .262003426E-01
  .405024262E-01  .549679660E-01  .695924475E-01  .843670879E-01  .992713790E-01
  .114259666E+00  .129237359E+00  .144020432E+00  .158273327E+00  .171436184E+00
  .109205430E-02 -.199023318E-02 -.746961294E-02 -.141640847E-01 -.210825984E-01
 -.280682589E-01 -.351287274E-01 -.422768170E-01 -.495190534E-01 -.568579540E-01
 -.642938346E-01 -.718256916E-01 -.794516172E-01 -.871510760E-01 -.948708318E-01
 -.102555285E+00 -.110146736E+00 -.117585741E+00 -.124811532E+00 -.131762482E+00
 -.138376623E+00 -.144592188E+00 -.150348202E+00 -.155585092E+00 -.160245322E+00
 -.164274045E+00 -.167619757E+00 -.170234949E+00 -.172076752E+00 -.173107550E+00
 -.173295567E+00 -.172615404E+00 -.171048528E+00 -.168583697E+00 -.165217308E+00
 -.160953671E+00 -.155805202E+00 -.149792524E+00 -.142944478E+00 -.135298043E+00
 -.126898175E+00 -.117797551E+00 -.108056248E+00 -.977412961E-01 -.869263651E-01
 -.756900833E-01 -.641175760E-01 -.522387467E-01 -.400879071E-01 -.276982113E-01
 -.151019559E-01 -.233075486E-02  .105843231E-01  .236125628E-01  .367232201E-01
  .498847511E-01  .630633667E-01  .762205173E-01  .893087898E-01  .102265604E+00
  .115004170E+00  .127401729E+00  .139287004E+00  .150432964E+00  .160567277E+00
 -.645049460E-02 -.988963967E-02 -.143809685E-01 -.196781841E-01 -.254374148E-01
 -.314630948E-01 -.376621561E-01 -.439890514E-01 -.504193740E-01 -.569382516E-01
 -.635352120E-01 -.702017283E-01 -.769298536E-01 -.837095499E-01 -.904909572E-01
 -.972220383E-01 -.103849007E+00 -.110316714E+00 -.116569048E+00 -.122549370E+00
 -.128200988E+00 -.133467654E+00 -.138294107E+00 -.142626624E+00 -.146413595E+00
 -.149606105E+00 -.152158520E+00 -.154029065E+00 -.155180388E+00 -.155580106E+00
 -.155201311E+00 -.154023046E+00 -.152030729E+00 -.149216524E+00 -.145579655E+00
 -.141126650E+00 -.135871521E+00 -.129835874E+00 -.123048944E+00 -.115547556E+00
 -.107376046E+00 -.985860552E-01 -.892365175E-01 -.793924787E-01 -.691303501E-01
 -.584941919E-01 -.475208620E-01 -.362474237E-01 -.247124998E-01 -.129563174E-01
 -.102086433E-02  .110499678E-01  .232102999E-01  .354122283E-01  .476057671E-01
  .597386396E-01  .717557281E-01  .835979543E-01  .952003807E-01  .106489450E+00
  .117379583E+00  .127769915E+00  .137542734E+00  .146565961E+00  .154701828E+00
 -.115002133E-01 -.146528221E-01 -.193090560E-01 -.243945431E-01 -.295656093E-01
 -.348937723E-01 -.403589143E-01 -.459325950E-01 -.515913967E-01 -.573174513E-01
 -.630967376E-01 -.689174453E-01 -.747687907E-01 -.806402778E-01 -.864961003E-01
 -.922874501E-01 -.979644317E-01 -.103476254E+00 -.108771535E+00 -.113798687E+00
 -.118506333E+00 -.122843777E+00 -.126761478E+00 -.130211555E+00 -.133148297E+00
 -.135528674E+00 -.137312850E+00 -.138464680E+00 -.138952203E+00 -.138748102E+00
 -.137830138E+00 -.136181558E+00 -.133791449E+00 -.130655059E+00 -.126774067E+00
 -.122156797E+00 -.116818385E+00 -.110780911E+00 -.104073431E+00 -.967319368E-01
 -.887995926E-01 -.803255249E-01 -.713699375E-01 -.619754021E-01 -.521726949E-01
 -.419963715E-01 -.314831141E-01 -.206722787E-01 -.960660912E-02  .166717039E-02
  .130978801E-01  .246295981E-01  .362016509E-01  .477489578E-01  .592027529E-01
  .704916291E-01  .815427427E-01  .922829428E-01  .102639570E+00  .112540771E+00
  .121915375E+00  .130692694E+00  .138802873E+00  .146178535E+00  .152758245E+00
 -.171798470E-01 -.205724143E-01 -.245566467E-01 -.289724456E-01 -.336088475E-01
 -.383653814E-01 -.432026276E-01 -.480995088E-01 -.530408575E-01 -.580141009E-01
 -.630079231E-01 -.680114194E-01 -.730134864E-01 -.780023838E-01 -.829567528E-01
 -.878322769E-01 -.925835515E-01 -.971644352E-01 -.101528423E+00 -.105629042E+00
 -.109420268E+00 -.112856954E+00 -.115895277E+00 -.118493173E+00 -.120610793E+00
 -.122210937E+00 -.123259491E+00 -.123725841E+00 -.123583278E+00 -.122809385E+00
 -.121386387E+00 -.119301480E+00 -.116547116E+00 -.113121267E+00 -.109027657E+00
 -.104275921E+00 -.988816894E-01 -.928669798E-01 -.862601449E-01 -.790945663E-01
 -.714153407E-01 -.632496638E-01 -.546198059E-01 -.455521698E-01 -.360748544E-01
 -.262188060E-01 -.160185828E-01 -.551329907E-02  .525228694E-02  .162266427E-01
  .273504161E-01  .385556667E-01  .497656329E-01  .608953335E-01  .718532613E-01
  .825442716E-01  .928734834E-01  .102750693E+00  .112094581E+00  .120836010E+00
  .128919932E+00  .136305797E+00  .142966703E+00  .148887813E+00  .154064721E+00
 -.214519608E-01 -.243729469E-01 -.289386441E-01 -.334444397E-01 -.377561551E-01
 -.420332417E-01 -.463011076E-01 -.505647230E-01 -.548236041E-01 -.590744343E-01
 -.633115445E-01 -.675270686E-01 -.717110616E-01 -.758515850E-01 -.799347154E-01
 -.839255674E-01 -.877831574E-01 -.914659494E-01 -.949322683E-01 -.981407156E-01
 -.101050578E+00 -.103622232E+00 -.105817540E+00 -.107600236E+00 -.108936308E+00
 -.109794359E+00 -.110145951E+00 -.109965930E+00 -.109232737E+00 -.107928710E+00
 -.106040371E+00 -.103558659E+00 -.100479094E+00 -.968019629E-01 -.925327186E-01
 -.876820024E-01 -.822643474E-01 -.763014710E-01 -.698249679E-01 -.628411947E-01
 -.553645926E-01 -.474112581E-01 -.389982325E-01 -.301444677E-01 -.208713488E-01
 -.112035757E-01 -.117030998E-02  .919336286E-02  .198446374E-01  .307308891E-01
  .417873951E-01  .529351488E-01  .640792786E-01  .751088526E-01  .858990439E-01
  .963164681E-01  .106227742E+00  .115510071E+00  .124061682E+00  .131809874E+00
  .138715289E+00  .144771898E+00  .150002839E+00  .154452914E+00  .158179431E+00
 -.276926687E-01 -.310471107E-01 -.347192305E-01 -.385573762E-01 -.423814927E-01
 -.461320711E-01 -.498116636E-01 -.534348983E-01 -.570132022E-01 -.605518141E-01
 -.640501139E-01 -.675026585E-01 -.709001811E-01 -.742303724E-01 -.774784424E-01
 -.806222472E-01 -.836249171E-01 -.864492320E-01 -.890581195E-01 -.914150956E-01
 -.934846585E-01 -.952326500E-01 -.966265964E-01 -.976360319E-01 -.982328048E-01
 -.983913590E-01 -.980889801E-01 -.973059922E-01 -.960259180E-01 -.942357295E-01
 -.919261804E-01 -.890919950E-01 -.857315480E-01 -.818463203E-01 -.774435435E-01
 -.725393516E-01 -.671353166E-01 -.612348791E-01 -.548451771E-01 -.479722668E-01
 -.406229322E-01 -.328047331E-01 -.245261150E-01 -.157968253E-01 -.662854449E-02
  .296417019E-02  .129625332E-01  .233416440E-01  .340679146E-01  .450956505E-01
  .563626698E-01  .677850099E-01  .792511926E-01  .906174176E-01  .101706507E+00
  .112314760E+00  .122229779E+00  .131256743E+00  .139244266E+00  .146101878E+00
  .151807597E+00  .156406895E+00  .160002868E+00  .162736495E+00  .164760025E+00
 -.333918332E-01 -.364894793E-01 -.405324482E-01 -.443373027E-01 -.477030755E-01
 -.508465402E-01 -.538578408E-01 -.567854507E-01 -.596541452E-01 -.624734699E-01
 -.652429864E-01 -.679556240E-01 -.705997953E-01 -.731607077E-01 -.756211453E-01
 -.779618825E-01 -.801548273E-01 -.821664064E-01 -.839637243E-01 -.855149834E-01
 -.867897909E-01 -.877594272E-01 -.883971008E-01 -.886781975E-01 -.885805225E-01
 -.880845272E-01 -.871734853E-01 -.858335115E-01 -.840531049E-01 -.818233806E-01
 -.791392219E-01 -.760006965E-01 -.724112326E-01 -.683643408E-01 -.638580412E-01
 -.588927968E-01 -.534683025E-01 -.475841059E-01 -.412398627E-01 -.344348909E-01
 -.271681822E-01 -.194384207E-01 -.112440636E-01 -.258355334E-02  .654427979E-02
  .161395270E-01  .262000778E-01  .367198426E-01  .476859946E-01  .590747481E-01
  .708449813E-01  .829287481E-01  .952174990E-01  .107543219E+00  .119656913E+00
  .131218204E+00  .141827430E+00  .151114159E+00  .158818797E+00  .164812494E+00
  .169096869E+00  .171802659E+00  .173186767E+00  .173598228E+00  .173383331E+00
 -.421031893E-01 -.457424662E-01 -.489081055E-01 -.516286331E-01 -.540328854E-01
 -.562753095E-01 -.584483164E-01 -.605905981E-01 -.627119697E-01 -.648078974E-01
 -.668664402E-01 -.688715694E-01 -.708048433E-01 -.726462850E-01 -.743748228E-01
 -.759684483E-01 -.774041504E-01 -.786547615E-01 -.796911240E-01 -.804860958E-01
 -.810144821E-01 -.812531150E-01 -.811809894E-01 -.807794275E-01 -.800322787E-01
 -.789262007E-01 -.774511353E-01 -.756012443E-01 -.733697349E-01 -.707482849E-01
 -.677313451E-01 -.643153420E-01 -.604974720E-01 -.562740464E-01 -.516413655E-01
 -.465956147E-01 -.411323586E-01 -.352463245E-01 -.289312401E-01 -.221796223E-01
 -.149825917E-01 -.732968668E-02  .791325626E-03  .939462734E-02  .184964873E-01
  .281152970E-01  .382713915E-01  .489864555E-01  .602821629E-01  .721774503E-01
  .846834037E-01  .977939877E-01  .111469291E+00  .125603752E+00  .139957847E+00
  .153999175E+00  .166710472E+00  .177091655E+00  .184905294E+00  .189948474E+00
  .192280439E+00  .192112968E+00  .189822682E+00  .186529958E+00  .183131408E+00
 -.533936680E-01 -.579206869E-01 -.596373122E-01 -.602510933E-01 -.610397451E-01
 -.620901113E-01 -.633159111E-01 -.646491353E-01 -.660409279E-01 -.674526561E-01
 -.688510678E-01 -.702060493E-01 -.714895595E-01 -.726750669E-01 -.737371964E-01
 -.746514547E-01 -.753939667E-01 -.759411730E-01 -.762702567E-01 -.763599228E-01
 -.761907957E-01 -.757456335E-01 -.750094430E-01 -.739695282E-01 -.726154832E-01
 -.709391260E-01 -.689343334E-01 -.665966561E-01 -.639223626E-01 -.609079985E-01
 -.575505337E-01 -.538470950E-01 -.497944832E-01 -.453886699E-01 -.406245766E-01
 -.354958560E-01 -.299946465E-01 -.241113565E-01 -.178344552E-01 -.111502362E-01
 -.404252891E-02  .350767511E-02  .115227193E-01  .200289414E-01  .290575367E-01
  .386456689E-01  .488378618E-01  .596876840E-01  .712596682E-01  .836312650E-01
  .968943645E-01  .111155568E+00  .126534356E+00  .143160853E+00  .161201295E+00
  .181191943E+00  .204115007E+00  .210892273E+00  .221969567E+00  .224547749E+00
  .223256496E+00  .222987367E+00  .208634158E+00  .198906684E+00  .191607985E+00
 -.630578930E-01 -.686095303E-01 -.685880549E-01 -.674822218E-01 -.672229093E-01
 -.674435334E-01 -.679521820E-01 -.686407383E-01 -.694340209E-01 -.702737316E-01
 -.711119586E-01 -.719078639E-01 -.726257542E-01 -.732338752E-01 -.737036339E-01
 -.740090977E-01 -.741266871E-01 -.740350330E-01 -.737150290E-01 -.731499903E-01
 -.723257782E-01 -.712308513E-01 -.698562344E-01 -.681954040E-01 -.662440912E-01
 -.639999980E-01 -.614624172E-01 -.586317445E-01 -.555088980E-01 -.520947858E-01
 -.483898552E-01 -.443936312E-01 -.401042550E-01 -.355180708E-01 -.306293104E-01
 -.254298573E-01 -.199090715E-01 -.140536522E-01 -.784750658E-02 -.127157406E-02
  .569644682E-02  .130825335E-01  .209170101E-01  .292355440E-01  .380805870E-01
  .475034239E-01  .575670621E-01  .683503068E-01  .799535090E-01  .925066452E-01
  .106180441E+00  .121200757E+00  .137864758E+00  .156559358E+00  .177830325E+00
  .202039603E+00  .218748514E+00  .230462814E+00  .239699699E+00  .239477864E+00
  .239598272E+00  .228459261E+00  .215055470E+00  .203865833E+00  .194999143E+00
 -.656347819E-01 -.705058284E-01 -.722086766E-01 -.722071553E-01 -.719660247E-01
 -.719034226E-01 -.720504162E-01 -.723546987E-01 -.727527700E-01 -.731857328E-01
 -.736019796E-01 -.739567751E-01 -.742112299E-01 -.743313449E-01 -.742873016E-01
 -.740530107E-01 -.736058749E-01 -.729267045E-01 -.719997250E-01 -.708126079E-01
 -.693564615E-01 -.676257415E-01 -.656180677E-01 -.633339404E-01 -.607763630E-01
 -.579503716E-01 -.548624754E-01 -.515200140E-01 -.479304516E-01 -.441006430E-01
 -.400361085E-01 -.357403422E-01 -.312141950E-01 -.264553776E-01 -.214581187E-01
 -.162129880E-01 -.107068653E-01 -.492301384E-02  .115880465E-02  .756225167E-02
  .143144542E-01  .214462548E-01  .289927621E-01  .369943044E-01  .454979241E-01
  .545596079E-01  .642475617E-01  .746470401E-01  .858676062E-01  .980543954E-01
  .111406348E+00  .126207284E+00  .142881128E+00  .162076824E+00  .184409847E+00
  .205350206E+00  .219177909E+00  .231232490E+00  .235998217E+00  .237490360E+00
  .233061062E+00  .221409344E+00  .209785966E+00  .200056635E+00  .192011936E+00
 -.728360535E-01 -.792662639E-01 -.781262933E-01 -.763585510E-01 -.757479319E-01
 -.755696647E-01 -.756149517E-01 -.757825123E-01 -.759997000E-01 -.762068518E-01
 -.763533194E-01 -.763955306E-01 -.762955737E-01 -.760202114E-01 -.755403369E-01
 -.748308091E-01 -.738705432E-01 -.726427265E-01 -.711350367E-01 -.693397711E-01
 -.672538312E-01 -.648785413E-01 -.622193098E-01 -.592851585E-01 -.560881464E-01
 -.526427024E-01 -.489648667E-01 -.450714343E-01 -.409789921E-01 -.367028675E-01
 -.322560299E-01 -.276480214E-01 -.228840164E-01 -.179641133E-01 -.128829398E-01
 -.762960605E-02 -.218798158E-02  .346278275E-02  .934760899E-02  .154948598E-01
  .219358503E-01  .287046130E-01  .358379945E-01  .433761455E-01  .513634590E-01
  .598500286E-01  .688937447E-01  .785632241E-01  .889419091E-01  .100133916E+00
  .112272691E+00  .125534408E+00  .140158584E+00  .156457600E+00  .174397056E+00
  .190015538E+00  .200982643E+00  .210520308E+00  .214194543E+00  .215842946E+00
  .212099924E+00  .204251901E+00  .196761443E+00  .190027623E+00  .184041564E+00
 -.701620319E-01 -.753677702E-01 -.776509331E-01 -.782005678E-01 -.783438883E-01
 -.785276688E-01 -.787888358E-01 -.790722836E-01 -.793168601E-01 -.794710126E-01
 -.794922233E-01 -.793439731E-01 -.789934437E-01 -.784104555E-01 -.775674364E-01
 -.764400608E-01 -.750082018E-01 -.732568958E-01 -.711770997E-01 -.687661085E-01
 -.660275823E-01 -.629712136E-01 -.596121189E-01 -.559700679E-01 -.520686467E-01
 -.479343989E-01 -.435959198E-01 -.390828236E-01 -.344244921E-01 -.296485530E-01
 -.247791305E-01 -.198350228E-01 -.148280466E-01 -.976181762E-02 -.463118383E-02
  .577584404E-03  .588588931E-02  .113213673E-01  .169161906E-01  .227054012E-01
  .287255189E-01  .350135620E-01  .416065220E-01  .485412402E-01  .558545876E-01
  .635838055E-01  .717668202E-01  .804422471E-01  .896485727E-01  .994214865E-01
  .109787124E+00  .120746171E+00  .132237699E+00  .144063071E+00  .155713573E+00
  .166186975E+00  .174850914E+00  .181373924E+00  .185510327E+00  .187195969E+00
  .186504937E+00  .184073129E+00  .180744689E+00  .177061758E+00  .173342647E+00
 -.760135279E-01 -.831683656E-01 -.811776968E-01 -.800348086E-01 -.804398270E-01
 -.811777545E-01 -.819220923E-01 -.825442759E-01 -.829877539E-01 -.832239838E-01
 -.832327309E-01 -.829933658E-01 -.824818536E-01 -.816709364E-01 -.805321141E-01
 -.790384507E-01 -.771674758E-01 -.749036653E-01 -.722401806E-01 -.691797039E-01
 -.657343584E-01 -.619248524E-01 -.577791353E-01 -.533309311E-01 -.486184667E-01
 -.436835349E-01 -.385707855E-01 -.333269253E-01 -.279994177E-01 -.226343602E-01
 -.172734991E-01 -.119507114E-01 -.668860032E-02 -.149593979E-02  .363343290E-02
  .871998650E-02  .137962214E-01  .189032222E-01  .240867646E-01  .293937203E-01
  .348692791E-01  .405551639E-01  .464887183E-01  .527025811E-01  .592246077E-01
  .660777017E-01  .732792066E-01  .808394458E-01  .887588360E-01  .970227245E-01
  .105592718E+00  .114393008E+00  .123290926E+00  .132075078E+00  .140447056E+00
  .148058620E+00  .154590091E+00  .159805239E+00  .163569513E+00  .165861698E+00
  .166786921E+00  .166572608E+00  .165512570E+00  .163889607E+00  .161932538E+00
 -.665456471E-01 -.722160820E-01 -.763651753E-01 -.794635535E-01 -.820122592E-01
 -.840799619E-01 -.856373414E-01 -.867311921E-01 -.874322580E-01 -.877923024E-01
 -.878380315E-01 -.875721808E-01 -.869768228E-01 -.860191666E-01 -.846589433E-01
 -.828559729E-01 -.805767584E-01 -.777994939E-01 -.745172514E-01 -.707392319E-01
 -.664900251E-01 -.618070861E-01 -.567371539E-01 -.513327819E-01 -.456500838E-01
 -.397481757E-01 -.336899816E-01 -.275433678E-01 -.213811699E-01 -.152787303E-01
 -.930835190E-02 -.353146802E-02  .200944766E-02  .729701933E-02  .123416337E-01
  .171799427E-01  .218693171E-01  .264794234E-01  .310831261E-01  .357490191E-01
  .405368102E-01  .454954272E-01  .506629436E-01  .560673358E-01  .617273297E-01
  .676528632E-01  .738448702E-01  .802941722E-01  .869792896E-01  .938630276E-01
  .100887848E+00  .107970491E+00  .114997269E+00  .121822939E+00  .128277142E+00
  .134180713E+00  .139368601E+00  .143711868E+00  .147133497E+00  .149616998E+00
  .151207243E+00  .152001660E+00  .152131762E+00  .151740438E+00  .150962932E+00
 -.627170046E-01 -.687970279E-01 -.746583680E-01 -.803158511E-01 -.855487810E-01
 -.891508157E-01 -.911104584E-01 -.923521635E-01 -.930954057E-01 -.934575616E-01
 -.935093885E-01 -.932634394E-01 -.926842037E-01 -.917041858E-01 -.902427905E-01
 -.882230104E-01 -.855832689E-01 -.822851857E-01 -.783183661E-01 -.737024201E-01
 -.684852358E-01 -.627360698E-01 -.565346685E-01 -.499610932E-01 -.430906990E-01
 -.359955428E-01 -.287507971E-01 -.214434597E-01 -.141795184E-01 -.708423545E-02
 -.290839074E-03  .608076381E-02  .119459628E-01  .172701578E-01  .220748880E-01
  .264354425E-01  .304680490E-01  .343069868E-01  .380800680E-01  .418928735E-01
  .458241520E-01  .499281945E-01  .542395353E-01  .587773910E-01  .635489225E-01
  .685512001E-01  .737720209E-01  .791897746E-01  .847725588E-01  .904767772E-01
  .962455677E-01  .102007612E+00  .107677127E+00  .113156002E+00  .118338823E+00
  .123120785E+00  .127407365E+00  .131123849E+00  .134222860E+00  .136688553E+00
  .138536787E+00  .139811161E+00  .140575709E+00  .140905910E+00  .140880080E+00
 -.602696637E-01 -.669933657E-01 -.741852410E-01 -.821080919E-01 -.908767120E-01
 -.964008471E-01 -.988508509E-01 -.998484182E-01 -.100061845E+00 -.100156421E+00
 -.100161879E+00 -.100060103E+00 -.997361821E-01 -.990089417E-01 -.976953175E-01
 -.956437202E-01 -.927403331E-01 -.889157471E-01 -.841500668E-01 -.784779159E-01
 -.719977962E-01 -.648583942E-01 -.572154449E-01 -.491946471E-01 -.408821717E-01
 -.323362170E-01 -.236087759E-01 -.147738784E-01 -.596205507E-02  .260992952E-02
  .106552555E-01  .179062552E-01  .241893176E-01  .294351909E-01  .336846785E-01
  .370959196E-01  .399414369E-01  .425259749E-01  .450878921E-01  .477757987E-01
  .506706531E-01  .538111158E-01  .572106817E-01  .608676229E-01  .647703449E-01
  .689000278E-01  .732316854E-01  .777343151E-01  .823705633E-01  .870962289E-01
  .918599041E-01  .966030733E-01  .101260996E+00  .105764651E+00  .110043843E+00
  .114031310E+00  .117667347E+00  .120904239E+00  .123709795E+00  .126069360E+00
  .127985993E+00  .129478814E+00  .130579847E+00  .131329994E+00  .131774844E+00
 -.574949938E-01 -.644420450E-01 -.721159296E-01 -.808616214E-01 -.912512591E-01
 -.990001039E-01 -.104803464E+00 -.106850799E+00 -.107616198E+00 -.107116173E+00
 -.107011487E+00 -.107541879E+00 -.108200277E+00 -.108374013E+00 -.107683320E+00
 -.105960396E+00 -.102980770E+00 -.986316382E-01 -.929128465E-01 -.857652563E-01
 -.773734655E-01 -.682065869E-01 -.586517052E-01 -.488879325E-01 -.389510757E-01
 -.288034910E-01 -.183775582E-01 -.760974635E-02  .350042719E-02  .146991589E-01
  .250415839E-01  .336618712E-01  .405992123E-01  .455162410E-01  .486760637E-01
  .499572918E-01  .503409651E-01  .508182930E-01  .516902659E-01  .530106602E-01
  .547645138E-01  .569168682E-01  .594279889E-01  .622581858E-01  .653688640E-01
  .687221592E-01  .722800938E-01  .760036482E-01  .798519365E-01  .837816064E-01
  .877465689E-01  .916981590E-01  .955858163E-01  .993583291E-01  .102965609E+00
  .106360861E+00  .109502908E+00  .112358370E+00  .114903383E+00  .117124603E+00
  .119019345E+00  .120594857E+00  .121866861E+00  .122857593E+00  .123593651E+00
 -.536932153E-01 -.602637864E-01 -.674108636E-01 -.752274764E-01 -.836452469E-01
 -.923410843E-01 -.102427378E+00 -.106642348E+00 -.110752572E+00 -.110300767E+00
 -.111301523E+00 -.114374784E+00 -.118925264E+00 -.121287455E+00 -.120782301E+00
 -.120872390E+00 -.118121011E+00 -.112341662E+00 -.106828932E+00 -.974753047E-01
 -.845564647E-01 -.719624468E-01 -.600042088E-01 -.484681499E-01 -.370930082E-01
 -.256169383E-01 -.137646176E-01 -.121270264E-02  .124786501E-01  .281009873E-01
  .448375750E-01  .517804766E-01  .633831844E-01  .638780189E-01  .696012581E-01
  .635928444E-01  .596078448E-01  .575309455E-01  .566963004E-01  .567696641E-01
  .575413513E-01  .588682435E-01  .606469558E-01  .627988054E-01  .652606639E-01
  .679791530E-01  .709068576E-01  .739998086E-01  .772158174E-01  .805134284E-01
  .838513728E-01  .871884597E-01  .904838679E-01  .936977953E-01  .967923987E-01
  .997329252E-01  .102488903E+00  .105035241E+00  .107353099E+00  .109430389E+00
  .111261870E+00  .112848796E+00  .114198192E+00  .115321834E+00  .116235087E+00
 -.489451156E-01 -.547925659E-01 -.610176158E-01 -.676277132E-01 -.745909093E-01
 -.818346017E-01 -.891548838E-01 -.964853675E-01 -.105876744E+00 -.105098738E+00
 -.108502744E+00 -.114802161E+00 -.125468191E+00 -.130602514E+00 -.127437999E+00
 -.131660905E+00 -.129337230E+00 -.120055381E+00 -.118295988E+00 -.106809072E+00
 -.877059759E-01 -.724239406E-01 -.590892458E-01 -.467590446E-01 -.348640082E-01
 -.229900623E-01 -.107653597E-01  .221904094E-02  .164888092E-01  .327300024E-01
  .486903348E-01  .573711801E-01  .671830260E-01  .693510537E-01  .727868673E-01
  .677767601E-01  .629394574E-01  .600776630E-01  .586185617E-01  .581641246E-01
  .584577549E-01  .593295146E-01  .606611171E-01  .623653568E-01  .643741667E-01
  .666315730E-01  .690893931E-01  .717045084E-01  .744371074E-01  .772495769E-01
  .801058703E-01  .829712492E-01  .858123281E-01  .885973631E-01  .912967223E-01
  .938834666E-01  .963339650E-01  .986284615E-01  .100751521E+00  .102692290E+00
  .104444547E+00  .106006514E+00  .107380470E+00  .108572199E+00  .109590319E+00
  .124263836E+01  .125949830E+01  .127089017E+01  .128429162E+01  .129846177E+01
  .131291758E+01  .132963513E+01  .134423384E+01  .136007743E+01  .137637959E+01
  .139291063E+01  .140996619E+01  .142776693E+01  .144594307E+01  .146469865E+01
  .148402488E+01  .150407862E+01  .152455193E+01  .154577990E+01  .156773386E+01
  .159032759E+01  .161366566E+01  .163779413E+01  .166277837E+01  .168859331E+01
  .171534777E+01  .174301774E+01  .177176099E+01  .180151446E+01  .183245850E+01
  .186457350E+01  .189801490E+01  .193278022E+01  .196900314E+01  .200683760E+01
  .204627239E+01  .208754300E+01  .213071202E+01  .217596397E+01  .222350723E+01
  .227335709E+01  .232598691E+01  .238141238E+01  .244006182E+01  .250211599E+01
  .256801105E+01  .263819474E+01  .271303817E+01  .279334128E+01  .287938579E+01
  .297248418E+01  .307326171E+01  .318327243E+01  .330351893E+01  .343676601E+01
  .358485197E+01  .375158234E+01  .394213172E+01  .416225057E+01  .442335137E+01
  .474280445E+01  .515248873E+01  .571763936E+01  .664152415E+01  .108061034E+02
   89   89
  .109899912E+01 -.500000000E-01  .109934090E+01  .500000000E-01  .110222033E+01
  .150000000E+00  .110562500E+01  .224424983E+00  .110992995E+01  .300000000E+00
  .111769938E+01  .400000000E+00  .112832245E+01  .500000000E+00  .113467476E+01
  .550000000E+00  .114949002E+01  .650000000E+00  .115875000E+01  .703163216E+00
  .117887407E+01  .800000000E+00  .119143769E+01  .850000000E+00  .121187500E+01
  .918449041E+00  .123843750E+01  .979314916E+00  .126500000E+01  .101519799E+01
  .131812500E+01  .104235751E+01  .137125000E+01  .104375644E+01  .142437500E+01
  .103554906E+01  .147750000E+01  .102183654E+01  .153062500E+01  .100386295E+01
  .155718750E+01  .994175821E+00  .161031250E+01  .972709714E+00  .165673080E+01
  .950000000E+00  .169000000E+01  .933551805E+00  .174312500E+01  .902393758E+00
  .176968750E+01  .885954296E+00  .182062231E+01  .850000000E+00  .184937500E+01
  .828801057E+00  .188389817E+01  .800000000E+00  .192906250E+01  .760343225E+00
  .195562500E+01  .734823067E+00  .198891564E+01  .700000000E+00  .203270489E+01
  .650000000E+00  .206187500E+01  .613041347E+00  .208843750E+01  .575805878E+00
  .211500000E+01  .534513491E+00  .214156250E+01  .488356056E+00  .216812500E+01
  .436389606E+00  .219468750E+01  .377664090E+00  .222125000E+01  .311206004E+00
  .224287802E+01  .250000000E+00  .225824244E+01  .200000000E+00  .227437500E+01
  .133338879E+00  .228763536E+01  .500000000E-01  .228936771E+01 -.500000000E-01
  .227610948E+01 -.150000000E+00  .226477640E+01 -.200000000E+00  .224781250E+01
 -.259459918E+00  .222125000E+01 -.338000816E+00  .219701845E+01 -.400000000E+00
  .217495155E+01 -.450000000E+00  .215016650E+01 -.500000000E+00  .212204239E+01
 -.550000000E+00  .208997642E+01 -.600000000E+00  .206187500E+01 -.639119400E+00
  .203531250E+01 -.672843391E+00  .200875000E+01 -.703739859E+00  .196520919E+01
 -.750000000E+00  .192906250E+01 -.785645613E+00  .190250000E+01 -.809693921E+00
  .185383644E+01 -.850000000E+00  .182281250E+01 -.874538809E+00  .178591662E+01
 -.900000000E+00  .174312500E+01 -.928701568E+00  .170573689E+01 -.950000000E+00
  .166343750E+01 -.973814807E+00  .161031250E+01 -.998982818E+00  .158375000E+01
 -.101131153E+01  .153062500E+01 -.103347012E+01  .148430038E+01 -.105000000E+01
  .145093750E+01 -.106285962E+01  .139781250E+01 -.108111786E+01  .134468750E+01
 -.109685348E+01  .131812500E+01 -.110506996E+01  .124914585E+01 -.112626300E+01
  .123843750E+01 -.108743399E+01  .121782079E+01 -.100000000E+01  .120652644E+01
 -.950000000E+00  .118651023E+01 -.850000000E+00  .117748881E+01 -.800000000E+00
  .116114663E+01 -.700000000E+00  .115367873E+01 -.650000000E+00  .113978440E+01
 -.550000000E+00  .113218750E+01 -.491348834E+00  .112126896E+01 -.400000000E+00
  .111141109E+01 -.300000000E+00  .110562500E+01 -.220731267E+00  .110175060E+01
 -.150000000E+00  .109899912E+01 -.500000000E-01
  .101600000E+01  .000000000E+00  .101600000E+01  .964000000E+00  .101800000E+01
  .968000000E+00  .101800000E+01  .100100000E+01  .101800000E+01  .101900000E+01
  .101800000E+01  .107700000E+01  .101800000E+01  .107000000E+01  .101800000E+01
  .109600000E+01  .101800000E+01  .111300000E+01  .101800000E+01  .113800000E+01
  .101600000E+01  .114700000E+01  .101200000E+01  .116500000E+01  .100100000E+01
  .121700000E+01  .102900000E+01  .121700000E+01  .104200000E+01  .116240000E+01
  .104600000E+01  .116238000E+01  .105600000E+01  .116260000E+01  .109700000E+01
  .116450000E+01  .110800000E+01  .116594000E+01  .111600000E+01  .116591000E+01
  .113400000E+01  .116896000E+01  .114800000E+01  .117175000E+01  .116200000E+01
  .117556000E+01  .118100000E+01  .118300000E+01  .118200000E+01  .118350000E+01
  .118500000E+01  .118500000E+01  .119000000E+01  .118800000E+01  .119500000E+01
  .119100000E+01  .120100000E+01  .119600000E+01  .120900000E+01  .120200000E+01
  .121500000E+01  .120800000E+01  .122200000E+01  .121400000E+01  .122800000E+01
  .122100000E+01  .123400000E+01  .123100000E+01  .123900000E+01  .123800000E+01
  .124200000E+01  .124400000E+01  .124800000E+01  .125400000E+01  .125800000E+01
  .127800000E+01  .126300000E+01  .129000000E+01  .128000000E+01  .133100000E+01
  .128000000E+01  .134700000E+01  .128000000E+01  .134800000E+01  .131000000E+01
  .134800000E+01  .132800000E+01  .134800000E+01  .136100000E+01  .134800000E+01
  .138000000E+01  .134800000E+01  .141900000E+01  .134800000E+01  .141900000E+01
  .131000000E+01  .137200000E+01  .131000000E+01  .137200000E+01  .129200000E+01
  .160800000E+01  .109500000E+01  .164700000E+01  .107700000E+01  .178500000E+01
  .107700000E+01  .207000000E+01  .104000000E+01  .212800000E+01  .993000000E+00
  .224500000E+01  .709000000E+00  .232300000E+01  .519000000E+00  .237700000E+01
  .389000000E+00  .235200000E+01  .400000000E+00  .235100000E+01  .337000000E+00
  .235100000E+01  .205000000E+00  .235400000E+01  .680000000E-01  .235400000E+01
  .000000000E+00  .235400000E+01 -.680000000E-01  .235300000E+01 -.205000000E+00
  .235100000E+01 -.337000000E+00  .235300000E+01 -.400000000E+00  .237700000E+01
 -.389000000E+00  .213400000E+01 -.973000000E+00  .178600000E+01 -.117400000E+01
  .176800000E+01 -.121100000E+01  .176800000E+01 -.125400000E+01  .168200000E+01
 -.125400000E+01  .167400000E+01 -.126200000E+01  .167400000E+01 -.132900000E+01
  .168100000E+01 -.133900000E+01  .175400000E+01 -.133900000E+01  .175400000E+01
 -.136800000E+01  .168900000E+01 -.136800000E+01  .168900000E+01 -.136600000E+01
  .155500000E+01 -.136600000E+01  .141200000E+01 -.136600000E+01  .127300000E+01
 -.136600000E+01  .115300000E+01 -.136600000E+01  .101600000E+01 -.122900000E+01
  .101600000E+01 -.800000000E+00  .101600000E+01 -.415000000E+00  .101600000E+01
 -.400000000E+00  .101600000E+01  .000000000E+00
    0  .170000000E+01    0
  .000000000E+00  .901207385E-01  .128027271E+00  .157314028E+00  .182187752E+00
  .204322056E+00  .223250843E+00  .242017161E+00  .259713198E+00  .276449824E+00
  .292381575E+00  .307724591E+00  .322503655E+00  .336782675E+00  .350675197E+00
  .364228711E+00  .377435144E+00  .390386925E+00  .403084880E+00  .415562629E+00
  .427862374E+00  .439982036E+00  .451933325E+00  .463766803E+00  .475500234E+00
  .487095050E+00  .498606383E+00  .510050398E+00  .521425884E+00  .532746873E+00
  .544003280E+00  .555257114E+00  .566461241E+00  .577651996E+00  .588855058E+00
  .600036521E+00  .611250766E+00  .622465696E+00  .633720336E+00  .645029888E+00
  .656358346E+00  .667775472E+00  .679238550E+00  .690796173E+00  .702441162E+00
  .714186535E+00  .726059047E+00  .738048700E+00  .750211767E+00  .762499746E+00
  .775007418E+00  .787701794E+00  .800646316E+00  .813813876E+00  .827310689E+00
  .841120794E+00  .855306104E+00  .869956846E+00  .885091559E+00  .900856028E+00
  .917385966E+00  .934915186E+00  .953740230E+00  .974634055E+00  .100000000E+01
    0
 $OUT1
 ISHOT	= 101363
 ITIME	= 2000
 BETAP0	= .5
 RZERO	= 1.6955
 QENP	= .0
 ENP	= 1.0
 EMP	= 1.0
 PLASMA	= 1116060.603317165
 EXPMP2	= .4865357339160026 .4847187276956668 .3454677918144593
 .1554409246016834 7.620788512402553E-03 -4.545489220076078E-02
 -9.704590187132182E-02 6.543899545400648E-02 .1378999871699606
 .1750566943956719 .2341251803893545 .2202493194774694
 .2838363717949511 .2770663346242033 .2400335038054096
 .4706503695770325 .3770656361640617 .1719052051177278
 1.072842359859083E-02 -6.344726330694371E-02 -9.987524564070732E-02
 2.332533910357558E-02 .1356288581818336 .1182129583159101
 .2035163410992747 .2363559271317014 .2258586360409325
 .2860779282301347 .2726813384262298 -.105448660800257
 -2.299904651913793E-02 9.464296914813039E-02 .1394091779489154
 .1390953140966697 .184067792787781 .2338834476113436 .2210330228428652
 .2854481208862875 .2767349550773299 .2394221882157526
 .2740583632111263 .2853259030654692 .226885034408019 .2368326047235906
 .2006736411329924 .1184277949595756 .1336062352158666
 3.242865326368866E-02 -9.679384740889263E-02 -6.207557851613885E-02
 1.027044605422544E-02 .1748482910448862 .3795736420954055
 .4707107117763561 .486961251611278 .4840795013437904 .3436894572434331
 .1644702240872316 5.427095420792156E-03 -5.112414681213428E-02
 .1086657154565586 .1227856426418424 .113585429581138 .1027283336599518
 -4.953067038152941E-02 -2.028421041665556E-02 -.112402997652113
 -.139318907241213 -6.111745882077350E-02 -5.825221438451433E-02
 9.808922068935681E-02 4.254480045422358E-02 3.089466480115828E-03
 COILS	= -2.557591086339043E-02 -4.868846824616047E-03
 2.954873364190118E-02 7.590701826998947E-02 9.883449476263520E-02
 -.138800905228159 -.153636455475379 .1193975183245943
 -4.697718441484491E-02 -2.293329943878380E-02 -1.475538619538046E-02
 2.673039652796293E-02 7.805082806731144E-02 .1063560312964699
 -.131078751742392 -.150522598990891 .1228374624988107
 -4.262724212562539E-02 -9.490065451519304E-03 -3.254509589952002E-03
 1.915967587855637E-02 5.674240655978435E-02 8.161232492954383E-02
 .101932583086622 -2.996128635235692E-02 -.132072719340123
 -.11327307493161 -.165506276827105 -.112259277209404
 -6.724385557573361E-03 1.265295122208846E-02 5.614431905112885E-02
 8.553934783604310E-02 .1064371825783473 -4.419518528255277E-02
 -.129094382661504 -.105835456559261 -.157335858780796
 -.102802447321237 7.296006531434779E-02 8.475929200634197E-03
 BTOR	= -2.00282976997936
 RCENTR	= 1.6955
 BRSP	= -162016.121083268 -94460.5959920644 -16785.8725887866
 124187.9341732778 103201.4475570421 -171793.779349944 -159780.00359333
 172370.0792077981 -108848.393840567 -138358.688290636
 -130441.536102446 -17789.6293511045 124417.0303365641 117004.263319328
 -164901.265022366 -163265.462385467 168636.5354644165
 -108620.527796619 232.2408196583773 -274.370397349991
 2932.991778013044 -3465.05191324523 -.689805611786551
 -.642491667029871 .7648343581261595 .8025712730398818
 .4976438032860995 .3891819962861138 5.144123372768356E-04
 -7.613079682247993E-02 .6354432038619966 .9687971925704271
 .4585837018752219 .4235919977529436 .2993964314400137
 -5.693457680644527E-02 .2520382727591293 -.553897662686304
 .2657956707253288 .1251862431723015 .1169572444837577
 .3528091824917622 1.14171277574557 -.483034177963531 .1514572984598633
 -.448474876358486 .4181191409027589 .1129756214695248
 -3.778192375012034E-02 -.262174324123948 .5675997219326309
 -3.704469545818240E-02 .3110644925321268 .159570983477191
 -.219856733779011 .183030582056862 .74002658309215 -.570566711409634
 9.057273671242370E-02 .3582047683785158 -.40466128075553
 -.710892718468646 .1295227335005957 -.318763843198788 -.56768682761
 .1936828915467684 .5022969588698957 .3633921142939757
 -.229369282892093 -.465921269760647 -8.100768608167058E-02
 -.333603769737654 -.256888645814238 1.00214681165617 -1.43266243679845
 -.91425114094786 7.465228394574622E-02 6.756000094619448E-02
 -.507031727766319 2.817457225725784E-02 -.198301580178623
 -.240528658697586 -.248694724875999 .4789729752482108
 -9.327078506435837E-02 -.640352183917372 .8067135324178284
 -.307779260835784 6.908014717224041E-02 -.461180049057416
 -.114666035796657 -.615539994213114 -.825419963047256
 .2319206320489466 .8552997284781678 .1609880606995564
 .7138068826663259 3.886117620462448E-02 .1100453736761805
 -.812431756213127 .0 .0 .0 .0 .0 .0 .0 .0 .0 .0 .0 .0 .0 .0 .0 .0 .0
 .0 .0 .0 .0 .0 .0 .0 .0 .0 .0 .0 .0 .0 .0 .0 .0 .0 .0 .0 .0 .0 .0 .0
 .0 .0 .0 .0 .0 .0 .0 .0 .0 .0 .0 .0 .0 .0 .0 .0 .0 .0 .0 .0 .0 .0 .0
 .0 .0 .0 .0 .0 .0 .0 .0 .0 .0 .0 .0 .0 .0 .0 .0 .0 .0 .0 .0 .0 .0 .0
 .0 .0 .0 .0 .0 .0 .0 .0 .0 .0 .0 .0 .0 .0 .0 .0 .0 .0 .0 .0 .0 .0 .0
 .0 .0 .0 .0 .0 .0 .0 .0 .0 .0 .0 .0 .0 .0 .0 .0 .0 .0 .0 .0 .0 .0 .0
 .0 .0 .0 .0 .0 .0 .0 .0 .0 .0 .0 .0 .0 .0 .0 .0 .0 .0 .0 .0 .0 .0 .0
 .0 .0 .0 .0 .0 .0 .0 .0 .0 .0 .0 .0 .0 .0 .0 .0 .0 .0 .0 .0 .0 .0 .0
 .0 .0 .0 .0 .0 .0 .0 .0 .0 .0 .0 .0 .0 .0 .0 .0 .0 .0 .0 .0 .0 .0 .0
 .0 .0 .0 .0 .0 .0 .0 .0 .0 .0 .0 .0 .0 .0 .0 .0 .0 .0 .0 .0 .0 .0 .0
 .0 .0 .0 .0 .0 .0 .0 .0 .0 .0 .0 .0 .0 .0 .0 .0 .0 .0 .0 .0 .0 .0 .0
 .0 .0 .0 .0 .0 .0 .0 .0 .0 .0 .0 .0 .0 .0 .0 .0 .0 .0 .0 .0 .0 .0 .0
 .0 .0 .0 .0 .0 .0 .0 .0
 ICURRT	= 2
 RBDRY	= 1.09899911942133 1.09934090382774 1.10222032659679 1.105625
 1.10992994552518 1.117699384415 1.12832244945319 1.13467475729679
 1.14949001936173 1.15875 1.1788740711709 1.19143768571777 1.211875
 1.2384375 1.265 1.318125 1.37125 1.424375 1.4775 1.530625 1.5571875
 1.6103125 1.6567307967077 1.69 1.743125 1.7696875 1.82062230940927
 1.849375 1.88389816716534 1.9290625 1.955625 1.98891564190289
 2.03270489175515 2.061875 2.0884375 2.115 2.1415625 2.168125
 2.1946875 2.22125 2.24287801777849 2.25824244251086 2.274375
 2.28763536158766 2.28936771031202 2.2761094829666 2.26477640182333
 2.2478125 2.22125 2.1970184465703 2.17495154860883 2.1501664951375
 2.12204238973822 2.08997641538458 2.061875 2.0353125 2.00875
 1.96520918606998 1.9290625 1.9025 1.85383644076332 1.8228125
 1.78591662219385 1.743125 1.70573689067875 1.6634375 1.6103125
 1.58375 1.530625 1.48430037983114 1.4509375 1.3978125 1.3446875
 1.318125 1.24914585072557 1.2384375 1.21782079277537 1.2065264360904
 1.18651023349403 1.17748881353862 1.16114663213566 1.15367873216054
 1.13978440352842 1.1321875 1.12126895874599 1.11141108510315 1.105625
 1.10175059993445 1.09899911942133 1.09272545480516 1.08857105879215
 1.08756583345885 .0 .0 .0 .0 .0 .0 .0 .0 .0 .0 .0 .0 .0 .0 .0 .0 .0 .0
 ZBDRY	= -5.000000000000004E-02 5.000000000000004E-02 .1499999999999999
 .2244249828277315 .3 .3999999999999999 .5 .5499999999999998
 .6499999999999999 .7031632162665636 .8000000000000003
 .8500000000000001 .9184490405570814 .9793149158337119
 1.01519799047468 1.04235751243598 1.0437564382796 1.03554906437882
 1.02183654166323 1.00386295177578 .9941758212689747 .9727097144363039
 .9500000000000002 .9335518054666045 .9023937580805973
 .8859542961349888 .8500000000000001 .82880105736565 .8000000000000003
 .7603432251809266 .7348230665694633 .7000000000000002
 .6499999999999999 .6130413465844706 .5758058778967723
 .5345134912504991 .4883560563077305 .4363896061961602 .377664090338318
 .3112060037705269 .25 .2 .1333388789389411 5.000000000000004E-02
 -5.000000000000004E-02 -.15 -.2 -.259459917771972 -.338000816189057
 -.4 -.45 -.5 -.55 -.6 -.639119399548667 -.672843391432906
 -.703739859299344 -.75 -.785645613069758 -.809693921187824 -.85
 -.874538809201449 -.9 -.92870156755595 -.95 -.973814807018544
 -.998982818470953 -1.01131152887351 -1.0334701156932 -1.05
 -1.06285962210739 -1.08111786336894 -1.09685348381433
 -1.10506995714123 -1.12626300215209 -1.087433986656 -1.0 -.95 -.85 -.8
 -.7 -.65 -.55 -.491348833822901 -.4 -.3 -.220731266852358 -.15
 -5.000000000000004E-02 -.2 -.1 -5.000000000000004E-02 .0 .0 .0 .0 .0
 .0 .0 .0 .0 .0 .0 .0 .0 .0 .0 .0 .0 .0
 NBDRY	= 89
 FWTSI	= 1000.0 556.7617022810795 561.7226177225326 327.9228037791263
 268.0645083333683 293.9123421272905 .0 229.9583706966328
 528.8444848984518 557.0870798589438 571.6699823223521
 529.0587804486348 319.9730018507588 260.9785980315946
 314.7522210610134 261.4870240663701 229.6264778626714
 528.9384627123776 559.6424575429538 559.1567144313166
 543.1275719009325 401.1062495605075 305.6934953805041
 264.7298417988553 525.9476456302484 315.5497914590121
 382.5118721901951 240.5039264337248 366.7613721407303
 559.4098403968453 558.7955160058892 404.3107692053728
 292.1464472958409 250.2377280013412 481.1433335584007
 325.9052248552226 407.1280320754278 258.0404413239133
 367.0478102396563 339.0660464447002 556.5990883595632
 FWTCUR	= 2.976513042503453E-05
 MXITER	= 34
 NXITER	= 1
 LIMITR	= 88
 XLIM	= 1.016 1.016 1.018 1.018 1.018 1.018 1.018 1.018 1.018 1.018
 1.016 1.012 1.001 1.029 1.042 1.046 1.056 1.097 1.108 1.116 1.134
 1.148 1.162 1.181 1.182 1.185 1.19 1.195 1.201 1.209 1.215 1.222
 1.228 1.234 1.239 1.242 1.248 1.258 1.263 1.28 1.28 1.28 1.31 1.328
 1.361 1.38 1.419 1.419 1.372 1.372 1.608 1.647 1.785 2.07 2.128 2.245
 2.323 2.377 2.352 2.351 2.351 2.354 2.354 2.354 2.353 2.351 2.353
 2.377 2.134 1.786 1.768 1.768 1.682 1.674 1.674 1.681 1.754 1.754
 1.689 1.689 1.555 1.412 1.273 1.153 1.016 1.016 1.016 1.016 1.016 .0
 .0 .0 .0 .0 .0 .0 .0 .0 .0 .0 .0 .0 .0 .0 .0 .0 .0 .0 .0 .0 .0 .0 .0
 .0 .0 .0 .0 .0 .0 .0 .0 .0 .0 .0 .0 .0 .0 .0 .0 .0 .0 .0 .0 .0 .0 .0
 .0 .0 .0 .0 .0 .0 .0 .0 .0 .0 .0 .0 .0 .0 .0 .0 .0 .0 .0 .0 .0 .0 .0
 .0
 YLIM	= .0 .964 .968 1.001 1.019 1.077 1.07 1.096 1.113 1.138 1.147
 1.165 1.217 1.217 1.1624 1.16238 1.1626 1.1645 1.16594 1.16591
 1.16896 1.17175 1.17556 1.183 1.1835 1.185 1.188 1.191 1.196 1.202
 1.208 1.214 1.221 1.231 1.238 1.244 1.254 1.278 1.29 1.331 1.347
 1.348 1.348 1.348 1.348 1.348 1.348 1.31 1.31 1.292 1.095 1.077 1.077
 1.04 .993 .709 .519 .389 .4 .337 .205 6.800000000000000E-02 .0
 -6.800000000000000E-02 -.205 -.337 -.4 -.389 -.973 -1.174 -1.211
 -1.254 -1.254 -1.262 -1.329 -1.339 -1.339 -1.368 -1.368 -1.366 -1.366
 -1.366 -1.366 -1.366 -1.229 -.8 -.415 -.4 .0 .0 .0 .0 .0 .0 .0 .0 .0
 .0 .0 .0 .0 .0 .0 .0 .0 .0 .0 .0 .0 .0 .0 .0 .0 .0 .0 .0 .0 .0 .0 .0
 .0 .0 .0 .0 .0 .0 .0 .0 .0 .0 .0 .0 .0 .0 .0 .0 .0 .0 .0 .0 .0 .0 .0
 .0 .0 .0 .0 .0 .0 .0 .0 .0 .0 .0 .0 .0 .0 .0 .0 .0
 ERROR	= 1.000000000000000E-03
 ICONVR	= 2
 IBUNMN	= 3
 PRESSR	= .0 .0 .0 .0 .0 .0 .0 .0 .0 .0 .0 .0 .0 .0 .0 .0 .0 .0 .0 .0
 .0 .0 .0 .0 .0 .0 .0 .0 .0 .0 .0 .0 .0 .0 .0 .0 .0 .0 .0 .0 .0 .0 .0
 .0 .0 .0 .0 .0 .0 .0 .0 .0 .0 .0 .0 .0 .0 .0 .0 .0 .0 .0 .0 .0 .0 .0
 .0 .0 .0 .0 .0 .0 .0 .0 .0 .0 .0 .0 .0 .0 .0 .0 .0 .0 .0 .0 .0 .0 .0
 .0 .0 .0 .0 .0 .0 .0 .0 .0 .0 .0 .0 .0 .0 .0 .0 .0 .0 .0 .0 .0 .0 .0
 .0 .0 .0 .0 .0 .0 .0 .0 .0 .0 .0 .0 .0 .0 .0 .0 .0 .0 .0 .0
 RPRESS	= .0 .0 .0 .0 .0 .0 .0 .0 .0 .0 .0 .0 .0 .0 .0 .0 .0 .0 .0 .0
 .0 .0 .0 .0 .0 .0 .0 .0 .0 .0 .0 .0 .0 .0 .0 .0 .0 .0 .0 .0 .0 .0 .0
 .0 .0 .0 .0 .0 .0 .0 .0 .0 .0 .0 .0 .0 .0 .0 .0 .0 .0 .0 .0 .0 .0 .0
 .0 .0 .0 .0 .0 .0 .0 .0 .0 .0 .0 .0 .0 .0 .0 .0 .0 .0 .0 .0 .0 .0 .0
 .0 .0 .0 .0 .0 .0 .0 .0 .0 .0 .0 .0 .0 .0 .0 .0 .0 .0 .0 .0 .0 .0 .0
 .0 .0 .0 .0 .0 .0 .0 .0 .0 .0 .0 .0 .0 .0 .0 .0 .0 .0 .0 .0
 QPSI	= 1.24263836400869 1.25949830433867 1.27089017402137
 1.28429162190171 1.29846176682149 1.31291758097915 1.32963513408756
 1.34423383638345 1.36007743064652 1.37637958820357 1.3929106329069
 1.409966191526 1.42776693334024 1.44594306600904 1.46469864739015
 1.48402488221999 1.50407861859495 1.52455192713982 1.54577989550137
 1.56773385962477 1.59032758952892 1.61366565513619 1.63779413365827
 1.66277837154847 1.68859331001209 1.71534777111614 1.74301774084024
 1.77176099169918 1.80151445672756 1.83245850457044 1.86457350455753
 1.89801490433403 1.93278022110744 1.96900314052973 2.00683760337237
 2.04627239163213 2.08754299761709 2.13071202101658 2.1759639663721
 2.22350722536965 2.27335708711626 2.32598690927292 2.38141237966311
 2.44006181944029 2.50211598794867 2.56801105329534 2.63819474293662
 2.71303817018409 2.79334127899387 2.87938579382962 2.97248418248078
 3.07326171254063 3.18327242579324 3.30351893129809 3.43676600793017
 3.58485196686924 3.75158233828012 3.94213172337387 4.16225056975285
 4.42335136524773 4.74280445244173 5.15248872665085 5.71763936228452
 6.64152415420208 10.80610343861882
 PRESSW	= .0 .0 .0 .0 .0 .0 .0 .0 .0 .0 .0 .0 .0 .0 .0 .0 .0 .0 .0 .0
 .0 .0 .0 .0 .0 .0 .0 .0 .0 .0 .0 .0 .0 .0 .0 .0 .0 .0 .0 .0 .0 .0 .0
 .0 .0 .0 .0 .0 .0 .0 .0 .0 .0 .0 .0 .0 .0 .0 .0 .0 .0 .0 .0 .0 .0
 PRES	= 22860.743537513 22107.37972212738 21367.98447367811
 20642.49044168765 19930.83027567845 19232.93662517296
 18548.74213969364 17878.17946876293 17221.1812619033 16577.68016863719
 15947.60883848706 15330.89992097536 14727.48606562454
 14137.29992195705 13560.27413949536 12996.34136776191
 12445.43425627915 11907.48545456954 11382.42761215552
 10870.19337855957 10370.71540330412 9883.926335911621
 9409.758825904541 8948.145522805324 8499.019076136425
 8062.312135420297 7637.957350179391 7225.887369936162
 6826.034844213062 6438.332422532544 6062.712754417061
 5699.108489389066 5347.452276971011 5007.67676668535 4679.714608054535
 4363.49845060102 4058.960943847257 3766.034737315699 3484.652480528799
 3214.746823009009 2956.250414278784 2709.095903860575
 2473.215941276836 2248.543176050019 2035.010257702578
 1832.549835756964 1641.094559735632 1460.577079161033
 1290.930043555622 1132.08610244185 983.9779053421702 846.5381017790363
 719.6993412749009 603.3942733522167 497.5555475334367
 402.1158133410137 317.0077202974007 242.1639179250504
 177.5170557464159 122.99978328395 78.54475006010547 44.08460559733535
 19.55199941809248 4.87958104482973 .0
 NQPSI	= 65
 NPRESS	= 0
 SIGPRE	= .0 .0 .0 .0 .0 .0 .0 .0 .0 .0 .0 .0 .0 .0 .0 .0 .0 .0 .0 .0
 .0 .0 .0 .0 .0 .0 .0 .0 .0 .0 .0 .0 .0 .0 .0 .0 .0 .0 .0 .0 .0 .0 .0
 .0 .0 .0 .0 .0 .0 .0 .0 .0 .0 .0 .0 .0 .0 .0 .0 .0 .0 .0 .0 .0 .0 .0
 .0 .0 .0 .0 .0 .0 .0 .0 .0 .0 .0 .0 .0 .0 .0 .0 .0 .0 .0 .0 .0 .0 .0
 .0 .0 .0 .0 .0 .0 .0 .0 .0 .0 .0 .0 .0 .0 .0 .0 .0 .0 .0 .0 .0 .0 .0
 .0 .0 .0 .0 .0 .0 .0 .0 .0 .0 .0 .0 .0 .0 .0 .0 .0 .0 .0 .0
 $END
 $BASIS
 KPPFNC	= 0
 KPPKNT	= 2
 PPKNT	= .0 1.0 .0 .0 .0 .0 .0 .0 .0 .0 .0 .0 .0 .0 .0 .0 .0 .0 .0 .0
 .0 .0 .0 .0 .0 .0 .0 .0 .0 .0 .0 .0 .0 .0 .0 .0
 PPTENS	= 3.0
 KFFFNC	= 0
 KFFKNT	= 3
 FFKNT	= .0 .3 1.0 .0 .0 .0 .0 .0 .0 .0 .0 .0 .0 .0 .0 .0 .0 .0 .0 .0
 .0 .0 .0 .0 .0 .0 .0 .0 .0 .0 .0 .0 .0 .0 .0 .0
 FFTENS	= 3.0
 KWWFNC	= 0
 KWWKNT	= 0
 WWKNT	= .0 .0 .0 .0 .0 .0 .0 .0 .0 .0 .0 .0 .0 .0 .0 .0 .0 .0 .0 .0 .0
 .0 .0 .0 .0 .0 .0 .0 .0 .0 .0 .0 .0 .0 .0 .0
 WWTENS	= .0
 PPBDRY	= 174863.6759780719 -206584.769769404 .0 .0 .0 .0 .0 .0 .0 .0
 .0 .0 .0 .0 .0 .0 .0 .0 .0 .0 .0 .0 .0 .0 .0 .0 .0 .0 .0 .0 .0 .0 .0
 .0 .0 .0
 PP2BDRY	= .0 .0 .0 .0 .0 .0 .0 .0 .0 .0 .0 .0 .0 .0 .0 .0 .0 .0 .0 .0
 .0 .0 .0 .0 .0 .0 .0 .0 .0 .0 .0 .0 .0 .0 .0 .0
 KPPBDRY	= 0 0 0 0 0 0 0 0 0 0 0 0 0 0 0 0 0 0 0 0 0 0 0 0 0 0 0 0 0 0
 0 0 0 0 0 0
 KPP2BDRY	= 0 0 0 0 0 0 0 0 0 0 0 0 0 0 0 0 0 0 0 0 0 0 0 0 0 0 0 0 0 0
 0 0 0 0 0 0
 FFBDRY	= 2.77511993911568 -3.27854129241101 .0 .0 .0 .0 .0 .0 .0 .0 .0
 .0 .0 .0 .0 .0 .0 .0 .0 .0 .0 .0 .0 .0 .0 .0 .0 .0 .0 .0 .0 .0 .0 .0
 .0 .0
 FF2BDRY	= .0 .0 .0 .0 .0 .0 .0 .0 .0 .0 .0 .0 .0 .0 .0 .0 .0 .0 .0 .0
 .0 .0 .0 .0 .0 .0 .0 .0 .0 .0 .0 .0 .0 .0 .0 .0
 KFFBDRY	= 0 0 0 0 0 0 0 0 0 0 0 0 0 0 0 0 0 0 0 0 0 0 0 0 0 0 0 0 0 0
 0 0 0 0 0 0
 KFF2BDRY	= 0 0 0 0 0 0 0 0 0 0 0 0 0 0 0 0 0 0 0 0 0 0 0 0 0 0 0 0 0 0
 0 0 0 0 0 0
 WWBDRY	= -519.383048874578 -483.75843164602 .0 .0 .0 .0 .0 .0 .0 .0 .0
 .0 .0 .0 .0 .0 .0 .0 .0 .0 .0 .0 .0 .0 .0 .0 .0 .0 .0 .0 .0 .0 .0 .0
 .0 .0
 WW2BDRY	= .0 .0 .0 .0 .0 .0 .0 .0 .0 .0 .0 .0 .0 .0 .0 .0 .0 .0 .0 .0
 .0 .0 .0 .0 .0 .0 .0 .0 .0 .0 .0 .0 .0 .0 .0 .0
 KWWBDRY	= 0 0 0 0 0 0 0 0 0 0 0 0 0 0 0 0 0 0 0 0 0 0 0 0 0 0 0 0 0 0
 0 0 0 0 0 0
 KWW2BDRY	= 0 0 0 0 0 0 0 0 0 0 0 0 0 0 0 0 0 0 0 0 0 0 0 0 0 0 0 0 0 0
 0 0 0 0 0 0
 KEEFNC	= 0
 KEEKNT	= 2
 EEKNT	= .0 1.0 .0 .0 .0 .0 .0 .0 .0 .0 .0 .0 .0 .0 .0 .0 .0 .0
 EETENS	= 3.0
 EEBDRY	= .0 .0 .0 .0 .0 .0 .0 .0 .0 .0 .0 .0 .0 .0 .0 .0 .0 .0
 EE2BDRY	= .0 .0 .0 .0 .0 .0 .0 .0 .0 .0 .0 .0 .0 .0 .0 .0 .0 .0
 KEEBDRY	= 0 0 0 0 0 0 0 0 0 0 0 0 0 0 0 0 0 0
 KEE2BDRY	= 0 0 0 0 0 0 0 0 0 0 0 0 0 0 0 0 0 0
 $END
 $CHIOUT
 SAISIL	= 7.081323459307301E-02 .6715107443651926
 1.709069655043464E-02 1.055994023747350E-03 7.746618248260569E-03
 1.777484875940486E-02 .0 4.318316448699990E-03 2.110990031684338E-03
 4.755799657049316E-02 .1393955199704496 .1039144701617845
 8.177109284850232E-03 1.36312243779857 4.403189585626131E-02
 .5343308282732662 .6519144635480757 2.981793578056353E-02
 3.416703271742356E-02 .3570679199654588 1.01596851812543
 4.334905360296802E-02 .2354573911137428 .2424742171471282
 .2993573197354585 3.524712871639895E-02 1.211843826662642E-02
 6.577644783802139E-02 1.323785192525609E-02 .1203539226801985
 2.221947349434549E-02 3.436358061957945E-02 .6299007751487743
 5.386419561200719E-02 .1484179260794729 .1005851690002907
 1.883816805005137E-06 .3568811006520421 1.125006585666933E-02
 2.792193571308161E-02 3.117191705154353E-02
 SAIMPI	= 3.021039622777551E-02 .0 .0 .1591654687433018
 1.2366064826345 .0 .0 .0 .0 8.768065561489650E-02 .0 .1029891534160076
 8.728287861274976E-02 .0 .2574123045538474 .0 9.729581269838952E-02 .0
 6.225628838018285E-04 .0 8.550236018227168E-02 .0 .0 .2471380544858587
 3.357587706934288E-03 8.307525438821006E-02 1.962074650203878E-02
 6.922418435233006E-02 3.334113809734360E-02 .5966997758972512
 .2659676736273293 2.553241259902673E-02 9.928288208457078E-02
 .1077344611271733 .2441965991757053 .1396340895883524
 2.178657323263970E-02 .1714332851122511 9.546201679105776E-02
 .3493215800089612 .1310598385797861 7.380047388408492E-02
 .2363747621695913 1.075476454363629E-02 .1265037048534806
 .1231945553175196 .6584131223051186 1.5406415598619 .1065652367801827
 .1562215627624738 1.529970197606009E-02 2.349924763012890E-03
 .1488876099732915 3.000967827913797E-02 3.362947402694587E-02
 4.486672291285199E-02 .1591276680795411 3.132173744140678E-03
 .4527974228456623 4.364302574458848E-04 .1113622581768662
 2.840780886670176E-03 .2583952005490084 2.837048767859702E-02
 .5998903998301195 .0 1.07314510707254 2.010247847549709E-03
 .4795092417318649 2.519849004887599E-04 .5267446080791863
 9.245874538742288E-03 .0
 SAIPR	= .0
 SAIIP	= 1.291493904268557E-02
 $END
  000570  14-Mar-2000 12:42:10 101363.02000 MAG
