  EFITD    03/14/2000    #101363  2500ms           3  65  65
  .170000000E+01  .320000000E+01  .169550000E+01  .840000000E+00  .000000000E+00
  .172482373E+01 -.668945148E-02 -.303515588E+00  .219406140E-01 -.200212551E+01
  .132486305E+07 -.303515588E+00  .000000000E+00  .172482373E+01  .000000000E+00
 -.668945148E-02  .000000000E+00  .219406140E-01  .000000000E+00  .000000000E+00
 -.354084983E+01 -.353619024E+01 -.353160823E+01 -.352710380E+01 -.352267690E+01
 -.351832750E+01 -.351405557E+01 -.350986105E+01 -.350574389E+01 -.350170404E+01
 -.349774143E+01 -.349385601E+01 -.349004768E+01 -.348631638E+01 -.348266202E+01
 -.347908452E+01 -.347558377E+01 -.347215968E+01 -.346881213E+01 -.346554103E+01
 -.346234625E+01 -.345922767E+01 -.345618516E+01 -.345321859E+01 -.345032783E+01
 -.344751271E+01 -.344477311E+01 -.344210885E+01 -.343951979E+01 -.343700574E+01
 -.343456656E+01 -.343220205E+01 -.342991203E+01 -.342769632E+01 -.342555472E+01
 -.342348704E+01 -.342149307E+01 -.341957260E+01 -.341772542E+01 -.341595131E+01
 -.341425005E+01 -.341262140E+01 -.341106514E+01 -.340958102E+01 -.340816879E+01
 -.340682822E+01 -.340555904E+01 -.340436099E+01 -.340323381E+01 -.340217723E+01
 -.340119099E+01 -.340027479E+01 -.339942835E+01 -.339865140E+01 -.339794363E+01
 -.339730475E+01 -.339673446E+01 -.339623246E+01 -.339579842E+01 -.339543205E+01
 -.339513302E+01 -.339490101E+01 -.339473569E+01 -.339463673E+01 -.339460380E+01
  .272548884E+05  .263687828E+05  .254985708E+05  .246441902E+05  .238055790E+05
  .229826752E+05  .221754166E+05  .213837414E+05  .206075873E+05  .198468923E+05
  .191015944E+05  .183716315E+05  .176569416E+05  .169574626E+05  .162731325E+05
  .156038891E+05  .149496705E+05  .143104146E+05  .136860594E+05  .130765427E+05
  .124818025E+05  .119017768E+05  .113364036E+05  .107856206E+05  .102493660E+05
  .972757767E+04  .922019350E+04  .872715148E+04  .824838954E+04  .778384563E+04
  .733345769E+04  .689716368E+04  .647490153E+04  .606660919E+04  .567222460E+04
  .529168572E+04  .492493048E+04  .457189683E+04  .423252271E+04  .390674607E+04
  .359450486E+04  .329573702E+04  .301038049E+04  .273837322E+04  .247965316E+04
  .223415824E+04  .200182642E+04  .178259564E+04  .157640384E+04  .138318897E+04
  .120288898E+04  .103544180E+04  .880785389E+03  .738857686E+03  .609596637E+03
  .492940187E+03  .388826281E+03  .297192863E+03  .217977879E+03  .151119274E+03
  .965549922E+02  .542229790E+02  .240611792E+02  .600753793E+01  .000000000E+00
 -.327146607E+01 -.321319689E+01 -.315515478E+01 -.309733974E+01 -.303975176E+01
 -.298239084E+01 -.292525698E+01 -.286835019E+01 -.281167047E+01 -.275521780E+01
 -.269899221E+01 -.264299367E+01 -.258722220E+01 -.253167780E+01 -.247636045E+01
 -.242127018E+01 -.236640696E+01 -.231177081E+01 -.225736173E+01 -.220317970E+01
 -.214922475E+01 -.209549685E+01 -.204199602E+01 -.198872226E+01 -.193567556E+01
 -.188285592E+01 -.183026335E+01 -.177789784E+01 -.172575939E+01 -.167384801E+01
 -.162216369E+01 -.157070644E+01 -.151947625E+01 -.146847312E+01 -.141769706E+01
 -.136714807E+01 -.131682613E+01 -.126673126E+01 -.121686346E+01 -.116722272E+01
 -.111780904E+01 -.106862243E+01 -.101966288E+01 -.970930392E+00 -.922424971E+00
 -.874146615E+00 -.826095322E+00 -.778271093E+00 -.730673928E+00 -.683303827E+00
 -.636160791E+00 -.589244818E+00 -.542555909E+00 -.496094065E+00 -.449859284E+00
 -.403851567E+00 -.358070915E+00 -.312517326E+00 -.267190802E+00 -.222091342E+00
 -.177218945E+00 -.132573613E+00 -.881553445E-01 -.439641402E-01  .000000000E+00
 -.175815796E+06 -.172684281E+06 -.169564970E+06 -.166457861E+06 -.163362956E+06
 -.160280253E+06 -.157209753E+06 -.154151456E+06 -.151105362E+06 -.148071471E+06
 -.145049783E+06 -.142040298E+06 -.139043016E+06 -.136057937E+06 -.133085061E+06
 -.130124388E+06 -.127175917E+06 -.124239650E+06 -.121315585E+06 -.118403724E+06
 -.115504065E+06 -.112616610E+06 -.109741357E+06 -.106878307E+06 -.104027460E+06
 -.101188816E+06 -.983623756E+05 -.955481376E+05 -.927461025E+05 -.899562704E+05
 -.871786413E+05 -.844132150E+05 -.816599918E+05 -.789189714E+05 -.761901540E+05
 -.734735396E+05 -.707691281E+05 -.680769195E+05 -.653969139E+05 -.627291112E+05
 -.600735114E+05 -.574301146E+05 -.547989208E+05 -.521799298E+05 -.495731419E+05
 -.469785568E+05 -.443961747E+05 -.418259956E+05 -.392680193E+05 -.367222461E+05
 -.341886757E+05 -.316673084E+05 -.291581439E+05 -.266611824E+05 -.241764238E+05
 -.217038682E+05 -.192435155E+05 -.167953658E+05 -.143594190E+05 -.119356752E+05
 -.952413424E+04 -.712479627E+04 -.473766124E+04 -.236272915E+04  .000000000E+00
  .491375016E-01  .418513106E-01  .339988297E-01  .255433013E-01  .165413668E-01
  .713926882E-02 -.230512062E-02 -.117231590E-01 -.226792928E-01 -.209156412E-01
 -.242217229E-01 -.310714331E-01 -.431493006E-01 -.493561111E-01 -.448021260E-01
 -.491203433E-01 -.464357903E-01 -.345496771E-01 -.316730753E-01 -.180716212E-01
  .557259121E-02  .245490093E-01  .411631676E-01  .565835863E-01  .715242233E-01
  .865121994E-01  .102026749E+00  .118598436E+00  .136913691E+00  .157748248E+00
  .177352505E+00  .189194075E+00  .200381512E+00  .203633072E+00  .206186305E+00
  .199686659E+00  .192286964E+00  .187301052E+00  .184074046E+00  .182100251E+00
  .181067364E+00  .180777163E+00  .181095582E+00  .181923927E+00  .183183325E+00
  .184806663E+00  .186734294E+00  .188911523E+00  .191287013E+00  .193811736E+00
  .196438357E+00  .199120970E+00  .201815175E+00  .204478447E+00  .207070748E+00
  .209555296E+00  .211899419E+00  .214075350E+00  .216060894E+00  .217839850E+00
  .219402133E+00  .220743589E+00  .221865508E+00  .222773900E+00  .223478621E+00
  .432367723E-01  .347538740E-01  .254591087E-01  .152148946E-01  .414731666E-02
 -.729552400E-02 -.207621583E-01 -.252036929E-01 -.296630186E-01 -.277380303E-01
 -.279126044E-01 -.307221387E-01 -.353785121E-01 -.376814581E-01 -.365701638E-01
 -.360581450E-01 -.323599724E-01 -.249858688E-01 -.177961650E-01 -.623944622E-02
  .966341981E-02  .253129039E-01  .402647667E-01  .547739379E-01  .691736719E-01
  .838120705E-01  .990706372E-01  .115414929E+00  .133482735E+00  .154099465E+00
  .173817326E+00  .185169729E+00  .196737445E+00  .199653889E+00  .202846208E+00
  .196299642E+00  .189333851E+00  .184849417E+00  .182135018E+00  .180695582E+00
  .180220923E+00  .180507631E+00  .181415205E+00  .182840695E+00  .184703576E+00
  .186936624E+00  .189480330E+00  .192279411E+00  .195280594E+00  .198431241E+00
  .201678590E+00  .204969548E+00  .208250983E+00  .211470504E+00  .214577658E+00
  .217525441E+00  .220271956E+00  .222782005E+00  .225028402E+00  .226992818E+00
  .228666033E+00  .230047566E+00  .231144757E+00  .231971413E+00  .232546227E+00
  .386824861E-01  .295823089E-01  .194412754E-01  .775520202E-02 -.627427762E-02
 -.159249163E-01 -.232795676E-01 -.250283420E-01 -.251867133E-01 -.235490622E-01
 -.225387988E-01 -.224093101E-01 -.225293861E-01 -.221484585E-01 -.207856381E-01
 -.182194611E-01 -.141744462E-01 -.850095871E-02 -.118772838E-02  .783893183E-02
  .183773257E-01  .298890934E-01  .419232529E-01  .542763373E-01  .669225335E-01
  .799330524E-01  .934272559E-01  .107538222E+00  .122354147E+00  .137652032E+00
  .151700525E+00  .162722995E+00  .171468298E+00  .176824152E+00  .179785202E+00
  .179358196E+00  .177643046E+00  .176370536E+00  .175816353E+00  .175966812E+00
  .176757683E+00  .178119404E+00  .179987803E+00  .182305506E+00  .185020475E+00
  .188083877E+00  .191448018E+00  .195064559E+00  .198883070E+00  .202849960E+00
  .206907829E+00  .210995387E+00  .215048033E+00  .218999238E+00  .222782729E+00
  .226335359E+00  .229600358E+00  .232530533E+00  .235090935E+00  .237260557E+00
  .239032803E+00  .240414680E+00  .241424864E+00  .242091028E+00  .242446832E+00
  .356587930E-01  .268347897E-01  .173186209E-01  .673288075E-02 -.497571637E-02
 -.116487923E-01 -.143975683E-01 -.150495203E-01 -.147108943E-01 -.142197718E-01
 -.136296556E-01 -.129397034E-01 -.120200785E-01 -.106526855E-01 -.861247288E-02
 -.571040776E-02 -.180255981E-02  .320194336E-02  .933478993E-02  .165628770E-01
  .247778717E-01  .338120130E-01  .434886374E-01  .536666309E-01  .642524333E-01
  .751860519E-01  .864128299E-01  .978431363E-01  .109295398E+00  .120433592E+00
  .130780890E+00  .139894792E+00  .147503867E+00  .153495575E+00  .157925766E+00
  .161032154E+00  .163261579E+00  .165114761E+00  .166956875E+00  .168996379E+00
  .171337865E+00  .174027370E+00  .177078949E+00  .180488681E+00  .184241660E+00
  .188315165E+00  .192679755E+00  .197299198E+00  .202129769E+00  .207119267E+00
  .212206088E+00  .217318738E+00  .222376281E+00  .227290181E+00  .231967921E+00
  .236318348E+00  .240258198E+00  .243718768E+00  .246651534E+00  .249031691E+00
  .250858988E+00  .252155735E+00  .252962466E+00  .253332175E+00  .253324298E+00
  .332589332E-01  .253244582E-01  .176512058E-01  .102353466E-01  .344895577E-02
 -.960908791E-03 -.317730453E-02 -.443426057E-02 -.501826144E-02 -.509909211E-02
 -.478444037E-02 -.410536358E-02 -.302937394E-02 -.148062942E-02  .636179782E-03
  .341459484E-02  .693125213E-02  .112359878E-01  .163457650E-01  .222420545E-01
  .288726985E-01  .361598515E-01  .440125563E-01  .523384059E-01  .610488220E-01
  .700560791E-01  .792633792E-01  .885510384E-01  .977641056E-01  .106710545E+00
  .115179751E+00  .122979523E+00  .129973363E+00  .136103739E+00  .141401619E+00
  .145983749E+00  .150032981E+00  .153759736E+00  .157360333E+00  .160992388E+00
  .164770205E+00  .168771039E+00  .173043888E+00  .177617006E+00  .182503152E+00
  .187702729E+00  .193205200E+00  .198989135E+00  .205021135E+00  .211253880E+00
  .217623570E+00  .224047341E+00  .230421616E+00  .236622910E+00  .242512766E+00
  .247947717E+00  .252793212E+00  .256938510E+00  .260309115E+00  .262874380E+00
  .264649045E+00  .265688293E+00  .266077159E+00  .265916990E+00  .265312518E+00
  .292207017E-01  .217606919E-01  .164285150E-01  .125449493E-01  .935564675E-02
  .679740938E-02  .493118326E-02  .369559394E-02  .299124809E-02  .274104943E-02
  .289948642E-02  .345224115E-02  .441254994E-02  .581415863E-02  .770212020E-02
  .101232600E-01  .131178015E-01  .167129466E-01  .209187008E-01  .257260583E-01
  .311075692E-01  .370200060E-01  .434082283E-01  .502088157E-01  .573521064E-01
  .647620299E-01  .723541678E-01  .800334940E-01  .876939889E-01  .952224321E-01
  .102507507E+00  .109452891E+00  .115990788E+00  .122092146E+00  .127771179E+00
  .133083172E+00  .138115640E+00  .142974672E+00  .147770266E+00  .152604681E+00
  .157565780E+00  .162724892E+00  .168137479E+00  .173844978E+00  .179876696E+00
  .186251131E+00  .192976385E+00  .200049436E+00  .207454019E+00  .215156808E+00
  .223101572E+00  .231201212E+00  .239328466E+00  .247308397E+00  .254919591E+00
  .261912376E+00  .268043823E+00  .273115493E+00  .277000430E+00  .279657888E+00
  .281137758E+00  .281570899E+00  .281141322E+00  .280048577E+00  .278477251E+00
  .204978186E-01  .979322264E-02  .118522117E-01  .132395694E-01  .126191962E-01
  .116246445E-01  .106673823E-01  .990350017E-02  .939676075E-02  .917493621E-02
  .925526165E-02  .965588858E-02  .104000353E-01  .115159976E-01  .130347921E-01
  .149866733E-01  .173974579E-01  .202853150E-01  .236584266E-01  .275137223E-01
  .318366975E-01  .366021407E-01  .417754188E-01  .473138764E-01  .531679802E-01
  .592820685E-01  .655949039E-01  .720405274E-01  .785500601E-01  .850549674E-01
  .914918523E-01  .978082140E-01  .103968082E+00  .109956287E+00  .115780384E+00
  .121469750E+00  .127072017E+00  .132647611E+00  .138263619E+00  .143988238E+00
  .149886635E+00  .156018470E+00  .162436850E+00  .169188249E+00  .176312884E+00
  .183845123E+00  .191813518E+00  .200240053E+00  .209138033E+00  .218507732E+00
  .228328293E+00  .238543325E+00  .249036066E+00  .259589107E+00  .269835758E+00
  .279268846E+00  .287380744E+00  .293796748E+00  .298295534E+00  .300807257E+00
  .301442311E+00  .300521106E+00  .298493964E+00  .295776080E+00  .292675605E+00
  .276917380E-01  .210481169E-01  .178044080E-01  .167655852E-01  .163543605E-01
  .159663282E-01  .155290736E-01  .151003311E-01  .147495030E-01  .145349028E-01
  .145038149E-01  .146963023E-01  .151482355E-01  .158927742E-01  .169605122E-01
  .183787245E-01  .201701611E-01  .223517651E-01  .249335937E-01  .279181265E-01
  .313000324E-01  .350663619E-01  .391970660E-01  .436657163E-01  .484403293E-01
  .534842672E-01  .587572805E-01  .642168308E-01  .698198495E-01  .755250147E-01
  .812954710E-01  .871017318E-01  .929243537E-01  .987559327E-01  .104602058E+00
  .110481049E+00  .116422537E+00  .122465198E+00  .128654073E+00  .135037963E+00
  .141667276E+00  .148592545E+00  .155863678E+00  .163529848E+00  .171639904E+00
  .180243138E+00  .189390233E+00  .199134221E+00  .209531117E+00  .220639689E+00
  .232519114E+00  .245221809E+00  .258775424E+00  .273141876E+00  .288073334E+00
  .301922679E+00  .313236347E+00  .321675917E+00  .326993372E+00  .328989317E+00
  .327501602E+00  .323197691E+00  .318028451E+00  .312611623E+00  .307263060E+00
  .244179551E-01  .148471886E-01  .173406509E-01  .198840158E-01  .204869101E-01
  .205269655E-01  .203078341E-01  .199610750E-01  .195754842E-01  .192219705E-01
  .189597289E-01  .188390657E-01  .189033874E-01  .191905888E-01  .197338409E-01
  .205618606E-01  .216987998E-01  .231639104E-01  .249711141E-01  .271286854E-01
  .296391474E-01  .324993676E-01  .357008371E-01  .392301301E-01  .430695318E-01
  .471978292E-01  .515912677E-01  .562246809E-01  .610728189E-01  .661118717E-01
  .713211189E-01  .766845728E-01  .821924381E-01  .878422124E-01  .936392924E-01
  .995970237E-01  .105736224E+00  .112084309E+00  .118674194E+00  .125543211E+00
  .132732213E+00  .140285029E+00  .148248395E+00  .156672396E+00  .165611504E+00
  .175126275E+00  .185285828E+00  .196171374E+00  .207881183E+00  .220537781E+00
  .234298745E+00  .249373721E+00  .266051892E+00  .284734042E+00  .305732116E+00
  .326516510E+00  .340786254E+00  .352707346E+00  .359028846E+00  .360559044E+00
  .358018548E+00  .348160026E+00  .337939532E+00  .328801991E+00  .320698184E+00
  .352193745E-01  .291299362E-01  .265172733E-01  .260418819E-01  .260260606E-01
  .258601154E-01  .254662551E-01  .248994293E-01  .242349579E-01  .235432420E-01
  .228854759E-01  .223141905E-01  .218746951E-01  .216064219E-01  .215439366E-01
  .217176055E-01  .221539680E-01  .228758423E-01  .239018071E-01  .252459278E-01
  .269178485E-01  .289228979E-01  .312621631E-01  .339327646E-01  .369283190E-01
  .402395947E-01  .438553388E-01  .477630846E-01  .519500439E-01  .564041139E-01
  .611149555E-01  .660750426E-01  .712805692E-01  .767321598E-01  .824353426E-01
  .884007628E-01  .946441467E-01  .101186078E+00  .108051681E+00  .115270312E+00
  .122875386E+00  .130904446E+00  .139399577E+00  .148408284E+00  .157984964E+00
  .168193146E+00  .179108791E+00  .190825078E+00  .203459441E+00  .217164085E+00
  .232142206E+00  .248673934E+00  .267159559E+00  .288190245E+00  .312543235E+00
  .338588762E+00  .356784586E+00  .371191961E+00  .379884289E+00  .381680931E+00
  .379881023E+00  .367959917E+00  .353545445E+00  .341000053E+00  .330511542E+00
  .379856420E-01  .301628923E-01  .306961399E-01  .324342552E-01  .325851941E-01
  .320682282E-01  .311938518E-01  .301102114E-01  .289119011E-01  .276693494E-01
  .264392730E-01  .252694690E-01  .242014427E-01  .232720236E-01  .225144436E-01
  .219591290E-01  .216343961E-01  .215682211E-01  .217845230E-01  .223025417E-01
  .231383801E-01  .243052941E-01  .258127467E-01  .276665613E-01  .298692106E-01
  .324204188E-01  .353185209E-01  .385605724E-01  .421426854E-01  .460606903E-01
  .503109889E-01  .548914390E-01  .598018986E-01  .650446984E-01  .706250621E-01
  .765514179E-01  .828355680E-01  .894927671E-01  .965417663E-01  .104004877E+00
  .111908123E+00  .120281564E+00  .129159852E+00  .138583138E+00  .148598414E+00
  .159261444E+00  .170639487E+00  .182815075E+00  .195891253E+00  .209998784E+00
  .225305893E+00  .242030844E+00  .260456430E+00  .280944897E+00  .303977598E+00
  .330265210E+00  .354465171E+00  .367609594E+00  .380961561E+00  .382746197E+00
  .382805659E+00  .375345391E+00  .359548205E+00  .345466422E+00  .334071991E+00
  .520796320E-01  .466135335E-01  .438230391E-01  .423814341E-01  .409592604E-01
  .393181527E-01  .375066307E-01  .355883452E-01  .336146372E-01  .316279792E-01
  .296656666E-01  .277617849E-01  .259481989E-01  .242551001E-01  .227113674E-01
  .213448426E-01  .201865697E-01  .192696702E-01  .186241763E-01  .182769270E-01
  .182516409E-01  .185688432E-01  .192455897E-01  .202951635E-01  .217265863E-01
  .235436128E-01  .257537130E-01  .283622173E-01  .313717616E-01  .347830870E-01
  .385962535E-01  .428126634E-01  .474342920E-01  .524638520E-01  .579053577E-01
  .637646510E-01  .700495756E-01  .767701559E-01  .839387987E-01  .915704784E-01
  .996829602E-01  .108297100E+00  .117437260E+00  .127131880E+00  .137414239E+00
  .148323436E+00  .159905626E+00  .172215491E+00  .185317881E+00  .199289452E+00
  .214219868E+00  .230211867E+00  .247379352E+00  .265843937E+00  .285742539E+00
  .307381668E+00  .332402492E+00  .347120655E+00  .356419555E+00  .367235428E+00
  .362856250E+00  .365766520E+00  .351826729E+00  .339017261E+00  .329635009E+00
  .656313578E-01  .612132283E-01  .570857401E-01  .533817793E-01  .500685454E-01
  .469796174E-01  .439979486E-01  .410693504E-01  .381764617E-01  .353209944E-01
  .325146407E-01  .297745497E-01  .271209951E-01  .245761346E-01  .221633749E-01
  .199071357E-01  .178447296E-01  .160134741E-01  .144487728E-01  .131837816E-01
  .122491511E-01  .116727898E-01  .114796320E-01  .116914462E-01  .123267360E-01
  .134008771E-01  .149268920E-01  .169147811E-01  .193707385E-01  .222960427E-01
  .256872745E-01  .295521674E-01  .338942868E-01  .387148063E-01  .440147848E-01
  .497970025E-01  .560648673E-01  .628226230E-01  .700758500E-01  .778315749E-01
  .860984206E-01  .948867588E-01  .104208846E+00  .114078936E+00  .124513343E+00
  .135530390E+00  .147150139E+00  .159393720E+00  .172281921E+00  .185832531E+00
  .200055514E+00  .214944509E+00  .230461911E+00  .246511707E+00  .262884485E+00
  .279129183E+00  .294312237E+00  .307159806E+00  .317106985E+00  .323991837E+00
  .327682985E+00  .328459724E+00  .326541884E+00  .322932542E+00  .318851557E+00
  .763488020E-01  .724658255E-01  .674585110E-01  .626010709E-01  .582026754E-01
  .540584597E-01  .500690983E-01  .461791564E-01  .423593816E-01  .385979046E-01
  .348944461E-01  .312564292E-01  .276964352E-01  .242305751E-01  .208774637E-01
  .176647647E-01  .146348583E-01  .118295597E-01  .928959939E-02  .705418028E-02
  .516059438E-02  .364388305E-02  .253653592E-02  .186823518E-02  .166565798E-02
  .195234722E-02  .274862499E-02  .407135830E-02  .593371221E-02  .834504567E-02
  .113112650E-01  .148358125E-01  .189173824E-01  .235475032E-01  .287178496E-01
  .344321156E-01  .406886116E-01  .474841197E-01  .548171064E-01  .626862217E-01
  .710904972E-01  .800294234E-01  .895028061E-01  .995105196E-01  .110052048E+00
  .121125739E+00  .132727621E+00  .144849591E+00  .157476653E+00  .170582768E+00
  .184124668E+00  .198032718E+00  .212197650E+00  .226451976E+00  .240546779E+00
  .254132895E+00  .266774591E+00  .278027759E+00  .287546093E+00  .295128297E+00
  .300719819E+00  .304412397E+00  .306441075E+00  .307167103E+00  .306993806E+00
  .836428910E-01  .795800129E-01  .749621982E-01  .700502340E-01  .651176464E-01
  .602508466E-01  .554527512E-01  .507098843E-01  .460113176E-01  .413524716E-01
  .367349094E-01  .321652354E-01  .276539916E-01  .232147792E-01  .188636066E-01
  .146384029E-01  .105860013E-01  .675321389E-02  .318632242E-02 -.693975852E-04
 -.297011885E-02 -.547387327E-02 -.754093354E-02 -.913416472E-02 -.102193449E-01
 -.107654573E-01 -.107449629E-01 -.101340723E-01 -.891299134E-02 -.706611167E-02
 -.458212722E-02 -.145415929E-02  .231983790E-02  .673688710E-02  .117896581E-01
  .174663435E-01  .237463464E-01  .306076448E-01  .380469882E-01  .460539804E-01
  .546178142E-01  .637276068E-01  .733715549E-01  .835366770E-01  .942080979E-01
  .105368052E+00  .116994469E+00  .129059022E+00  .141524476E+00  .154341191E+00
  .167442603E+00  .180739704E+00  .194114785E+00  .207415566E+00  .220452135E+00
  .233000898E+00  .244819890E+00  .255675508E+00  .265372930E+00  .273779791E+00
  .280838702E+00  .286569654E+00  .291062991E+00  .294461708E+00  .296933927E+00
  .918936408E-01  .881773689E-01  .824885104E-01  .767640490E-01  .712370513E-01
  .657243211E-01  .601990621E-01  .546600431E-01  .491119659E-01  .435618382E-01
  .380183445E-01  .324917564E-01  .269939362E-01  .215383981E-01  .161432019E-01
  .108590617E-01  .573774367E-02  .831427534E-03 -.380783338E-02 -.812860957E-02
 -.120805706E-01 -.156149458E-01 -.186849728E-01 -.212463329E-01 -.232575706E-01
 -.246804988E-01 -.254805864E-01 -.256273295E-01 -.250945991E-01 -.238609596E-01
 -.219099583E-01 -.192304007E-01 -.158166226E-01 -.116686994E-01 -.679257299E-02
 -.120028112E-02  .508967723E-02  .120529138E-01  .196589267E-01  .278642468E-01
  .366470427E-01  .459890337E-01  .558676467E-01  .662594650E-01  .771385962E-01
  .884758965E-01  .100237741E+00  .112384454E+00  .124868383E+00  .137631619E+00
  .150603474E+00  .163697926E+00  .176811523E+00  .189822475E+00  .202591972E+00
  .214968756E+00  .226797387E+00  .237929443E+00  .248235519E+00  .257615471E+00
  .266004957E+00  .273377395E+00  .279741303E+00  .285133583E+00  .289610249E+00
  .974378112E-01  .933521240E-01  .883847601E-01  .827828807E-01  .768484839E-01
  .707264828E-01  .644773657E-01  .581352654E-01  .517246025E-01  .452645802E-01
  .387711473E-01  .322583308E-01  .257392240E-01  .192266751E-01  .127519895E-01
  .637203056E-02  .144318097E-03 -.587321277E-02 -.116225698E-01 -.170461282E-01
 -.220870932E-01 -.266899874E-01 -.308011499E-01 -.343692411E-01 -.373457475E-01
 -.396854797E-01 -.413470604E-01 -.422933965E-01 -.424921313E-01 -.419160711E-01
 -.405435828E-01 -.383589633E-01 -.353527734E-01 -.315221323E-01 -.268709686E-01
 -.214102465E-01 -.151581535E-01 -.814019315E-02 -.389359838E-03  .805359739E-02
  .171416258E-01  .268155139E-01  .370295978E-01  .477557460E-01  .589596766E-01
  .706050610E-01  .826520735E-01  .950562968E-01  .107767509E+00  .120728376E+00
  .133873177E+00  .147126737E+00  .160403844E+00  .173609457E+00  .186640025E+00
  .199386087E+00  .211736105E+00  .223581080E+00  .234819244E+00  .245360051E+00
  .255126878E+00  .264058246E+00  .272107791E+00  .279243536E+00  .285447156E+00
  .105632397E+00  .101855799E+00  .956515059E-01  .890973370E-01  .824381791E-01
  .755536026E-01  .684792106E-01  .612598874E-01  .539306330E-01  .465166279E-01
  .390362335E-01  .315036452E-01  .239307587E-01  .163283579E-01  .874396666E-02
  .123916813E-02 -.612348367E-02 -.132806903E-01 -.201687606E-01 -.267240446E-01
 -.328834246E-01 -.385848455E-01 -.437678725E-01 -.483742655E-01 -.523485634E-01
 -.556386694E-01 -.581964309E-01 -.599782075E-01 -.609454187E-01 -.610650669E-01
 -.603102278E-01 -.586605028E-01 -.561024293E-01 -.526298418E-01 -.482441812E-01
 -.429547520E-01 -.367789213E-01 -.297422598E-01 -.218786353E-01 -.132302472E-01
 -.384755011E-02  .621053615E-02  .168776281E-01  .280752871E-01  .397461789E-01
  .518518872E-01  .643501945E-01  .771961681E-01  .903415900E-01  .103734221E+00
  .117317127E+00  .131028168E+00  .144799756E+00  .158558955E+00  .172227961E+00
  .185724923E+00  .198964939E+00  .211860984E+00  .224324476E+00  .236265279E+00
  .247591197E+00  .258207434E+00  .268016938E+00  .276922852E+00  .284833972E+00
  .112277267E+00  .108208915E+00  .102564581E+00  .957266233E-01  .882232189E-01
  .803669077E-01  .723011188E-01  .640905618E-01  .557668523E-01  .473473343E-01
  .388428228E-01  .302611078E-01  .216088227E-01  .128949436E-01  .418197952E-02
 -.446520502E-02 -.129798844E-01 -.212939340E-01 -.293383146E-01 -.370435958E-01
 -.443405189E-01 -.511605962E-01 -.574367384E-01 -.631039045E-01 -.680997654E-01
 -.723653736E-01 -.758458312E-01 -.784909471E-01 -.802558755E-01 -.811017268E-01
 -.809961419E-01 -.799138242E-01 -.778370176E-01 -.747559277E-01 -.706690775E-01
 -.655835936E-01 -.595154194E-01 -.524894526E-01 -.445396069E-01 -.357087978E-01
 -.260488532E-01 -.156203709E-01 -.449245613E-02  .725742015E-02  .195447044E-01
  .322713501E-01  .453888774E-01  .588538718E-01  .726227357E-01  .866507277E-01
  .100891502E+00  .115296796E+00  .129816210E+00  .144397029E+00  .158984007E+00
  .173518955E+00  .187939902E+00  .202179518E+00  .216162472E+00  .229801461E+00
  .242991945E+00  .255606348E+00  .267489793E+00  .278461317E+00  .288325335E+00
  .123601569E+00  .120284461E+00  .112766755E+00  .103535582E+00  .942701353E-01
  .850580332E-01  .758300022E-01  .665457894E-01  .571849554E-01  .477362820E-01
  .381929882E-01  .285507282E-01  .188067154E-01  .898032508E-02 -.862958662E-03
 -.106548020E-01 -.203244102E-01 -.297990104E-01 -.390043951E-01 -.478655136E-01
 -.563071058E-01 -.642543710E-01 -.716336685E-01 -.783732419E-01 -.844039609E-01
 -.896600725E-01 -.940799527E-01 -.976068486E-01 -.100189602E+00 -.101783344E+00
 -.102350148E+00 -.101859635E+00 -.100289515E+00 -.976260655E-01 -.938645276E-01
 -.890094185E-01 -.830747551E-01 -.760841833E-01 -.680710095E-01 -.590781360E-01
 -.491578996E-01 -.383718188E-01 -.267902511E-01 -.144919822E-01 -.156372797E-02
  .119001559E-01  .257994951E-01  .400446140E-01  .546000266E-01  .694301605E-01
  .845003700E-01  .997770034E-01  .115227347E+00  .130819452E+00  .146521742E+00
  .162302195E+00  .178126785E+00  .193956684E+00  .209743538E+00  .225421844E+00
  .240897146E+00  .256028673E+00  .270606222E+00  .284327558E+00  .296801243E+00
  .132334643E+00  .129515386E+00  .120538781E+00  .109732685E+00  .992647082E-01
  .889674858E-01  .787112252E-01  .684284678E-01  .580787047E-01  .476351544E-01
  .370789830E-01  .263962842E-01  .155763108E-01  .465313984E-02 -.630559158E-02
 -.172283967E-01 -.280405583E-01 -.386647511E-01 -.490216850E-01 -.590307770E-01
 -.686108560E-01 -.776809009E-01 -.861608094E-01 -.939721931E-01 -.101039193E+00
 -.107289308E+00 -.112654225E+00 -.117070639E+00 -.120481063E+00 -.122834596E+00
 -.124087655E+00 -.124204646E+00 -.123158575E+00 -.120931571E+00 -.117515327E+00
 -.112911437E+00 -.107131632E+00 -.100197899E+00 -.921424873E-01 -.830077914E-01
 -.728461201E-01 -.617193423E-01 -.496984167E-01 -.368628052E-01 -.232997656E-01
 -.910351254E-02  .562586012E-02  .207834733E-01  .362564293E-01  .520148011E-01
  .680354613E-01  .842995713E-01  .100792641E+00  .117504682E+00  .134430307E+00
  .151568591E+00  .168922390E+00  .186496656E+00  .204294913E+00  .222312482E+00
  .240523785E+00  .258858591E+00  .277155965E+00  .295058995E+00  .311742990E+00
  .135468376E+00  .131898272E+00  .123978527E+00  .113683625E+00  .102807054E+00
  .918098958E-01  .807530850E-01  .696208800E-01  .583863128E-01  .470243632E-01
  .355139699E-01  .238376610E-01  .119808265E-01 -.365067887E-05 -.120452060E-01
 -.240687430E-01 -.359953516E-01 -.477430086E-01 -.592272835E-01 -.703620657E-01
 -.810603220E-01 -.912348881E-01 -.100799294E+00 -.109668623E+00 -.117760386E+00
 -.124995429E+00 -.131298826E+00 -.136600787E+00 -.140837530E+00 -.143952134E+00
 -.145895341E+00 -.146626294E+00 -.146113210E+00 -.144333955E+00 -.141276527E+00
 -.136939422E+00 -.131331881E+00 -.124474012E+00 -.116396770E+00 -.107141803E+00
 -.967611626E-01 -.853168641E-01 -.728803179E-01 -.595316197E-01 -.453587115E-01
 -.304564205E-01 -.149253919E-01  .112901520E-02  .175977813E-01  .343702959E-01
  .514111741E-01  .687163338E-01  .862890572E-01  .104140962E+00  .122293210E+00
  .140777968E+00  .159640129E+00  .178939216E+00  .198751390E+00  .219171335E+00
  .240313505E+00  .262311029E+00  .285304107E+00  .309382171E+00  .333605071E+00
  .142745237E+00  .140199022E+00  .129454257E+00  .117124427E+00  .105399153E+00
  .937452877E-01  .820149603E-01  .701569952E-01  .581422619E-01  .459480021E-01
  .335544346E-01  .209438747E-01  .810716051E-02 -.488657673E-02 -.179626190E-01
 -.310414577E-01 -.440394998E-01 -.568697535E-01 -.694425295E-01 -.816661754E-01
 -.934478522E-01 -.104694356E+00 -.115312983E+00 -.125212436E+00 -.134303756E+00
 -.142501289E+00 -.149723647E+00 -.155894685E+00 -.160944445E+00 -.164810082E+00
 -.167436734E+00 -.168778329E+00 -.168798319E+00 -.167470307E+00 -.164778576E+00
 -.160718486E+00 -.155296744E+00 -.148531527E+00 -.140452459E+00 -.131100427E+00
 -.120527243E+00 -.108795156E+00 -.959761914E-01 -.821513578E-01 -.674096883E-01
 -.518471502E-01 -.355654119E-01 -.186704759E-01 -.127115544E-02  .165226816E-01
  .346019719E-01  .529404479E-01  .715560714E-01  .904781649E-01  .109749625E+00
  .129430046E+00  .149599966E+00  .170366697E+00  .191872456E+00  .214306139E+00
  .237921289E+00  .263066782E+00  .290255277E+00  .320446799E+00  .358021534E+00
  .141505946E+00  .137505181E+00  .129349187E+00  .118604886E+00  .106928149E+00
  .948983492E-01  .826385659E-01  .701615468E-01  .574568474E-01  .445092686E-01
  .313024284E-01  .178193638E-01  .407016540E-02 -.986968557E-02 -.239199867E-01
 -.379961022E-01 -.520093936E-01 -.658677543E-01 -.794762278E-01 -.927377036E-01
 -.105553683E+00 -.117825113E+00 -.129453270E+00 -.140340712E+00 -.150392251E+00
 -.159515972E+00 -.167624264E+00 -.174634851E+00 -.180471812E+00 -.185066571E+00
 -.188358835E+00 -.190297476E+00 -.190841311E+00 -.189959798E+00 -.187633607E+00
 -.183855055E+00 -.178628405E+00 -.171970005E+00 -.163908263E+00 -.154483458E+00
 -.143747377E+00 -.131762783E+00 -.118602713E+00 -.104349611E+00 -.890942980E-01
 -.729347913E-01 -.559749609E-01 -.383230375E-01 -.200899551E-01 -.138751819E-02
  .176736061E-01  .369860854E-01  .565466841E-01  .763953194E-01  .965865039E-01
  .117193451E+00  .138313480E+00  .160075454E+00  .182650216E+00  .206265307E+00
  .231225400E+00  .257939094E+00  .286949883E+00  .318986255E+00  .355268347E+00
  .149418432E+00  .146948703E+00  .134025539E+00  .120596204E+00  .108125055E+00
  .956068932E-01  .828514067E-01  .698157087E-01  .564854354E-01  .428492794E-01
  .288939149E-01  .146034332E-01  .888852493E-05 -.148091133E-01 -.297654915E-01
 -.447708483E-01 -.597317820E-01 -.745513331E-01 -.891295482E-01 -.103364145E+00
 -.117151272E+00 -.130386343E+00 -.142964956E+00 -.154783860E+00 -.165741985E+00
 -.175741503E+00 -.184688916E+00 -.192496145E+00 -.199081623E+00 -.204371341E+00
 -.208299860E+00 -.210811252E+00 -.211859945E+00 -.211411478E+00 -.209443115E+00
 -.205944336E+00 -.200917156E+00 -.194376302E+00 -.186349195E+00 -.176875768E+00
 -.166008099E+00 -.153809863E+00 -.140355610E+00 -.125729866E+00 -.110026074E+00
 -.933453721E-01 -.757952235E-01 -.574878932E-01 -.385387734E-01 -.190645431E-01
  .818873832E-03  .209986334E-01  .413677715E-01  .619579640E-01  .828219394E-01
  .104028943E+00  .125668879E+00  .147858134E+00  .170747810E+00  .194535590E+00
  .219483223E+00  .245942585E+00  .274388382E+00  .305367508E+00  .338309764E+00
  .144272709E+00  .139721590E+00  .131589417E+00  .120851918E+00  .108786520E+00
  .960473358E-01  .828634402E-01  .693051732E-01  .553898051E-01  .411149444E-01
  .264692147E-01  .114360595E-01 -.393404032E-02 -.195568167E-01 -.353434389E-01
 -.512006086E-01 -.670308413E-01 -.827328956E-01 -.982023287E-01 -.113332163E+00
 -.128013654E+00 -.142137145E+00 -.155593004E+00 -.168272635E+00 -.180069541E+00
 -.190880430E+00 -.200606364E+00 -.209153901E+00 -.216436244E+00 -.222374358E+00
 -.226898041E+00 -.229946928E+00 -.231471402E+00 -.231433398E+00 -.229807080E+00
 -.226579369E+00 -.221750312E+00 -.215333283E+00 -.207355000E+00 -.197855354E+00
 -.186887057E+00 -.174515100E+00 -.160816031E+00 -.145877067E+00 -.129795031E+00
 -.112675156E+00 -.946297389E-01 -.757766813E-01 -.562379254E-01 -.361378016E-01
 -.156013198E-01  .524754698E-02  .262874705E-01  .474364613E-01  .687358219E-01
  .902374044E-01  .112004838E+00  .134115369E+00  .156662167E+00  .179757113E+00
  .203534513E+00  .228157701E+00  .253836748E+00  .280877714E+00  .309421631E+00
  .151077332E+00  .147719637E+00  .136725255E+00  .123362129E+00  .110095544E+00
  .966473104E-01  .828889774E-01  .687793705E-01  .542984250E-01  .394287962E-01
  .241514649E-01  .844481047E-02 -.762478654E-02 -.239712977E-01 -.405034905E-01
 -.571251818E-01 -.737356191E-01 -.902299738E-01 -.106499940E+00 -.122434435E+00
 -.137920391E+00 -.152843641E+00 -.167089891E+00 -.180545756E+00 -.193099870E+00
 -.204644038E+00 -.215074426E+00 -.224292765E+00 -.232207553E+00 -.238735231E+00
 -.243801313E+00 -.247341453E+00 -.249302411E+00 -.249642917E+00 -.248334401E+00
 -.245361565E+00 -.240722805E+00 -.234430439E+00 -.226510765E+00 -.217003915E+00
 -.205963527E+00 -.193456225E+00 -.179560920E+00 -.164367939E+00 -.147978001E+00
 -.130501057E+00 -.112055010E+00 -.927643439E-01 -.727586877E-01 -.521713383E-01
 -.311377877E-01 -.979428920E-02  .117234846E-01  .332816447E-01  .548317633E-01
  .764043670E-01  .980307337E-01  .119741376E+00  .141562528E+00  .163509357E+00
  .185572957E+00  .207694471E+00  .229710651E+00  .251239981E+00  .271510425E+00
  .151442416E+00  .147369687E+00  .137455471E+00  .124594325E+00  .111027166E+00
  .971125701E-01  .828650215E-01  .682601640E-01  .532709100E-01  .378711439E-01
  .220350466E-01  .573635849E-02 -.109457229E-01 -.279245646E-01 -.451073906E-01
 -.623958530E-01 -.796865873E-01 -.968718057E-01 -.113839958E+00 -.130476472E+00
 -.146664584E+00 -.162286250E+00 -.177223149E+00 -.191357755E+00 -.204574481E+00
 -.216760872E+00 -.227808842E+00 -.237615923E+00 -.246086518E+00 -.253133135E+00
 -.258677568E+00 -.262652018E+00 -.265000118E+00 -.265677851E+00 -.264654320E+00
 -.261912384E+00 -.257449109E+00 -.251276047E+00 -.243419323E+00 -.233919525E+00
 -.222831406E+00 -.210223391E+00 -.196176910E+00 -.180785559E+00 -.164154116E+00
 -.146397431E+00 -.127639213E+00 -.108010745E+00 -.876495583E-01 -.666981037E-01
 -.453024487E-01 -.236110408E-01 -.177354931E-02  .200602438E-01  .417416614E-01
  .632635093E-01  .846291398E-01  .105832948E+00  .126854630E+00  .147650810E+00
  .168142624E+00  .188197952E+00  .207608873E+00  .226071904E+00  .243192507E+00
  .153544994E+00  .149594289E+00  .139080932E+00  .125631742E+00  .111665223E+00
  .973805051E-01  .827527428E-01  .677500437E-01  .523419054E-01  .364986620E-01
  .201905555E-01  .339851348E-02 -.137959428E-01 -.313045322E-01 -.490326741E-01
 -.668799926E-01 -.847408632E-01 -.102505017E+00 -.120058217E+00 -.137283015E+00
 -.154059599E+00 -.170266727E+00 -.185782749E+00 -.200486712E+00 -.214259529E+00
 -.226985209E+00 -.238552130E+00 -.248854333E+00 -.257792818E+00 -.265276820E+00
 -.271225045E+00 -.275566835E+00 -.278243244E+00 -.279207998E+00 -.278428322E+00
 -.275885605E+00 -.271575904E+00 -.265510255E+00 -.257714796E+00 -.248230691E+00
 -.237113862E+00 -.224434525E+00 -.210276555E+00 -.194736682E+00 -.177923539E+00
 -.159956602E+00 -.140965030E+00 -.121086448E+00 -.100465708E+00 -.792536725E-01
 -.576060646E-01 -.356824533E-01 -.136454736E-01  .833954905E-02  .301042077E-01
  .515423868E-01  .726441317E-01  .933863853E-01  .113729521E+00  .133612530E+00
  .152947269E+00  .171612715E+00  .189451384E+00  .206271605E+00  .221859875E+00
  .154866620E+00  .150984155E+00  .140041641E+00  .126210850E+00  .111996864E+00
  .974708293E-01  .825792156E-01  .672858382E-01  .515602639E-01  .353730469E-01
  .186940021E-01  .151296447E-02 -.160866233E-01 -.340146219E-01 -.521746273E-01
 -.704644215E-01 -.887764741E-01 -.106998515E+00 -.125014190E+00 -.142703814E+00
 -.159945214E+00 -.176614674E+00 -.192587969E+00 -.207741489E+00 -.221953428E+00
 -.235105046E+00 -.247081970E+00 -.257775518E+00 -.267084038E+00 -.274914215E+00
 -.281182353E+00 -.285815573E+00 -.288752934E+00 -.289946431E+00 -.289361859E+00
 -.286979517E+00 -.282794746E+00 -.276818270E+00 -.269076355E+00 -.259610758E+00
 -.248478485E+00 -.235751358E+00 -.221515403E+00 -.205870069E+00 -.188927315E+00
 -.170810571E+00 -.151653616E+00 -.131599400E+00 -.110798836E+00 -.894096219E-01
 -.675950991E-01 -.455232048E-01 -.233655298E-01 -.129647207E-02  .205076340E-01
  .418698237E-01  .627604570E-01  .831505685E-01  .102997708E+00  .122243703E+00
  .140813018E+00  .158612279E+00  .175531868E+00  .191450606E+00  .206244146E+00
  .153875855E+00  .149462431E+00  .139378586E+00  .126192620E+00  .112067076E+00
  .974570966E-01  .824161109E-01  .669340633E-01  .509895886E-01  .345579182E-01
  .176114837E-01  .148531388E-03 -.177450453E-01 -.359771598E-01 -.544497703E-01
 -.730591858E-01 -.916964649E-01 -.110247922E+00 -.128595739E+00 -.146618697E+00
 -.164193007E+00 -.181193256E+00 -.197493446E+00 -.212968127E+00 -.227493608E+00
 -.240949235E+00 -.253218713E+00 -.264191459E+00 -.273763962E+00 -.281841127E+00
 -.288337573E+00 -.293178877E+00 -.296302711E+00 -.297659875E+00 -.297215190E+00
 -.294948232E+00 -.290853888E+00 -.284942733E+00 -.277241201E+00 -.267791567E+00
 -.256651717E+00 -.243894738E+00 -.229608325E+00 -.213894021E+00 -.196866315E+00
 -.178651630E+00 -.159387209E+00 -.139219954E+00 -.118305232E+00 -.968056826E-01
 -.748900712E-01 -.527322009E-01 -.305099277E-01 -.840430792E-02  .134010530E-01
  .347202816E-01  .554703908E-01  .756259575E-01  .951495900E-01  .113992043E+00
  .132092765E+00  .149381294E+00  .165779842E+00  .181207327E+00  .195584806E+00
  .156701307E+00  .153181631E+00  .141077933E+00  .126571954E+00  .112185965E+00
  .974980108E-01  .823736756E-01  .667788033E-01  .506970348E-01  .341102423E-01
  .169950214E-01 -.644263046E-03 -.187197103E-01 -.371379383E-01 -.557999909E-01
 -.746014473E-01 -.934327056E-01 -.112179421E+00 -.130723083E+00 -.148941721E+00
 -.166710736E+00 -.183903837E+00 -.200394094E+00 -.216055071E+00 -.230762058E+00
 -.244393350E+00 -.256831594E+00 -.267965155E+00 -.277689490E+00 -.285908512E+00
 -.292535908E+00 -.297496396E+00 -.300726885E+00 -.302177525E+00 -.301812617E+00
 -.299611360E+00 -.295568432E+00 -.289694374E+00 -.282015778E+00 -.272575283E+00
 -.261431359E+00 -.248657906E+00 -.234343672E+00 -.218591507E+00 -.201517468E+00
 -.183249812E+00 -.163927898E+00 -.143701013E+00 -.122727185E+00 -.101171967E+00
 -.792072578E-01 -.570101527E-01 -.347618500E-01 -.126466143E-01  .914921908E-02
  .304382456E-01  .511037152E-01  .711229713E-01  .904631635E-01  .109082031E+00
  .126929157E+00  .143947842E+00  .160077689E+00  .175257929E+00  .189431331E+00
  .152218408E+00  .147218752E+00  .138137786E+00  .126025594E+00  .112303524E+00
  .977265995E-01  .825631065E-01  .668921831E-01  .507282708E-01  .340612453E-01
  .168692719E-01 -.842750984E-03 -.189872634E-01 -.374713599E-01 -.561965488E-01
 -.750588084E-01 -.939488546E-01 -.112752576E+00 -.131351615E+00 -.149624086E+00
 -.167445406E+00 -.184689249E+00 -.201228604E+00 -.216936918E+00 -.231689328E+00
 -.245363963E+00 -.257843283E+00 -.269015459E+00 -.278775756E+00 -.287027896E+00
 -.293685391E+00 -.298672797E+00 -.301926887E+00 -.303397705E+00 -.303049474E+00
 -.300861361E+00 -.296828053E+00 -.290960145E+00 -.283284342E+00 -.273843447E+00
 -.262696156E+00 -.249916661E+00 -.235594070E+00 -.219831662E+00 -.202746000E+00
 -.184465924E+00 -.165131451E+00 -.144892614E+00 -.123908251E+00 -.102344802E+00
 -.803751001E-01 -.581771985E-01 -.359332307E-01 -.138282911E-01  .795068983E-02
  .292161485E-01  .498417991E-01  .698059019E-01  .890771825E-01  .107615779E+00
  .125374646E+00  .142301508E+00  .158341375E+00  .173439610E+00  .187545382E+00
  .161183714E+00  .158593167E+00  .144361154E+00  .128429537E+00  .113445356E+00
  .983995988E-01  .830334349E-01  .672674257E-01  .510632291E-01  .343900052E-01
  .172161460E-01 -.461117457E-03 -.185578531E-01 -.369837382E-01 -.556422349E-01
 -.744308712E-01 -.932416417E-01 -.111961529E+00 -.130473144E+00 -.148655478E+00
 -.166384768E+00 -.183535465E+00 -.199981304E+00 -.215596459E+00 -.230256779E+00
 -.243841086E+00 -.256232519E+00 -.267319909E+00 -.276999156E+00 -.285174594E+00
 -.291760308E+00 -.296681387E+00 -.299875092E+00 -.301291892E+00 -.300896381E+00
 -.298668022E+00 -.294601717E+00 -.288708202E+00 -.281014224E+00 -.271562537E+00
 -.260411687E+00 -.247635613E+00 -.233323058E+00 -.217576828E+00 -.200512898E+00
 -.182259409E+00 -.162955562E+00 -.142750461E+00 -.121801914E+00 -.100275234E+00
 -.783420524E-01 -.561791796E-01 -.339675186E-01 -.118910395E-01  .986418968E-02
  .311109466E-01  .517379789E-01  .717221934E-01  .910303270E-01  .109619749E+00
  .127439716E+00  .144433244E+00  .160539689E+00  .175698063E+00  .189850949E+00
  .156537213E+00  .152206349E+00  .142087950E+00  .128568350E+00  .113949324E+00
  .988902265E-01  .834911165E-01  .677366408E-01  .515910828E-01  .350162064E-01
  .179735371E-01  .450424724E-03 -.174736217E-01 -.357116645E-01 -.541698479E-01
 -.727479175E-01 -.913397851E-01 -.109834162E+00 -.128115273E+00 -.146063664E+00
 -.163557097E+00 -.180471540E+00 -.196682247E+00 -.212064917E+00 -.226496929E+00
 -.239858629E+00 -.252034673E+00 -.262915378E+00 -.272398092E+00 -.280388534E+00
 -.286802099E+00 -.291565092E+00 -.294615867E+00 -.295905855E+00 -.295400449E+00
 -.293079738E+00 -.288939056E+00 -.282989356E+00 -.275257378E+00 -.265785623E+00
 -.254632128E+00 -.241870053E+00 -.227587086E+00 -.211884682E+00 -.194877171E+00
 -.176690739E+00 -.157462329E+00 -.137338473E+00 -.116474108E+00 -.950313944E-01
 -.731785643E-01 -.510888459E-01 -.289394771E-01 -.691085191E-02  .148141444E-01
  .360504527E-01  .567253982E-01  .768124875E-01  .962734408E-01  .115058265E+00
  .133105774E+00  .150344954E+00  .166697539E+00  .182082028E+00  .196419109E+00
  .159829115E+00  .156740727E+00  .144310124E+00  .129092173E+00  .114103912E+00
  .990338282E-01  .837329331E-01  .681319339E-01  .521812438E-01  .358369149E-01
  .190570789E-01  .181977606E-02 -.157988852E-01 -.337148528E-01 -.518367829E-01
 -.700666868E-01 -.883005991E-01 -.106429287E+00 -.124339021E+00 -.141912412E+00
 -.159029331E+00 -.175567908E+00 -.191405610E+00 -.206420398E+00 -.220491943E+00
 -.233502905E+00 -.245340243E+00 -.255896553E+00 -.265071402E+00 -.272772647E+00
 -.278917701E+00 -.283434737E+00 -.286263799E+00 -.287357795E+00 -.286683350E+00
 -.284221510E+00 -.279968265E+00 -.273934890E+00 -.266148094E+00 -.256649966E+00
 -.245497734E+00 -.232763324E+00 -.218532749E+00 -.202905337E+00 -.185992807E+00
 -.167918250E+00 -.148814999E+00 -.128825462E+00 -.108099928E+00 -.867953868E-01
 -.650744027E-01 -.431040736E-01 -.210550955E-01  .899083394E-03  .225831402E-01
  .438267450E-01  .646096074E-01  .849012336E-01  .104657962E+00  .123820614E+00
  .142312793E+00  .160040373E+00  .176893069E+00  .192749108E+00  .207483613E+00
  .155873510E+00  .151962309E+00  .141541829E+00  .127813751E+00  .113344105E+00
  .985978190E-01  .836041554E-01  .683289068E-01  .527287779E-01  .367610578E-01
  .203847995E-01  .357053136E-02 -.136073806E-01 -.310666537E-01 -.487177584E-01
 -.664646040E-01 -.842052389E-01 -.101832581E+00 -.119235196E+00 -.136298142E+00
 -.152903878E+00 -.168933256E+00 -.184266579E+00 -.198784741E+00 -.212370413E+00
 -.224909296E+00 -.236291397E+00 -.246412332E+00 -.255174619E+00 -.262488955E+00
 -.268275446E+00 -.272464761E+00 -.274999202E+00 -.275833656E+00 -.274936407E+00
 -.272289796E+00 -.267890711E+00 -.261750892E+00 -.253897046E+00 -.244370764E+00
 -.233228250E+00 -.220539856E+00 -.206389445E+00 -.190873584E+00 -.174100606E+00
 -.156189545E+00 -.137268989E+00 -.117475865E+00 -.969542164E-01 -.758539929E-01
 -.543299151E-01 -.325404792E-01 -.106471963E-01  .111857726E-01  .327912755E-01
  .540831065E-01  .750503445E-01  .956687871E-01  .115897683E+00  .135674982E+00
  .154911590E+00  .173485615E+00  .191238774E+00  .207978653E+00  .223491064E+00
  .154421955E+00  .150918835E+00  .140003474E+00  .126062862E+00  .111874699E+00
  .975629494E-01  .830479025E-01  .682675070E-01  .531740719E-01  .377276645E-01
  .218923097E-01  .563428825E-02 -.109724428E-01 -.278461823E-01 -.448983750E-01
 -.620343325E-01 -.791539079E-01 -.961521859E-01 -.112920221E+00 -.129345842E+00
 -.145314526E+00 -.160710356E+00 -.175417047E+00 -.189319044E+00 -.202302674E+00
 -.214257355E+00 -.225076833E+00 -.234660427E+00 -.242914287E+00 -.249752609E+00
 -.255098817E+00 -.258886664E+00 -.261061252E+00 -.261579928E+00 -.260413052E+00
 -.257544605E+00 -.252972644E+00 -.246709555E+00 -.238782142E+00 -.229231503E+00
 -.218112729E+00 -.205494408E+00 -.191457956E+00 -.176096780E+00 -.159515302E+00
 -.141827846E+00 -.123157440E+00 -.103634536E+00 -.833956899E-01 -.625822470E-01
 -.413390508E-01 -.198132372E-01  .184684646E-02  .234925550E-01  .449885879E-01
  .663403206E-01  .875492811E-01  .108608394E+00  .129496102E+00  .150167927E+00
  .170544007E+00  .190491295E+00  .209800978E+00  .228168690E+00  .245199017E+00
  .150260601E+00  .146773973E+00  .136185888E+00  .122884392E+00  .109459821E+00
  .958922024E-01  .820749341E-01  .679582611E-01  .535125872E-01  .387132686E-01
  .235359269E-01  .795501357E-02 -.796270884E-02 -.241343066E-01 -.404713045E-01
 -.568800336E-01 -.732620772E-01 -.895148128E-01 -.105532049E+00 -.121204751E+00
 -.136421863E+00 -.151071204E+00 -.165040450E+00 -.178218182E+00 -.190494995E+00
 -.201764652E+00 -.211925265E+00 -.220880492E+00 -.228540730E+00 -.234824275E+00
 -.239658445E+00 -.242980619E+00 -.244739196E+00 -.244894440E+00 -.243419187E+00
 -.240299412E+00 -.235534623E+00 -.229138088E+00 -.221136873E+00 -.211571692E+00
 -.200496569E+00 -.187978317E+00 -.174095836E+00 -.158939245E+00 -.142608863E+00
 -.125214055E+00 -.106871960E+00 -.877061273E-01 -.678450836E-01 -.474208502E-01
 -.265674428E-01 -.541937386E-02  .158898135E-01  .372289564E-01  .585770930E-01
  .799629438E-01  .101416268E+00  .122966279E+00  .144638081E+00  .166445837E+00
  .188379731E+00  .210380044E+00  .232282666E+00  .253705118E+00  .273874165E+00
  .141405204E+00  .136858669E+00  .128823414E+00  .118252505E+00  .106387880E+00
  .938525051E-01  .808691703E-01  .675109807E-01  .537985164E-01  .397317243E-01
  .253007565E-01  .104900993E-01 -.464262703E-02 -.200138492E-01 -.355356521E-01
 -.511158266E-01 -.666581209E-01 -.820626509E-01 -.972264417E-01 -.112044083E+00
 -.126408489E+00 -.140211741E+00 -.153346023E+00 -.165704615E+00 -.177182946E+00
 -.187679698E+00 -.197097921E+00 -.205346179E+00 -.212339669E+00 -.218001324E+00
 -.222262864E+00 -.225065778E+00 -.226362214E+00 -.226115765E+00 -.224302124E+00
 -.220909594E+00 -.215939440E+00 -.209406073E+00 -.201337053E+00 -.191772913E+00
 -.180766793E+00 -.168383898E+00 -.154700773E+00 -.139804416E+00 -.123791223E+00
 -.106765801E+00 -.888396351E-01 -.701296492E-01 -.507566557E-01 -.308437178E-01
 -.105144287E-01  .101088806E-01  .309069960E-01  .518296211E-01  .729175661E-01
  .942218158E-01  .115805037E+00  .137743543E+00  .160129644E+00  .183074448E+00
  .206711568E+00  .231203717E+00  .256760418E+00  .283687286E+00  .312124819E+00
  .143810546E+00  .141184664E+00  .128471776E+00  .115842753E+00  .104011545E+00
  .920093586E-01  .796960876E-01  .670550704E-01  .540875225E-01  .407923378E-01
  .271633036E-01  .131897040E-01 -.108397459E-02 -.155757086E-01 -.301996561E-01
 -.448661802E-01 -.594820644E-01 -.739508860E-01 -.881735221E-01 -.102048770E+00
 -.115474068E+00 -.128346303E+00 -.140562695E+00 -.152021747E+00 -.162624245E+00
 -.172274302E+00 -.180880416E+00 -.188356545E+00 -.194623167E+00 -.199608310E+00
 -.203248535E+00 -.205489851E+00 -.206288544E+00 -.205611897E+00 -.203438795E+00
 -.199760179E+00 -.194579362E+00 -.187912176E+00 -.179786946E+00 -.170244297E+00
 -.159336773E+00 -.147128289E+00 -.133693399E+00 -.119116408E+00 -.103490312E+00
 -.869155898E-01 -.694988536E-01 -.513513570E-01 -.325873765E-01 -.133224597E-01
  .632846512E-02  .262531391E-01  .463759027E-01  .667348750E-01  .873817773E-01
  .108384921E+00  .129833375E+00  .151842791E+00  .174563654E+00  .198193131E+00
  .222992542E+00  .249313412E+00  .277630155E+00  .308489381E+00  .341319708E+00
  .134221460E+00  .129988890E+00  .122355811E+00  .112430582E+00  .101527098E+00
  .901770694E-01  .785165745E-01  .665750839E-01  .543563944E-01  .418566924E-01
  .290685583E-01  .159820755E-01  .262524183E-02 -.109237244E-01 -.245827069E-01
 -.382658806E-01 -.518840276E-01 -.653449679E-01 -.785540943E-01 -.914149990E-01
 -.103830184E+00 -.115701848E+00 -.126932733E+00 -.137427035E+00 -.147091352E+00
 -.155835670E+00 -.163574362E+00 -.170227192E+00 -.175720312E+00 -.179987216E+00
 -.182969660E+00 -.184618504E+00 -.184894478E+00 -.183768847E+00 -.181223956E+00
 -.177253647E+00 -.171863534E+00 -.165071125E+00 -.156905781E+00 -.147408517E+00
 -.136631624E+00 -.124638132E+00 -.111501104E+00 -.973027643E-01 -.821334730E-01
 -.660905410E-01 -.492768995E-01 -.317996243E-01 -.137683186E-01  .470664744E-02
  .235160564E-01  .425653912E-01  .618796772E-01  .814965393E-01  .101468970E+00
  .121869119E+00  .142793547E+00  .164370586E+00  .186770732E+00  .210221324E+00
  .235026947E+00  .261596157E+00  .290472368E+00  .322383862E+00  .358550654E+00
  .134907310E+00  .132381800E+00  .121649642E+00  .110023047E+00  .991355237E-01
  .882444235E-01  .772001863E-01  .659620727E-01  .545121609E-01  .428378515E-01
  .309280156E-01  .187719682E-01  .638017909E-02 -.617422638E-02 -.188139208E-01
 -.314577472E-01 -.440211879E-01 -.564169022E-01 -.685553239E-01 -.803453191E-01
 -.916949011E-01 -.102512001E+00 -.112705291E+00 -.122185048E+00 -.130864055E+00
 -.138658527E+00 -.145489051E+00 -.151281520E+00 -.155968056E+00 -.159487901E+00
 -.161788261E+00 -.162825083E+00 -.162563758E+00 -.160979732E+00 -.158058996E+00
 -.153798474E+00 -.148206261E+00 -.141301738E+00 -.133115520E+00 -.123689272E+00
 -.113075357E+00 -.101336330E+00 -.885442860E-01 -.747800472E-01 -.601322033E-01
 -.446960036E-01 -.285720982E-01 -.118651310E-01  .531779323E-02  .228687571E-01
  .406851418E-01  .587740907E-01  .771523863E-01  .958482405E-01  .114903661E+00
  .134377603E+00  .154350211E+00  .174928628E+00  .196255122E+00  .218518837E+00
  .241973757E+00  .266969350E+00  .294018884E+00  .324082668E+00  .361542155E+00
  .126468433E+00  .122570871E+00  .115335080E+00  .106044378E+00  .960720016E-01
  .858759689E-01  .755405326E-01  .650642838E-01  .544313363E-01  .436262347E-01
  .326362962E-01  .214514307E-01  .100669761E-01 -.144983883E-02 -.130268306E-01
 -.245877554E-01 -.360530391E-01 -.473404462E-01 -.583657398E-01 -.690433619E-01
 -.792871461E-01 -.890110671E-01 -.981300286E-01 -.106560683E+00 -.114222281E+00
 -.121037534E+00 -.126933486E+00 -.131842386E+00 -.135702532E+00 -.138459091E+00
 -.140064877E+00 -.140481056E+00 -.139677795E+00 -.137634810E+00 -.134341824E+00
 -.129798912E+00 -.124016729E+00 -.117016610E+00 -.108830542E+00 -.995009940E-01
 -.890806177E-01 -.776318031E-01 -.652261029E-01 -.519435216E-01 -.378716725E-01
 -.231048037E-01 -.774267529E-02  .811080023E-02  .243489730E-01  .408745614E-01
  .576766639E-01  .747507914E-01  .920997383E-01  .109734658E+00  .127676362E+00
  .145956845E+00  .164621031E+00  .183728702E+00  .203356511E+00  .223599882E+00
  .244574308E+00  .266414388E+00  .289262627E+00  .313213047E+00  .337327678E+00
  .124001302E+00  .121197471E+00  .112341894E+00  .102138215E+00  .924762500E-01
  .829457727E-01  .733936053E-01  .637577621E-01  .540069043E-01  .441228088E-01
  .340940080E-01  .239129213E-01  .135743463E-01  .312988723E-02 -.735181745E-02
 -.177986722E-01 -.281357274E-01 -.382857800E-01 -.481699883E-01 -.577085135E-01
 -.668211937E-01 -.754282510E-01 -.834510307E-01 -.908127672E-01 -.974393712E-01
 -.103260229E+00 -.108209004E+00 -.112224433E+00 -.115251101E+00 -.117240186E+00
 -.118150164E+00 -.117947451E+00 -.116606990E+00 -.114112748E+00 -.110458136E+00
 -.105646327E+00 -.996904695E-01 -.926137960E-01 -.844496129E-01 -.752411778E-01
 -.650414577E-01 -.539127721E-01 -.419263215E-01 -.291616081E-01 -.157057642E-01
 -.165281583E-02  .128969293E-01  .278387792E-01  .430945706E-01  .586378443E-01
  .744458070E-01  .904995808E-01  .106784508E+00  .123290458E+00  .140012028E+00
  .156948477E+00  .174103078E+00  .191481451E+00  .209088034E+00  .226919280E+00
  .244950941E+00  .263114275E+00  .281249894E+00  .299001798E+00  .315542385E+00
  .114699186E+00  .110978174E+00  .104320055E+00  .961738627E-01  .877555449E-01
  .792585831E-01  .706740025E-01  .619858548E-01  .531854596E-01  .442687490E-01
  .352341178E-01  .260813676E-01  .168111961E-01  .745932034E-02 -.190854554E-02
 -.112241022E-01 -.204168679E-01 -.294146451E-01 -.381440422E-01 -.465310439E-01
 -.545016240E-01 -.619823952E-01 -.689012886E-01 -.751882577E-01 -.807759981E-01
 -.856006768E-01 -.896026597E-01 -.927272306E-01 -.949252898E-01 -.961540233E-01
 -.963775327E-01 -.955674151E-01 -.937032837E-01 -.907732210E-01 -.867741566E-01
 -.817121620E-01 -.756026590E-01 -.684705358E-01 -.603501706E-01 -.512853605E-01
 -.413291567E-01 -.305436032E-01 -.189993834E-01 -.677535340E-02  .604201608E-02
  .193597558E-01  .330734841E-01  .471358028E-01  .615083038E-01  .761542518E-01
  .910382518E-01  .106126094E+00  .121384671E+00  .136781842E+00  .152286114E+00
  .167865871E+00  .183487853E+00  .199114348E+00  .214698424E+00  .230176220E+00
  .245454998E+00  .260395600E+00  .274789057E+00  .288333643E+00  .300637500E+00
  .105517536E+00  .101358447E+00  .958941307E-01  .894355339E-01  .824137236E-01
  .750704695E-01  .675193306E-01  .598151529E-01  .519867223E-01  .440509959E-01
  .360193508E-01  .279005155E-01  .197020770E-01  .114462552E-01  .319547043E-02
 -.498605853E-02 -.130325345E-01 -.208769404E-01 -.284514857E-01 -.356881156E-01
 -.425190670E-01 -.488774605E-01 -.546979191E-01 -.599172072E-01 -.644748805E-01
 -.683139399E-01 -.713814815E-01 -.736293352E-01 -.750146822E-01 -.755006454E-01
 -.750568431E-01 -.736598988E-01 -.712939000E-01 -.679507998E-01 -.636307556E-01
 -.583423995E-01 -.521030392E-01 -.449387874E-01 -.368846192E-01 -.279843588E-01
 -.182906156E-01 -.786462017E-02  .322390682E-02  .148971629E-01  .270680223E-01
  .396646995E-01  .526474227E-01  .659731599E-01  .795976275E-01  .934751108E-01
  .107558227E+00  .121797743E+00  .136142477E+00  .150539247E+00  .164932788E+00
  .179265439E+00  .193476365E+00  .207499976E+00  .221263198E+00  .234681344E+00
  .247652632E+00  .260052124E+00  .271727207E+00  .282498607E+00  .292171763E+00
  .993963034E-01  .956047886E-01  .898949526E-01  .836575605E-01  .773338700E-01
  .708262220E-01  .641561607E-01  .573567885E-01  .504553607E-01  .434723739E-01
  .364235778E-01  .293219950E-01  .221794952E-01  .150080640E-01  .786360730E-02
  .805445522E-03 -.610577956E-02 -.128085285E-01 -.192408163E-01 -.253406999E-01
 -.310467981E-01 -.362988364E-01 -.410382101E-01 -.452085576E-01 -.487563391E-01
 -.516314123E-01 -.537876001E-01 -.551832438E-01 -.557817348E-01 -.555520205E-01
 -.544690770E-01 -.525143449E-01 -.496761201E-01 -.459498996E-01 -.413386775E-01
 -.358531870E-01 -.295120847E-01 -.223420923E-01 -.143780829E-01 -.566306273E-02
  .375160769E-02  .138067352E-01  .244340876E-01  .355635111E-01  .471625306E-01
  .591898749E-01  .716027428E-01  .843553689E-01  .973982890E-01  .110677682E+00
  .124134825E+00  .137705760E+00  .151321259E+00  .164907183E+00  .178385227E+00
  .191673979E+00  .204690081E+00  .217349186E+00  .229566402E+00  .241256006E+00
  .252330554E+00  .262699880E+00  .272271023E+00  .280950336E+00  .288648779E+00
  .923814110E-01  .882718553E-01  .834122252E-01  .780091745E-01  .723344797E-01
  .665161757E-01  .606029733E-01  .546198188E-01  .485840699E-01  .425097641E-01
  .364092855E-01  .302943810E-01  .241768538E-01  .180689631E-01  .120094673E-01
  .605287200E-02  .254555091E-03 -.532955452E-02 -.106433911E-01 -.156312155E-01
 -.202381047E-01 -.244104550E-01 -.280964907E-01 -.312467723E-01 -.338146994E-01
 -.357570046E-01 -.370342323E-01 -.376111995E-01 -.374574342E-01 -.365475885E-01
 -.348618256E-01 -.323861738E-01 -.291128402E-01 -.250404884E-01 -.201744979E-01
 -.145271730E-01 -.811785533E-02 -.973117878E-03  .687294835E-02  .153799619E-01
  .244972719E-01  .341735434E-01  .443857546E-01  .551017381E-01  .662882599E-01
  .779086911E-01  .899223207E-01  .102283262E+00  .114939215E+00  .127830189E+00
  .140887315E+00  .154031983E+00  .167175571E+00  .180220115E+00  .193060187E+00
  .205586084E+00  .217688111E+00  .229261382E+00  .240210324E+00  .250452119E+00
  .259918587E+00  .268556473E+00  .276326536E+00  .283202149E+00  .289168217E+00
  .871621493E-01  .836569988E-01  .780268038E-01  .724805073E-01  .671913014E-01
  .619517052E-01  .567278808E-01  .515123058E-01  .463043038E-01  .411066142E-01
  .359247446E-01  .307667453E-01  .256430178E-01  .205661401E-01  .155599206E-01
  .106731083E-01  .595544082E-02  .145709863E-02 -.277181793E-02 -.668179334E-02
 -.102243847E-01 -.133526928E-01 -.160218169E-01 -.181892922E-01 -.198155104E-01
 -.208641247E-01 -.213024322E-01 -.211017323E-01 -.202376547E-01 -.186904674E-01
 -.164453775E-01 -.134928099E-01 -.982861203E-02 -.545419029E-02 -.376829470E-03
  .538997413E-02  .118271067E-01  .189096267E-01  .266006214E-01  .348773234E-01
  .437251649E-01  .531236892E-01  .630522383E-01  .734878241E-01  .844046757E-01
  .957731625E-01  .107558462E+00  .119718871E+00  .132203752E+00  .144951144E+00
  .157885193E+00  .170913709E+00  .183926419E+00  .196794806E+00  .209374602E+00
  .221511852E+00  .233052573E+00  .243854665E+00  .253799598E+00  .262801404E+00
  .270811406E+00  .277818167E+00  .283842870E+00  .288931068E+00  .293142719E+00
  .793946815E-01  .753233802E-01  .708371211E-01  .661319680E-01  .614417887E-01
  .568446263E-01  .523379792E-01  .479032523E-01  .435254201E-01  .391968927E-01
  .349171435E-01  .306914357E-01  .265295979E-01  .224451008E-01  .184544880E-01
  .145981036E-01  .109205860E-01  .746674604E-02  .428096899E-02  .140669139E-02
 -.111406559E-02 -.324111794E-02 -.493650094E-02 -.616481637E-02 -.689355350E-02
 -.709339734E-02 -.673851651E-02 -.580680750E-02 -.428007297E-02 -.214414926E-02
  .610829772E-03  .399007060E-02  .799404880E-02  .126194158E-01  .178580179E-01
  .236931421E-01  .301069338E-01  .370981696E-01  .446587254E-01  .527794305E-01
  .614513148E-01  .706645213E-01  .804082600E-01  .906702131E-01  .101435746E+00
  .112686757E+00  .124400065E+00  .136545207E+00  .149081459E+00  .161953940E+00
  .175088654E+00  .188386566E+00  .201717236E+00  .214913565E+00  .227770818E+00
  .240054570E+00  .251520984E+00  .261946548E+00  .271157268E+00  .279048360E+00
  .285592729E+00  .290839705E+00  .294903889E+00  .297942898E+00  .300127433E+00
  .723670472E-01  .686296139E-01  .636482644E-01  .589582239E-01  .548241363E-01
  .509697147E-01  .472817673E-01  .436995772E-01  .401917578E-01  .367455955E-01
  .333605291E-01  .300439998E-01  .268088226E-01  .236715261E-01  .206512814E-01
  .177777558E-01  .150917149E-01  .126333556E-01  .104417937E-01  .855461482E-02
  .700748363E-02  .583380730E-02  .506445897E-02  .472756681E-02  .484835529E-02
  .544892106E-02  .654797185E-02  .816063304E-02  .102984859E-01  .129702883E-01
  .161816187E-01  .199330688E-01  .242179133E-01  .290341624E-01  .343859574E-01
  .402727839E-01  .466928262E-01  .536457531E-01  .611313098E-01  .691495049E-01
  .777008106E-01  .867860820E-01  .964064103E-01  .106562797E+00  .117255595E+00
  .128483609E+00  .140242693E+00  .152523596E+00  .165308702E+00  .178567141E+00
  .192247516E+00  .206267218E+00  .220497049E+00  .234740283E+00  .248708935E+00
  .262012621E+00  .274195246E+00  .284835001E+00  .293636448E+00  .300453031E+00
  .305286656E+00  .308285841E+00  .309741938E+00  .310050419E+00  .309603871E+00
  .615269896E-01  .570979938E-01  .532296860E-01  .498961788E-01  .469498539E-01
  .442047056E-01  .415479127E-01  .389318041E-01  .363438623E-01  .337889962E-01
  .312810476E-01  .288387276E-01  .264835686E-01  .242388533E-01  .221290876E-01
  .201798488E-01  .184274382E-01  .169079596E-01  .156555545E-01  .147020608E-01
  .140767197E-01  .138059236E-01  .139130354E-01  .144183749E-01  .153396450E-01
  .166916974E-01  .184859397E-01  .207296291E-01  .234245590E-01  .265748351E-01
  .301876842E-01  .342669218E-01  .388143838E-01  .438322053E-01  .493236472E-01
  .552923803E-01  .617427966E-01  .686805170E-01  .761125236E-01  .840473256E-01
  .924951366E-01  .101468029E+00  .110980072E+00  .121047435E+00  .131688413E+00
  .142923313E+00  .154774045E+00  .167263206E+00  .180412253E+00  .194238104E+00
  .208747064E+00  .223924172E+00  .239714356E+00  .255987059E+00  .272460275E+00
  .288523187E+00  .303021872E+00  .314824687E+00  .323660761E+00  .329302207E+00
  .331819537E+00  .331457563E+00  .328647953E+00  .324658405E+00  .320504598E+00
  .475546484E-01  .420309858E-01  .399395577E-01  .391937768E-01  .382336473E-01
  .369549144E-01  .354642418E-01  .338453210E-01  .321579949E-01  .304493088E-01
  .287595096E-01  .271248411E-01  .255788917E-01  .241533308E-01  .228783973E-01
  .217833088E-01  .208976726E-01  .202538603E-01  .198810597E-01  .198052556E-01
  .200490650E-01  .206314791E-01  .215674520E-01  .228671352E-01  .245407777E-01
  .265973829E-01  .290429184E-01  .318808498E-01  .351128573E-01  .387403193E-01
  .427649676E-01  .471886323E-01  .520136092E-01  .572432998E-01  .628826932E-01
  .689386037E-01  .754199161E-01  .823378335E-01  .897060864E-01  .975411540E-01
  .105862535E+00  .114693107E+00  .124059603E+00  .133993262E+00  .144530671E+00
  .155714851E+00  .167596581E+00  .180235964E+00  .193704103E+00  .208084649E+00
  .223474677E+00  .239984075E+00  .257732759E+00  .276848132E+00  .297494898E+00
  .320252852E+00  .346205661E+00  .353904294E+00  .366315123E+00  .369061283E+00
  .367356031E+00  .366712408E+00  .350177175E+00  .338789836E+00  .330096981E+00
  .355854967E-01  .288036817E-01  .288355574E-01  .301938150E-01  .305188186E-01
  .302599437E-01  .296527717E-01  .288301096E-01  .278841681E-01  .268862237E-01
  .258946142E-01  .249588460E-01  .241220147E-01  .234223475E-01  .228942357E-01
  .225689588E-01  .224752315E-01  .226393962E-01  .230846739E-01  .238307697E-01
  .248936664E-01  .262855559E-01  .280149209E-01  .300868650E-01  .325039800E-01
  .352666896E-01  .383734592E-01  .418212983E-01  .456064634E-01  .497252940E-01
  .541749515E-01  .589540060E-01  .640630053E-01  .695050081E-01  .752860113E-01
  .814152445E-01  .879053643E-01  .947725833E-01  .102036774E+00  .109721608E+00
  .117854800E+00  .126468527E+00  .135600124E+00  .145293136E+00  .155598869E+00
  .166578597E+00  .178306655E+00  .190874756E+00  .204397963E+00  .219022875E+00
  .234938592E+00  .252390389E+00  .271694549E+00  .293256093E+00  .317646777E+00
  .345226497E+00  .364225370E+00  .377431261E+00  .387663379E+00  .387088718E+00
  .386748313E+00  .373648612E+00  .357938518E+00  .344685253E+00  .334034208E+00
  .322866972E-01  .263293198E-01  .242473762E-01  .242524232E-01  .245548281E-01
  .246445026E-01  .244843816E-01  .241390306E-01  .236863688E-01  .231983738E-01
  .227378442E-01  .223589728E-01  .221086685E-01  .220277879E-01  .221520568E-01
  .225126618E-01  .231365505E-01  .240464764E-01  .252608386E-01  .267935266E-01
  .286538641E-01  .308466944E-01  .333726283E-01  .362284687E-01  .394077968E-01
  .429016034E-01  .466989824E-01  .507879440E-01  .551563442E-01  .597928916E-01
  .646881594E-01  .698355343E-01  .752320573E-01  .808790991E-01  .867828218E-01
  .929544071E-01  .994100712E-01  .106170922E+00  .113262742E+00  .120715802E+00
  .128564811E+00  .136849121E+00  .145613296E+00  .154908175E+00  .164792586E+00
  .175335925E+00  .186621958E+00  .198754374E+00  .211865024E+00  .226126400E+00
  .241771159E+00  .259123878E+00  .278654561E+00  .301055890E+00  .326932877E+00
  .351075800E+00  .366960113E+00  .380533760E+00  .385584544E+00  .386642582E+00
  .380800310E+00  .366710756E+00  .352630329E+00  .340715989E+00  .330751948E+00
  .233315150E-01  .154558666E-01  .168397697E-01  .189969861E-01  .197470261E-01
  .199775926E-01  .199451095E-01  .197740555E-01  .195534061E-01  .193558293E-01
  .192426371E-01  .192662651E-01  .194721014E-01  .198997650E-01  .205838153E-01
  .215539690E-01  .228349710E-01  .244462817E-01  .264017351E-01  .287093027E-01
  .313710478E-01  .343833019E-01  .377370563E-01  .414185398E-01  .454099471E-01
  .496902870E-01  .542363560E-01  .590238633E-01  .640287220E-01  .692284878E-01
  .746038797E-01  .801402688E-01  .858289938E-01  .916683570E-01  .976641853E-01
  .103829905E+00  .110186162E+00  .116760085E+00  .123584378E+00  .130696402E+00
  .138137452E+00  .145952361E+00  .154189552E+00  .162901615E+00  .172146492E+00
  .181989381E+00  .192505524E+00  .203784194E+00  .215934414E+00  .229093359E+00
  .243439241E+00  .259211958E+00  .276745455E+00  .296478358E+00  .318269041E+00
  .337019099E+00  .349947620E+00  .360713905E+00  .364329624E+00  .365046609E+00
  .359060142E+00  .348363214E+00  .338380314E+00  .329497100E+00  .321627393E+00
  .264433069E-01  .200453551E-01  .172271284E-01  .165376550E-01  .163569618E-01
  .161411612E-01  .158467045E-01  .155416055E-01  .153003623E-01  .151850539E-01
  .152463041E-01  .155272264E-01  .160663954E-01  .168992375E-01  .180581032E-01
  .195714751E-01  .214627593E-01  .237490386E-01  .264400643E-01  .295376592E-01
  .330355980E-01  .369199354E-01  .411696793E-01  .457576761E-01  .506515951E-01
  .558149675E-01  .612083243E-01  .667905506E-01  .725205818E-01  .783595087E-01
  .842730222E-01  .902339773E-01  .962247354E-01  .102238907E+00  .108282190E+00
  .114372153E+00  .120537027E+00  .126813741E+00  .133245592E+00  .139879947E+00
  .146766326E+00  .153955050E+00  .161496534E+00  .169441169E+00  .177839683E+00
  .186743839E+00  .196207294E+00  .206286396E+00  .217040523E+00  .228531185E+00
  .240818216E+00  .253949253E+00  .267934527E+00  .282688839E+00  .297630400E+00
  .310653405E+00  .320976733E+00  .328319441E+00  .332384072E+00  .333009290E+00
  .330158744E+00  .325300485E+00  .319882223E+00  .314356989E+00  .308981795E+00
  .191143798E-01  .103048041E-01  .126859982E-01  .140434507E-01  .135262987E-01
  .126248336E-01  .117410059E-01  .110321873E-01  .105657466E-01  .103738417E-01
  .104782429E-01  .109013830E-01  .116702245E-01  .128160887E-01  .143722037E-01
  .163701915E-01  .188364137E-01  .217888200E-01  .252347026E-01  .291695547E-01
  .335770492E-01  .384299632E-01  .436916928E-01  .493179128E-01  .552579996E-01
  .614560664E-01  .678517770E-01  .743813732E-01  .809794692E-01  .875820358E-01
  .941306138E-01  .100577282E+00  .106889481E+00  .113053658E+00  .119076908E+00
  .124986199E+00  .130825306E+00  .136650112E+00  .142523275E+00  .148509296E+00
  .154670709E+00  .161065658E+00  .167746699E+00  .174760454E+00  .182147695E+00
  .189943404E+00  .198176420E+00  .206868147E+00  .216029661E+00  .225656072E+00
  .235716283E+00  .246135015E+00  .256762267E+00  .267326761E+00  .277396426E+00
  .286437424E+00  .293979192E+00  .299703204E+00  .303442841E+00  .305191844E+00
  .305142308E+00  .303686437E+00  .301283349E+00  .298314075E+00  .295050490E+00
  .304874048E-01  .234582093E-01  .182922331E-01  .144226483E-01  .112507338E-01
  .870727563E-02  .683392898E-02  .556894749E-02  .481811588E-02  .451111034E-02
  .460949015E-02  .510536960E-02  .601730469E-02  .738305375E-02  .925033489E-02
  .116673387E-01  .146744425E-01  .182978924E-01  .225457414E-01  .274061762E-01
  .328482829E-01  .388249828E-01  .452772299E-01  .521380213E-01  .593348652E-01
  .667901312E-01  .744197500E-01  .821316365E-01  .898257614E-01  .973977236E-01
  .104746617E+00  .111786060E+00  .118455589E+00  .124729335E+00  .130619892E+00
  .136176397E+00  .141476995E+00  .146617293E+00  .151697844E+00  .156813865E+00
  .162048887E+00  .167472151E+00  .173138546E+00  .179089723E+00  .185355374E+00
  .191954062E+00  .198893168E+00  .206167687E+00  .213757519E+00  .221622928E+00
  .229697864E+00  .237881263E+00  .246027832E+00  .253942804E+00  .261388929E+00
  .268112235E+00  .273880585E+00  .278518688E+00  .281930382E+00  .284109605E+00
  .285140235E+00  .285179381E+00  .284423697E+00  .283072235E+00  .281301260E+00
  .349618388E-01  .273847447E-01  .200584550E-01  .129678057E-01  .640918801E-02
  .195772751E-02 -.365499859E-03 -.175729328E-02 -.250185979E-02 -.275292278E-02
 -.260559164E-02 -.208115455E-02 -.113980748E-02  .299215511E-03  .233398902E-02
  .505896312E-02  .855008895E-02  .128550671E-01  .179873282E-01  .239234504E-01
  .306051724E-01  .379477377E-01  .458530373E-01  .542217672E-01  .629590831E-01
  .719721487E-01  .811613272E-01  .904084773E-01  .995674599E-01  .108464144E+00
  .116912411E+00  .124743920E+00  .131838811E+00  .138146342E+00  .143693628E+00
  .148582579E+00  .152972378E+00  .157047963E+00  .160986191E+00  .164934054E+00
  .169002293E+00  .173268631E+00  .177784208E+00  .182579677E+00  .187669693E+00
  .193055657E+00  .198726889E+00  .204660486E+00  .210820095E+00  .217153810E+00
  .223591629E+00  .230043135E+00  .236396644E+00  .242521470E+00  .248274871E+00
  .253513923E+00  .258110419E+00  .261965371E+00  .265019956E+00  .267260998E+00
  .268720040E+00  .269465997E+00  .269592915E+00  .269206103E+00  .268410105E+00
  .377866782E-01  .293817952E-01  .203614733E-01  .103814606E-01 -.706647487E-03
 -.759103400E-02 -.104887679E-01 -.115008693E-01 -.114922351E-01 -.113261874E-01
 -.110445011E-01 -.106308769E-01 -.994701376E-02 -.877011735E-02 -.687367491E-02
 -.406942423E-02 -.215451140E-03  .477558399E-02  .109302154E-01  .182080884E-01
  .264904925E-01  .355971793E-01  .453392837E-01  .555646286E-01  .661688187E-01
  .770800022E-01  .882303305E-01  .995182901E-01  .110762016E+00  .121658810E+00
  .131807982E+00  .140834644E+00  .148493710E+00  .154684509E+00  .159459052E+00
  .163032491E+00  .165779360E+00  .168120121E+00  .170384817E+00  .172780723E+00
  .175422769E+00  .178368400E+00  .181641028E+00  .185243549E+00  .189165581E+00
  .193386997E+00  .197879334E+00  .202605960E+00  .207521557E+00  .212571341E+00
  .217690384E+00  .222803526E+00  .227826378E+00  .232667889E+00  .237234732E+00
  .241437287E+00  .245196451E+00  .248450138E+00  .251158274E+00  .253305399E+00
  .254900415E+00  .255973594E+00  .256571515E+00  .256751008E+00  .256573244E+00
  .410793901E-01  .324178395E-01  .228128969E-01  .118093550E-01 -.133786674E-02
 -.110651464E-01 -.182688603E-01 -.205912162E-01 -.212356551E-01 -.202182277E-01
 -.196943177E-01 -.199847886E-01 -.204558020E-01 -.203449243E-01 -.191785837E-01
 -.167456766E-01 -.127664645E-01 -.709904377E-02  .259929782E-03  .938676331E-02
  .200586966E-01  .317039805E-01  .438528671E-01  .562925560E-01  .689875387E-01
  .819932928E-01  .954018141E-01  .109297079E+00  .123674509E+00  .138176703E+00
  .151489149E+00  .162405989E+00  .170973249E+00  .176715886E+00  .179990401E+00
  .180622562E+00  .179965599E+00  .179389204E+00  .179310507E+00  .179806935E+00
  .180862751E+00  .182435896E+00  .184478411E+00  .186942557E+00  .189781893E+00
  .192950578E+00  .196402150E+00  .200088272E+00  .203957648E+00  .207955228E+00
  .212021846E+00  .216094424E+00  .220106899E+00  .223991948E+00  .227683503E+00
  .231119853E+00  .234246978E+00  .237021636E+00  .239413743E+00  .241407637E+00
  .243002061E+00  .244208882E+00  .245050807E+00  .245558490E+00  .245767501E+00
  .457073255E-01  .376100074E-01  .287565177E-01  .190094331E-01  .845360517E-02
 -.248387372E-02 -.152312716E-01 -.203444908E-01 -.252884941E-01 -.242591320E-01
 -.250445096E-01 -.284342980E-01 -.336719065E-01 -.362338381E-01 -.352762570E-01
 -.350531122E-01 -.313340125E-01 -.238869765E-01 -.167615266E-01 -.490162207E-02
  .113589976E-01  .272430057E-01  .423778666E-01  .570392308E-01  .715649757E-01
  .862983482E-01  .101605757E+00  .117923098E+00  .135848996E+00  .156468984E+00
  .178642350E+00  .187263143E+00  .202318469E+00  .201975583E+00  .208826843E+00
  .199392271E+00  .192698157E+00  .188581901E+00  .186123914E+00  .184867857E+00
  .184533024E+00  .184932550E+00  .185934739E+00  .187441106E+00  .189373158E+00
  .191664276E+00  .194254700E+00  .197088360E+00  .200110875E+00  .203268340E+00
  .206506732E+00  .209771857E+00  .213009812E+00  .216167929E+00  .219196100E+00
  .222048382E+00  .224684657E+00  .227072159E+00  .229186630E+00  .231012960E+00
  .232545192E+00  .233785926E+00  .234745198E+00  .235439004E+00  .235887656E+00
  .515529349E-01  .445710789E-01  .370410577E-01  .289172448E-01  .202435104E-01
  .111457306E-01  .193181999E-02 -.727143435E-02 -.190919666E-01 -.176256858E-01
 -.214637340E-01 -.288794484E-01 -.416677115E-01 -.476485902E-01 -.434170373E-01
 -.482675060E-01 -.450622242E-01 -.332959055E-01 -.307797253E-01 -.162942066E-01
  .756845153E-02  .267486594E-01  .435633269E-01  .591887618E-01  .743467734E-01
  .895743031E-01  .105364903E+00  .122271044E+00  .141010019E+00  .162521411E+00
  .183676771E+00  .194775818E+00  .207436052E+00  .209490585E+00  .213245917E+00
  .205239118E+00  .197382371E+00  .192165216E+00  .188799803E+00  .186749167E+00
  .185678405E+00  .185374535E+00  .185693814E+00  .186530930E+00  .187802287E+00
  .189437242E+00  .191373378E+00  .193553738E+00  .195925079E+00  .198436766E+00
  .201040137E+00  .203688272E+00  .206336113E+00  .208940883E+00  .211462731E+00
  .213865532E+00  .216117712E+00  .218192999E+00  .220071000E+00  .221737505E+00
  .223184489E+00  .224409792E+00  .225416528E+00  .226212274E+00  .226808147E+00
  .110207446E+01  .111632649E+01  .112564858E+01  .113685293E+01  .114877069E+01
  .116084534E+01  .117482437E+01  .118715899E+01  .120056784E+01  .121392152E+01
  .122758262E+01  .124222279E+01  .125693465E+01  .127208871E+01  .128788192E+01
  .130425833E+01  .132094864E+01  .133808006E+01  .135601020E+01  .137443467E+01
  .139338534E+01  .141294803E+01  .143332924E+01  .145435554E+01  .147607637E+01
  .149856315E+01  .152187549E+01  .154610971E+01  .157123218E+01  .159729530E+01
  .162436597E+01  .165259167E+01  .168194586E+01  .171255295E+01  .174446989E+01
  .177781970E+01  .181269703E+01  .184917376E+01  .188752804E+01  .192766500E+01
  .196993376E+01  .201446189E+01  .206142682E+01  .211119047E+01  .216365178E+01
  .221963313E+01  .227915387E+01  .234286000E+01  .241077555E+01  .248410732E+01
  .256323551E+01  .264905858E+01  .274239089E+01  .284538827E+01  .295875056E+01
  .308545386E+01  .322804063E+01  .339144313E+01  .358128360E+01  .380720122E+01
  .408453118E+01  .444357773E+01  .495056877E+01  .581267908E+01  .104442831E+02
   91   89
  .109808159E+01 -.500000000E-01  .109844935E+01  .500000000E-01  .110119505E+01
  .150000000E+00  .110562500E+01  .248780045E+00  .110848976E+01  .300000000E+00
  .111571458E+01  .400000000E+00  .112544953E+01  .500000000E+00  .113218750E+01
  .558208382E+00  .114429611E+01  .650000000E+00  .115875000E+01  .743461594E+00
  .116884517E+01  .800000000E+00  .118531250E+01  .884311196E+00  .120128387E+01
  .950000000E+00  .121560283E+01  .100000000E+01  .123592566E+01  .108337518E+01
  .123516557E+01  .111675036E+01  .131812500E+01  .108081626E+01  .137125000E+01
  .106864408E+01  .142437500E+01  .105223402E+01  .145093750E+01  .104401328E+01
  .150406250E+01  .102606498E+01  .155718750E+01  .100504832E+01  .158375000E+01
  .994023227E+00  .163687500E+01  .970255186E+00  .167535516E+01  .950000000E+00
  .171656250E+01  .928133581E+00  .176132236E+01  .900000000E+00  .179625000E+01
  .877430295E+00  .183298680E+01  .850000000E+00  .187593750E+01  .816606262E+00
  .190250000E+01  .793633021E+00  .194918003E+01  .750000000E+00  .198218750E+01
  .716835013E+00  .200875000E+01  .687604649E+00  .204014663E+01  .650000000E+00
  .207780092E+01  .600000000E+00  .211092121E+01  .550000000E+00  .214002903E+01
  .500000000E+00  .216578001E+01  .450000000E+00  .218882484E+01  .400000000E+00
  .220968984E+01  .350000000E+00  .222867599E+01  .300000000E+00  .224781250E+01
  .243349085E+00  .227348369E+01  .150000000E+00  .228318240E+01  .100000000E+00
  .229174341E+01  .000000000E+00  .228490878E+01 -.100000000E+00  .227437500E+01
 -.157022787E+00  .225001195E+01 -.250000000E+00  .223373402E+01 -.300000000E+00
  .221565476E+01 -.350000000E+00  .219468750E+01 -.402679897E+00  .216812500E+01
 -.462351818E+00  .214156250E+01 -.514939941E+00  .211500000E+01 -.561409579E+00
  .208843750E+01 -.602782947E+00  .205433783E+01 -.650000000E+00  .201357305E+01
 -.700000000E+00  .198218750E+01 -.735061488E+00  .195562500E+01 -.762350901E+00
  .191544340E+01 -.800000000E+00  .187593750E+01 -.834834624E+00  .184937500E+01
 -.855972900E+00  .179625000E+01 -.894932593E+00  .176968750E+01 -.912935410E+00
  .171656250E+01 -.944967539E+00  .169000000E+01 -.959808921E+00  .163687500E+01
 -.986673121E+00  .160631251E+01 -.100000000E+01  .155718750E+01 -.102158015E+01
  .150406250E+01 -.104167835E+01  .147750000E+01 -.105079177E+01  .142437500E+01
 -.106987114E+01  .137125000E+01 -.108687415E+01  .132176593E+01 -.110000000E+01
  .128226553E+01 -.111293780E+01  .124640606E+01 -.112419881E+01  .123843750E+01
 -.109156736E+01  .121549926E+01 -.100000000E+01  .120412702E+01 -.950000000E+00
  .118531250E+01 -.859458761E+00  .117459029E+01 -.800000000E+00  .115875000E+01
 -.705312488E+00  .115043884E+01 -.650000000E+00  .113662801E+01 -.550000000E+00
  .113026722E+01 -.500000000E+00  .111870764E+01 -.400000000E+00  .110950780E+01
 -.300000000E+00  .110562500E+01 -.245133650E+00  .110059006E+01 -.150000000E+00
  .109808159E+01 -.500000000E-01
  .101600000E+01  .000000000E+00  .101600000E+01  .964000000E+00  .101800000E+01
  .968000000E+00  .101800000E+01  .100100000E+01  .101800000E+01  .101900000E+01
  .101800000E+01  .107700000E+01  .101800000E+01  .107000000E+01  .101800000E+01
  .109600000E+01  .101800000E+01  .111300000E+01  .101800000E+01  .113800000E+01
  .101600000E+01  .114700000E+01  .101200000E+01  .116500000E+01  .100100000E+01
  .121700000E+01  .102900000E+01  .121700000E+01  .104200000E+01  .116240000E+01
  .104600000E+01  .116238000E+01  .105600000E+01  .116260000E+01  .109700000E+01
  .116450000E+01  .110800000E+01  .116594000E+01  .111600000E+01  .116591000E+01
  .113400000E+01  .116896000E+01  .114800000E+01  .117175000E+01  .116200000E+01
  .117556000E+01  .118100000E+01  .118300000E+01  .118200000E+01  .118350000E+01
  .118500000E+01  .118500000E+01  .119000000E+01  .118800000E+01  .119500000E+01
  .119100000E+01  .120100000E+01  .119600000E+01  .120900000E+01  .120200000E+01
  .121500000E+01  .120800000E+01  .122200000E+01  .121400000E+01  .122800000E+01
  .122100000E+01  .123400000E+01  .123100000E+01  .123900000E+01  .123800000E+01
  .124200000E+01  .124400000E+01  .124800000E+01  .125400000E+01  .125800000E+01
  .127800000E+01  .126300000E+01  .129000000E+01  .128000000E+01  .133100000E+01
  .128000000E+01  .134700000E+01  .128000000E+01  .134800000E+01  .131000000E+01
  .134800000E+01  .132800000E+01  .134800000E+01  .136100000E+01  .134800000E+01
  .138000000E+01  .134800000E+01  .141900000E+01  .134800000E+01  .141900000E+01
  .131000000E+01  .137200000E+01  .131000000E+01  .137200000E+01  .129200000E+01
  .160800000E+01  .109500000E+01  .164700000E+01  .107700000E+01  .178500000E+01
  .107700000E+01  .207000000E+01  .104000000E+01  .212800000E+01  .993000000E+00
  .224500000E+01  .709000000E+00  .232300000E+01  .519000000E+00  .237700000E+01
  .389000000E+00  .235200000E+01  .400000000E+00  .235100000E+01  .337000000E+00
  .235100000E+01  .205000000E+00  .235400000E+01  .680000000E-01  .235400000E+01
  .000000000E+00  .235400000E+01 -.680000000E-01  .235300000E+01 -.205000000E+00
  .235100000E+01 -.337000000E+00  .235300000E+01 -.400000000E+00  .237700000E+01
 -.389000000E+00  .213400000E+01 -.973000000E+00  .178600000E+01 -.117400000E+01
  .176800000E+01 -.121100000E+01  .176800000E+01 -.125400000E+01  .168200000E+01
 -.125400000E+01  .167400000E+01 -.126200000E+01  .167400000E+01 -.132900000E+01
  .168100000E+01 -.133900000E+01  .175400000E+01 -.133900000E+01  .175400000E+01
 -.136800000E+01  .168900000E+01 -.136800000E+01  .168900000E+01 -.136600000E+01
  .155500000E+01 -.136600000E+01  .141200000E+01 -.136600000E+01  .127300000E+01
 -.136600000E+01  .115300000E+01 -.136600000E+01  .101600000E+01 -.122900000E+01
  .101600000E+01 -.800000000E+00  .101600000E+01 -.415000000E+00  .101600000E+01
 -.400000000E+00  .101600000E+01  .000000000E+00
    0  .170000000E+01    0
  .000000000E+00  .909582074E-01  .129200472E+00  .158722792E+00  .183772459E+00
  .206065317E+00  .225118010E+00  .244021241E+00  .261830081E+00  .278646943E+00
  .294631805E+00  .310068105E+00  .324909247E+00  .339197331E+00  .353166788E+00
  .366740100E+00  .379975174E+00  .392943509E+00  .405652603E+00  .418160164E+00
  .430450926E+00  .442567270E+00  .454505770E+00  .466353107E+00  .478059201E+00
  .489619204E+00  .501124196E+00  .512535058E+00  .523887636E+00  .535151379E+00
  .546375927E+00  .557586867E+00  .568732733E+00  .579886264E+00  .591010826E+00
  .602141340E+00  .613288340E+00  .624424159E+00  .635630372E+00  .646828683E+00
  .658097760E+00  .669415710E+00  .680785666E+00  .692265137E+00  .703781013E+00
  .715442054E+00  .727190088E+00  .739095135E+00  .751096940E+00  .763293223E+00
  .775659582E+00  .788230299E+00  .800996015E+00  .814065313E+00  .827380947E+00
  .841045373E+00  .855056707E+00  .869537198E+00  .884525718E+00  .900122266E+00
  .916458150E+00  .933803979E+00  .952530212E+00  .973459520E+00  .100000000E+01
    0
 $OUT1
 ISHOT	= 101363
 ITIME	= 2500
 BETAP0	= .5
 RZERO	= 1.6955
 QENP	= .0
 ENP	= 1.0
 EMP	= 1.0
 PLASMA	= 1324863.050226472
 EXPMP2	= .5793142112525361 .5775015581181379 .4180687066506126
 .1903233782357885 8.756773883020017E-03 -6.218056150512522E-02
 -.118950886388187 9.028814976296069E-02 .1703236253524087
 .2080433855546667 .2729499598305326 .25924104736638 .3363098119711814
 .3218344371359581 .2789942600788237 .5600785366662119 .439616504916407
 .2078466987308137 1.589886112466641E-02 -8.089847673878561E-02
 -.123199368945272 3.350921688356513E-02 .1817540488440007
 .1357940384429509 .2344165288593326 .2704312099661669
 .2645475729246555 .3418678954120151 .3194359504912421
 -.130362291092998 -2.437667560578041E-02 .1291065073362287
 .172484378018134 .1664726708090192 .2184648477440635 .2727182473712809
 .2602354757845751 .3379908150223516 .3214469739170941
 .2782710171925808 .3211180239517886 .340821725646467 .2657734661390553
 .2710541930203137 .231167921447379 .1361074792557466 .1788548112119266
 4.520210106213342E-02 -.119354417463022 -7.899412768339786E-02
 1.531538124172546E-02 .2111643001789285 .4427772511361476
 .5600977406509393 .5798023385892279 .5767641737029953
 .4159178344042576 .2012998493937913 6.050811704417146E-03
 -6.939406848963033E-02 .1385065810910921 .1538364878639136
 .1416865131401034 .1271522392116574 -5.905132924167092E-02
 -2.099898208080504E-02 -.133133188202372 -.162318739665226
 -7.986335759178963E-02 -7.433227061032713E-02 .1200873585118968
 5.166859796275727E-02 1.244883296822014E-03
 COILS	= -.143107933960527 -.119286122273737 -7.725363735082010E-02
 -1.958443820260049E-02 1.034416233408808E-02 -.270318561604192
 -.288340825574679 3.307014960962640E-02 -.179797931102502
 -.139720768641901 -.127468078788326 -8.151673026011287E-02
 -2.058531492080373E-02 1.551421710309894E-02 -.267475287593878
 -.281717194439934 3.488113432401772E-02 -.174941134120044
 -.123944871431942 -.116905856533215 -9.007167594158573E-02
 -4.355198066145259E-02 -1.194845993464843E-02 1.310193341878174E-02
 -.156103115465409 -.267256216141928 -.242618956130857
 -.306252747930614 -.241776888709981 -.119179703713631
 -9.656544760582740E-02 -4.675056430706712E-02 -1.076297635748430E-02
 1.522194921959584E-02 -.169663015552745 -.260811304064488
 -.232001839061269 -.302924833044082 -.236082773498789
 -2.762088205431201E-02 -.109315094687233
 BTOR	= -2.0021255086995
 RCENTR	= 1.6955
 BRSP	= -191161.113571565 -115733.392780728 -21759.1596083088
 151840.8908091789 133946.0390336737 -193758.998242058
 -179520.183841552 212015.5992146002 -150621.218937013
 -165747.519075802 -143877.447893666 -24787.9061182901
 145617.6066387376 145341.3906014246 -193610.548601022
 -176502.570249156 207941.9600668423 -149094.498363903
 233.5053537646491 -266.697355059487 3457.574191990766 -3949.0559345396
 -.395795847776849 -.749614089715595 .4899237016042179
 8.325573773708733E-02 .479794060567928 .1589465471944483
 -.157394751256342 -.537306112539044 .3051490395983262
 .8750994573117401 .3335145669892089 .380442434939626
 -2.721597119934532E-03 -.541999314942318 .6400832352135816
 -.149295078076332 .2303261554991614 .2489850718341247
 .5706130175086274 .4990929106170479 1.53867092166458 -.676519041204028
 .1166021332536388 -.400352977100211 .4417699235190016
 .1369344269624257 -.114807849193509 .413295789738294 .5438574177726485
 -2.963030208646986E-03 .3486447241158144 7.832482005118942E-02
 -.325620543977695 .1170561407632641 1.05264684286004 -.31246439536723
 .3600875864598026 .6177896341780462 -.140255103577508
 -.455337094893051 .3404495873120693 -.116618885029865
 -.396201235311882 .3254508650773411 .6808263271430828
 .3570314222985334 -.231455175248863 -.376814977023064
 3.957376723458437E-02 -.168754418883557 -.213481916845906
 .6442498186369295 -1.4678572847238 -.143010816354669 -.50915873553498
 .2392307310817679 -.180805712751118 .1418292868210791
 .3176972122160055 .3282115826630403 .3166162991291461
 .3730295947119307 .5397161190466749 -.107837377207756
 -.435289301884821 -.480622325173244 .1310851928658877
 -.812585630352401 -.181411475690324 -1.21487967001886
 -1.00903393261674 .1383482677074897 .3833269376243042
 -.500435480305716 .8094625062597114 .33257941378774
 8.968941463569580E-02 -.407012895707321 .0 .0 .0 .0 .0 .0 .0 .0 .0 .0
 .0 .0 .0 .0 .0 .0 .0 .0 .0 .0 .0 .0 .0 .0 .0 .0 .0 .0 .0 .0 .0 .0 .0
 .0 .0 .0 .0 .0 .0 .0 .0 .0 .0 .0 .0 .0 .0 .0 .0 .0 .0 .0 .0 .0 .0 .0
 .0 .0 .0 .0 .0 .0 .0 .0 .0 .0 .0 .0 .0 .0 .0 .0 .0 .0 .0 .0 .0 .0 .0
 .0 .0 .0 .0 .0 .0 .0 .0 .0 .0 .0 .0 .0 .0 .0 .0 .0 .0 .0 .0 .0 .0 .0
 .0 .0 .0 .0 .0 .0 .0 .0 .0 .0 .0 .0 .0 .0 .0 .0 .0 .0 .0 .0 .0 .0 .0
 .0 .0 .0 .0 .0 .0 .0 .0 .0 .0 .0 .0 .0 .0 .0 .0 .0 .0 .0 .0 .0 .0 .0
 .0 .0 .0 .0 .0 .0 .0 .0 .0 .0 .0 .0 .0 .0 .0 .0 .0 .0 .0 .0 .0 .0 .0
 .0 .0 .0 .0 .0 .0 .0 .0 .0 .0 .0 .0 .0 .0 .0 .0 .0 .0 .0 .0 .0 .0 .0
 .0 .0 .0 .0 .0 .0 .0 .0 .0 .0 .0 .0 .0 .0 .0 .0 .0 .0 .0 .0 .0 .0 .0
 .0 .0 .0 .0 .0 .0 .0 .0 .0 .0 .0 .0 .0 .0 .0 .0 .0 .0 .0 .0 .0 .0 .0
 .0 .0 .0 .0 .0 .0 .0 .0 .0 .0 .0 .0 .0 .0 .0 .0 .0 .0 .0 .0 .0 .0 .0
 .0 .0 .0 .0 .0 .0 .0 .0 .0 .0 .0 .0 .0 .0 .0
 ICURRT	= 2
 RBDRY	= 1.0980815856679 1.09844935128616 1.10119505207633 1.105625
 1.10848976149388 1.11571458304151 1.12544953240799 1.1321875
 1.14429610751203 1.15875 1.16884517441794 1.1853125 1.20128387276901
 1.21560283052234 1.23592566173822 1.23516557117963 1.318125 1.37125
 1.424375 1.4509375 1.5040625 1.5571875 1.58375 1.636875
 1.67535515950263 1.7165625 1.76132236047032 1.79625 1.83298680156431
 1.8759375 1.9025 1.94918002760816 1.9821875 2.00875 2.04014662988953
 2.0778009245228 2.11092120756781 2.14002902849028 2.16578001454151
 2.18882484202203 2.20968983606666 2.22867599115566 2.2478125
 2.27348369058496 2.2831824039924 2.29174341257463 2.28490877645827
 2.274375 2.25001195181655 2.23373401523343 2.21565475741173 2.1946875
 2.168125 2.1415625 2.115 2.0884375 2.05433783368603 2.01357304995531
 1.9821875 1.955625 1.91544340207325 1.8759375 1.849375 1.79625
 1.7696875 1.7165625 1.69 1.636875 1.60631251434413 1.5571875
 1.5040625 1.4775 1.424375 1.37125 1.32176592509894 1.28226552942078
 1.24640605884157 1.2384375 1.21549925525958 1.20412702338147
 1.1853125 1.1745902923427 1.15875 1.15043883683341 1.13662801167123
 1.13026722152536 1.11870763503012 1.1095078019571 1.105625
 1.10059005770148 1.0980815856679 1.08756583345885 .0 .0 .0 .0 .0 .0 .0
 .0 .0 .0 .0 .0 .0 .0 .0 .0 .0 .0
 ZBDRY	= -5.000000000000004E-02 5.000000000000004E-02 .1499999999999999
 .2487800449807548 .3 .3999999999999999 .5 .5582083823706478
 .6499999999999999 .7434615937152512 .8000000000000003
 .8843111956197995 .9500000000000002 1.0 1.0833751814272
 1.1167503628544 1.08081625946008 1.06864408106119 1.05223402241922
 1.04401327929242 1.02606498287465 1.00504832059271 .9940232271598796
 .9702551857790611 .9500000000000002 .9281335809897182
 .8999999999999999 .8774302954291248 .8500000000000001
 .8166062622615379 .7936330212424991 .75 .716835013209796
 .6876046492688541 .6499999999999999 .6000000000000001
 .5499999999999998 .5 .4500000000000002 .3999999999999999
 .3500000000000001 .3 .243349085496568 .1499999999999999
 .1000000000000001 .0 -.1 -.15702278670482 -.25 -.3 -.35
 -.402679896789768 -.462351817633504 -.514939941488991
 -.561409579419346 -.602782946713406 -.65 -.7 -.735061487692996
 -.762350901168802 -.8 -.834834624006119 -.855972900335602
 -.894932593444563 -.912935409991149 -.94496753906736 -.959808921077956
 -.986673121393757 -1.0 -1.02158014527619 -1.04167835487415
 -1.05079176881235 -1.06987114153409 -1.08687414827175 -1.1
 -1.11293779982818 -1.12419880782795 -1.09156735742541 -1.0 -.95
 -.859458760700237 -.8 -.70531248797582 -.65 -.55 -.5 -.4 -.3
 -.245133650374907 -.15 -5.000000000000004E-02 -5.000000000000004E-02
 .0 .0 .0 .0 .0 .0 .0 .0 .0 .0 .0 .0 .0 .0 .0 .0 .0 .0
 NBDRY	= 91
 FWTSI	= 1000.0 556.7617022810795 502.7231410128197 269.0976730817334
 216.9514950832871 262.7133490862228 .0 188.4265663325246
 447.6708622808059 557.0870798589438 571.6699823223521
 529.0587804486348 269.5474470380106 216.4004245015604
 267.1070365487101 236.8463740274479 191.0321756177616
 447.7504152121435 559.6424575429538 559.1567144313166
 543.1275719009325 335.862474125177 251.2548221169238 215.9483952149711
 445.218665897715 272.0001650429774 335.099584209327 206.5717079450775
 310.4662796078123 559.4098403968453 558.7955160058892
 344.2719849098484 246.0339831072136 209.0591658046062
 407.2914763517111 286.5381390490953 344.6369630060369
 212.8016012743325 310.7087516282228 287.2855478325478
 479.2925312035639
 FWTCUR	= 2.519640836537135E-05
 MXITER	= 34
 NXITER	= 1
 LIMITR	= 88
 XLIM	= 1.016 1.016 1.018 1.018 1.018 1.018 1.018 1.018 1.018 1.018
 1.016 1.012 1.001 1.029 1.042 1.046 1.056 1.097 1.108 1.116 1.134
 1.148 1.162 1.181 1.182 1.185 1.19 1.195 1.201 1.209 1.215 1.222
 1.228 1.234 1.239 1.242 1.248 1.258 1.263 1.28 1.28 1.28 1.31 1.328
 1.361 1.38 1.419 1.419 1.372 1.372 1.608 1.647 1.785 2.07 2.128 2.245
 2.323 2.377 2.352 2.351 2.351 2.354 2.354 2.354 2.353 2.351 2.353
 2.377 2.134 1.786 1.768 1.768 1.682 1.674 1.674 1.681 1.754 1.754
 1.689 1.689 1.555 1.412 1.273 1.153 1.016 1.016 1.016 1.016 1.016 .0
 .0 .0 .0 .0 .0 .0 .0 .0 .0 .0 .0 .0 .0 .0 .0 .0 .0 .0 .0 .0 .0 .0 .0
 .0 .0 .0 .0 .0 .0 .0 .0 .0 .0 .0 .0 .0 .0 .0 .0 .0 .0 .0 .0 .0 .0 .0
 .0 .0 .0 .0 .0 .0 .0 .0 .0 .0 .0 .0 .0 .0 .0 .0 .0 .0 .0 .0 .0 .0 .0
 .0
 YLIM	= .0 .964 .968 1.001 1.019 1.077 1.07 1.096 1.113 1.138 1.147
 1.165 1.217 1.217 1.1624 1.16238 1.1626 1.1645 1.16594 1.16591
 1.16896 1.17175 1.17556 1.183 1.1835 1.185 1.188 1.191 1.196 1.202
 1.208 1.214 1.221 1.231 1.238 1.244 1.254 1.278 1.29 1.331 1.347
 1.348 1.348 1.348 1.348 1.348 1.348 1.31 1.31 1.292 1.095 1.077 1.077
 1.04 .993 .709 .519 .389 .4 .337 .205 6.800000000000000E-02 .0
 -6.800000000000000E-02 -.205 -.337 -.4 -.389 -.973 -1.174 -1.211
 -1.254 -1.254 -1.262 -1.329 -1.339 -1.339 -1.368 -1.368 -1.366 -1.366
 -1.366 -1.366 -1.366 -1.229 -.8 -.415 -.4 .0 .0 .0 .0 .0 .0 .0 .0 .0
 .0 .0 .0 .0 .0 .0 .0 .0 .0 .0 .0 .0 .0 .0 .0 .0 .0 .0 .0 .0 .0 .0 .0
 .0 .0 .0 .0 .0 .0 .0 .0 .0 .0 .0 .0 .0 .0 .0 .0 .0 .0 .0 .0 .0 .0 .0
 .0 .0 .0 .0 .0 .0 .0 .0 .0 .0 .0 .0 .0 .0 .0 .0 .0
 ERROR	= 1.000000000000000E-03
 ICONVR	= 2
 IBUNMN	= 3
 PRESSR	= .0 .0 .0 .0 .0 .0 .0 .0 .0 .0 .0 .0 .0 .0 .0 .0 .0 .0 .0 .0
 .0 .0 .0 .0 .0 .0 .0 .0 .0 .0 .0 .0 .0 .0 .0 .0 .0 .0 .0 .0 .0 .0 .0
 .0 .0 .0 .0 .0 .0 .0 .0 .0 .0 .0 .0 .0 .0 .0 .0 .0 .0 .0 .0 .0 .0 .0
 .0 .0 .0 .0 .0 .0 .0 .0 .0 .0 .0 .0 .0 .0 .0 .0 .0 .0 .0 .0 .0 .0 .0
 .0 .0 .0 .0 .0 .0 .0 .0 .0 .0 .0 .0 .0 .0 .0 .0 .0 .0 .0 .0 .0 .0 .0
 .0 .0 .0 .0 .0 .0 .0 .0 .0 .0 .0 .0 .0 .0 .0 .0 .0 .0 .0 .0
 RPRESS	= .0 .0 .0 .0 .0 .0 .0 .0 .0 .0 .0 .0 .0 .0 .0 .0 .0 .0 .0 .0
 .0 .0 .0 .0 .0 .0 .0 .0 .0 .0 .0 .0 .0 .0 .0 .0 .0 .0 .0 .0 .0 .0 .0
 .0 .0 .0 .0 .0 .0 .0 .0 .0 .0 .0 .0 .0 .0 .0 .0 .0 .0 .0 .0 .0 .0 .0
 .0 .0 .0 .0 .0 .0 .0 .0 .0 .0 .0 .0 .0 .0 .0 .0 .0 .0 .0 .0 .0 .0 .0
 .0 .0 .0 .0 .0 .0 .0 .0 .0 .0 .0 .0 .0 .0 .0 .0 .0 .0 .0 .0 .0 .0 .0
 .0 .0 .0 .0 .0 .0 .0 .0 .0 .0 .0 .0 .0 .0 .0 .0 .0 .0 .0 .0
 QPSI	= 1.1020744649328 1.11632648904764 1.12564858055951
 1.13685292869855 1.14877068999959 1.16084533951105 1.17482436916
 1.18715898540623 1.2005678398488 1.21392151709185 1.22758262124313
 1.24222278775495 1.25693465294093 1.27208871347586 1.28788191506096
 1.30425832803117 1.32094863973183 1.33808005593634 1.35601019631485
 1.37443466729063 1.39338533639325 1.41294802702772 1.43332923953727
 1.45435553880823 1.47607637339621 1.49856314992864 1.52187549242974
 1.54610970723859 1.57123218114138 1.59729530427442 1.62436596530321
 1.65259167282128 1.68194586125498 1.71255294852801 1.74446988766247
 1.77781970107752 1.81269703447458 1.84917375549634 1.88752804409213
 1.92766500215195 1.96993376208972 2.0144618943538 2.06142682009582
 2.11119046987203 2.16365178024423 2.21963312631027 2.27915387176043
 2.34285999724656 2.41077555006895 2.48410731841525 2.56323551005786
 2.64905857962599 2.7423908852188 2.84538827392804 2.95875056495063
 3.08545385722486 3.228040630307 3.39144312939613 3.58128359875595
 3.80720122167117 4.08453118030884 4.44357772533071 4.95056876980483
 5.81267907966101 10.44428309186494
 PRESSW	= .0 .0 .0 .0 .0 .0 .0 .0 .0 .0 .0 .0 .0 .0 .0 .0 .0 .0 .0 .0
 .0 .0 .0 .0 .0 .0 .0 .0 .0 .0 .0 .0 .0 .0 .0 .0 .0 .0 .0 .0 .0 .0 .0
 .0 .0 .0 .0 .0 .0 .0 .0 .0 .0 .0 .0 .0 .0 .0 .0 .0 .0 .0 .0 .0 .0
 PRES	= 27254.88835263227 26368.78279355705 25498.57075081677
 24644.19016936385 23805.57899415068 22982.67517012967
 22175.41664225322 21383.74135547373 20607.58725474362
 19846.89228501527 19101.5943912411 18371.6315183735 17656.94161136489
 16957.46261516766 16273.13247473421 15603.88913501696
 14949.67054096829 14310.41463754063 13686.05936968636 13076.5426823579
 12481.80252050764 11901.77682908799 11336.40355305136
 10785.62063735014 10249.36602693673 9727.577666763551
 9220.193501782995 8727.151476947465 8248.389537209367
 7783.845627521103 7333.457692835076 6897.16367810369 6474.901528279348
 6066.609188314453 5672.224603161408 5291.685717772615
 4924.930477100479 4571.896826097402 4232.522709715789
 3906.746072908041 3594.504860626562 3295.737017823755
 3010.380489452024 2738.373220463771 2479.6531558114 2234.158240447314
 2001.826419323915 1782.595637393608 1576.403839608795 1383.18897092188
 1202.888976285265 1035.441800651354 880.7853889725504
 738.8576862012567 609.5966372898762 492.9401871908122
 388.8262808564679 297.1928632392463 217.9778792915507
 151.1192739657843 96.55499221435019 54.22297898965154
 24.06117924409151 6.00753793007327 .0
 NQPSI	= 65
 NPRESS	= 0
 SIGPRE	= .0 .0 .0 .0 .0 .0 .0 .0 .0 .0 .0 .0 .0 .0 .0 .0 .0 .0 .0 .0
 .0 .0 .0 .0 .0 .0 .0 .0 .0 .0 .0 .0 .0 .0 .0 .0 .0 .0 .0 .0 .0 .0 .0
 .0 .0 .0 .0 .0 .0 .0 .0 .0 .0 .0 .0 .0 .0 .0 .0 .0 .0 .0 .0 .0 .0 .0
 .0 .0 .0 .0 .0 .0 .0 .0 .0 .0 .0 .0 .0 .0 .0 .0 .0 .0 .0 .0 .0 .0 .0
 .0 .0 .0 .0 .0 .0 .0 .0 .0 .0 .0 .0 .0 .0 .0 .0 .0 .0 .0 .0 .0 .0 .0
 .0 .0 .0 .0 .0 .0 .0 .0 .0 .0 .0 .0 .0 .0 .0 .0 .0 .0 .0 .0
 $END
 $BASIS
 KPPFNC	= 0
 KPPKNT	= 2
 PPKNT	= .0 1.0 .0 .0 .0 .0 .0 .0 .0 .0 .0 .0 .0 .0 .0 .0 .0 .0 .0 .0
 .0 .0 .0 .0 .0 .0 .0 .0 .0 .0 .0 .0 .0 .0 .0 .0
 PPTENS	= 3.0
 KFFFNC	= 0
 KFFKNT	= 3
 FFKNT	= .0 .3 1.0 .0 .0 .0 .0 .0 .0 .0 .0 .0 .0 .0 .0 .0 .0 .0 .0 .0
 .0 .0 .0 .0 .0 .0 .0 .0 .0 .0 .0 .0 .0 .0 .0 .0
 FFTENS	= 3.0
 KWWFNC	= 0
 KWWKNT	= 0
 WWKNT	= .0 .0 .0 .0 .0 .0 .0 .0 .0 .0 .0 .0 .0 .0 .0 .0 .0 .0 .0 .0 .0
 .0 .0 .0 .0 .0 .0 .0 .0 .0 .0 .0 .0 .0 .0 .0
 WWTENS	= .0
 PPBDRY	= 175815.7957757353 -200807.420280084 .0 .0 .0 .0 .0 .0 .0 .0
 .0 .0 .0 .0 .0 .0 .0 .0 .0 .0 .0 .0 .0 .0 .0 .0 .0 .0 .0 .0 .0 .0 .0
 .0 .0 .0
 PP2BDRY	= .0 .0 .0 .0 .0 .0 .0 .0 .0 .0 .0 .0 .0 .0 .0 .0 .0 .0 .0 .0
 .0 .0 .0 .0 .0 .0 .0 .0 .0 .0 .0 .0 .0 .0 .0 .0
 KPPBDRY	= 0 0 0 0 0 0 0 0 0 0 0 0 0 0 0 0 0 0 0 0 0 0 0 0 0 0 0 0 0 0
 0 0 0 0 0 0
 KPP2BDRY	= 0 0 0 0 0 0 0 0 0 0 0 0 0 0 0 0 0 0 0 0 0 0 0 0 0 0 0 0 0 0
 0 0 0 0 0 0
 FFBDRY	= 3.2714660685703 -3.73649321037244 .0 .0 .0 .0 .0 .0 .0 .0 .0
 .0 .0 .0 .0 .0 .0 .0 .0 .0 .0 .0 .0 .0 .0 .0 .0 .0 .0 .0 .0 .0 .0 .0
 .0 .0
 FF2BDRY	= .0 .0 .0 .0 .0 .0 .0 .0 .0 .0 .0 .0 .0 .0 .0 .0 .0 .0 .0 .0
 .0 .0 .0 .0 .0 .0 .0 .0 .0 .0 .0 .0 .0 .0 .0 .0
 KFFBDRY	= 0 0 0 0 0 0 0 0 0 0 0 0 0 0 0 0 0 0 0 0 0 0 0 0 0 0 0 0 0 0
 0 0 0 0 0 0
 KFF2BDRY	= 0 0 0 0 0 0 0 0 0 0 0 0 0 0 0 0 0 0 0 0 0 0 0 0 0 0 0 0 0 0
 0 0 0 0 0 0
 WWBDRY	= -298.010991267274 -564.415314609388 .0 .0 .0 .0 .0 .0 .0 .0
 .0 .0 .0 .0 .0 .0 .0 .0 .0 .0 .0 .0 .0 .0 .0 .0 .0 .0 .0 .0 .0 .0 .0
 .0 .0 .0
 WW2BDRY	= .0 .0 .0 .0 .0 .0 .0 .0 .0 .0 .0 .0 .0 .0 .0 .0 .0 .0 .0 .0
 .0 .0 .0 .0 .0 .0 .0 .0 .0 .0 .0 .0 .0 .0 .0 .0
 KWWBDRY	= 0 0 0 0 0 0 0 0 0 0 0 0 0 0 0 0 0 0 0 0 0 0 0 0 0 0 0 0 0 0
 0 0 0 0 0 0
 KWW2BDRY	= 0 0 0 0 0 0 0 0 0 0 0 0 0 0 0 0 0 0 0 0 0 0 0 0 0 0 0 0 0 0
 0 0 0 0 0 0
 KEEFNC	= 0
 KEEKNT	= 2
 EEKNT	= .0 1.0 .0 .0 .0 .0 .0 .0 .0 .0 .0 .0 .0 .0 .0 .0 .0 .0
 EETENS	= 3.0
 EEBDRY	= .0 .0 .0 .0 .0 .0 .0 .0 .0 .0 .0 .0 .0 .0 .0 .0 .0 .0
 EE2BDRY	= .0 .0 .0 .0 .0 .0 .0 .0 .0 .0 .0 .0 .0 .0 .0 .0 .0 .0
 KEEBDRY	= 0 0 0 0 0 0 0 0 0 0 0 0 0 0 0 0 0 0
 KEE2BDRY	= 0 0 0 0 0 0 0 0 0 0 0 0 0 0 0 0 0 0
 $END
 $CHIOUT
 SAISIL	= 4.618474892316219E-02 .3572367264088227
 1.411726227474644E-02 1.268588440224598E-03 2.452864550153348E-05
 9.082943090885531E-04 .0 9.255962585297877E-03 7.695644406514977E-02
 4.000931926294475E-02 5.171813683294627E-02 .1773744423708203
 6.237341551798471E-02 1.07967336935235 2.935776062596135E-02
 .3081719562510086 .503191111808627 2.886354731501932E-03
 9.295407968444309E-02 .1856737382311497 .2878877441851764
 3.095996549883326E-02 .1055514039826298 .1992243323523794
 .3785466613732263 .1418014560668949 3.510114094334998E-03
 .1045720079116451 1.366919048940076E-03 4.014072193612714E-02
 .1670540777924401 7.431160413072922E-03 .5171076853835653
 3.537855788147092E-02 5.904518396682952E-02 .1099535356732059
 1.960555899359369E-02 .3971851667282841 2.028276769009719E-02
 8.804606356346589E-03 3.911738840054746E-03
 SAIMPI	= 2.135362631841158E-02 .0 .0 1.749183065938806E-02
 1.10948240322929 .0 .0 .0 .0 .3662605094619147 .0
 3.374358721258445E-02 .113957760548218 .0 .2329377453422922 .0
 .1812788104645755 .0 3.864293917282515E-03 .0 .1928947553767052 .0 .0
 .243936123794263 2.195199624804521E-02 4.819761139920500E-02
 2.110628989493300E-03 9.204701038799069E-02 2.724201515133244E-02
 1.18724448038778 .1737146434220045 7.515934894021939E-02
 .4113340638942104 7.216497127570540E-03 .146647904660808
 .1804364168892116 2.420416338284034E-03 .1110974497105279
 .1433329838404182 .5204840491118744 .1634943975566917
 4.433064156084345E-02 .1677877343325628 8.181775254343372E-03
 9.788644180293975E-02 7.778395140596751E-02 .912576905288352
 1.6760710495005 1.202503498922999E-02 5.826364621570092E-02
 8.447133301615457E-02 9.437786366443388E-03 .1749410529736417
 1.656319219628529E-02 9.801791128536248E-03 3.272226048561254E-03
 4.783873419203295E-02 3.981938754824536E-02 .4084795461015523
 2.522082908587486E-02 .2402092307407666 1.943967021910276E-02
 .6516600043125529 3.154521160079728E-02 1.56144361709586 .0
 1.21890323101499 5.053868205763799E-04 .2098759253767647
 .1350436284282545 .3861592089251281 5.313514333157216E-02 .0
 SAIPR	= .0
 SAIIP	= 2.348091351033823E-03
 $END
  000570  14-Mar-2000 12:42:10 101363.02500 MAG
