  EFITD    03/14/2000    #101363  3500ms           3  65  65
  .170000000E+01  .320000000E+01  .169550000E+01  .840000000E+00  .000000000E+00
  .172022982E+01 -.965750617E-02 -.214299506E+00  .216713015E+00 -.200259183E+01
  .172840286E+07 -.214299506E+00  .000000000E+00  .172022982E+01  .000000000E+00
 -.965750617E-02  .000000000E+00  .216713015E+00  .000000000E+00  .000000000E+00
 -.366797824E+01 -.365924353E+01 -.365065382E+01 -.364220923E+01 -.363390989E+01
 -.362575589E+01 -.361774732E+01 -.360988424E+01 -.360216670E+01 -.359459474E+01
 -.358716837E+01 -.357988758E+01 -.357275237E+01 -.356576268E+01 -.355891846E+01
 -.355221964E+01 -.354566612E+01 -.353925779E+01 -.353299452E+01 -.352687617E+01
 -.352090255E+01 -.351507349E+01 -.350938878E+01 -.350384819E+01 -.349845148E+01
 -.349319837E+01 -.348808860E+01 -.348312185E+01 -.347829781E+01 -.347361612E+01
 -.346907643E+01 -.346467836E+01 -.346042151E+01 -.345630546E+01 -.345232976E+01
 -.344849397E+01 -.344479760E+01 -.344124017E+01 -.343782114E+01 -.343453999E+01
 -.343139617E+01 -.342838911E+01 -.342551821E+01 -.342278287E+01 -.342018246E+01
 -.341771635E+01 -.341538385E+01 -.341318431E+01 -.341111701E+01 -.340918126E+01
 -.340737631E+01 -.340570142E+01 -.340415582E+01 -.340273874E+01 -.340144938E+01
 -.340028693E+01 -.339925056E+01 -.339833943E+01 -.339755268E+01 -.339688944E+01
 -.339634883E+01 -.339592994E+01 -.339563187E+01 -.339545369E+01 -.339539445E+01
  .271883071E+05  .262845276E+05  .253978525E+05  .245281898E+05  .236754477E+05
  .228395343E+05  .220203577E+05  .212178259E+05  .204318471E+05  .196623294E+05
  .189091809E+05  .181723097E+05  .174516238E+05  .167470315E+05  .160584407E+05
  .153857597E+05  .147288964E+05  .140877590E+05  .134622557E+05  .128522944E+05
  .122577834E+05  .116786307E+05  .111147443E+05  .105660325E+05  .100324033E+05
  .951376488E+04  .901002524E+04  .852109253E+04  .804687484E+04  .758728029E+04
  .714221697E+04  .671159298E+04  .629531644E+04  .589329543E+04  .550543807E+04
  .513165246E+04  .477184669E+04  .442592888E+04  .409380712E+04  .377538951E+04
  .347058417E+04  .317929918E+04  .290144266E+04  .263692271E+04  .238564742E+04
  .214752491E+04  .192246327E+04  .171037060E+04  .151115502E+04  .132472461E+04
  .115098749E+04  .989851757E+03  .841225511E+03  .705016857E+03  .581133896E+03
  .469484732E+03  .369977467E+03  .282520203E+03  .207021042E+03  .143388088E+03
  .915294430E+02  .513532090E+02  .227674889E+02  .568038503E+01  .000000000E+00
 -.479676901E+01 -.470660238E+01 -.461691883E+01 -.452771836E+01 -.443900098E+01
 -.435076668E+01 -.426301547E+01 -.417574733E+01 -.408896228E+01 -.400266032E+01
 -.391684143E+01 -.383150563E+01 -.374665291E+01 -.366228328E+01 -.357839672E+01
 -.349499326E+01 -.341207287E+01 -.332963557E+01 -.324768135E+01 -.316621021E+01
 -.308522216E+01 -.300471719E+01 -.292469530E+01 -.284515649E+01 -.276610077E+01
 -.268752813E+01 -.260943858E+01 -.253183211E+01 -.245470872E+01 -.237806841E+01
 -.230191119E+01 -.222623705E+01 -.215104599E+01 -.207633801E+01 -.200211312E+01
 -.192837132E+01 -.185511259E+01 -.178233695E+01 -.171004439E+01 -.163823491E+01
 -.156690852E+01 -.149606521E+01 -.142570498E+01 -.135582784E+01 -.128643378E+01
 -.121752280E+01 -.114909491E+01 -.108115009E+01 -.101368837E+01 -.946709720E+00
 -.880214157E+00 -.814201678E+00 -.748672281E+00 -.683625968E+00 -.619062737E+00
 -.554982590E+00 -.491385526E+00 -.428271544E+00 -.365640646E+00 -.303492831E+00
 -.241828098E+00 -.180646449E+00 -.119947883E+00 -.597324001E-01  .000000000E+00
 -.135473319E+06 -.132926711E+06 -.130393748E+06 -.127874432E+06 -.125368760E+06
 -.122876735E+06 -.120398355E+06 -.117933620E+06 -.115482532E+06 -.113045089E+06
 -.110621291E+06 -.108211140E+06 -.105814633E+06 -.103431773E+06 -.101062558E+06
 -.987069888E+05 -.963650652E+05 -.940367873E+05 -.917221549E+05 -.894211683E+05
 -.871338272E+05 -.848601318E+05 -.826000820E+05 -.803536778E+05 -.781209193E+05
 -.759018065E+05 -.736963392E+05 -.715045176E+05 -.693263416E+05 -.671618113E+05
 -.650109266E+05 -.628736875E+05 -.607500941E+05 -.586401463E+05 -.565438442E+05
 -.544611876E+05 -.523921768E+05 -.503368115E+05 -.482950919E+05 -.462670179E+05
 -.442525896E+05 -.422518069E+05 -.402646698E+05 -.382911784E+05 -.363313326E+05
 -.343851324E+05 -.324525779E+05 -.305336690E+05 -.286284057E+05 -.267367881E+05
 -.248588161E+05 -.229944897E+05 -.211438090E+05 -.193067739E+05 -.174833845E+05
 -.156736407E+05 -.138775425E+05 -.120950900E+05 -.103262831E+05 -.857112180E+04
 -.682960617E+04 -.510173618E+04 -.338751181E+04 -.168693309E+04  .000000000E+00
  .249699918E+00  .240392184E+00  .230245455E+00  .219169790E+00  .207277375E+00
  .194866284E+00  .182589278E+00  .170661615E+00  .156776938E+00  .163253515E+00
  .162706257E+00  .157966594E+00  .147356394E+00  .142964877E+00  .150130421E+00
  .147622104E+00  .152650506E+00  .167612394E+00  .172802459E+00  .189606777E+00
  .217307752E+00  .240003527E+00  .260226472E+00  .279287407E+00  .298016499E+00
  .317056599E+00  .337020350E+00  .358610312E+00  .382754159E+00  .410506142E+00
  .436647350E+00  .452096708E+00  .466668789E+00  .470229757E+00  .472765255E+00
  .462659593E+00  .451184890E+00  .442922885E+00  .436972080E+00  .432653103E+00
  .429565560E+00  .427470792E+00  .426215266E+00  .425686428E+00  .425790618E+00
  .426443494E+00  .427566163E+00  .429083446E+00  .430922871E+00  .433014009E+00
  .435288087E+00  .437677939E+00  .440118320E+00  .442546598E+00  .444903756E+00
  .447135634E+00  .449194245E+00  .451039016E+00  .452637775E+00  .453967354E+00
  .455013712E+00  .455771560E+00  .456243532E+00  .456439008E+00  .456372722E+00
  .240698193E+00  .229264191E+00  .216677321E+00  .202714746E+00  .187584098E+00
  .172013762E+00  .153491302E+00  .149247164E+00  .145305980E+00  .151705577E+00
  .155368150E+00  .155554405E+00  .153339047E+00  .153410963E+00  .157006602E+00
  .159837253E+00  .166041950E+00  .176181290E+00  .186100541E+00  .200752343E+00
  .220139424E+00  .239309751E+00  .257815964E+00  .275974776E+00  .294197158E+00
  .312923501E+00  .332650503E+00  .353998589E+00  .377831034E+00  .405272661E+00
  .431526058E+00  .446222865E+00  .461230996E+00  .464238926E+00  .467594461E+00
  .457399430E+00  .446555043E+00  .439074570E+00  .433974011E+00  .430576387E+00
  .428466377E+00  .427379411E+00  .427138168E+00  .427615355E+00  .428711668E+00
  .430342923E+00  .432432617E+00  .434907607E+00  .437695551E+00  .440723415E+00
  .443916764E+00  .447199737E+00  .450495699E+00  .453728589E+00  .456824882E+00
  .459716021E+00  .462341060E+00  .464649175E+00  .466601693E+00  .468173331E+00
  .469352470E+00  .470140427E+00  .470549861E+00  .470602558E+00  .470326922E+00
  .233516907E+00  .220964538E+00  .206905495E+00  .190555513E+00  .170679796E+00
  .157736138E+00  .148506341E+00  .148153407E+00  .150454281E+00  .155730259E+00
  .160182958E+00  .163314774E+00  .165892495E+00  .168804431E+00  .172629068E+00
  .177650225E+00  .184200618E+00  .192470445E+00  .202496420E+00  .214381185E+00
  .227929065E+00  .242580902E+00  .257874152E+00  .273616971E+00  .289813023E+00
  .306574203E+00  .324066772E+00  .342470193E+00  .361898727E+00  .382033454E+00
  .400463656E+00  .414714584E+00  .425810446E+00  .432196213E+00  .435237542E+00
  .433547368E+00  .430028245E+00  .427075062E+00  .425070363E+00  .423999512E+00
  .423780888E+00  .424327453E+00  .425560448E+00  .427410301E+00  .429813870E+00
  .432711041E+00  .436041677E+00  .439743108E+00  .443748161E+00  .447983707E+00
  .452369814E+00  .456819667E+00  .461240524E+00  .465535889E+00  .469608997E+00
  .473367423E+00  .476728315E+00  .479623526E+00  .482003803E+00  .483841337E+00
  .485130246E+00  .485884949E+00  .486136789E+00  .485929567E+00  .485314736E+00
  .228475853E+00  .216224185E+00  .202991612E+00  .188190076E+00  .171736477E+00
  .163200123E+00  .160853819E+00  .161853485E+00  .164467166E+00  .167364785E+00
  .170413196E+00  .173536057E+00  .176832606E+00  .180530608E+00  .184881770E+00
  .190105259E+00  .196373375E+00  .203801196E+00  .212439438E+00  .222268375E+00
  .233186661E+00  .245028490E+00  .257618129E+00  .270817459E+00  .284537681E+00
  .298721628E+00  .313308425E+00  .328181062E+00  .343089937E+00  .357567876E+00
  .370950137E+00  .382617913E+00  .392188516E+00  .399499185E+00  .404620930E+00
  .407877866E+00  .409885558E+00  .411336273E+00  .412736652E+00  .414378285E+00
  .416410654E+00  .418903484E+00  .421883030E+00  .425350981E+00  .429293706E+00
  .433686295E+00  .438493811E+00  .443670952E+00  .449160838E+00  .454893338E+00
  .460783432E+00  .466730158E+00  .472616974E+00  .478314398E+00  .483685627E+00
  .488595172E+00  .492919551E+00  .496558225E+00  .499442657E+00  .501541706E+00
  .502862372E+00  .503445799E+00  .503359501E+00  .502687580E+00  .501521017E+00
  .224217934E+00  .213236810E+00  .202734287E+00  .192701691E+00  .183712889E+00
  .178476254E+00  .176698161E+00  .176447306E+00  .177257862E+00  .178836261E+00
  .180974738E+00  .183574009E+00  .186625747E+00  .190186726E+00  .194348284E+00
  .199208864E+00  .204854183E+00  .211344196E+00  .218705050E+00  .226925289E+00
  .235957183E+00  .245724694E+00  .256136335E+00  .267096778E+00  .278511073E+00
  .290279316E+00  .302283040E+00  .314366906E+00  .326322558E+00  .337887054E+00
  .348769348E+00  .358702227E+00  .367494612E+00  .375064339E+00  .381451883E+00
  .386817026E+00  .391411964E+00  .395528166E+00  .399438780E+00  .403364560E+00
  .407467411E+00  .411858895E+00  .416612220E+00  .421772423E+00  .427363447E+00
  .433392308E+00  .439850873E+00  .446715698E+00  .453946195E+00  .461481341E+00
  .469235236E+00  .477092232E+00  .484903202E+00  .492485615E+00  .499630720E+00
  .506119819E+00  .511747863E+00  .516348678E+00  .519815507E+00  .522112809E+00
  .523277427E+00  .523408581E+00  .522648412E+00  .521158363E+00  .519098206E+00
  .217297958E+00  .206949692E+00  .199964150E+00  .195280934E+00  .191720532E+00
  .189175580E+00  .187728912E+00  .187269626E+00  .187623237E+00  .188644816E+00
  .190233347E+00  .192331841E+00  .194923361E+00  .198022579E+00  .201664388E+00
  .205891880E+00  .210745621E+00  .216255263E+00  .222433844E+00  .229274876E+00
  .236752152E+00  .244821878E+00  .253426082E+00  .262495675E+00  .271951664E+00
  .281703873E+00  .291647775E+00  .301661322E+00  .311604646E+00  .321325677E+00
  .330673194E+00  .339515382E+00  .347759005E+00  .355363943E+00  .362349816E+00
  .368793242E+00  .374815852E+00  .380565560E+00  .386196384E+00  .391852373E+00
  .397658418E+00  .403717267E+00  .410110433E+00  .416900730E+00  .424134899E+00
  .431845484E+00  .440051474E+00  .448757348E+00  .457950075E+00  .467593432E+00
  .477618762E+00  .487911372E+00  .498293008E+00  .508505159E+00  .518206504E+00
  .527002683E+00  .534509284E+00  .540419090E+00  .544546501E+00  .546849288E+00
  .547434058E+00  .546537028E+00  .544470583E+00  .541554158E+00  .538064736E+00
  .203027834E+00  .187539733E+00  .191940206E+00  .195333790E+00  .195635190E+00
  .195374454E+00  .195179345E+00  .195278006E+00  .195752229E+00  .196625001E+00
  .197900327E+00  .199581671E+00  .201679420E+00  .204212235E+00  .207204889E+00
  .210684324E+00  .214675209E+00  .219195868E+00  .224255131E+00  .229850352E+00
  .235966630E+00  .242577036E+00  .249643435E+00  .257117456E+00  .264941186E+00
  .273047537E+00  .281360551E+00  .289796362E+00  .298265645E+00  .306678216E+00
  .314949846E+00  .323010444E+00  .330812099E+00  .338335233E+00  .345591483E+00
  .352622664E+00  .359495996E+00  .366296690E+00  .373119564E+00  .380061442E+00
  .387215479E+00  .394667803E+00  .402496132E+00  .410769776E+00  .419550333E+00
  .428892532E+00  .438844707E+00  .449448379E+00  .460736219E+00  .472727120E+00
  .485416007E+00  .498753557E+00  .512605923E+00  .526677294E+00  .540397021E+00
  .552913490E+00  .563377762E+00  .571204188E+00  .576075028E+00  .577911662E+00
  .576935030E+00  .573741397E+00  .569130777E+00  .563765823E+00  .558072797E+00
  .213453606E+00  .204206843E+00  .200280625E+00  .199811024E+00  .200338277E+00
  .200913538E+00  .201413282E+00  .201914489E+00  .202510469E+00  .203275628E+00
  .204265864E+00  .205524951E+00  .207089891E+00  .208993978E+00  .211267858E+00
  .213939161E+00  .217031345E+00  .220562241E+00  .224542693E+00  .228975552E+00
  .233855112E+00  .239166995E+00  .244888401E+00  .250988594E+00  .257429559E+00
  .264166827E+00  .271150587E+00  .278327299E+00  .285642014E+00  .293041495E+00
  .300478024E+00  .307913502E+00  .315323257E+00  .322698941E+00  .330049974E+00
  .337403298E+00  .344801531E+00  .352299921E+00  .359962711E+00  .367859608E+00
  .376062864E+00  .384645294E+00  .393679324E+00  .403236981E+00  .413390678E+00
  .424214627E+00  .435786756E+00  .448191010E+00  .461519944E+00  .475877427E+00
  .491381042E+00  .508163300E+00  .526370163E+00  .546153217E+00  .567468371E+00
  .587089178E+00  .602334256E+00  .612985602E+00  .618840057E+00  .619560482E+00
  .614653698E+00  .605418337E+00  .595908300E+00  .586708876E+00  .577983084E+00
  .207584416E+00  .193730325E+00  .198662353E+00  .203696543E+00  .205731841E+00
  .206901900E+00  .207669020E+00  .208226546E+00  .208700128E+00  .209186609E+00
  .209763883E+00  .210495626E+00  .211434778E+00  .212626160E+00  .214108161E+00
  .215913604E+00  .218069975E+00  .220599215E+00  .223517346E+00  .226834101E+00
  .230552686E+00  .234669730E+00  .239175470E+00  .244054140E+00  .249284588E+00
  .254841110E+00  .260694528E+00  .266813569E+00  .273166602E+00  .279723687E+00
  .286458842E+00  .293352326E+00  .300392696E+00  .307578381E+00  .314918577E+00
  .322433383E+00  .330153191E+00  .338117523E+00  .346373561E+00  .354974668E+00
  .363979177E+00  .373449669E+00  .383452896E+00  .394060450E+00  .405350279E+00
  .417409176E+00  .430336477E+00  .444249381E+00  .459290633E+00  .475639925E+00
  .493531517E+00  .513282850E+00  .535341781E+00  .560340404E+00  .588721841E+00
  .616513960E+00  .635332652E+00  .650285361E+00  .657453961E+00  .657751038E+00
  .651922615E+00  .636508948E+00  .621104204E+00  .607515684E+00  .595533885E+00
  .223598637E+00  .215108602E+00  .212055889E+00  .212353278E+00  .213385779E+00
  .214197328E+00  .214657630E+00  .214841854E+00  .214856148E+00  .214798492E+00
  .214752211E+00  .214787019E+00  .214961485E+00  .215325377E+00  .215921479E+00
  .216786845E+00  .217953523E+00  .219448644E+00  .221294398E+00  .223507864E+00
  .226100890E+00  .229080082E+00  .232446958E+00  .236198286E+00  .240326662E+00
  .244821255E+00  .249668600E+00  .254853576E+00  .260360604E+00  .266175019E+00
  .272284529E+00  .278680620E+00  .285359791E+00  .292324551E+00  .299584095E+00
  .307154604E+00  .315059218E+00  .323327724E+00  .331996120E+00  .341106175E+00
  .350705164E+00  .360845911E+00  .371587308E+00  .382995424E+00  .395145407E+00
  .408124370E+00  .422035627E+00  .437004775E+00  .453188452E+00  .470787065E+00
  .490063513E+00  .511371070E+00  .535195383E+00  .562215298E+00  .593257912E+00
  .626141577E+00  .649066291E+00  .666848118E+00  .677095945E+00  .678382695E+00
  .674802186E+00  .658598858E+00  .639257479E+00  .622224559E+00  .607785632E+00
  .227103237E+00  .215879292E+00  .217688625E+00  .221407323E+00  .222686306E+00
  .222945314E+00  .222657105E+00  .222041957E+00  .221236876E+00  .220341256E+00
  .219433119E+00  .218576626E+00  .217826256E+00  .217229460E+00  .216828472E+00
  .216661665E+00  .216765034E+00  .217170709E+00  .217907347E+00  .218999485E+00
  .220467324E+00  .222326608E+00  .224588629E+00  .227260449E+00  .230345570E+00
  .233845125E+00  .237757816E+00  .242080394E+00  .246808452E+00  .251937469E+00
  .257463971E+00  .263386432E+00  .269706014E+00  .276427258E+00  .283558679E+00
  .291113160E+00  .299108161E+00  .307565809E+00  .316512917E+00  .325981029E+00
  .336006562E+00  .346631145E+00  .357902265E+00  .369874311E+00  .382610148E+00
  .396183368E+00  .410681419E+00  .426209847E+00  .442898012E+00  .460906605E+00
  .480437284E+00  .501744261E+00  .525146488E+00  .551039826E+00  .579942881E+00
  .612638097E+00  .642550443E+00  .658717131E+00  .674802454E+00  .676496132E+00
  .675803760E+00  .665747056E+00  .645409586E+00  .627081164E+00  .611992206E+00
  .248163886E+00  .240573754E+00  .237207810E+00  .235993631E+00  .234848436E+00
  .233387117E+00  .231673618E+00  .229797288E+00  .227829100E+00  .225826435E+00
  .223838622E+00  .221909967E+00  .220081342E+00  .218391143E+00  .216875975E+00
  .215571280E+00  .214518364E+00  .213756375E+00  .213321236E+00  .213245393E+00
  .213557532E+00  .214282225E+00  .215439488E+00  .217044055E+00  .219105959E+00
  .221638393E+00  .224650415E+00  .228147727E+00  .232133383E+00  .236608864E+00
  .241576414E+00  .247038959E+00  .253000031E+00  .259464328E+00  .266438540E+00
  .273931806E+00  .281955930E+00  .290525616E+00  .299658690E+00  .309376285E+00
  .319703074E+00  .330667561E+00  .342302510E+00  .354645520E+00  .367739795E+00
  .381635120E+00  .396389021E+00  .412068073E+00  .428749187E+00  .446520580E+00
  .465481902E+00  .485742725E+00  .507418732E+00  .530626881E+00  .555495851E+00
  .582357344E+00  .613168322E+00  .631261995E+00  .642559487E+00  .655493561E+00
  .649761060E+00  .652725126E+00  .635070369E+00  .618690199E+00  .606405814E+00
  .268247947E+00  .262243094E+00  .256844133E+00  .252193107E+00  .248180684E+00
  .244532750E+00  .241062082E+00  .237679310E+00  .234351450E+00  .231074489E+00
  .227859464E+00  .224725597E+00  .221696788E+00  .218799765E+00  .216063117E+00
  .213521183E+00  .211220490E+00  .209205943E+00  .207520341E+00  .206203946E+00
  .205294076E+00  .204824752E+00  .204826403E+00  .205325714E+00  .206345846E+00
  .207907019E+00  .210025657E+00  .212713722E+00  .215977770E+00  .219817022E+00
  .224239734E+00  .229253616E+00  .234862629E+00  .241068826E+00  .247875598E+00
  .255287749E+00  .263310806E+00  .271951477E+00  .281218138E+00  .291120943E+00
  .301671967E+00  .312885318E+00  .324777204E+00  .337365937E+00  .350671838E+00
  .364716947E+00  .379524399E+00  .395117213E+00  .411516117E+00  .428735745E+00
  .446778195E+00  .465622206E+00  .485204807E+00  .505388627E+00  .525896114E+00
  .546155472E+00  .565010243E+00  .580894700E+00  .593111405E+00  .601460233E+00
  .605785426E+00  .606436450E+00  .603694348E+00  .598794006E+00  .593233480E+00
  .283845430E+00  .278593709E+00  .271982069E+00  .265674528E+00  .260059228E+00
  .254846695E+00  .249887411E+00  .245093368E+00  .240414792E+00  .235827735E+00
  .231325585E+00  .226913300E+00  .222603623E+00  .218414637E+00  .214368189E+00
  .210504333E+00  .206874413E+00  .203529321E+00  .200518852E+00  .197891123E+00
  .195692057E+00  .193964929E+00  .192749972E+00  .192084071E+00  .192000533E+00
  .192528894E+00  .193694567E+00  .195518535E+00  .198017169E+00  .201202435E+00
  .205083227E+00  .209663939E+00  .214942291E+00  .220906197E+00  .227555618E+00
  .234893550E+00  .242917716E+00  .251625215E+00  .261014714E+00  .271084987E+00
  .281835224E+00  .293264986E+00  .305373943E+00  .318161459E+00  .331625893E+00
  .345763518E+00  .360566873E+00  .376022313E+00  .392106390E+00  .408780547E+00
  .425983384E+00  .443619458E+00  .461543240E+00  .479536880E+00  .497282644E+00
  .514340957E+00  .530168119E+00  .544212421E+00  .556044070E+00  .565413048E+00
  .572251208E+00  .576671317E+00  .578962694E+00  .579569603E+00  .578988223E+00
  .294551851E+00  .289087502E+00  .282963920E+00  .276522668E+00  .270116965E+00
  .263851734E+00  .257721323E+00  .251698876E+00  .245761901E+00  .239897484E+00
  .234101978E+00  .228379395E+00  .222739813E+00  .217198149E+00  .211773380E+00
  .206518129E+00  .201489537E+00  .196745173E+00  .192342268E+00  .188337035E+00
  .184784060E+00  .181735745E+00  .179241792E+00  .177348730E+00  .176099489E+00
  .175532987E+00  .175683738E+00  .176581499E+00  .178250995E+00  .180711741E+00
  .183977927E+00  .188058017E+00  .192954355E+00  .198663238E+00  .205176452E+00
  .212478974E+00  .220544127E+00  .229351714E+00  .238895945E+00  .249163157E+00
  .260139823E+00  .271811887E+00  .284163882E+00  .297178549E+00  .310835883E+00
  .325111802E+00  .339976302E+00  .355390939E+00  .371305479E+00  .387653520E+00
  .404346943E+00  .421269191E+00  .438267780E+00  .455147364E+00  .471666358E+00
  .487542151E+00  .502470181E+00  .516156855E+00  .528356856E+00  .538902119E+00
  .547717080E+00  .554821518E+00  .560321883E+00  .564389658E+00  .567227874E+00
  .306264379E+00  .301264014E+00  .293724696E+00  .286184774E+00  .278947870E+00
  .271770430E+00  .264612640E+00  .257467696E+00  .250336588E+00  .243223664E+00
  .236135956E+00  .229083105E+00  .222077311E+00  .215133288E+00  .208278686E+00
  .201576778E+00  .195092147E+00  .188890043E+00  .183035735E+00  .177593877E+00
  .172627882E+00  .168199298E+00  .164367204E+00  .161187620E+00  .158712933E+00
  .156991345E+00  .156066354E+00  .155976257E+00  .156753712E+00  .158425340E+00
  .161011365E+00  .164525264E+00  .168973483E+00  .174355265E+00  .180662578E+00
  .187879729E+00  .195983156E+00  .204942688E+00  .214719857E+00  .225260050E+00
  .236539382E+00  .248533266E+00  .261212339E+00  .274545966E+00  .288500221E+00
  .303036875E+00  .318111815E+00  .333673061E+00  .349658355E+00  .365992341E+00
  .382583457E+00  .399320853E+00  .416071871E+00  .432681028E+00  .448971724E+00
  .464751905E+00  .479824214E+00  .493999637E+00  .507112097E+00  .519030836E+00
  .529668305E+00  .538982548E+00  .546974096E+00  .553678181E+00  .559154052E+00
  .314261705E+00  .308780450E+00  .302176979E+00  .294775237E+00  .286970128E+00
  .278949791E+00  .270791001E+00  .262535530E+00  .254212223E+00  .245843100E+00
  .237446085E+00  .229036846E+00  .220630141E+00  .212240736E+00  .203913555E+00
  .195720014E+00  .187732644E+00  .180024738E+00  .172669860E+00  .165741273E+00
  .159311306E+00  .153450694E+00  .148227893E+00  .143708383E+00  .139953984E+00
  .137022165E+00  .134965393E+00  .133830491E+00  .133658052E+00  .134481884E+00
  .136328514E+00  .139216740E+00  .143157251E+00  .148152316E+00  .154195543E+00
  .161271667E+00  .169356433E+00  .178416600E+00  .188409717E+00  .199284017E+00
  .210980552E+00  .223425403E+00  .236562785E+00  .250355746E+00  .264759894E+00
  .279728235E+00  .295209318E+00  .311145895E+00  .327473412E+00  .344118391E+00
  .360996856E+00  .378013034E+00  .395058630E+00  .412013062E+00  .428745019E+00
  .445115526E+00  .460982426E+00  .476205718E+00  .490652887E+00  .504203315E+00
  .516751123E+00  .528206404E+00  .538495301E+00  .547559844E+00  .555358461E+00
  .325602352E+00  .320528932E+00  .312298105E+00  .303632696E+00  .294853316E+00
  .285801304E+00  .276521926E+00  .267072291E+00  .257496378E+00  .247825245E+00
  .238081072E+00  .228280740E+00  .218438396E+00  .208567213E+00  .198732511E+00
  .189012480E+00  .179486873E+00  .170236646E+00  .161343464E+00  .152889098E+00
  .144954751E+00  .137620325E+00  .130963652E+00  .125059690E+00  .119979725E+00
  .115790552E+00  .112553688E+00  .110324600E+00  .109151970E+00  .109077010E+00
  .110132843E+00  .112343936E+00  .115725622E+00  .120283707E+00  .126014152E+00
  .132902851E+00  .140925501E+00  .150047560E+00  .160224261E+00  .171400750E+00
  .183512350E+00  .196484434E+00  .210233903E+00  .224663562E+00  .239701283E+00
  .255297805E+00  .271399028E+00  .287947684E+00  .304882580E+00  .322137674E+00
  .339641243E+00  .357315262E+00  .375075084E+00  .392829508E+00  .410481253E+00
  .427927743E+00  .445061971E+00  .461773061E+00  .477946141E+00  .493461223E+00
  .508191247E+00  .522000079E+00  .534742155E+00  .546265985E+00  .556423371E+00
  .334820675E+00  .329364335E+00  .321860855E+00  .312811370E+00  .302907144E+00
  .292556792E+00  .281947365E+00  .271162709E+00  .260243217E+00  .249210517E+00
  .238077657E+00  .226853722E+00  .215546273E+00  .204170614E+00  .192807340E+00
  .181540046E+00  .170454834E+00  .159639782E+00  .149184314E+00  .139178504E+00
  .129712311E+00  .120874746E+00  .112753001E+00  .105431539E+00  .989911674E-01
  .935081025E-01  .890530418E-01  .856902610E-01  .834767482E-01  .824613897E-01
  .826842239E-01  .841757733E-01  .869564698E-01  .910361805E-01  .964138431E-01
  .103077216E+00  .111002747E+00  .120155556E+00  .130489538E+00  .141947572E+00
  .154461837E+00  .167954189E+00  .182336693E+00  .197511971E+00  .213374936E+00
  .229805525E+00  .246741068E+00  .264126962E+00  .281908683E+00  .300030571E+00
  .318435362E+00  .337063860E+00  .355854696E+00  .374744109E+00  .393665638E+00
  .412549466E+00  .431321090E+00  .449898792E+00  .468189327E+00  .486081224E+00
  .503435408E+00  .520073885E+00  .535769690E+00  .550245338E+00  .563189787E+00
  .350095937E+00  .345618714E+00  .335658299E+00  .323466803E+00  .311240111E+00
  .299092861E+00  .286934371E+00  .274711757E+00  .262397926E+00  .249977761E+00
  .237441911E+00  .224784214E+00  .212000600E+00  .199119771E+00  .186226450E+00
  .173409307E+00  .160760443E+00  .148374745E+00  .136349170E+00  .124781933E+00
  .113771642E+00  .103416357E+00  .938126145E-01  .850543998E-01  .772320984E-01
  .704314356E-01  .647324195E-01  .602083058E-01  .569246009E-01  .549381231E-01
  .542961373E-01  .550355813E-01  .571823992E-01  .607509948E-01  .657438162E-01
  .721510810E-01  .799506467E-01  .891080287E-01  .995765651E-01  .111297725E+00
  .124201548E+00  .138207213E+00  .153223712E+00  .169150611E+00  .185878915E+00
  .203291686E+00  .221266446E+00  .239691515E+00  .258523467E+00  .277718728E+00
  .297235675E+00  .317034738E+00  .337078417E+00  .357331200E+00  .377759232E+00
  .398329481E+00  .419007946E+00  .439756245E+00  .460525490E+00  .481245771E+00
  .501808510E+00  .522037489E+00  .541644232E+00  .560174379E+00  .576995357E+00
  .361933003E+00  .358106158E+00  .346231398E+00  .331968401E+00  .318151886E+00
  .304563265E+00  .291033018E+00  .277473068E+00  .263830512E+00  .250070341E+00
  .236167905E+00  .222104996E+00  .207867570E+00  .193502955E+00  .179099226E+00
  .164749768E+00  .150552470E+00  .136608898E+00  .123023432E+00  .109902344E+00
  .973528239E-01  .854819357E-01  .743955316E-01  .641971154E-01  .549866757E-01
  .468595023E-01  .399050019E-01  .342055344E-01  .298352881E-01  .268592161E-01
  .253320543E-01  .252974422E-01  .267871639E-01  .298205285E-01  .344039031E-01
  .405304099E-01  .481797962E-01  .573184821E-01  .678997856E-01  .798643231E-01
  .931405795E-01  .107645639E+00  .123286065E+00  .139958923E+00  .157552938E+00
  .175949788E+00  .195025638E+00  .214652629E+00  .234696019E+00  .255116995E+00
  .275889325E+00  .296993036E+00  .318414735E+00  .340148104E+00  .362194428E+00
  .384562992E+00  .407271053E+00  .430342938E+00  .453807496E+00  .477692459E+00
  .502012871E+00  .526746890E+00  .551777845E+00  .576701514E+00  .600155253E+00
  .366421705E+00  .361610915E+00  .351110919E+00  .337503984E+00  .323135698E+00
  .308609457E+00  .294005465E+00  .279303649E+00  .264469206E+00  .249469808E+00
  .234278238E+00  .218871951E+00  .203232193E+00  .187430182E+00  .171558300E+00
  .155715214E+00  .140004931E+00  .124535869E+00  .109419906E+00  .947713781E-01
  .807060219E-01  .673398527E-01  .547879806E-01  .431633757E-01  .325755918E-01
  .231294664E-01  .149238149E-01  .805014141E-02  .259138852E-02 -.137924919E-02
 -.379942367E-02 -.461861996E-02 -.379900816E-02 -.131614016E-02  .284052673E-02
  .866729372E-02  .161460828E-01  .252445038E-01  .359161291E-01  .481009739E-01
  .617261763E-01  .767068696E-01  .929472351E-01  .110341721E+00  .128776417E+00
  .148130561E+00  .168278160E+00  .189089644E+00  .210433482E+00  .232178855E+00
  .254282073E+00  .276741896E+00  .299567488E+00  .322779968E+00  .346414376E+00
  .370522186E+00  .395174469E+00  .420465882E+00  .446519851E+00  .473495660E+00
  .501599154E+00  .531101209E+00  .562374606E+00  .595996340E+00  .631088891E+00
  .376318705E+00  .372843576E+00  .358641632E+00  .342360349E+00  .326863386E+00
  .311454505E+00  .295941419E+00  .280258257E+00  .264367835E+00  .248241115E+00
  .231852757E+00  .215179973E+00  .198212315E+00  .181040562E+00  .163763070E+00
  .146484823E+00  .129316554E+00  .112373853E+00  .957762254E-01  .796460795E-01
  .641076330E-01  .492857371E-01  .353046239E-01  .222865859E-01  .103506037E-01
 -.389062435E-03 -.982429281E-02 -.178545185E-01 -.243880940E-01 -.293436046E-01
 -.326510823E-01 -.342531002E-01 -.341057213E-01 -.321792764E-01 -.284589512E-01
 -.229451637E-01 -.156537204E-01 -.661574251E-02  .412264233E-02  .165008404E-01
  .304445597E-01  .458667953E-01  .626690204E-01  .807425680E-01  .999701874E-01
  .120227761E+00  .141386166E+00  .163313276E+00  .185876119E+00  .208943270E+00
  .232387349E+00  .256176879E+00  .280338652E+00  .304914845E+00  .329966092E+00
  .355575759E+00  .381855750E+00  .408954435E+00  .437067635E+00  .466454119E+00
  .497458063E+00  .530543498E+00  .566361227E+00  .606039577E+00  .654764177E+00
  .375083959E+00  .369707912E+00  .358883132E+00  .344659222E+00  .329203118E+00
  .313274686E+00  .297037136E+00  .280509074E+00  .263678317E+00  .246526028E+00
  .229031458E+00  .211172827E+00  .192964077E+00  .174504335E+00  .155899357E+00
  .137261199E+00  .118707675E+00  .100361657E+00  .823502300E-01  .648037266E-01
  .478546321E-01  .316363813E-01  .162820539E-01  .192298366E-02 -.113127013E-01
 -.233015850E-01 -.339264933E-01 -.430780193E-01 -.506560148E-01 -.565710181E-01
 -.607455846E-01 -.631154921E-01 -.636307886E-01 -.622566568E-01 -.589740704E-01
 -.537802232E-01 -.466887157E-01 -.377294879E-01 -.269484969E-01 -.144071373E-01
 -.181412629E-03  .156391324E-01  .329527044E-01  .516467615E-01  .715997037E-01
  .926827372E-01  .114761897E+00  .137700224E+00  .161360094E+00  .185605711E+00
  .210305771E+00  .235336308E+00  .260693397E+00  .286430360E+00  .312619569E+00
  .339357402E+00  .366770809E+00  .395026222E+00  .424341734E+00  .455003675E+00
  .487388513E+00  .521989573E+00  .559444989E+00  .600588168E+00  .646826419E+00
  .385853710E+00  .382482411E+00  .365412587E+00  .347653932E+00  .331126906E+00
  .314523030E+00  .297598036E+00  .280298864E+00  .262608538E+00  .244513257E+00
  .225996044E+00  .207036204E+00  .187673977E+00  .168015217E+00  .148172197E+00
  .128263462E+00  .108413442E+00  .887518600E-01  .694129640E-01  .505345788E-01
  .322570161E-01  .147218437E-01 -.192946585E-02 -.175569921E-01 -.320239063E-01
 -.451980709E-01 -.569536734E-01 -.671728614E-01 -.757473504E-01 -.825799671E-01
 -.875860958E-01 -.906949930E-01 -.918509364E-01 -.910141799E-01 -.881616857E-01
 -.832876129E-01 -.764035450E-01 -.675384458E-01 -.567383386E-01 -.440657101E-01
 -.295986470E-01 -.134297184E-01  .433538019E-02  .235793986E-01  .441752991E-01
  .659881948E-01  .888774409E-01  .112698862E+00  .137307110E+00  .162558159E+00
  .188311964E+00  .214435366E+00  .240805426E+00  .267457370E+00  .294459135E+00
  .321898663E+00  .349888812E+00  .378574000E+00  .408139449E+00  .438824371E+00
  .470941506E+00  .504906781E+00  .541277403E+00  .580688344E+00  .622380366E+00
  .379635954E+00  .373553577E+00  .362721772E+00  .348432389E+00  .332379657E+00
  .315433245E+00  .297898591E+00  .279869734E+00  .261369802E+00  .242395567E+00
  .222931726E+00  .202956009E+00  .182532740E+00  .161772431E+00  .140792282E+00
  .119716099E+00  .986739513E-01  .778015937E-01  .572396943E-01  .371328833E-01
  .176286354E-01 -.112399839E-02 -.189757952E-01 -.357788819E-01 -.513883528E-01
 -.656639587E-01 -.784718384E-01 -.896862601E-01 -.991913388E-01 -.106882693E+00
 -.112669000E+00 -.116473424E+00 -.118234861E+00 -.117908985E+00 -.115469065E+00
 -.110906516E+00 -.104231176E+00 -.954712974E-01 -.846732447E-01 -.719008983E-01
 -.572347820E-01 -.407709218E-01 -.226194618E-01 -.290306113E-02  .182448985E-01
  .406822640E-01  .642601898E-01  .888253124E-01  .114221993E+00  .140294600E+00
  .166889791E+00  .193858770E+00  .221059403E+00  .248390211E+00  .275902237E+00
  .303659029E+00  .331737760E+00  .360230961E+00  .389248692E+00  .418921184E+00
  .449402581E+00  .480878429E+00  .513587453E+00  .547883385E+00  .583913277E+00
  .389256914E+00  .384809880E+00  .370088276E+00  .352205345E+00  .334484501E+00
  .316543364E+00  .298203687E+00  .279406845E+00  .260123861E+00  .240330080E+00
  .219998953E+00  .199100644E+00  .177718943E+00  .155966473E+00  .133963538E+00
  .111837822E+00  .897239019E-01  .677625835E-01  .461000672E-01  .248869447E-01
  .427703389E-02 -.155739404E-01 -.345098085E-01 -.523755429E-01 -.690189523E-01
 -.842924540E-01 -.980548979E-01 -.110173407E+00 -.120525197E+00 -.128999341E+00
 -.135498430E+00 -.139940102E+00 -.142258387E+00 -.142404845E+00 -.140349459E+00
 -.136081256E+00 -.129608643E+00 -.120959435E+00 -.110180585E+00 -.973376048E-01
 -.825136945E-01 -.658086044E-01 -.473372434E-01 -.272280745E-01 -.562132805E-02
  .173329264E-01  .414768078E-01  .666467080E-01  .926753861E-01  .119394025E+00
  .146634198E+00  .174229673E+00  .202017982E+00  .229841630E+00  .257636402E+00
  .285437932E+00  .313282038E+00  .341202325E+00  .369225426E+00  .397362245E+00
  .425591590E+00  .453828042E+00  .481854717E+00  .509182746E+00  .534838804E+00
  .390046300E+00  .384643724E+00  .371378496E+00  .354160594E+00  .336015407E+00
  .317424865E+00  .298406031E+00  .278923804E+00  .258939774E+00  .238417151E+00
  .217319720E+00  .195610641E+00  .173389618E+00  .150769996E+00  .127874085E+00
  .104832481E+00  .817833690E-01  .588717262E-01  .362484060E-01  .140690728E-01
 -.750701496E-02 -.283183765E-01 -.482028249E-01 -.669991161E-01 -.845487111E-01
 -.100697625E+00 -.115298333E+00 -.128211704E+00 -.139308908E+00 -.148473282E+00
 -.155602089E+00 -.160608132E+00 -.163421205E+00 -.163989302E+00 -.162279596E+00
 -.158279123E+00 -.151995174E+00 -.143455373E+00 -.132707435E+00 -.119818615E+00
 -.104874856E+00 -.879796559E-01 -.692526896E-01 -.488282134E-01 -.268532986E-01
 -.348593657E-02  .211069335E-01  .467514229E-01  .732686650E-01  .100476702E+00
  .128192237E+00  .156232184E+00  .184415005E+00  .212561810E+00  .240497390E+00
  .268201362E+00  .295675494E+00  .322909043E+00  .349871739E+00  .376503408E+00
  .402698605E+00  .428284729E+00  .452994376E+00  .476441319E+00  .498126769E+00
  .393097146E+00  .387864746E+00  .373791257E+00  .355775689E+00  .337084423E+00
  .317985426E+00  .298443852E+00  .278415247E+00  .257857072E+00  .236728019E+00
  .214986810E+00  .192602383E+00  .169679932E+00  .146334648E+00  .122691091E+00
  .988825427E-01  .750502829E-01  .513427766E-01  .279147276E-01  .492598665E-02
 -.174596970E-01 -.390760824E-01 -.597559959E-01 -.793330303E-01 -.976433630E-01
 -.114527671E+00 -.129833108E+00 -.143415311E+00 -.155140397E+00 -.164886906E+00
 -.172547642E+00 -.178031382E+00 -.181264390E+00 -.182191720E+00 -.180778252E+00
 -.177009439E+00 -.170891757E+00 -.162452823E+00 -.151741187E+00 -.138825813E+00
 -.123795239E+00 -.106756469E+00 -.878336007E-01 -.671662474E-01 -.449077913E-01
 -.212235169E-01  .371131944E-02  .297134266E-01  .565933651E-01  .841573188E-01
  .112208683E+00  .140549394E+00  .168980880E+00  .197304483E+00  .225320992E+00
  .252892970E+00  .280004503E+00  .306623277E+00  .332695865E+00  .358141626E+00
  .382845604E+00  .406651545E+00  .429357692E+00  .450719932E+00  .470467508E+00
  .395020396E+00  .389886306E+00  .375236201E+00  .356705990E+00  .337679533E+00
  .318252462E+00  .298351707E+00  .277927444E+00  .256937523E+00  .235341094E+00
  .213096295E+00  .190182781E+00  .166708499E+00  .142791160E+00  .118557774E+00
  .941441215E-01  .696941151E-01  .453590378E-01  .212966262E-01 -.233001090E-02
 -.253536443E-01 -.476043473E-01 -.689110809E-01 -.891034274E-01 -.108013453E+00
 -.125477673E+00 -.141339084E+00 -.155449236E+00 -.167670290E+00 -.177877032E+00
 -.185958781E+00 -.191821170E+00 -.195387722E+00 -.196601217E+00 -.195424783E+00
 -.191842703E+00 -.185860902E+00 -.177507104E+00 -.166830662E+00 -.153902052E+00
 -.138812065E+00 -.121670704E+00 -.102605829E+00 -.817615885E-01 -.592966865E-01
 -.353825302E-01 -.102013214E-01  .160558565E-01  .431908963E-01  .710004138E-01
  .992773259E-01  .127812213E+00  .156394424E+00  .184812923E+00  .212856957E+00
  .240316889E+00  .267142148E+00  .293294676E+00  .318718793E+00  .343338673E+00
  .367056486E+00  .389751990E+00  .411284710E+00  .431499980E+00  .450239599E+00
  .393760361E+00  .387912864E+00  .374426080E+00  .356769895E+00  .337865497E+00
  .318327294E+00  .298226791E+00  .277549584E+00  .256265888E+00  .234341246E+00
  .211737359E+00  .188444392E+00  .164573588E+00  .140245277E+00  .115588678E+00
  .907415713E-01  .658498179E-01  .410666896E-01  .165520153E-01 -.752886703E-02
 -.310063497E-01 -.537079795E-01 -.754600571E-01 -.960893932E-01 -.115425201E+00
 -.133301099E+00 -.149557182E+00 -.164042141E+00 -.176615368E+00 -.187149018E+00
 -.195529973E+00 -.201661665E+00 -.205465710E+00 -.206883315E+00 -.205876415E+00
 -.202428517E+00 -.196545222E+00 -.188254412E+00 -.177606103E+00 -.164671958E+00
 -.149544498E+00 -.132336002E+00 -.113177170E+00 -.922155555E-01 -.696138416E-01
 -.455479918E-01 -.202053462E-01  .621729056E-02  .335155125E-01  .614790741E-01
  .898935039E-01  .118541527E+00  .147204255E+00  .175662113E+00  .203695422E+00
  .231084521E+00  .257716157E+00  .283556554E+00  .308556672E+00  .332652395E+00
  .355765320E+00  .377804607E+00  .398670343E+00  .418258709E+00  .436468891E+00
  .397598440E+00  .392959124E+00  .376747306E+00  .357313040E+00  .338062693E+00
  .318425369E+00  .298218601E+00  .277395378E+00  .255932714E+00  .233805178E+00
  .210980134E+00  .187455447E+00  .163345029E+00  .138770930E+00  .113863575E+00
  .887617189E-01  .636121134E-01  .385689414E-01  .137930127E-01 -.105492565E-01
 -.342870718E-01 -.572466873E-01 -.792530129E-01 -.100131387E+00 -.119709488E+00
 -.137819360E+00 -.154299512E+00 -.168997062E+00 -.181769875E+00 -.192488653E+00
 -.201038932E+00 -.207322931E+00 -.211261220E+00 -.212794151E+00 -.211883025E+00
 -.208510955E+00 -.202683413E+00 -.194428432E+00 -.183796471E+00 -.170859953E+00
 -.155712465E+00 -.138467686E+00 -.119258043E+00 -.982331510E-01 -.755580914E-01
 -.514115632E-01 -.259839770E-01  .524465515E-03  .279056488E-01  .559453357E-01
  .844248312E-01  .113122492E+00  .141815060E+00  .170278826E+00  .198290644E+00
  .225628867E+00  .252141636E+00  .277798671E+00  .302556728E+00  .326360633E+00
  .349144920E+00  .370836258E+00  .391356795E+00  .410628399E+00  .428577659E+00
  .391495842E+00  .384858587E+00  .372736541E+00  .356545954E+00  .338203386E+00
  .318726840E+00  .298477807E+00  .277562503E+00  .255999713E+00  .233774933E+00
  .210857725E+00  .187246370E+00  .163054268E+00  .138402762E+00  .113421594E+00
  .882489214E-01  .630310187E-01  .379217081E-01  .130815531E-01 -.113231726E-01
 -.351217255E-01 -.581403307E-01 -.802038021E-01 -.101137327E+00 -.120768388E+00
 -.138928803E+00 -.155456832E+00 -.170199333E+00 -.183013911E+00 -.193771014E+00
 -.202355944E+00 -.208670712E+00 -.212635714E+00 -.214191173E+00 -.213298308E+00
 -.209940210E+00 -.204122386E+00 -.195872975E+00 -.185242617E+00 -.172303985E+00
 -.157151004E+00 -.139897771E+00 -.120677217E+00 -.996395532E-01 -.769505480E-01
 -.527896817E-01 -.273482404E-01 -.827395483E-03  .265636799E-01  .546096122E-01
  .830905117E-01  .111783515E+00  .140464178E+00  .168907731E+00  .196890245E+00
  .224189798E+00  .250644509E+00  .276225173E+00  .300890453E+00  .324588114E+00
  .347256856E+00  .368828833E+00  .389232902E+00  .408398552E+00  .426260315E+00
  .403473696E+00  .400081275E+00  .381029514E+00  .359705933E+00  .339675551E+00
  .319580222E+00  .299071487E+00  .278042045E+00  .256439633E+00  .234221863E+00
  .211345148E+00  .187797340E+00  .163686841E+00  .139131409E+00  .114258047E+00
  .892027175E-01  .641098624E-01  .391317138E-01  .144274090E-01 -.983809441E-02
 -.334952975E-01 -.563716226E-01 -.782930496E-01 -.990859090E-01 -.118578808E+00
 -.136604667E+00 -.153002821E+00 -.167621172E+00 -.180318321E+00 -.190965659E+00
 -.199449360E+00 -.205672226E+00 -.209555348E+00 -.211039534E+00 -.210086470E+00
 -.206679579E+00 -.200824563E+00 -.192549605E+00 -.181905234E+00 -.168963854E+00
 -.153818961E+00 -.136584061E+00 -.117391333E+00 -.963900806E-01 -.737450072E-01
 -.496343833E-01 -.242481433E-01  .221402341E-02  .295445414E-01  .575297300E-01
  .859514554E-01  .114588624E+00  .143218497E+00  .171617818E+00  .199563780E+00
  .226834887E+00  .253288096E+00  .278892280E+00  .303603341E+00  .327365265E+00
  .350111771E+00  .371768744E+00  .392257574E+00  .411499416E+00  .429420195E+00
  .397080152E+00  .391344013E+00  .377835332E+00  .359767514E+00  .340240005E+00
  .320140460E+00  .299603144E+00  .278606654E+00  .257101973E+00  .235036561E+00
  .212357476E+00  .189039332E+00  .165184399E+00  .140905716E+00  .116326524E+00
  .915796471E-01  .668067844E-01  .421576639E-01  .177890490E-01 -.613641904E-02
 -.294515440E-01 -.519860648E-01 -.735683023E-01 -.940269524E-01 -.113193003E+00
 -.130901752E+00 -.146994890E+00 -.161322619E+00 -.173745761E+00 -.184137807E+00
 -.192386882E+00 -.198397551E+00 -.202092448E+00 -.203413666E+00 -.202323893E+00
 -.198807238E+00 -.192869752E+00 -.184539608E+00 -.173866950E+00 -.160923412E+00
 -.145801323E+00 -.128612621E+00 -.109487517E+00 -.885729462E-01 -.660308467E-01
 -.420363328E-01 -.167758030E-01  .955495492E-02  .367526093E-01  .646080287E-01
  .929078769E-01  .121436015E+00  .149974671E+00  .178305319E+00  .206209191E+00
  .233467157E+00  .259982973E+00  .285720973E+00  .310630310E+00  .334645161E+00
  .357685490E+00  .379658874E+00  .400463865E+00  .419995160E+00  .438150548E+00
  .401314565E+00  .397251835E+00  .380634373E+00  .360288893E+00  .340277609E+00
  .320180266E+00  .299795050E+00  .279027250E+00  .257808628E+00  .236078584E+00
  .213779417E+00  .190873499E+00  .167458288E+00  .143642740E+00  .119546540E+00
  .952992940E-01  .710396581E-01  .469143776E-01  .230772108E-01 -.312278645E-03
 -.230900740E-01 -.450892043E-01 -.661413869E-01 -.860788030E-01 -.104735987E+00
 -.121951810E+00 -.137571520E+00 -.151448811E+00 -.163447879E+00 -.173445423E+00
 -.181332543E+00 -.187016497E+00 -.190422272E+00 -.191493925E+00 -.190195665E+00
 -.186512642E+00 -.180451425E+00 -.172040155E+00 -.161328362E+00 -.148386471E+00
 -.133304988E+00 -.116193409E+00 -.971788774E-01 -.764046277E-01 -.540282718E-01
 -.302199674E-01 -.516053076E-02  .209604535E-01  .479464660E-01  .755957757E-01
  .103702998E+00  .132060446E+00  .160459243E+00  .188690241E+00  .216544901E+00
  .243816741E+00  .270477229E+00  .296484752E+00  .321780816E+00  .346287113E+00
  .369903461E+00  .392507282E+00  .413955741E+00  .434091796E+00  .452754930E+00
  .395716136E+00  .390543366E+00  .376637756E+00  .358310741E+00  .339016299E+00
  .319378248E+00  .299433339E+00  .279132877E+00  .258416213E+00  .237223897E+00
  .215499319E+00  .193195645E+00  .170407497E+00  .147241241E+00  .123813996E+00
  .100252692E+00  .766931160E-01  .532789064E-01  .301604521E-01  .749368093E-02
 -.145612825E-01 -.358415954E-01 -.561833082E-01 -.754230989E-01 -.934001149E-01
 -.109957898E+00 -.124946363E+00 -.138223801E+00 -.149658856E+00 -.159132458E+00
 -.166539640E+00 -.171791224E+00 -.174815315E+00 -.175558575E+00 -.173987244E+00
 -.170087869E+00 -.163867733E+00 -.155354969E+00 -.144598345E+00 -.131666742E+00
 -.116648325E+00 -.996494337E-01 -.807932361E-01 -.602181626E-01 -.380761824E-01
 -.145309626E-01  .102440351E-01  .360674627E-01  .627519410E-01  .901057979E-01
  .117934618E+00  .146042516E+00  .174233014E+00  .202309328E+00  .230073674E+00
  .257420040E+00  .284331357E+00  .310773257E+00  .336689956E+00  .361998315E+00
  .386580715E+00  .410277995E+00  .432885186E+00  .454154652E+00  .473811942E+00
  .393391130E+00  .388760450E+00  .374195769E+00  .355602812E+00  .336717119E+00
  .317699590E+00  .298437151E+00  .278841561E+00  .258845092E+00  .238391425E+00
  .217430232E+00  .195914096E+00  .173933110E+00  .151593313E+00  .129010725E+00
  .106310446E+00  .836257659E-01  .610972315E-01  .388716068E-01  .171007206E-01
 -.405982019E-02 -.244520517E-01 -.439172043E-01 -.622973723E-01 -.794372848E-01
 -.951861539E-01 -.109399572E+00 -.121941427E+00 -.132685789E+00 -.141518751E+00
 -.148340153E+00 -.153065177E+00 -.155625751E+00 -.155971748E+00 -.154071922E+00
 -.149914580E+00 -.143507950E+00 -.134880248E+00 -.124079429E+00 -.111172635E+00
 -.962453444E-01 -.794002560E-01 -.607559227E-01 -.404451794E-01 -.186134014E-01
  .458336153E-02  .289803270E-01  .544059478E-01  .806838524E-01  .107634704E+00
  .135077917E+00  .162833176E+00  .190721680E+00  .218567066E+00  .246210726E+00
  .273656772E+00  .300903540E+00  .327937572E+00  .354726149E+00  .381206658E+00
  .407270990E+00  .432743372E+00  .457352399E+00  .480706736E+00  .502301411E+00
  .387265070E+00  .382642351E+00  .368536547E+00  .350848015E+00  .333047086E+00
  .315090582E+00  .296824028E+00  .278174066E+00  .259097340E+00  .239558787E+00
  .219524626E+00  .198960060E+00  .177946176E+00  .156590922E+00  .135010407E+00
  .113328450E+00  .916759781E-01  .701902919E-01  .490141705E-01  .282948273E-01
  .818271614E-02 -.111698053E-01 -.296099450E-01 -.469860622E-01 -.631493511E-01
 -.779555962E-01 -.912669724E-01 -.102953857E+00 -.112896615E+00 -.120987328E+00
 -.127131421E+00 -.131249142E+00 -.133276883E+00 -.133168274E+00 -.130895046E+00
 -.126447628E+00 -.119835456E+00 -.111086989E+00 -.100249430E+00 -.873881415E-01
 -.725857844E-01 -.559411885E-01 -.375679807E-01 -.175930037E-01  .384544267E-02
  .265994970E-01  .505137311E-01  .754272014E-01  .101175517E+00  .127592882E+00
  .154514079E+00  .181776343E+00  .209221098E+00  .236695523E+00  .264178482E+00
  .291703305E+00  .319303730E+00  .347011549E+00  .374851770E+00  .402833735E+00
  .430934549E+00  .459066573E+00  .487009466E+00  .514268169E+00  .539858196E+00
  .374554247E+00  .368456810E+00  .357861444E+00  .343979510E+00  .328400100E+00
  .311930568E+00  .294864216E+00  .277298958E+00  .259263270E+00  .240758121E+00
  .221771379E+00  .202283343E+00  .182364662E+00  .162124705E+00  .141679174E+00
  .121150083E+00  .100665445E+00  .803587242E-01  .603680804E-01  .408354374E-01
  .219053837E-01  .372392512E-02 -.135628963E-01 -.298104968E-01 -.448773377E-01
 -.586265792E-01 -.709277736E-01 -.816585643E-01 -.907063594E-01 -.979699417E-01
 -.103360980E+00 -.106805407E+00 -.108244623E+00 -.107636506E+00 -.104956182E+00
 -.100196553E+00 -.933685481E-01 -.845010940E-01 -.736408036E-01 -.608513783E-01
 -.462127384E-01 -.298198953E-01 -.117815855E-01  .778130633E-02  .287375084E-01
  .509472769E-01  .742644327E-01  .985384919E-01  .123616861E+00  .149347077E+00
  .175579061E+00  .202167394E+00  .228973567E+00  .255946386E+00  .283136511E+00
  .310606668E+00  .338433178E+00  .366707913E+00  .395540553E+00  .425061287E+00
  .455424588E+00  .486816765E+00  .519477945E+00  .553764537E+00  .589824168E+00
  .376351220E+00  .372589509E+00  .356331893E+00  .340073584E+00  .324706317E+00
  .309057211E+00  .292967992E+00  .276427917E+00  .259444849E+00  .242021465E+00
  .224152609E+00  .205826554E+00  .187098243E+00  .168075570E+00  .148871811E+00
  .129605677E+00  .110401076E+00  .913866342E-01  .726950071E-01  .544620117E-01
  .368255938E-01  .199246533E-01  .389774380E-02 -.111183335E-01 -.249900198E-01
 -.375885475E-01 -.487915216E-01 -.584845019E-01 -.665625565E-01 -.729317516E-01
 -.775105439E-01 -.802310438E-01 -.810401157E-01 -.799002876E-01 -.767904437E-01
 -.717062792E-01 -.646605002E-01 -.556827607E-01 -.448193291E-01 -.321324891E-01
 -.176996803E-01 -.161239180E-02  .160251744E-01  .350976503E-01  .554802372E-01
  .770406057E-01  .996409404E-01  .123140108E+00  .147395934E+00  .172267589E+00
  .197618076E+00  .223316857E+00  .249285611E+00  .275573878E+00  .302248229E+00
  .329395781E+00  .357129040E+00  .385592567E+00  .414972295E+00  .445508830E+00
  .477517165E+00  .511416619E+00  .547769298E+00  .587215895E+00  .628988333E+00
  .363737100E+00  .358006751E+00  .348030065E+00  .335168744E+00  .321040655E+00
  .306305284E+00  .291136729E+00  .275577535E+00  .259637636E+00  .243316490E+00
  .226608145E+00  .209502786E+00  .192034718E+00  .174307104E+00  .156428415E+00
  .138512271E+00  .120677086E+00  .103045524E+00  .857437858E-01  .689007462E-01
  .526469494E-01  .371134852E-01  .224307543E-01  .872714344E-02 -.387237058E-02
 -.152476657E-01 -.252849429E-01 -.338781903E-01 -.409306139E-01 -.463560058E-01
 -.500800169E-01 -.520413063E-01 -.521925374E-01 -.505011943E-01 -.469501974E-01
 -.415382958E-01 -.342802262E-01 -.252066255E-01 -.143636952E-01 -.181261797E-02
  .123712677E-01  .280995249E-01  .452718936E-01  .637777692E-01  .834978673E-01
  .104306059E+00  .126071363E+00  .148660077E+00  .171938049E+00  .195773078E+00
  .220037464E+00  .244631649E+00  .269590291E+00  .294964516E+00  .320825426E+00
  .347268851E+00  .374421835E+00  .402451545E+00  .431577524E+00  .462088387E+00
  .494363901E+00  .528901938E+00  .566346640E+00  .607539347E+00  .653901153E+00
  .363925865E+00  .360305462E+00  .346556892E+00  .331659529E+00  .317621108E+00
  .303532750E+00  .289214613E+00  .274620674E+00  .259732746E+00  .244538799E+00
  .229028170E+00  .213190331E+00  .197037104E+00  .180664828E+00  .164175476E+00
  .147676238E+00  .131278951E+00  .115099411E+00  .992565822E-01  .838716996E-01
  .690672745E-01  .549660041E-01  .416895951E-01  .293575159E-01  .180856922E-01
  .798516575E-02 -.839260333E-03 -.829036727E-02 -.142798294E-01 -.187294599E-01
 -.215723663E-01 -.227539881E-01 -.222329928E-01 -.199820057E-01 -.159881542E-01
 -.102534104E-01 -.279471900E-02  .635609732E-02  .171526578E-01  .295345686E-01
  .434281868E-01  .587475958E-01  .753957803E-01  .932659895E-01  .112243275E+00
  .132206198E+00  .153028695E+00  .174582106E+00  .196737326E+00  .219367066E+00
  .242361771E+00  .265734117E+00  .289509902E+00  .313730509E+00  .338456166E+00
  .363770295E+00  .389785366E+00  .416650885E+00  .444564456E+00  .473787415E+00
  .504667476E+00  .537673500E+00  .573462999E+00  .613175660E+00  .662050078E+00
  .353029063E+00  .347740187E+00  .338314863E+00  .326328839E+00  .313469561E+00
  .300301556E+00  .286930953E+00  .273358935E+00  .259568921E+00  .245544732E+00
  .231273431E+00  .216745145E+00  .201952767E+00  .186983617E+00  .171932466E+00
  .156899573E+00  .141989735E+00  .127311421E+00  .112975899E+00  .990963143E-01
  .857867081E-01  .731609716E-01  .613317310E-01  .504091801E-01  .404998699E-01
  .317054736E-01  .241215453E-01  .178362941E-01  .129293967E-01  .947087202E-02
  .752004177E-02  .712459933E-02  .831980969E-02  .111278595E-01  .155573741E-01
  .216031158E-01  .292458727E-01  .384525453E-01  .491764313E-01  .613577095E-01
  .749241144E-01  .897917964E-01  .105866354E+00  .123044030E+00  .141213052E+00
  .160255125E+00  .180047082E+00  .200462827E+00  .221375328E+00  .242680069E+00
  .264366604E+00  .286433569E+00  .308889996E+00  .331756983E+00  .355069781E+00
  .378880381E+00  .403260730E+00  .428306769E+00  .454143646E+00  .480932867E+00
  .508883093E+00  .538268840E+00  .569467886E+00  .603065291E+00  .638175573E+00
  .349538804E+00  .345612981E+00  .334226334E+00  .321155464E+00  .308722954E+00
  .296427663E+00  .284084264E+00  .271619283E+00  .258996672E+00  .246196281E+00
  .233206076E+00  .220018613E+00  .206629118E+00  .193100349E+00  .179522064E+00
  .165988534E+00  .152597848E+00  .139451163E+00  .126651905E+00  .114304908E+00
  .102515498E+00  .913885078E-01  .810272467E-01  .715324202E-01  .630010216E-01
  .555252059E-01  .491911648E-01  .440780213E-01  .402567636E-01  .377892388E-01
  .367272261E-01  .371116103E-01  .389716712E-01  .423245077E-01  .471746083E-01
  .535135806E-01  .613200450E-01  .705596994E-01  .811855532E-01  .931383294E-01
  .106347028E+00  .120729642E+00  .136194014E+00  .152638822E+00  .169954650E+00
  .188025131E+00  .206727775E+00  .225936704E+00  .245568482E+00  .265592165E+00
  .285982259E+00  .306719179E+00  .327789830E+00  .349188263E+00  .370916315E+00
  .392984070E+00  .415409849E+00  .438219307E+00  .461442810E+00  .485109704E+00
  .509236555E+00  .533802649E+00  .558691363E+00  .583495129E+00  .606836210E+00
  .337704043E+00  .332675133E+00  .324010817E+00  .313493704E+00  .302622934E+00
  .291641415E+00  .280541786E+00  .269306915E+00  .257927953E+00  .246401424E+00
  .234726779E+00  .222905206E+00  .210939095E+00  .198869314E+00  .186780820E+00
  .174762034E+00  .162904357E+00  .151301573E+00  .140049149E+00  .129243470E+00
  .118980994E+00  .109357355E+00  .100466423E+00  .923993194E-01  .852434137E-01
  .790813124E-01  .739898514E-01  .700391123E-01  .672914781E-01  .658007455E-01
  .656113093E-01  .667574372E-01  .692626459E-01  .731391946E-01  .783877031E-01
  .849969053E-01  .929435400E-01  .102192383E+00  .112696421E+00  .124397154E+00
  .137225036E+00  .151100030E+00  .165932272E+00  .181622904E+00  .198064876E+00
  .215145006E+00  .232736051E+00  .250789407E+00  .269258025E+00  .288097635E+00
  .307266350E+00  .326724550E+00  .346434876E+00  .366362190E+00  .386473305E+00
  .406736184E+00  .427118143E+00  .447582364E+00  .468081640E+00  .488547635E+00
  .508872901E+00  .528881441E+00  .548283434E+00  .566620841E+00  .583254828E+00
  .326067565E+00  .320532998E+00  .313339520E+00  .304894281E+00  .295753626E+00
  .286221957E+00  .276439686E+00  .266474213E+00  .256360963E+00  .246120993E+00
  .235768717E+00  .225315572E+00  .214771996E+00  .204160812E+00  .193561244E+00
  .183055337E+00  .172727485E+00  .162663873E+00  .152951846E+00  .143679204E+00
  .134933441E+00  .126800922E+00  .119366038E+00  .112710315E+00  .106911525E+00
  .102042786E+00  .981716758E-01  .953593709E-01  .936598278E-01  .931190118E-01
  .937741950E-01  .956533303E-01  .987745150E-01  .103145550E+00  .108763607E+00
  .115614996E+00  .123675058E+00  .132908152E+00  .143267771E+00  .154696741E+00
  .167127500E+00  .180482512E+00  .194674500E+00  .209607687E+00  .225173786E+00
  .241294523E+00  .257918445E+00  .274992552E+00  .292462336E+00  .310271764E+00
  .328363100E+00  .346676748E+00  .365151149E+00  .383722716E+00  .402325641E+00
  .420891327E+00  .439347066E+00  .457613436E+00  .475599802E+00  .493197332E+00
  .510269254E+00  .526639143E+00  .542080497E+00  .556314977E+00  .569029459E+00
  .318197871E+00  .313187725E+00  .305623393E+00  .297407947E+00  .289137330E+00
  .280667070E+00  .272017097E+00  .263225238E+00  .254323258E+00  .245335160E+00
  .236279518E+00  .227171912E+00  .218026790E+00  .208858848E+00  .199732132E+00
  .190721988E+00  .181905518E+00  .173361100E+00  .165167809E+00  .157404774E+00
  .150150476E+00  .143482006E+00  .137474296E+00  .132199333E+00  .127725374E+00
  .124116165E+00  .121430179E+00  .119719880E+00  .119031033E+00  .119402050E+00
  .120863408E+00  .123437123E+00  .127136304E+00  .131964782E+00  .137916823E+00
  .144976924E+00  .153119698E+00  .162309803E+00  .172502019E+00  .183641473E+00
  .195663396E+00  .208494536E+00  .222048736E+00  .236250530E+00  .251056320E+00
  .266414307E+00  .282270520E+00  .298567533E+00  .315243483E+00  .332231260E+00
  .349457857E+00  .366843963E+00  .384303898E+00  .401745971E+00  .419073237E+00
  .436184511E+00  .452975352E+00  .469338580E+00  .485163899E+00  .500336368E+00
  .514733896E+00  .528224684E+00  .540666366E+00  .551909216E+00  .561805305E+00
  .308864120E+00  .303425166E+00  .297013416E+00  .289911995E+00  .282490418E+00
  .274919347E+00  .267259985E+00  .259541034E+00  .251781308E+00  .243995753E+00
  .236197738E+00  .228400396E+00  .220617505E+00  .212863995E+00  .205180804E+00
  .197636085E+00  .190299304E+00  .183240834E+00  .176531392E+00  .170241417E+00
  .164440405E+00  .159196222E+00  .154574418E+00  .150637532E+00  .147444416E+00
  .145049580E+00  .143502553E+00  .142847289E+00  .143121604E+00  .144356647E+00
  .146576437E+00  .149797457E+00  .154028305E+00  .159269396E+00  .165512702E+00
  .172741628E+00  .180930977E+00  .190046493E+00  .200044873E+00  .210876144E+00
  .222475392E+00  .234791588E+00  .247792445E+00  .261437197E+00  .275683230E+00
  .290483766E+00  .305786904E+00  .321534290E+00  .337659589E+00  .354086927E+00
  .370729457E+00  .387488314E+00  .404252287E+00  .420898593E+00  .437295066E+00
  .453303845E+00  .468786293E+00  .483608420E+00  .497645853E+00  .510787456E+00
  .522937135E+00  .534013914E+00  .543951017E+00  .552694999E+00  .560206030E+00
  .301822283E+00  .297211518E+00  .289737349E+00  .282427074E+00  .275516106E+00
  .268716645E+00  .261977936E+00  .255284935E+00  .248632062E+00  .242018753E+00
  .235448711E+00  .228929639E+00  .222473016E+00  .216093912E+00  .209814397E+00
  .203694020E+00  .197794178E+00  .192177184E+00  .186905487E+00  .182040966E+00
  .177644265E+00  .173774153E+00  .170486906E+00  .167835717E+00  .165870127E+00
  .164635503E+00  .164172549E+00  .164516857E+00  .165698496E+00  .167741601E+00
  .170664009E+00  .174477003E+00  .179185156E+00  .184786098E+00  .191270010E+00
  .198619674E+00  .206812384E+00  .215815927E+00  .225581799E+00  .236095681E+00
  .247335918E+00  .259276625E+00  .271891007E+00  .285149304E+00  .299018076E+00
  .313458853E+00  .328426452E+00  .343866884E+00  .359714821E+00  .375890699E+00
  .392297620E+00  .408818454E+00  .425313810E+00  .441621931E+00  .457561799E+00
  .472940480E+00  .487564759E+00  .501255391E+00  .513861035E+00  .525268900E+00
  .535410313E+00  .544260646E+00  .551833952E+00  .558173519E+00  .563340647E+00
  .291139224E+00  .285749075E+00  .279840788E+00  .273682453E+00  .267591560E+00
  .261670419E+00  .255910212E+00  .250280005E+00  .244754074E+00  .239317366E+00
  .233965015E+00  .228700553E+00  .223534157E+00  .218481236E+00  .213561360E+00
  .208816540E+00  .204301739E+00  .200072158E+00  .196182577E+00  .192686714E+00
  .189636632E+00  .187082186E+00  .185070500E+00  .183645481E+00  .182847377E+00
  .182712388E+00  .183272348E+00  .184554508E+00  .186581363E+00  .189370229E+00
  .192932835E+00  .197275187E+00  .202398308E+00  .208298702E+00  .214964726E+00
  .222372246E+00  .230515892E+00  .239390165E+00  .248983561E+00  .259285702E+00
  .270285362E+00  .281969960E+00  .294325400E+00  .307335330E+00  .320980095E+00
  .335235245E+00  .350069472E+00  .365441824E+00  .381298017E+00  .397565664E+00
  .414148307E+00  .430918363E+00  .447709667E+00  .464311452E+00  .480467557E+00
  .495886375E+00  .510265554E+00  .523327943E+00  .534856767E+00  .544719291E+00
  .552876914E+00  .559383532E+00  .564372046E+00  .568027661E+00  .570552127E+00
  .281313598E+00  .276374476E+00  .269793186E+00  .263670955E+00  .258362661E+00
  .253480170E+00  .248859550E+00  .244410278E+00  .240083413E+00  .235856629E+00
  .231724979E+00  .227694996E+00  .223780987E+00  .220002744E+00  .216384196E+00
  .212954243E+00  .209761962E+00  .206856145E+00  .204284443E+00  .202092787E+00
  .200324898E+00  .199021860E+00  .198221705E+00  .197959041E+00  .198264701E+00
  .199165442E+00  .200683773E+00  .202838110E+00  .205643919E+00  .209112385E+00
  .213249005E+00  .218051562E+00  .223515723E+00  .229649701E+00  .236455435E+00
  .243931497E+00  .252077553E+00  .260893820E+00  .270380434E+00  .280537981E+00
  .291367436E+00  .302869989E+00  .315046766E+00  .327898313E+00  .341423777E+00
  .355619634E+00  .370477781E+00  .385982701E+00  .402107289E+00  .418806746E+00
  .436009708E+00  .453605428E+00  .471425576E+00  .489219688E+00  .506627561E+00
  .523166968E+00  .538278626E+00  .551446776E+00  .562309999E+00  .570688418E+00
  .576583020E+00  .580172868E+00  .581809787E+00  .581971246E+00  .581131738E+00
  .266066415E+00  .260160939E+00  .255129726E+00  .250920327E+00  .247300948E+00
  .243993844E+00  .240831109E+00  .237739791E+00  .234697713E+00  .231707680E+00
  .228785202E+00  .225952671E+00  .223236449E+00  .220665379E+00  .218270048E+00
  .216082508E+00  .214139394E+00  .212484563E+00  .211159084E+00  .210201295E+00
  .209646646E+00  .209527455E+00  .209872655E+00  .210707521E+00  .212053361E+00
  .213927073E+00  .216340351E+00  .219298049E+00  .222812672E+00  .226893742E+00
  .231547257E+00  .236776813E+00  .242585526E+00  .248978027E+00  .255959287E+00
  .263534781E+00  .271711208E+00  .280496799E+00  .289901468E+00  .299937010E+00
  .310617237E+00  .321958061E+00  .333977549E+00  .346695881E+00  .360135195E+00
  .374319169E+00  .389272206E+00  .405017898E+00  .421576316E+00  .438959350E+00
  .457162870E+00  .476153562E+00  .495846358E+00  .516062756E+00  .536441392E+00
  .556228154E+00  .574022498E+00  .588455850E+00  .599195813E+00  .605968968E+00
  .608865624E+00  .608189775E+00  .604471851E+00  .599242634E+00  .593730561E+00
  .246178471E+00  .238694017E+00  .236238232E+00  .235770459E+00  .235014587E+00
  .233813355E+00  .232316918E+00  .230642181E+00  .228871254E+00  .227067403E+00
  .225283760E+00  .223567421E+00  .221961455E+00  .220506037E+00  .219239203E+00
  .218197491E+00  .217416626E+00  .216931579E+00  .216775197E+00  .216977503E+00
  .217565285E+00  .218561861E+00  .219986950E+00  .221856630E+00  .224183395E+00
  .226976314E+00  .230241398E+00  .233982394E+00  .238202711E+00  .242905153E+00
  .248092087E+00  .253766044E+00  .259930566E+00  .266590967E+00  .273754703E+00
  .281431699E+00  .289634697E+00  .298379516E+00  .307685278E+00  .317574623E+00
  .328073973E+00  .339213878E+00  .351029481E+00  .363561154E+00  .376855315E+00
  .390965448E+00  .405953297E+00  .421890138E+00  .438857958E+00  .456950128E+00
  .476270956E+00  .496933303E+00  .519053953E+00  .542750512E+00  .568179241E+00
  .595991493E+00  .627446149E+00  .636871841E+00  .651717629E+00  .654799300E+00
  .652370182E+00  .651052079E+00  .630608798E+00  .616228330E+00  .605003589E+00
  .229148915E+00  .219846803E+00  .220486806E+00  .223079397E+00  .224186614E+00
  .224458528E+00  .224233346E+00  .223699173E+00  .222984576E+00  .222187251E+00
  .221385713E+00  .220645350E+00  .220022034E+00  .219564447E+00  .219315633E+00
  .219314030E+00  .219594110E+00  .220186616E+00  .221118441E+00  .222412446E+00
  .224087331E+00  .226157599E+00  .228633625E+00  .231521861E+00  .234825166E+00
  .238543302E+00  .242673603E+00  .247211833E+00  .252153202E+00  .257493192E+00
  .263228384E+00  .269357313E+00  .275881304E+00  .282805207E+00  .290137933E+00
  .297892834E+00  .306087946E+00  .314746123E+00  .323895126E+00  .333567738E+00
  .343802001E+00  .354641663E+00  .366136943E+00  .378345727E+00  .391335334E+00
  .405185015E+00  .419989410E+00  .435863237E+00  .452947567E+00  .471418024E+00
  .491495095E+00  .513456018E+00  .537646459E+00  .564496315E+00  .594613608E+00
  .628343421E+00  .651537253E+00  .667478062E+00  .679519705E+00  .678315451E+00
  .677118636E+00  .660467715E+00  .640574356E+00  .623559730E+00  .609638983E+00
  .224716278E+00  .216629687E+00  .214205081E+00  .214837422E+00  .215918853E+00
  .216703080E+00  .217131409E+00  .217292201E+00  .217292462E+00  .217229871E+00
  .217188211E+00  .217238372E+00  .217440460E+00  .217845779E+00  .218498356E+00
  .219435959E+00  .220690685E+00  .222289207E+00  .224252817E+00  .226597389E+00
  .229333382E+00  .232465944E+00  .235995150E+00  .239916405E+00  .244221005E+00
  .248896884E+00  .253929536E+00  .259303116E+00  .265001683E+00  .271010510E+00
  .277317426E+00  .283914115E+00  .290797286E+00  .297969621E+00  .305440412E+00
  .313225887E+00  .321349217E+00  .329840315E+00  .338735502E+00  .348077216E+00
  .357913881E+00  .368300110E+00  .379297390E+00  .390975399E+00  .403414167E+00
  .416707338E+00  .430966941E+00  .446330289E+00  .462969963E+00  .481108420E+00
  .501039590E+00  .523161130E+00  .548022943E+00  .576386744E+00  .608818956E+00
  .638872953E+00  .658570165E+00  .674929040E+00  .680494243E+00  .680715613E+00
  .672238039E+00  .653657880E+00  .635044994E+00  .619087707E+00  .605562854E+00
  .212037028E+00  .201176417E+00  .203815622E+00  .207600169E+00  .209353459E+00
  .210363896E+00  .210999657E+00  .211435551E+00  .211793491E+00  .212170602E+00
  .212646668E+00  .213288041E+00  .214150632E+00  .215282126E+00  .216723351E+00
  .218508921E+00  .220667328E+00  .223220717E+00  .226184564E+00  .229567412E+00
  .233370777E+00  .237589278E+00  .242210999E+00  .247218057E+00  .252587383E+00
  .258291689E+00  .264300674E+00  .270582471E+00  .277105365E+00  .283839745E+00
  .290760199E+00  .297847595E+00  .305090941E+00  .312488811E+00  .320050173E+00
  .327794532E+00  .335751437E+00  .343959499E+00  .352465128E+00  .361321284E+00
  .370586465E+00  .380324167E+00  .390602958E+00  .401497309E+00  .413089308E+00
  .425471431E+00  .438750671E+00  .453054555E+00  .468539973E+00  .485406522E+00
  .503917585E+00  .524435128E+00  .547474991E+00  .573719466E+00  .602812590E+00
  .627487580E+00  .644125108E+00  .657171037E+00  .660648837E+00  .659533592E+00
  .649233659E+00  .633121379E+00  .618424293E+00  .605489861E+00  .594077038E+00
  .216913160E+00  .208222879E+00  .204768842E+00  .204437893E+00  .204869689E+00
  .205268832E+00  .205566431E+00  .205853979E+00  .206230457E+00  .206775097E+00
  .207549201E+00  .208602383E+00  .209977438E+00  .211712944E+00  .213843944E+00
  .216401322E+00  .219410491E+00  .222889909E+00  .226849786E+00  .231291219E+00
  .236205866E+00  .241576112E+00  .247375642E+00  .253570280E+00  .260118969E+00
  .266974898E+00  .274086834E+00  .281400849E+00  .288862600E+00  .296420238E+00
  .304027848E+00  .311649084E+00  .319260525E+00  .326854205E+00  .334438883E+00
  .342039843E+00  .349697297E+00  .357463729E+00  .365400715E+00  .373575781E+00
  .382059777E+00  .390925071E+00  .400244650E+00  .410092109E+00  .420542400E+00
  .431673232E+00  .443566975E+00  .456313002E+00  .470010313E+00  .484770221E+00
  .500718570E+00  .517996410E+00  .536757671E+00  .557149433E+00  .578457225E+00
  .596392163E+00  .609892348E+00  .618786924E+00  .622681261E+00  .621220901E+00
  .614146013E+00  .604573658E+00  .595136957E+00  .586095289E+00  .577573934E+00
  .206568298E+00  .194387451E+00  .198529916E+00  .201214738E+00  .201202756E+00
  .200661204E+00  .200169923E+00  .199948899E+00  .200083635E+00  .200605706E+00
  .201529681E+00  .202869960E+00  .204647220E+00  .206889083E+00  .209627494E+00
  .212894506E+00  .216717703E+00  .221116128E+00  .226097253E+00  .231655236E+00
  .237770512E+00  .244410479E+00  .251530893E+00  .259077419E+00  .266986941E+00
  .275188481E+00  .283603989E+00  .292149601E+00  .300738118E+00  .309283222E+00
  .317705495E+00  .325939506E+00  .333940730E+00  .341690822E+00  .349200092E+00
  .356506599E+00  .363672031E+00  .370775283E+00  .377905123E+00  .385153398E+00
  .392609795E+00  .400358523E+00  .408476736E+00  .417034193E+00  .426093586E+00
  .435710985E+00  .445935871E+00  .456810134E+00  .468365123E+00  .480615125E+00
  .493544156E+00  .507079673E+00  .521040331E+00  .535040523E+00  .548388538E+00
  .560188277E+00  .569675689E+00  .576373843E+00  .580055523E+00  .580744937E+00
  .578805391E+00  .574952779E+00  .569969140E+00  .564424380E+00  .558670236E+00
  .223394950E+00  .213833743E+00  .207020120E+00  .202133229E+00  .198308948E+00
  .195453120E+00  .193623653E+00  .192716955E+00  .192576581E+00  .193078114E+00
  .194141221E+00  .195728210E+00  .197839086E+00  .200502516E+00  .203764091E+00
  .207674123E+00  .212276874E+00  .217602228E+00  .223660159E+00  .230438146E+00
  .237901505E+00  .245996294E+00  .254653663E+00  .263793925E+00  .273328754E+00
  .283160871E+00  .293181873E+00  .303270004E+00  .313290439E+00  .323100555E+00
  .332561233E+00  .341552578E+00  .349990128E+00  .357837287E+00  .365110999E+00
  .371879361E+00  .378251334E+00  .384360830E+00  .390349395E+00  .396351941E+00
  .402487918E+00  .408857694E+00  .415542447E+00  .422605726E+00  .430095283E+00
  .438044303E+00  .446471453E+00  .455379286E+00  .464750409E+00  .474540659E+00
  .484668343E+00  .494998993E+00  .505327177E+00  .515363031E+00  .524740133E+00
  .533059741E+00  .539960013E+00  .545176491E+00  .548576882E+00  .550176555E+00
  .550136347E+00  .548730275E+00  .546281887E+00  .543098825E+00  .539435827E+00
  .230135114E+00  .219801422E+00  .209861963E+00  .200295955E+00  .191554483E+00
  .186009401E+00  .183691419E+00  .182794599E+00  .182878715E+00  .183692225E+00
  .185063312E+00  .186922983E+00  .189288119E+00  .192235392E+00  .195870613E+00
  .200301367E+00  .205617366E+00  .211877531E+00  .219101984E+00  .227268393E+00
  .236313836E+00  .246144067E+00  .256648287E+00  .267712550E+00  .279225282E+00
  .291072942E+00  .303127880E+00  .315232660E+00  .327187603E+00  .338751527E+00
  .349664688E+00  .359690832E+00  .368660487E+00  .376500204E+00  .383245185E+00
  .389035413E+00  .394091563E+00  .398671315E+00  .403022330E+00  .407351907E+00
  .411818002E+00  .416533581E+00  .421575401E+00  .426992307E+00  .432811315E+00
  .439041264E+00  .445674293E+00  .452685419E+00  .460030435E+00  .467642360E+00
  .475426877E+00  .483257764E+00  .490974302E+00  .498383733E+00  .505271884E+00
  .511422765E+00  .516643669E+00  .520789363E+00  .523779691E+00  .525607496E+00
  .526335520E+00  .526082359E+00  .525000575E+00  .523253282E+00  .520995522E+00
  .234441851E+00  .222935651E+00  .210554868E+00  .196779189E+00  .181386345E+00
  .172365660E+00  .169393592E+00  .169311101E+00  .170811018E+00  .172577105E+00
  .174511369E+00  .176582113E+00  .178922286E+00  .181785441E+00  .185440576E+00
  .190116404E+00  .195988868E+00  .203170398E+00  .211702334E+00  .221547838E+00
  .232578596E+00  .244594422E+00  .257384759E+00  .270780958E+00  .284668084E+00
  .298965107E+00  .313588045E+00  .328400079E+00  .343148340E+00  .357408717E+00
  .370618521E+00  .382249671E+00  .391954228E+00  .399585385E+00  .405209626E+00
  .409121928E+00  .411841058E+00  .413951814E+00  .415915143E+00  .418022965E+00
  .420440289E+00  .423253362E+00  .426501845E+00  .430197180E+00  .434332251E+00
  .438885990E+00  .443825074E+00  .449103933E+00  .454663777E+00  .460431185E+00
  .466316801E+00  .472214856E+00  .478004373E+00  .483552956E+00  .488723655E+00
  .493384598E+00  .497420071E+00  .500741027E+00  .503292945E+00  .505059548E+00
  .506061695E+00  .506351767E+00  .506004873E+00  .505108844E+00  .503755011E+00
  .239376996E+00  .227584083E+00  .214440147E+00  .199255898E+00  .180913784E+00
  .167789119E+00  .158550284E+00  .156760667E+00  .157619569E+00  .161107562E+00
  .163962294E+00  .165625768E+00  .166891979E+00  .168701149E+00  .171644251E+00
  .175996565E+00  .182106832E+00  .190158810E+00  .200172289E+00  .212251258E+00
  .226151025E+00  .241220761E+00  .256930092E+00  .273050078E+00  .289560205E+00
  .306547048E+00  .324138800E+00  .342448017E+00  .361461355E+00  .380671943E+00
  .398237398E+00  .412465453E+00  .423407809E+00  .430389784E+00  .433896577E+00
  .433675704E+00  .431606674E+00  .429595700E+00  .428225334E+00  .427608347E+00
  .427730588E+00  .428543089E+00  .429989406E+00  .432013165E+00  .434558870E+00
  .437570514E+00  .440989714E+00  .444753933E+00  .448794990E+00  .453038001E+00
  .457400904E+00  .461794816E+00  .466125475E+00  .470295948E+00  .474210613E+00
  .477780088E+00  .480926549E+00  .483588607E+00  .485724957E+00  .487316173E+00
  .488364373E+00  .488890858E+00  .488932226E+00  .488535680E+00  .487754281E+00
  .246180715E+00  .235381128E+00  .223505789E+00  .210333178E+00  .195996891E+00
  .181165250E+00  .163732726E+00  .157951599E+00  .152660272E+00  .156657333E+00
  .158315272E+00  .156521010E+00  .152306626E+00  .151043828E+00  .153775473E+00
  .155576964E+00  .161408523E+00  .171559898E+00  .181323696E+00  .196613534E+00
  .217057502E+00  .237103339E+00  .256341013E+00  .275121926E+00  .293876867E+00
  .313052005E+00  .333133733E+00  .354710695E+00  .378601088E+00  .406302266E+00
  .436207527E+00  .447243658E+00  .467246764E+00  .465764572E+00  .474263978E+00
  .460001168E+00  .449482000E+00  .442474806E+00  .437700648E+00  .434533272E+00
  .432596368E+00  .431646959E+00  .431518885E+00  .432090258E+00  .433264030E+00
  .434956519E+00  .437090729E+00  .439592438E+00  .442387905E+00  .445402591E+00
  .448560640E+00  .451785083E+00  .454998720E+00  .458125692E+00  .461093635E+00
  .463836212E+00  .466295736E+00  .468425537E+00  .470191707E+00  .471573982E+00
  .472565622E+00  .473172323E+00  .473410347E+00  .473304146E+00  .472883817E+00
  .254650837E+00  .245799055E+00  .236111527E+00  .225477788E+00  .213981569E+00
  .201877441E+00  .189717406E+00  .177787557E+00  .162238951E+00  .167110636E+00
  .164642672E+00  .157772501E+00  .144507982E+00  .139102383E+00  .145554294E+00
  .141373808E+00  .146562414E+00  .161717621E+00  .166071259E+00  .184385625E+00
  .213651744E+00  .237490279E+00  .258631827E+00  .278484707E+00  .297936609E+00
  .317671672E+00  .338340713E+00  .360690419E+00  .385703324E+00  .414672720E+00
  .443218812E+00  .457795676E+00  .474561308E+00  .476517339E+00  .480774609E+00
  .468533448E+00  .456373064E+00  .447754743E+00  .441587903E+00  .437146400E+00
  .433995999E+00  .431875458E+00  .430616007E+00  .430094514E+00  .430209825E+00
  .430872185E+00  .431998660E+00  .433510956E+00  .435334138E+00  .437395828E+00
  .439625777E+00  .441955832E+00  .444320307E+00  .446656730E+00  .448906896E+00
  .451018117E+00  .452944491E+00  .454648045E+00  .456099566E+00  .457279017E+00
  .458175449E+00  .458786439E+00  .459117099E+00  .459178798E+00  .458987720E+00
  .846495686E+00  .856674868E+00  .863188470E+00  .871085640E+00  .879562831E+00
  .888211362E+00  .898509150E+00  .907033987E+00  .916651376E+00  .926289249E+00
  .936208824E+00  .946730127E+00  .957433480E+00  .968431549E+00  .979886926E+00
  .991717344E+00  .100392928E+01  .101650368E+01  .102951286E+01  .104300570E+01
  .105699288E+01  .107134867E+01  .108630674E+01  .110178305E+01  .111780512E+01
  .113442908E+01  .115164600E+01  .116958865E+01  .118818765E+01  .120752882E+01
  .122764579E+01  .124861865E+01  .127046406E+01  .129326498E+01  .131707157E+01
  .134194836E+01  .136799607E+01  .139527745E+01  .142393487E+01  .145401109E+01
  .148564342E+01  .151902491E+01  .155421455E+01  .159154878E+01  .163096804E+01
  .167296792E+01  .171762747E+01  .176540798E+01  .181652176E+01  .187152150E+01
  .193090439E+01  .199527689E+01  .206543317E+01  .214239216E+01  .222742838E+01
  .232222160E+01  .242865324E+01  .255055028E+01  .269168568E+01  .285862736E+01
  .306391342E+01  .332689102E+01  .369393823E+01  .429866801E+01  .817237031E+01
   90   89
  .109899556E+01 -.500000000E-01  .109943435E+01  .500000000E-01  .110217369E+01
  .150000000E+00  .110562500E+01  .230489917E+00  .110930345E+01  .300000000E+00
  .111646075E+01  .400000000E+00  .112634018E+01  .500000000E+00  .113231025E+01
  .550000000E+00  .114601341E+01  .650000000E+00  .115875000E+01  .729261312E+00
  .117225038E+01  .800000000E+00  .118531250E+01  .862207695E+00  .120972719E+01
  .950000000E+00  .123122139E+01  .100000000E+01  .126500000E+01  .103871243E+01
  .131812500E+01  .104912385E+01  .137125000E+01  .104438983E+01  .142437500E+01
  .103363621E+01  .147750000E+01  .101905776E+01  .153062500E+01  .100121011E+01
  .155718750E+01  .992037448E+00  .161031250E+01  .971270598E+00  .165583375E+01
  .950000000E+00  .169000000E+01  .933807355E+00  .174312500E+01  .903983258E+00
  .176968750E+01  .888010857E+00  .182281250E+01  .851825849E+00  .184937500E+01
  .832564440E+00  .188922108E+01  .800000000E+00  .192906250E+01  .765557354E+00
  .195562500E+01  .740187947E+00  .199425044E+01  .700000000E+00  .203531250E+01
  .652928890E+00  .206187500E+01  .619126628E+00  .208843750E+01  .581824680E+00
  .211500000E+01  .540464849E+00  .214156250E+01  .494298804E+00  .216812500E+01
  .442504974E+00  .219468750E+01  .384302035E+00  .222125000E+01  .318872802E+00
  .224600931E+01  .250000000E+00  .226155803E+01  .200000000E+00  .227450346E+01
  .150000000E+00  .229104335E+01  .500000000E-01  .229223944E+01 -.500000000E-01
  .227806999E+01 -.150000000E+00  .226617941E+01 -.200000000E+00  .224781250E+01
 -.261906885E+00  .222125000E+01 -.338491887E+00  .219694528E+01 -.400000000E+00
  .217488595E+01 -.450000000E+00  .215032469E+01 -.500000000E+00  .212262635E+01
 -.550000000E+00  .209112001E+01 -.600000000E+00  .206187500E+01 -.641254730E+00
  .203531250E+01 -.675241724E+00  .200875000E+01 -.706271000E+00  .196748523E+01
 -.750000000E+00  .192906250E+01 -.787475179E+00  .190250000E+01 -.811143380E+00
  .185430669E+01 -.850000000E+00  .182281250E+01 -.874036392E+00  .178351295E+01
 -.900000000E+00  .174312500E+01 -.925694288E+00  .169772523E+01 -.950000000E+00
  .166343750E+01 -.967899345E+00  .161031250E+01 -.991565121E+00  .158375000E+01
 -.100216339E+01  .153062500E+01 -.102273928E+01  .147750000E+01 -.104048138E+01
  .144485763E+01 -.105000000E+01  .139781250E+01 -.106488344E+01  .134468750E+01
 -.107981699E+01  .129156250E+01 -.109276694E+01  .124588051E+01 -.110256481E+01
  .122676101E+01 -.110709357E+01  .121593031E+01 -.105000000E+01  .120591859E+01
 -.100000000E+01  .118786536E+01 -.900000000E+00  .117940826E+01 -.850000000E+00
  .116349034E+01 -.750000000E+00  .115609429E+01 -.700000000E+00  .114231481E+01
 -.600000000E+00  .113218750E+01 -.520271166E+00  .112400104E+01 -.450000000E+00
  .111394244E+01 -.350000000E+00  .110641167E+01 -.250000000E+00  .110356026E+01
 -.200000000E+00  .109982053E+01 -.100000000E+00  .109899556E+01 -.500000000E-01
  .101600000E+01  .000000000E+00  .101600000E+01  .964000000E+00  .101800000E+01
  .968000000E+00  .101800000E+01  .100100000E+01  .101800000E+01  .101900000E+01
  .101800000E+01  .107700000E+01  .101800000E+01  .107000000E+01  .101800000E+01
  .109600000E+01  .101800000E+01  .111300000E+01  .101800000E+01  .113800000E+01
  .101600000E+01  .114700000E+01  .101200000E+01  .116500000E+01  .100100000E+01
  .121700000E+01  .102900000E+01  .121700000E+01  .104200000E+01  .116240000E+01
  .104600000E+01  .116238000E+01  .105600000E+01  .116260000E+01  .109700000E+01
  .116450000E+01  .110800000E+01  .116594000E+01  .111600000E+01  .116591000E+01
  .113400000E+01  .116896000E+01  .114800000E+01  .117175000E+01  .116200000E+01
  .117556000E+01  .118100000E+01  .118300000E+01  .118200000E+01  .118350000E+01
  .118500000E+01  .118500000E+01  .119000000E+01  .118800000E+01  .119500000E+01
  .119100000E+01  .120100000E+01  .119600000E+01  .120900000E+01  .120200000E+01
  .121500000E+01  .120800000E+01  .122200000E+01  .121400000E+01  .122800000E+01
  .122100000E+01  .123400000E+01  .123100000E+01  .123900000E+01  .123800000E+01
  .124200000E+01  .124400000E+01  .124800000E+01  .125400000E+01  .125800000E+01
  .127800000E+01  .126300000E+01  .129000000E+01  .128000000E+01  .133100000E+01
  .128000000E+01  .134700000E+01  .128000000E+01  .134800000E+01  .131000000E+01
  .134800000E+01  .132800000E+01  .134800000E+01  .136100000E+01  .134800000E+01
  .138000000E+01  .134800000E+01  .141900000E+01  .134800000E+01  .141900000E+01
  .131000000E+01  .137200000E+01  .131000000E+01  .137200000E+01  .129200000E+01
  .160800000E+01  .109500000E+01  .164700000E+01  .107700000E+01  .178500000E+01
  .107700000E+01  .207000000E+01  .104000000E+01  .212800000E+01  .993000000E+00
  .224500000E+01  .709000000E+00  .232300000E+01  .519000000E+00  .237700000E+01
  .389000000E+00  .235200000E+01  .400000000E+00  .235100000E+01  .337000000E+00
  .235100000E+01  .205000000E+00  .235400000E+01  .680000000E-01  .235400000E+01
  .000000000E+00  .235400000E+01 -.680000000E-01  .235300000E+01 -.205000000E+00
  .235100000E+01 -.337000000E+00  .235300000E+01 -.400000000E+00  .237700000E+01
 -.389000000E+00  .213400000E+01 -.973000000E+00  .178600000E+01 -.117400000E+01
  .176800000E+01 -.121100000E+01  .176800000E+01 -.125400000E+01  .168200000E+01
 -.125400000E+01  .167400000E+01 -.126200000E+01  .167400000E+01 -.132900000E+01
  .168100000E+01 -.133900000E+01  .175400000E+01 -.133900000E+01  .175400000E+01
 -.136800000E+01  .168900000E+01 -.136800000E+01  .168900000E+01 -.136600000E+01
  .155500000E+01 -.136600000E+01  .141200000E+01 -.136600000E+01  .127300000E+01
 -.136600000E+01  .115300000E+01 -.136600000E+01  .101600000E+01 -.122900000E+01
  .101600000E+01 -.800000000E+00  .101600000E+01 -.415000000E+00  .101600000E+01
 -.400000000E+00  .101600000E+01  .000000000E+00
    0  .170000000E+01    0
  .000000000E+00  .918218395E-01  .130404588E+00  .160183488E+00  .185434015E+00
  .207879111E+00  .227026073E+00  .246082560E+00  .263948170E+00  .280925759E+00
  .296962768E+00  .312458412E+00  .327369045E+00  .341717758E+00  .355733032E+00
  .369329462E+00  .382610016E+00  .395611528E+00  .408339056E+00  .420849742E+00
  .433168092E+00  .445299798E+00  .457240931E+00  .469081174E+00  .480791707E+00
  .492359903E+00  .503853068E+00  .515256919E+00  .526591049E+00  .537855546E+00
  .549065289E+00  .560254542E+00  .571390116E+00  .582513729E+00  .593629117E+00
  .604730203E+00  .615857301E+00  .626978645E+00  .638142662E+00  .649330582E+00
  .660558976E+00  .671861121E+00  .683201837E+00  .694651420E+00  .706152002E+00
  .717777784E+00  .729499423E+00  .741360351E+00  .753353482E+00  .765508003E+00
  .777844541E+00  .790374489E+00  .803128853E+00  .816135266E+00  .829428166E+00
  .843051731E+00  .857014914E+00  .871453127E+00  .886377967E+00  .901881083E+00
  .918169492E+00  .935396229E+00  .953956340E+00  .974533382E+00  .100000000E+01
    0
 $OUT1
 ISHOT	= 101363
 ITIME	= 3500
 BETAP0	= .5
 RZERO	= 1.6955
 QENP	= .0
 ENP	= 1.0
 EMP	= 1.0
 PLASMA	= 1728402.861162535
 EXPMP2	= .7738821373775764 .7689096844813139 .5415793172769547
 .2450994603681409 -1.294803909539857E-02 -.101943778803819
 -.130897206416965 .1341675502226142 .2218729631064781
 .2663337828602559 .344111299857322 .3333661257962617 .4414369079862526
 .4119440725576479 .3562053293148058 .7484834517475285
 .5811310591964329 .2689637220617632 -1.743593827374312E-02
 -.133636533215137 -.121035316350435 6.990927068345108E-02
 .2564604457642097 .1708305626884295 .3025750091717251
 .3448663288863236 .3427702334723394 .4484563285033843
 .4084809570914024 -.1480864145397 -1.148129079759537E-02
 .1850260847472803 .2250109308616411 .2128075082049277
 .2794983828340318 .3439236894480232 .3348539965294912
 .4433073604765664 .4114548858484314 .3552588296044812 .410694003580421
 .4469311026639908 .3443832050833273 .3457966205353446
 .2983325374454719 .171250902158464 .2523649180273339
 8.429725681703099E-02 -.116904578230968 -.130515860274285
 -1.843589063546747E-02 .2735502042579091 .5854346568605717
 .7484584498580977 .7744911849266234 .767829661967378 .5388269610928593
 .2598898331912876 -1.709642570126632E-02 -.111167706533225
 .1906310108308399 .2064095493234752 .1879668234998579 .167221388498094
 -7.158879523454152E-02 -2.188290451703338E-02 -.168933306858648
 -.203948960330612 -.118462180356123 -9.730429139189264E-02
 .1471666789106845 5.013822120966130E-02 -2.121849918799465E-02
 COILS	= -.378910966006653 -.343565213143889 -.288667623951357
 -.207727633986507 -.170164531899602 -.536232949799958
 -.556274642386959 -.158682441598553 -.435831996159739 -.3747309747558
 -.35594470512255 -.292348557773289 -.203685745527386 -.160435240268151
 -.53052152801873 -.54956735508242 -.162104205838653 -.430781292493236
 -.353759869737803 -.342320446917775 -.305668571074279
 -.242037205774204 -.199548074477795 -.173011365494903
 -.402315907983648 -.5352737688321 -.500462706091372 -.591508416972171
 -.504194736547198 -.346263497303759 -.314008274316532 -.24257797352581
 -.193933331686789 -.169958419050527 -.416216392903546
 -.528679603570857 -.488207265804135 -.584806679953231 -.49482331571834
 -.237613703924039 -.343587456321243
 BTOR	= -2.0025918313182
 RCENTR	= 1.6955
 BRSP	= -257397.322650371 -142120.403892133 -29819.0718209201
 221029.195469452 201389.2967384032 -242625.694659201 -214643.837642307
 247310.1724037329 -209931.043565978 -223894.252121591
 -188135.510987156 -32473.3411616834 226402.0986158353 225831.868417954
 -240117.477524059 -214588.968932087 225171.6240380905
 -206613.628741753 179.9255018781375 -217.041630652534 5069.64901470206
 -6115.28574231169 -.512687448744906 .2289637891180813
 .4978950100694012 .1880657787553448 7.610697959440144E-02
 -.154849505030002 .6926459635769934 -8.121216669093632E-02
 .1482463624896422 .7110328599283521 .2761400891806581
 .1377011767063228 .6663743255041047 .3204774245339761
 .4796431288757788 -8.691180213976891E-02 .2029490848661271
 -.314907011320072 -4.007990294463863E-02 .5167833394286843
 1.69419443083492 -.371891561544001 .3839958244380027 -.166076888423218
 .3939892168127361 -.436298272372982 .4223660303315365
 .5676300761340101 .7499151765795222 -2.583162279727993E-02
 .3772363577137928 .1777423522175428 -.234675083038389
 .2534609893311249 1.30272434453132 -.34808628365054 .2787865713989067
 .5857951860937716 -.133414503218055 -.369449353395922
 .4788283910574729 6.376113574212318E-02 -.257881522194424
 .3997930619504096 .5586010544833343 .4068758087958275
 -.212346970824454 -.320005836837626 -6.215770195375705E-02
 -.307826543111989 -.324916310365534 1.26828131702787 -1.65200708427237
 -.495318310941416 -.533994391063177 .5731345485752507
 .2340501803770042 -.465837710113758 -.34816758174862 -.33489234246305
 -.208969118394207 .1700800932188915 .5114645557328789
 -.924199275780407 .6306386811684425 -.764087916929305
 .6240288053317835 -.858330563405768 .5710498592941592
 -1.01203826678775 -.858697588109146 .14643440353495 .3147177958208176
 -.565147159704289 .9162890174243428 .1755033323155198
 .1712666496591514 -.70446246139576 .0 .0 .0 .0 .0 .0 .0 .0 .0 .0 .0 .0
 .0 .0 .0 .0 .0 .0 .0 .0 .0 .0 .0 .0 .0 .0 .0 .0 .0 .0 .0 .0 .0 .0 .0
 .0 .0 .0 .0 .0 .0 .0 .0 .0 .0 .0 .0 .0 .0 .0 .0 .0 .0 .0 .0 .0 .0 .0
 .0 .0 .0 .0 .0 .0 .0 .0 .0 .0 .0 .0 .0 .0 .0 .0 .0 .0 .0 .0 .0 .0 .0
 .0 .0 .0 .0 .0 .0 .0 .0 .0 .0 .0 .0 .0 .0 .0 .0 .0 .0 .0 .0 .0 .0 .0
 .0 .0 .0 .0 .0 .0 .0 .0 .0 .0 .0 .0 .0 .0 .0 .0 .0 .0 .0 .0 .0 .0 .0
 .0 .0 .0 .0 .0 .0 .0 .0 .0 .0 .0 .0 .0 .0 .0 .0 .0 .0 .0 .0 .0 .0 .0
 .0 .0 .0 .0 .0 .0 .0 .0 .0 .0 .0 .0 .0 .0 .0 .0 .0 .0 .0 .0 .0 .0 .0
 .0 .0 .0 .0 .0 .0 .0 .0 .0 .0 .0 .0 .0 .0 .0 .0 .0 .0 .0 .0 .0 .0 .0
 .0 .0 .0 .0 .0 .0 .0 .0 .0 .0 .0 .0 .0 .0 .0 .0 .0 .0 .0 .0 .0 .0 .0
 .0 .0 .0 .0 .0 .0 .0 .0 .0 .0 .0 .0 .0 .0 .0 .0 .0 .0 .0 .0 .0 .0 .0
 .0 .0 .0 .0 .0 .0 .0 .0 .0 .0 .0 .0 .0 .0 .0 .0 .0 .0 .0 .0 .0 .0 .0
 .0 .0 .0 .0 .0 .0 .0 .0 .0 .0 .0 .0 .0
 ICURRT	= 2
 RBDRY	= 1.09899555688208 1.09943435369709 1.1021736875196 1.105625
 1.10930345046552 1.11646074863502 1.12634017558284 1.13231025014579
 1.14601341036875 1.15875 1.17225037956496 1.1853125 1.20972718990189
 1.23122139355458 1.265 1.318125 1.37125 1.424375 1.4775 1.530625
 1.5571875 1.6103125 1.65583374618626 1.69 1.743125 1.7696875
 1.8228125 1.849375 1.8892210824115 1.9290625 1.955625
 1.99425044210767 2.0353125 2.061875 2.0884375 2.115 2.1415625
 2.168125 2.1946875 2.22125 2.24600930898586 2.26155802936123
 2.27450345569545 2.29104334544721 2.29223943534965 2.2780699916141
 2.26617941429189 2.2478125 2.22125 2.19694527822351 2.17488594626669
 2.15032469286541 2.12262634783082 2.09112001462372 2.061875 2.0353125
 2.00875 1.9674852318879 1.9290625 1.9025 1.8543066885022 1.8228125
 1.78351295487735 1.743125 1.69772523051535 1.6634375 1.6103125
 1.58375 1.530625 1.4775 1.44485762823691 1.3978125 1.3446875
 1.2915625 1.24588050714012 1.22676101428024 1.2159303121331
 1.20591858763714 1.18786536338163 1.17940825856516 1.1634903388997
 1.15609429359637 1.1423148092871 1.1321875 1.1240010423004
 1.11394243965156 1.10641167110877 1.10356025721959 1.0998205314514
 1.09899555688208 1.0980815856679 1.08756583345885 .0 .0 .0 .0 .0 .0 .0
 .0 .0 .0 .0 .0 .0 .0 .0 .0 .0 .0
 ZBDRY	= -5.000000000000004E-02 5.000000000000004E-02 .1499999999999999
 .2304899171899989 .3 .3999999999999999 .5 .5499999999999998
 .6499999999999999 .7292613117640363 .8000000000000003
 .8622076948155664 .9500000000000002 1.0 1.03871243324289
 1.04912385399302 1.04438983059074 1.03363621475913 1.01905776052987
 1.00121011083394 .992037447862725 .9712705979617069 .9500000000000002
 .9338073554054646 .9039832581915181 .88801085733925 .8518258491570122
 .8325644396109042 .8000000000000003 .765557353969361 .7401879469657457
 .7000000000000002 .6529288899396026 .6191266275250725
 .5818246800101545 .5404648492105825 .4942988044609629 .442504974461922
 .3843020348140774 .3188728019409337 .25 .2 .1499999999999999
 5.000000000000004E-02 -5.000000000000004E-02 -.15 -.2
 -.261906885146739 -.338491887378983 -.4 -.45 -.5 -.55 -.6
 -.641254729996048 -.675241724369884 -.706270999883582 -.75
 -.787475179051202 -.811143379984968 -.85 -.874036392312488 -.9
 -.925694287814884 -.95 -.967899345069993 -.991565121438358
 -1.00216338523985 -1.02273928225934 -1.04048138492492 -1.05
 -1.06488343803707 -1.07981698502466 -1.09276693647534 -1.1025648098501
 -1.10709356947224 -1.05 -1.0 -.9 -.85 -.75 -.7 -.6 -.520271165541026
 -.45 -.35 -.25 -.2 -.1 -5.000000000000004E-02 -5.000000000000004E-02
 -5.000000000000004E-02 .0 .0 .0 .0 .0 .0 .0 .0 .0 .0 .0 .0 .0 .0 .0 .0
 .0 .0
 NBDRY	= 90
 FWTSI	= 1000.0 556.7617022810795 366.5663139573729 195.4324414200197
 160.5478825717933 211.7928414448903 .0 151.5821345357472
 341.2338519634398 557.0870798589438 571.6699823223521
 378.7034584630582 189.0561218273368 157.2895875717981
 218.1881409893145 193.5343829413237 156.4004258004337
 341.2944906055373 559.6424575429538 559.1567144313166
 445.3000064662823 244.2774962162919 184.4486716365033
 163.1356213303132 339.3646831430486 215.9398483272809
 262.6970131948516 158.1848901762008 236.6506588246059
 559.4098403968453 514.916400821517 242.8161652234401 176.4095323430574
 158.5721413260622 310.4549593406261 225.9290018802149
 262.6970131948516 164.9199356803821 236.8354813549277
 234.8335465277308 365.3372386280312
 FWTCUR	= 1.920577863467560E-05
 MXITER	= 34
 NXITER	= 1
 LIMITR	= 88
 XLIM	= 1.016 1.016 1.018 1.018 1.018 1.018 1.018 1.018 1.018 1.018
 1.016 1.012 1.001 1.029 1.042 1.046 1.056 1.097 1.108 1.116 1.134
 1.148 1.162 1.181 1.182 1.185 1.19 1.195 1.201 1.209 1.215 1.222
 1.228 1.234 1.239 1.242 1.248 1.258 1.263 1.28 1.28 1.28 1.31 1.328
 1.361 1.38 1.419 1.419 1.372 1.372 1.608 1.647 1.785 2.07 2.128 2.245
 2.323 2.377 2.352 2.351 2.351 2.354 2.354 2.354 2.353 2.351 2.353
 2.377 2.134 1.786 1.768 1.768 1.682 1.674 1.674 1.681 1.754 1.754
 1.689 1.689 1.555 1.412 1.273 1.153 1.016 1.016 1.016 1.016 1.016 .0
 .0 .0 .0 .0 .0 .0 .0 .0 .0 .0 .0 .0 .0 .0 .0 .0 .0 .0 .0 .0 .0 .0 .0
 .0 .0 .0 .0 .0 .0 .0 .0 .0 .0 .0 .0 .0 .0 .0 .0 .0 .0 .0 .0 .0 .0 .0
 .0 .0 .0 .0 .0 .0 .0 .0 .0 .0 .0 .0 .0 .0 .0 .0 .0 .0 .0 .0 .0 .0 .0
 .0
 YLIM	= .0 .964 .968 1.001 1.019 1.077 1.07 1.096 1.113 1.138 1.147
 1.165 1.217 1.217 1.1624 1.16238 1.1626 1.1645 1.16594 1.16591
 1.16896 1.17175 1.17556 1.183 1.1835 1.185 1.188 1.191 1.196 1.202
 1.208 1.214 1.221 1.231 1.238 1.244 1.254 1.278 1.29 1.331 1.347
 1.348 1.348 1.348 1.348 1.348 1.348 1.31 1.31 1.292 1.095 1.077 1.077
 1.04 .993 .709 .519 .389 .4 .337 .205 6.800000000000000E-02 .0
 -6.800000000000000E-02 -.205 -.337 -.4 -.389 -.973 -1.174 -1.211
 -1.254 -1.254 -1.262 -1.329 -1.339 -1.339 -1.368 -1.368 -1.366 -1.366
 -1.366 -1.366 -1.366 -1.229 -.8 -.415 -.4 .0 .0 .0 .0 .0 .0 .0 .0 .0
 .0 .0 .0 .0 .0 .0 .0 .0 .0 .0 .0 .0 .0 .0 .0 .0 .0 .0 .0 .0 .0 .0 .0
 .0 .0 .0 .0 .0 .0 .0 .0 .0 .0 .0 .0 .0 .0 .0 .0 .0 .0 .0 .0 .0 .0 .0
 .0 .0 .0 .0 .0 .0 .0 .0 .0 .0 .0 .0 .0 .0 .0 .0 .0
 ERROR	= 1.000000000000000E-03
 ICONVR	= 2
 IBUNMN	= 3
 PRESSR	= .0 .0 .0 .0 .0 .0 .0 .0 .0 .0 .0 .0 .0 .0 .0 .0 .0 .0 .0 .0
 .0 .0 .0 .0 .0 .0 .0 .0 .0 .0 .0 .0 .0 .0 .0 .0 .0 .0 .0 .0 .0 .0 .0
 .0 .0 .0 .0 .0 .0 .0 .0 .0 .0 .0 .0 .0 .0 .0 .0 .0 .0 .0 .0 .0 .0 .0
 .0 .0 .0 .0 .0 .0 .0 .0 .0 .0 .0 .0 .0 .0 .0 .0 .0 .0 .0 .0 .0 .0 .0
 .0 .0 .0 .0 .0 .0 .0 .0 .0 .0 .0 .0 .0 .0 .0 .0 .0 .0 .0 .0 .0 .0 .0
 .0 .0 .0 .0 .0 .0 .0 .0 .0 .0 .0 .0 .0 .0 .0 .0 .0 .0 .0 .0
 RPRESS	= .0 .0 .0 .0 .0 .0 .0 .0 .0 .0 .0 .0 .0 .0 .0 .0 .0 .0 .0 .0
 .0 .0 .0 .0 .0 .0 .0 .0 .0 .0 .0 .0 .0 .0 .0 .0 .0 .0 .0 .0 .0 .0 .0
 .0 .0 .0 .0 .0 .0 .0 .0 .0 .0 .0 .0 .0 .0 .0 .0 .0 .0 .0 .0 .0 .0 .0
 .0 .0 .0 .0 .0 .0 .0 .0 .0 .0 .0 .0 .0 .0 .0 .0 .0 .0 .0 .0 .0 .0 .0
 .0 .0 .0 .0 .0 .0 .0 .0 .0 .0 .0 .0 .0 .0 .0 .0 .0 .0 .0 .0 .0 .0 .0
 .0 .0 .0 .0 .0 .0 .0 .0 .0 .0 .0 .0 .0 .0 .0 .0 .0 .0 .0 .0
 QPSI	= .846495685643045 .856674868384433 .8631884698473165
 .8710856404951801 .879562831447893 .8882113616935717 .8985091496378645
 .9070339874801684 .9166513760241761 .9262892488027499
 .9362088237326169 .9467301274015409 .9574334795363081
 .9684315492820648 .9798869264667125 .9917173441423801
 1.00392927744451 1.01650367653661 1.02951285573181 1.04300570401747
 1.0569928792195 1.07134867495411 1.08630674211611 1.10178305026193
 1.11780511895143 1.13442908434952 1.1516459958936 1.16958865413359
 1.18818765029385 1.20752882435563 1.22764578680822 1.2486186513098
 1.27046406325454 1.29326498259958 1.3170715681371 1.3419483604966
 1.36799607409112 1.39527744660697 1.42393486676162 1.45401109295048
 1.4856434196448 1.51902491083801 1.55421455173696 1.59154877705295
 1.63096804053566 1.67296792481748 1.71762747222139 1.76540798111336
 1.81652176382329 1.87152150046451 1.93090438879391 1.99527688568444
 2.06543317353119 2.14239215666285 2.22742838081129 2.32222159773455
 2.42865324267271 2.55055027971956 2.69168567989707 2.85862735800688
 3.06391341948293 3.32689101908225 3.69393822621363 4.29866800558929
 8.17237030514852
 PRESSW	= .0 .0 .0 .0 .0 .0 .0 .0 .0 .0 .0 .0 .0 .0 .0 .0 .0 .0 .0 .0
 .0 .0 .0 .0 .0 .0 .0 .0 .0 .0 .0 .0 .0 .0 .0 .0 .0 .0 .0 .0 .0 .0 .0
 .0 .0 .0 .0 .0 .0 .0 .0 .0 .0 .0 .0 .0 .0 .0 .0 .0 .0 .0 .0 .0 .0
 PRES	= 27188.30707412761 26284.52759268214 25397.85247485011
 24528.18982313473 23675.4477400392 22839.53432806673 22020.35768972052
 21217.8259275038 20431.84714391977 19662.32944147164 18909.18092266261
 18172.30968999589 17451.6238459747 16747.03149310225 16058.44073388173
 15385.75967081637 14728.89640640937 14087.75904316393
 13462.25568358327 12852.2944301706 12257.78338542913 11678.63065186206
 11114.74433197261 10566.03252826397 10032.40334323937
 9513.764879402012 9010.025239255101 8521.092525301849
 8046.874840045463 7587.280285989154 7142.216965636131
 6711.592981489602 6295.316436052775 5893.295431828861
 5505.438071321068 5131.652457032606 4771.846691466681
 4425.928877126506 4093.807116515287 3775.389512136234
 3470.584166492556 3179.299182087461 2901.44266142416 2636.92270700586
 2385.64742133577 2147.5249069171 1922.463266253059 1710.370601846856
 1511.155016201698 1324.724611820796 1150.987491207359
 989.8517568645946 841.2255112957125 705.0168570039216
 581.1338964924308 469.4847322644491 369.9774668231855
 282.5202026718488 207.0210423136481 143.3880882517923
 91.52944298949035 51.35320902995119 22.76748887638378
 5.68038503199706 .0
 NQPSI	= 65
 NPRESS	= 0
 SIGPRE	= .0 .0 .0 .0 .0 .0 .0 .0 .0 .0 .0 .0 .0 .0 .0 .0 .0 .0 .0 .0
 .0 .0 .0 .0 .0 .0 .0 .0 .0 .0 .0 .0 .0 .0 .0 .0 .0 .0 .0 .0 .0 .0 .0
 .0 .0 .0 .0 .0 .0 .0 .0 .0 .0 .0 .0 .0 .0 .0 .0 .0 .0 .0 .0 .0 .0 .0
 .0 .0 .0 .0 .0 .0 .0 .0 .0 .0 .0 .0 .0 .0 .0 .0 .0 .0 .0 .0 .0 .0 .0
 .0 .0 .0 .0 .0 .0 .0 .0 .0 .0 .0 .0 .0 .0 .0 .0 .0 .0 .0 .0 .0 .0 .0
 .0 .0 .0 .0 .0 .0 .0 .0 .0 .0 .0 .0 .0 .0 .0 .0 .0 .0 .0 .0
 $END
 $BASIS
 KPPFNC	= 0
 KPPKNT	= 2
 PPKNT	= .0 1.0 .0 .0 .0 .0 .0 .0 .0 .0 .0 .0 .0 .0 .0 .0 .0 .0 .0 .0
 .0 .0 .0 .0 .0 .0 .0 .0 .0 .0 .0 .0 .0 .0 .0 .0
 PPTENS	= 3.0
 KFFFNC	= 0
 KFFKNT	= 3
 FFKNT	= .0 .3 1.0 .0 .0 .0 .0 .0 .0 .0 .0 .0 .0 .0 .0 .0 .0 .0 .0 .0
 .0 .0 .0 .0 .0 .0 .0 .0 .0 .0 .0 .0 .0 .0 .0 .0
 FFTENS	= 3.0
 KWWFNC	= 0
 KWWKNT	= 0
 WWKNT	= .0 .0 .0 .0 .0 .0 .0 .0 .0 .0 .0 .0 .0 .0 .0 .0 .0 .0 .0 .0 .0
 .0 .0 .0 .0 .0 .0 .0 .0 .0 .0 .0 .0 .0 .0 .0
 WWTENS	= .0
 PPBDRY	= 135473.3190611856 -163419.580726614 .0 .0 .0 .0 .0 .0 .0 .0
 .0 .0 .0 .0 .0 .0 .0 .0 .0 .0 .0 .0 .0 .0 .0 .0 .0 .0 .0 .0 .0 .0 .0
 .0 .0 .0
 PP2BDRY	= .0 .0 .0 .0 .0 .0 .0 .0 .0 .0 .0 .0 .0 .0 .0 .0 .0 .0 .0 .0
 .0 .0 .0 .0 .0 .0 .0 .0 .0 .0 .0 .0 .0 .0 .0 .0
 KPPBDRY	= 0 0 0 0 0 0 0 0 0 0 0 0 0 0 0 0 0 0 0 0 0 0 0 0 0 0 0 0 0 0
 0 0 0 0 0 0
 KPP2BDRY	= 0 0 0 0 0 0 0 0 0 0 0 0 0 0 0 0 0 0 0 0 0 0 0 0 0 0 0 0 0 0
 0 0 0 0 0 0
 FFBDRY	= 4.7967690092022 -5.78612307204481 .0 .0 .0 .0 .0 .0 .0 .0 .0
 .0 .0 .0 .0 .0 .0 .0 .0 .0 .0 .0 .0 .0 .0 .0 .0 .0 .0 .0 .0 .0 .0 .0
 .0 .0
 FF2BDRY	= .0 .0 .0 .0 .0 .0 .0 .0 .0 .0 .0 .0 .0 .0 .0 .0 .0 .0 .0 .0
 .0 .0 .0 .0 .0 .0 .0 .0 .0 .0 .0 .0 .0 .0 .0 .0
 KFFBDRY	= 0 0 0 0 0 0 0 0 0 0 0 0 0 0 0 0 0 0 0 0 0 0 0 0 0 0 0 0 0 0
 0 0 0 0 0 0
 KFF2BDRY	= 0 0 0 0 0 0 0 0 0 0 0 0 0 0 0 0 0 0 0 0 0 0 0 0 0 0 0 0 0 0
 0 0 0 0 0 0
 WWBDRY	= -386.023490819693 172.3962647477314 .0 .0 .0 .0 .0 .0 .0 .0
 .0 .0 .0 .0 .0 .0 .0 .0 .0 .0 .0 .0 .0 .0 .0 .0 .0 .0 .0 .0 .0 .0 .0
 .0 .0 .0
 WW2BDRY	= .0 .0 .0 .0 .0 .0 .0 .0 .0 .0 .0 .0 .0 .0 .0 .0 .0 .0 .0 .0
 .0 .0 .0 .0 .0 .0 .0 .0 .0 .0 .0 .0 .0 .0 .0 .0
 KWWBDRY	= 0 0 0 0 0 0 0 0 0 0 0 0 0 0 0 0 0 0 0 0 0 0 0 0 0 0 0 0 0 0
 0 0 0 0 0 0
 KWW2BDRY	= 0 0 0 0 0 0 0 0 0 0 0 0 0 0 0 0 0 0 0 0 0 0 0 0 0 0 0 0 0 0
 0 0 0 0 0 0
 KEEFNC	= 0
 KEEKNT	= 2
 EEKNT	= .0 1.0 .0 .0 .0 .0 .0 .0 .0 .0 .0 .0 .0 .0 .0 .0 .0 .0
 EETENS	= 3.0
 EEBDRY	= .0 .0 .0 .0 .0 .0 .0 .0 .0 .0 .0 .0 .0 .0 .0 .0 .0 .0
 EE2BDRY	= .0 .0 .0 .0 .0 .0 .0 .0 .0 .0 .0 .0 .0 .0 .0 .0 .0 .0
 KEEBDRY	= 0 0 0 0 0 0 0 0 0 0 0 0 0 0 0 0 0 0
 KEE2BDRY	= 0 0 0 0 0 0 0 0 0 0 0 0 0 0 0 0 0 0
 $END
 $CHIOUT
 SAISIL	= 9.830920916508148E-02 .3906474914322788
 1.910747133390107E-02 3.338646925717555E-02 5.327017287756688E-02
 6.411128936732462E-03 .0 9.390384910272272E-03 2.360957657262159E-04
 .1840899355112673 5.605416281405463E-02 .1875843987546009
 2.150783001572193E-02 1.16627150677397 .10376001660643
 .1340553716504684 .3898435551391444 1.229245223548508E-02
 .2182924063103525 .3604728208482347 .3350947594283823
 3.183998120473212E-02 3.696147023938469E-02 9.447998015562763E-02
 4.500105808496079E-04 .1324378873864286 1.282809953876784E-03
 6.089707901318549E-02 6.408909038365376E-04 .1689869615403575
 6.129363087913646E-02 2.351487249734857E-02 .4175788291026434
 2.236859531685421E-02 8.088046129381923E-03 .1874084782661019
 1.657044002621350E-03 .3263437884038311 4.336075918128784E-04
 6.141190853854462E-03 .1331582638643999
 SAIMPI	= 5.603539411185189E-03 .0 .0 7.825645605350899E-03
 2.18010929533863 .0 .0 .0 .0 .1237601346372415 .0 .1003555758419107
 8.010866226742777E-02 .0 8.098746876669334E-02 .0 .1158761176472879 .0
 1.386933806383486E-04 .0 .562694654330531 .0 .0 .5191893893428143
 1.876448331553614E-05 .1535124238107737 1.516492431866564E-02
 .1102274508416659 1.798178803826101E-02 1.1199853312514
 .1648141060572644 .1699367078504853 .4698490119477833
 1.017859866110080E-02 .1213620788219137 .2220183670678061
 2.761027921515973E-05 .1411879291966155 7.199638434686299E-02
 .2022095591143107 8.313982075727441E-02 9.523526567675387E-02
 .1409828683322905 2.250240813047292E-03 7.765187884938719E-02
 .1276697789577915 1.12945659169945 3.143745050213
 8.986655420959591E-02 .103808814574834 1.145020785100844E-02
 2.826636004791573E-04 .1363175287379833 5.236649034297729E-02
 4.805617233626776E-02 1.241104099502156E-02 4.842867743756725E-02
 1.304997745424238E-02 1.30075403485174 2.624635908996548E-02
 .3690907664423886 .4739133803617548 .7655658516361264
 .3149636884391945 1.67669136874101 .0 .9594101382907602
 1.001873416073562E-02 1.643312576984707E-02 .4053099608288233
 .4612026062220247 4.264648300335721E-02 .0
 SAIPR	= .0
 SAIIP	= 1.904692303654028E-02
 $END
  000570  14-Mar-2000 12:42:10 101363.03500 MAG
