   EFIT?   05/12/98      #102940  1071             3  65  65
  1.70000005e+00  3.20000005e+00  1.69550002e+00  8.39999974e-01  0.00000000e+00
  1.76901746e+00  1.78363621e-02 -2.78599322e-01 -3.32939439e-02 -1.99598479e+00
  1.44267012e+06 -2.78599322e-01  0.00000000e+00  1.76901746e+00  0.00000000e+00
  1.78363621e-02  0.00000000e+00 -3.32939439e-02  0.00000000e+00  0.00000000e+00
 -3.42574024e+00 -3.43215728e+00 -3.43753791e+00 -3.44197893e+00 -3.44556808e+00
 -3.44838500e+00 -3.45050240e+00 -3.45198607e+00 -3.45289660e+00 -3.45328903e+00
 -3.45321488e+00 -3.45272064e+00 -3.45185018e+00 -3.45064378e+00 -3.44913960e+00
 -3.44737315e+00 -3.44537830e+00 -3.44318724e+00 -3.44083047e+00 -3.43833852e+00
 -3.43573976e+00 -3.43306231e+00 -3.43033123e+00 -3.42756987e+00 -3.42479873e+00
 -3.42203712e+00 -3.41930223e+00 -3.41660905e+00 -3.41397190e+00 -3.41140294e+00
 -3.40891361e+00 -3.40651345e+00 -3.40421152e+00 -3.40201521e+00 -3.39993119e+00
 -3.39796519e+00 -3.39612198e+00 -3.39440513e+00 -3.39281726e+00 -3.39136100e+00
 -3.39003730e+00 -3.38884640e+00 -3.38778782e+00 -3.38686037e+00 -3.38606167e+00
 -3.38538885e+00 -3.38483787e+00 -3.38440371e+00 -3.38408065e+00 -3.38386154e+00
 -3.38373852e+00 -3.38370228e+00 -3.38374257e+00 -3.38384748e+00 -3.38400388e+00
 -3.38419676e+00 -3.38440990e+00 -3.38462520e+00 -3.38482237e+00 -3.38497877e+00
 -3.38507009e+00 -3.38506866e+00 -3.38494468e+00 -3.38466454e+00 -3.38419223e+00
  6.70919375e+04  5.98293789e+04  5.33513594e+04  4.76004258e+04  4.25219570e+04
  3.80640273e+04  3.41773008e+04  3.08149082e+04  2.79323652e+04  2.54874570e+04
  2.34401582e+04  2.17525332e+04  2.03886641e+04  1.93145605e+04  1.84980938e+04
  1.79089258e+04  1.75184355e+04  1.72996602e+04  1.72272383e+04  1.72773535e+04
  1.74276777e+04  1.76573242e+04  1.79468047e+04  1.82779824e+04  1.86340332e+04
  1.89994141e+04  1.93598203e+04  1.97021582e+04  2.00145156e+04  2.02861406e+04
  2.05074082e+04  2.06698066e+04  2.07659160e+04  2.07893965e+04  2.07349629e+04
  2.05983887e+04  2.03764824e+04  2.00670879e+04  1.96690840e+04  1.91823691e+04
  1.86078711e+04  1.79475508e+04  1.72043965e+04  1.63824385e+04  1.54867559e+04
  1.45234873e+04  1.34998457e+04  1.24241309e+04  1.13057520e+04  1.01552451e+04
  8.98429785e+03  7.80577490e+03  6.63374561e+03  5.48351562e+03  4.37166064e+03
  3.31606177e+03  2.33594604e+03  1.45192834e+03  6.86055847e+02  6.18577232e+01
 -3.95603943e+02 -6.59678772e+02 -7.02069641e+02 -4.92770386e+02  0.00000000e+00
  6.22175407e+00  5.25967741e+00  4.38390541e+00  3.58707833e+00  2.86253166e+00
  2.20423579e+00  1.60674441e+00  1.06514573e+00  5.75019836e-01  1.32399216e-01
 -2.66265631e-01 -6.24137640e-01 -9.44020927e-01 -1.22838545e+00 -1.47938895e+00
 -1.69889545e+00 -1.88849211e+00 -2.04950309e+00 -2.18300080e+00 -2.28981614e+00
 -2.37072468e+00 -2.42760420e+00 -2.46271658e+00 -2.47813535e+00 -2.47576070e+00
 -2.45733643e+00 -2.42446470e+00 -2.37862158e+00 -2.32116795e+00 -2.25336337e+00
 -2.17637563e+00 -2.09129262e+00 -1.99913049e+00 -1.90084314e+00 -1.79733062e+00
 -1.68944716e+00 -1.57800841e+00 -1.46379888e+00 -1.34757853e+00 -1.23008978e+00
 -1.11206388e+00 -9.94227290e-01 -8.77308130e-01 -7.62042701e-01 -6.49181664e-01
 -5.39497077e-01 -4.33788717e-01 -3.32891434e-01 -2.37682357e-01 -1.49088681e-01
 -6.80957809e-02  4.24415385e-03  6.68027848e-02  1.18365757e-01  1.57622010e-01
  1.83152229e-01  1.93416372e-01  1.86740145e-01  1.61300212e-01  1.15108237e-01
  4.59933579e-02 -4.84169200e-02 -1.70717582e-01 -3.23748887e-01 -5.10621428e-01
 -2.00097862e+06 -1.78861275e+06 -1.59161000e+06 -1.40921862e+06 -1.24071900e+06
 -1.08542200e+06 -9.42667750e+05 -8.11823688e+05 -6.92283438e+05 -5.83465625e+05
 -4.84812250e+05 -3.95787781e+05 -3.15877781e+05 -2.44587906e+05 -1.81442719e+05
 -1.25984664e+05 -7.77731094e+04 -3.63833359e+04 -1.40562244e+03  2.75556660e+04
  5.08829414e+04  6.89462344e+04  8.21040000e+04  9.07039219e+04  9.50836641e+04
  9.55716094e+04  9.24876094e+04  8.61436328e+04  7.68445078e+04  6.48885625e+04
  5.05682852e+04  3.41709648e+04  1.59793350e+04 -3.72782397e+03 -2.46750566e+04
 -4.65896367e+04 -6.92009609e+04 -9.22399531e+04 -1.15438484e+05 -1.38528781e+05
 -1.61242812e+05 -1.83311734e+05 -2.04465297e+05 -2.24431203e+05 -2.42934594e+05
 -2.59697359e+05 -2.74437562e+05 -2.86868844e+05 -2.96699750e+05 -3.03633156e+05
 -3.07365469e+05 -3.07586219e+05 -3.03977062e+05 -2.96211281e+05 -2.83953125e+05
 -2.66856844e+05 -2.44566109e+05 -2.16713156e+05 -1.82918031e+05 -1.42787688e+05
 -9.59151719e+04 -4.18787070e+04  1.97592188e+04  8.94528281e+04  1.67674062e+05
  1.81095954e-02  1.07146883e-02  2.77759321e-03 -5.67133538e-03 -1.44789629e-02
 -2.33598631e-02 -3.16775888e-02 -3.91970687e-02 -4.81528677e-02 -3.59001607e-02
 -2.96627153e-02 -2.59599481e-02 -2.51932163e-02 -2.21114587e-02 -1.43516706e-02
 -1.07546207e-02 -4.00441978e-03  6.97320374e-03  1.39490906e-02  2.59796493e-02
  4.28237841e-02  5.78574091e-02  7.22212866e-02  8.65581036e-02  1.01333521e-01
  1.16974205e-01  1.33958042e-01  1.52906075e-01  1.74707919e-01  2.00411722e-01
  2.24539578e-01  2.37604737e-01  2.49873251e-01  2.50800431e-01  2.50857234e-01
  2.37954989e-01  2.23887861e-01  2.13443071e-01  2.05658987e-01  1.99783906e-01
  1.95342168e-01  1.92023247e-01  1.89613402e-01  1.87956303e-01  1.86930776e-01
  1.86438233e-01  1.86395243e-01  1.86728984e-01  1.87374070e-01  1.88270614e-01
  1.89362779e-01  1.90598026e-01  1.91926777e-01  1.93302378e-01  1.94681525e-01
  1.96024671e-01  1.97296739e-01  1.98467687e-01  1.99513063e-01  2.00414300e-01
  2.01158777e-01  2.01739639e-01  2.02155277e-01  2.02408686e-01  2.02506676e-01
  1.04548279e-02  1.38871162e-03 -8.70689005e-03 -1.99856292e-02 -3.21859345e-02
 -4.45358567e-02 -5.95276020e-02 -5.97725511e-02 -5.92654757e-02 -4.78021726e-02
 -3.84111516e-02 -3.17085944e-02 -2.68036295e-02 -2.14352049e-02 -1.48931136e-02
 -8.84809904e-03 -1.45807909e-03  7.59450346e-03  1.66327897e-02  2.78064702e-02
  4.11823988e-02  5.47468178e-02  6.83898032e-02  8.23377892e-02  9.68807712e-02
  1.12358674e-01  1.29195213e-01  1.47965461e-01  1.69516876e-01  1.94986463e-01
  2.19342425e-01  2.31749430e-01  2.44601339e-01  2.45053247e-01  2.46011674e-01
  2.32977152e-01  2.19426528e-01  2.09547311e-01  2.02298939e-01  1.96952030e-01
  1.93043888e-01  1.90266863e-01  1.88406304e-01  1.87304914e-01  1.86841637e-01
  1.86918452e-01  1.87452316e-01  1.88369796e-01  1.89603597e-01  1.91090301e-01
  1.92768931e-01  1.94580197e-01  1.96466327e-01  1.98371574e-01  2.00242952e-01
  2.02031508e-01  2.03693613e-01  2.05192327e-01  2.06498519e-01  2.07591504e-01
  2.08459303e-01  2.09098250e-01  2.09512144e-01  2.09711000e-01  2.09709600e-01
  4.72498592e-03 -5.30859455e-03 -1.68347582e-02 -3.06035429e-02 -4.78140451e-02
 -5.78979515e-02 -6.40542135e-02 -6.10523075e-02 -5.51306382e-02 -4.59615327e-02
 -3.74088176e-02 -3.01074199e-02 -2.35652234e-02 -1.72514077e-02 -1.07978974e-02
 -3.98582360e-03  3.40635725e-03  1.15281539e-02  2.04568654e-02  3.02933361e-02
  4.10115458e-02  5.24337143e-02  6.44262657e-02  7.69754499e-02  9.01579633e-02
  1.04105763e-01  1.18982412e-01  1.34956524e-01  1.52127892e-01  1.70147061e-01
  1.86485201e-01  1.98551700e-01  2.07413912e-01  2.11449206e-01  2.12085932e-01
  2.07877338e-01  2.01852947e-01  1.96508184e-01  1.92232683e-01  1.88997164e-01
  1.86699361e-01  1.85230091e-01  1.84489414e-01  1.84389383e-01  1.84852466e-01
  1.85808867e-01  1.87193915e-01  1.88945636e-01  1.91002861e-01  1.93303764e-01
  1.95784867e-01  1.98380679e-01  2.01023936e-01  2.03646705e-01  2.06182197e-01
  2.08567172e-01  2.10744783e-01  2.12667421e-01  2.14298949e-01  2.15616286e-01
  2.16609761e-01  2.17282459e-01  2.17648402e-01  2.17730209e-01  2.17556342e-01
  1.48040545e-03 -8.21384415e-03 -1.90087855e-02 -3.14668231e-02 -4.56198230e-02
 -5.17801084e-02 -5.16388379e-02 -4.80294824e-02 -4.26893197e-02 -3.69792134e-02
 -3.10900062e-02 -2.51948349e-02 -1.93242803e-02 -1.33910272e-02 -7.26550398e-03
 -8.18886037e-04  6.06201077e-03  1.34667298e-02  2.14568917e-02  3.00633479e-02
  3.92815210e-02  4.90785949e-02  5.94159886e-02  7.02679977e-02  8.16235989e-02
  9.34725255e-02  1.05777673e-01  1.18428938e-01  1.31169662e-01  1.43512115e-01
  1.54760852e-01  1.64268389e-01  1.71634197e-01  1.76687703e-01  1.79502130e-01
  1.80414021e-01  1.80062592e-01  1.79164916e-01  1.78241894e-01  1.77587748e-01
  1.77346766e-01  1.77579209e-01  1.78300261e-01  1.79500818e-01  1.81158096e-01
  1.83240786e-01  1.85711294e-01  1.88526109e-01  1.91635609e-01  1.94983140e-01
  1.98504269e-01  2.02126414e-01  2.05769122e-01  2.09345803e-01  2.12766945e-01
  2.15944797e-01  2.18799204e-01  2.21263528e-01  2.23289594e-01  2.24850938e-01
  2.25943536e-01  2.26584196e-01  2.26806670e-01  2.26656601e-01  2.26186052e-01
 -2.39837304e-04 -8.62607453e-03 -1.69146899e-02 -2.50463095e-02 -3.23022902e-02
 -3.58311087e-02 -3.58520932e-02 -3.42768244e-02 -3.15741301e-02 -2.80642472e-02
 -2.40020268e-02 -1.95506960e-02 -1.47938598e-02 -9.75312572e-03 -4.40948131e-03
  1.27667631e-03  7.35052489e-03  1.38527062e-02  2.08128672e-02  2.82459706e-02
  3.61512303e-02  4.45139073e-02  5.33088073e-02  6.25025555e-02  7.20515028e-02
  8.18938613e-02  9.19363052e-02  1.02037139e-01  1.11991949e-01  1.21534266e-01
  1.30364925e-01  1.38207465e-01  1.44863427e-01  1.50246859e-01  1.54398695e-01
  1.57483160e-01  1.59759447e-01  1.61526233e-01  1.63061410e-01  1.64586753e-01
  1.66261479e-01  1.68191612e-01  1.70443043e-01  1.73052892e-01  1.76037639e-01
  1.79398209e-01  1.83122978e-01  1.87188700e-01  1.91560268e-01  1.96189374e-01
  2.01012522e-01  2.05948949e-01  2.10899457e-01  2.15747312e-01  2.20362827e-01
  2.24612296e-01  2.28370324e-01  2.31533006e-01  2.34028980e-01  2.35826358e-01
  2.36934260e-01  2.37398595e-01  2.37293005e-01  2.36706853e-01  2.35733718e-01
 -3.05545167e-03 -1.04936194e-02 -1.59162786e-02 -1.98219139e-02 -2.27159932e-02
 -2.44768709e-02 -2.49919742e-02 -2.43901722e-02 -2.28771325e-02 -2.06364226e-02
 -1.78142060e-02 -1.45179257e-02 -1.08179152e-02 -6.75243931e-03 -2.33523734e-03
  2.43607606e-03  7.57215498e-03  1.30854202e-02  1.89851616e-02  2.52741966e-02
  3.19469199e-02  3.89883742e-02  4.63737398e-02  5.40673919e-02  6.20208234e-02
  7.01692179e-02  7.84273148e-02  8.66861641e-02  9.48134437e-02  1.02660142e-01
  1.10074975e-01  1.16924413e-01  1.23113178e-01  1.28599733e-01  1.33403346e-01
  1.37601316e-01  1.41316444e-01  1.44697502e-01  1.47898167e-01  1.51060447e-01
  1.54305115e-01  1.57728910e-01  1.61405757e-01  1.65389776e-01  1.69718400e-01
  1.74414963e-01  1.79490104e-01  1.84941873e-01  1.90754399e-01  1.96894884e-01
  2.03308627e-01  2.09912300e-01  2.16586024e-01  2.23167524e-01  2.29453862e-01
  2.35217825e-01  2.40238398e-01  2.44333759e-01  2.47385368e-01  2.49351501e-01
  2.50271440e-01  2.50257283e-01  2.49470368e-01  2.48088509e-01  2.46278882e-01
 -1.02208136e-02 -2.02903412e-02 -1.86319500e-02 -1.73979793e-02 -1.77339595e-02
 -1.80972833e-02 -1.80870108e-02 -1.75706856e-02 -1.65277701e-02 -1.49859255e-02
 -1.29883178e-02 -1.05772158e-02 -7.78649515e-03 -4.63923253e-03 -1.14834623e-03
  2.68106908e-03  6.84867287e-03  1.13557428e-02  1.62023716e-02  2.13851742e-02
  2.68955417e-02  3.27183157e-02  3.88307273e-02  4.52013426e-02  5.17890044e-02
  5.85417710e-02  6.53963536e-02  7.22786635e-02  7.91062340e-02  8.57931674e-02
  9.22574475e-02  9.84297395e-02  1.04261994e-01  1.09734043e-01  1.14856713e-01
  1.19670808e-01  1.24242149e-01  1.28653869e-01  1.32997662e-01  1.37365788e-01
  1.41845316e-01  1.46514475e-01  1.51441321e-01  1.56683728e-01  1.62290066e-01
  1.68300092e-01  1.74745485e-01  1.81649476e-01  1.89025298e-01  1.96872234e-01
  2.05168322e-01  2.13857189e-01  2.22825944e-01  2.31871054e-01  2.40659714e-01
  2.48740703e-01  2.55661845e-01  2.61083066e-01  2.64799058e-01  2.66740978e-01
  2.67000556e-01  2.65852630e-01  2.63689488e-01  2.60883421e-01  2.57719934e-01
 -3.19471862e-03 -9.41852201e-03 -1.24408742e-02 -1.33149950e-02 -1.34428218e-02
 -1.33484807e-02 -1.30842896e-02 -1.25985956e-02 -1.18426746e-02 -1.07883168e-02
 -9.42395162e-03 -7.74765946e-03 -5.76157682e-03 -3.46840429e-03 -8.69760814e-04
  2.03411514e-03  5.24378940e-03  8.75958428e-03  1.25803547e-02  1.67022776e-02
  2.11177729e-02  2.58145779e-02  3.07749901e-02  3.59752849e-02  4.13853303e-02
  4.69685234e-02  5.26822284e-02  5.84789664e-02  6.43085018e-02  7.01209530e-02
  7.58706778e-02  8.15205574e-02  8.70460123e-02  9.24380496e-02  9.77047756e-02
  1.02871165e-01  1.07977092e-01  1.13074146e-01  1.18221752e-01  1.23483434e-01
  1.28923610e-01  1.34605393e-01  1.40589356e-01  1.46933168e-01  1.53691977e-01
  1.60919175e-01  1.68667376e-01  1.76989481e-01  1.85939252e-01  1.95570841e-01
  2.05936089e-01  2.17076376e-01  2.29002655e-01  2.41650581e-01  2.54746825e-01
  2.66895235e-01  2.76839644e-01  2.84229010e-01  2.88811982e-01  2.90411264e-01
  2.88913786e-01  2.84885854e-01  2.79946715e-01  2.74708688e-01  2.69504011e-01
 -5.98859368e-03 -1.48198679e-02 -1.25951963e-02 -1.02200117e-02 -9.48648248e-03
 -9.12792888e-03 -8.85990635e-03 -8.56143422e-03 -8.15756340e-03 -7.59593025e-03
 -6.83968002e-03 -5.86319249e-03 -4.64862585e-03 -3.18322331e-03 -1.45745557e-03
  5.36053150e-04  2.80296826e-03  5.34723047e-03  8.17075372e-03  1.12729724e-02
  1.46503448e-02  1.82958879e-02  2.21987981e-02  2.63442248e-02  3.07132248e-02
  3.52830067e-02  4.00274992e-02  4.49183732e-02  4.99264784e-02  5.50237373e-02
  6.01853244e-02  6.53918907e-02  7.06316531e-02  7.59019777e-02  8.12102482e-02
  8.65739509e-02  9.20200124e-02  9.75834504e-02  1.03305772e-01  1.09233268e-01
  1.15415543e-01  1.21904485e-01  1.28753841e-01  1.36019319e-01  1.43759489e-01
  1.52037293e-01  1.60922363e-01  1.70494318e-01  1.80847451e-01  1.92097262e-01
  2.04390302e-01  2.17919350e-01  2.32947767e-01  2.49838024e-01  2.68879145e-01
  2.87786722e-01  3.00653696e-01  3.11448127e-01  3.17063719e-01  3.18281382e-01
  3.15806925e-01  3.06472182e-01  2.96749741e-01  2.88010329e-01  2.80228049e-01
  3.75697366e-03 -1.91122456e-03 -4.35802015e-03 -4.78952657e-03 -4.71919263e-03
 -4.69089346e-03 -4.76798229e-03 -4.89728246e-03 -5.01161069e-03 -5.05251624e-03
 -4.97350004e-03 -4.73862328e-03 -4.32024524e-03 -3.69691546e-03 -2.85171089e-03
 -1.77105970e-03 -4.44006757e-04  1.13816245e-03  2.98203272e-03  5.09199360e-03
  7.47007644e-03  1.01157688e-02  1.30258678e-02  1.61944088e-02  1.96127370e-02
  2.32697483e-02  2.71523464e-02  3.12461220e-02  3.55362855e-02  4.00087759e-02
  4.46515344e-02  4.94557396e-02  5.44170178e-02  5.95363602e-02  6.48207664e-02
  7.02834651e-02  7.59438053e-02  8.18268135e-02  8.79626423e-02  9.43859145e-02
  1.01135239e-01  1.08252995e-01  1.15785487e-01  1.23783574e-01  1.32303953e-01
  1.41411230e-01  1.51180997e-01  1.61704421e-01  1.73094913e-01  1.85498297e-01
  1.99108467e-01  2.14192703e-01  2.31134534e-01  2.50504822e-01  2.73062795e-01
  2.97283202e-01  3.14091980e-01  3.27381283e-01  3.35320443e-01  3.36782217e-01
  3.34902108e-01  3.23430479e-01  3.09613794e-01  2.97593206e-01  2.87539482e-01
  6.00517495e-03 -1.27263542e-03 -9.24198015e-04  5.58170723e-04  6.48996967e-04
  1.97040034e-04 -5.05534699e-04 -1.31831702e-03 -2.15370185e-03 -2.94964900e-03
 -3.65950470e-03 -4.24695155e-03 -4.68296977e-03 -4.94380342e-03 -5.00953803e-03
 -4.86311177e-03 -4.48965700e-03 -3.87610612e-03 -3.01100523e-03 -1.88449281e-03
 -4.88380494e-04  1.18373719e-03  3.13638989e-03  5.37218107e-03  7.89180957e-03
  1.06941890e-02  1.37766898e-02  1.71355177e-02  2.07662210e-02  2.46643256e-02
  2.88260449e-02  3.32490467e-02  3.79331782e-02  4.28811647e-02  4.80991118e-02
  5.35968803e-02  5.93881868e-02  6.54906183e-02  7.19255209e-02  7.87179470e-02
  8.58966038e-02  9.34940726e-02  1.01547174e-01  1.10097751e-01  1.19193889e-01
  1.28891677e-01  1.39257863e-01  1.50373459e-01  1.62338838e-01  1.75280824e-01
  1.89362362e-01  2.04794988e-01  2.21853539e-01  2.40891278e-01  2.62378067e-01
  2.87004471e-01  3.09686124e-01  3.21877241e-01  3.34327221e-01  3.35802943e-01
  3.35688353e-01  3.28446448e-01  3.13286901e-01  2.99789786e-01  2.88875490e-01
  1.84555650e-02  1.32758459e-02  1.05013046e-02  8.94580316e-03  7.43185682e-03
  5.76771004e-03  4.01195604e-03  2.22922117e-03  4.68103448e-04 -1.23398891e-03
 -2.84651015e-03 -4.34336159e-03 -5.70152141e-03 -6.90017221e-03 -7.92008545e-03
 -8.74316413e-03 -9.35210846e-03 -9.73021239e-03 -9.86129418e-03 -9.72978584e-03
 -9.32102278e-03 -8.62142351e-03 -7.61862658e-03 -6.30161632e-03 -4.66084573e-03
 -2.68831523e-03 -3.77591146e-04  2.27626762e-03  5.27687510e-03  8.62677861e-03
  1.23278126e-02  1.63815375e-02  2.07897816e-02  2.55552549e-02  3.06821950e-02
  3.61768678e-02  4.20477092e-02  4.83054332e-02  5.49631789e-02  6.20366819e-02
  6.95444569e-02  7.75080770e-02  8.59524980e-02  9.49066281e-02  1.04404017e-01
  1.14483781e-01  1.25191808e-01  1.36582196e-01  1.48718953e-01  1.61677629e-01
  1.75546706e-01  1.90427870e-01  2.06434429e-01  2.23688096e-01  2.42326081e-01
  2.62647748e-01  2.86225259e-01  3.00009400e-01  3.08661968e-01  3.18800807e-01
  3.14481795e-01  3.17151338e-01  3.03777009e-01  2.91507363e-01  2.82529980e-01
  3.04959882e-02  2.62629129e-02  2.20620539e-02  1.81646869e-02  1.46733737e-02
  1.14639699e-02  8.43022019e-03  5.52002154e-03  2.71443371e-03  1.15110870e-05
 -2.58204667e-03 -5.05494187e-03 -7.39325071e-03 -9.58138332e-03 -1.16025247e-02
 -1.34387976e-02 -1.50712729e-02 -1.64798945e-02 -1.76434703e-02 -1.85397528e-02
 -1.91470217e-02 -1.94441192e-02 -1.94104705e-02 -1.90263093e-02 -1.82730388e-02
 -1.71336215e-02 -1.55929085e-02 -1.36379106e-02 -1.12579595e-02 -8.44480284e-03
 -5.19260485e-03 -1.49781175e-03  2.64121429e-03  7.22497515e-03  1.22541636e-02
  1.77311413e-02  2.36588158e-02  3.00406832e-02  3.68812680e-02  4.41865101e-02
  5.19639887e-02  6.02231473e-02  6.89754635e-02  7.82345980e-02  8.80164802e-02
  9.83392373e-02  1.09223008e-01  1.20689258e-01  1.32759511e-01  1.45452842e-01
  1.58781335e-01  1.72742039e-01  1.87302753e-01  2.02376053e-01  2.17766672e-01
  2.33048871e-01  2.47336358e-01  2.59417593e-01  2.68756360e-01  2.75199860e-01
  2.78623313e-01  2.79292852e-01  2.77417243e-01  2.73952097e-01  2.70059854e-01
  3.98677029e-02  3.62069085e-02  3.07545159e-02  2.54191831e-02  2.06954498e-02
  1.63182262e-02  1.21728042e-02  8.19788687e-03  4.35988465e-03  6.42451516e-04
 -2.95949308e-03 -6.44347025e-03 -9.80171375e-03 -1.30225196e-02 -1.60910133e-02
 -1.89895574e-02 -2.16978658e-02 -2.41925623e-02 -2.64471062e-02 -2.84270197e-02
 -3.01034637e-02 -3.14477198e-02 -3.24302651e-02 -3.30213979e-02 -3.31922211e-02
 -3.29155773e-02 -3.21668535e-02 -3.09245419e-02 -2.91707627e-02 -2.68917121e-02
 -2.40781549e-02 -2.07259692e-02 -1.68365333e-02 -1.24162529e-02 -7.47314002e-03
 -2.00466043e-03  3.98650626e-03  1.04951086e-02  1.75158605e-02  2.50441488e-02
  3.30759808e-02  4.16081324e-02  5.06381616e-02  6.01642393e-02  7.01847672e-02
  8.06976706e-02  9.16992128e-02  1.03182256e-01  1.15133554e-01  1.27529830e-01
  1.40331805e-01  1.53475508e-01  1.66859567e-01  1.80327415e-01  1.93644986e-01
  2.06482723e-01  2.18428329e-01  2.29061320e-01  2.38054082e-01  2.45216921e-01
  2.50499576e-01  2.53990889e-01  2.55916089e-01  2.56620407e-01  2.56489009e-01
  4.47377637e-02  4.06662636e-02  3.57868746e-02  3.04869954e-02  2.51796488e-02
  2.00018939e-02  1.49655929e-02  1.00550447e-02  5.25438134e-03  5.53482503e-04
 -4.05155309e-03 -8.55913758e-03 -1.29629541e-02 -1.72524862e-02 -2.14133337e-02
 -2.54276264e-02 -2.92752236e-02 -3.29295434e-02 -3.63752879e-02 -3.95176932e-02
 -4.23406214e-02 -4.48111072e-02 -4.68885340e-02 -4.85298224e-02 -4.96925637e-02
 -5.03369495e-02 -5.04269563e-02 -4.99310754e-02 -4.88228276e-02 -4.70813662e-02
 -4.46924306e-02 -4.16502394e-02 -3.79610993e-02 -3.36506143e-02 -2.87782457e-02
 -2.32852623e-02 -1.71894636e-02 -1.05138598e-02 -3.27599258e-03  4.50920267e-03
  1.28257098e-02  2.16576029e-02  3.09891272e-02  4.08042297e-02  5.10862283e-02
  6.18166551e-02  7.29737431e-02  8.45304430e-02  9.64517593e-02  1.08691379e-01
  1.21187322e-01  1.33856609e-01  1.46589234e-01  1.59242570e-01  1.71638325e-01
  1.83566228e-01  1.94798633e-01  2.05115825e-01  2.14335069e-01  2.22333089e-01
  2.29058027e-01  2.34531656e-01  2.38842666e-01  2.42129728e-01  2.44555220e-01
  5.11627607e-02  4.74972129e-02  4.10106890e-02  3.45876478e-02  2.85691116e-02
  2.26732492e-02  1.68499798e-02  1.10865198e-02  5.37853315e-03 -2.75015627e-04
 -5.87261561e-03 -1.14101311e-02 -1.68804638e-02 -2.22728830e-02 -2.75718067e-02
 -3.27548012e-02 -3.78163569e-02 -4.26641814e-02 -4.72879373e-02 -5.16436324e-02
 -5.56802489e-02 -5.93416244e-02 -6.25697970e-02 -6.53081015e-02 -6.75034299e-02
 -6.91076815e-02 -7.00785816e-02 -7.03799054e-02 -6.99815527e-02 -6.88594431e-02
 -6.69956207e-02 -6.43785596e-02 -6.10038079e-02 -5.68745658e-02 -5.20007610e-02
 -4.63920385e-02 -4.00838964e-02 -3.31548527e-02 -2.56242882e-02 -1.75043065e-02
 -8.82709213e-03  3.78466590e-04  1.00849401e-02  2.02631820e-02  3.08854040e-02
  4.19218689e-02  5.33395484e-02  6.51003122e-02  7.71589503e-02  8.94609317e-02
  1.01939984e-01  1.14515617e-01  1.27091095e-01  1.39552549e-01  1.51770175e-01
  1.63602576e-01  1.74904644e-01  1.85538173e-01  1.95383355e-01  2.04348460e-01
  2.12376118e-01  2.19445154e-01  2.25567833e-01  2.30783492e-01  2.35149339e-01
  5.33235930e-02  4.90053073e-02  4.36042473e-02  3.74817662e-02  3.10670938e-02
  2.45476831e-02  1.79836601e-02  1.13982577e-02  4.80402820e-03 -1.79056951e-03
 -8.37900583e-03 -1.49555327e-02 -2.15143114e-02 -2.80483924e-02 -3.45476158e-02
 -4.09012064e-02 -4.71325219e-02 -5.32108843e-02 -5.90858087e-02 -6.46918565e-02
 -6.99564591e-02 -7.48054683e-02 -7.91671798e-02 -8.29751566e-02 -8.61699507e-02
 -8.86998698e-02 -9.05211046e-02 -9.15973932e-02 -9.18993577e-02 -9.14037824e-02
 -9.00929123e-02 -8.79537836e-02 -8.49777907e-02 -8.11602697e-02 -7.65004456e-02
 -7.10021704e-02 -6.46782666e-02 -5.75535558e-02 -4.96629290e-02 -4.10715267e-02
 -3.19109559e-02 -2.22163554e-02 -1.20155597e-02 -1.36167253e-03  9.71812848e-03
  2.11875066e-02  3.30083817e-02  4.51384261e-02  5.75299114e-02  7.01286346e-02
  8.28728229e-02  9.56920907e-02  1.08506903e-01  1.21228717e-01  1.33761242e-01
  1.46002918e-01  1.57850578e-01  1.69203907e-01  1.79970026e-01  1.90067276e-01
  1.99427843e-01  2.07999021e-01  2.15742886e-01  2.22635567e-01  2.28666008e-01
  5.88130318e-02  5.48364855e-02  4.76505458e-02  4.03266512e-02  3.31653021e-02
  2.59137098e-02  1.85623150e-02  1.11309113e-02  3.63763981e-03 -3.90499085e-03
 -1.14891296e-02 -1.91103816e-02 -2.67676283e-02 -3.44648436e-02 -4.20760140e-02
 -4.96271178e-02 -5.70986159e-02 -6.44361973e-02 -7.15641826e-02 -7.83957317e-02
 -8.48409310e-02 -9.08127576e-02 -9.62309763e-02 -1.01024449e-01 -1.05132133e-01
 -1.08503066e-01 -1.11095786e-01 -1.12877272e-01 -1.13821819e-01 -1.13909781e-01
 -1.13126487e-01 -1.11461192e-01 -1.08906209e-01 -1.05456233e-01 -1.01107880e-01
 -9.58598256e-02 -8.97136778e-02 -8.26756284e-02 -7.47592375e-02 -6.59918487e-02
 -5.64222150e-02 -4.61217165e-02 -3.52228023e-02 -2.39838362e-02 -1.23065999e-02
 -2.60453759e-04  1.21202609e-02  2.47931238e-02  3.77115533e-02  5.08256741e-02
  6.40818179e-02  7.74219036e-02  9.07831118e-02  1.04097873e-01  1.17294326e-01
  1.30297124e-01  1.43028453e-01  1.55409068e-01  1.67358935e-01  1.78797543e-01
  1.89643577e-01  1.99814573e-01  2.09227309e-01  2.17799842e-01  2.25456089e-01
  6.07342906e-02  5.61221689e-02  4.99985889e-02  4.27784137e-02  3.49968895e-02
  2.69379094e-02  1.87189709e-02  1.03883557e-02  1.96679938e-03 -6.53656665e-03
 -1.51176825e-02 -2.37742942e-02 -3.25037017e-02 -4.13008183e-02 -5.00807613e-02
 -5.88474683e-02 -6.75527304e-02 -7.61155784e-02 -8.44374076e-02 -9.24135149e-02
 -9.99414697e-02 -1.06926724e-01 -1.13285787e-01 -1.18947707e-01 -1.23854056e-01
 -1.27958104e-01 -1.31223425e-01 -1.33622363e-01 -1.35134265e-01 -1.35744065e-01
 -1.35440990e-01 -1.34217441e-01 -1.32068187e-01 -1.28989682e-01 -1.24979496e-01
 -1.20036006e-01 -1.14158168e-01 -1.07345782e-01 -9.96005461e-02 -9.09286067e-02
 -8.13451931e-02 -7.08823130e-02 -5.96031919e-02 -4.76181507e-02 -3.50867584e-02
 -2.23339666e-02 -9.23688803e-03  4.14790912e-03  1.77719630e-02  3.15914825e-02
  4.55631129e-02  5.96423522e-02  7.37829357e-02  8.79365727e-02  1.02052703e-01
  1.16078191e-01  1.29956618e-01  1.43627018e-01  1.57021597e-01  1.70062408e-01
  1.82656944e-01  1.94693372e-01  2.06037104e-01  2.16532245e-01  2.26011589e-01
  6.68843910e-02  6.26675412e-02  5.50409295e-02  4.59762365e-02  3.68202850e-02
  2.76625603e-02  1.84600204e-02  9.18525737e-03 -1.78039045e-04 -9.64149460e-03
 -1.92144439e-02 -2.89039258e-02 -3.87120508e-02 -4.85608131e-02 -5.84729612e-02
 -6.84070215e-02 -7.82785937e-02 -8.79784301e-02 -9.73871872e-02 -1.06386371e-01
 -1.14865936e-01 -1.22728787e-01 -1.29892841e-01 -1.36291370e-01 -1.41871989e-01
 -1.46594971e-01 -1.50431052e-01 -1.53359309e-01 -1.55364901e-01 -1.56437442e-01
 -1.56569436e-01 -1.55755445e-01 -1.53991461e-01 -1.51274636e-01 -1.47603154e-01
 -1.42976001e-01 -1.37392774e-01 -1.30853161e-01 -1.23356618e-01 -1.14902563e-01
 -1.05491713e-01 -9.51298103e-02 -8.38351026e-02 -7.16506019e-02 -5.86628616e-02
 -4.50327471e-02 -3.10125276e-02 -1.67402159e-02 -2.25359458e-03  1.24249067e-02
  2.72678640e-02  4.22465131e-02  5.73320501e-02  7.24959895e-02  8.77099708e-02
  1.02945060e-01  1.18170403e-01  1.33350685e-01  1.48441970e-01  1.63384914e-01
  1.78094491e-01  1.92445099e-01  2.06251442e-01  2.19250903e-01  2.31107667e-01
  7.11683854e-02  6.71940446e-02  5.83121665e-02  4.79328483e-02  3.77678908e-02
  2.76903622e-02  1.76009741e-02  7.44668441e-03 -2.80718203e-03 -1.31872455e-02
 -2.37171892e-02 -3.44227739e-02 -4.51844558e-02 -5.60721420e-02 -6.70667812e-02
 -7.80892223e-02 -8.90239924e-02 -9.97385159e-02 -1.10097826e-01 -1.19974792e-01
 -1.29256561e-01 -1.37847811e-01 -1.45671621e-01 -1.52668759e-01 -1.58795774e-01
 -1.64022416e-01 -1.68328702e-01 -1.71701968e-01 -1.74134180e-01 -1.75619692e-01
 -1.76153585e-01 -1.75730854e-01 -1.74346164e-01 -1.71994194e-01 -1.68670326e-01
 -1.64371282e-01 -1.59095541e-01 -1.52843177e-01 -1.45615116e-01 -1.37411922e-01
 -1.28232688e-01 -1.18074805e-01 -1.06935941e-01 -9.48199034e-02 -8.17482695e-02
 -6.77798018e-02 -5.30370809e-02 -3.77410688e-02 -2.23114509e-02 -6.67689694e-03
  9.13800392e-03  2.51155216e-02  4.12430130e-02  5.75122461e-02  7.39191025e-02
  9.04632509e-02  1.07147366e-01  1.23975441e-01  1.40949488e-01  1.58063084e-01
  1.75289527e-01  1.92559823e-01  2.09721267e-01  2.26449087e-01  2.42037132e-01
  7.10508749e-02  6.63473085e-02  5.81824258e-02  4.81103063e-02  3.75419036e-02
  2.68378071e-02  1.60421543e-02  5.13730338e-03 -5.90433087e-03 -1.71090607e-02
 -2.84981467e-02 -4.00823057e-02 -5.17927557e-02 -6.36719316e-02 -7.56678209e-02
 -8.76705348e-02 -9.95398536e-02 -1.11125804e-01 -1.22283183e-01 -1.32880896e-01
 -1.42807201e-01 -1.51971832e-01 -1.60305947e-01 -1.67760536e-01 -1.74303681e-01
 -1.79917172e-01 -1.84592724e-01 -1.88328102e-01 -1.91123530e-01 -1.92978874e-01
 -1.93891570e-01 -1.93855688e-01 -1.92862019e-01 -1.90899134e-01 -1.87954992e-01
 -1.84018821e-01 -1.79082915e-01 -1.73143610e-01 -1.66201293e-01 -1.58259109e-01
 -1.49320588e-01 -1.39386773e-01 -1.28454044e-01 -1.16514198e-01 -1.03559025e-01
 -8.95921662e-02 -7.46514127e-02 -5.88449314e-02 -4.24031802e-02 -2.57250760e-02
 -8.87590554e-03  8.14414676e-03  2.53410712e-02  4.27279510e-02  6.03259951e-02
  7.81657398e-02  9.62885097e-02  1.14747927e-01  1.33611545e-01  1.52962044e-01
  1.72897473e-01  1.93528071e-01  2.14960456e-01  2.37226546e-01  2.59448260e-01
  7.41105005e-02  7.00802952e-02  5.95805980e-02  4.78174761e-02  3.65094133e-02
  2.52278037e-02  1.38456309e-02  2.31078337e-03 -9.41276364e-03 -2.13583205e-02
 -3.35620232e-02 -4.58935760e-02 -5.84510230e-02 -7.12168291e-02 -8.40953737e-02
 -9.69448537e-02 -1.09603010e-01 -1.21906333e-01 -1.33703157e-01 -1.44861639e-01
 -1.55273810e-01 -1.64856806e-01 -1.73552126e-01 -1.81323335e-01 -1.88152656e-01
 -1.94036707e-01 -1.98981509e-01 -2.02997550e-01 -2.06094995e-01 -2.08280116e-01
 -2.09552735e-01 -2.09905148e-01 -2.09322676e-01 -2.07785234e-01 -2.05269694e-01
 -2.01752871e-01 -1.97214887e-01 -1.91641927e-01 -1.85027853e-01 -1.77374244e-01
 -1.68688431e-01 -1.58979550e-01 -1.48253411e-01 -1.36508048e-01 -1.23731785e-01
 -1.09906845e-01 -9.50219333e-02 -7.90975913e-02 -6.22279271e-02 -4.46384847e-02
 -2.67548691e-02 -8.71361420e-03  9.50694177e-03  2.79378351e-02  4.66215946e-02
  6.56149015e-02  8.49923715e-02  1.04851849e-01  1.25321805e-01  1.46571949e-01
  1.68829545e-01  1.92407578e-01  2.17768490e-01  2.45786741e-01  2.80443251e-01
  7.02815577e-02  6.49735555e-02  5.64173721e-02  4.58416753e-02  3.45365107e-02
  2.29394622e-02  1.11278808e-02 -9.06392466e-04 -1.31876562e-02 -2.57419907e-02
 -3.85952517e-02 -5.16559184e-02 -6.49873838e-02 -7.85347298e-02 -9.21697766e-02
 -1.05725855e-01 -1.19023927e-01 -1.31891027e-01 -1.44172087e-01 -1.55736789e-01
 -1.66482836e-01 -1.76336601e-01 -1.85251907e-01 -1.93207368e-01 -2.00202093e-01
 -2.06250310e-01 -2.11375177e-01 -2.15601847e-01 -2.18950763e-01 -2.21433550e-01
 -2.23050967e-01 -2.23792374e-01 -2.23636627e-01 -2.22554043e-01 -2.20509484e-01
 -2.17466027e-01 -2.13388965e-01 -2.08249494e-01 -2.02027872e-01 -1.94716260e-01
 -1.86319679e-01 -1.76852539e-01 -1.66332588e-01 -1.54773235e-01 -1.42176136e-01
 -1.28527313e-01 -1.13800280e-01 -9.79700163e-02 -8.10428858e-02 -6.31070212e-02
 -4.44048531e-02 -2.54192110e-02 -6.28328463e-03  1.30450362e-02  3.26209851e-02
  5.25150225e-02  7.28178844e-02  9.36477855e-02  1.15160279e-01  1.37561917e-01
  1.61129236e-01  1.86233714e-01  2.13370889e-01  2.43206888e-01  2.76855409e-01
  7.33361468e-02  6.90915510e-02  5.67179210e-02  4.40306515e-02  3.21420394e-02
  2.02165805e-02  8.06865841e-03 -4.36129235e-03 -1.71019435e-02 -3.01715862e-02
 -4.35785875e-02 -5.72727025e-02 -7.12703690e-02 -8.54778886e-02 -9.97371227e-02
 -1.13860197e-01 -1.27654791e-01 -1.40941203e-01 -1.53563008e-01 -1.65393069e-01
 -1.76336214e-01 -1.86329782e-01 -1.95342198e-01 -2.03369692e-01 -2.10431427e-01
 -2.16562450e-01 -2.21803173e-01 -2.26190746e-01 -2.29753375e-01 -2.32506856e-01
 -2.34452754e-01 -2.35577822e-01 -2.35854760e-01 -2.35244319e-01 -2.33698547e-01
 -2.31165230e-01 -2.27593169e-01 -2.22937405e-01 -2.17163816e-01 -2.10252181e-01
 -2.02197373e-01 -1.93010032e-01 -1.82714745e-01 -1.71340778e-01 -1.58910900e-01
 -1.45430908e-01 -1.30884200e-01 -1.15235351e-01 -9.84477103e-02 -8.05206895e-02
 -6.15523569e-02 -4.18286286e-02 -2.19257977e-02 -1.89180847e-03  1.83348414e-02
  3.88217829e-02  5.96523359e-02  8.09328631e-02  1.02800980e-01  1.25436649e-01
  1.49078250e-01  1.74046397e-01  2.00773716e-01  2.29759306e-01  2.60495007e-01
  6.54904917e-02  5.94132654e-02  5.08606620e-02  4.04879376e-02  2.91374177e-02
  1.72231197e-02  4.87909000e-03 -7.86194671e-03 -2.10019201e-02 -3.45593467e-02
 -4.83985431e-02 -6.26148060e-02 -7.71639943e-02 -9.19105262e-02 -1.06667511e-01
 -1.21228427e-01 -1.35390148e-01 -1.48968250e-01 -1.61806494e-01 -1.73782185e-01
 -1.84808791e-01 -1.94836468e-01 -2.03850478e-01 -2.11867645e-01 -2.18929455e-01
 -2.25088894e-01 -2.30399400e-01 -2.34907582e-01 -2.38648385e-01 -2.41641834e-01
 -2.43891165e-01 -2.45381966e-01 -2.46082529e-01 -2.45945439e-01 -2.44910687e-01
 -2.42910340e-01 -2.39874780e-01 -2.35739708e-01 -2.30453104e-01 -2.23980606e-01
 -2.16308072e-01 -2.07441002e-01 -1.97401851e-01 -1.86228171e-01 -1.73962682e-01
 -1.60637647e-01 -1.46261618e-01 -1.30813479e-01 -1.14248797e-01 -9.65238065e-02
 -7.76434988e-02 -5.77392392e-02 -3.71741727e-02 -1.66520365e-02  3.99006438e-03
  2.47839577e-02  4.57809977e-02  6.70488626e-02  8.86714906e-02  1.10750698e-01
  1.33409262e-01  1.56796798e-01  1.81105688e-01  2.06615448e-01  2.33456954e-01
  6.56014532e-02  5.98774403e-02  4.99358103e-02  3.84344943e-02  2.66496558e-02
  1.44793196e-02  1.88319711e-03 -1.11479368e-02 -2.46215928e-02 -3.85494940e-02
 -5.28241917e-02 -6.75081760e-02 -8.25242028e-02 -9.77091491e-02 -1.12855874e-01
 -1.27744570e-01 -1.42164737e-01 -1.55929416e-01 -1.68884128e-01 -1.80912003e-01
 -1.91936612e-01 -2.01922610e-01 -2.10874140e-01 -2.18830064e-01 -2.25850105e-01
 -2.32000574e-01 -2.37345070e-01 -2.41938069e-01 -2.45820627e-01 -2.49017388e-01
 -2.51534373e-01 -2.53357857e-01 -2.54454136e-01 -2.54770190e-01 -2.54236370e-01
 -2.52770573e-01 -2.50284672e-01 -2.46693090e-01 -2.41921917e-01 -2.35917747e-01
 -2.28653520e-01 -2.20129609e-01 -2.10370064e-01 -1.99416086e-01 -1.87321559e-01
 -1.74142957e-01 -1.59919724e-01 -1.44659400e-01 -1.28333792e-01 -1.10891610e-01
 -9.22936872e-02 -7.25779757e-02 -5.19602597e-02 -3.09656542e-02 -1.00232968e-02
  1.08953258e-02  3.18216048e-02  5.27854562e-02  7.38121346e-02  9.49165374e-02
  1.16091847e-01  1.37286380e-01  1.58354491e-01  1.78953797e-01  1.98389545e-01
  6.33760616e-02  5.71385287e-02  4.76614498e-02  3.63939479e-02  2.44664699e-02
  1.20693492e-02 -7.80156697e-04 -1.40870959e-02 -2.78613251e-02 -4.21154089e-02
 -5.67714423e-02 -7.18532279e-02 -8.72537196e-02 -1.02787554e-01 -1.18232183e-01
 -1.33358210e-01 -1.47950307e-01 -1.61820814e-01 -1.74818233e-01 -1.86832681e-01
 -1.97798878e-01 -2.07697064e-01 -2.16551170e-01 -2.24418536e-01 -2.31372267e-01
 -2.37488762e-01 -2.42839575e-01 -2.47485802e-01 -2.51474112e-01 -2.54833728e-01
 -2.57574379e-01 -2.59684563e-01 -2.61130750e-01 -2.61857420e-01 -2.61788458e-01
 -2.60830790e-01 -2.58880079e-01 -2.55829930e-01 -2.51582772e-01 -2.46062025e-01
 -2.39222050e-01 -2.31053308e-01 -2.21580163e-01 -2.10852295e-01 -1.98933631e-01
 -1.85895935e-01 -1.71806633e-01 -1.56706169e-01 -1.40594244e-01 -1.23431802e-01
 -1.05163664e-01 -8.57683495e-02 -6.53414428e-02 -4.42138426e-02 -2.30850019e-02
 -2.16515339e-03  1.85716953e-02  3.91273610e-02  5.94851524e-02  7.96061903e-02
  9.94194672e-02  1.18806168e-01  1.37579381e-01  1.55466154e-01  1.72111541e-01
  6.26289397e-02  5.63330278e-02  4.64640558e-02  3.48346494e-02  2.26557925e-02
  1.00283269e-02 -3.05760745e-03 -1.66149158e-02 -3.06560900e-02 -4.51944955e-02
 -6.01714514e-02 -7.55793229e-02 -9.12868083e-02 -1.07090861e-01 -1.22757040e-01
 -1.38048917e-01 -1.52748093e-01 -1.66667297e-01 -1.79658875e-01 -1.91620469e-01
 -2.02498302e-01 -2.12288141e-01 -2.21031845e-01 -2.28800282e-01 -2.35676423e-01
 -2.41744280e-01 -2.47081667e-01 -2.51755059e-01 -2.55815923e-01 -2.59297937e-01
 -2.62214571e-01 -2.64557481e-01 -2.66294956e-01 -2.67371297e-01 -2.67707258e-01
 -2.67202437e-01 -2.65740186e-01 -2.63196141e-01 -2.59450287e-01 -2.54401505e-01
 -2.47981787e-01 -2.40166292e-01 -2.30974853e-01 -2.20464140e-01 -2.08712593e-01
 -1.95805952e-01 -1.81831121e-01 -1.66858420e-01 -1.50918677e-01 -1.33995235e-01
 -1.16036132e-01 -9.69912335e-02 -7.68805370e-02 -5.58978170e-02 -3.45420502e-02
 -1.37349460e-02  6.78303977e-03  2.69635655e-02  4.67587449e-02  6.61082491e-02
  8.49303603e-02  1.03115164e-01  1.20520547e-01  1.36973903e-01  1.52283117e-01
  6.19845577e-02  5.56289032e-02  4.54595983e-02  3.35618854e-02  2.11876053e-02
  8.36998317e-03 -4.91837785e-03 -1.86941121e-02 -3.29673998e-02 -4.77396436e-02
 -6.29725456e-02 -7.86360502e-02 -9.45799425e-02 -1.10587083e-01 -1.26413628e-01
 -1.41817778e-01 -1.56579077e-01 -1.70511246e-01 -1.83470711e-01 -1.95362449e-01
 -2.06143588e-01 -2.15824276e-01 -2.24460185e-01 -2.32131943e-01 -2.38929719e-01
 -2.44943246e-01 -2.50255048e-01 -2.54935861e-01 -2.59041011e-01 -2.62607813e-01
 -2.65653372e-01 -2.68172473e-01 -2.70135880e-01 -2.71489292e-01 -2.72152603e-01
 -2.72021443e-01 -2.70970821e-01 -2.68862754e-01 -2.65558392e-01 -2.60934144e-01
 -2.54899174e-01 -2.47410342e-01 -2.38478541e-01 -2.28163138e-01 -2.16555670e-01
 -2.03759328e-01 -1.89875513e-01 -1.74997136e-01 -1.59183338e-01 -1.42442822e-01
 -1.24737695e-01 -1.06012098e-01 -8.62508416e-02 -6.55746013e-02 -4.43720818e-02
 -2.34472491e-02 -3.00358445e-03  1.69420615e-02  3.63563150e-02  5.51893078e-02
  7.33743086e-02  9.08278972e-02  1.07451737e-01  1.23136938e-01  1.37771726e-01
  6.06341958e-02  5.39395586e-02  4.41270955e-02  3.24775092e-02  2.00700909e-02
  7.12899258e-03 -6.32291660e-03 -2.02958509e-02 -3.48094739e-02 -4.97206077e-02
 -6.51333928e-02 -8.09847713e-02 -9.71035883e-02 -1.13259301e-01 -1.29199848e-01
 -1.44679025e-01 -1.59474924e-01 -1.73402444e-01 -1.86321735e-01 -1.98144346e-01
 -2.08836809e-01 -2.18421176e-01 -2.26962879e-01 -2.34549448e-01 -2.41276234e-01
 -2.47237012e-01 -2.52517790e-01 -2.57192284e-01 -2.61318743e-01 -2.64937341e-01
 -2.68067867e-01 -2.70707816e-01 -2.72830367e-01 -2.74382830e-01 -2.75285661e-01
 -2.75432587e-01 -2.74693698e-01 -2.72921741e-01 -2.69963980e-01 -2.65678793e-01
 -2.59955853e-01 -2.52734512e-01 -2.44014919e-01 -2.33855575e-01 -2.22357184e-01
 -2.09638372e-01 -1.95815161e-01 -1.80994838e-01 -1.65257901e-01 -1.48634493e-01
 -1.31101415e-01 -1.12604126e-01 -9.31075886e-02 -7.26821572e-02 -5.16273789e-02
 -3.06193363e-02 -1.02220029e-02  9.57492925e-03  2.87523437e-02  4.72722836e-02
  6.50829747e-02  8.21220949e-02  9.83199999e-02  1.13603815e-01  1.27902508e-01
  6.16481453e-02  5.53505979e-02  4.44630049e-02  3.20799425e-02  1.94641110e-02
  6.40223175e-03 -7.17542786e-03 -2.12892368e-02 -3.59511971e-02 -5.10159954e-02
 -6.65843412e-02 -8.25841948e-02 -9.88354981e-02 -1.15100726e-01 -1.31123200e-01
 -1.46654189e-01 -1.61471233e-01 -1.75390437e-01 -1.88275129e-01 -2.00042069e-01
 -2.10665032e-01 -2.20174730e-01 -2.28643075e-01 -2.36162230e-01 -2.42831007e-01
 -2.48745888e-01 -2.53995150e-01 -2.58654505e-01 -2.62784064e-01 -2.66425759e-01
 -2.69601136e-01 -2.72309452e-01 -2.74525553e-01 -2.76198059e-01 -2.77247936e-01
 -2.77568221e-01 -2.77026206e-01 -2.75469154e-01 -2.72735447e-01 -2.68671483e-01
 -2.63153195e-01 -2.56107062e-01 -2.47524351e-01 -2.37461388e-01 -2.26024076e-01
 -2.13341653e-01 -1.99541703e-01 -1.84740305e-01 -1.69030875e-01 -1.52457312e-01
 -1.35006309e-01 -1.16624512e-01 -9.72637981e-02 -7.69595429e-02 -5.59448786e-02
 -3.47891711e-02 -1.45096127e-02  5.17241750e-03  2.42138989e-02  4.25707363e-02
  6.01945110e-02  7.70324618e-02  9.30291191e-02  1.08129039e-01  1.22280218e-01
  5.94767593e-02  5.24142794e-02  4.29832526e-02  3.17187384e-02  1.93481706e-02
  6.25509303e-03 -7.42738089e-03 -2.16626897e-02 -3.64464931e-02 -5.16347811e-02
 -6.73220381e-02 -8.34311098e-02 -9.97775793e-02 -1.16120592e-01 -1.32201239e-01
 -1.47769704e-01 -1.62603468e-01 -1.76519692e-01 -1.89383939e-01 -2.01116383e-01
 -2.11695477e-01 -2.21157119e-01 -2.29577035e-01 -2.37050071e-01 -2.43677035e-01
 -2.49555960e-01 -2.54776269e-01 -2.59414703e-01 -2.63532162e-01 -2.67171293e-01
 -2.70354360e-01 -2.73081154e-01 -2.75327086e-01 -2.77041078e-01 -2.78144121e-01
 -2.78528690e-01 -2.78060555e-01 -2.76584387e-01 -2.73934335e-01 -2.69951463e-01
 -2.64505386e-01 -2.57516801e-01 -2.48972893e-01 -2.38929033e-01 -2.27493420e-01
 -2.14800090e-01 -2.00981975e-01 -1.86159015e-01 -1.70429558e-01 -1.53842822e-01
 -1.36389360e-01 -1.18016683e-01 -9.86731946e-02 -7.83854499e-02 -5.73731214e-02
 -3.61940898e-02 -1.58788413e-02  3.80733167e-03  2.28354260e-02  4.11667861e-02
  5.87564185e-02  7.55551606e-02  9.15119275e-02  1.06576324e-01  1.20701745e-01
  6.46565035e-02  5.88592663e-02  4.66705486e-02  3.33281457e-02  2.02189703e-02
  6.80143293e-03 -7.06802635e-03 -2.14362089e-02 -3.63263749e-02 -5.16034886e-02
 -6.73681274e-02 -8.35449174e-02 -9.99494717e-02 -1.16340443e-01 -1.32458508e-01
 -1.48053661e-01 -1.62903607e-01 -1.76826090e-01 -1.89687684e-01 -2.01409981e-01
 -2.11973175e-01 -2.21415058e-01 -2.29812697e-01 -2.37261906e-01 -2.43864164e-01
 -2.49717876e-01 -2.54912704e-01 -2.59525359e-01 -2.63616532e-01 -2.67228514e-01
 -2.70383120e-01 -2.73079455e-01 -2.75292188e-01 -2.76969373e-01 -2.78031081e-01
 -2.78369009e-01 -2.77848303e-01 -2.76313305e-01 -2.73598671e-01 -2.69546568e-01
 -2.64028549e-01 -2.56967723e-01 -2.48353526e-01 -2.38242745e-01 -2.26743653e-01
 -2.13989019e-01 -2.00109720e-01 -1.85224161e-01 -1.69428051e-01 -1.52767107e-01
 -1.35228857e-01 -1.16759799e-01 -9.73110944e-02 -7.69176632e-02 -5.58136329e-02
 -3.45719680e-02 -1.42163048e-02  5.54262148e-03  2.46602092e-02  4.30912487e-02
  6.07863925e-02  7.76920095e-02  9.37517807e-02  1.08909458e-01  1.23112261e-01
  6.30165040e-02  5.63077852e-02  4.62757163e-02  3.41713913e-02  2.12028120e-02
  7.71263428e-03 -6.25036331e-03 -2.06973981e-02 -3.56497914e-02 -5.09672016e-02
 -6.67603016e-02 -8.29590335e-02 -9.93819386e-02 -1.15789309e-01 -1.31922767e-01
 -1.47532851e-01 -1.62397563e-01 -1.76334694e-01 -1.89210504e-01 -2.00945929e-01
 -2.11520016e-01 -2.20969096e-01 -2.29369238e-01 -2.36815572e-01 -2.43408874e-01
 -2.49246866e-01 -2.54418343e-01 -2.58999079e-01 -2.63048530e-01 -2.66607583e-01
 -2.69696355e-01 -2.72312105e-01 -2.74427414e-01 -2.75988400e-01 -2.76913404e-01
 -2.77093142e-01 -2.76393175e-01 -2.74660230e-01 -2.71734059e-01 -2.67464697e-01
 -2.61733741e-01 -2.54474521e-01 -2.45684564e-01 -2.35423893e-01 -2.23798230e-01
 -2.10932925e-01 -1.96949944e-01 -1.81960851e-01 -1.66050717e-01 -1.49253011e-01
 -1.31545886e-01 -1.12874217e-01 -9.32016149e-02 -7.25981370e-02 -5.13668768e-02
 -3.01943719e-02 -9.63518675e-03  1.03210947e-02  2.96545774e-02  4.83261086e-02
  6.62824810e-02  8.34597871e-02  9.97866765e-02  1.15188517e-01  1.29592597e-01
  6.60050660e-02  5.99800162e-02  4.87287641e-02  3.57034057e-02  2.24926136e-02
  8.93116556e-03 -5.05901407e-03 -1.95146222e-02 -3.44657972e-02 -4.97705787e-02
 -6.55415133e-02 -8.17141831e-02 -9.81124416e-02 -1.14500538e-01 -1.30622670e-01
 -1.46230876e-01 -1.61103696e-01 -1.75058529e-01 -1.87960252e-01 -1.99727178e-01
 -2.10334420e-01 -2.19813526e-01 -2.28237182e-01 -2.35697970e-01 -2.42294624e-01
 -2.48122975e-01 -2.53269941e-01 -2.57809222e-01 -2.61798114e-01 -2.65274942e-01
 -2.68257052e-01 -2.70738721e-01 -2.72689492e-01 -2.74052620e-01 -2.74744481e-01
 -2.74655312e-01 -2.73652822e-01 -2.71589577e-01 -2.68315583e-01 -2.63695419e-01
 -2.57627755e-01 -2.50062346e-01 -2.41008148e-01 -2.30528191e-01 -2.18721822e-01
 -2.05701321e-01 -1.91575170e-01 -1.76442742e-01 -1.60369635e-01 -1.43368751e-01
 -1.25403225e-01 -1.06415637e-01 -8.63884166e-02 -6.54420927e-02 -4.39717621e-02
 -2.27987710e-02 -2.10809964e-03  1.80818960e-02  3.77361625e-02  5.68029322e-02
  7.52133057e-02  9.28813666e-02  1.09705962e-01  1.25575140e-01  1.40374035e-01
  6.57029748e-02  5.92964031e-02  4.91165705e-02  3.68480906e-02  2.38489863e-02
  1.03743682e-02 -3.54760792e-03 -1.79211348e-02 -3.27534936e-02 -4.80452888e-02
 -6.37594834e-02 -7.98597038e-02 -9.61859450e-02 -1.12512000e-01 -1.28587663e-01
 -1.44168004e-01 -1.59032747e-01 -1.72998801e-01 -1.85928792e-01 -1.97736815e-01
 -2.08391607e-01 -2.17916712e-01 -2.26378649e-01 -2.33865455e-01 -2.40472242e-01
 -2.46291682e-01 -2.51407623e-01 -2.55890638e-01 -2.59794742e-01 -2.63154775e-01
 -2.65984297e-01 -2.68273741e-01 -2.69989014e-01 -2.71070451e-01 -2.71432936e-01
 -2.70967931e-01 -2.69548178e-01 -2.67036498e-01 -2.63298601e-01 -2.58219540e-01
 -2.51720130e-01 -2.43769497e-01 -2.34387904e-01 -2.23638415e-01 -2.11609468e-01
 -1.98396578e-01 -1.84094205e-01 -1.68781683e-01 -1.52497411e-01 -1.35228649e-01
 -1.16923235e-01 -9.75278392e-02 -7.70589262e-02 -5.57107478e-02 -3.39922793e-02
 -1.28489621e-02  8.00621789e-03  2.85217036e-02  4.86471616e-02  6.83198944e-02
  8.74554589e-02  1.05940573e-01  1.23628914e-01  1.40342847e-01  1.55884653e-01
  6.74100742e-02  6.13050163e-02  5.08691184e-02  3.84206697e-02  2.54499651e-02
  1.20556038e-02 -1.77280058e-03 -1.60426702e-02 -3.07609886e-02 -4.59373817e-02
 -6.15140907e-02 -7.74708688e-02 -9.36610624e-02 -1.09868303e-01 -1.25848964e-01
 -1.41362011e-01 -1.56188846e-01 -1.70145944e-01 -1.83093190e-01 -1.94939256e-01
 -2.05644682e-01 -2.15221986e-01 -2.23728254e-01 -2.31244653e-01 -2.37860888e-01
 -2.43664920e-01 -2.48736307e-01 -2.53141344e-01 -2.56929785e-01 -2.60132045e-01
 -2.62757272e-01 -2.64791697e-01 -2.66197681e-01 -2.66913414e-01 -2.66854167e-01
 -2.65915424e-01 -2.63979167e-01 -2.60923266e-01 -2.56634325e-01 -2.51021773e-01
 -2.44030520e-01 -2.35647887e-01 -2.25901917e-01 -2.14851066e-01 -2.02569664e-01
 -1.89137846e-01 -1.74633443e-01 -1.59107432e-01 -1.42566860e-01 -1.24974996e-01
 -1.06274299e-01 -8.64383131e-02 -6.55590445e-02 -4.39715572e-02 -2.23944038e-02
 -1.03164022e-03  2.01436467e-02  4.11330797e-02  6.19192123e-02  8.24618489e-02
  1.02687851e-01  1.22474931e-01  1.41630739e-01  1.59874335e-01  1.76840246e-01
  6.86631426e-02  6.27171844e-02  5.24061844e-02  4.00934331e-02  2.72509083e-02
  1.39648430e-02  2.42374692e-04 -1.39080081e-02 -2.84852888e-02 -4.34965380e-02
 -5.88706583e-02 -7.46127665e-02 -9.05951485e-02 -1.06615037e-01 -1.22437984e-01
 -1.37828618e-01 -1.52571082e-01 -1.66481897e-01 -1.79418191e-01 -1.91282749e-01
 -2.02026665e-01 -2.11649403e-01 -2.20194757e-01 -2.27734178e-01 -2.34349757e-01
 -2.40123123e-01 -2.45128095e-01 -2.49425679e-01 -2.53060371e-01 -2.56057620e-01
 -2.58421987e-01 -2.60135800e-01 -2.61158943e-01 -2.61429429e-01 -2.60865837e-01
 -2.59371728e-01 -2.56842762e-01 -2.53176510e-01 -2.48283550e-01 -2.42098764e-01
 -2.34589070e-01 -2.25755498e-01 -2.15628415e-01 -2.04258114e-01 -1.91706434e-01
 -1.78040832e-01 -1.63313493e-01 -1.47542223e-01 -1.30704015e-01 -1.12746932e-01
 -9.36264470e-02 -7.33738318e-02 -5.22027798e-02 -3.06491386e-02 -9.15435515e-03
  1.23100774e-02  3.37761492e-02  5.52745685e-02  7.68314004e-02  9.84622166e-02
  1.20160326e-01  1.41872942e-01  1.63450539e-01  1.84540823e-01  2.04428315e-01
  6.91108480e-02  6.29722774e-02  5.36326133e-02  4.20383550e-02  2.93572452e-02
  1.61090866e-02  2.44820910e-03 -1.15888389e-02 -2.60017589e-02 -4.08032909e-02
 -5.59095405e-02 -7.13600889e-02 -8.70527700e-02 -1.02803238e-01 -1.18389711e-01
 -1.33584857e-01 -1.48177132e-01 -1.61984131e-01 -1.74860731e-01 -1.86703905e-01
 -1.97454974e-01 -2.07099497e-01 -2.15664417e-01 -2.23207846e-01 -2.29801655e-01
 -2.35519141e-01 -2.40427002e-01 -2.44579792e-01 -2.48016238e-01 -2.50756681e-01
 -2.52801448e-01 -2.54130244e-01 -2.54702449e-01 -2.54458874e-01 -2.53325135e-01
 -2.51217067e-01 -2.48048007e-01 -2.43737713e-01 -2.38221213e-01 -2.31456161e-01
 -2.23426387e-01 -2.14140713e-01 -2.03627959e-01 -1.91932023e-01 -1.79106906e-01
 -1.65198892e-01 -1.50228962e-01 -1.34183571e-01 -1.17019422e-01 -9.86878201e-02
 -7.91851133e-02 -5.86353764e-02 -3.74036841e-02 -1.62143912e-02  5.08371834e-03
  2.65236199e-02  4.81583960e-02  7.00580627e-02  9.23095047e-02  1.15018226e-01
  1.38311476e-01  1.62344366e-01  1.87316239e-01  2.13516414e-01  2.41081029e-01
  7.95962736e-02  7.60966092e-02  6.04285747e-02  4.53934968e-02  3.17953639e-02
  1.83026530e-02  4.64808336e-03 -9.25548375e-03 -2.34530140e-02 -3.79789658e-02
 -5.27364016e-02 -6.78045526e-02 -8.31110179e-02 -9.84937251e-02 -1.13746807e-01
 -1.28653526e-01 -1.43008471e-01 -1.56631589e-01 -1.69376433e-01 -1.81134790e-01
 -1.91838622e-01 -2.01459706e-01 -2.10006922e-01 -2.17520550e-01 -2.24058941e-01
 -2.29684815e-01 -2.34456122e-01 -2.38420144e-01 -2.41609544e-01 -2.44039893e-01
 -2.45708525e-01 -2.46594340e-01 -2.46659011e-01 -2.45849535e-01 -2.44102225e-01
 -2.41348431e-01 -2.37521157e-01 -2.32562169e-01 -2.26428121e-01 -2.19094425e-01
 -2.10556135e-01 -2.00826317e-01 -1.89934686e-01 -1.77922115e-01 -1.64825886e-01
 -1.50665283e-01 -1.35432661e-01 -1.19095072e-01 -1.01611391e-01 -8.29713568e-02
 -6.32623956e-02 -4.27662432e-02 -2.20717117e-02 -1.26533047e-03  1.97161529e-02
  4.09425572e-02  6.25000522e-02  8.44987407e-02  1.07081115e-01  1.30433530e-01
  1.54802740e-01  1.80520520e-01  2.08034396e-01  2.37860575e-01  2.69476950e-01
  7.29565546e-02  6.74942136e-02  5.80715239e-02  4.60807644e-02  3.31499092e-02
  1.99059844e-02  6.47305138e-03 -7.15686195e-03 -2.10199710e-02 -3.51600759e-02
 -4.94677871e-02 -6.40483871e-02 -7.88576156e-02 -9.37579274e-02 -1.08562395e-01
 -1.23067550e-01 -1.37076184e-01 -1.50412053e-01 -1.62928492e-01 -1.74513057e-01
 -1.85089305e-01 -1.94616258e-01 -2.03085765e-01 -2.10517779e-01 -2.16952935e-01
 -2.22440451e-01 -2.27027893e-01 -2.30754375e-01 -2.33646527e-01 -2.35716045e-01
 -2.36958802e-01 -2.37355247e-01 -2.36872166e-01 -2.35465601e-01 -2.33085126e-01
 -2.29678839e-01 -2.25198850e-01 -2.19606295e-01 -2.12874949e-01 -2.04993397e-01
 -1.95965841e-01 -1.85812652e-01 -1.74563169e-01 -1.62244946e-01 -1.48872882e-01
 -1.34442195e-01 -1.18929081e-01 -1.02303989e-01 -8.45624879e-02 -6.57793209e-02
 -4.61879447e-02 -2.62768064e-02 -6.24343101e-03  1.39552727e-02  3.43762524e-02
  5.50923869e-02  7.61976838e-02  9.78146493e-02  1.20104499e-01  1.43281221e-01
  1.67631194e-01  1.93538979e-01  2.21517399e-01  2.52255589e-01  2.86904514e-01
  7.81191960e-02  7.48324469e-02  6.13990016e-02  4.70485054e-02  3.38309593e-02
  2.07885560e-02  7.70744588e-03 -5.49030909e-03 -1.88525207e-02 -3.24159972e-02
 -4.62062582e-02 -6.01967648e-02 -7.43888244e-02 -8.86782110e-02 -1.02902211e-01
 -1.16874076e-01 -1.30407110e-01 -1.43330410e-01 -1.55498236e-01 -1.66794971e-01
 -1.77136898e-01 -1.86471716e-01 -1.94776148e-01 -2.02051625e-01 -2.08318487e-01
 -2.13608801e-01 -2.17957437e-01 -2.21394435e-01 -2.23940402e-01 -2.25604013e-01
 -2.26381332e-01 -2.26256356e-01 -2.25203022e-01 -2.23188132e-01 -2.20175073e-01
 -2.16128007e-01 -2.11015880e-01 -2.04815865e-01 -1.97516277e-01 -1.89119250e-01
 -1.79638416e-01 -1.69093609e-01 -1.57503426e-01 -1.44877613e-01 -1.31212428e-01
 -1.16492033e-01 -1.00699864e-01 -8.38444680e-02 -6.60038218e-02 -4.73903865e-02
 -2.84302644e-02 -9.35214851e-03  9.86663066e-03  2.92584598e-02  4.88676354e-02
  6.87531382e-02  8.89925733e-02  1.09687656e-01  1.30971849e-01  1.53021336e-01
  1.76071823e-01  2.00447589e-01  2.26627409e-01  2.55515665e-01  2.91221470e-01
  7.10077956e-02  6.59940317e-02  5.69045991e-02  4.53589819e-02  3.30848172e-02
  2.06495803e-02  8.14503524e-03 -4.44790348e-03 -1.71682257e-02 -3.00552770e-02
 -4.31460366e-02 -5.63908815e-02 -6.98178187e-02 -8.33493620e-02 -9.68456492e-02
 -1.10137232e-01 -1.23049058e-01 -1.35416657e-01 -1.47096142e-01 -1.57969639e-01
 -1.67947277e-01 -1.76966980e-01 -1.84992254e-01 -1.92008644e-01 -1.98018804e-01
 -2.03036845e-01 -2.07082182e-01 -2.10173950e-01 -2.12326303e-01 -2.13545278e-01
 -2.13828012e-01 -2.13163137e-01 -2.11532593e-01 -2.08914071e-01 -2.05284104e-01
 -2.00621501e-01 -1.94910929e-01 -1.88145325e-01 -1.80326298e-01 -1.71462744e-01
 -1.61567181e-01 -1.50650889e-01 -1.38719141e-01 -1.25768900e-01 -1.11791655e-01
 -9.67844799e-02 -8.07731822e-02 -6.38503730e-02 -4.62280922e-02 -2.83006430e-02
 -1.02567980e-02  7.90579803e-03  2.61949431e-02  4.46251892e-02  6.32191822e-02
  8.20091218e-02  1.01038404e-01  1.20363288e-01  1.40054584e-01  1.60198972e-01
  1.80899024e-01  2.02269927e-01  2.24422470e-01  2.47388318e-01  2.70262569e-01
  7.09371418e-02  6.73070401e-02  5.61201312e-02  4.33136113e-02  3.12709026e-02
  1.94690339e-02  7.70593435e-03 -4.10887087e-03 -1.60302017e-02 -2.80988570e-02
 -4.03493717e-02 -5.27091920e-02 -6.52295873e-02 -7.78579935e-02 -9.04773623e-02
 -1.02936648e-01 -1.15073897e-01 -1.26732454e-01 -1.37771532e-01 -1.48072064e-01
 -1.57539293e-01 -1.66102841e-01 -1.73714980e-01 -1.80347726e-01 -1.85988843e-01
 -1.90637276e-01 -1.94298625e-01 -1.96980640e-01 -1.98689818e-01 -1.99428886e-01
 -1.99195728e-01 -1.97983667e-01 -1.95782572e-01 -1.92581013e-01 -1.88368395e-01
 -1.83137283e-01 -1.76884800e-01 -1.69613019e-01 -1.61327854e-01 -1.52036831e-01
 -1.41746104e-01 -1.30458221e-01 -1.18171945e-01 -1.04886539e-01 -9.06131342e-02
 -7.53959715e-02 -5.93470149e-02 -4.26954255e-02 -2.58286800e-02 -8.82842392e-03
  8.28745868e-03  2.55041253e-02  4.28101011e-02  6.01976030e-02  7.76627511e-02
  9.52055529e-02  1.12829335e-01  1.30539134e-01  1.48338377e-01  1.66222230e-01
  1.84165403e-01  2.02099323e-01  2.19869316e-01  2.37144098e-01  2.53202766e-01
  6.19305596e-02  5.71546033e-02  4.86985967e-02  3.83952968e-02  2.77869608e-02
  1.71206854e-02  6.38114102e-03 -4.46143374e-03 -1.54317236e-02 -2.65516695e-02
 -3.78425308e-02 -4.91999052e-02 -6.06912784e-02 -7.22860023e-02 -8.38894844e-02
 -9.53703448e-02 -1.06581658e-01 -1.17376715e-01 -1.27619669e-01 -1.37192026e-01
 -1.45995751e-01 -1.53953984e-01 -1.61009878e-01 -1.67124376e-01 -1.72272995e-01
 -1.76442429e-01 -1.79626867e-01 -1.81824774e-01 -1.83036163e-01 -1.83260784e-01
 -1.82497159e-01 -1.80742577e-01 -1.77993640e-01 -1.74247384e-01 -1.69502214e-01
 -1.63758650e-01 -1.57019377e-01 -1.49288595e-01 -1.40570730e-01 -1.30869269e-01
 -1.20186344e-01 -1.08524755e-01 -9.58938524e-02 -8.23213235e-02 -6.78725317e-02
 -5.26763275e-02 -3.69574651e-02 -2.11419445e-02 -5.14766015e-03  1.09855086e-02
  2.72222087e-02  4.35293280e-02  5.98750338e-02  7.62283579e-02  9.25588310e-02
  1.08835846e-01  1.25027403e-01  1.41097710e-01  1.57002866e-01  1.72684073e-01
  1.88056931e-01  2.02996120e-01  2.17315659e-01  2.30750710e-01  2.42961898e-01
  5.29544689e-02  4.76736836e-02  4.06576619e-02  3.23547237e-02  2.33671982e-02
  1.40094804e-02  4.41624410e-03 -5.35643846e-03 -1.52878389e-02 -2.53745466e-02
 -3.56225595e-02 -4.58929613e-02 -5.62622920e-02 -6.67180046e-02 -7.71870986e-02
 -8.75590742e-02 -9.77044329e-02 -1.07489184e-01 -1.16785228e-01 -1.25477195e-01
 -1.33466199e-01 -1.40671238e-01 -1.47028819e-01 -1.52491450e-01 -1.57025293e-01
 -1.60607561e-01 -1.63223773e-01 -1.64865240e-01 -1.65527016e-01 -1.65206403e-01
 -1.63901940e-01 -1.61613062e-01 -1.58339962e-01 -1.54083759e-01 -1.48846418e-01
 -1.42630652e-01 -1.35439441e-01 -1.27275720e-01 -1.18142366e-01 -1.08043566e-01
 -9.69884992e-02 -8.49988163e-02 -7.21219257e-02 -5.84508404e-02 -4.41556647e-02
 -2.95005310e-02 -1.46019580e-02  4.93177969e-04  1.57545619e-02  3.11426539e-02
  4.66129035e-02  6.21173345e-02  7.76052102e-02  9.30234268e-02  1.08316757e-01
  1.23427950e-01  1.38297394e-01  1.52862072e-01  1.67053491e-01  1.80794314e-01
  1.93993688e-01  2.06542224e-01  2.18308255e-01  2.29138836e-01  2.38869816e-01
  4.77892943e-02  4.31332961e-02  3.55810225e-02  2.73531694e-02  1.91305708e-02
  1.07232062e-02  2.13390868e-03 -6.61262171e-03 -1.54988300e-02 -2.45181341e-02
 -3.36752571e-02 -4.28144373e-02 -5.20057827e-02 -6.12495877e-02 -7.04935938e-02
 -7.96495378e-02 -8.86080265e-02 -9.72510651e-02 -1.05461784e-01 -1.13131322e-01
 -1.20163105e-01 -1.26475006e-01 -1.31999806e-01 -1.36684403e-01 -1.40488416e-01
 -1.43382207e-01 -1.45344868e-01 -1.46362275e-01 -1.46425381e-01 -1.45528853e-01
 -1.43669948e-01 -1.40847832e-01 -1.37062922e-01 -1.32316515e-01 -1.26610368e-01
 -1.19946569e-01 -1.12327747e-01 -1.03758201e-01 -9.42464694e-02 -8.38105157e-02
 -7.24856555e-02 -6.03363663e-02 -4.74762768e-02 -3.40729654e-02 -2.04639472e-02
 -6.50780089e-03  7.73742655e-03  2.22188029e-02  3.68852057e-02  5.16823046e-02
  6.65506348e-02  8.14248770e-02  9.62338820e-02  1.10901214e-01  1.25346273e-01
  1.39485866e-01  1.53235927e-01  1.66513205e-01  1.79236308e-01  1.91326112e-01
  2.02705309e-01  2.13297591e-01  2.23027408e-01  2.31821403e-01  2.39612326e-01
  4.06851433e-02  3.55371870e-02  2.92803589e-02  2.22388580e-02  1.48363123e-02
  7.26218848e-03 -4.22899204e-04 -8.19670409e-03 -1.60486810e-02 -2.39724126e-02
 -3.19611579e-02 -4.00013104e-02 -4.80033010e-02 -5.59960045e-02 -6.39538392e-02
 -7.18137845e-02 -7.94891790e-02 -8.68810639e-02 -9.38871801e-02 -1.00408770e-01
 -1.06355190e-01 -1.11646630e-01 -1.16215363e-01 -1.20005764e-01 -1.22973576e-01
 -1.25084683e-01 -1.26313612e-01 -1.26641974e-01 -1.26057059e-01 -1.24550529e-01
 -1.22117274e-01 -1.18754573e-01 -1.14461385e-01 -1.09238006e-01 -1.03086084e-01
 -9.60093290e-02 -8.80154669e-02 -7.91196078e-02 -6.93499073e-02 -5.87589368e-02
 -4.74348105e-02 -3.55000682e-02 -2.32102610e-02 -1.04764681e-02  2.63839751e-03
  1.61065795e-02  2.98886932e-02  4.39378135e-02  5.81999682e-02  7.26129413e-02
  8.71048346e-02  1.01593003e-01  1.15983747e-01  1.30173147e-01  1.44049361e-01
  1.57496542e-01  1.70399964e-01  1.82651892e-01  1.94157034e-01  2.04836786e-01
  2.14631453e-01  2.23500550e-01  2.31421217e-01  2.38385841e-01  2.44399503e-01
  3.62690687e-02  3.21223848e-02  2.45919134e-02  1.72189642e-02  1.02752456e-02
  3.42071289e-03 -3.40663595e-03 -1.02277910e-02 -1.70541760e-02 -2.38931160e-02
 -3.07487957e-02 -3.76231112e-02 -4.43952605e-02 -5.11008687e-02 -5.77301793e-02
 -6.42401129e-02 -7.05647171e-02 -7.66243190e-02 -8.23330879e-02 -8.76051709e-02
 -9.23591405e-02 -9.65210050e-02 -1.00025944e-01 -1.02818981e-01 -1.04854830e-01
 -1.06097288e-01 -1.06518216e-01 -1.06096379e-01 -1.04816318e-01 -1.02667227e-01
 -9.96420830e-02 -9.57369730e-02 -9.09509733e-02 -8.52864236e-02 -7.87499249e-02
 -7.13542476e-02 -6.31235316e-02 -5.40982001e-02 -4.43332531e-02 -3.39354724e-02
 -2.31137536e-02 -1.17578711e-02  8.05788295e-05  1.23780333e-02  2.51047369e-02
  3.82301696e-02  5.17188460e-02  6.55279160e-02  7.96048269e-02  9.38845649e-02
  1.08286694e-01  1.22712485e-01  1.37042850e-01  1.51138157e-01  1.64841175e-01
  1.77984074e-01  1.90399736e-01  2.01935679e-01  2.12467670e-01  2.21910149e-01
  2.30221689e-01  2.37404749e-01  2.43499890e-01  2.48575747e-01  2.52716690e-01
  2.77971141e-02  2.27948502e-02  1.70866214e-02  1.09828655e-02  4.86111408e-03
 -1.14861864e-03 -7.04657752e-03 -1.28621086e-02 -1.86229851e-02 -2.43491419e-02
 -3.00527718e-02 -3.57397646e-02 -4.12689038e-02 -4.66777906e-02 -5.19663170e-02
 -5.71061000e-02 -6.20484762e-02 -6.67315125e-02 -7.10860416e-02 -7.50407130e-02
 -7.85259008e-02 -8.14765692e-02 -8.38341787e-02 -8.55477229e-02 -8.65741149e-02
 -8.68780315e-02 -8.64313766e-02 -8.52125436e-02 -8.32057297e-02 -8.04002807e-02
 -7.67902583e-02 -7.23742768e-02 -6.71565756e-02 -6.11491948e-02 -5.43734841e-02
 -4.68571894e-02 -3.86550836e-02 -2.98774391e-02 -2.05167420e-02 -1.05924243e-02
 -1.38701900e-04  1.08373240e-02  2.23215595e-02  3.42997499e-02  4.67559472e-02
  5.96715659e-02  7.30233267e-02  8.67805183e-02  1.00901432e-01  1.15328819e-01
  1.29984081e-01  1.44760311e-01  1.59514815e-01  1.74062908e-01  1.88176706e-01
  2.01594159e-01  2.14042604e-01  2.25273266e-01  2.35095099e-01  2.43397638e-01
  2.50160754e-01  2.55453080e-01  2.59418845e-01  2.62251765e-01  2.64159828e-01
  2.07939614e-02  1.64185483e-02  9.90335178e-03  3.72040295e-03 -1.67827494e-03
 -6.70559751e-03 -1.15202665e-02 -1.62079595e-02 -2.08174437e-02 -2.53754370e-02
 -2.98950467e-02 -3.43807414e-02 -3.86727639e-02 -4.28019390e-02 -4.67699878e-02
 -5.05568646e-02 -5.41264936e-02 -5.74317612e-02 -6.04189448e-02 -6.30315542e-02
 -6.52134269e-02 -6.69109598e-02 -6.80749342e-02 -6.86616898e-02 -6.86339587e-02
 -6.79611862e-02 -6.66193739e-02 -6.45904988e-02 -6.18626699e-02 -5.84305152e-02
 -5.42951524e-02 -4.94622141e-02 -4.39454019e-02 -3.77768651e-02 -3.10230479e-02
 -2.36769281e-02 -1.57470684e-02 -7.25331530e-03  1.79395522e-03  1.13859121e-02
  2.15148684e-02  3.21777761e-02  4.33736108e-02  5.51027507e-02  6.73661307e-02
  8.01641494e-02  9.34949368e-02  1.07351810e-01  1.21719457e-01  1.36568233e-01
  1.51845679e-01  1.67464063e-01  1.83282331e-01  1.99081630e-01  2.14537323e-01
  2.29205787e-01  2.42566720e-01  2.54139274e-01  2.63589174e-01  2.70754546e-01
  2.75645673e-01  2.78442591e-01  2.79491067e-01  2.79257298e-01  2.78203517e-01
  8.31109751e-03  2.99223000e-03 -1.80894171e-03 -6.05766894e-03 -9.85619240e-03
 -1.34057263e-02 -1.68417152e-02 -2.02273037e-02 -2.35860292e-02 -2.69227680e-02
 -3.02345417e-02 -3.35171632e-02 -3.66035551e-02 -3.94996144e-02 -4.21999060e-02
 -4.46868911e-02 -4.69326563e-02 -4.89016026e-02 -5.05534522e-02 -5.18461913e-02
 -5.27384169e-02 -5.31897545e-02 -5.31624965e-02 -5.26231900e-02 -5.15439212e-02
 -4.99034040e-02 -4.76881005e-02 -4.48872186e-02 -4.14967686e-02 -3.75233330e-02
 -3.29902060e-02 -2.79073529e-02 -2.22729761e-02 -1.60954073e-02 -9.38781165e-03
 -2.15610466e-03  5.59569290e-03  1.38646346e-02  2.26508696e-02  3.19576822e-02
  4.17916924e-02  5.21633327e-02  6.30868152e-02  7.45800659e-02  8.66646469e-02
  9.93655697e-02  1.12710781e-01  1.26730129e-01  1.41453296e-01  1.56905964e-01
  1.73102856e-01  1.90035343e-01  2.07649559e-01  2.25804925e-01  2.44185254e-01
  2.62091517e-01  2.78191388e-01  2.91177183e-01  3.00741851e-01  3.06626290e-01
  3.08916867e-01  3.07901382e-01  3.04084122e-01  2.98942715e-01  2.93661058e-01
 -7.72003038e-03 -1.43025005e-02 -1.68638639e-02 -1.78589467e-02 -1.91145409e-02
 -2.07428578e-02 -2.26135273e-02 -2.46285461e-02 -2.67217103e-02 -2.88443230e-02
 -3.09568681e-02 -3.30235474e-02 -3.50055844e-02 -3.67521197e-02 -3.82644683e-02
 -3.95308360e-02 -4.05303910e-02 -4.12364081e-02 -4.16193008e-02 -4.16503921e-02
 -4.13083546e-02 -4.05663960e-02 -3.93984653e-02 -3.77821065e-02 -3.57000232e-02
 -3.31411958e-02 -3.01251709e-02 -2.66391300e-02 -2.26792842e-02 -1.82483196e-02
 -1.33530851e-02 -7.99971540e-03 -2.19234754e-03  4.06531291e-03  1.07707307e-02
  1.79243162e-02  2.55296528e-02  3.35936882e-02  4.21271771e-02  5.11450171e-02
  6.06665872e-02  7.07161874e-02  8.13235417e-02  9.25244987e-02  1.04361922e-01
  1.16886973e-01  1.30160645e-01  1.44255713e-01  1.59258813e-01  1.75272599e-01
  1.92417145e-01  2.10829616e-01  2.30661482e-01  2.52075464e-01  2.75279671e-01
  3.00966173e-01  3.30412596e-01  3.38647753e-01  3.52430373e-01  3.55017722e-01
  3.52481037e-01  3.51237625e-01  3.31535101e-01  3.17874849e-01  3.07395250e-01
 -2.13029720e-02 -2.93095317e-02 -2.92666815e-02 -2.76453737e-02 -2.72248946e-02
 -2.74708960e-02 -2.81035248e-02 -2.89672166e-02 -2.99574286e-02 -3.09972502e-02
 -3.20279300e-02 -3.30048278e-02 -3.38978320e-02 -3.45445424e-02 -3.49386968e-02
 -3.50656845e-02 -3.49056944e-02 -3.44351642e-02 -3.36268060e-02 -3.24473605e-02
 -3.09454035e-02 -2.90896259e-02 -2.68595088e-02 -2.42419746e-02 -2.12301593e-02
 -1.78230572e-02 -1.40255215e-02 -9.84193943e-03 -5.27818128e-03 -3.41570500e-04
  4.96011460e-03  1.06201787e-02  1.66341495e-02  2.30004322e-02  2.97209881e-02
  3.68019789e-02  4.42541465e-02  5.20930216e-02  6.03390597e-02  6.90178275e-02
  7.81602114e-02  8.78028572e-02  9.79889184e-02  1.08769186e-01  1.20203808e-01
  1.32364854e-01  1.45339906e-01  1.59237206e-01  1.74192771e-01  1.90380394e-01
  2.08025262e-01  2.27421090e-01  2.48949215e-01  2.73100823e-01  3.00567478e-01
  3.31797004e-01  3.53105783e-01  3.67759556e-01  3.79050791e-01  3.77853990e-01
  3.77018064e-01  3.61390263e-01  3.42772752e-01  3.27052772e-01  3.14390510e-01
 -2.46886052e-02 -3.16621065e-02 -3.40265669e-02 -3.38864103e-02 -3.33478227e-02
 -3.30088660e-02 -3.29120792e-02 -3.29832882e-02 -3.31358537e-02 -3.32928859e-02
 -3.33899595e-02 -3.33724581e-02 -3.31904329e-02 -3.27893905e-02 -3.21344770e-02
 -3.12000606e-02 -2.99651753e-02 -2.84118950e-02 -2.65253875e-02 -2.42957305e-02
 -2.17229594e-02 -1.88032016e-02 -1.55340284e-02 -1.19165014e-02 -7.95583799e-03
 -3.66135198e-03  9.54213610e-04  5.87615464e-03  1.10887652e-02  1.65764485e-02
  2.23250668e-02  2.83233933e-02  3.45644467e-02  4.10465486e-02  4.77741025e-02
  5.47580086e-02  6.20157719e-02  6.95712939e-02  7.74545744e-02  8.57013315e-02
  9.43528041e-02  1.03455827e-01  1.13063358e-01  1.23235554e-01  1.34041637e-01
  1.45562813e-01  1.57896549e-01  1.71163052e-01  1.85514674e-01  2.01150715e-01
  2.18340591e-01  2.37462521e-01  2.59070426e-01  2.83993363e-01  3.12984735e-01
  3.40042621e-01  3.57621968e-01  3.72680873e-01  3.77994418e-01  3.78832281e-01
  3.71775210e-01  3.55196625e-01  3.38658243e-01  3.24643016e-01  3.12891603e-01
 -3.48537266e-02 -4.40456420e-02 -4.22518291e-02 -3.94731723e-02 -3.82719748e-02
 -3.75936143e-02 -3.71329822e-02 -3.67462449e-02 -3.63370366e-02 -3.58328670e-02
 -3.51777412e-02 -3.43273245e-02 -3.32449935e-02 -3.18992622e-02 -3.02648693e-02
 -2.83216462e-02 -2.60534938e-02 -2.34479848e-02 -2.04965696e-02 -1.71951391e-02
 -1.35444524e-02 -9.54895560e-03 -5.21714333e-03 -5.62026107e-04  4.39868728e-03
  9.64282267e-03  1.51444422e-02  2.08750386e-02  2.68050786e-02  3.29059102e-02
  3.91519070e-02  4.55227122e-02  5.20052724e-02  5.85954264e-02  6.52988777e-02
  7.21314028e-02  7.91184008e-02  8.62938389e-02  9.36989188e-02  1.01380676e-01
  1.09390825e-01  1.17784970e-01  1.26622424e-01  1.35966688e-01  1.45886645e-01
  1.56458616e-01  1.67769372e-01  1.79920495e-01  1.93034485e-01  2.07263693e-01
  2.22803697e-01  2.39914507e-01  2.58953482e-01  2.80387759e-01  3.04108888e-01
  3.24521631e-01  3.38474631e-01  3.50211680e-01  3.53928030e-01  3.54609758e-01
  3.47839504e-01  3.35652262e-01  3.24152023e-01  3.13822746e-01  3.04605782e-01
 -3.09480671e-02 -3.83870266e-02 -4.15186435e-02 -4.20312397e-02 -4.18137349e-02
 -4.14911211e-02 -4.11078334e-02 -4.05885130e-02 -3.98613326e-02 -3.88777554e-02
 -3.76080982e-02 -3.60338017e-02 -3.41413654e-02 -3.19188945e-02 -2.93549635e-02
 -2.64385976e-02 -2.31599808e-02 -1.95115358e-02 -1.54891321e-02 -1.10932039e-02
 -6.32958114e-03 -1.20994507e-03  4.24777251e-03  1.00190844e-02  1.60728320e-02
  2.23713852e-02  2.88713239e-02  3.55247855e-02  4.22816277e-02  4.90924232e-02
  5.59121631e-02  6.27042204e-02  6.94440827e-02  7.61221573e-02  8.27452466e-02
  8.93364400e-02  9.59334597e-02  1.02585837e-01  1.09351516e-01  1.16293490e-01
  1.23476900e-01  1.30966976e-01  1.38827905e-01  1.47122428e-01  1.55912250e-01
  1.65258646e-01  1.75223410e-01  1.85869545e-01  1.97261065e-01  2.09461182e-01
  2.22525820e-01  2.36487776e-01  2.51319230e-01  2.66849875e-01  2.82408804e-01
  2.96060592e-01  3.06933850e-01  3.14654529e-01  3.18888664e-01  3.19496632e-01
  3.16500276e-01  3.11213881e-01  3.05061936e-01  2.98655391e-01  2.92347580e-01
 -3.95690799e-02 -4.99145873e-02 -4.69579361e-02 -4.50623073e-02 -4.51794863e-02
 -4.55085598e-02 -4.55570854e-02 -4.51510102e-02 -4.42462452e-02 -4.28540893e-02
 -4.10040468e-02 -3.87255475e-02 -3.60399261e-02 -3.29580903e-02 -2.94816475e-02
 -2.56057680e-02 -2.13227309e-02 -1.66254230e-02 -1.15103116e-02 -5.97971072e-03
 -4.32882480e-05  6.28106203e-03  1.29667055e-02  1.99778508e-02  2.72690821e-02
  3.47849131e-02  4.24597152e-02  5.02186194e-02  5.79800978e-02  6.56606331e-02
  7.31814280e-02  8.04763213e-02  8.74994844e-02  9.42312926e-02  1.00681178e-01
  1.06886730e-01  1.12909384e-01  1.18827581e-01  1.24728926e-01  1.30702958e-01
  1.36835515e-01  1.43205300e-01  1.49882063e-01  1.56926244e-01  1.64389268e-01
  1.72313794e-01  1.80733487e-01  1.89671785e-01  1.99138626e-01  2.09124044e-01
  2.19586775e-01  2.30434835e-01  2.41494611e-01  2.52468407e-01  2.62904376e-01
  2.72256136e-01  2.80034602e-01  2.85897136e-01  2.89658219e-01  2.91301727e-01
  2.91012943e-01  2.89177150e-01  2.86261678e-01  2.82677442e-01  2.78733760e-01
 -2.63262857e-02 -3.47579680e-02 -4.09173705e-02 -4.53833640e-02 -4.87243235e-02
 -5.08809537e-02 -5.17563038e-02 -5.14830872e-02 -5.02715819e-02 -4.83057648e-02
 -4.57276292e-02 -4.26369682e-02 -3.90939862e-02 -3.51254754e-02 -3.07336617e-02
 -2.59058587e-02 -2.06234194e-02 -1.48690203e-02 -8.63203127e-03 -1.91193423e-03
  5.28004020e-03  1.29207233e-02  2.09755097e-02  2.93985568e-02  3.81317884e-02
  4.71025072e-02  5.62202185e-02  6.53743818e-02  7.44353309e-02  8.32607597e-02
  9.17087123e-02  9.96551067e-02  1.07011676e-01  1.13739654e-01  1.19856037e-01
  1.25431135e-01  1.30577564e-01  1.35433152e-01  1.40142411e-01  1.44841343e-01
  1.49648145e-01  1.54659435e-01  1.59950554e-01  1.65577382e-01  1.71578765e-01
  1.77978203e-01  1.84784472e-01  1.91990882e-01  1.99572727e-01  2.07482725e-01
  2.15644330e-01  2.23943129e-01  2.32218355e-01  2.40258992e-01  2.47812018e-01
  2.54608631e-01  2.60402411e-01  2.65004665e-01  2.68308014e-01  2.70298451e-01
  2.71055847e-01  2.70737857e-01  2.69547641e-01  2.67696708e-01  2.65377462e-01
 -2.12989356e-02 -3.07118632e-02 -3.99144255e-02 -4.88793030e-02 -5.69870695e-02
 -6.14081137e-02 -6.20550774e-02 -6.09987304e-02 -5.87590560e-02 -5.56624644e-02
 -5.19657470e-02 -4.78264280e-02 -4.33161333e-02 -3.84408385e-02 -3.31652053e-02
 -2.74352189e-02 -2.11951453e-02 -1.43989576e-02 -7.01765297e-03  9.56674747e-04
  9.51013807e-03  1.86102893e-02  2.82119699e-02  3.82618643e-02  4.86980677e-02
  5.94432727e-02  7.03925937e-02  8.13990757e-02  9.22628343e-02  1.02734126e-01
  1.12539716e-01  1.21429212e-01  1.29222259e-01  1.35840237e-01  1.41319901e-01
  1.45809069e-01  1.49540573e-01  1.52785257e-01  1.55801386e-01  1.58802286e-01
  1.61946997e-01  1.65345386e-01  1.69068158e-01  1.73156425e-01  1.77628830e-01
  1.82486340e-01  1.87714592e-01  1.93284631e-01  1.99152112e-01  2.05255508e-01
  2.11513817e-01  2.17824474e-01  2.24062935e-01  2.30085447e-01  2.35736400e-01
  2.40860716e-01  2.45318964e-01  2.49002323e-01  2.51843929e-01  2.53824919e-01
  2.54973859e-01  2.55359739e-01  2.55079746e-01  2.54245102e-01  2.52968371e-01
 -1.79465842e-02 -2.86583249e-02 -4.04219255e-02 -5.38072884e-02 -6.90267682e-02
 -7.67970234e-02 -7.74571598e-02 -7.46424496e-02 -6.98700398e-02 -6.46978319e-02
 -5.93144670e-02 -5.38781397e-02 -4.83968295e-02 -4.27514352e-02 -3.67814563e-02
 -3.03335581e-02 -2.32773144e-02 -1.55147100e-02 -6.98557775e-03  2.32824148e-03
  1.23958699e-02  2.31472775e-02  3.45043913e-02  4.64065559e-02  5.88134937e-02
  7.16890395e-02  8.49709660e-02  9.85259414e-02  1.12087809e-01  1.25202432e-01
  1.37265265e-01  1.47708654e-01  1.56158820e-01  1.62458047e-01  1.66677326e-01
  1.69131920e-01  1.70375556e-01  1.71030462e-01  1.71583191e-01  1.72336251e-01
  1.73454031e-01  1.75015330e-01  1.77048966e-01  1.79554507e-01  1.82513624e-01
  1.85895860e-01  1.89661279e-01  1.93761215e-01  1.98138058e-01  2.02724636e-01
  2.07443595e-01  2.12207392e-01  2.16919452e-01  2.21476942e-01  2.25775301e-01
  2.29714558e-01  2.33206242e-01  2.36180171e-01  2.38589734e-01  2.40414634e-01
  2.41660804e-01  2.42357582e-01  2.42552429e-01  2.42304787e-01  2.41679758e-01
 -1.33631369e-02 -2.44020876e-02 -3.69227417e-02 -5.16740456e-02 -6.99009150e-02
 -8.18759650e-02 -8.91015008e-02 -8.74261335e-02 -8.23801830e-02 -7.39883482e-02
 -6.60789087e-02 -5.94664179e-02 -5.35809919e-02 -4.77830693e-02 -4.16447856e-02
 -3.49261090e-02 -2.73669139e-02 -1.88045260e-02 -9.16904211e-03  1.64796540e-03
  1.35724479e-02  2.63203159e-02  3.96711566e-02  5.35632297e-02  6.80464432e-02
  8.32295045e-02  9.92415249e-02  1.16186500e-01  1.34032488e-01  1.52220309e-01
  1.68760374e-01  1.81829304e-01  1.91481918e-01  1.96995363e-01  1.98894054e-01
  1.96908504e-01  1.93057016e-01  1.89382076e-01  1.86498985e-01  1.84513763e-01
  1.83392748e-01  1.83063388e-01  1.83445558e-01  1.84461325e-01  1.86037213e-01
  1.88103423e-01  1.90592393e-01  1.93436965e-01  1.96568951e-01  1.99917927e-01
  2.03410611e-01  2.06970826e-01  2.10520372e-01  2.13980705e-01  2.17275411e-01
  2.20333442e-01  2.23092526e-01  2.25502297e-01  2.27526829e-01  2.29145944e-01
  2.30355233e-01  2.31164813e-01  2.31596947e-01  2.31682986e-01  2.31460124e-01
 -6.44868659e-03 -1.65014751e-02 -2.76060347e-02 -3.99329290e-02 -5.32666110e-02
 -6.67923167e-02 -8.29071328e-02 -8.50805417e-02 -8.61394480e-02 -7.57909939e-02
 -6.73197508e-02 -6.18533082e-02 -5.84241971e-02 -5.39707020e-02 -4.77648228e-02
 -4.22163121e-02 -3.46643887e-02 -2.48790663e-02 -1.52216386e-02 -2.57559470e-03
  1.29287364e-02  2.84886286e-02  4.39627208e-02  5.96145429e-02  7.57678151e-02
  9.27844346e-02  1.11095019e-01  1.31262168e-01  1.54113844e-01  1.81224048e-01
  2.10846052e-01  2.20329449e-01  2.39588365e-01  2.35913187e-01  2.43130058e-01
  2.26068020e-01  2.13213816e-01  2.04314768e-01  1.97982177e-01  1.93518952e-01
  1.90489858e-01  1.88600466e-01  1.87640756e-01  1.87453389e-01  1.87914491e-01
  1.88921645e-01  1.90386236e-01  1.92228362e-01  1.94373593e-01  1.96750790e-01
  1.99290842e-01  2.01926216e-01  2.04591036e-01  2.07221940e-01  2.09759220e-01
  2.12148368e-01  2.14341775e-01  2.16300249e-01  2.17994124e-01  2.19403982e-01
  2.20520601e-01  2.21344382e-01  2.21884057e-01  2.22155243e-01  2.22178549e-01
  2.33268831e-03 -6.01134636e-03 -1.49313090e-02 -2.44064964e-02 -3.42934690e-02
 -4.43207324e-02 -5.38815148e-02 -6.26292899e-02 -7.49154463e-02 -6.27264604e-02
 -5.77553734e-02 -5.58407754e-02 -5.76957911e-02 -5.57955950e-02 -4.79584113e-02
 -4.57044765e-02 -3.86315733e-02 -2.63654105e-02 -1.95683651e-02 -5.39796101e-03
  1.46504343e-02  3.21820378e-02  4.86764982e-02  6.49449527e-02  8.15531239e-02
  9.89995673e-02  1.17827214e-01  1.38729960e-01  1.62687883e-01  1.91041067e-01
  2.19057709e-01  2.32180864e-01  2.47793719e-01  2.47670427e-01  2.50242949e-01
  2.35351160e-01  2.20833525e-01  2.10410908e-01  2.02888831e-01  1.97441891e-01
  1.93543121e-01  1.90848053e-01  1.89120024e-01  1.88186198e-01  1.87912762e-01
  1.88190728e-01  1.88927650e-01  1.90042451e-01  1.91461980e-01  1.93118855e-01
  1.94950029e-01  1.96896061e-01  1.98900834e-01  2.00911820e-01  2.02880502e-01
  2.04763100e-01  2.06521332e-01  2.08123133e-01  2.09543198e-01  2.10763276e-01
  2.11772144e-01  2.12565199e-01  2.13143870e-01  2.13514730e-01  2.13688448e-01
  2.65045118e+00  2.73265624e+00  2.77883673e+00  2.81617236e+00  2.82450652e+00
  2.82460046e+00  2.81317139e+00  2.79509306e+00  2.77195001e+00  2.74659586e+00
  2.71875238e+00  2.69093466e+00  2.66315794e+00  2.63572907e+00  2.61010098e+00
  2.58491850e+00  2.56160283e+00  2.53965092e+00  2.51954722e+00  2.50112605e+00
  2.48496914e+00  2.47078085e+00  2.45909953e+00  2.44905090e+00  2.44143343e+00
  2.43581152e+00  2.43214297e+00  2.43032527e+00  2.43015003e+00  2.43192244e+00
  2.43518353e+00  2.44009495e+00  2.44663787e+00  2.45474958e+00  2.46444368e+00
  2.47580862e+00  2.48881006e+00  2.50353074e+00  2.52003670e+00  2.53845286e+00
  2.55889702e+00  2.58142686e+00  2.60625815e+00  2.63364983e+00  2.66368461e+00
  2.69669676e+00  2.73300862e+00  2.77277279e+00  2.81668067e+00  2.86496162e+00
  2.91798377e+00  2.97691274e+00  3.04172468e+00  3.11403537e+00  3.19407344e+00
  3.28418326e+00  3.38566709e+00  3.50214839e+00  3.63527465e+00  3.79159856e+00
  3.97935367e+00  4.21208239e+00  4.52108383e+00  5.01014757e+00  7.34701729e+00
   91   89
  1.04686630e+00  0.00000000e+00  1.04834521e+00  1.00000001e-01  1.05250001e+00
  1.83721498e-01  1.05696309e+00  2.50000000e-01  1.06561697e+00  3.49999994e-01
  1.07558894e+00  4.49999988e-01  1.08078635e+00  5.00000000e-01  1.09036374e+00
  6.00000024e-01  1.09963346e+00  6.99999988e-01  1.10562503e+00  7.60626256e-01
  1.11552525e+00  8.50000024e-01  1.12585270e+00  9.49999988e-01  1.13218749e+00
  1.02088630e+00  1.14080787e+00  1.09560347e+00  1.14557648e+00  1.14120698e+00
  1.21187496e+00  1.12902284e+00  1.26499999e+00  1.11613929e+00  1.31812501e+00
  1.10222375e+00  1.34468746e+00  1.09530807e+00  1.39781249e+00  1.08160925e+00
  1.45093751e+00  1.06651068e+00  1.50230014e+00  1.04999995e+00  1.53062499e+00
  1.04093039e+00  1.58375001e+00  1.02175057e+00  1.63499546e+00  1.00000000e+00
  1.66343749e+00  9.87465441e-01  1.71656251e+00  9.60298896e-01  1.74312496e+00
  9.45100904e-01  1.79624999e+00  9.11664307e-01  1.82281256e+00  8.92912030e-01
  1.87593746e+00  8.51337671e-01  1.90250003e+00  8.29036236e-01  1.93379390e+00
  8.00000012e-01  1.98218751e+00  7.51614630e-01  2.00874996e+00  7.22887099e-01
  2.03531241e+00  6.91779256e-01  2.06799936e+00  6.49999976e-01  2.10321665e+00
  6.00000024e-01  2.13413882e+00  5.50000012e-01  2.16128731e+00  5.00000000e-01
  2.18530345e+00  4.49999988e-01  2.20682383e+00  4.00000006e-01  2.22638059e+00
  3.49999994e-01  2.24781251e+00  2.90009975e-01  2.27437496e+00  2.02937216e-01
  2.28774953e+00  1.50000006e-01  2.30093741e+00  6.44028857e-02  2.30470729e+00
  0.00000000e+00  2.30093741e+00 -6.77249655e-02  2.28841615e+00 -1.50000006e-01
  2.27437496e+00 -2.05372587e-01  2.24781251e+00 -2.91148543e-01  2.22625017e+00
 -3.49999994e-01  2.20605516e+00 -4.00000006e-01  2.18364620e+00 -4.49999988e-01
  2.15838718e+00 -5.00000000e-01  2.12948084e+00 -5.50000012e-01  2.09606409e+00
 -6.00000024e-01  2.06187510e+00 -6.44782066e-01  2.03531241e+00 -6.75820291e-01
  2.00874996e+00 -7.03897655e-01  1.96014345e+00 -7.50000000e-01  1.92906249e+00
 -7.76794732e-01  1.89844048e+00 -8.00000012e-01  1.84937501e+00 -8.34011853e-01
  1.82221401e+00 -8.50000024e-01  1.76968753e+00 -8.78305674e-01  1.71841419e+00
 -8.99999976e-01  1.69000006e+00 -9.11006451e-01  1.63687503e+00 -9.27605748e-01
  1.58375001e+00 -9.39466238e-01  1.53062499e+00 -9.46867168e-01  1.47749996e+00
 -9.49640155e-01  1.42437506e+00 -9.46954310e-01  1.37125003e+00 -9.36894417e-01
  1.31812501e+00 -9.15432453e-01  1.29156256e+00 -8.98040891e-01  1.24135625e+00
 -8.50000024e-01  1.21187496e+00 -8.08863819e-01  1.18531251e+00 -7.58991539e-01
  1.16118753e+00 -6.99999988e-01  1.14412272e+00 -6.49999976e-01  1.12942886e+00
 -6.00000024e-01  1.10562503e+00 -5.02478898e-01  1.09470451e+00 -4.49999988e-01
  1.07906246e+00 -3.64225686e-01  1.06907189e+00 -3.00000012e-01  1.05735064e+00
 -2.00000003e-01  1.05250001e+00 -1.40674427e-01  1.04771686e+00 -5.00000007e-02
  1.04686630e+00  0.00000000e+00
  1.01600003e+00  0.00000000e+00  1.01600003e+00  9.63999987e-01  1.01800001e+00
  9.67999995e-01  1.01800001e+00  1.00100005e+00  1.01800001e+00  1.01900005e+00
  1.01800001e+00  1.07700002e+00  1.01800001e+00  1.07000005e+00  1.01800001e+00
  1.09599996e+00  1.01800001e+00  1.11300004e+00  1.01800001e+00  1.13800001e+00
  1.01600003e+00  1.14699996e+00  1.01199996e+00  1.16499996e+00  1.00100005e+00
  1.21700001e+00  1.02900004e+00  1.21700001e+00  1.04200006e+00  1.16240001e+00
  1.04600000e+00  1.16237998e+00  1.05599999e+00  1.16260004e+00  1.09700000e+00
  1.16450000e+00  1.10800004e+00  1.16594005e+00  1.11600006e+00  1.16591001e+00
  1.13399994e+00  1.16895998e+00  1.14800000e+00  1.17174995e+00  1.16199994e+00
  1.17556000e+00  1.18099999e+00  1.18299997e+00  1.18200004e+00  1.18350005e+00
  1.18499994e+00  1.18499994e+00  1.19000006e+00  1.18799996e+00  1.19500005e+00
  1.19099998e+00  1.20099998e+00  1.19599998e+00  1.20899999e+00  1.20200002e+00
  1.21500003e+00  1.20799994e+00  1.22200000e+00  1.21399999e+00  1.22800004e+00
  1.22099996e+00  1.23399997e+00  1.23099995e+00  1.23899996e+00  1.23800004e+00
  1.24199998e+00  1.24399996e+00  1.24800003e+00  1.25399995e+00  1.25800002e+00
  1.27800000e+00  1.26300001e+00  1.28999996e+00  1.27999997e+00  1.33099997e+00
  1.27999997e+00  1.34700000e+00  1.27999997e+00  1.34800005e+00  1.30999994e+00
  1.34800005e+00  1.32799995e+00  1.34800005e+00  1.36099994e+00  1.34800005e+00
  1.38000000e+00  1.34800005e+00  1.41900003e+00  1.34800005e+00  1.41900003e+00
  1.30999994e+00  1.37199998e+00  1.30999994e+00  1.37199998e+00  1.29200006e+00
  1.60800004e+00  1.09500003e+00  1.64699996e+00  1.07700002e+00  1.78499997e+00
  1.07700002e+00  2.06999993e+00  1.03999996e+00  2.12800002e+00  9.92999971e-01
  2.24499989e+00  7.08999991e-01  2.32299995e+00  5.18999994e-01  2.37700009e+00
  3.88999999e-01  2.35200000e+00  4.00000006e-01  2.35100007e+00  3.37000012e-01
  2.35100007e+00  2.04999998e-01  2.35400009e+00  6.80000037e-02  2.35400009e+00
  0.00000000e+00  2.35400009e+00 -6.80000037e-02  2.35299993e+00 -2.04999998e-01
  2.35100007e+00 -3.37000012e-01  2.35299993e+00 -4.00000006e-01  2.37700009e+00
 -3.88999999e-01  2.13400006e+00 -9.72999990e-01  1.78600001e+00 -1.17400002e+00
  1.76800001e+00 -1.21099997e+00  1.76800001e+00 -1.25399995e+00  1.68200004e+00
 -1.25399995e+00  1.67400002e+00 -1.26199996e+00  1.67400002e+00 -1.32900000e+00
  1.68099999e+00 -1.33899999e+00  1.75399995e+00 -1.33899999e+00  1.75399995e+00
 -1.36800003e+00  1.68900001e+00 -1.36800003e+00  1.68900001e+00 -1.36600006e+00
  1.55499995e+00 -1.36600006e+00  1.41199994e+00 -1.36600006e+00  1.27300000e+00
 -1.36600006e+00  1.15300000e+00 -1.36600006e+00  1.01600003e+00 -1.22899997e+00
  1.01600003e+00 -8.00000012e-01  1.01600003e+00 -4.14999992e-01  1.01600003e+00
 -4.00000006e-01  1.01600003e+00  0.00000000e+00
    0 0.000000000e+00    0
  0.00000000e+00  1.21405274e-01  1.72775477e-01  2.11194798e-01  2.44917870e-01
  2.74694860e-01  3.01448315e-01  3.25907588e-01  3.48526746e-01  3.69620055e-01
  3.89243573e-01  4.07960624e-01  4.25481766e-01  4.42213416e-01  4.58215237e-01
  4.73504663e-01  4.88109738e-01  5.02276242e-01  5.15926301e-01  5.29049158e-01
  5.41824639e-01  5.54258347e-01  5.66306412e-01  5.78083694e-01  5.89569688e-01
  6.00816548e-01  6.11837149e-01  6.22664869e-01  6.33275867e-01  6.43710613e-01
  6.54031336e-01  6.64187670e-01  6.74198627e-01  6.84111059e-01  6.93921804e-01
  7.03627050e-01  7.13243365e-01  7.22788155e-01  7.32282817e-01  7.41711736e-01
  7.51085162e-01  7.60420680e-01  7.69742012e-01  7.79045343e-01  7.88324296e-01
  7.97605395e-01  8.06920171e-01  8.16232324e-01  8.25601041e-01  8.35001767e-01
  8.44448984e-01  8.54009926e-01  8.63632500e-01  8.73392522e-01  8.83249044e-01
  8.93267095e-01  9.03477132e-01  9.13931191e-01  9.24588740e-01  9.35547173e-01
  9.46889520e-01  9.58718836e-01  9.71110642e-01  9.84468162e-01  1.00000000e+00
    0
