   EFIT?   05/12/98      #102940   496             3  65  65
  1.70000005e+00  3.20000005e+00  1.69550002e+00  8.39999974e-01  0.00000000e+00
  1.78828943e+00 -2.05163634e-03 -2.90915877e-01 -1.59399644e-01 -2.00251770e+00
  8.27713250e+05 -2.90915877e-01  0.00000000e+00  1.78828943e+00  0.00000000e+00
 -2.05163634e-03  0.00000000e+00 -1.59399644e-01  0.00000000e+00  0.00000000e+00
 -3.40466332e+00 -3.40679121e+00 -3.40863371e+00 -3.41021276e+00 -3.41154885e+00
 -3.41266108e+00 -3.41356635e+00 -3.41428113e+00 -3.41481996e+00 -3.41519690e+00
 -3.41542459e+00 -3.41551566e+00 -3.41548109e+00 -3.41533232e+00 -3.41507959e+00
 -3.41473317e+00 -3.41430306e+00 -3.41379881e+00 -3.41322994e+00 -3.41260648e+00
 -3.41193795e+00 -3.41123366e+00 -3.41050243e+00 -3.40975189e+00 -3.40898943e+00
 -3.40822124e+00 -3.40745306e+00 -3.40669036e+00 -3.40593791e+00 -3.40519953e+00
 -3.40447927e+00 -3.40378046e+00 -3.40310574e+00 -3.40245795e+00 -3.40183902e+00
 -3.40125132e+00 -3.40069580e+00 -3.40017414e+00 -3.39968729e+00 -3.39923573e+00
 -3.39882016e+00 -3.39844060e+00 -3.39809680e+00 -3.39778852e+00 -3.39751530e+00
 -3.39727569e+00 -3.39706874e+00 -3.39689302e+00 -3.39674664e+00 -3.39662719e+00
 -3.39653230e+00 -3.39645886e+00 -3.39640403e+00 -3.39636374e+00 -3.39633369e+00
 -3.39630938e+00 -3.39628577e+00 -3.39625669e+00 -3.39621592e+00 -3.39615631e+00
 -3.39607000e+00 -3.39594817e+00 -3.39578128e+00 -3.39555860e+00 -3.39526868e+00
  2.49598574e+04  2.26272285e+04  2.05299395e+04  1.86506445e+04  1.69728555e+04
  1.54809102e+04  1.41599365e+04  1.29958164e+04  1.19751602e+04  1.10852734e+04
  1.03141309e+04  9.65034863e+03  9.08316016e+03  8.60239258e+03  8.19844434e+03
  7.86226318e+03  7.58532715e+03  7.35962549e+03  7.17764160e+03  7.03233594e+03
  6.91713086e+03  6.82589502e+03  6.75293213e+03  6.69296631e+03  6.64113232e+03
  6.59296338e+03  6.54438135e+03  6.49168945e+03  6.43156201e+03  6.36103906e+03
  6.27751807e+03  6.17874902e+03  6.06283105e+03  5.92820508e+03  5.77365234e+03
  5.59829199e+03  5.40157812e+03  5.18329980e+03  4.94357861e+03  4.68287109e+03
  4.40196826e+03  4.10199854e+03  3.78442896e+03  3.45106909e+03  3.10407520e+03
  2.74595459e+03  2.37957153e+03  2.00815247e+03  1.63529492e+03  1.26497363e+03
  9.01550598e+02  5.49783691e+02  2.14837753e+02 -9.77043304e+01 -3.81829285e+02
 -6.31080200e+02 -8.38542480e+02 -9.96828552e+02 -1.09806152e+03 -1.13385791e+03
 -1.09530969e+03 -9.72963867e+02 -7.56802368e+02 -4.36219757e+02  0.00000000e+00
  3.77197766e+00  3.28155184e+00  2.82887697e+00  2.41091037e+00  2.02491498e+00
  1.66843414e+00  1.33927131e+00  1.03547001e+00  7.55297005e-01  4.97226745e-01
  2.59928197e-01  4.22529392e-02 -1.56774849e-01 -3.37966979e-01 -5.01978278e-01
 -6.49312675e-01 -7.80327201e-01 -8.95235419e-01 -9.94109333e-01 -1.07687974e+00
 -1.14349878e+00 -1.19498050e+00 -1.23274565e+00 -1.25809658e+00 -1.27222669e+00
 -1.27623045e+00 -1.27111351e+00 -1.25780118e+00 -1.23714662e+00 -1.20993853e+00
 -1.17690778e+00 -1.13873434e+00 -1.09605277e+00 -1.04945779e+00 -9.99510169e-01
 -9.46740687e-01 -8.91655684e-01 -8.34740818e-01 -7.76465952e-01 -7.17288733e-01
 -6.57659113e-01 -5.98022819e-01 -5.38825691e-01 -4.80517387e-01 -4.23555374e-01
 -3.68408948e-01 -3.15563351e-01 -2.65524179e-01 -2.18821555e-01 -1.76015049e-01
 -1.37698486e-01 -1.04505166e-01 -7.71134496e-02 -5.62527329e-02 -4.27098498e-02
 -3.73360068e-02 -4.10542525e-02 -5.48676103e-02 -7.98678920e-02 -1.17245309e-01
 -1.68298930e-01 -2.34448105e-01 -3.17244977e-01 -4.18388128e-01 -5.39737463e-01
 -1.19455800e+06 -1.07570612e+06 -9.65509562e+05 -8.63540812e+05 -7.69390312e+05
 -6.82665688e+05 -6.02990812e+05 -5.30005125e+05 -4.63362781e+05 -4.02731844e+05
 -3.47793594e+05 -2.98241812e+05 -2.53782141e+05 -2.14131375e+05 -1.79016922e+05
 -1.48176141e+05 -1.21355758e+05 -9.83113672e+04 -7.88068594e+04 -6.26138828e+04
 -4.95113867e+04 -3.92851016e+04 -3.17270742e+04 -2.66352246e+04 -2.38128867e+04
 -2.30683867e+04 -2.42146133e+04 -2.70686113e+04 -3.14511777e+04 -3.71864727e+04
 -4.41016250e+04 -5.20263594e+04 -6.07926133e+04 -7.02341875e+04 -8.01863516e+04
 -9.04855000e+04 -1.00968797e+05 -1.11473805e+05 -1.21838141e+05 -1.31899109e+05
 -1.41493344e+05 -1.50456453e+05 -1.58622656e+05 -1.65824438e+05 -1.71892156e+05
 -1.76653656e+05 -1.79933938e+05 -1.81554719e+05 -1.81334109e+05 -1.79086156e+05
 -1.74620422e+05 -1.67741625e+05 -1.58249188e+05 -1.45936750e+05 -1.30591805e+05
 -1.11995141e+05 -8.99204219e+04 -6.41336562e+04 -3.43927031e+04 -4.46725159e+02
  3.79643516e+04  8.11104219e+04  1.29271773e+05  1.82739719e+05  2.41817250e+05
 -1.27881497e-01 -1.32531226e-01 -1.37443557e-01 -1.42544761e-01 -1.47730559e-01
 -1.52847335e-01 -1.57530084e-01 -1.61653623e-01 -1.66620672e-01 -1.58184677e-01
 -1.53373614e-01 -1.49872541e-01 -1.47666201e-01 -1.44891232e-01 -1.40687525e-01
 -1.38007566e-01 -1.34334132e-01 -1.29272848e-01 -1.25589177e-01 -1.20191529e-01
 -1.13145001e-01 -1.06682651e-01 -1.00407220e-01 -9.40918401e-02 -8.75693932e-02
 -8.06834251e-02 -7.32542425e-02 -6.50428832e-02 -5.57010658e-02 -4.48138267e-02
 -3.45449597e-02 -2.86389329e-02 -2.30120774e-02 -2.18148474e-02 -2.08750106e-02
 -2.49561518e-02 -2.93734651e-02 -3.22268344e-02 -3.39035653e-02 -3.47183496e-02
 -3.48841548e-02 -3.45511734e-02 -3.38288397e-02 -3.27985846e-02 -3.15223075e-02
 -3.00485063e-02 -2.84166764e-02 -2.66603436e-02 -2.48091221e-02 -2.28900313e-02
 -2.09283214e-02 -1.89479198e-02 -1.69715956e-02 -1.50209339e-02 -1.31161483e-02
 -1.12758055e-02 -9.51648876e-03 -7.85246771e-03 -6.29539555e-03 -4.85410029e-03
 -3.53446812e-03 -2.33946322e-03 -1.26926717e-03 -3.21537809e-04  5.08238911e-04
 -1.31761730e-01 -1.37190044e-01 -1.43273428e-01 -1.50079936e-01 -1.57429129e-01
 -1.64830729e-01 -1.73849270e-01 -1.73565626e-01 -1.72760323e-01 -1.65011257e-01
 -1.58475429e-01 -1.53515935e-01 -1.49614766e-01 -1.45863548e-01 -1.41928717e-01
 -1.38312712e-01 -1.34344101e-01 -1.29879504e-01 -1.25459358e-01 -1.20331950e-01
 -1.14455894e-01 -1.08498283e-01 -1.02482609e-01 -9.63190645e-02 -8.98956284e-02
 -8.30807164e-02 -7.57089183e-02 -6.75536618e-02 -5.82787469e-02 -4.74310517e-02
 -3.69971953e-02 -3.12586911e-02 -2.52970122e-02 -2.41850354e-02 -2.27995720e-02
 -2.68705729e-02 -3.10547352e-02 -3.36917937e-02 -3.51969674e-02 -3.58673111e-02
 -3.58981006e-02 -3.54253352e-02 -3.45484726e-02 -3.33432071e-02 -3.18691768e-02
 -3.01750805e-02 -2.83021703e-02 -2.62867492e-02 -2.41619442e-02 -2.19588839e-02
 -1.97074730e-02 -1.74367577e-02 -1.51750185e-02 -1.29495710e-02 -1.07863843e-02
 -8.70953966e-03 -6.74061291e-03 -4.89805453e-03 -3.19664553e-03 -1.64709112e-03
 -2.55816180e-04  9.75015049e-04  2.04724655e-03  2.96627078e-03  3.74041218e-03
 -1.34245127e-01 -1.40155852e-01 -1.47057757e-01 -1.55407682e-01 -1.65943980e-01
 -1.72018096e-01 -1.75628468e-01 -1.73483670e-01 -1.69496641e-01 -1.63462356e-01
 -1.57817155e-01 -1.52989343e-01 -1.48729727e-01 -1.44782305e-01 -1.40962705e-01
 -1.37150228e-01 -1.33233041e-01 -1.29130900e-01 -1.24793425e-01 -1.20166302e-01
 -1.15241334e-01 -1.10064067e-01 -1.04666732e-01 -9.90419090e-02 -9.31518748e-02
 -8.69399533e-02 -8.03382471e-02 -7.32770637e-02 -6.57135546e-02 -5.77818602e-02
 -5.04779108e-02 -4.48209830e-02 -4.03811671e-02 -3.77932712e-02 -3.64845470e-02
 -3.70218791e-02 -3.82018685e-02 -3.90352421e-02 -3.93693410e-02 -3.92201059e-02
 -3.86346541e-02 -3.76644544e-02 -3.63581963e-02 -3.47601064e-02 -3.29101384e-02
 -3.08448467e-02 -2.85984259e-02 -2.62037180e-02 -2.36930922e-02 -2.10991073e-02
 -1.84549391e-02 -1.57944877e-02 -1.31521830e-02 -1.05624599e-02 -8.05894099e-03
 -5.67338895e-03 -3.43452580e-03 -1.36685511e-03  5.10389800e-04  2.18402920e-03
  3.64734861e-03  4.90007689e-03  5.94792143e-03  6.80171978e-03  7.47630699e-03
 -1.34882987e-01 -1.40506729e-01 -1.46930218e-01 -1.54495716e-01 -1.63202703e-01
 -1.66945592e-01 -1.66767210e-01 -1.64434329e-01 -1.61033005e-01 -1.57420829e-01
 -1.53729275e-01 -1.50087804e-01 -1.46544024e-01 -1.43074319e-01 -1.39625162e-01
 -1.36137381e-01 -1.32555559e-01 -1.28832817e-01 -1.24932885e-01 -1.20831385e-01
 -1.16517372e-01 -1.11990795e-01 -1.07254781e-01 -1.02309279e-01 -9.71505046e-02
 -9.17760879e-02 -8.61954018e-02 -8.04473087e-02 -7.46288672e-02 -6.89285174e-02
 -6.36166409e-02 -5.89444265e-02 -5.50651178e-02 -5.20410873e-02 -4.98386584e-02
 -4.83208112e-02 -4.72319536e-02 -4.62871902e-02 -4.52809744e-02 -4.40991633e-02
 -4.26884778e-02 -4.10301685e-02 -3.91243100e-02 -3.69813405e-02 -3.46176773e-02
 -3.20535861e-02 -2.93123331e-02 -2.64200140e-02 -2.34057456e-02 -2.03019679e-02
 -1.71446446e-02 -1.39732137e-02 -1.08301211e-02 -7.75984721e-03 -4.80741682e-03
 -2.01647426e-03  5.72917867e-04  2.92653055e-03  5.01800841e-03  6.83042360e-03
  8.35711136e-03  9.60165542e-03  1.05770007e-02  1.13037974e-02  1.18082007e-02
 -1.34113818e-01 -1.38842732e-01 -1.43731549e-01 -1.48714140e-01 -1.53277487e-01
 -1.55575424e-01 -1.55710831e-01 -1.54867098e-01 -1.53333753e-01 -1.51315182e-01
 -1.48980722e-01 -1.46446779e-01 -1.43782750e-01 -1.41020209e-01 -1.38164192e-01
 -1.35204285e-01 -1.32122844e-01 -1.28900841e-01 -1.25521421e-01 -1.21972129e-01
 -1.18245825e-01 -1.14340462e-01 -1.10258155e-01 -1.06004737e-01 -1.01590760e-01
 -9.70346630e-02 -9.23679471e-02 -8.76416862e-02 -8.29320550e-02 -7.83399120e-02
 -7.39791617e-02 -6.99547678e-02 -6.63409978e-02 -6.31678402e-02 -6.04155213e-02
 -5.80161028e-02 -5.58648743e-02 -5.38424850e-02 -5.18388487e-02 -4.97671887e-02
 -4.75665554e-02 -4.51980494e-02 -4.26395908e-02 -3.98813821e-02 -3.69227193e-02
 -3.37700211e-02 -3.04358415e-02 -2.69386303e-02 -2.33030356e-02 -1.95604861e-02
 -1.57498326e-02 -1.19176582e-02 -8.11791327e-03 -4.41052113e-03 -8.58883781e-04
  2.47353152e-03  5.52722206e-03  8.25094804e-03  1.06057990e-02  1.25683760e-02
  1.41325174e-02  1.53093347e-02  1.61255226e-02  1.66200269e-02  1.68394577e-02
 -1.33224934e-01 -1.37157023e-01 -1.40475661e-01 -1.43242151e-01 -1.45471469e-01
 -1.46984205e-01 -1.47694394e-01 -1.47686988e-01 -1.47099346e-01 -1.46056682e-01
 -1.44662112e-01 -1.42995536e-01 -1.41114101e-01 -1.39054686e-01 -1.36837766e-01
 -1.34471878e-01 -1.31957963e-01 -1.29292861e-01 -1.26472235e-01 -1.23492420e-01
 -1.20351866e-01 -1.17051877e-01 -1.13597192e-01 -1.09996669e-01 -1.06264301e-01
 -1.02420695e-01 -9.84947458e-02 -9.45249274e-02 -9.05591249e-02 -8.66520107e-02
 -8.28592852e-02 -7.92297870e-02 -7.57974386e-02 -7.25751594e-02 -6.95521757e-02
 -6.66951984e-02 -6.39534891e-02 -6.12666681e-02 -5.85730523e-02 -5.58163300e-02
 -5.29493019e-02 -4.99350131e-02 -4.67463247e-02 -4.33647819e-02 -3.97795215e-02
 -3.59865241e-02 -3.19884084e-02 -2.77948957e-02 -2.34239381e-02 -1.89035274e-02
 -1.42739844e-02 -9.59016103e-03 -4.92252596e-03 -3.55734868e-04  4.01584385e-03
  8.09441321e-03  1.17855072e-02  1.50059303e-02  1.76927410e-02  1.98104102e-02
  2.13539284e-02  2.23485660e-02  2.28475481e-02  2.29260307e-02  2.26703007e-02
 -1.33620441e-01 -1.38014749e-01 -1.38759568e-01 -1.39551699e-01 -1.40687004e-01
 -1.41639680e-01 -1.42257407e-01 -1.42496288e-01 -1.42365962e-01 -1.41900465e-01
 -1.41141072e-01 -1.40127197e-01 -1.38891950e-01 -1.37460604e-01 -1.35850742e-01
 -1.34073392e-01 -1.32134631e-01 -1.30037323e-01 -1.27782688e-01 -1.25371620e-01
 -1.22805819e-01 -1.20088570e-01 -1.17225520e-01 -1.14225321e-01 -1.11100204e-01
 -1.07866548e-01 -1.04545206e-01 -1.01161346e-01 -9.77435037e-02 -9.43216980e-02
 -9.09245089e-02 -8.75756666e-02 -8.42906684e-02 -8.10741633e-02 -7.79188350e-02
 -7.48057887e-02 -7.17065781e-02 -6.85862601e-02 -6.54069185e-02 -6.21307641e-02
 -5.87225072e-02 -5.51507398e-02 -5.13885394e-02 -4.74135913e-02 -4.32080515e-02
 -3.87585610e-02 -3.40565778e-02 -2.90993471e-02 -2.38918941e-02 -1.84504781e-02
 -1.28081432e-02 -7.02260528e-03 -1.18509273e-03  4.57635382e-03  1.01104109e-02
  1.52640734e-02  1.98811293e-02  2.38093529e-02  2.69336440e-02  2.91986298e-02
  3.06063648e-02  3.12019885e-02  3.10830250e-02  3.04073319e-02  2.93515995e-02
 -1.29735306e-01 -1.32732645e-01 -1.34714082e-01 -1.35975942e-01 -1.36921480e-01
 -1.37686655e-01 -1.38269335e-01 -1.38644591e-01 -1.38797209e-01 -1.38724864e-01
 -1.38434231e-01 -1.37936532e-01 -1.37244150e-01 -1.36368349e-01 -1.35318324e-01
 -1.34100825e-01 -1.32720396e-01 -1.31179973e-01 -1.29481509e-01 -1.27626657e-01
 -1.25617519e-01 -1.23457082e-01 -1.21149868e-01 -1.18702240e-01 -1.16122745e-01
 -1.13422275e-01 -1.10613964e-01 -1.07712835e-01 -1.04734980e-01 -1.01696417e-01
 -9.86115783e-02 -9.54916254e-02 -9.23428833e-02 -8.91656652e-02 -8.59536901e-02
 -8.26941654e-02 -7.93685690e-02 -7.59539008e-02 -7.24241957e-02 -6.87519386e-02
 -6.49093315e-02 -6.08690679e-02 -5.66048361e-02 -5.20914160e-02 -4.73046191e-02
 -4.22211364e-02 -3.68184857e-02 -3.10753472e-02 -2.49727294e-02 -1.84968226e-02
 -1.16454419e-02 -4.44220379e-03  3.03195720e-03  1.05711240e-02  1.77640151e-02
  2.45299470e-02  3.06475256e-02  3.56978960e-02  3.94137427e-02  4.17379066e-02
  4.28225845e-02  4.27100174e-02  4.12874408e-02  3.91527042e-02  3.67353670e-02
 -1.29007518e-01 -1.32682875e-01 -1.32935897e-01 -1.33114055e-01 -1.33752182e-01
 -1.34442374e-01 -1.35082513e-01 -1.35624960e-01 -1.36040673e-01 -1.36311576e-01
 -1.36427447e-01 -1.36383533e-01 -1.36178523e-01 -1.35812894e-01 -1.35287747e-01
 -1.34604111e-01 -1.33762717e-01 -1.32763848e-01 -1.31607562e-01 -1.30293950e-01
 -1.28823400e-01 -1.27196953e-01 -1.25416562e-01 -1.23485297e-01 -1.21407509e-01
 -1.19188845e-01 -1.16836078e-01 -1.14356831e-01 -1.11759044e-01 -1.09050266e-01
 -1.06236815e-01 -1.03322953e-01 -1.00310013e-01 -9.71958339e-02 -9.39743593e-02
 -9.06356126e-02 -8.71659294e-02 -8.35484192e-02 -7.97635317e-02 -7.57896453e-02
 -7.16035143e-02 -6.71805516e-02 -6.24948293e-02 -5.75188175e-02 -5.22228144e-02
 -4.65740860e-02 -4.05356362e-02 -3.40645723e-02 -2.71099936e-02 -1.96101498e-02
 -1.14887105e-02 -2.64964183e-03  7.03012710e-03  1.77104324e-02  2.95603238e-02
  4.15648855e-02  4.98254746e-02  5.73172718e-02  6.16602115e-02  6.35038167e-02
  6.34885281e-02  5.88253923e-02  5.35147637e-02  4.85568605e-02  4.40529361e-02
 -1.24505006e-01 -1.27125293e-01 -1.28766835e-01 -1.29789755e-01 -1.30646080e-01
 -1.31487846e-01 -1.32319957e-01 -1.33113727e-01 -1.33839205e-01 -1.34472087e-01
 -1.34994343e-01 -1.35393113e-01 -1.35659426e-01 -1.35786936e-01 -1.35770947e-01
 -1.35607690e-01 -1.35293931e-01 -1.34826645e-01 -1.34202942e-01 -1.33420184e-01
 -1.32475957e-01 -1.31368339e-01 -1.30095944e-01 -1.28658101e-01 -1.27054900e-01
 -1.25287265e-01 -1.23356737e-01 -1.21265426e-01 -1.19015604e-01 -1.16609335e-01
 -1.14047989e-01 -1.11331739e-01 -1.08459078e-01 -1.05426446e-01 -1.02227978e-01
 -9.88553613e-02 -9.52978358e-02 -9.15422812e-02 -8.75732899e-02 -8.33733380e-02
 -7.89227113e-02 -7.41994232e-02 -6.91788569e-02 -6.38330728e-02 -5.81298694e-02
 -5.20312116e-02 -4.54910584e-02 -3.84520814e-02 -3.08407508e-02 -2.25596726e-02
 -1.34749319e-02 -3.39402747e-03  7.97496829e-03  2.10973099e-02  3.66435610e-02
  5.36186509e-02  6.53052405e-02  7.47518986e-02  8.06118697e-02  8.20259973e-02
  8.13066512e-02  7.35778436e-02  6.41654059e-02  5.60959242e-02  4.94549274e-02
 -1.22324884e-01 -1.25390038e-01 -1.26159355e-01 -1.26623258e-01 -1.27540872e-01
 -1.28628448e-01 -1.29776254e-01 -1.30925283e-01 -1.32036760e-01 -1.33083060e-01
 -1.34043813e-01 -1.34903640e-01 -1.35650635e-01 -1.36275291e-01 -1.36769682e-01
 -1.37126818e-01 -1.37340292e-01 -1.37403965e-01 -1.37311876e-01 -1.37058213e-01
 -1.36637285e-01 -1.36043623e-01 -1.35272101e-01 -1.34318039e-01 -1.33177280e-01
 -1.31846294e-01 -1.30322158e-01 -1.28602564e-01 -1.26685590e-01 -1.24569550e-01
 -1.22252621e-01 -1.19732536e-01 -1.17006242e-01 -1.14069581e-01 -1.10917181e-01
 -1.07542261e-01 -1.03936501e-01 -1.00089930e-01 -9.59908143e-02 -9.16254595e-02
 -8.69780630e-02 -8.20303187e-02 -7.67609552e-02 -7.11449608e-02 -6.51525334e-02
 -5.87475300e-02 -5.18853255e-02 -4.45097126e-02 -3.65485325e-02 -2.79072896e-02
 -1.84601191e-02 -8.03732127e-03  3.59004084e-03  1.67263374e-02  3.17821875e-02
  4.93477136e-02  6.56346902e-02  7.42157400e-02  8.32634792e-02  8.42619762e-02
  8.42940733e-02  7.91122392e-02  6.80581853e-02  5.83403558e-02  5.06193861e-02
 -1.16865806e-01 -1.19238660e-01 -1.21014521e-01 -1.22528024e-01 -1.24090314e-01
 -1.25717118e-01 -1.27362549e-01 -1.28989741e-01 -1.30572796e-01 -1.32092565e-01
 -1.33534029e-01 -1.34884670e-01 -1.36133745e-01 -1.37271553e-01 -1.38289034e-01
 -1.39177471e-01 -1.39928192e-01 -1.40532419e-01 -1.40981212e-01 -1.41265437e-01
 -1.41375825e-01 -1.41303048e-01 -1.41037837e-01 -1.40571147e-01 -1.39894322e-01
 -1.38999388e-01 -1.37879178e-01 -1.36527494e-01 -1.34939075e-01 -1.33109584e-01
 -1.31035268e-01 -1.28712609e-01 -1.26137927e-01 -1.23307042e-01 -1.20215483e-01
 -1.16858378e-01 -1.13230184e-01 -1.09324411e-01 -1.05133325e-01 -1.00647725e-01
 -9.58566964e-02 -9.07472372e-02 -8.53038281e-02 -7.95078725e-02 -7.33369291e-02
 -6.67637810e-02 -5.97551949e-02 -5.22704199e-02 -4.42593172e-02 -3.56602632e-02
 -2.63980515e-02 -1.63824018e-02 -5.50799165e-03  6.34361804e-03  1.93083677e-02
  3.36478651e-02  5.05865254e-02  6.02600798e-02  6.62171915e-02  7.34764710e-02
  6.99442774e-02  7.18565434e-02  6.17328100e-02  5.25463782e-02  4.59346548e-02
 -1.11100897e-01 -1.13063671e-01 -1.15507245e-01 -1.18094742e-01 -1.20570093e-01
 -1.22923747e-01 -1.25184581e-01 -1.27368048e-01 -1.29478246e-01 -1.31513253e-01
 -1.33468091e-01 -1.35336161e-01 -1.37109905e-01 -1.38781041e-01 -1.40340626e-01
 -1.41779065e-01 -1.43085986e-01 -1.44250274e-01 -1.45259976e-01 -1.46102458e-01
 -1.46764562e-01 -1.47232711e-01 -1.47492975e-01 -1.47531167e-01 -1.47333443e-01
 -1.46886736e-01 -1.46179259e-01 -1.45200908e-01 -1.43943563e-01 -1.42401144e-01
 -1.40569344e-01 -1.38444930e-01 -1.36024490e-01 -1.33303329e-01 -1.30278140e-01
 -1.26946792e-01 -1.23307593e-01 -1.19358316e-01 -1.15095988e-01 -1.10516742e-01
 -1.05615638e-01 -1.00386389e-01 -9.48211029e-02 -8.89100134e-02 -8.26411918e-02
 -7.60003850e-02 -6.89708740e-02 -6.15336485e-02 -5.36679663e-02 -4.53527607e-02
 -3.65696102e-02 -2.73084398e-02 -1.75781064e-02 -7.42635503e-03  3.01944627e-03
  1.34578729e-02  2.32370943e-02  3.14554535e-02  3.77182439e-02  4.19155434e-02
  4.39530276e-02  4.40278724e-02  4.22906168e-02  3.94564457e-02  3.63972969e-02
 -1.06009841e-01 -1.07517757e-01 -1.10985726e-01 -1.14553526e-01 -1.17705882e-01
 -1.20655730e-01 -1.23475358e-01 -1.26196027e-01 -1.28832534e-01 -1.31390974e-01
 -1.33872181e-01 -1.36273518e-01 -1.38589934e-01 -1.40814409e-01 -1.42938256e-01
 -1.44951209e-01 -1.46841347e-01 -1.48595124e-01 -1.50197357e-01 -1.51631236e-01
 -1.52879059e-01 -1.53923303e-01 -1.54744357e-01 -1.55321404e-01 -1.55633599e-01
 -1.55661121e-01 -1.55386239e-01 -1.54794127e-01 -1.53873652e-01 -1.52617961e-01
 -1.51024863e-01 -1.49095848e-01 -1.46831632e-01 -1.44217566e-01 -1.41252056e-01
 -1.37938857e-01 -1.34283021e-01 -1.30287617e-01 -1.25954717e-01 -1.21286489e-01
 -1.16284728e-01 -1.10950775e-01 -1.05285294e-01 -9.92881879e-02 -9.29587558e-02
 -8.62960592e-02 -7.92996362e-02 -7.19705671e-02 -6.43132925e-02 -5.63383326e-02
 -4.80666272e-02 -3.95359993e-02 -3.08108702e-02 -2.19959877e-02 -1.32538099e-02
 -4.81895125e-03  3.01071769e-03  9.92962439e-03  1.57004613e-02  2.01878399e-02
  2.33594589e-02  2.52860356e-02  2.61396784e-02  2.61821058e-02  2.57043503e-02
 -1.04326338e-01 -1.06245339e-01 -1.09041519e-01 -1.12341911e-01 -1.15738668e-01
 -1.19085930e-01 -1.22357897e-01 -1.25557110e-01 -1.28689423e-01 -1.31758466e-01
 -1.34764925e-01 -1.37706742e-01 -1.40579522e-01 -1.43376634e-01 -1.46089345e-01
 -1.48706704e-01 -1.51215345e-01 -1.53599203e-01 -1.55839458e-01 -1.57912970e-01
 -1.59793302e-01 -1.61467150e-01 -1.62906051e-01 -1.64078444e-01 -1.64952576e-01
 -1.65498555e-01 -1.65689781e-01 -1.65504232e-01 -1.64925694e-01 -1.63945928e-01
 -1.62568197e-01 -1.60814568e-01 -1.58741161e-01 -1.56222865e-01 -1.53287008e-01
 -1.49958447e-01 -1.46259934e-01 -1.42196551e-01 -1.37771577e-01 -1.32994503e-01
 -1.27874464e-01 -1.22421041e-01 -1.16643757e-01 -1.10551700e-01 -1.04154103e-01
 -9.74611491e-02 -9.04849768e-02 -8.32410529e-02 -7.57499635e-02 -6.80399016e-02
 -6.01498336e-02 -5.21335043e-02 -4.40640301e-02 -3.60383280e-02 -2.81795859e-02
 -2.06347816e-02 -1.35640111e-02 -7.12154759e-03 -1.43418054e-03  3.41567630e-03
  7.39889685e-03  1.05413040e-02  1.29185217e-02  1.46430330e-02  1.58440545e-02
 -1.00608267e-01 -1.02108225e-01 -1.06357947e-01 -1.10562280e-01 -1.14392690e-01
 -1.18123442e-01 -1.21802680e-01 -1.25441819e-01 -1.29044086e-01 -1.32609889e-01
 -1.36137873e-01 -1.39625013e-01 -1.43066585e-01 -1.46456063e-01 -1.49784878e-01
 -1.53041974e-01 -1.56213254e-01 -1.59280330e-01 -1.62226185e-01 -1.65017337e-01
 -1.67626068e-01 -1.70017034e-01 -1.72150150e-01 -1.73984542e-01 -1.75481156e-01
 -1.76604480e-01 -1.77323580e-01 -1.77612677e-01 -1.77451536e-01 -1.76825687e-01
 -1.75726593e-01 -1.74151108e-01 -1.72098190e-01 -1.69557348e-01 -1.66543379e-01
 -1.63101241e-01 -1.59325615e-01 -1.55167028e-01 -1.50601551e-01 -1.45669326e-01
 -1.40384272e-01 -1.34765536e-01 -1.28833279e-01 -1.22603513e-01 -1.16092697e-01
 -1.09318696e-01 -1.02301724e-01 -9.50654820e-02 -8.76384750e-02 -8.00556317e-02
 -7.23601207e-02 -6.46051466e-02 -5.68554699e-02 -4.91880737e-02 -4.16912436e-02
 -3.44613232e-02 -2.75967252e-02 -2.11898722e-02 -1.53184822e-02 -1.00381542e-02
 -5.37768565e-03 -1.33782870e-03  2.10637110e-03  5.00003668e-03  7.40077253e-03
 -1.00779042e-01 -1.02870427e-01 -1.05951853e-01 -1.09678082e-01 -1.13642491e-01
 -1.17674813e-01 -1.21727534e-01 -1.25786841e-01 -1.29846826e-01 -1.33903518e-01
 -1.37953237e-01 -1.41992003e-01 -1.46015108e-01 -1.50016785e-01 -1.53989866e-01
 -1.57925382e-01 -1.61812231e-01 -1.65609792e-01 -1.69300869e-01 -1.72847539e-01
 -1.76202923e-01 -1.79316550e-01 -1.82138160e-01 -1.84620544e-01 -1.86721310e-01
 -1.88403755e-01 -1.89637005e-01 -1.90395847e-01 -1.90660089e-01 -1.90413997e-01
 -1.89645529e-01 -1.88345522e-01 -1.86506942e-01 -1.84125111e-01 -1.81202605e-01
 -1.77751675e-01 -1.73794284e-01 -1.69353947e-01 -1.64489478e-01 -1.59338579e-01
 -1.53807491e-01 -1.47940576e-01 -1.41786411e-01 -1.35351524e-01 -1.28656611e-01
 -1.21723555e-01 -1.14577040e-01 -1.07244320e-01 -9.97562036e-02 -9.21480879e-02
 -8.44608322e-02 -7.67413974e-02 -6.90432191e-02 -6.14258759e-02 -5.39540425e-02
 -4.66953442e-02 -3.97173204e-02 -3.30836996e-02 -2.68505476e-02 -2.10629459e-02
 -1.57526694e-02 -1.09372698e-02 -6.62055518e-03 -2.79432675e-03  5.59069158e-04
 -9.77103934e-02 -9.94298682e-02 -1.04106940e-01 -1.08774498e-01 -1.13170743e-01
 -1.17573448e-01 -1.22018248e-01 -1.26504228e-01 -1.31025285e-01 -1.35575965e-01
 -1.40151963e-01 -1.44749627e-01 -1.49365395e-01 -1.53995380e-01 -1.58634916e-01
 -1.63278282e-01 -1.67882010e-01 -1.72425255e-01 -1.76864877e-01 -1.81144819e-01
 -1.85204223e-01 -1.88983142e-01 -1.92426160e-01 -1.95484459e-01 -1.98116764e-01
 -2.00289160e-01 -2.01974511e-01 -2.03151450e-01 -2.03803331e-01 -2.03917041e-01
 -2.03482091e-01 -2.02489704e-01 -2.00932384e-01 -1.98803857e-01 -1.96099848e-01
 -1.92818865e-01 -1.88963100e-01 -1.84540182e-01 -1.79569662e-01 -1.74087793e-01
 -1.68139830e-01 -1.61841795e-01 -1.55433446e-01 -1.48712039e-01 -1.41748652e-01
 -1.34563774e-01 -1.27187237e-01 -1.19646400e-01 -1.11970820e-01 -1.04193240e-01
 -9.63497609e-02 -8.84798691e-02 -8.06264728e-02 -7.28356317e-02 -6.51559606e-02
 -5.76376393e-02 -5.03311157e-02 -4.32856306e-02 -3.65477428e-02 -3.01600248e-02
 -2.41600350e-02 -1.85795147e-02 -1.34438043e-02 -8.77137296e-03 -4.57348162e-03
 -9.84287411e-02 -1.00756228e-01 -1.04189172e-01 -1.08396806e-01 -1.12974025e-01
 -1.17726751e-01 -1.22582465e-01 -1.27513140e-01 -1.32506952e-01 -1.37558550e-01
 -1.42665491e-01 -1.47826627e-01 -1.53041199e-01 -1.58308282e-01 -1.63626835e-01
 -1.68952778e-01 -1.74268141e-01 -1.79525003e-01 -1.84658781e-01 -1.89598441e-01
 -1.94273874e-01 -1.98620886e-01 -2.02583849e-01 -2.06116736e-01 -2.09182993e-01
 -2.11754516e-01 -2.13810384e-01 -2.15335160e-01 -2.16317460e-01 -2.16748551e-01
 -2.16621131e-01 -2.15928584e-01 -2.14664385e-01 -2.12821946e-01 -2.10394651e-01
 -2.07376048e-01 -2.03760445e-01 -1.99543864e-01 -1.94726303e-01 -1.89315245e-01
 -1.83331490e-01 -1.76823020e-01 -1.69875666e-01 -1.62607461e-01 -1.55296937e-01
 -1.47749916e-01 -1.40043110e-01 -1.32187590e-01 -1.24207929e-01 -1.16133802e-01
 -1.07996225e-01 -9.98272300e-02 -9.16600898e-02 -8.35295320e-02 -7.54717290e-02
 -6.75241873e-02 -5.97256832e-02 -5.21162823e-02 -4.47375737e-02 -3.76330689e-02
 -3.08484994e-02 -2.44315546e-02 -1.84304770e-02 -1.28913540e-02 -7.85476621e-03
 -9.60638076e-02 -9.82322469e-02 -1.02431484e-01 -1.07534237e-01 -1.12756245e-01
 -1.18027620e-01 -1.23360023e-01 -1.28761485e-01 -1.34236842e-01 -1.39790088e-01
 -1.45425186e-01 -1.51146218e-01 -1.56956896e-01 -1.62859231e-01 -1.68807924e-01
 -1.74795672e-01 -1.80774525e-01 -1.86673254e-01 -1.92410976e-01 -1.97906867e-01
 -2.03086853e-01 -2.07887173e-01 -2.12256029e-01 -2.16153413e-01 -2.19550163e-01
 -2.22426131e-01 -2.24768221e-01 -2.26568297e-01 -2.27821201e-01 -2.28523090e-01
 -2.28670195e-01 -2.28257909e-01 -2.27280423e-01 -2.25730658e-01 -2.23600477e-01
 -2.20881075e-01 -2.17563286e-01 -2.13638142e-01 -2.09097624e-01 -2.03935951e-01
 -1.98152378e-01 -1.91756308e-01 -1.84775054e-01 -1.77265674e-01 -1.69337153e-01
 -1.61151901e-01 -1.53073311e-01 -1.44814715e-01 -1.36425525e-01 -1.27945930e-01
 -1.19403020e-01 -1.10820390e-01 -1.02221116e-01 -9.36286598e-02 -8.50672200e-02
 -7.65621066e-02 -6.81403875e-02 -5.98320961e-02 -5.16722053e-02 -4.37034220e-02
 -3.59796993e-02 -2.85691973e-02 -2.15537213e-02 -1.50207309e-02 -9.05013923e-03
 -9.43894982e-02 -9.64454561e-02 -1.01341411e-01 -1.07144848e-01 -1.12880856e-01
 -1.18614279e-01 -1.24394514e-01 -1.30245894e-01 -1.36183649e-01 -1.42219469e-01
 -1.48363799e-01 -1.54627383e-01 -1.61023349e-01 -1.67490423e-01 -1.74041912e-01
 -1.80636734e-01 -1.87201113e-01 -1.93645805e-01 -1.99879125e-01 -2.05815703e-01
 -2.11381778e-01 -2.16517642e-01 -2.21178114e-01 -2.25331530e-01 -2.28957921e-01
 -2.32046738e-01 -2.34594107e-01 -2.36600265e-01 -2.38067120e-01 -2.38996163e-01
 -2.39387080e-01 -2.39236757e-01 -2.38539085e-01 -2.37285137e-01 -2.35463902e-01
 -2.33063027e-01 -2.30069742e-01 -2.26471543e-01 -2.22256571e-01 -2.17413947e-01
 -2.11934254e-01 -2.05810830e-01 -1.99043438e-01 -1.91645607e-01 -1.83658704e-01
 -1.75173968e-01 -1.66369915e-01 -1.57530829e-01 -1.48589671e-01 -1.39609680e-01
 -1.30580172e-01 -1.21505424e-01 -1.12395123e-01 -1.03260383e-01 -9.41123888e-02
 -8.49621445e-02 -7.58211017e-02 -6.67027012e-02 -5.76253161e-02 -4.86176461e-02
 -3.97280455e-02 -3.10402382e-02 -2.26955172e-02 -1.48980618e-02 -7.79802306e-03
 -9.49813798e-02 -9.74633470e-02 -1.01951160e-01 -1.07565373e-01 -1.13505408e-01
 -1.19564265e-01 -1.25713497e-01 -1.31959692e-01 -1.38315484e-01 -1.44793838e-01
 -1.51406839e-01 -1.58164948e-01 -1.65074959e-01 -1.72088370e-01 -1.79190710e-01
 -1.86315924e-01 -1.93371356e-01 -2.00255707e-01 -2.06871614e-01 -2.13133186e-01
 -2.18970150e-01 -2.24329144e-01 -2.29173437e-01 -2.33481273e-01 -2.37243384e-01
 -2.40460098e-01 -2.43138015e-01 -2.45286763e-01 -2.46915966e-01 -2.48032868e-01
 -2.48640478e-01 -2.48736724e-01 -2.48314321e-01 -2.47361287e-01 -2.45862022e-01
 -2.43798584e-01 -2.41152316e-01 -2.37905160e-01 -2.34040707e-01 -2.29544580e-01
 -2.24404186e-01 -2.18608096e-01 -2.12146014e-01 -2.05010653e-01 -1.97203487e-01
 -1.88746810e-01 -1.79704249e-01 -1.70208186e-01 -1.60492733e-01 -1.51053146e-01
 -1.41524315e-01 -1.31926134e-01 -1.22268781e-01 -1.12556256e-01 -1.02787711e-01
 -9.29581374e-02 -8.30586329e-02 -7.30768070e-02 -6.29978031e-02 -5.28069474e-02
 -4.24959548e-02 -3.20784040e-02 -2.16340944e-02 -1.14689544e-02 -2.26456602e-03
 -9.35995057e-02 -9.57061723e-02 -1.01517513e-01 -1.08085155e-01 -1.14435099e-01
 -1.20808512e-01 -1.27274990e-01 -1.33861259e-01 -1.40584633e-01 -1.47460267e-01
 -1.54503360e-01 -1.61731318e-01 -1.69082329e-01 -1.76569730e-01 -1.84140474e-01
 -1.91702545e-01 -1.99147001e-01 -2.06364095e-01 -2.13253900e-01 -2.19732553e-01
 -2.25735068e-01 -2.31215924e-01 -2.36148134e-01 -2.40521058e-01 -2.44337380e-01
 -2.47609466e-01 -2.50355363e-01 -2.52594590e-01 -2.54344732e-01 -2.55618215e-01
 -2.56420493e-01 -2.56749600e-01 -2.56596297e-01 -2.55945146e-01 -2.54775673e-01
 -2.53063858e-01 -2.50783652e-01 -2.47909129e-01 -2.44416654e-01 -2.40286097e-01
 -2.35501200e-01 -2.30048880e-01 -2.23917499e-01 -2.17095301e-01 -2.09570572e-01
 -2.01336160e-01 -1.92401960e-01 -1.82819441e-01 -1.72723532e-01 -1.62394464e-01
 -1.52297065e-01 -1.42141014e-01 -1.31924540e-01 -1.21639185e-01 -1.11269914e-01
 -1.00794725e-01 -9.01832432e-02 -7.93944001e-02 -6.83729649e-02 -5.70442267e-02
 -4.53051515e-02 -3.30064073e-02 -1.99048426e-02 -5.47709875e-03  1.26336664e-02
 -9.59640816e-02 -9.87971798e-02 -1.03509910e-01 -1.09407119e-01 -1.15756899e-01
 -1.22309126e-01 -1.29017368e-01 -1.35883808e-01 -1.42920032e-01 -1.50138676e-01
 -1.57550946e-01 -1.65163442e-01 -1.72926039e-01 -1.80825084e-01 -1.88783169e-01
 -1.96690440e-01 -2.04427123e-01 -2.11878732e-01 -2.18945414e-01 -2.25547001e-01
 -2.31625110e-01 -2.37143174e-01 -2.42085084e-01 -2.46452540e-01 -2.50261426e-01
 -2.53537387e-01 -2.56310821e-01 -2.58610874e-01 -2.60460734e-01 -2.61875391e-01
 -2.62860537e-01 -2.63412803e-01 -2.63520151e-01 -2.63163209e-01 -2.62316763e-01
 -2.60951519e-01 -2.59035945e-01 -2.56538123e-01 -2.53427118e-01 -2.49674335e-01
 -2.45256022e-01 -2.40154967e-01 -2.34358966e-01 -2.27857977e-01 -2.20640823e-01
 -2.12693959e-01 -2.04005226e-01 -1.94577530e-01 -1.84456944e-01 -1.73779681e-01
 -1.62834451e-01 -1.52128562e-01 -1.41384035e-01 -1.30579412e-01 -1.19686358e-01
 -1.08670227e-01 -9.74867493e-02 -8.60772654e-02 -7.43623227e-02 -6.22328185e-02
 -4.95370515e-02 -3.60624976e-02 -2.15125345e-02 -5.47285611e-03  1.27417026e-02
 -9.42751318e-02 -9.65018198e-02 -1.03382185e-01 -1.10487476e-01 -1.17182314e-01
 -1.23934120e-01 -1.30843535e-01 -1.37941778e-01 -1.45245105e-01 -1.52767971e-01
 -1.60527825e-01 -1.68442786e-01 -1.76543579e-01 -1.84776828e-01 -1.93039477e-01
 -2.01206043e-01 -2.09148645e-01 -2.16750339e-01 -2.23912954e-01 -2.30561227e-01
 -2.36644372e-01 -2.42135838e-01 -2.47031555e-01 -2.51346886e-01 -2.55112350e-01
 -2.58367777e-01 -2.61153340e-01 -2.63503909e-01 -2.65445590e-01 -2.66994357e-01
 -2.68155456e-01 -2.68923551e-01 -2.69283533e-01 -2.69211739e-01 -2.68677622e-01
 -2.67646015e-01 -2.66079307e-01 -2.63940006e-01 -2.61192411e-01 -2.57804155e-01
 -2.53746390e-01 -2.48994634e-01 -2.43531018e-01 -2.37345338e-01 -2.30430380e-01
 -2.22776681e-01 -2.14369640e-01 -2.05193058e-01 -1.95244268e-01 -1.84566915e-01
 -1.73306391e-01 -1.61787197e-01 -1.50592357e-01 -1.39368743e-01 -1.28072202e-01
 -1.16666436e-01 -1.05109081e-01 -9.33445171e-02 -8.12979639e-02 -6.88682273e-02
 -5.59173711e-02 -4.22558822e-02 -2.76246872e-02 -1.17197456e-02  5.21655008e-03
 -9.85750258e-02 -1.01823293e-01 -1.06559187e-01 -1.12394251e-01 -1.18825868e-01
 -1.25604078e-01 -1.32646218e-01 -1.39930353e-01 -1.47454485e-01 -1.55223936e-01
 -1.63247943e-01 -1.71454057e-01 -1.79847434e-01 -1.88352242e-01 -1.96849093e-01
 -2.05202535e-01 -2.13280126e-01 -2.20964581e-01 -2.28160828e-01 -2.34799504e-01
 -2.40838334e-01 -2.46261716e-01 -2.51078635e-01 -2.55319297e-01 -2.59029180e-01
 -2.62258053e-01 -2.65052199e-01 -2.67449826e-01 -2.69478858e-01 -2.71155745e-01
 -2.72485167e-01 -2.73460180e-01 -2.74062812e-01 -2.74265230e-01 -2.74031520e-01
 -2.73319930e-01 -2.72085756e-01 -2.70284474e-01 -2.67874599e-01 -2.64819950e-01
 -2.61090398e-01 -2.56661206e-01 -2.51511872e-01 -2.45626524e-01 -2.38997832e-01
 -2.31621996e-01 -2.23491326e-01 -2.14589998e-01 -2.04898536e-01 -1.94412991e-01
 -1.83185533e-01 -1.71392009e-01 -1.59420520e-01 -1.47935614e-01 -1.36362836e-01
 -1.24713533e-01 -1.12971492e-01 -1.01103730e-01 -8.90637934e-02 -7.67917335e-02
 -6.42125309e-02 -5.12326509e-02 -3.77313755e-02 -2.35370733e-02 -8.55806749e-03
 -9.80541185e-02 -1.01019658e-01 -1.06693417e-01 -1.13328122e-01 -1.20093718e-01
 -1.27068296e-01 -1.34285614e-01 -1.41755089e-01 -1.49481565e-01 -1.57468408e-01
 -1.65714294e-01 -1.74162596e-01 -1.82792306e-01 -1.91508174e-01 -2.00177923e-01
 -2.08658949e-01 -2.16816276e-01 -2.24533647e-01 -2.31719911e-01 -2.38312289e-01
 -2.44277641e-01 -2.49611810e-01 -2.54337430e-01 -2.58499563e-01 -2.62154400e-01
 -2.65358120e-01 -2.68160820e-01 -2.70603001e-01 -2.72713810e-01 -2.74510205e-01
 -2.75996625e-01 -2.77164996e-01 -2.77995199e-01 -2.78455973e-01 -2.78506398e-01
 -2.78098226e-01 -2.77179062e-01 -2.75696009e-01 -2.73599923e-01 -2.70848900e-01
 -2.67410338e-01 -2.63260871e-01 -2.58383989e-01 -2.52766669e-01 -2.46398225e-01
 -2.39275381e-01 -2.31398091e-01 -2.22759962e-01 -2.13344485e-01 -2.03133434e-01
 -1.92135319e-01 -1.80441856e-01 -1.68319091e-01 -1.56324968e-01 -1.44436419e-01
 -1.32601500e-01 -1.20790496e-01 -1.08981140e-01 -9.71546397e-02 -8.52969736e-02
 -7.34044611e-02 -6.14963658e-02 -4.96420003e-02 -3.80176529e-02 -2.69927904e-02
 -9.92392898e-02 -1.02513343e-01 -1.07867993e-01 -1.14348389e-01 -1.21212341e-01
 -1.28338888e-01 -1.35721445e-01 -1.43368080e-01 -1.51290461e-01 -1.59504250e-01
 -1.67902321e-01 -1.76533520e-01 -1.85343578e-01 -1.94216862e-01 -2.03009263e-01
 -2.11572379e-01 -2.19769701e-01 -2.27486685e-01 -2.34636515e-01 -2.41163269e-01
 -2.47043014e-01 -2.52283007e-01 -2.56919265e-01 -2.61008590e-01 -2.64614105e-01
 -2.67796248e-01 -2.70607620e-01 -2.73090333e-01 -2.75274575e-01 -2.77177900e-01
 -2.78804898e-01 -2.80147046e-01 -2.81182826e-01 -2.81878501e-01 -2.82189071e-01
 -2.82060504e-01 -2.81432897e-01 -2.80244648e-01 -2.78437555e-01 -2.75961906e-01
 -2.72780299e-01 -2.68869072e-01 -2.64216334e-01 -2.58816868e-01 -2.52666712e-01
 -2.45761395e-01 -2.38102794e-01 -2.29693547e-01 -2.20526338e-01 -2.10582510e-01
 -1.99847385e-01 -1.88349321e-01 -1.76229343e-01 -1.63838208e-01 -1.51827306e-01
 -1.39920071e-01 -1.28126919e-01 -1.16451226e-01 -1.04899436e-01 -9.34875160e-02
 -8.22478160e-02 -7.12381527e-02 -6.05532192e-02 -5.03347367e-02 -4.07697447e-02
 -9.95514542e-02 -1.02839768e-01 -1.08433075e-01 -1.15135483e-01 -1.22149549e-01
 -1.29411131e-01 -1.36929944e-01 -1.44718319e-01 -1.52788624e-01 -1.61153495e-01
 -1.69714645e-01 -1.78507581e-01 -1.87463984e-01 -1.96457401e-01 -2.05336958e-01
 -2.13951156e-01 -2.22163409e-01 -2.29861453e-01 -2.36963034e-01 -2.43418917e-01
 -2.49213919e-01 -2.54365981e-01 -2.58922845e-01 -2.62949169e-01 -2.66512841e-01
 -2.69676983e-01 -2.72495925e-01 -2.75013030e-01 -2.77259320e-01 -2.79253095e-01
 -2.80999362e-01 -2.82489568e-01 -2.83701628e-01 -2.84600109e-01 -2.85137117e-01
 -2.85254002e-01 -2.84884393e-01 -2.83958465e-01 -2.82408774e-01 -2.80176669e-01
 -2.77218044e-01 -2.73506552e-01 -2.69033104e-01 -2.63800472e-01 -2.57815272e-01
 -2.51080900e-01 -2.43598402e-01 -2.35374555e-01 -2.26411536e-01 -2.16697782e-01
 -2.06213579e-01 -1.94959074e-01 -1.83012858e-01 -1.70628056e-01 -1.58358440e-01
 -1.46354094e-01 -1.34580180e-01 -1.23030402e-01 -1.11714706e-01 -1.00656293e-01
 -8.98925141e-02 -7.94770122e-02 -6.94814324e-02 -5.99944219e-02 -5.11157513e-02
 -9.98780057e-02 -1.03187196e-01 -1.08957335e-01 -1.15812801e-01 -1.22928806e-01
 -1.30285233e-01 -1.37902811e-01 -1.45796120e-01 -1.53977439e-01 -1.62458196e-01
 -1.71150863e-01 -1.80072710e-01 -1.89142689e-01 -1.98225960e-01 -2.07166985e-01
 -2.15812445e-01 -2.24026218e-01 -2.31698528e-01 -2.38751367e-01 -2.45141566e-01
 -2.50861675e-01 -2.55938917e-01 -2.60429889e-01 -2.64404595e-01 -2.67933875e-01
 -2.71082819e-01 -2.73906827e-01 -2.76450187e-01 -2.78744638e-01 -2.80809164e-01
 -2.82649189e-01 -2.84256548e-01 -2.85608947e-01 -2.86670059e-01 -2.87390113e-01
 -2.87707061e-01 -2.87549525e-01 -2.86840826e-01 -2.85505325e-01 -2.83475697e-01
 -2.80700356e-01 -2.77148753e-01 -2.72812396e-01 -2.67700106e-01 -2.61828810e-01
 -2.55212784e-01 -2.47858301e-01 -2.39771634e-01 -2.30961069e-01 -2.21422628e-01
 -2.11137667e-01 -2.00090662e-01 -1.88314438e-01 -1.75969332e-01 -1.63451582e-01
 -1.51491374e-01 -1.39776096e-01 -1.28334612e-01 -1.17191382e-01 -1.06373824e-01
 -9.59157720e-02 -8.58589113e-02 -7.62526095e-02 -6.71519786e-02 -5.86139448e-02
 -1.00759789e-01 -1.04278259e-01 -1.09791063e-01 -1.16453245e-01 -1.23554714e-01
 -1.30950049e-01 -1.38626009e-01 -1.46589339e-01 -1.54849485e-01 -1.63416028e-01
 -1.72206894e-01 -1.81224957e-01 -1.90379053e-01 -1.99527845e-01 -2.08512172e-01
 -2.17177495e-01 -2.25388244e-01 -2.33036712e-01 -2.40048453e-01 -2.46385202e-01
 -2.52045810e-01 -2.57064819e-01 -2.61504918e-01 -2.65439510e-01 -2.68941462e-01
 -2.72076964e-01 -2.74902284e-01 -2.77462155e-01 -2.79788941e-01 -2.81902075e-01
 -2.83807427e-01 -2.85497069e-01 -2.86948770e-01 -2.88125813e-01 -2.88977176e-01
 -2.89438695e-01 -2.89435387e-01 -2.88885683e-01 -2.87707537e-01 -2.85826653e-01
 -2.83184856e-01 -2.79747248e-01 -2.75504500e-01 -2.70469397e-01 -2.64666587e-01
 -2.58120179e-01 -2.50844091e-01 -2.42845118e-01 -2.34134153e-01 -2.24713579e-01
 -2.14569300e-01 -2.03682438e-01 -1.92067921e-01 -1.79847419e-01 -1.67359069e-01
 -1.55282095e-01 -1.43540412e-01 -1.32138565e-01 -1.21089153e-01 -1.10411212e-01
 -1.00129575e-01 -9.02741402e-02 -8.08786154e-02 -7.19786659e-02 -6.36092797e-02
 -1.00196958e-01 -1.03446804e-01 -1.09643303e-01 -1.16748556e-01 -1.23938188e-01
 -1.31360933e-01 -1.39067844e-01 -1.47074327e-01 -1.55387908e-01 -1.64015293e-01
 -1.72875613e-01 -1.81961894e-01 -1.91175923e-01 -2.00371712e-01 -2.09387541e-01
 -2.18067870e-01 -2.26277441e-01 -2.33910024e-01 -2.40893677e-01 -2.47193649e-01
 -2.52813220e-01 -2.57792026e-01 -2.62196451e-01 -2.66102076e-01 -2.69582927e-01
 -2.72705883e-01 -2.75527567e-01 -2.78093100e-01 -2.80435055e-01 -2.82573014e-01
 -2.84513146e-01 -2.86247641e-01 -2.87754178e-01 -2.88995773e-01 -2.89920747e-01
 -2.90463597e-01 -2.90547311e-01 -2.90087223e-01 -2.88997501e-01 -2.87199378e-01
 -2.84630448e-01 -2.81252682e-01 -2.77056038e-01 -2.72055209e-01 -2.66279697e-01
 -2.59759784e-01 -2.52515107e-01 -2.44554266e-01 -2.35888839e-01 -2.26524949e-01
 -2.16452166e-01 -2.05651999e-01 -1.94132388e-01 -1.81996003e-01 -1.69544831e-01
 -1.57401994e-01 -1.45637482e-01 -1.34250015e-01 -1.23246133e-01 -1.12638891e-01
 -1.02446675e-01 -9.26918685e-02 -8.33994150e-02 -7.45949820e-02 -6.63030520e-02
 -1.01910904e-01 -1.05679974e-01 -1.10866576e-01 -1.17150374e-01 -1.24094240e-01
 -1.31465688e-01 -1.39182270e-01 -1.47219628e-01 -1.55572861e-01 -1.64244100e-01
 -1.73151523e-01 -1.82283625e-01 -1.91538587e-01 -2.00767875e-01 -2.09808141e-01
 -2.18503147e-01 -2.26717621e-01 -2.34346002e-01 -2.41317675e-01 -2.47599810e-01
 -2.53198087e-01 -2.58154929e-01 -2.62538552e-01 -2.66425639e-01 -2.69890815e-01
 -2.73001164e-01 -2.75813490e-01 -2.78372884e-01 -2.80711830e-01 -2.82849878e-01
 -2.84793019e-01 -2.86533266e-01 -2.88048118e-01 -2.89300233e-01 -2.90237486e-01
 -2.90793806e-01 -2.90891320e-01 -2.90444374e-01 -2.89365947e-01 -2.87576020e-01
 -2.85011083e-01 -2.81632543e-01 -2.77430326e-01 -2.72419959e-01 -2.66632318e-01
 -2.60099411e-01 -2.52842367e-01 -2.44870320e-01 -2.36195117e-01 -2.26823598e-01
 -2.16746271e-01 -2.05945149e-01 -1.94427922e-01 -1.82295591e-01 -1.69846252e-01
 -1.57695949e-01 -1.45933971e-01 -1.34558037e-01 -1.23573273e-01 -1.12991221e-01
 -1.02828503e-01 -9.31054503e-02 -8.38445649e-02 -7.50687867e-02 -6.67997152e-02
 -9.91744474e-02 -1.02249190e-01 -1.08943880e-01 -1.16332047e-01 -1.23632036e-01
 -1.31137714e-01 -1.38921931e-01 -1.47005096e-01 -1.55395642e-01 -1.64099902e-01
 -1.73036516e-01 -1.82195753e-01 -1.91476002e-01 -2.00728282e-01 -2.09788695e-01
 -2.18500391e-01 -2.26727813e-01 -2.34365225e-01 -2.41342112e-01 -2.47625902e-01
 -2.53222644e-01 -2.58175194e-01 -2.62552142e-01 -2.66430259e-01 -2.69884259e-01
 -2.72981137e-01 -2.75777549e-01 -2.78318226e-01 -2.80635327e-01 -2.82747984e-01
 -2.84661651e-01 -2.86367834e-01 -2.87843585e-01 -2.89051086e-01 -2.89937973e-01
 -2.90438205e-01 -2.90474355e-01 -2.89961725e-01 -2.88814813e-01 -2.86955744e-01
 -2.84323424e-01 -2.80881256e-01 -2.76620388e-01 -2.71555990e-01 -2.65717000e-01
 -2.59132236e-01 -2.51819581e-01 -2.43786931e-01 -2.35045895e-01 -2.25601107e-01
 -2.15440691e-01 -2.04546764e-01 -1.92933023e-01 -1.80716783e-01 -1.68227389e-01
 -1.56128004e-01 -1.44397900e-01 -1.33035764e-01 -1.22049324e-01 -1.11453272e-01
 -1.01267613e-01 -9.15162489e-02 -8.22253823e-02 -7.34217837e-02 -6.51308298e-02
 -1.00045398e-01 -1.03628710e-01 -1.09109551e-01 -1.15789264e-01 -1.22990809e-01
 -1.30518526e-01 -1.38339892e-01 -1.46455541e-01 -1.54871747e-01 -1.63595393e-01
 -1.72542915e-01 -1.81711093e-01 -1.91001713e-01 -2.00267181e-01 -2.09343746e-01
 -2.18074262e-01 -2.26322383e-01 -2.33981535e-01 -2.40980014e-01 -2.47283965e-01
 -2.52897829e-01 -2.57862657e-01 -2.62245864e-01 -2.66123563e-01 -2.69569933e-01
 -2.72651613e-01 -2.75424749e-01 -2.77933478e-01 -2.80209333e-01 -2.82270640e-01
 -2.84122050e-01 -2.85754234e-01 -2.87143499e-01 -2.88251668e-01 -2.89026350e-01
 -2.89402276e-01 -2.89303750e-01 -2.88649142e-01 -2.87357211e-01 -2.85355359e-01
 -2.82587796e-01 -2.79022276e-01 -2.74651557e-01 -2.69488990e-01 -2.63558120e-01
 -2.56880194e-01 -2.49466285e-01 -2.41322950e-01 -2.32460350e-01 -2.22877637e-01
 -2.12557971e-01 -2.01484308e-01 -1.89683631e-01 -1.77307457e-01 -1.64748952e-01
 -1.52767792e-01 -1.41094640e-01 -1.29738852e-01 -1.18718304e-01 -1.08056709e-01
 -9.77827683e-02 -8.79295096e-02 -7.85332471e-02 -6.96317405e-02 -6.12617321e-02
 -9.81672630e-02 -1.01364806e-01 -1.07522823e-01 -1.14714921e-01 -1.22052513e-01
 -1.29624173e-01 -1.37468413e-01 -1.45599246e-01 -1.54024795e-01 -1.62751794e-01
 -1.71690568e-01 -1.80848628e-01 -1.90133736e-01 -1.99401185e-01 -2.08488226e-01
 -2.17237473e-01 -2.25511625e-01 -2.33202502e-01 -2.40236312e-01 -2.46576384e-01
 -2.52223819e-01 -2.57215708e-01 -2.61616647e-01 -2.65501142e-01 -2.68942386e-01
 -2.72006154e-01 -2.74747849e-01 -2.77210802e-01 -2.79425532e-01 -2.81409293e-01
 -2.83165693e-01 -2.84684420e-01 -2.85940975e-01 -2.86896914e-01 -2.87500441e-01
 -2.87687957e-01 -2.87387103e-01 -2.86521286e-01 -2.85016060e-01 -2.82806516e-01
 -2.79844314e-01 -2.76102245e-01 -2.71574140e-01 -2.66269326e-01 -2.60202676e-01
 -2.53385067e-01 -2.45820478e-01 -2.37516165e-01 -2.28477955e-01 -2.18697369e-01
 -2.08153412e-01 -1.96835995e-01 -1.84798971e-01 -1.72247559e-01 -1.59651771e-01
 -1.47836760e-01 -1.36206120e-01 -1.24811888e-01 -1.13691814e-01 -1.02881640e-01
 -9.24209431e-02 -8.23557004e-02 -7.27386922e-02 -6.36278689e-02 -5.50826006e-02
 -9.79582295e-02 -1.01359583e-01 -1.06920265e-01 -1.13700196e-01 -1.20938584e-01
 -1.28488302e-01 -1.36328414e-01 -1.44456998e-01 -1.52876690e-01 -1.61592275e-01
 -1.70503438e-01 -1.79632127e-01 -1.88894436e-01 -1.98150113e-01 -2.07238331e-01
 -2.16001913e-01 -2.24302620e-01 -2.32030362e-01 -2.39108443e-01 -2.45496348e-01
 -2.51190215e-01 -2.56221265e-01 -2.60649353e-01 -2.64546305e-01 -2.67983556e-01
 -2.71025717e-01 -2.73727000e-01 -2.76129663e-01 -2.78263062e-01 -2.80143172e-01
 -2.81772435e-01 -2.83139437e-01 -2.84219235e-01 -2.84973502e-01 -2.85351813e-01
 -2.85293579e-01 -2.84731299e-01 -2.83595383e-01 -2.81819999e-01 -2.79349357e-01
 -2.76142955e-01 -2.72177994e-01 -2.67447352e-01 -2.61953682e-01 -2.55701274e-01
 -2.48690799e-01 -2.40924403e-01 -2.32408881e-01 -2.23142788e-01 -2.13111192e-01
 -2.02297479e-01 -1.90719739e-01 -1.78499207e-01 -1.65961593e-01 -1.53746769e-01
 -1.41778395e-01 -1.30021214e-01 -1.18471593e-01 -1.07142985e-01 -9.60621834e-02
 -8.52699503e-02 -7.48231933e-02 -6.47967085e-02 -5.52822314e-02 -4.63825203e-02
 -9.64260921e-02 -9.96422395e-02 -1.05352424e-01 -1.12260342e-01 -1.19525306e-01
 -1.27080783e-01 -1.34921804e-01 -1.43044457e-01 -1.51448280e-01 -1.60138816e-01
 -1.69008985e-01 -1.78091750e-01 -1.87313020e-01 -1.96539328e-01 -2.05613658e-01
 -2.14380264e-01 -2.22700626e-01 -2.30462849e-01 -2.37587035e-01 -2.44028032e-01
 -2.49775872e-01 -2.54854292e-01 -2.59316176e-01 -2.63229072e-01 -2.66661912e-01
 -2.69677460e-01 -2.72328496e-01 -2.74655879e-01 -2.76687622e-01 -2.78438389e-01
 -2.79909432e-01 -2.81088620e-01 -2.81950861e-01 -2.82458812e-01 -2.82564491e-01
 -2.82211632e-01 -2.81339198e-01 -2.79885828e-01 -2.77795225e-01 -2.75020599e-01
 -2.71528155e-01 -2.67297179e-01 -2.62317210e-01 -2.56582439e-01 -2.50087351e-01
 -2.42828652e-01 -2.34810293e-01 -2.26032868e-01 -2.16485739e-01 -2.06151605e-01
 -1.95031196e-01 -1.83196574e-01 -1.70880154e-01 -1.58594072e-01 -1.46472439e-01
 -1.34492457e-01 -1.22638129e-01 -1.10902518e-01 -9.92886797e-02 -8.78122449e-02
 -7.65066519e-02 -6.54316545e-02 -5.46846092e-02 -4.44107093e-02 -3.48011404e-02
 -9.48617831e-02 -9.79568139e-02 -1.03624217e-01 -1.10529117e-01 -1.17816322e-01
 -1.25406250e-01 -1.33273140e-01 -1.41398549e-01 -1.49772361e-01 -1.58389345e-01
 -1.67243153e-01 -1.76272959e-01 -1.85432687e-01 -1.94604680e-01 -2.03640431e-01
 -2.12388232e-01 -2.20710561e-01 -2.28494301e-01 -2.35656455e-01 -2.42146835e-01
 -2.47948617e-01 -2.53076881e-01 -2.57575095e-01 -2.61504591e-01 -2.64930516e-01
 -2.67913014e-01 -2.70502955e-01 -2.72739559e-01 -2.74649382e-01 -2.76245862e-01
 -2.77529329e-01 -2.78487355e-01 -2.79095471e-01 -2.79318273e-01 -2.79111356e-01
 -2.78423965e-01 -2.77202487e-01 -2.75394410e-01 -2.72952288e-01 -2.69837022e-01
 -2.66018897e-01 -2.61476785e-01 -2.56195068e-01 -2.50160873e-01 -2.43365958e-01
 -2.35810384e-01 -2.27493733e-01 -2.18406931e-01 -2.08532691e-01 -1.97861046e-01
 -1.86427161e-01 -1.74377888e-01 -1.62064672e-01 -1.50133938e-01 -1.38199851e-01
 -1.26278177e-01 -1.14364997e-01 -1.02447756e-01 -9.05113742e-02 -7.85433725e-02
 -6.65409565e-02 -5.45243956e-02 -4.25647572e-02 -3.08419764e-02 -1.97326690e-02
 -9.32547078e-02 -9.63629931e-02 -1.01619318e-01 -1.08359419e-01 -1.15774281e-01
 -1.23513363e-01 -1.31476209e-01 -1.39639184e-01 -1.48000732e-01 -1.56566486e-01
 -1.65345579e-01 -1.74272835e-01 -1.83324337e-01 -1.92397565e-01 -2.01353461e-01
 -2.10045353e-01 -2.18337506e-01 -2.26116106e-01 -2.33295202e-01 -2.39819482e-01
 -2.45664865e-01 -2.50837058e-01 -2.55368322e-01 -2.59311020e-01 -2.62724638e-01
 -2.65665680e-01 -2.68182456e-01 -2.70312250e-01 -2.72080064e-01 -2.73498327e-01
 -2.74566859e-01 -2.75273591e-01 -2.75595456e-01 -2.75499940e-01 -2.74947226e-01
 -2.73892820e-01 -2.72290677e-01 -2.70096362e-01 -2.67269850e-01 -2.63777018e-01
 -2.59589881e-01 -2.54685372e-01 -2.49044761e-01 -2.42656320e-01 -2.35516906e-01
 -2.27624252e-01 -2.18970299e-01 -2.09540710e-01 -1.99326068e-01 -1.88351661e-01
 -1.76732078e-01 -1.64752498e-01 -1.52960926e-01 -1.41183883e-01 -1.29387721e-01
 -1.17545173e-01 -1.05625086e-01 -9.35883224e-02 -8.13853666e-02 -6.89543039e-02
 -5.62183261e-02 -4.30819951e-02 -2.94221900e-02 -1.50639014e-02  8.64862523e-05
 -8.48196596e-02 -8.59835520e-02 -9.59631428e-02 -1.05360813e-01 -1.13596164e-01
 -1.21657908e-01 -1.29750311e-01 -1.37941509e-01 -1.46265373e-01 -1.54745668e-01
 -1.63402826e-01 -1.72171235e-01 -1.81054860e-01 -1.89969823e-01 -1.98788747e-01
 -2.07371622e-01 -2.15585545e-01 -2.23316640e-01 -2.30476439e-01 -2.37004697e-01
 -2.42870048e-01 -2.48068646e-01 -2.52621025e-01 -2.56567448e-01 -2.59959221e-01
 -2.62847543e-01 -2.65277267e-01 -2.67283291e-01 -2.68889010e-01 -2.70106018e-01
 -2.70934135e-01 -2.71362185e-01 -2.71369398e-01 -2.70926833e-01 -2.69999713e-01
 -2.68549800e-01 -2.66537845e-01 -2.63925970e-01 -2.60679305e-01 -2.56766796e-01
 -2.52161413e-01 -2.46841371e-01 -2.40793958e-01 -2.34013408e-01 -2.26495326e-01
 -2.18231872e-01 -2.09211901e-01 -1.99430451e-01 -1.88913420e-01 -1.77762747e-01
 -1.66224480e-01 -1.54768765e-01 -1.43301114e-01 -1.31801546e-01 -1.20242909e-01
 -1.08591124e-01 -9.68023315e-02 -8.48187581e-02 -7.25633278e-02 -5.99322766e-02
 -4.67845798e-02 -3.29267159e-02 -1.80942621e-02 -1.97694381e-03  1.51789282e-02
 -8.92202929e-02 -9.18428525e-02 -9.72858891e-02 -1.04526244e-01 -1.12370141e-01
 -1.20359980e-01 -1.28407285e-01 -1.36519283e-01 -1.44721821e-01 -1.53042570e-01
 -1.61508188e-01 -1.70046017e-01 -1.78688407e-01 -1.87371492e-01 -1.95981473e-01
 -2.04386562e-01 -2.12457970e-01 -2.20082685e-01 -2.27170244e-01 -2.33656004e-01
 -2.39501640e-01 -2.44694009e-01 -2.49242246e-01 -2.53173441e-01 -2.56527126e-01
 -2.59346902e-01 -2.61672646e-01 -2.63536096e-01 -2.64958888e-01 -2.65951753e-01
 -2.66514838e-01 -2.66638547e-01 -2.66304612e-01 -2.65488088e-01 -2.64159054e-01
 -2.62284786e-01 -2.59831637e-01 -2.56766677e-01 -2.53059149e-01 -2.48681769e-01
 -2.43614033e-01 -2.37843245e-01 -2.31361672e-01 -2.24162832e-01 -2.16238707e-01
 -2.07580999e-01 -1.98190585e-01 -1.88099846e-01 -1.77412078e-01 -1.66357651e-01
 -1.55359671e-01 -1.44329935e-01 -1.33260265e-01 -1.22135997e-01 -1.10934973e-01
 -9.96259227e-02 -8.81658420e-02 -7.64958858e-02 -6.45354465e-02 -5.21732904e-02
 -3.92545611e-02 -2.55622212e-02 -1.07933953e-02  5.47485845e-03  2.39415392e-02
 -8.51042643e-02 -8.61562043e-02 -9.45911333e-02 -1.03630073e-01 -1.11767225e-01
 -1.19706176e-01 -1.27604648e-01 -1.35521144e-01 -1.43493325e-01 -1.51554018e-01
 -1.59736171e-01 -1.67961717e-01 -1.76281005e-01 -1.84648618e-01 -1.92965612e-01
 -2.01110333e-01 -2.08959773e-01 -2.16402903e-01 -2.23348215e-01 -2.29727253e-01
 -2.35495389e-01 -2.40630776e-01 -2.45131791e-01 -2.49013200e-01 -2.52301335e-01
 -2.55028725e-01 -2.57227927e-01 -2.58926243e-01 -2.60142714e-01 -2.60887116e-01
 -2.61159986e-01 -2.60953188e-01 -2.60251313e-01 -2.59032965e-01 -2.57272691e-01
 -2.54942566e-01 -2.52013952e-01 -2.48459473e-01 -2.44256064e-01 -2.39386290e-01
 -2.33837768e-01 -2.27601558e-01 -2.20669866e-01 -2.13035062e-01 -2.04692170e-01
 -1.95648596e-01 -1.85944855e-01 -1.75691411e-01 -1.65124714e-01 -1.54650256e-01
 -1.44124508e-01 -1.33552670e-01 -1.22934625e-01 -1.12264536e-01 -1.01530068e-01
 -9.07113403e-02 -7.97792822e-02 -6.86932430e-02 -5.73975332e-02 -4.58161570e-02
 -3.38438191e-02 -2.13276874e-02 -8.01905151e-03  6.61651511e-03  2.49814708e-02
 -9.00887847e-02 -9.24403295e-02 -9.77330059e-02 -1.04776204e-01 -1.12299569e-01
 -1.19884618e-01 -1.27462387e-01 -1.35045633e-01 -1.42661914e-01 -1.50338680e-01
 -1.58099294e-01 -1.65959850e-01 -1.73880190e-01 -1.81845114e-01 -1.89776704e-01
 -1.97567284e-01 -2.05102071e-01 -2.12273702e-01 -2.18990698e-01 -2.25181565e-01
 -2.30796069e-01 -2.35804379e-01 -2.40194932e-01 -2.43971124e-01 -2.47147247e-01
 -2.49743909e-01 -2.51783580e-01 -2.53286570e-01 -2.54267931e-01 -2.54735738e-01
 -2.54690319e-01 -2.54124969e-01 -2.53026724e-01 -2.51377791e-01 -2.49157295e-01
 -2.46343538e-01 -2.42915928e-01 -2.38856405e-01 -2.34150305e-01 -2.28786156e-01
 -2.22754806e-01 -2.16048643e-01 -2.08662257e-01 -2.00596794e-01 -1.91870272e-01
 -1.82536274e-01 -1.72710985e-01 -1.62607953e-01 -1.52673244e-01 -1.42660215e-01
 -1.32590905e-01 -1.22479737e-01 -1.12336062e-01 -1.02164939e-01 -9.19673443e-02
 -8.17400292e-02 -7.14755058e-02 -6.11622408e-02 -5.07856570e-02 -4.03307788e-02
 -2.97886096e-02 -1.91719085e-02 -8.56046472e-03  1.73599680e-03  1.10253068e-02
 -8.99365097e-02 -9.13054198e-02 -9.81899574e-02 -1.06228217e-01 -1.13665812e-01
 -1.20882012e-01 -1.28020972e-01 -1.35145828e-01 -1.42294347e-01 -1.49494365e-01
 -1.56769186e-01 -1.64140269e-01 -1.71554729e-01 -1.79014221e-01 -1.86457589e-01
 -1.93790659e-01 -2.00907767e-01 -2.07706288e-01 -2.14095727e-01 -2.20002413e-01
 -2.25371167e-01 -2.30164945e-01 -2.34363109e-01 -2.37958580e-01 -2.40954533e-01
 -2.43360639e-01 -2.45189458e-01 -2.46453136e-01 -2.47161001e-01 -2.47317776e-01
 -2.46923000e-01 -2.45971143e-01 -2.44452387e-01 -2.42354006e-01 -2.39661694e-01
 -2.36361176e-01 -2.32439190e-01 -2.27884144e-01 -2.22686142e-01 -2.16837019e-01
 -2.10330829e-01 -2.03166515e-01 -1.95354193e-01 -1.86927900e-01 -1.77966639e-01
 -1.68629453e-01 -1.59178898e-01 -1.49637893e-01 -1.40054286e-01 -1.30426645e-01
 -1.20765299e-01 -1.11084796e-01 -1.01400785e-01 -9.17286053e-02 -8.20827782e-02
 -7.24770427e-02 -6.29249811e-02 -5.34415133e-02 -4.40458953e-02 -3.47671211e-02
 -2.56534964e-02 -1.67886727e-02 -8.31434131e-03 -4.35780064e-04  6.69708103e-03
 -9.63218212e-02 -9.85620916e-02 -1.03502072e-01 -1.09788746e-01 -1.16275519e-01
 -1.22768790e-01 -1.29272208e-01 -1.35803416e-01 -1.42378241e-01 -1.49011448e-01
 -1.55718014e-01 -1.62513644e-01 -1.69333249e-01 -1.76193520e-01 -1.83049664e-01
 -1.89821869e-01 -1.96415082e-01 -2.02733099e-01 -2.08687872e-01 -2.14204729e-01
 -2.19224572e-01 -2.23704159e-01 -2.27614775e-01 -2.30939999e-01 -2.33673021e-01
 -2.35813648e-01 -2.37365350e-01 -2.38332748e-01 -2.38719583e-01 -2.38527328e-01
 -2.37754658e-01 -2.36397371e-01 -2.34448954e-01 -2.31901318e-01 -2.28745639e-01
 -2.24973068e-01 -2.20575288e-01 -2.15544909e-01 -2.09876284e-01 -2.03567296e-01
 -1.96623400e-01 -1.89065307e-01 -1.80941433e-01 -1.72349185e-01 -1.63445890e-01
 -1.54567167e-01 -1.45534337e-01 -1.36388287e-01 -1.27164021e-01 -1.17888488e-01
 -1.08587250e-01 -9.92863327e-02 -9.00126100e-02 -8.07937011e-02 -7.16578141e-02
 -6.26338646e-02 -5.37518449e-02 -4.50439341e-02 -3.65462974e-02 -2.83019450e-02
 -2.03642640e-02 -1.28001394e-02 -5.68952598e-03  8.82512308e-04  6.83904672e-03
 -1.02562137e-01 -1.05173469e-01 -1.09161489e-01 -1.14132926e-01 -1.19576670e-01
 -1.25243500e-01 -1.31033018e-01 -1.36904791e-01 -1.42844275e-01 -1.48849398e-01
 -1.54924989e-01 -1.61080167e-01 -1.67235330e-01 -1.73418716e-01 -1.79600775e-01
 -1.85716763e-01 -1.91684082e-01 -1.97415188e-01 -2.02826589e-01 -2.07844451e-01
 -2.12407470e-01 -2.16467604e-01 -2.19989479e-01 -2.22948819e-01 -2.25330338e-01
 -2.27125436e-01 -2.28329882e-01 -2.28941873e-01 -2.28960395e-01 -2.28384137e-01
 -2.27210909e-01 -2.25437403e-01 -2.23059356e-01 -2.20071852e-01 -2.16469765e-01
 -2.12248251e-01 -2.07403570e-01 -2.01934785e-01 -1.95846677e-01 -1.89155355e-01
 -1.81896850e-01 -1.74142748e-01 -1.66007236e-01 -1.57735512e-01 -1.49262100e-01
 -1.40638649e-01 -1.31877869e-01 -1.23003744e-01 -1.14045456e-01 -1.05034724e-01
 -9.60055217e-02 -8.69941562e-02 -7.80391917e-02 -6.91810921e-02 -6.04617856e-02
 -5.19240461e-02 -4.36109975e-02 -3.55657861e-02 -2.78315712e-02 -2.04518028e-02
 -1.34705445e-02 -6.93236943e-03 -8.81187036e-04  4.64218576e-03  9.60306358e-03
 -1.05877295e-01 -1.07920915e-01 -1.12598673e-01 -1.17774412e-01 -1.22809015e-01
 -1.27906457e-01 -1.33081362e-01 -1.38322100e-01 -1.43618926e-01 -1.48968264e-01
 -1.54372439e-01 -1.59839600e-01 -1.65283427e-01 -1.70733660e-01 -1.76173002e-01
 -1.81552097e-01 -1.86802596e-01 -1.91848159e-01 -1.96612552e-01 -2.01025367e-01
 -2.05025315e-01 -2.08561674e-01 -2.11594373e-01 -2.14093089e-01 -2.16035858e-01
 -2.17407331e-01 -2.18197078e-01 -2.18398049e-01 -2.18005314e-01 -2.17015043e-01
 -2.15423986e-01 -2.13229150e-01 -2.10427746e-01 -2.07017556e-01 -2.02997521e-01
 -1.98369026e-01 -1.93138108e-01 -1.87319577e-01 -1.80943057e-01 -1.74065039e-01
 -1.66770622e-01 -1.59248322e-01 -1.51459858e-01 -1.43441394e-01 -1.35212168e-01
 -1.26797855e-01 -1.18223928e-01 -1.09519154e-01 -1.00716494e-01 -9.18534100e-02
 -8.29720497e-02 -7.41193444e-02 -6.53467402e-02 -5.67094572e-02 -4.82652970e-02
 -4.00729217e-02 -3.21898051e-02 -2.46700868e-02 -1.75626036e-02 -1.09093469e-02
 -4.74445801e-03  9.06237925e-04  6.02530688e-03  1.06035117e-02  1.46394810e-02
 -1.11357793e-01 -1.13937564e-01 -1.17494024e-01 -1.21717200e-01 -1.26204401e-01
 -1.30780503e-01 -1.35394767e-01 -1.40032589e-01 -1.44689739e-01 -1.49365783e-01
 -1.54061630e-01 -1.58777431e-01 -1.63508937e-01 -1.68198109e-01 -1.72848240e-01
 -1.77428856e-01 -1.81888431e-01 -1.86164305e-01 -1.90190256e-01 -1.93902105e-01
 -1.97241351e-01 -2.00157151e-01 -2.02607125e-01 -2.04557121e-01 -2.05980510e-01
 -2.06857026e-01 -2.07171604e-01 -2.06913143e-01 -2.06073627e-01 -2.04647303e-01
 -2.02630326e-01 -2.00020626e-01 -1.96818233e-01 -1.93026230e-01 -1.88652843e-01
 -1.83713913e-01 -1.78236559e-01 -1.72268718e-01 -1.65875271e-01 -1.59212127e-01
 -1.52218789e-01 -1.44925594e-01 -1.37349710e-01 -1.29511595e-01 -1.21432133e-01
 -1.13134436e-01 -1.04644559e-01 -9.59927514e-02 -8.72147828e-02 -7.83530995e-02
 -6.94578141e-02 -6.05874062e-02 -5.18087521e-02 -4.31963019e-02 -3.48299816e-02
 -2.67918538e-02 -1.91615876e-02 -1.20113874e-02 -5.40111633e-03  6.25540328e-04
  6.04325486e-03  1.08452830e-02  1.50418002e-02  1.86567474e-02  2.17238758e-02
 -1.14314742e-01 -1.15991347e-01 -1.20892063e-01 -1.25601679e-01 -1.29859746e-01
 -1.33995727e-01 -1.38070539e-01 -1.42105594e-01 -1.46113440e-01 -1.50103137e-01
 -1.54081315e-01 -1.58052370e-01 -1.62019044e-01 -1.65908605e-01 -1.69731200e-01
 -1.73468754e-01 -1.77083865e-01 -1.80527195e-01 -1.83743760e-01 -1.86677709e-01
 -1.89275876e-01 -1.91490084e-01 -1.93278328e-01 -1.94605201e-01 -1.95441827e-01
 -1.95765257e-01 -1.95557714e-01 -1.94805920e-01 -1.93500370e-01 -1.91635147e-01
 -1.89208239e-01 -1.86221927e-01 -1.82683513e-01 -1.78607166e-01 -1.74021661e-01
 -1.68972462e-01 -1.63511559e-01 -1.57778516e-01 -1.51659250e-01 -1.45187855e-01
 -1.38377801e-01 -1.31244063e-01 -1.23800904e-01 -1.16063111e-01 -1.08046710e-01
 -9.97700989e-02 -9.12552699e-02 -8.25294927e-02 -7.36272261e-02 -6.45923391e-02
 -5.54804467e-02 -4.63611782e-02 -3.73197645e-02 -2.84571722e-02 -1.98877584e-02
 -1.17336018e-02 -4.11544181e-03  2.85851606e-03  9.10358969e-03  1.45670557e-02
  1.92324966e-02  2.31194366e-02  2.62783878e-02  2.87820622e-02  3.07145920e-02
 -1.21085495e-01 -1.23642556e-01 -1.26894400e-01 -1.30543038e-01 -1.34220600e-01
 -1.37795299e-01 -1.41260743e-01 -1.44639835e-01 -1.47955820e-01 -1.51226178e-01
 -1.54462412e-01 -1.57671049e-01 -1.60854757e-01 -1.63930655e-01 -1.66912049e-01
 -1.69789255e-01 -1.72535971e-01 -1.75114825e-01 -1.77482024e-01 -1.79591313e-01
 -1.81396931e-01 -1.82855919e-01 -1.83929503e-01 -1.84583962e-01 -1.84791118e-01
 -1.84528410e-01 -1.83778629e-01 -1.82529509e-01 -1.80773214e-01 -1.78506523e-01
 -1.75734475e-01 -1.72471762e-01 -1.68740883e-01 -1.64560243e-01 -1.59997091e-01
 -1.55190349e-01 -1.49960414e-01 -1.44350961e-01 -1.38370961e-01 -1.32031173e-01
 -1.25340164e-01 -1.18305437e-01 -1.10933788e-01 -1.03231937e-01 -9.52073187e-02
 -8.68691131e-02 -7.82297179e-02 -6.93067610e-02 -6.01257347e-02 -5.07236123e-02
 -4.11533751e-02 -3.14895958e-02 -2.18344852e-02 -1.23230126e-02 -3.12417583e-03
  5.56600001e-03  1.35429418e-02  2.06208583e-02  2.66596563e-02  3.15830931e-02
  3.53865474e-02  3.81357148e-02  3.99560221e-02  4.10115495e-02  4.14765999e-02
 -1.26155883e-01 -1.28142685e-01 -1.32288203e-01 -1.36201948e-01 -1.39427662e-01
 -1.42340019e-01 -1.45072490e-01 -1.47694543e-01 -1.50245503e-01 -1.52747244e-01
 -1.55210868e-01 -1.57640576e-01 -1.60035983e-01 -1.62304327e-01 -1.64456591e-01
 -1.66486651e-01 -1.68375656e-01 -1.70095742e-01 -1.71613291e-01 -1.72891825e-01
 -1.73894390e-01 -1.74585417e-01 -1.74932033e-01 -1.74904987e-01 -1.74480185e-01
 -1.73639566e-01 -1.72371671e-01 -1.70671463e-01 -1.68538153e-01 -1.65966496e-01
 -1.62974551e-01 -1.59609273e-01 -1.55965745e-01 -1.51898354e-01 -1.47447079e-01
 -1.42640084e-01 -1.37469262e-01 -1.31936595e-01 -1.26043826e-01 -1.19792119e-01
 -1.13181449e-01 -1.06210366e-01 -9.88760218e-02 -9.11744237e-02 -8.31007734e-02
 -7.46501833e-02 -6.58187792e-02 -5.66054918e-02 -4.70148362e-02 -3.70612293e-02
 -2.67755874e-02 -1.62152722e-02 -5.47862751e-03  5.27500035e-03  1.58022903e-02
  2.57644989e-02  3.47604938e-02  4.24189791e-02  4.84835878e-02  5.28334938e-02
  5.54830432e-02  5.65804206e-02  5.64047471e-02  5.53305261e-02  5.37282340e-02
 -1.35962814e-01 -1.38842881e-01 -1.41496196e-01 -1.43837288e-01 -1.45871058e-01
 -1.47722632e-01 -1.49488181e-01 -1.51214853e-01 -1.52921110e-01 -1.54611215e-01
 -1.56282470e-01 -1.57929093e-01 -1.59544855e-01 -1.61033571e-01 -1.62394240e-01
 -1.63619712e-01 -1.64695337e-01 -1.65600270e-01 -1.66309461e-01 -1.66795805e-01
 -1.67031959e-01 -1.66991875e-01 -1.66651189e-01 -1.65985361e-01 -1.64976686e-01
 -1.63615197e-01 -1.61901429e-01 -1.59851924e-01 -1.57511085e-01 -1.54783145e-01
 -1.51689276e-01 -1.48248851e-01 -1.44476324e-01 -1.40361637e-01 -1.35906041e-01
 -1.31112143e-01 -1.25978380e-01 -1.20501839e-01 -1.14678152e-01 -1.08501241e-01
 -1.01962976e-01 -9.50528756e-02 -8.77577737e-02 -8.00615698e-02 -7.19449893e-02
 -6.33854121e-02 -5.43569177e-02 -4.48307060e-02 -3.47762555e-02 -2.41639055e-02
 -1.29699102e-02 -1.18596654e-03  1.11632375e-02  2.39863638e-02  3.70530412e-02
  4.98260595e-02  6.12587072e-02  7.03198016e-02  7.67742991e-02  8.04194734e-02
  8.13237876e-02  7.97126964e-02  7.59825408e-02  7.13085532e-02  6.66311905e-02
 -1.48032501e-01 -1.51884124e-01 -1.52913824e-01 -1.52870163e-01 -1.53046027e-01
 -1.53512090e-01 -1.54170111e-01 -1.54948011e-01 -1.55797884e-01 -1.56684935e-01
 -1.57581210e-01 -1.58462286e-01 -1.59304857e-01 -1.60083339e-01 -1.60713628e-01
 -1.61199346e-01 -1.61531344e-01 -1.61694139e-01 -1.61669374e-01 -1.61438137e-01
 -1.60983160e-01 -1.60291642e-01 -1.59359634e-01 -1.58148065e-01 -1.56648099e-01
 -1.54854000e-01 -1.52764067e-01 -1.50380105e-01 -1.47703722e-01 -1.44724682e-01
 -1.41442329e-01 -1.37859315e-01 -1.33977637e-01 -1.29795879e-01 -1.25311866e-01
 -1.20522283e-01 -1.15421817e-01 -1.10003047e-01 -1.04256265e-01 -9.81692150e-02
 -9.17267129e-02 -8.49101469e-02 -7.76969343e-02 -7.00596571e-02 -6.19651079e-02
 -5.33729456e-02 -4.42340299e-02 -3.44883725e-02 -2.40626857e-02 -1.28677273e-02
 -7.95933011e-04  1.22797266e-02  2.65044942e-02  4.20394838e-02  5.90871982e-02
  7.82390684e-02  1.00551672e-01  1.06043719e-01  1.16164863e-01  1.17500700e-01
  1.14902198e-01  1.13489404e-01  9.74134803e-02  8.62804279e-02  7.77791068e-02
 -1.58112392e-01 -1.63009688e-01 -1.62190571e-01 -1.60276845e-01 -1.59253016e-01
 -1.58737525e-01 -1.58530220e-01 -1.58519939e-01 -1.58632040e-01 -1.58811361e-01
 -1.59014955e-01 -1.59207955e-01 -1.59361273e-01 -1.59450710e-01 -1.59378141e-01
 -1.59187898e-01 -1.58856481e-01 -1.58365041e-01 -1.57697052e-01 -1.56837597e-01
 -1.55773580e-01 -1.54493704e-01 -1.52987927e-01 -1.51244625e-01 -1.49256319e-01
 -1.47018716e-01 -1.44530028e-01 -1.41790077e-01 -1.38799012e-01 -1.35556057e-01
 -1.32061139e-01 -1.28314376e-01 -1.24315053e-01 -1.20060757e-01 -1.15547217e-01
 -1.10768050e-01 -1.05714455e-01 -1.00375012e-01 -9.47354808e-02 -8.87785479e-02
 -8.24834555e-02 -7.58254379e-02 -6.87749907e-02 -6.12967201e-02 -5.33477813e-02
 -4.48756218e-02 -3.58148366e-02 -2.60826442e-02 -1.55723989e-02 -4.14429232e-03
  8.38776771e-03  2.22735945e-02  3.78468595e-02  5.55472523e-02  7.59925768e-02
  9.96132642e-02  1.15511104e-01  1.26346096e-01  1.34772599e-01  1.33467346e-01
  1.32684723e-01  1.20227680e-01  1.05491534e-01  9.31444988e-02  8.32837448e-02
 -1.60745308e-01 -1.64912954e-01 -1.65814787e-01 -1.64959505e-01 -1.63855717e-01
 -1.62934676e-01 -1.62230223e-01 -1.61692128e-01 -1.61260650e-01 -1.60882562e-01
 -1.60513416e-01 -1.60116315e-01 -1.59659743e-01 -1.59115061e-01 -1.58452943e-01
 -1.57659546e-01 -1.56720206e-01 -1.55621171e-01 -1.54350013e-01 -1.52895838e-01
 -1.51249379e-01 -1.49403051e-01 -1.47350848e-01 -1.45088300e-01 -1.42612979e-01
 -1.39924526e-01 -1.37024328e-01 -1.33914962e-01 -1.30599484e-01 -1.27080783e-01
 -1.23361208e-01 -1.19442008e-01 -1.15322664e-01 -1.11000292e-01 -1.06469303e-01
 -1.01721101e-01 -9.67439637e-02 -9.15230215e-02 -8.60402137e-02 -8.02742466e-02
 -7.42004365e-02 -6.77903220e-02 -6.10110573e-02 -5.38243800e-02 -4.61850502e-02
 -3.80385928e-02 -2.93179732e-02 -1.99386589e-02 -9.79109388e-03  1.27127161e-03
  1.34520084e-02  2.70472933e-02  4.25119735e-02  6.05659634e-02  8.19422826e-02
  1.02011569e-01  1.14875704e-01  1.26187339e-01  1.30183309e-01  1.31060779e-01
  1.25984341e-01  1.13485225e-01  1.01065159e-01  9.06267017e-02  8.19359049e-02
 -1.68068275e-01 -1.73802972e-01 -1.71721488e-01 -1.68970928e-01 -1.67389169e-01
 -1.66231722e-01 -1.65287539e-01 -1.64458975e-01 -1.63680807e-01 -1.62903741e-01
 -1.62089586e-01 -1.61208421e-01 -1.60236135e-01 -1.59152463e-01 -1.57940105e-01
 -1.56585336e-01 -1.55076355e-01 -1.53402850e-01 -1.51555970e-01 -1.49528444e-01
 -1.47314832e-01 -1.44911602e-01 -1.42317295e-01 -1.39532566e-01 -1.36560202e-01
 -1.33405074e-01 -1.30073771e-01 -1.26574084e-01 -1.22914292e-01 -1.19102389e-01
 -1.15145124e-01 -1.11047126e-01 -1.06810018e-01 -1.02431729e-01 -9.79060158e-02
 -9.32223722e-02 -8.83661062e-02 -8.33186731e-02 -7.80581459e-02 -7.25596026e-02
 -6.67954534e-02 -6.07355610e-02 -5.43470159e-02 -4.75936569e-02 -4.04352099e-02
 -3.28259654e-02 -2.47130133e-02 -1.60338208e-02 -6.71300106e-03  3.34206270e-03
  1.42472591e-02  2.61504222e-02  3.92441154e-02  5.37756570e-02  6.98115975e-02
  8.38230774e-02  9.35268253e-02  1.02267511e-01  1.05406985e-01  1.07030459e-01
  1.03635937e-01  9.60517004e-02  8.85671750e-02  8.16646367e-02  7.54112750e-02
 -1.65209264e-01 -1.69644088e-01 -1.71031192e-01 -1.70589834e-01 -1.69682503e-01
 -1.68768257e-01 -1.67888969e-01 -1.66997477e-01 -1.66045889e-01 -1.65000796e-01
 -1.63841099e-01 -1.62553474e-01 -1.61128461e-01 -1.59558117e-01 -1.57834768e-01
 -1.55950889e-01 -1.53899089e-01 -1.51672557e-01 -1.49265543e-01 -1.46673873e-01
 -1.43895447e-01 -1.40930548e-01 -1.37782112e-01 -1.34455830e-01 -1.30960256e-01
 -1.27306625e-01 -1.23508640e-01 -1.19581841e-01 -1.15542732e-01 -1.11407533e-01
 -1.07190698e-01 -1.02903254e-01 -9.85513628e-02 -9.41350982e-02 -8.96478966e-02
 -8.50765556e-02 -8.04018974e-02 -7.55998641e-02 -7.06428513e-02 -6.55010045e-02
 -6.01433404e-02 -5.45385182e-02 -4.86552306e-02 -4.24623638e-02 -3.59289125e-02
 -2.90239118e-02 -2.17165817e-02 -1.39770480e-02 -5.77840721e-03  2.89846817e-03
  1.20542301e-02  2.16473378e-02  3.15413736e-02  4.13989052e-02  5.06995432e-02
  5.93343936e-02  6.67115226e-02  7.23992586e-02  7.61640444e-02  7.80276358e-02
  7.81857222e-02  7.65864551e-02  7.36398175e-02  7.00668246e-02  6.63004518e-02
 -1.71146780e-01 -1.77564323e-01 -1.74514145e-01 -1.72268510e-01 -1.71532556e-01
 -1.71045005e-01 -1.70470372e-01 -1.69690341e-01 -1.68672055e-01 -1.67418942e-01
 -1.65947273e-01 -1.64274588e-01 -1.62414506e-01 -1.60374939e-01 -1.58158198e-01
 -1.55762374e-01 -1.53182968e-01 -1.50414735e-01 -1.47453114e-01 -1.44295543e-01
 -1.40942186e-01 -1.37396470e-01 -1.33665398e-01 -1.29759714e-01 -1.25694051e-01
 -1.21487163e-01 -1.17161840e-01 -1.12744600e-01 -1.08264580e-01 -1.03751697e-01
 -9.92339030e-02 -9.47340578e-02 -9.02668461e-02 -8.58364031e-02 -8.14352557e-02
 -7.70447031e-02 -7.26365969e-02 -6.81760982e-02 -6.36249334e-02 -5.89442514e-02
 -5.40969595e-02 -4.90491651e-02 -4.37709503e-02 -3.82367149e-02 -3.24253552e-02
 -2.63206773e-02 -1.99122820e-02 -1.31974276e-02 -6.18436327e-03  1.10211561e-03
  8.61205067e-03  1.62584931e-02  2.39054263e-02  3.13658975e-02  3.84222493e-02
  4.48485389e-02  5.04190028e-02  5.49395904e-02  5.82868233e-02  6.04244061e-02
  6.13944568e-02  6.13071844e-02  6.03496656e-02  5.87602481e-02  5.67670055e-02
 -1.61347866e-01 -1.66257247e-01 -1.69544473e-01 -1.71661764e-01 -1.73075423e-01
 -1.73807427e-01 -1.73817068e-01 -1.73186421e-01 -1.72040924e-01 -1.70491204e-01
 -1.68624312e-01 -1.66503578e-01 -1.64169788e-01 -1.61644235e-01 -1.58933416e-01
 -1.56034052e-01 -1.52937889e-01 -1.49635613e-01 -1.46119773e-01 -1.42386675e-01
 -1.38437375e-01 -1.34277821e-01 -1.29918769e-01 -1.25375554e-01 -1.20668404e-01
 -1.15823381e-01 -1.10873550e-01 -1.05859928e-01 -1.00831062e-01 -9.58404765e-02
 -9.09414366e-02 -8.61799568e-02 -8.15876424e-02 -7.71762356e-02 -7.29352310e-02
 -6.88329414e-02 -6.48210794e-02 -6.08417057e-02 -5.68348095e-02 -5.27444705e-02
 -4.85227071e-02 -4.41309959e-02 -3.95403169e-02 -3.47305574e-02 -2.96898317e-02
 -2.44142469e-02 -1.89082492e-02 -1.31857842e-02 -7.27232546e-03 -1.20776834e-03
  4.95014712e-03  1.11227371e-02  1.72092002e-02  2.30892282e-02  2.86299828e-02
  3.36960442e-02  3.81611697e-02  4.19214442e-02  4.49075289e-02  4.70923930e-02
  4.84932065e-02  4.91686352e-02  4.92118075e-02  4.87376489e-02  4.78665605e-02
 -1.57378525e-01 -1.62781894e-01 -1.67950422e-01 -1.72881350e-01 -1.77244604e-01
 -1.79428488e-01 -1.79403245e-01 -1.78383708e-01 -1.76682830e-01 -1.74500465e-01
 -1.71996415e-01 -1.69273674e-01 -1.66385993e-01 -1.63348854e-01 -1.60152495e-01
 -1.56774253e-01 -1.53187886e-01 -1.49369866e-01 -1.45303458e-01 -1.40980974e-01
 -1.36404350e-01 -1.31583840e-01 -1.26535282e-01 -1.21277928e-01 -1.15834355e-01
 -1.10233001e-01 -1.04513042e-01 -9.87302661e-02 -9.29614827e-02 -8.73032883e-02
 -8.18615481e-02 -7.67327696e-02 -7.19851628e-02 -6.76460788e-02 -6.36966527e-02
 -6.00738190e-02 -5.66809662e-02 -5.34071289e-02 -5.01474701e-02 -4.68164384e-02
 -4.33515422e-02 -3.97112742e-02 -3.58710699e-02 -3.18195224e-02 -2.75556054e-02
 -2.30869986e-02 -1.84294209e-02 -1.36067281e-02 -8.65158346e-03 -3.60642280e-03
  1.47565641e-03  6.53057452e-03  1.14840632e-02  1.62540134e-02  2.07544994e-02
  2.49011777e-02  2.86175534e-02  3.18413116e-02  3.45297977e-02  3.66636626e-02
  3.82480919e-02  3.93113978e-02  3.99011970e-02  4.00785767e-02  3.99113148e-02
 -1.54759780e-01 -1.60896912e-01 -1.67582318e-01 -1.75142497e-01 -1.83704585e-01
 -1.87897801e-01 -1.87929705e-01 -1.85918704e-01 -1.82756126e-01 -1.79357991e-01
 -1.75849169e-01 -1.72340259e-01 -1.68857783e-01 -1.65355027e-01 -1.61758125e-01
 -1.57992706e-01 -1.53993532e-01 -1.49709806e-01 -1.45108193e-01 -1.40174925e-01
 -1.34919003e-01 -1.29367754e-01 -1.23552792e-01 -1.17498308e-01 -1.11219376e-01
 -1.04728468e-01 -9.80477855e-02 -9.12275687e-02 -8.43710899e-02 -7.76569694e-02
 -7.13240579e-02 -6.55959174e-02 -6.06176853e-02 -5.64473718e-02 -5.30511886e-02
 -5.02976663e-02 -4.79603410e-02 -4.57866900e-02 -4.35807258e-02 -4.12225015e-02
 -3.86494882e-02 -3.58351320e-02 -3.27742733e-02 -2.94746086e-02 -2.59520207e-02
 -2.22282540e-02 -1.83299556e-02 -1.42885009e-02 -1.01401955e-02 -5.92659228e-03
 -1.69461884e-03  2.50370498e-03  6.61216816e-03  1.05720144e-02  1.43243298e-02
  1.78130120e-02  2.09880453e-02  2.38086917e-02  2.62461677e-02  2.82854214e-02
  2.99257264e-02  3.11800130e-02  3.20729986e-02  3.26384120e-02  3.29157226e-02
 -1.51605204e-01 -1.57955557e-01 -1.65116638e-01 -1.73509851e-01 -1.83851138e-01
 -1.90504581e-01 -1.94346815e-01 -1.92980587e-01 -1.89620391e-01 -1.84291378e-01
 -1.79226935e-01 -1.74924284e-01 -1.71095997e-01 -1.67423651e-01 -1.63690224e-01
 -1.59768224e-01 -1.55525491e-01 -1.50876850e-01 -1.45781353e-01 -1.40183270e-01
 -1.34110600e-01 -1.27687201e-01 -1.21010274e-01 -1.14107698e-01 -1.06958747e-01
 -9.95172337e-02 -9.17278677e-02 -8.35448354e-02 -7.49764666e-02 -6.62430748e-02
 -5.81415743e-02 -5.14007919e-02 -4.59904335e-02 -4.21940759e-02 -3.97922546e-02
 -3.88874896e-02 -3.86607014e-02 -3.82857546e-02 -3.75157930e-02 -3.63124423e-02
 -3.46961059e-02 -3.27046551e-02 -3.03801075e-02 -2.77641304e-02 -2.48968042e-02
 -2.18167659e-02 -1.85618829e-02 -1.51700601e-02 -1.16799911e-02 -8.13171268e-03
 -4.56686085e-03 -1.02855719e-03  2.43912917e-03  5.79214003e-03  8.98776948e-03
  1.19862789e-02  1.47526190e-02  1.72580834e-02  1.94816608e-02  2.14109328e-02
  2.30423678e-02  2.43809912e-02  2.54394505e-02  2.62366068e-02  2.67958548e-02
 -1.47205412e-01 -1.53073415e-01 -1.59492195e-01 -1.66533589e-01 -1.74061641e-01
 -1.81606993e-01 -1.90569401e-01 -1.91380799e-01 -1.91482067e-01 -1.84908643e-01
 -1.79351836e-01 -1.75455064e-01 -1.72686756e-01 -1.69613034e-01 -1.65865764e-01
 -1.62492305e-01 -1.58282369e-01 -1.53117448e-01 -1.48041248e-01 -1.41653121e-01
 -1.34006694e-01 -1.26352936e-01 -1.18756622e-01 -1.11104555e-01 -1.03259668e-01
 -9.50710699e-02 -8.63611847e-02 -7.68992901e-02 -6.63468465e-02 -5.40625453e-02
 -4.07438725e-02 -3.55269797e-02 -2.63197925e-02 -2.63169687e-02 -2.18458064e-02
 -2.70974450e-02 -3.05614769e-02 -3.23378183e-02 -3.29906605e-02 -3.28099877e-02
 -3.19839045e-02 -3.06457933e-02 -2.88953949e-02 -2.68103462e-02 -2.44533420e-02
 -2.18769573e-02 -1.91270467e-02 -1.62451733e-02 -1.32703148e-02 -1.02399914e-02
 -7.19089946e-03 -4.15913993e-03 -1.18007441e-03  1.71212561e-03  4.48516896e-03
  7.10949721e-03  9.55919176e-03  1.18128350e-02  1.38542177e-02  1.56727955e-02
  1.72638409e-02  1.86282694e-02  1.97721422e-02  2.07059197e-02  2.14435328e-02
 -1.41808480e-01 -1.46921560e-01 -1.52244046e-01 -1.57711014e-01 -1.63235083e-01
 -1.68690547e-01 -1.73768789e-01 -1.78302437e-01 -1.84827462e-01 -1.77101597e-01
 -1.73456505e-01 -1.71402842e-01 -1.71185300e-01 -1.69401675e-01 -1.65048480e-01
 -1.63251474e-01 -1.59344092e-01 -1.53144538e-01 -1.49406359e-01 -1.42382994e-01
 -1.32739097e-01 -1.24226771e-01 -1.16189800e-01 -1.08274899e-01 -1.00242473e-01
 -9.18871537e-02 -8.29888061e-02 -7.32671618e-02 -6.23254701e-02 -4.96190153e-02
 -3.70506532e-02 -3.04848272e-02 -2.28817388e-02 -2.15757322e-02 -1.90973245e-02
 -2.35648118e-02 -2.77604293e-02 -3.01776025e-02 -3.13058048e-02 -3.14958245e-02
 -3.09852920e-02 -2.99405511e-02 -2.84820274e-02 -2.66993102e-02 -2.46610213e-02
 -2.24216804e-02 -2.00264957e-02 -1.75146218e-02 -1.49213150e-02 -1.22792898e-02
 -9.61950514e-03 -6.97153900e-03 -4.36364114e-03 -1.82255299e-03  6.26838533e-04
  2.96195480e-03  5.16301394e-03  7.21349334e-03  9.10051074e-03  1.08150691e-02
  1.23521360e-02  1.37105463e-02  1.48927290e-02  1.59042906e-02  1.67534743e-02
  4.09504271e+00  4.32822752e+00  4.54220486e+00  4.75006676e+00  4.92244482e+00
  5.06222486e+00  5.17571974e+00  5.24888706e+00  5.29422140e+00  5.30700541e+00
  5.29695177e+00  5.26605749e+00  5.21974850e+00  5.16349125e+00  5.09979057e+00
  5.03175497e+00  4.96052408e+00  4.89084673e+00  4.82184744e+00  4.75557995e+00
  4.69406319e+00  4.63677979e+00  4.58466768e+00  4.53807354e+00  4.49634647e+00
  4.46017265e+00  4.42875624e+00  4.40136242e+00  4.37817001e+00  4.35963106e+00
  4.34497738e+00  4.33368301e+00  4.32608891e+00  4.32187462e+00  4.32126045e+00
  4.32431698e+00  4.33057308e+00  4.34012842e+00  4.35334349e+00  4.37009335e+00
  4.39069557e+00  4.41525888e+00  4.44382906e+00  4.47672319e+00  4.51428890e+00
  4.55691004e+00  4.60487080e+00  4.65889549e+00  4.71908379e+00  4.78642893e+00
  4.86153460e+00  4.94453955e+00  5.03792000e+00  5.14165115e+00  5.25857115e+00
  5.39044476e+00  5.54028225e+00  5.71225643e+00  5.91386127e+00  6.14896679e+00
  6.43361187e+00  6.78632450e+00  7.25907326e+00  7.99921513e+00  1.17853708e+01
   88   89
  1.06423914e+00  0.00000000e+00  1.06630337e+00  1.00000001e-01  1.07239652e+00
  2.00000003e-01  1.07906246e+00  2.70970553e-01  1.08765101e+00  3.49999994e-01
  1.09902608e+00  4.49999988e-01  1.10562503e+00  5.10114074e-01  1.11512363e+00
  6.00000024e-01  1.12495863e+00  6.99999988e-01  1.13218749e+00  7.70455182e-01
  1.14124572e+00  8.50000024e-01  1.15175390e+00  9.49999988e-01  1.15875006e+00
  1.02912354e+00  1.16748989e+00  1.10858679e+00  1.20202196e+00  1.10000002e+00
  1.23843753e+00  1.09460151e+00  1.29156256e+00  1.08437991e+00  1.34468746e+00
  1.07209599e+00  1.39781249e+00  1.05764568e+00  1.42437506e+00  1.04968846e+00
  1.47749996e+00  1.03344870e+00  1.53062499e+00  1.01366019e+00  1.56225824e+00
  1.00000000e+00  1.61031246e+00  9.79335725e-01  1.66343749e+00  9.50898767e-01
  1.69000006e+00  9.36538994e-01  1.74312496e+00  9.02358651e-01  1.76968753e+00
  8.84709477e-01  1.81527638e+00  8.50000024e-01  1.84937501e+00  8.22756708e-01
  1.87593746e+00  7.99350500e-01  1.92850900e+00  7.50000000e-01  1.95562506e+00
  7.22691953e-01  1.98218751e+00  6.94287717e-01  2.02083898e+00  6.49999976e-01
  2.06123924e+00  6.00000024e-01  2.08843756e+00  5.62347233e-01  2.11500001e+00
  5.22967756e-01  2.14156246e+00  4.79693145e-01  2.16812491e+00  4.31383014e-01
  2.19468760e+00  3.76780689e-01  2.22125006e+00  3.14607173e-01  2.24605918e+00
  2.50000000e-01  2.26207042e+00  2.00000003e-01  2.27492952e+00  1.50000006e-01
  2.29374313e+00  5.00000007e-02  2.29655576e+00 -5.00000007e-02  2.28336191e+00
 -1.50000006e-01  2.27210927e+00 -2.00000003e-01  2.24781251e+00 -2.79502183e-01
  2.22128582e+00 -3.49999994e-01  2.20033979e+00 -4.00000006e-01  2.17663360e+00
 -4.49999988e-01  2.14942646e+00 -5.00000000e-01  2.11806059e+00 -5.50000012e-01
  2.08843756e+00 -5.92607915e-01  2.06187510e+00 -6.26190364e-01  2.03531241e+00
 -6.56517088e-01  1.99382329e+00 -6.99999988e-01  1.95562506e+00 -7.36249924e-01
  1.92906249e+00 -7.58764446e-01  1.87593746e+00 -7.99774647e-01  1.84937501e+00
 -8.18305135e-01  1.79624999e+00 -8.49725425e-01  1.76968753e+00 -8.64061594e-01
  1.71656251e+00 -8.88067782e-01  1.68149471e+00 -8.99999976e-01  1.63687503e+00
 -9.13701117e-01  1.58375001e+00 -9.24975634e-01  1.53062499e+00 -9.30497885e-01
  1.47749996e+00 -9.29764569e-01  1.42437506e+00 -9.21447635e-01  1.37125003e+00
 -9.02807474e-01  1.34468746e+00 -8.89498711e-01  1.29268730e+00 -8.50000024e-01
  1.26499999e+00 -8.21496546e-01  1.23843753e+00 -7.86178708e-01  1.21187496e+00
 -7.42286026e-01  1.18531251e+00 -6.87949955e-01  1.15875006e+00 -6.19897902e-01
  1.13695455e+00 -5.50000012e-01  1.12363863e+00 -5.00000000e-01  1.10562503e+00
 -4.18857992e-01  1.09290361e+00 -3.49999994e-01  1.07906246e+00 -2.52435863e-01
  1.07351041e+00 -2.00000003e-01  1.06662560e+00 -1.00000001e-01  1.06423914e+00
  0.00000000e+00
  1.01600003e+00  0.00000000e+00  1.01600003e+00  9.63999987e-01  1.01800001e+00
  9.67999995e-01  1.01800001e+00  1.00100005e+00  1.01800001e+00  1.01900005e+00
  1.01800001e+00  1.07700002e+00  1.01800001e+00  1.07000005e+00  1.01800001e+00
  1.09599996e+00  1.01800001e+00  1.11300004e+00  1.01800001e+00  1.13800001e+00
  1.01600003e+00  1.14699996e+00  1.01199996e+00  1.16499996e+00  1.00100005e+00
  1.21700001e+00  1.02900004e+00  1.21700001e+00  1.04200006e+00  1.16240001e+00
  1.04600000e+00  1.16237998e+00  1.05599999e+00  1.16260004e+00  1.09700000e+00
  1.16450000e+00  1.10800004e+00  1.16594005e+00  1.11600006e+00  1.16591001e+00
  1.13399994e+00  1.16895998e+00  1.14800000e+00  1.17174995e+00  1.16199994e+00
  1.17556000e+00  1.18099999e+00  1.18299997e+00  1.18200004e+00  1.18350005e+00
  1.18499994e+00  1.18499994e+00  1.19000006e+00  1.18799996e+00  1.19500005e+00
  1.19099998e+00  1.20099998e+00  1.19599998e+00  1.20899999e+00  1.20200002e+00
  1.21500003e+00  1.20799994e+00  1.22200000e+00  1.21399999e+00  1.22800004e+00
  1.22099996e+00  1.23399997e+00  1.23099995e+00  1.23899996e+00  1.23800004e+00
  1.24199998e+00  1.24399996e+00  1.24800003e+00  1.25399995e+00  1.25800002e+00
  1.27800000e+00  1.26300001e+00  1.28999996e+00  1.27999997e+00  1.33099997e+00
  1.27999997e+00  1.34700000e+00  1.27999997e+00  1.34800005e+00  1.30999994e+00
  1.34800005e+00  1.32799995e+00  1.34800005e+00  1.36099994e+00  1.34800005e+00
  1.38000000e+00  1.34800005e+00  1.41900003e+00  1.34800005e+00  1.41900003e+00
  1.30999994e+00  1.37199998e+00  1.30999994e+00  1.37199998e+00  1.29200006e+00
  1.60800004e+00  1.09500003e+00  1.64699996e+00  1.07700002e+00  1.78499997e+00
  1.07700002e+00  2.06999993e+00  1.03999996e+00  2.12800002e+00  9.92999971e-01
  2.24499989e+00  7.08999991e-01  2.32299995e+00  5.18999994e-01  2.37700009e+00
  3.88999999e-01  2.35200000e+00  4.00000006e-01  2.35100007e+00  3.37000012e-01
  2.35100007e+00  2.04999998e-01  2.35400009e+00  6.80000037e-02  2.35400009e+00
  0.00000000e+00  2.35400009e+00 -6.80000037e-02  2.35299993e+00 -2.04999998e-01
  2.35100007e+00 -3.37000012e-01  2.35299993e+00 -4.00000006e-01  2.37700009e+00
 -3.88999999e-01  2.13400006e+00 -9.72999990e-01  1.78600001e+00 -1.17400002e+00
  1.76800001e+00 -1.21099997e+00  1.76800001e+00 -1.25399995e+00  1.68200004e+00
 -1.25399995e+00  1.67400002e+00 -1.26199996e+00  1.67400002e+00 -1.32900000e+00
  1.68099999e+00 -1.33899999e+00  1.75399995e+00 -1.33899999e+00  1.75399995e+00
 -1.36800003e+00  1.68900001e+00 -1.36800003e+00  1.68900001e+00 -1.36600006e+00
  1.55499995e+00 -1.36600006e+00  1.41199994e+00 -1.36600006e+00  1.27300000e+00
 -1.36600006e+00  1.15300000e+00 -1.36600006e+00  1.01600003e+00 -1.22899997e+00
  1.01600003e+00 -8.00000012e-01  1.01600003e+00 -4.14999992e-01  1.01600003e+00
 -4.00000006e-01  1.01600003e+00  0.00000000e+00
    0 0.000000000e+00    0
  0.00000000e+00  1.14715613e-01  1.64545447e-01  2.02749699e-01  2.37077236e-01
  2.68078893e-01  2.96547502e-01  3.22879642e-01  3.47560227e-01  3.70709628e-01
  3.92480433e-01  4.13026601e-01  4.32526499e-01  4.50877666e-01  4.68418151e-01
  4.85041291e-01  5.00925064e-01  5.16113043e-01  5.30669868e-01  5.44611573e-01
  5.58018744e-01  5.71053267e-01  5.83574414e-01  5.95663786e-01  6.07451737e-01
  6.18955016e-01  6.30132914e-01  6.41021192e-01  6.51679754e-01  6.62103534e-01
  6.72375500e-01  6.82476044e-01  6.92347705e-01  7.02070296e-01  7.11663902e-01
  7.21160769e-01  7.30574071e-01  7.39829302e-01  7.48982430e-01  7.58087873e-01
  7.67118037e-01  7.76100397e-01  7.85034657e-01  7.93914199e-01  8.02771509e-01
  8.11612725e-01  8.20439816e-01  8.29285204e-01  8.38128090e-01  8.47013772e-01
  8.55942428e-01  8.64888787e-01  8.73948157e-01  8.83063972e-01  8.92294824e-01
  9.01655972e-01  9.11146343e-01  9.20808256e-01  9.30731833e-01  9.40866351e-01
  9.51326787e-01  9.62167323e-01  9.73566830e-01  9.85763073e-01  1.00000000e+00
    0
