   EFIT?   05/12/98      #102940   584             3  65  65
  1.70000005e+00  3.20000005e+00  1.69550002e+00  8.39999974e-01  0.00000000e+00
  1.78402233e+00 -2.96647358e-03 -2.91605383e-01 -1.41091555e-01 -2.00572896e+00
  9.10845688e+05 -2.91605383e-01  0.00000000e+00  1.78402233e+00  0.00000000e+00
 -2.96647358e-03  0.00000000e+00 -1.41091555e-01  0.00000000e+00  0.00000000e+00
 -3.41356659e+00 -3.41622758e+00 -3.41850519e+00 -3.42043185e+00 -3.42203736e+00
 -3.42334938e+00 -3.42439270e+00 -3.42519045e+00 -3.42576385e+00 -3.42613268e+00
 -3.42631483e+00 -3.42632747e+00 -3.42618656e+00 -3.42590714e+00 -3.42550325e+00
 -3.42498851e+00 -3.42437577e+00 -3.42367768e+00 -3.42290640e+00 -3.42207432e+00
 -3.42119288e+00 -3.42027378e+00 -3.41932726e+00 -3.41836333e+00 -3.41739035e+00
 -3.41641593e+00 -3.41544724e+00 -3.41449070e+00 -3.41355181e+00 -3.41263533e+00
 -3.41174626e+00 -3.41088796e+00 -3.41006446e+00 -3.40927839e+00 -3.40853214e+00
 -3.40782809e+00 -3.40716791e+00 -3.40655303e+00 -3.40598416e+00 -3.40546179e+00
 -3.40498662e+00 -3.40455818e+00 -3.40417600e+00 -3.40383911e+00 -3.40354657e+00
 -3.40329647e+00 -3.40308666e+00 -3.40291500e+00 -3.40277863e+00 -3.40267372e+00
 -3.40259695e+00 -3.40254354e+00 -3.40250874e+00 -3.40248680e+00 -3.40247154e+00
 -3.40245605e+00 -3.40243268e+00 -3.40239263e+00 -3.40232682e+00 -3.40222430e+00
 -3.40207362e+00 -3.40186214e+00 -3.40157557e+00 -3.40119839e+00 -3.40071344e+00
  3.00349453e+04  2.70773320e+04  2.44305957e+04  2.20713613e+04  1.99774180e+04
  1.81276680e+04  1.65020859e+04  1.50816660e+04  1.38483916e+04  1.27851885e+04
  1.18758857e+04  1.11051865e+04  1.04586289e+04  9.92255762e+03  9.48409180e+03
  9.13109863e+03  8.85216406e+03  8.63657031e+03  8.47427051e+03  8.35586816e+03
  8.27259570e+03  8.21629492e+03  8.17939893e+03  8.15491699e+03  8.13641748e+03
  8.11801416e+03  8.09435400e+03  8.06060449e+03  8.01244336e+03  7.94604980e+03
  7.85809473e+03  7.74573438e+03  7.60660400e+03  7.43881201e+03  7.24093652e+03
  7.01202246e+03  6.75157861e+03  6.45957617e+03  6.13645117e+03  5.78310254e+03
  5.40089502e+03  4.99166309e+03  4.55771387e+03  4.10183350e+03  3.62729126e+03
  3.13784839e+03  2.63776562e+03  2.13181323e+03  1.62528064e+03  1.12398865e+03
  6.34302124e+02  1.63143646e+02 -2.81990845e+02 -6.93015747e+02 -1.06123804e+03
 -1.37733826e+03 -1.63134973e+03 -1.81263708e+03 -1.90987256e+03 -1.91101111e+03
 -1.80326428e+03 -1.57307153e+03 -1.20607104e+03 -6.87067749e+02  0.00000000e+00
  4.15321445e+00  3.57454324e+00  3.04427600e+00  2.55838585e+00  2.11323595e+00
  1.70554841e+00  1.33237422e+00  9.91068304e-01  6.79265797e-01  3.94861430e-01
  1.35990724e-01 -9.89861041e-02 -3.11498672e-01 -5.02779067e-01 -6.73872590e-01
 -8.25647056e-01 -9.58800197e-01 -1.07386613e+00 -1.17121983e+00 -1.25108039e+00
 -1.31366313e+00 -1.36013961e+00 -1.39203644e+00 -1.41075444e+00 -1.41757834e+00
 -1.41368842e+00 -1.40017068e+00 -1.37802625e+00 -1.34818077e+00 -1.31149173e+00
 -1.26875663e+00 -1.22071981e+00 -1.16807902e+00 -1.11149144e+00 -1.05157948e+00
 -9.88936305e-01 -9.24131215e-01 -8.57714415e-01 -7.90221870e-01 -7.22180188e-01
 -6.54111028e-01 -5.86535931e-01 -5.19980669e-01 -4.54980105e-01 -3.92082661e-01
 -3.31855327e-01 -2.74888545e-01 -2.21801490e-01 -1.73247382e-01 -1.29919350e-01
 -9.25564989e-02 -6.19503930e-02 -3.89520153e-02 -2.44792663e-02 -1.95250399e-02
 -2.51659472e-02 -4.25717868e-02 -7.30158389e-02 -1.17886059e-01 -1.78697288e-01
 -2.57104576e-01 -3.54917735e-01 -4.74117279e-01 -6.16871834e-01 -7.85557091e-01
 -1.32624988e+06 -1.18896488e+06 -1.06187262e+06 -9.44467312e+05 -8.36264562e+05
 -7.36800062e+05 -6.45628938e+05 -5.62324312e+05 -4.86476750e+05 -4.17693188e+05
 -3.55595969e+05 -2.99822281e+05 -2.50023125e+05 -2.05862625e+05 -1.67017344e+05
 -1.33175484e+05 -1.04036266e+05 -7.93092500e+04 -5.87136797e+04 -4.19778789e+04
 -2.88386562e+04 -1.90407246e+04 -1.23361436e+04 -8.48376562e+03 -7.24871289e+03
 -8.40186133e+03 -1.17193350e+04 -1.69820117e+04 -2.39750469e+04 -3.24873965e+04
 -4.23113594e+04 -5.32421133e+04 -6.50772695e+04 -7.76164297e+04 -9.06607266e+04
 -1.04012438e+05 -1.17474477e+05 -1.30850023e+05 -1.43942062e+05 -1.56552953e+05
 -1.68484016e+05 -1.79535031e+05 -1.89503891e+05 -1.98186078e+05 -2.05374281e+05
 -2.10857891e+05 -2.14422531e+05 -2.15849625e+05 -2.14915891e+05 -2.11392891e+05
 -2.05046453e+05 -1.95636219e+05 -1.82915109e+05 -1.66628750e+05 -1.46514938e+05
 -1.22303047e+05 -9.37134688e+04 -6.04569648e+04 -2.22340312e+04  2.12657441e+04
  7.03643672e+04  1.25396156e+05  1.86708469e+05  2.54662438e+05  3.29633844e+05
 -1.10064603e-01 -1.15414992e-01 -1.21089742e-01 -1.27016082e-01 -1.33072257e-01
 -1.39068618e-01 -1.44562781e-01 -1.49397880e-01 -1.55226380e-01 -1.45221800e-01
 -1.39502361e-01 -1.35347143e-01 -1.32765874e-01 -1.29412398e-01 -1.24208048e-01
 -1.20905779e-01 -1.16321303e-01 -1.09960489e-01 -1.05334111e-01 -9.85248610e-02
 -8.96160603e-02 -8.14377889e-02 -7.34828040e-02 -6.54575527e-02 -5.71416877e-02
 -4.83252406e-02 -3.87646407e-02 -2.81347167e-02 -1.59613322e-02 -1.68041349e-03
  1.17505630e-02  1.92140248e-02  2.62736883e-02  2.72523724e-02  2.78316364e-02
  2.14986689e-02  1.46402661e-02  9.84747056e-03  6.59469515e-03  4.46051126e-03
  3.16601712e-03  2.51936843e-03  2.38337019e-03  2.65676714e-03  3.26251122e-03
  4.13994770e-03  5.23951277e-03  6.51914254e-03  7.94186629e-03  9.47421882e-03
  1.10852346e-02  1.27458656e-02  1.44287162e-02  1.61080156e-02  1.77597720e-02
  1.93620455e-02  2.08952874e-02  2.23426782e-02  2.36904379e-02  2.49280315e-02
  2.60482635e-02  2.70472299e-02  2.79241260e-02  2.86809318e-02  2.93220039e-02
 -1.14765368e-01 -1.21105149e-01 -1.28211245e-01 -1.36171252e-01 -1.44775584e-01
 -1.53445378e-01 -1.64026886e-01 -1.63621143e-01 -1.62597880e-01 -1.53371915e-01
 -1.45579368e-01 -1.39651254e-01 -1.34971544e-01 -1.30415380e-01 -1.25577584e-01
 -1.21107474e-01 -1.16162531e-01 -1.10567302e-01 -1.05011486e-01 -9.85447094e-02
 -9.11156163e-02 -8.35695267e-02 -7.59339258e-02 -6.80907443e-02 -5.98915480e-02
 -5.11602536e-02 -4.16739210e-02 -3.11258920e-02 -1.90600771e-02 -4.86137671e-03
  8.75446759e-03  1.59384087e-02  2.33972240e-02  2.42001936e-02  2.53330320e-02
  1.89694464e-02  1.23985652e-02  7.88514037e-03  4.86386381e-03  2.93323048e-03
  1.83257845e-03  1.38332217e-03  1.45704928e-03  1.95751619e-03  2.80978507e-03
  3.95326829e-03  5.33707207e-03  6.91679539e-03  8.65231175e-03  1.05062686e-02
  1.24431234e-02  1.44286295e-02  1.64296776e-02  1.84144489e-02  2.03528218e-02
  2.22169515e-02  2.39819381e-02  2.56265122e-02  2.71336287e-02  2.84908842e-02
  2.96907034e-02  3.07302792e-02  3.16112265e-02  3.23390327e-02  3.29223350e-02
 -1.17868595e-01 -1.24808818e-01 -1.32903129e-01 -1.42694533e-01 -1.55058220e-01
 -1.62143633e-01 -1.66312620e-01 -1.63678288e-01 -1.58862531e-01 -1.51622832e-01
 -1.44835591e-01 -1.39003575e-01 -1.33826375e-01 -1.28993824e-01 -1.24283396e-01
 -1.19550824e-01 -1.14661045e-01 -1.09517477e-01 -1.04060054e-01 -9.82225016e-02
 -9.19958875e-02 -8.54384080e-02 -7.85902590e-02 -7.14403465e-02 -6.39381558e-02
 -5.60082085e-02 -4.75601181e-02 -3.85013558e-02 -2.87762862e-02 -1.85712073e-02
 -9.24909767e-03 -2.20517837e-03  3.14299436e-03  5.92463464e-03  6.91743102e-03
  5.34435641e-03  2.84565892e-03  7.70711631e-04 -6.71518326e-04 -1.50075974e-03
 -1.77806080e-03 -1.56948820e-03 -9.36696015e-04  6.51092341e-05  1.38673605e-03
  2.98377848e-03  4.81522316e-03  6.84214290e-03  9.02658980e-03  1.13307405e-02
  1.37163512e-02  1.61445383e-02  1.85759552e-02  2.09713224e-02  2.32923515e-02
  2.55029108e-02  2.75703911e-02  2.94670500e-02  3.11711989e-02  3.26680541e-02
  3.39501277e-02  3.50171253e-02  3.58752981e-02  3.65364254e-02  3.70164700e-02
 -1.18859641e-01 -1.25477627e-01 -1.33013695e-01 -1.41874582e-01 -1.52063742e-01
 -1.56374022e-01 -1.56040743e-01 -1.53153181e-01 -1.48995310e-01 -1.44580215e-01
 -1.40062302e-01 -1.35592550e-01 -1.31224468e-01 -1.26927108e-01 -1.22634575e-01
 -1.18274763e-01 -1.13780625e-01 -1.09095640e-01 -1.04176424e-01 -9.89941582e-02
 -9.35366079e-02 -8.78049284e-02 -8.18039551e-02 -7.55343065e-02 -6.89919814e-02
 -6.21753857e-02 -5.50993346e-02 -4.78192233e-02 -4.04701307e-02 -3.33120897e-02
 -2.67172195e-02 -2.10315157e-02 -1.64673738e-02 -1.31130191e-02 -1.09252892e-02
 -9.71945841e-03 -9.14830156e-03 -8.82377103e-03 -8.46522208e-03 -7.91587308e-03
 -7.10117957e-03 -5.99294808e-03 -4.58804006e-03 -2.89687957e-03 -9.37499106e-04
  1.26737414e-03  3.69155803e-03  6.30573556e-03  9.07729939e-03  1.19700180e-02
  1.49437590e-02  1.79544780e-02  2.09546518e-02  2.38943268e-02  2.67227758e-02
  2.93907579e-02  3.18531282e-02  3.40715125e-02  3.60166878e-02  3.76703069e-02
  3.90257277e-02  4.00877520e-02  4.08714004e-02  4.13998067e-02  4.17016819e-02
 -1.18284732e-01 -1.23859912e-01 -1.29577532e-01 -1.35364920e-01 -1.40627533e-01
 -1.43195227e-01 -1.43196210e-01 -1.42031819e-01 -1.40045628e-01 -1.37479395e-01
 -1.34532645e-01 -1.31341770e-01 -1.27987340e-01 -1.24505073e-01 -1.20899484e-01
 -1.17156997e-01 -1.13255963e-01 -1.09173417e-01 -1.04889490e-01 -1.00389987e-01
 -9.56674814e-02 -9.07210857e-02 -8.55553448e-02 -8.01797807e-02 -7.46104866e-02
 -6.88744858e-02 -6.30168393e-02 -5.71095385e-02 -5.12589812e-02 -4.56054099e-02
 -4.03069407e-02 -3.55095603e-02 -3.13172676e-02 -2.77735163e-02 -2.48535797e-02
 -2.24666689e-02 -2.04713345e-02 -1.87056400e-02 -1.70197133e-02 -1.52949039e-02
 -1.34472027e-02 -1.14221098e-02 -9.18746460e-03 -6.72726240e-03 -4.03721072e-03
 -1.12192438e-03  2.00658687e-03  5.32945851e-03  8.82081501e-03  1.24471718e-02
  1.61667038e-02  1.99287292e-02  2.36739069e-02  2.73355469e-02  3.08423359e-02
  3.41224074e-02  3.71083803e-02  3.97427008e-02  4.19825651e-02  4.38035093e-02
  4.52010781e-02  4.61903252e-02  4.68031876e-02  4.70840968e-02  4.70845923e-02
 -1.17726445e-01 -1.22396432e-01 -1.26218170e-01 -1.29309356e-01 -1.31742164e-01
 -1.33323640e-01 -1.33955583e-01 -1.33738384e-01 -1.32833660e-01 -1.31388545e-01
 -1.29523963e-01 -1.27333298e-01 -1.24883115e-01 -1.22216016e-01 -1.19355403e-01
 -1.16310813e-01 -1.13083065e-01 -1.09668568e-01 -1.06062666e-01 -1.02262035e-01
 -9.82663110e-02 -9.40790698e-02 -8.97086039e-02 -8.51688832e-02 -8.04809481e-02
 -7.56749883e-02 -7.07926229e-02 -6.58886507e-02 -6.10308312e-02 -5.62962331e-02
 -5.17633781e-02 -4.75014076e-02 -4.35590297e-02 -3.99561785e-02 -3.66802551e-02
 -3.36877219e-02 -3.09109222e-02 -2.82686893e-02 -2.56777667e-02 -2.30618287e-02
 -2.03565788e-02 -1.75113138e-02 -1.44882565e-02 -1.12609640e-02 -7.81269465e-03
 -4.13519284e-03 -2.28122197e-04  3.90072959e-03  8.23443290e-03  1.27450740e-02
  1.73912402e-02  2.21153088e-02  2.68415473e-02  3.14766020e-02  3.59135531e-02
  4.00394052e-02  4.37447987e-02  4.69350182e-02  4.95408028e-02  5.15261628e-02
  5.28916083e-02  5.36728688e-02  5.39358668e-02  5.37673943e-02  5.32623529e-02
 -1.18957244e-01 -1.24385983e-01 -1.24831028e-01 -1.25363871e-01 -1.26410246e-01
 -1.27270401e-01 -1.27747357e-01 -1.27783105e-01 -1.27385989e-01 -1.26594335e-01
 -1.25455573e-01 -1.24015167e-01 -1.22311421e-01 -1.20373584e-01 -1.18222006e-01
 -1.15869574e-01 -1.13323636e-01 -1.10588081e-01 -1.07665211e-01 -1.04557395e-01
 -1.01268396e-01 -9.78044271e-02 -9.41750854e-02 -9.03941467e-02 -8.64804387e-02
 -8.24585557e-02 -7.83592612e-02 -7.42192939e-02 -7.00800642e-02 -6.59850016e-02
 -6.19755872e-02 -5.80866523e-02 -5.43417037e-02 -5.07494025e-02 -4.73018922e-02
 -4.39753942e-02 -4.07329202e-02 -3.75284553e-02 -3.43117192e-02 -3.10324561e-02
 -2.76436266e-02 -2.41033267e-02 -2.03755870e-02 -1.64304543e-02 -1.22437375e-02
 -7.79679697e-03 -3.07665579e-03  1.92322081e-03  7.20111048e-03  1.27436463e-02
  1.85201988e-02  2.44744979e-02  3.05142794e-02  3.65040973e-02  4.22719121e-02
  4.76289354e-02  5.23834787e-02  5.63616864e-02  5.94387017e-02  6.15582205e-02
  6.27336055e-02  6.30385801e-02  6.26066849e-02  6.16203696e-02  6.02669679e-02
 -1.14319131e-01 -1.17913812e-01 -1.20121680e-01 -1.21358447e-01 -1.22186355e-01
 -1.22801349e-01 -1.23208083e-01 -1.23376876e-01 -1.23288184e-01 -1.22937731e-01
 -1.22332253e-01 -1.21484101e-01 -1.20407254e-01 -1.19114675e-01 -1.17617100e-01
 -1.15922637e-01 -1.14037141e-01 -1.11964822e-01 -1.09709099e-01 -1.07273459e-01
 -1.04662262e-01 -1.01881444e-01 -9.89391729e-02 -9.58463401e-02 -9.26169604e-02
 -8.92683119e-02 -8.58208463e-02 -8.22976232e-02 -7.87231922e-02 -7.51220062e-02
 -7.15163052e-02 -6.79238364e-02 -6.43556789e-02 -6.08146228e-02 -5.72943650e-02
 -5.37796319e-02 -5.02472594e-02 -4.66679111e-02 -4.30081710e-02 -3.92325558e-02
 -3.53052355e-02 -3.11911963e-02 -2.68569384e-02 -2.22706776e-02 -1.74022634e-02
 -1.22229150e-02 -6.70503546e-03 -8.22315051e-04  5.44940121e-03  1.21296598e-02
  1.92275941e-02  2.67288070e-02  3.45659554e-02  4.25552465e-02  5.03106639e-02
  5.75834736e-02  6.40228838e-02  6.92262277e-02  7.29329586e-02  7.50713274e-02
  7.57564753e-02  7.50972629e-02  7.32060000e-02  7.06714839e-02  6.79028481e-02
 -1.13968976e-01 -1.18533820e-01 -1.18415363e-01 -1.18194573e-01 -1.18609600e-01
 -1.19110264e-01 -1.19563557e-01 -1.19909570e-01 -1.20112263e-01 -1.20149136e-01
 -1.20007262e-01 -1.19680479e-01 -1.19166881e-01 -1.18466906e-01 -1.17582001e-01
 -1.16513789e-01 -1.15263760e-01 -1.13833226e-01 -1.12223521e-01 -1.10436335e-01
 -1.08474106e-01 -1.06340393e-01 -1.04040191e-01 -1.01580232e-01 -9.89691168e-02
 -9.62172598e-02 -9.33367461e-02 -9.03407708e-02 -8.72429907e-02 -8.40564668e-02
 -8.07925686e-02 -7.74597302e-02 -7.40623474e-02 -7.05999210e-02 -6.70665801e-02
 -6.34510219e-02 -5.97368963e-02 -5.59034757e-02 -5.19265234e-02 -4.77791466e-02
 -4.34325449e-02 -3.88565063e-02 -3.40195522e-02 -2.88887937e-02 -2.34293528e-02
 -1.76034570e-02 -1.13690840e-02 -4.67814505e-03  2.52596173e-03  1.03116240e-02
  1.87634919e-02  2.79888436e-02  3.81269827e-02  4.93612476e-02  6.18732870e-02
  7.45029226e-02  8.31627920e-02  9.09025595e-02  9.52912793e-02  9.69836712e-02
  9.66169909e-02  9.14034247e-02  8.55899006e-02  8.02062750e-02  7.53354579e-02
 -1.08450741e-01 -1.11600906e-01 -1.13393545e-01 -1.14325553e-01 -1.15021423e-01
 -1.15696527e-01 -1.16364971e-01 -1.16994135e-01 -1.17548391e-01 -1.17998630e-01
 -1.18323192e-01 -1.18506707e-01 -1.18538544e-01 -1.18411347e-01 -1.18119940e-01
 -1.17660463e-01 -1.17029876e-01 -1.16225705e-01 -1.15245908e-01 -1.14088982e-01
 -1.12754092e-01 -1.11241192e-01 -1.09551243e-01 -1.07686326e-01 -1.05649695e-01
 -1.03445739e-01 -1.01079814e-01 -9.85579565e-02 -9.58863795e-02 -9.30709615e-02
 -9.01164934e-02 -8.70260298e-02 -8.38001966e-02 -8.04366767e-02 -7.69298598e-02
 -7.32707307e-02 -6.94468990e-02 -6.54428080e-02 -6.12399951e-02 -5.68173416e-02
 -5.21512553e-02 -4.72156480e-02 -4.19817157e-02 -3.64173502e-02 -3.04861497e-02
 -2.41459161e-02 -1.73463523e-02 -1.00257155e-02 -2.10574595e-03  6.51620282e-03
  1.59799773e-02  2.64847428e-02  3.83293517e-02  5.19845821e-02  6.81205764e-02
  8.56919214e-02  9.77983773e-02  1.07542440e-01  1.13539197e-01  1.14910305e-01
  1.14032604e-01  1.05940603e-01  9.61118340e-02  8.76620114e-02  8.06859806e-02
 -1.06141493e-01 -1.09917797e-01 -1.10513508e-01 -1.10654697e-01 -1.11389451e-01
 -1.12342022e-01 -1.13373309e-01 -1.14411473e-01 -1.15410261e-01 -1.16336986e-01
 -1.17167652e-01 -1.17884248e-01 -1.18472971e-01 -1.18922971e-01 -1.19225375e-01
 -1.19372673e-01 -1.19358197e-01 -1.19175866e-01 -1.18820056e-01 -1.18285552e-01
 -1.17567584e-01 -1.16661966e-01 -1.15565158e-01 -1.14274405e-01 -1.12787783e-01
 -1.11104243e-01 -1.09223574e-01 -1.07146233e-01 -1.04873158e-01 -1.02405392e-01
 -9.97436792e-02 -9.68879461e-02 -9.38368291e-02 -9.05872583e-02 -8.71341452e-02
 -8.34703147e-02 -7.95864090e-02 -7.54708573e-02 -7.11098462e-02 -6.64872229e-02
 -6.15844205e-02 -5.63801974e-02 -5.08502163e-02 -4.49663661e-02 -3.86957228e-02
 -3.19990478e-02 -2.48286277e-02 -1.71251781e-02 -8.81343056e-03  2.04205266e-04
  1.00566205e-02  2.09162682e-02  3.30141969e-02  4.66558337e-02  6.22522198e-02
  8.03959221e-02  9.71998051e-02  1.06079020e-01  1.15391351e-01  1.16423704e-01
  1.16428092e-01  1.11067064e-01  9.96770412e-02  8.96424353e-02  8.16453844e-02
 -9.94654298e-02 -1.02314696e-01 -1.04253449e-01 -1.05756968e-01 -1.07281283e-01
 -1.08873509e-01 -1.10487081e-01 -1.12081245e-01 -1.13626726e-01 -1.15101703e-01
 -1.16488881e-01 -1.17773935e-01 -1.18944556e-01 -1.19989783e-01 -1.20899536e-01
 -1.21664278e-01 -1.22274727e-01 -1.22721702e-01 -1.22996055e-01 -1.23088665e-01
 -1.22990511e-01 -1.22692846e-01 -1.22187309e-01 -1.21466063e-01 -1.20521940e-01
 -1.19348653e-01 -1.17940918e-01 -1.16294511e-01 -1.14406295e-01 -1.12274051e-01
 -1.09896161e-01 -1.07271187e-01 -1.04397200e-01 -1.01271227e-01 -9.78889838e-02
 -9.42451879e-02 -9.03335437e-02 -8.61464590e-02 -8.16747695e-02 -7.69075528e-02
 -7.18319267e-02 -6.64328039e-02 -6.06924817e-02 -5.45901954e-02 -4.81014065e-02
 -4.11968902e-02 -3.38415653e-02 -2.59929989e-02 -1.75995994e-02 -8.59859772e-03
  1.08593376e-03  1.15444036e-02  2.28814743e-02  3.52140218e-02  4.86758016e-02
  6.35286272e-02  8.10197294e-02  9.10516530e-02  9.72526819e-02  1.04757257e-01
  1.01192765e-01  1.03174739e-01  9.28212777e-02  8.34104791e-02  7.66211003e-02
 -9.26616862e-02 -9.50183794e-02 -9.77272838e-02 -1.00482792e-01 -1.03072010e-01
 -1.05510443e-01 -1.07839122e-01 -1.10078774e-01 -1.12235449e-01 -1.14307530e-01
 -1.16289563e-01 -1.18174143e-01 -1.19952701e-01 -1.21615924e-01 -1.23153821e-01
 -1.24555781e-01 -1.25810504e-01 -1.26905963e-01 -1.27829462e-01 -1.28567681e-01
 -1.29106805e-01 -1.29433125e-01 -1.29532963e-01 -1.29392862e-01 -1.28999859e-01
 -1.28341973e-01 -1.27408609e-01 -1.26191035e-01 -1.24682575e-01 -1.22878872e-01
 -1.20777689e-01 -1.18378326e-01 -1.15680374e-01 -1.12681769e-01 -1.09377854e-01
 -1.05765238e-01 -1.01841561e-01 -9.76041108e-02 -9.30489004e-02 -8.81707966e-02
 -8.29634219e-02 -7.74189755e-02 -7.15280175e-02 -6.52793422e-02 -5.86597882e-02
 -5.16540855e-02 -4.42448035e-02 -3.64125036e-02 -2.81363912e-02 -1.93958078e-02
 -1.01733170e-02 -4.60593728e-04  9.73071251e-03  2.03486253e-02  3.12593058e-02
  4.21506912e-02  5.23523875e-02  6.09389171e-02  6.75043464e-02  7.19350725e-02
  7.41344243e-02  7.43047968e-02  7.26013854e-02  6.97573796e-02  6.66663423e-02
 -8.68875310e-02 -8.87916163e-02 -9.25083086e-02 -9.62764993e-02 -9.96143147e-02
 -1.02731340e-01 -1.05702877e-01 -1.08563282e-01 -1.11329280e-01 -1.14007875e-01
 -1.16599992e-01 -1.19102612e-01 -1.21509880e-01 -1.23813793e-01 -1.26004487e-01
 -1.28070414e-01 -1.29998341e-01 -1.31773382e-01 -1.33378878e-01 -1.34796813e-01
 -1.36006728e-01 -1.36989951e-01 -1.37727082e-01 -1.38197884e-01 -1.38382092e-01
 -1.38260558e-01 -1.37816072e-01 -1.37034371e-01 -1.35904938e-01 -1.34421811e-01
 -1.32584333e-01 -1.30397126e-01 -1.27867967e-01 -1.24999113e-01 -1.21771514e-01
 -1.18184872e-01 -1.14245355e-01 -1.09958559e-01 -1.05325058e-01 -1.00345671e-01
 -9.50212777e-02 -8.93518701e-02 -8.33367780e-02 -7.69749358e-02 -7.02650845e-02
 -6.32061884e-02 -5.57980798e-02 -4.80425172e-02 -3.99449952e-02 -3.15175802e-02
 -2.27832813e-02 -1.37827294e-02 -4.58405679e-03  4.70307004e-03  1.39097627e-02
  2.27932483e-02  3.10461242e-02  3.83533426e-02  4.44700681e-02  4.92561646e-02
  5.26774377e-02  5.48054948e-02  5.58160245e-02  5.59766479e-02  5.55851460e-02
 -8.45381171e-02 -8.68284926e-02 -8.99336711e-02 -9.34992954e-02 -9.71397534e-02
 -1.00718625e-01 -1.04213379e-01 -1.07628033e-01 -1.10969074e-01 -1.14240274e-01
 -1.17442049e-01 -1.20571740e-01 -1.23623997e-01 -1.26591012e-01 -1.29462525e-01
 -1.32225826e-01 -1.34865642e-01 -1.37364745e-01 -1.39700741e-01 -1.41854942e-01
 -1.43784851e-01 -1.45476401e-01 -1.46904409e-01 -1.48038954e-01 -1.48849010e-01
 -1.49304852e-01 -1.49379700e-01 -1.49050936e-01 -1.48301542e-01 -1.47121862e-01
 -1.45512953e-01 -1.43492535e-01 -1.41107216e-01 -1.38418838e-01 -1.35251775e-01
 -1.31653130e-01 -1.27662674e-01 -1.23309821e-01 -1.18580990e-01 -1.13483496e-01
 -1.08028911e-01 -1.02224082e-01 -9.60763320e-02 -8.95938724e-02 -8.27861354e-02
 -7.56642446e-02 -6.82417527e-02 -6.05358407e-02 -5.25691286e-02 -4.43721078e-02
 -3.59864198e-02 -2.74689589e-02 -1.88965630e-02 -1.03705507e-02 -2.01923749e-03
  6.00465620e-03  1.35349762e-02  2.04115584e-02  2.65024509e-02  3.17212231e-02
  3.60361114e-02  3.94717269e-02  4.21037972e-02  4.40459661e-02  4.54292111e-02
 -8.03636089e-02 -8.22625458e-02 -8.67692307e-02 -9.12349001e-02 -9.53471586e-02
 -9.93646681e-02 -1.03332005e-01 -1.07259020e-01 -1.11147843e-01 -1.14997923e-01
 -1.18806936e-01 -1.22570843e-01 -1.26283795e-01 -1.29937842e-01 -1.33522540e-01
 -1.37023911e-01 -1.40422538e-01 -1.43710136e-01 -1.46826848e-01 -1.49764404e-01
 -1.52493194e-01 -1.54976800e-01 -1.57174990e-01 -1.59046739e-01 -1.60552695e-01
 -1.61656812e-01 -1.62327453e-01 -1.62537917e-01 -1.62267029e-01 -1.61499441e-01
 -1.60226211e-01 -1.58445165e-01 -1.56159714e-01 -1.53372988e-01 -1.50077522e-01
 -1.46306932e-01 -1.42144680e-01 -1.37758106e-01 -1.32892713e-01 -1.27621755e-01
 -1.21999316e-01 -1.16020516e-01 -1.09699391e-01 -1.03052177e-01 -9.60976258e-02
 -8.88564736e-02 -8.13519880e-02 -7.36108422e-02 -6.56644627e-02 -5.75506315e-02
 -4.93154302e-02 -4.10151221e-02 -3.27178277e-02 -2.45042313e-02 -1.64666940e-02
 -8.70592613e-03 -1.32490182e-03  5.57941711e-03  1.19249746e-02  1.76522117e-02
  2.27288678e-02  2.71512717e-02  3.09420209e-02  3.41444202e-02  3.68147567e-02
 -7.99096376e-02 -8.23778659e-02 -8.58060569e-02 -8.98657143e-02 -9.41685438e-02
 -9.85493138e-02 -1.02959156e-01 -1.07381649e-01 -1.11808576e-01 -1.16234124e-01
 -1.20653205e-01 -1.25060737e-01 -1.29451022e-01 -1.33817539e-01 -1.38152689e-01
 -1.42448038e-01 -1.46621391e-01 -1.50688395e-01 -1.54625073e-01 -1.58393070e-01
 -1.61944553e-01 -1.65227965e-01 -1.68191999e-01 -1.70788452e-01 -1.72973901e-01
 -1.74710631e-01 -1.75966725e-01 -1.76715940e-01 -1.76937222e-01 -1.76614061e-01
 -1.75733969e-01 -1.74287662e-01 -1.72268450e-01 -1.69671580e-01 -1.66495904e-01
 -1.62751392e-01 -1.58462197e-01 -1.53663963e-01 -1.48383617e-01 -1.42732635e-01
 -1.36946291e-01 -1.30731300e-01 -1.24167971e-01 -1.17279597e-01 -1.10096201e-01
 -1.02646396e-01 -9.49600637e-02 -8.70688409e-02 -7.90072456e-02 -7.08137453e-02
 -6.25318587e-02 -5.42111546e-02 -4.59077545e-02 -3.76842096e-02 -2.96084005e-02
 -2.17514616e-02 -1.41846752e-02 -6.97572110e-03 -1.84800694e-04  6.13871450e-03
  1.19585888e-02  1.72526762e-02  2.20124833e-02  2.62415875e-02  2.99533196e-02
 -7.63613656e-02 -7.84847289e-02 -8.34592730e-02 -8.84704739e-02 -9.32611674e-02
 -9.80843604e-02 -1.02965511e-01 -1.07897885e-01 -1.12871923e-01 -1.17880091e-01
 -1.22916847e-01 -1.27977729e-01 -1.33058369e-01 -1.38153896e-01 -1.43258959e-01
 -1.48287401e-01 -1.53254673e-01 -1.58140749e-01 -1.62901267e-01 -1.67478830e-01
 -1.71811000e-01 -1.75836116e-01 -1.79497078e-01 -1.82743475e-01 -1.85532466e-01
 -1.87828764e-01 -1.89603999e-01 -1.90835759e-01 -1.91506550e-01 -1.91602647e-01
 -1.91113099e-01 -1.90028846e-01 -1.88342020e-01 -1.86045721e-01 -1.83134511e-01
 -1.79605857e-01 -1.75461575e-01 -1.70709535e-01 -1.65367872e-01 -1.59479335e-01
 -1.53116450e-01 -1.46366194e-01 -1.39466867e-01 -1.32221177e-01 -1.24699704e-01
 -1.16929181e-01 -1.08944371e-01 -1.00777917e-01 -9.24636871e-02 -8.40367153e-02
 -7.55345002e-02 -6.69978932e-02 -5.84714413e-02 -5.00032566e-02 -4.16443609e-02
 -3.34476791e-02 -2.54667550e-02 -1.77543014e-02 -1.03608528e-02 -3.33360350e-03
  3.28444061e-03  9.45509132e-03  1.51455337e-02  2.03289986e-02  2.49856506e-02
 -7.62786567e-02 -7.89747685e-02 -8.28293264e-02 -8.75069126e-02 -9.25884023e-02
 -9.78647694e-02 -1.03254579e-01 -1.08725630e-01 -1.14264458e-01 -1.19865410e-01
 -1.25526443e-01 -1.31247133e-01 -1.37026891e-01 -1.42861620e-01 -1.48655102e-01
 -1.54437199e-01 -1.60189882e-01 -1.65864468e-01 -1.71394765e-01 -1.76707730e-01
 -1.81731030e-01 -1.86398134e-01 -1.90651163e-01 -1.94441974e-01 -1.97732046e-01
 -2.00491562e-01 -2.02698126e-01 -2.04335093e-01 -2.05390230e-01 -2.05854192e-01
 -2.05719486e-01 -2.04979450e-01 -2.03627706e-01 -2.01657727e-01 -1.99062809e-01
 -1.95836261e-01 -1.91971824e-01 -1.87464699e-01 -1.82313636e-01 -1.76525220e-01
 -1.70119032e-01 -1.63135529e-01 -1.55654550e-01 -1.47791803e-01 -1.39830440e-01
 -1.31610498e-01 -1.23207815e-01 -1.14643954e-01 -1.05952211e-01 -9.71596614e-02
 -8.82944614e-02 -7.93875083e-02 -7.04723969e-02 -6.15850724e-02 -5.27634285e-02
 -4.40469943e-02 -3.54768224e-02 -2.70956345e-02 -1.89482849e-02 -1.10825356e-02
 -3.54990619e-03  3.59391118e-03  1.02898050e-02  1.64777432e-02  2.21009348e-02
 -7.29430243e-02 -7.54119009e-02 -8.01995993e-02 -8.59936699e-02 -9.18886438e-02
 -9.78133008e-02 -1.03788368e-01 -1.09827600e-01 -1.15939602e-01 -1.22131437e-01
 -1.28410488e-01 -1.34786069e-01 -1.41272619e-01 -1.47735566e-01 -1.54228985e-01
 -1.60745069e-01 -1.67234987e-01 -1.73625916e-01 -1.79834664e-01 -1.85777813e-01
 -1.91378430e-01 -1.96569994e-01 -2.01297969e-01 -2.05519855e-01 -2.09204093e-01
 -2.12328359e-01 -2.14877665e-01 -2.16842219e-01 -2.18215674e-01 -2.18993440e-01
 -2.19171494e-01 -2.18745485e-01 -2.17710257e-01 -2.16059655e-01 -2.13786513e-01
 -2.10882813e-01 -2.07339734e-01 -2.03147918e-01 -1.98297828e-01 -1.92780837e-01
 -1.86591506e-01 -1.79732233e-01 -1.72222093e-01 -1.64110214e-01 -1.55500382e-01
 -1.46557346e-01 -1.37657806e-01 -1.28577217e-01 -1.19411960e-01 -1.10155091e-01
 -1.00819677e-01 -9.14266855e-02 -8.20002258e-02 -7.25656152e-02 -6.31488189e-02
 -5.37765957e-02 -4.44771573e-02 -3.52815948e-02 -2.62261331e-02 -1.73554886e-02
 -8.72724876e-03 -4.16381808e-04  7.48268701e-03  1.48606002e-02  2.16049124e-02
 -7.06014782e-02 -7.29183108e-02 -7.85194412e-02 -8.51456597e-02 -9.16599408e-02
 -9.81420949e-02 -1.04653791e-01 -1.11226723e-01 -1.17881082e-01 -1.24631859e-01
 -1.31490842e-01 -1.38466164e-01 -1.45558015e-01 -1.52674824e-01 -1.59848705e-01
 -1.67045921e-01 -1.74194410e-01 -1.81203976e-01 -1.87980533e-01 -1.94435760e-01
 -2.00492784e-01 -2.06088781e-01 -2.11175546e-01 -2.15718448e-01 -2.19694674e-01
 -2.23090827e-01 -2.25900441e-01 -2.28121400e-01 -2.29753762e-01 -2.30797753e-01
 -2.31252447e-01 -2.31114924e-01 -2.30379954e-01 -2.29040086e-01 -2.27086216e-01
 -2.24508002e-01 -2.21294492e-01 -2.17434198e-01 -2.12915212e-01 -2.07724839e-01
 -2.01849669e-01 -1.95276558e-01 -1.87996045e-01 -1.80009589e-01 -1.71343371e-01
 -1.62069425e-01 -1.52340323e-01 -1.42400816e-01 -1.32787794e-01 -1.23021670e-01
 -1.13143645e-01 -1.03182182e-01 -9.31586623e-02 -8.30899999e-02 -7.29900301e-02
 -6.28705025e-02 -5.27422875e-02 -4.26172540e-02 -3.25113982e-02 -2.24504061e-02
 -1.24793136e-02 -2.67887488e-03  6.80996617e-03  1.57699138e-02  2.39799991e-02
 -7.10270107e-02 -7.38274679e-02 -7.89429694e-02 -8.53447467e-02 -9.20975581e-02
 -9.89610627e-02 -1.05904184e-01 -1.12936862e-01 -1.20076187e-01 -1.27339870e-01
 -1.34746104e-01 -1.42316803e-01 -1.49922520e-01 -1.57623634e-01 -1.65402874e-01
 -1.73192635e-01 -1.80897966e-01 -1.88414589e-01 -1.95641667e-01 -2.02489763e-01
 -2.08885103e-01 -2.14770928e-01 -2.20107079e-01 -2.24868327e-01 -2.29041860e-01
 -2.32624397e-01 -2.35619053e-01 -2.38032311e-01 -2.39871189e-01 -2.41140977e-01
 -2.41843596e-01 -2.41976738e-01 -2.41533771e-01 -2.40504205e-01 -2.38874644e-01
 -2.36630052e-01 -2.33754843e-01 -2.30233967e-01 -2.26053253e-01 -2.21199214e-01
 -2.15658128e-01 -2.09414989e-01 -2.02453211e-01 -1.94756567e-01 -1.86315581e-01
 -1.77141443e-01 -1.67291269e-01 -1.56906992e-01 -1.46274894e-01 -1.35852784e-01
 -1.25332147e-01 -1.14728346e-01 -1.04050651e-01 -9.33026597e-02 -8.24825689e-02
 -7.15832710e-02 -6.05924353e-02 -4.94927578e-02 -3.82627510e-02 -2.68789176e-02
 -1.53211197e-02 -3.58629157e-03  8.27145483e-03  1.99946314e-02  3.08848917e-02
 -6.92384765e-02 -7.15890229e-02 -7.82418326e-02 -8.57488886e-02 -9.29717571e-02
 -1.00193687e-01 -1.07497647e-01 -1.14916503e-01 -1.22471534e-01 -1.30179852e-01
 -1.38054058e-01 -1.46096885e-01 -1.54217750e-01 -1.62453845e-01 -1.70760572e-01
 -1.79047331e-01 -1.87203288e-01 -1.95115313e-01 -2.02679619e-01 -2.09808484e-01
 -2.16433108e-01 -2.22504228e-01 -2.27990896e-01 -2.32878298e-01 -2.37164766e-01
 -2.40858227e-01 -2.43972480e-01 -2.46523306e-01 -2.48525068e-01 -2.49988019e-01
 -2.50916362e-01 -2.51307487e-01 -2.51152337e-01 -2.50436187e-01 -2.49140173e-01
 -2.47242630e-01 -2.44720966e-01 -2.41553530e-01 -2.37721145e-01 -2.33207658e-01
 -2.27999479e-01 -2.22084060e-01 -2.15447664e-01 -2.08073407e-01 -1.99941784e-01
 -1.91035837e-01 -1.81355044e-01 -1.70941785e-01 -1.59924015e-01 -1.48570925e-01
 -1.37354448e-01 -1.26076981e-01 -1.14734054e-01 -1.03314906e-01 -9.18015242e-02
 -8.01676810e-02 -6.83772340e-02 -5.63815758e-02 -4.41158414e-02 -3.14931013e-02
 -1.83946583e-02 -4.65102540e-03  1.00071160e-02  2.61428952e-02  4.62960936e-02
 -7.19216764e-02 -7.51126111e-02 -8.04689825e-02 -8.71776417e-02 -9.43839177e-02
 -1.01797387e-01 -1.09366216e-01 -1.17095716e-01 -1.25003070e-01 -1.33109182e-01
 -1.41440243e-01 -1.49839506e-01 -1.58390030e-01 -1.67075649e-01 -1.75816998e-01
 -1.84501156e-01 -1.93004236e-01 -2.01207295e-01 -2.09005997e-01 -2.16315910e-01
 -2.23074421e-01 -2.29240596e-01 -2.34793648e-01 -2.39730209e-01 -2.44060934e-01
 -2.47806206e-01 -2.50991642e-01 -2.53642768e-01 -2.55780309e-01 -2.57417470e-01
 -2.58558810e-01 -2.59200037e-01 -2.59328604e-01 -2.58924842e-01 -2.57963896e-01
 -2.56417453e-01 -2.54256159e-01 -2.51451492e-01 -2.47977287e-01 -2.43810996e-01
 -2.38935307e-01 -2.33338118e-01 -2.27009907e-01 -2.19939932e-01 -2.12112486e-01
 -2.03505486e-01 -1.94094658e-01 -1.83867633e-01 -1.72853082e-01 -1.61170304e-01
 -1.49100468e-01 -1.37167215e-01 -1.25198618e-01 -1.13172270e-01 -1.01057239e-01
 -8.88134465e-02 -7.63890892e-02 -6.37163371e-02 -5.07049225e-02 -3.72327715e-02
 -2.31324956e-02 -8.17242730e-03  7.96715356e-03  2.57289261e-02  4.58459780e-02
 -6.99635372e-02 -7.24404156e-02 -8.03169981e-02 -8.84159580e-02 -9.59987193e-02
 -1.03616692e-01 -1.11391187e-01 -1.19360678e-01 -1.27544269e-01 -1.35956585e-01
 -1.44612208e-01 -1.53380722e-01 -1.62319571e-01 -1.71385735e-01 -1.80478260e-01
 -1.89469561e-01 -1.98227659e-01 -2.06630901e-01 -2.14576334e-01 -2.21984014e-01
 -2.28798345e-01 -2.34987572e-01 -2.40541995e-01 -2.45470971e-01 -2.49798894e-01
 -2.53560096e-01 -2.56790906e-01 -2.59523600e-01 -2.61782676e-01 -2.63583004e-01
 -2.64928818e-01 -2.65813798e-01 -2.66221642e-01 -2.66127378e-01 -2.65499383e-01
 -2.64301658e-01 -2.62496859e-01 -2.60049015e-01 -2.56925941e-01 -2.53100634e-01
 -2.48551801e-01 -2.43263409e-01 -2.37225667e-01 -2.30433151e-01 -2.22878814e-01
 -2.14548007e-01 -2.05415413e-01 -1.95449039e-01 -1.84626445e-01 -1.72970012e-01
 -1.60608187e-01 -1.47863686e-01 -1.35351077e-01 -1.22827396e-01 -1.10250495e-01
 -9.75745544e-02 -8.47461894e-02 -7.16991276e-02 -5.83479889e-02 -4.45801914e-02
 -3.02447192e-02 -1.51360529e-02  1.02526869e-03  1.85657050e-02  3.72117944e-02
 -7.51395524e-02 -7.88154826e-02 -8.41574669e-02 -9.07252654e-02 -9.79517177e-02
 -1.05556846e-01 -1.13448828e-01 -1.21603116e-01 -1.30015537e-01 -1.38685718e-01
 -1.47606149e-01 -1.56684250e-01 -1.65943623e-01 -1.75315142e-01 -1.84679419e-01
 -1.93897545e-01 -2.02832162e-01 -2.11360693e-01 -2.19382703e-01 -2.26823494e-01
 -2.33635142e-01 -2.39795849e-01 -2.45308012e-01 -2.50194877e-01 -2.54495621e-01
 -2.58255720e-01 -2.61518687e-01 -2.64321357e-01 -2.66690969e-01 -2.68643528e-01
 -2.70183146e-01 -2.71301895e-01 -2.71980256e-01 -2.72188336e-01 -2.71887720e-01
 -2.71034062e-01 -2.69580662e-01 -2.67482042e-01 -2.64697909e-01 -2.61195689e-01
 -2.56951720e-01 -2.51950473e-01 -2.46182323e-01 -2.39641875e-01 -2.32328296e-01
 -2.24238008e-01 -2.15356365e-01 -2.05653593e-01 -1.95090249e-01 -1.83638394e-01
 -1.71326518e-01 -1.58315554e-01 -1.45004526e-01 -1.32135391e-01 -1.19258754e-01
 -1.06336281e-01 -9.33308005e-02 -8.01983327e-02 -6.68847412e-02 -5.33234365e-02
 -3.94327939e-02 -2.51121819e-02 -1.02322726e-02  5.39112464e-03  2.18541734e-02
 -7.49174356e-02 -7.83202723e-02 -8.46264362e-02 -9.19874832e-02 -9.95193794e-02
 -1.07297741e-01 -1.15354300e-01 -1.23698778e-01 -1.32340774e-01 -1.41297117e-01
 -1.50384352e-01 -1.59694612e-01 -1.69202343e-01 -1.78808197e-01 -1.88374594e-01
 -1.97752729e-01 -2.06801191e-01 -2.15397447e-01 -2.23444268e-01 -2.30872646e-01
 -2.37642810e-01 -2.43743464e-01 -2.49189705e-01 -2.54019290e-01 -2.58283049e-01
 -2.62033969e-01 -2.65320629e-01 -2.68183172e-01 -2.70651013e-01 -2.72741407e-01
 -2.74458766e-01 -2.75794357e-01 -2.76726484e-01 -2.77221322e-01 -2.77234554e-01
 -2.76713818e-01 -2.75602460e-01 -2.73844153e-01 -2.71387845e-01 -2.68192500e-01
 -2.64229923e-01 -2.59484977e-01 -2.53952742e-01 -2.47633517e-01 -2.40529269e-01
 -2.32643992e-01 -2.23976538e-01 -2.14510277e-01 -2.04209954e-01 -1.93031445e-01
 -1.80952311e-01 -1.68032020e-01 -1.54508874e-01 -1.40924335e-01 -1.27887547e-01
 -1.14851914e-01 -1.01824842e-01 -8.87960419e-02 -7.57503957e-02 -6.26752302e-02
 -4.95685078e-02 -3.64533104e-02 -2.34077387e-02 -1.06272288e-02  1.48122793e-03
 -7.63759315e-02 -8.01155791e-02 -8.60817432e-02 -9.32658613e-02 -1.00882351e-01
 -1.08800948e-01 -1.17012233e-01 -1.25522524e-01 -1.34341627e-01 -1.43481180e-01
 -1.52776793e-01 -1.62305385e-01 -1.72022671e-01 -1.81813836e-01 -1.91530868e-01
 -2.01019377e-01 -2.10136220e-01 -2.18760177e-01 -2.26797774e-01 -2.34186113e-01
 -2.40893736e-01 -2.46919945e-01 -2.52292603e-01 -2.57061690e-01 -2.61286020e-01
 -2.65023798e-01 -2.68327236e-01 -2.71238983e-01 -2.73790330e-01 -2.75999933e-01
 -2.77872950e-01 -2.79400617e-01 -2.80560195e-01 -2.81315297e-01 -2.81617075e-01
 -2.81406403e-01 -2.80617476e-01 -2.79182673e-01 -2.77038902e-01 -2.74134070e-01
 -2.70432115e-01 -2.65915632e-01 -2.60583639e-01 -2.54445612e-01 -2.47513667e-01
 -2.39797354e-01 -2.31305093e-01 -2.22035468e-01 -2.11966798e-01 -2.01057643e-01
 -1.89265445e-01 -1.76592112e-01 -1.63166448e-01 -1.49368152e-01 -1.35970995e-01
 -1.22803442e-01 -1.09799445e-01 -9.69374999e-02 -8.42175856e-02 -7.16561377e-02
 -5.92894368e-02 -4.71822321e-02 -3.54398489e-02 -2.42191628e-02 -1.37265800e-02
 -7.68416226e-02 -8.06029662e-02 -8.68221521e-02 -9.42367613e-02 -1.02004215e-01
 -1.10055648e-01 -1.18399806e-01 -1.27047911e-01 -1.36011064e-01 -1.45300269e-01
 -1.54774845e-01 -1.64486527e-01 -1.74373254e-01 -1.84308097e-01 -1.94135800e-01
 -2.03698605e-01 -2.12853014e-01 -2.21479788e-01 -2.29489490e-01 -2.36825228e-01
 -2.43463606e-01 -2.49413997e-01 -2.54715860e-01 -2.59427786e-01 -2.63614118e-01
 -2.67336786e-01 -2.70650536e-01 -2.73600042e-01 -2.76218176e-01 -2.78524935e-01
 -2.80526489e-01 -2.82214671e-01 -2.83566535e-01 -2.84544438e-01 -2.85096556e-01
 -2.85158724e-01 -2.84657508e-01 -2.83515275e-01 -2.81656981e-01 -2.79018253e-01
 -2.75553018e-01 -2.71238327e-01 -2.66074479e-01 -2.60079086e-01 -2.53277004e-01
 -2.45689899e-01 -2.37332597e-01 -2.28215069e-01 -2.18330279e-01 -2.07646549e-01
 -1.96116030e-01 -1.83706045e-01 -1.70462802e-01 -1.56613246e-01 -1.42694145e-01
 -1.29645169e-01 -1.16756223e-01 -1.04078189e-01 -9.16457251e-02 -7.94941708e-02
 -6.76688626e-02 -5.62309027e-02 -4.52603437e-02 -3.48555893e-02 -2.51270887e-02
 -7.72724077e-02 -8.10590535e-02 -8.74665678e-02 -9.50426459e-02 -1.02916040e-01
 -1.11064725e-01 -1.19509466e-01 -1.28264427e-01 -1.37341276e-01 -1.46750972e-01
 -1.56368196e-01 -1.66223943e-01 -1.76241457e-01 -1.86284184e-01 -1.96191415e-01
 -2.05803141e-01 -2.14976028e-01 -2.23592937e-01 -2.31568217e-01 -2.38850459e-01
 -2.45423496e-01 -2.51305580e-01 -2.56545246e-01 -2.61207044e-01 -2.65359044e-01
 -2.69065768e-01 -2.72383749e-01 -2.75359154e-01 -2.78026134e-01 -2.80405879e-01
 -2.82505602e-01 -2.84317881e-01 -2.85820216e-01 -2.86974430e-01 -2.87727147e-01
 -2.88010836e-01 -2.87746459e-01 -2.86848366e-01 -2.85231233e-01 -2.82819271e-01
 -2.79555738e-01 -2.75410444e-01 -2.70382255e-01 -2.64494210e-01 -2.57782578e-01
 -2.50282824e-01 -2.42019877e-01 -2.33010307e-01 -2.23259121e-01 -2.12746784e-01
 -2.01430395e-01 -1.89266860e-01 -1.76266715e-01 -1.62588522e-01 -1.48674712e-01
 -1.35396078e-01 -1.22458167e-01 -1.09859593e-01 -9.76094529e-02 -8.57287198e-02
 -7.42502585e-02 -6.32181615e-02 -5.26863411e-02 -4.27156612e-02 -3.33692767e-02
 -7.82448128e-02 -8.22537169e-02 -8.83915275e-02 -9.57660452e-02 -1.03626706e-01
 -1.11818738e-01 -1.20326862e-01 -1.29157037e-01 -1.38318270e-01 -1.47819981e-01
 -1.57544896e-01 -1.67508438e-01 -1.77622736e-01 -1.87743977e-01 -1.97707385e-01
 -2.07351357e-01 -2.16532856e-01 -2.25136548e-01 -2.33079910e-01 -2.40316108e-01
 -2.46834844e-01 -2.52661467e-01 -2.57850885e-01 -2.62471586e-01 -2.66594172e-01
 -2.70284802e-01 -2.73601264e-01 -2.76590735e-01 -2.79288262e-01 -2.81715900e-01
 -2.83881664e-01 -2.85778910e-01 -2.87385494e-01 -2.88663357e-01 -2.89558262e-01
 -2.90000677e-01 -2.89907962e-01 -2.89188802e-01 -2.87750244e-01 -2.85507441e-01
 -2.82394558e-01 -2.78374523e-01 -2.73443341e-01 -2.67627090e-01 -2.60970205e-01
 -2.53519684e-01 -2.45311111e-01 -2.36366272e-01 -2.26697519e-01 -2.16294542e-01
 -2.05120146e-01 -1.93127364e-01 -1.80305794e-01 -1.66767538e-01 -1.52877808e-01
 -1.39409587e-01 -1.26448929e-01 -1.13918588e-01 -1.01797305e-01 -9.00918171e-02
 -7.88243786e-02 -6.80267587e-02 -5.77365384e-02 -4.79939878e-02 -3.88387367e-02
 -7.76442587e-02 -8.13686177e-02 -8.82320255e-02 -9.60815623e-02 -1.04043834e-01
 -1.12272903e-01 -1.20820515e-01 -1.29701570e-01 -1.38923287e-01 -1.48492455e-01
 -1.58294588e-01 -1.68334708e-01 -1.78517401e-01 -1.88693926e-01 -1.98696703e-01
 -2.08363056e-01 -2.17550129e-01 -2.26143882e-01 -2.34064072e-01 -2.41267130e-01
 -2.47746915e-01 -2.53533781e-01 -2.58686572e-01 -2.63276219e-01 -2.67374873e-01
 -2.71049649e-01 -2.74359107e-01 -2.77350903e-01 -2.80060679e-01 -2.82510847e-01
 -2.84709901e-01 -2.86651552e-01 -2.88313985e-01 -2.89659083e-01 -2.90632218e-01
 -2.91162759e-01 -2.91166008e-01 -2.90547311e-01 -2.89209217e-01 -2.87061304e-01
 -2.84031957e-01 -2.80079454e-01 -2.75197655e-01 -2.69413888e-01 -2.62777448e-01
 -2.55342454e-01 -2.47151732e-01 -2.38231048e-01 -2.28595942e-01 -2.18240514e-01
 -2.07129642e-01 -1.95211411e-01 -1.82456881e-01 -1.68935835e-01 -1.54933378e-01
 -1.41088948e-01 -1.28404900e-01 -1.16040953e-01 -1.04046360e-01 -9.24583375e-02
 -8.13101754e-02 -7.06344321e-02 -6.04636483e-02 -5.08295633e-02 -4.17616107e-02
 -7.93852434e-02 -8.36501047e-02 -8.94590169e-02 -9.64631736e-02 -1.04187109e-01
 -1.12378456e-01 -1.20948046e-01 -1.29869789e-01 -1.39138758e-01 -1.48757681e-01
 -1.58612162e-01 -1.68702662e-01 -1.78930223e-01 -1.89143598e-01 -1.99173674e-01
 -2.08857104e-01 -2.18051106e-01 -2.26642281e-01 -2.34551683e-01 -2.41737470e-01
 -2.48195827e-01 -2.53959745e-01 -2.59090036e-01 -2.63658851e-01 -2.67739058e-01
 -2.71398216e-01 -2.74695098e-01 -2.77677536e-01 -2.80381113e-01 -2.82828331e-01
 -2.85027593e-01 -2.86972582e-01 -2.88641244e-01 -2.89995283e-01 -2.90979683e-01
 -2.91523278e-01 -2.91540533e-01 -2.90935725e-01 -2.89610028e-01 -2.87471503e-01
 -2.84447163e-01 -2.80494273e-01 -2.75606483e-01 -2.69811809e-01 -2.63161153e-01
 -2.55710602e-01 -2.47504964e-01 -2.38571197e-01 -2.28925735e-01 -2.18563870e-01
 -2.07451344e-01 -1.95536271e-01 -1.82788134e-01 -1.69272453e-01 -1.55266181e-01
 -1.41396075e-01 -1.28724188e-01 -1.16371349e-01 -1.04391724e-01 -9.28238109e-02
 -8.17003697e-02 -7.10523278e-02 -6.09098300e-02 -5.13017401e-02 -4.22543883e-02
 -7.62958154e-02 -7.97799602e-02 -8.72775540e-02 -9.55291390e-02 -1.03666514e-01
 -1.12019964e-01 -1.20673060e-01 -1.29650310e-01 -1.38962477e-01 -1.48617700e-01
 -1.58502609e-01 -1.68619916e-01 -1.78871334e-01 -1.89105511e-01 -1.99153051e-01
 -2.08850354e-01 -2.18054473e-01 -2.26652041e-01 -2.34564230e-01 -2.41749480e-01
 -2.48204276e-01 -2.53961921e-01 -2.59083480e-01 -2.63641208e-01 -2.67707944e-01
 -2.71351188e-01 -2.74629444e-01 -2.77590275e-01 -2.80268908e-01 -2.82687277e-01
 -2.84853280e-01 -2.86759913e-01 -2.88384616e-01 -2.89688438e-01 -2.90615976e-01
 -2.91095912e-01 -2.91043103e-01 -2.90362895e-01 -2.88958341e-01 -2.86740154e-01
 -2.83638656e-01 -2.79614121e-01 -2.74662316e-01 -2.68811643e-01 -2.62111187e-01
 -2.54613757e-01 -2.46360362e-01 -2.37375885e-01 -2.27675602e-01 -2.17252806e-01
 -2.06073076e-01 -1.94089860e-01 -1.81289136e-01 -1.67772993e-01 -1.53888181e-01
 -1.40381292e-01 -1.27410457e-01 -1.14896029e-01 -1.02815159e-01 -9.11720321e-02
 -7.99847320e-02 -6.92789108e-02 -5.90840466e-02 -4.94307056e-02 -4.03479785e-02
 -7.72986561e-02 -8.13474804e-02 -8.74939635e-02 -9.49597582e-02 -1.02991469e-01
 -1.11372486e-01 -1.20068192e-01 -1.29080892e-01 -1.38419032e-01 -1.48091689e-01
 -1.57982886e-01 -1.68102548e-01 -1.78356379e-01 -1.88595027e-01 -1.98649868e-01
 -2.08357304e-01 -2.17574060e-01 -2.26186082e-01 -2.34113634e-01 -2.41313919e-01
 -2.47781813e-01 -2.53548652e-01 -2.58674026e-01 -2.63229191e-01 -2.67286360e-01
 -2.70912319e-01 -2.74164945e-01 -2.77091056e-01 -2.79724985e-01 -2.82087803e-01
 -2.84186274e-01 -2.86012381e-01 -2.87542433e-01 -2.88736761e-01 -2.89539605e-01
 -2.89880186e-01 -2.89675057e-01 -2.88832963e-01 -2.87262022e-01 -2.84879804e-01
 -2.81623930e-01 -2.77461082e-01 -2.72390634e-01 -2.66440183e-01 -2.59653509e-01
 -2.52074838e-01 -2.43736476e-01 -2.34659016e-01 -2.24852830e-01 -2.14304239e-01
 -2.02974498e-01 -1.90820783e-01 -1.77847505e-01 -1.64197087e-01 -1.50282159e-01
 -1.36929512e-01 -1.23968273e-01 -1.11396618e-01 -9.92217213e-02 -8.74608159e-02
 -7.61401728e-02 -6.52934089e-02 -5.49593940e-02 -4.51796353e-02 -3.59950028e-02
 -7.53017440e-02 -7.89204538e-02 -8.58203918e-02 -9.38551947e-02 -1.02035530e-01
 -1.10461272e-01 -1.19176865e-01 -1.28199577e-01 -1.37539998e-01 -1.47207096e-01
 -1.57077551e-01 -1.67172775e-01 -1.77405387e-01 -1.87629819e-01 -1.97679147e-01
 -2.07390115e-01 -2.16618881e-01 -2.25250199e-01 -2.33202443e-01 -2.40430251e-01
 -2.46925130e-01 -2.52714306e-01 -2.57854015e-01 -2.62413412e-01 -2.66463161e-01
 -2.70068914e-01 -2.73287386e-01 -2.76164204e-01 -2.78732479e-01 -2.81011790e-01
 -2.83007562e-01 -2.84710258e-01 -2.86095053e-01 -2.87121475e-01 -2.87733972e-01
 -2.87863255e-01 -2.87429392e-01 -2.86346972e-01 -2.84532458e-01 -2.81913519e-01
 -2.78438061e-01 -2.74080873e-01 -2.68844545e-01 -2.62753606e-01 -2.55842656e-01
 -2.48143405e-01 -2.39677325e-01 -2.30459750e-01 -2.20491201e-01 -2.09746987e-01
 -1.98182970e-01 -1.85764760e-01 -1.72528654e-01 -1.58680797e-01 -1.44724607e-01
 -1.31557658e-01 -1.18634962e-01 -1.06002487e-01 -9.36938971e-02 -8.17432925e-02
 -7.01910779e-02 -5.90863079e-02 -4.84867506e-02 -3.84566560e-02 -2.90623065e-02
 -7.52291009e-02 -7.90764093e-02 -8.53084624e-02 -9.28779393e-02 -1.00938499e-01
 -1.09328337e-01 -1.18026532e-01 -1.27033234e-01 -1.36353090e-01 -1.45992383e-01
 -1.55814573e-01 -1.65856957e-01 -1.76042035e-01 -1.86229929e-01 -1.96256489e-01
 -2.05959290e-01 -2.15193987e-01 -2.23843798e-01 -2.31824532e-01 -2.39087179e-01
 -2.45618463e-01 -2.51439512e-01 -2.56601095e-01 -2.61168927e-01 -2.65211225e-01
 -2.68791795e-01 -2.71965683e-01 -2.74776936e-01 -2.77256966e-01 -2.79423714e-01
 -2.81280816e-01 -2.82817274e-01 -2.84007162e-01 -2.84809798e-01 -2.85170764e-01
 -2.85023808e-01 -2.84294605e-01 -2.82906145e-01 -2.80785918e-01 -2.77873755e-01
 -2.74128884e-01 -2.69533515e-01 -2.64091402e-01 -2.57820755e-01 -2.50743955e-01
 -2.42878959e-01 -2.34239191e-01 -2.24831134e-01 -2.14641303e-01 -2.03633502e-01
 -1.91764638e-01 -1.79027662e-01 -1.65532127e-01 -1.51629016e-01 -1.38064504e-01
 -1.24793068e-01 -1.11764349e-01 -9.89713892e-02 -8.64285678e-02 -7.41657093e-02
 -6.22284524e-02 -5.06806746e-02 -3.96064781e-02 -2.91091036e-02 -1.93042550e-02
 -7.37607032e-02 -7.74062350e-02 -8.37997869e-02 -9.14983749e-02 -9.95692685e-02
 -1.07943423e-01 -1.16620325e-01 -1.25599727e-01 -1.34883538e-01 -1.44476965e-01
 -1.54225349e-01 -1.64186239e-01 -1.74294904e-01 -1.84419334e-01 -1.94399670e-01
 -2.04075336e-01 -2.13301942e-01 -2.21961230e-01 -2.29966193e-01 -2.37263501e-01
 -2.43833944e-01 -2.49691144e-01 -2.54878044e-01 -2.59455115e-01 -2.63487071e-01
 -2.67035007e-01 -2.70151794e-01 -2.72879392e-01 -2.75247246e-01 -2.77271420e-01
 -2.78953880e-01 -2.80282348e-01 -2.81230390e-01 -2.81758100e-01 -2.81813562e-01
 -2.81335533e-01 -2.80257463e-01 -2.78512836e-01 -2.76041538e-01 -2.72796005e-01
 -2.68745512e-01 -2.63877124e-01 -2.58192360e-01 -2.51700461e-01 -2.44411245e-01
 -2.36333236e-01 -2.27472946e-01 -2.17822552e-01 -2.07352966e-01 -1.96020156e-01
 -1.83792278e-01 -1.70706093e-01 -1.56960323e-01 -1.43039018e-01 -1.29815608e-01
 -1.16637498e-01 -1.03546023e-01 -9.05608013e-02 -7.76985064e-02 -6.49834573e-02
 -5.24569936e-02 -4.01886590e-02 -2.82895900e-02 -1.69242807e-02 -6.30862452e-03
 -7.23695755e-02 -7.58899003e-02 -8.22217315e-02 -8.98843780e-02 -9.79386792e-02
 -1.06309094e-01 -1.14976868e-01 -1.23929456e-01 -1.33164719e-01 -1.42692044e-01
 -1.52347058e-01 -1.62200481e-01 -1.72201753e-01 -1.82229817e-01 -1.92131981e-01
 -2.01751441e-01 -2.10945070e-01 -2.19593719e-01 -2.27607712e-01 -2.34929189e-01
 -2.41532430e-01 -2.47422531e-01 -2.52632439e-01 -2.57215142e-01 -2.61230320e-01
 -2.64735341e-01 -2.67780215e-01 -2.70404398e-01 -2.72635221e-01 -2.74486840e-01
 -2.75959820e-01 -2.77041256e-01 -2.77705163e-01 -2.77913749e-01 -2.77619362e-01
 -2.76767612e-01 -2.75301307e-01 -2.73165524e-01 -2.70312339e-01 -2.66705096e-01
 -2.62320161e-01 -2.57145852e-01 -2.51178801e-01 -2.44419292e-01 -2.36869961e-01
 -2.28534698e-01 -2.19407767e-01 -2.09466279e-01 -1.98672190e-01 -1.86990678e-01
 -1.74432933e-01 -1.61132127e-01 -1.47454083e-01 -1.34118333e-01 -1.20862879e-01
 -1.07642844e-01 -9.44327191e-02 -8.12123716e-02 -6.79642111e-02 -5.46754263e-02
 -4.13448401e-02 -2.79974937e-02 -1.47156809e-02 -1.70389074e-03  1.06129479e-02
 -7.11264834e-02 -7.46948272e-02 -8.05127695e-02 -8.78935084e-02 -9.59973782e-02
 -1.04457498e-01 -1.13167368e-01 -1.22101270e-01 -1.31255999e-01 -1.40632883e-01
 -1.50227651e-01 -1.59959763e-01 -1.69818804e-01 -1.79707348e-01 -1.89486399e-01
 -1.99006572e-01 -2.08127901e-01 -2.16731444e-01 -2.24725321e-01 -2.32047185e-01
 -2.38664657e-01 -2.44573906e-01 -2.49796659e-01 -2.54375488e-01 -2.58362949e-01
 -2.61811465e-01 -2.64767259e-01 -2.67266959e-01 -2.69335538e-01 -2.70985574e-01
 -2.72216737e-01 -2.73016334e-01 -2.73360103e-01 -2.73213863e-01 -2.72535712e-01
 -2.71279365e-01 -2.69397736e-01 -2.66846836e-01 -2.63589203e-01 -2.59595960e-01
 -2.54846990e-01 -2.49329403e-01 -2.43035361e-01 -2.35962480e-01 -2.28110984e-01
 -2.19474703e-01 -2.10034609e-01 -1.99759200e-01 -1.88617945e-01 -1.76614463e-01
 -1.63847551e-01 -1.50603756e-01 -1.37467146e-01 -1.24354228e-01 -1.11234881e-01
 -9.80716348e-02 -8.48224461e-02 -7.14388266e-02 -5.78630790e-02 -4.40254584e-02
 -2.98410598e-02 -1.52053852e-02  1.59036663e-05  1.60143655e-02  3.28898318e-02
 -6.27611205e-02 -6.43446371e-02 -7.49531835e-02 -8.49998891e-02 -9.38895196e-02
 -1.02626957e-01 -1.11417525e-01 -1.20328397e-01 -1.29392073e-01 -1.38630733e-01
 -1.48063585e-01 -1.57594010e-01 -1.67237833e-01 -1.76917434e-01 -1.86507359e-01
 -1.95866361e-01 -2.04858437e-01 -2.13365361e-01 -2.21293390e-01 -2.28575915e-01
 -2.35173970e-01 -2.41074771e-01 -2.46288866e-01 -2.50846058e-01 -2.54788995e-01
 -2.58163244e-01 -2.61010200e-01 -2.63363063e-01 -2.65244424e-01 -2.66665518e-01
 -2.67625868e-01 -2.68113971e-01 -2.68108398e-01 -2.67579764e-01 -2.66492903e-01
 -2.64809877e-01 -2.62492925e-01 -2.59507298e-01 -2.55823076e-01 -2.51416177e-01
 -2.46268153e-01 -2.40366459e-01 -2.33705401e-01 -2.26281419e-01 -2.18086541e-01
 -2.09103733e-01 -1.99307501e-01 -1.88674778e-01 -1.77211970e-01 -1.65004790e-01
 -1.52294859e-01 -1.39573365e-01 -1.26834407e-01 -1.14056699e-01 -1.01210058e-01
 -8.82542878e-02 -7.51373395e-02 -6.17918074e-02 -4.81295437e-02 -3.40337157e-02
 -1.93473157e-02 -3.85647221e-03  1.27297528e-02  3.07512637e-02  4.99224253e-02
 -6.74188882e-02 -7.04818293e-02 -7.64439031e-02 -8.42615217e-02 -9.27162394e-02
 -1.01340137e-01 -1.10041708e-01 -1.18827134e-01 -1.27721593e-01 -1.36752144e-01
 -1.45944878e-01 -1.55190408e-01 -1.64534181e-01 -1.73920497e-01 -1.83239102e-01
 -1.92358300e-01 -2.01147035e-01 -2.09488526e-01 -2.17287496e-01 -2.24473447e-01
 -2.31001109e-01 -2.36849099e-01 -2.42017329e-01 -2.46523038e-01 -2.50395983e-01
 -2.53672302e-01 -2.56386966e-01 -2.58568883e-01 -2.60238081e-01 -2.61404604e-01
 -2.62068421e-01 -2.62219965e-01 -2.61841446e-01 -2.60908753e-01 -2.59393424e-01
 -2.57265210e-01 -2.54494101e-01 -2.51052260e-01 -2.46915400e-01 -2.42063791e-01
 -2.36484259e-01 -2.30168566e-01 -2.23109648e-01 -2.15297356e-01 -2.06715763e-01
 -1.97345048e-01 -1.87171772e-01 -1.76212609e-01 -1.64556220e-01 -1.52426749e-01
 -1.40260935e-01 -1.28052384e-01 -1.15790091e-01 -1.03456102e-01 -9.10238326e-02
 -7.84559846e-02 -6.57017082e-02 -5.26923053e-02 -3.93348709e-02 -2.55028196e-02
 -1.10219810e-02  4.34898026e-03  2.09431350e-02  3.92214805e-02  5.99474572e-02
 -6.33553267e-02 -6.48051873e-02 -7.38013387e-02 -8.34292099e-02 -9.21528861e-02
 -1.00690067e-01 -1.09201640e-01 -1.17747381e-01 -1.26365706e-01 -1.35089651e-01
 -1.43950090e-01 -1.52819455e-01 -1.61770776e-01 -1.70770213e-01 -1.79723993e-01
 -1.88511550e-01 -1.97008193e-01 -2.05099523e-01 -2.12689489e-01 -2.19704121e-01
 -2.26092309e-01 -2.31824711e-01 -2.36891255e-01 -2.41297752e-01 -2.45061517e-01
 -2.48206660e-01 -2.50759274e-01 -2.52742499e-01 -2.54173100e-01 -2.55059838e-01
 -2.55403161e-01 -2.55195737e-01 -2.54423589e-01 -2.53067583e-01 -2.51105458e-01
 -2.48513415e-01 -2.45268017e-01 -2.41348296e-01 -2.36737490e-01 -2.31422842e-01
 -2.25394279e-01 -2.18642041e-01 -2.11154133e-01 -2.02915609e-01 -1.93912104e-01
 -1.84141099e-01 -1.73634723e-01 -1.62497908e-01 -1.50959864e-01 -1.39434531e-01
 -1.27844080e-01 -1.16190188e-01 -1.04469717e-01 -9.26734880e-02 -8.07850808e-02
 -6.87793195e-02 -5.66202700e-02 -4.42584530e-02 -3.16268764e-02 -1.86349973e-02
 -5.15868096e-03  8.97956546e-03  2.40613855e-02  4.06739153e-02  6.14628606e-02
 -6.85618892e-02 -7.13258982e-02 -7.70990103e-02 -8.46670866e-02 -9.27349478e-02
 -1.00876637e-01 -1.09022997e-01 -1.17188774e-01 -1.25405014e-01 -1.33705452e-01
 -1.42126366e-01 -1.50529206e-01 -1.58997342e-01 -1.67514771e-01 -1.76004931e-01
 -1.84360430e-01 -1.92465067e-01 -2.00208440e-01 -2.07494840e-01 -2.14247629e-01
 -2.20410451e-01 -2.25946650e-01 -2.30837017e-01 -2.35076874e-01 -2.38672391e-01
 -2.41636604e-01 -2.43985504e-01 -2.45734438e-01 -2.46895239e-01 -2.47474477e-01
 -2.47472629e-01 -2.46884212e-01 -2.45698631e-01 -2.43901581e-01 -2.41476730e-01
 -2.38407388e-01 -2.34677985e-01 -2.30274826e-01 -2.25186199e-01 -2.19401449e-01
 -2.12909609e-01 -2.05698431e-01 -1.97755218e-01 -1.89071849e-01 -1.79656863e-01
 -1.69558257e-01 -1.58900395e-01 -1.47940785e-01 -1.37100264e-01 -1.26161709e-01
 -1.15142949e-01 -1.04056999e-01 -9.29122269e-02 -8.17122459e-02 -7.04557225e-02
 -5.91360368e-02 -4.77410667e-02 -3.62531841e-02 -2.46499274e-02 -1.29061574e-02
 -9.99501091e-04  1.10756196e-02  2.32668631e-02  3.53140011e-02  4.64947745e-02
 -6.85373917e-02 -7.02874288e-02 -7.76650384e-02 -8.62214640e-02 -9.41686481e-02
 -1.01895280e-01 -1.09549969e-01 -1.17198169e-01 -1.24878608e-01 -1.32618427e-01
 -1.40436515e-01 -1.48340523e-01 -1.56256795e-01 -1.64204299e-01 -1.72131956e-01
 -1.79950625e-01 -1.87555969e-01 -1.94844037e-01 -2.01721147e-01 -2.08109051e-01
 -2.13947117e-01 -2.19192058e-01 -2.23816425e-01 -2.27806017e-01 -2.31156886e-01
 -2.33872056e-01 -2.35958293e-01 -2.37423271e-01 -2.38273278e-01 -2.38511652e-01
 -2.38138035e-01 -2.37148345e-01 -2.35535339e-01 -2.33289555e-01 -2.30400354e-01
 -2.26856917e-01 -2.22648770e-01 -2.17765912e-01 -2.12198481e-01 -2.05936551e-01
 -1.98970556e-01 -1.91293851e-01 -1.82908937e-01 -1.73839673e-01 -1.64151996e-01
 -1.53984338e-01 -1.43567249e-01 -1.33408189e-01 -1.23101927e-01 -1.12688512e-01
 -1.02197342e-01 -9.16520953e-02 -8.10726881e-02 -7.04762191e-02 -5.98774031e-02
 -4.92890999e-02 -3.87231596e-02 -2.81921141e-02 -1.77122876e-02 -7.30947033e-03
  2.97110737e-03  1.30477408e-02  2.27766708e-02  3.19342464e-02  4.02877554e-02
 -7.52143189e-02 -7.78438672e-02 -8.32153633e-02 -8.99512619e-02 -9.68876705e-02
 -1.03831902e-01 -1.10790424e-01 -1.17782243e-01 -1.24823302e-01 -1.31927475e-01
 -1.39107838e-01 -1.46378040e-01 -1.53634697e-01 -1.60910293e-01 -1.68171391e-01
 -1.75345272e-01 -1.82340205e-01 -1.89060345e-01 -1.95415616e-01 -2.01327696e-01
 -2.06732795e-01 -2.11582124e-01 -2.15840995e-01 -2.19486877e-01 -2.22506881e-01
 -2.24895224e-01 -2.26650566e-01 -2.27773741e-01 -2.28265941e-01 -2.28127375e-01
 -2.27356583e-01 -2.25950167e-01 -2.23903075e-01 -2.21208856e-01 -2.17860192e-01
 -2.13849217e-01 -2.09167793e-01 -2.03807920e-01 -1.97762609e-01 -1.91028163e-01
 -1.83608681e-01 -1.75524503e-01 -1.66825816e-01 -1.57610774e-01 -1.48052409e-01
 -1.38489515e-01 -1.28757372e-01 -1.18936189e-01 -1.09022237e-01 -9.90310237e-02
 -8.89860392e-02 -7.89141729e-02 -6.88437372e-02 -5.88036440e-02 -4.88230959e-02
 -3.89317125e-02 -2.91601289e-02 -1.95412785e-02 -1.01126749e-02 -9.19849728e-04
  7.97902793e-03  1.65082645e-02  2.45721340e-02  3.20590623e-02  3.88535820e-02
 -8.18185210e-02 -8.48315507e-02 -8.91909748e-02 -9.45231393e-02 -1.00336209e-01
 -1.06383555e-01 -1.12562917e-01 -1.18832096e-01 -1.25175074e-01 -1.31588325e-01
 -1.38075009e-01 -1.44642413e-01 -1.51164576e-01 -1.57686085e-01 -1.64189890e-01
 -1.70619905e-01 -1.76898539e-01 -1.82940155e-01 -1.88660651e-01 -1.93983734e-01
 -1.98844299e-01 -2.03189716e-01 -2.06979588e-01 -2.10184455e-01 -2.12783962e-01
 -2.14764878e-01 -2.16118976e-01 -2.16841236e-01 -2.16928259e-01 -2.16377214e-01
 -2.15184942e-01 -2.13347644e-01 -2.10860655e-01 -2.07718492e-01 -2.03915045e-01
 -1.99444026e-01 -1.94299966e-01 -1.88480183e-01 -1.81988567e-01 -1.74842536e-01
 -1.67082995e-01 -1.58790052e-01 -1.50109753e-01 -1.41253278e-01 -1.32306382e-01
 -1.23150006e-01 -1.13818496e-01 -1.04349934e-01 -9.47750285e-02 -8.51251855e-02
 -7.54345357e-02 -6.57402053e-02 -5.60819916e-02 -4.65018265e-02 -3.70432325e-02
 -2.77507640e-02 -1.86696555e-02 -9.84572154e-03 -1.32570625e-03  6.84195198e-03
  1.46061452e-02  2.19124425e-02  2.87035592e-02  3.49216200e-02  4.05122302e-02
 -8.55174139e-02 -8.80049095e-02 -9.29447562e-02 -9.83778462e-02 -1.03712596e-01
 -1.09128833e-01 -1.14634082e-01 -1.20213516e-01 -1.25855610e-01 -1.31555453e-01
 -1.37313843e-01 -1.43135741e-01 -1.48875028e-01 -1.54584631e-01 -1.60261646e-01
 -1.65866300e-01 -1.71336412e-01 -1.76598907e-01 -1.81578428e-01 -1.86203495e-01
 -1.90410361e-01 -1.94144860e-01 -1.97362944e-01 -2.00030088e-01 -2.02120185e-01
 -2.03613982e-01 -2.04497620e-01 -2.04761013e-01 -2.04396710e-01 -2.03398749e-01
 -2.01761886e-01 -1.99481159e-01 -1.96551576e-01 -1.92968398e-01 -1.88727647e-01
 -1.83827698e-01 -1.78272232e-01 -1.72074392e-01 -1.65263847e-01 -1.57903329e-01
 -1.50096834e-01 -1.41989440e-01 -1.33924887e-01 -1.25531018e-01 -1.16881281e-01
 -1.08006626e-01 -9.89395753e-02 -8.97148922e-02 -8.03692415e-02 -7.09424391e-02
 -6.14784509e-02 -5.20259030e-02 -4.26379852e-02 -3.33718248e-02 -2.42873169e-02
 -1.54455137e-02 -6.90668728e-03  1.27164624e-03  9.03647859e-03  1.63406134e-02
  2.31434200e-02  2.94111185e-02  3.51168513e-02  4.02407758e-02  4.47704643e-02
 -9.11271796e-02 -9.40923467e-02 -9.79688391e-02 -1.02471456e-01 -1.07229285e-01
 -1.12079591e-01 -1.16973817e-01 -1.21897176e-01 -1.26845375e-01 -1.31819114e-01
 -1.36823043e-01 -1.41867012e-01 -1.46799386e-01 -1.51666090e-01 -1.56472772e-01
 -1.61194474e-01 -1.65785044e-01 -1.70185879e-01 -1.74333066e-01 -1.78163037e-01
 -1.81616411e-01 -1.84640422e-01 -1.87190011e-01 -1.89227968e-01 -1.90724388e-01
 -1.91655815e-01 -1.92004114e-01 -1.91755310e-01 -1.90898716e-01 -1.89426035e-01
 -1.87330812e-01 -1.84608147e-01 -1.81254983e-01 -1.77271232e-01 -1.72661349e-01
 -1.67437226e-01 -1.61627114e-01 -1.55279323e-01 -1.48450539e-01 -1.41292334e-01
 -1.34047046e-01 -1.26425087e-01 -1.18513450e-01 -1.10314056e-01 -1.01846538e-01
 -9.31348279e-02 -8.42070431e-02 -7.50959367e-02 -6.58396259e-02 -5.64826690e-02
 -4.70771492e-02 -3.76834720e-02 -2.83705164e-02 -1.92148462e-02 -1.02987131e-02
 -1.70674827e-03  6.47846470e-03  1.41813746e-02  2.13382374e-02  2.79008597e-02
  3.38387191e-02  3.91392075e-02  4.38060723e-02  4.78565432e-02  5.13177775e-02
 -9.44304541e-02 -9.65557247e-02 -1.01631731e-01 -1.06529608e-01 -1.11010455e-01
 -1.15376137e-01 -1.19682841e-01 -1.23950616e-01 -1.28191173e-01 -1.32412478e-01
 -1.36618882e-01 -1.40809178e-01 -1.44971803e-01 -1.48999900e-01 -1.52921021e-01
 -1.56729221e-01 -1.60395980e-01 -1.63878500e-01 -1.67126209e-01 -1.70085877e-01
 -1.72705442e-01 -1.74936533e-01 -1.76736072e-01 -1.78067014e-01 -1.78898379e-01
 -1.79204896e-01 -1.78966388e-01 -1.78167120e-01 -1.76795363e-01 -1.74843282e-01
 -1.72306940e-01 -1.69186160e-01 -1.65485352e-01 -1.61219314e-01 -1.56413719e-01
 -1.51094541e-01 -1.45343587e-01 -1.39334381e-01 -1.32897601e-01 -1.26092136e-01
 -1.18965887e-01 -1.11510567e-01 -1.03737026e-01 -9.56555232e-02 -8.72797072e-02
 -7.86271244e-02 -6.97200298e-02 -6.05866164e-02 -5.12626618e-02 -4.17935736e-02
 -3.22366804e-02 -2.26634610e-02 -1.31611349e-02 -3.83280590e-03  5.20486338e-03
  1.38273127e-02  2.19111089e-02  2.93450914e-02  3.60413305e-02  4.19435240e-02
  4.70313542e-02  5.13201691e-02  5.48561327e-02  5.77076189e-02  5.99546768e-02
 -1.01295255e-01 -1.04217999e-01 -1.07753478e-01 -1.11628316e-01 -1.15507640e-01
 -1.19274229e-01 -1.22925922e-01 -1.26486838e-01 -1.29980415e-01 -1.33423686e-01
 -1.36827007e-01 -1.40195042e-01 -1.43528312e-01 -1.46692708e-01 -1.49715543e-01
 -1.52598649e-01 -1.55325070e-01 -1.57864854e-01 -1.60179928e-01 -1.62228107e-01
 -1.63966447e-01 -1.65353537e-01 -1.66351348e-01 -1.66926250e-01 -1.67049646e-01
 -1.66698143e-01 -1.65853307e-01 -1.64501205e-01 -1.62632450e-01 -1.60245389e-01
 -1.57347098e-01 -1.53951079e-01 -1.50066033e-01 -1.45742163e-01 -1.41090944e-01
 -1.35988876e-01 -1.30474553e-01 -1.24583095e-01 -1.18314438e-01 -1.11679904e-01
 -1.04691371e-01 -9.73542556e-02 -8.96733254e-02 -8.16533715e-02 -7.33004212e-02
 -6.46229088e-02 -5.56331389e-02 -4.63491306e-02 -3.67972516e-02 -2.70156879e-02
 -1.70589462e-02 -7.00337579e-03  3.04684369e-03  1.29546141e-02  2.25487221e-02
  3.16308700e-02  3.99941579e-02  4.74504009e-02  5.38569912e-02  5.91350533e-02
  6.32771999e-02  6.63462579e-02  6.84647560e-02  6.97939470e-02  7.05055371e-02
 -1.06744066e-01 -1.09144151e-01 -1.13464125e-01 -1.17517211e-01 -1.20895296e-01
 -1.23953149e-01 -1.26822799e-01 -1.29574656e-01 -1.32249027e-01 -1.34868279e-01
 -1.37443677e-01 -1.39979348e-01 -1.42474756e-01 -1.44779593e-01 -1.46917820e-01
 -1.48894131e-01 -1.50698602e-01 -1.52310729e-01 -1.53702959e-01 -1.54843673e-01
 -1.55699804e-01 -1.56238779e-01 -1.56430155e-01 -1.56247020e-01 -1.55667379e-01
 -1.54674977e-01 -1.53259546e-01 -1.51414618e-01 -1.49129182e-01 -1.46414220e-01
 -1.43307224e-01 -1.39889494e-01 -1.36028141e-01 -1.31756827e-01 -1.27101228e-01
 -1.22060664e-01 -1.16642192e-01 -1.10853754e-01 -1.04699001e-01 -9.81802568e-02
 -9.12981853e-02 -8.40510428e-02 -7.64352530e-02 -6.84458911e-02 -6.00773692e-02
 -5.13242967e-02 -4.21826541e-02 -3.26516330e-02 -2.27364451e-02 -1.24526117e-02
 -1.83257787e-03  9.06440895e-03  2.01378353e-02  3.12260315e-02  4.20833826e-02
  5.23690581e-02  6.16801009e-02  6.96435273e-02  7.60012716e-02  8.06308091e-02
  8.35447609e-02  8.48895758e-02  8.49425048e-02  8.40761289e-02  8.26591924e-02
 -1.16786972e-01 -1.20027475e-01 -1.22923471e-01 -1.25421256e-01 -1.27569124e-01
 -1.29514262e-01 -1.31361634e-01 -1.33161828e-01 -1.34934857e-01 -1.36685908e-01
 -1.38413295e-01 -1.40112311e-01 -1.41777262e-01 -1.43246144e-01 -1.44536585e-01
 -1.45652324e-01 -1.46586508e-01 -1.47324681e-01 -1.47847340e-01 -1.48132309e-01
 -1.48156658e-01 -1.47898018e-01 -1.47334695e-01 -1.46448180e-01 -1.45225972e-01
 -1.43664867e-01 -1.41776651e-01 -1.39599487e-01 -1.37036026e-01 -1.34103894e-01
 -1.30818799e-01 -1.27192289e-01 -1.23214588e-01 -1.18886724e-01 -1.14212088e-01
 -1.09191634e-01 -1.03825487e-01 -9.81125087e-02 -9.20494199e-02 -8.56306627e-02
 -7.88481608e-02 -7.16910362e-02 -6.41454756e-02 -5.61945774e-02 -4.78183106e-02
 -3.89934704e-02 -2.96938289e-02 -1.98906567e-02 -9.55396239e-03  1.34484703e-03
  1.28278499e-02  2.49010716e-02  3.75369787e-02  5.06410301e-02  6.39796779e-02
  7.70133883e-02  8.86949301e-02  9.79931429e-02  1.04671501e-01  1.08526632e-01
  1.09626450e-01  1.08196065e-01  1.04631394e-01  1.00105070e-01  9.55555886e-02
 -1.29431203e-01 -1.33687288e-01 -1.34864256e-01 -1.34848863e-01 -1.35041773e-01
 -1.35526225e-01 -1.36200994e-01 -1.36991322e-01 -1.37847811e-01 -1.38735443e-01
 -1.39627889e-01 -1.40505716e-01 -1.41357884e-01 -1.42026559e-01 -1.42522171e-01
 -1.42843723e-01 -1.42983392e-01 -1.42929241e-01 -1.42667249e-01 -1.42183214e-01
 -1.41464978e-01 -1.40505672e-01 -1.39288679e-01 -1.37799844e-01 -1.36030197e-01
 -1.33975431e-01 -1.31635010e-01 -1.29008502e-01 -1.26084298e-01 -1.22860633e-01
 -1.19339332e-01 -1.15522146e-01 -1.11408144e-01 -1.06996082e-01 -1.02284089e-01
 -9.72687602e-02 -9.19449404e-02 -8.63052756e-02 -8.03399235e-02 -7.40361512e-02
 -6.73780143e-02 -6.03459217e-02 -5.29161021e-02 -4.50599119e-02 -3.67429443e-02
 -2.79238075e-02 -1.85525790e-02 -8.56886059e-03  2.10052682e-03  1.35440221e-02
  2.58674845e-02  3.91951203e-02  5.36680669e-02  6.94420561e-02  8.67131799e-02
  1.06064990e-01  1.28545389e-01  1.34228498e-01  1.44497782e-01  1.45978689e-01
  1.43509462e-01  1.42197981e-01  1.26246274e-01  1.15205258e-01  1.06773362e-01
 -1.40074059e-01 -1.45447344e-01 -1.44637540e-01 -1.42622530e-01 -1.41540974e-01
 -1.40983582e-01 -1.40736639e-01 -1.40681982e-01 -1.40740514e-01 -1.40853778e-01
 -1.40975609e-01 -1.41066685e-01 -1.41088903e-01 -1.40996411e-01 -1.40762731e-01
 -1.40369713e-01 -1.39802814e-01 -1.39049217e-01 -1.38097256e-01 -1.36936426e-01
 -1.35557711e-01 -1.33953542e-01 -1.32116526e-01 -1.30040705e-01 -1.27722308e-01
 -1.25159755e-01 -1.22353092e-01 -1.19302854e-01 -1.16008990e-01 -1.12472437e-01
 -1.08694606e-01 -1.04676396e-01 -1.00417227e-01 -9.59148407e-02 -9.11649093e-02
 -8.61607119e-02 -8.08928460e-02 -7.53489882e-02 -6.95137009e-02 -6.33681640e-02
 -5.68898804e-02 -5.00521697e-02 -4.28234972e-02 -3.51664238e-02 -2.70360876e-02
 -1.83780752e-02 -9.12531279e-03  8.06341530e-04  1.15244249e-02  2.31689345e-02
  3.59250382e-02  5.00398800e-02  6.58418536e-02  8.37620050e-02  1.04406029e-01
  1.28191382e-01  1.44241840e-01  1.55202180e-01  1.63715973e-01  1.62483603e-01
  1.61735013e-01  1.49318635e-01  1.34611249e-01  1.22274712e-01  1.12410717e-01
 -1.42787308e-01 -1.47374496e-01 -1.48422822e-01 -1.47555277e-01 -1.46395653e-01
 -1.45407841e-01 -1.44628182e-01 -1.44002870e-01 -1.43468082e-01 -1.42967060e-01
 -1.42452419e-01 -1.41884625e-01 -1.41229779e-01 -1.40458420e-01 -1.39547274e-01
 -1.38478264e-01 -1.37237042e-01 -1.35811940e-01 -1.34193510e-01 -1.32374123e-01
 -1.30348042e-01 -1.28111318e-01 -1.25661656e-01 -1.22998618e-01 -1.20123699e-01
 -1.17040157e-01 -1.13752671e-01 -1.10266730e-01 -1.06588073e-01 -1.02722235e-01
 -9.86739472e-02 -9.44462866e-02 -9.00399685e-02 -8.54527652e-02 -8.06790516e-02
 -7.57095441e-02 -7.05312490e-02 -6.51274174e-02 -5.94776385e-02 -5.35579212e-02
 -4.73406166e-02 -4.07941639e-02 -3.38825583e-02 -2.65643969e-02 -1.87913738e-02
 -1.05060581e-02 -1.63855730e-03  7.89841078e-03  1.82170533e-02  2.94663906e-02
  4.18520123e-02  5.56708165e-02  7.13748410e-02  8.96730348e-02  1.11275256e-01
  1.31536856e-01  1.44553378e-01  1.55947804e-01  1.59969941e-01  1.60808250e-01
  1.55651242e-01  1.43061295e-01  1.30543351e-01  1.20008178e-01  1.11226544e-01
 -1.50628924e-01 -1.56912550e-01 -1.54756591e-01 -1.51856676e-01 -1.50189668e-01
 -1.48951307e-01 -1.47912771e-01 -1.46968365e-01 -1.46048099e-01 -1.45099789e-01
 -1.44083709e-01 -1.42969266e-01 -1.41732484e-01 -1.40354007e-01 -1.38818190e-01
 -1.37112334e-01 -1.35226071e-01 -1.33151054e-01 -1.30880937e-01 -1.28411338e-01
 -1.25740021e-01 -1.22867033e-01 -1.19794779e-01 -1.16528139e-01 -1.13074400e-01
 -1.09443098e-01 -1.05645612e-01 -1.01694532e-01 -9.76028815e-02 -9.33831260e-02
 -8.90460387e-02 -8.45995322e-02 -8.00475478e-02 -7.53892288e-02 -7.06183389e-02
 -6.57232031e-02 -6.06868491e-02 -5.54875582e-02 -5.00995070e-02 -4.44934443e-02
 -3.86372022e-02 -3.24959904e-02 -2.60323565e-02 -1.92057583e-02 -1.19717130e-02
 -4.28047311e-03  3.92486202e-03  1.27109261e-02  2.21576001e-02  3.23628373e-02
  4.34494726e-02  5.55752479e-02  6.89477772e-02  8.38345736e-02  1.00277103e-01
  1.14601694e-01  1.24492481e-01  1.33293122e-01  1.36377126e-01  1.37802631e-01
  1.34071827e-01  1.26141042e-01  1.18384562e-01  1.11267582e-01  1.04838274e-01
 -1.47571564e-01 -1.52474582e-01 -1.54074684e-01 -1.53679773e-01 -1.52752221e-01
 -1.51782125e-01 -1.50811777e-01 -1.49789408e-01 -1.48664221e-01 -1.47402257e-01
 -1.45983636e-01 -1.44397184e-01 -1.42636001e-01 -1.40694767e-01 -1.38568297e-01
 -1.36251301e-01 -1.33738503e-01 -1.31025240e-01 -1.28108099e-01 -1.24985538e-01
 -1.21658452e-01 -1.18130602e-01 -1.14408962e-01 -1.10503882e-01 -1.06429212e-01
 -1.02202199e-01 -9.78431329e-02 -9.33746099e-02 -8.88204426e-02 -8.42040330e-02
 -7.95464143e-02 -7.48641416e-02 -7.01672956e-02 -6.54579997e-02 -6.07296154e-02
 -5.59668243e-02 -5.11465184e-02 -4.62392680e-02 -4.12111394e-02 -3.60254869e-02
 -3.06444466e-02 -2.50300299e-02 -1.91447288e-02 -1.29517233e-02 -6.41481252e-03
  5.01754286e-04  7.83330668e-03  1.56142591e-02  2.38764267e-02  3.26447934e-02
  4.19277921e-02  5.16954735e-02  6.18307181e-02  7.20300078e-02  8.17718059e-02
  9.07125920e-02  9.82448533e-02  1.03959568e-01  1.07618198e-01  1.09220468e-01
  1.08932234e-01  1.06881618e-01  1.03596300e-01  9.97571722e-02  9.57712755e-02
 -1.54055968e-01 -1.61131307e-01 -1.57988563e-01 -1.55684173e-01 -1.54967204e-01
 -1.54469803e-01 -1.53825298e-01 -1.52905881e-01 -1.51679486e-01 -1.50155082e-01
 -1.48355976e-01 -1.46306708e-01 -1.44026965e-01 -1.41529515e-01 -1.38820484e-01
 -1.35900706e-01 -1.32767871e-01 -1.29418537e-01 -1.25849962e-01 -1.22061580e-01
 -1.18056051e-01 -1.13839932e-01 -1.09424174e-01 -1.04824446e-01 -1.00061566e-01
 -9.51617137e-02 -9.01565775e-02 -8.50828439e-02 -7.99808279e-02 -7.48919770e-02
 -6.98552579e-02 -6.49029389e-02 -6.00565039e-02 -5.53234927e-02 -5.06960452e-02
 -4.61513810e-02 -4.16541733e-02 -3.71602178e-02 -3.26206684e-02 -2.79859100e-02
 -2.32085939e-02 -1.82455517e-02 -1.30587723e-02 -7.61574227e-03 -1.88953581e-03
  4.14098613e-03  1.04904724e-02  1.71654541e-02  2.41612177e-02  3.14563960e-02
  3.90043408e-02  4.67207730e-02  5.44697046e-02  6.20563701e-02  6.92401677e-02
  7.57612288e-02  8.13672170e-02  8.58513713e-02  8.90862495e-02  9.10392404e-02
  9.17694047e-02  9.14187208e-02  9.02039558e-02  8.83773044e-02  8.61691311e-02
 -1.43646881e-01 -1.49156630e-01 -1.52909636e-01 -1.55376345e-01 -1.57033250e-01
 -1.57877088e-01 -1.57853276e-01 -1.57058194e-01 -1.55640900e-01 -1.53733686e-01
 -1.51441485e-01 -1.48841560e-01 -1.45984858e-01 -1.42899454e-01 -1.39595941e-01
 -1.36073157e-01 -1.32323816e-01 -1.28338978e-01 -1.24111570e-01 -1.19638547e-01
 -1.14922263e-01 -1.09970868e-01 -1.04798369e-01 -9.94247422e-02 -9.38766599e-02
 -8.81888419e-02 -8.24057758e-02 -7.65828863e-02 -7.07860142e-02 -6.50878698e-02
 -5.95610887e-02 -5.42688183e-02 -4.92551401e-02 -4.45378125e-02 -4.01049666e-02
 -3.59165147e-02 -3.19101326e-02 -2.80104559e-02 -2.41390821e-02 -2.02227328e-02
 -1.61982886e-02 -1.20147718e-02 -7.63333216e-03 -3.02628055e-03  1.82397070e-03
  6.92557590e-03  1.22772222e-02  1.78672168e-02  2.36715712e-02  2.96510886e-02
  3.57476920e-02  4.18807752e-02  4.79451381e-02  5.38126864e-02  5.93393520e-02
  6.43768162e-02  6.87873214e-02  7.24592507e-02  7.53204450e-02  7.73462206e-02
  7.85609931e-02  7.90339932e-02  7.88691118e-02  7.81895220e-02  7.71204829e-02
 -1.39537856e-01 -1.45665914e-01 -1.51566550e-01 -1.57229185e-01 -1.62249342e-01
 -1.64713591e-01 -1.64576948e-01 -1.63265154e-01 -1.61144257e-01 -1.58448994e-01
 -1.55368343e-01 -1.52025521e-01 -1.48486495e-01 -1.44772530e-01 -1.40875116e-01
 -1.36770248e-01 -1.32429078e-01 -1.27825260e-01 -1.22939594e-01 -1.17762782e-01
 -1.12296194e-01 -1.06550597e-01 -1.00543536e-01 -9.42973420e-02 -8.78395736e-02
 -8.12067464e-02 -7.44506940e-02 -6.76462203e-02 -6.08966649e-02 -5.43322116e-02
 -4.80956323e-02 -4.23174948e-02 -3.70909050e-02 -3.24546546e-02 -2.83860732e-02
 -2.48035006e-02 -2.15803888e-02 -1.85706448e-02 -1.56357624e-02 -1.26622347e-02
 -9.56653152e-03 -6.29230542e-03 -2.80499458e-03  9.13296244e-04  4.86762589e-03
  9.05262772e-03  1.34536903e-02  1.80471484e-02  2.27997657e-02  2.76677683e-02
  3.25958692e-02  3.75167727e-02  4.23517860e-02  4.70131710e-02  5.14084585e-02
  5.54465912e-02  5.90451062e-02  6.21373802e-02  6.46786913e-02  6.66500404e-02
  6.80590943e-02  6.89381063e-02  6.93391338e-02  6.93273246e-02  6.89736083e-02
 -1.36825547e-01 -1.43825904e-01 -1.51491702e-01 -1.60207585e-01 -1.70119777e-01
 -1.74894765e-01 -1.74771488e-01 -1.72241077e-01 -1.68350264e-01 -1.64176539e-01
 -1.59867138e-01 -1.55554503e-01 -1.51273847e-01 -1.46974817e-01 -1.42574653e-01
 -1.37989059e-01 -1.33143291e-01 -1.27978414e-01 -1.22454606e-01 -1.16553411e-01
 -1.10281289e-01 -1.03664756e-01 -9.67351794e-02 -8.95163640e-02 -8.20232108e-02
 -7.42700845e-02 -6.62863776e-02 -5.81400841e-02 -4.99704927e-02 -4.20174450e-02
 -3.46010737e-02 -2.80214213e-02 -2.24745180e-02 -1.80406570e-02 -1.46779977e-02
 -1.22145722e-02 -1.03516830e-02 -8.75523873e-03 -7.16526527e-03 -5.42177726e-03
 -3.44008231e-03 -1.18239527e-03  1.36145682e-03  4.18535294e-03  7.27308774e-03
  1.06015429e-02  1.41420905e-02  1.78609844e-02  2.17192210e-02  2.56722476e-02
  2.96697728e-02  3.36560197e-02  3.75706106e-02  4.13503125e-02  4.49315980e-02
  4.82539423e-02  5.12634628e-02  5.39164469e-02  5.61822727e-02  5.80452420e-02
  5.95050864e-02  6.05759844e-02  6.12843670e-02  6.16657622e-02  6.17612489e-02
 -1.33396581e-01 -1.40641659e-01 -1.48850322e-01 -1.58521533e-01 -1.70498490e-01
 -1.78137958e-01 -1.82468250e-01 -1.80659726e-01 -1.76494941e-01 -1.69999838e-01
 -1.63804635e-01 -1.58498198e-01 -1.53751031e-01 -1.49200767e-01 -1.44598991e-01
 -1.39797509e-01 -1.34644613e-01 -1.29040942e-01 -1.22935928e-01 -1.16262875e-01
 -1.09046325e-01 -1.01414993e-01 -9.34676528e-02 -8.52262750e-02 -7.66586140e-02
 -6.77037761e-02 -5.82910553e-02 -4.83633131e-02 -3.79357226e-02 -2.73050312e-02
 -1.75332911e-02 -9.59239714e-03 -3.44709493e-03  5.21574519e-04  2.60049035e-03
  2.65010772e-03  1.75484305e-03  1.00983819e-03  7.43077428e-04  1.00733666e-03
  1.77864311e-03  3.01084272e-03  4.65299608e-03  6.65517850e-03  8.96998215e-03
  1.15523254e-02  1.43586220e-02  1.73458047e-02  2.04704106e-02  2.36879103e-02
  2.69523319e-02  3.02163325e-02  3.34316902e-02  3.65503095e-02  3.95256281e-02
  4.23143804e-02  4.48784307e-02  4.71865833e-02  4.92160022e-02  5.09531386e-02
  5.23939617e-02  5.35435267e-02  5.44148497e-02  5.50273694e-02  5.54051027e-02
 -1.28459498e-01 -1.35112062e-01 -1.42421082e-01 -1.50477290e-01 -1.59121245e-01
 -1.67795852e-01 -1.78143084e-01 -1.78880885e-01 -1.78767219e-01 -1.70765698e-01
 -1.63929850e-01 -1.59010619e-01 -1.55387327e-01 -1.51466548e-01 -1.46829039e-01
 -1.42608225e-01 -1.37472287e-01 -1.31284416e-01 -1.25178844e-01 -1.17617443e-01
 -1.08651057e-01 -9.96381342e-02 -9.06382799e-02 -8.15137327e-02 -7.20966309e-02
 -6.21982701e-02 -5.15920185e-02 -3.99790481e-02 -2.69164816e-02 -1.15594408e-02
  5.16039506e-03  1.11140748e-02  2.23386660e-02  2.13195402e-02  2.61912923e-02
  1.81187969e-02  1.23707941e-02  8.81335977e-03  6.69914484e-03  5.64701809e-03
  5.41290687e-03  5.82649000e-03  6.76253065e-03  8.12502857e-03  9.83748399e-03
  1.18365120e-02  1.40674748e-02  1.64814424e-02  1.90330837e-02  2.16792822e-02
  2.43783034e-02  2.70894468e-02  2.97731273e-02  3.23912799e-02  3.49080749e-02
  3.72907668e-02  3.95106785e-02  4.15440761e-02  4.33728918e-02  4.49852049e-02
  4.63753231e-02  4.75435704e-02  4.84957024e-02  4.92420755e-02  4.97966297e-02
 -1.22324616e-01 -1.28024936e-01 -1.33996561e-01 -1.40176356e-01 -1.46459907e-01
 -1.52686238e-01 -1.58474296e-01 -1.63610235e-01 -1.71067834e-01 -1.61696941e-01
 -1.57080770e-01 -1.54261842e-01 -1.53479904e-01 -1.51001811e-01 -1.45721287e-01
 -1.43235028e-01 -1.38435915e-01 -1.31120116e-01 -1.26479000e-01 -1.18224271e-01
 -1.07075013e-01 -9.71234739e-02 -8.76399353e-02 -7.82221779e-02 -6.85872659e-02
 -5.84824011e-02 -4.76274863e-02 -3.56586426e-02 -2.20555756e-02 -6.10135682e-03
  9.67258122e-03  1.74766034e-02  2.66407244e-02  2.74209846e-02  2.97156535e-02
  2.27424651e-02  1.60714295e-02  1.16993785e-02  8.97972006e-03  7.45452475e-03
  6.81935623e-03  6.86563179e-03  7.44487857e-03  8.44760332e-03  9.79013741e-03
  1.14060203e-02  1.32402657e-02  1.52455233e-02  1.73795540e-02  1.96036063e-02
  2.18814220e-02  2.41787359e-02  2.64631081e-02  2.87040547e-02  3.08733471e-02
  3.29454504e-02  3.48980017e-02  3.67122777e-02  3.83735485e-02  3.98713276e-02
  4.11994085e-02  4.23557349e-02  4.33420725e-02  4.41635586e-02  4.48280945e-02
  3.66831541e+00  3.84845901e+00  3.99919868e+00  4.13331461e+00  4.25191498e+00
  4.33683920e+00  4.40348911e+00  4.44328356e+00  4.46678829e+00  4.47054577e+00
  4.46104956e+00  4.44007635e+00  4.41043234e+00  4.37574387e+00  4.33555889e+00
  4.29328728e+00  4.24977970e+00  4.20563459e+00  4.16290045e+00  4.12159348e+00
  4.08295393e+00  4.04704475e+00  4.01482439e+00  3.98607183e+00  3.96053600e+00
  3.93835640e+00  3.91982508e+00  3.90432405e+00  3.89146876e+00  3.88177729e+00
  3.87488842e+00  3.87089229e+00  3.86957121e+00  3.87081933e+00  3.87474442e+00
  3.88145757e+00  3.89106083e+00  3.90346241e+00  3.91885448e+00  3.93719840e+00
  3.95886469e+00  3.98400307e+00  4.01294947e+00  4.04591656e+00  4.08291483e+00
  4.12482023e+00  4.17166233e+00  4.22411919e+00  4.28283262e+00  4.34794569e+00
  4.42061949e+00  4.50121021e+00  4.59123898e+00  4.69132471e+00  4.80412817e+00
  4.93178701e+00  5.07645035e+00  5.24335003e+00  5.43659735e+00  5.66341162e+00
  5.93728542e+00  6.27443266e+00  6.72371626e+00  7.41714478e+00  1.10420303e+01
   89   89
  1.05791080e+00  0.00000000e+00  1.05985725e+00  1.00000001e-01  1.06557572e+00
  2.00000003e-01  1.07461870e+00  3.00000012e-01  1.08035064e+00  3.49999994e-01
  1.09162033e+00  4.49999988e-01  1.10238171e+00  5.50000012e-01  1.10784853e+00
  6.00000024e-01  1.11785233e+00  6.99999988e-01  1.12813854e+00  8.00000012e-01
  1.13403141e+00  8.50000024e-01  1.14409673e+00  9.49999988e-01  1.15161526e+00
  1.04955244e+00  1.15531504e+00  1.09910488e+00  1.21187496e+00  1.09046793e+00
  1.26499999e+00  1.07963669e+00  1.31812501e+00  1.06716740e+00  1.37125003e+00
  1.05310488e+00  1.39781249e+00  1.04599261e+00  1.45093751e+00  1.03093100e+00
  1.50406253e+00  1.01324487e+00  1.53890312e+00  1.00000000e+00  1.58375001e+00
  9.83204842e-01  1.63687503e+00  9.58844483e-01  1.66343749e+00  9.45702314e-01
  1.71656251e+00  9.16603148e-01  1.74312496e+00  8.99976432e-01  1.79624999e+00
  8.64276111e-01  1.82281256e+00  8.44469190e-01  1.87593746e+00  8.00638735e-01
  1.90250003e+00  7.78033674e-01  1.93199813e+00  7.50000000e-01  1.98218751e+00
  7.00493336e-01  2.00874996e+00  6.72082603e-01  2.03531241e+00  6.41582251e-01
  2.06833076e+00  6.00000024e-01  2.10520387e+00  5.50000012e-01  2.13772845e+00
  5.00000000e-01  2.16629696e+00  4.49999988e-01  2.19150376e+00  4.00000006e-01
  2.21390796e+00  3.49999994e-01  2.23390985e+00  3.00000012e-01  2.25171113e+00
  2.50000000e-01  2.27437496e+00  1.77225217e-01  2.29264474e+00  1.00000001e-01
  2.30093741e+00  1.46791274e-02  2.30093741e+00 -4.85008247e-02  2.29760718e+00
 -1.00000001e-01  2.27762389e+00 -2.00000003e-01  2.26420951e+00 -2.50000000e-01
  2.24747252e+00 -3.00000012e-01  2.22125006e+00 -3.70233059e-01  2.19468760e+00
 -4.31625068e-01  2.16812491e+00 -4.84063923e-01  2.14156246e+00 -5.29378414e-01
  2.11500001e+00 -5.69191456e-01  2.08843756e+00 -6.04711711e-01  2.05160666e+00
 -6.49999976e-01  2.00874996e+00 -6.95954919e-01  1.98218751e+00 -7.21494496e-01
  1.94934452e+00 -7.50000000e-01  1.90250003e+00 -7.87162006e-01  1.87593746e+00
 -8.05408299e-01  1.82281256e+00 -8.39500606e-01  1.79624999e+00 -8.53613198e-01
  1.74312496e+00 -8.80283058e-01  1.69008946e+00 -8.99999976e-01  1.66343749e+00
 -9.09142077e-01  1.61031246e+00 -9.23715293e-01  1.55718756e+00 -9.33090925e-01
  1.50406253e+00 -9.37153578e-01  1.45093751e+00 -9.35264468e-01  1.39781249e+00
 -9.25795496e-01  1.34468746e+00 -9.05361116e-01  1.31812501e+00 -8.90195131e-01
  1.27045870e+00 -8.50000024e-01  1.23843753e+00 -8.12443376e-01  1.21187496e+00
 -7.71158397e-01  1.18531251e+00 -7.18729496e-01  1.15875006e+00 -6.52054667e-01
  1.14204562e+00 -6.00000024e-01  1.12791169e+00 -5.50000012e-01  1.10562503e+00
 -4.55051214e-01  1.09484100e+00 -4.00000006e-01  1.07906246e+00 -3.03809583e-01
  1.07213664e+00 -2.50000000e-01  1.06310523e+00 -1.50000006e-01  1.05853713e+00
 -5.00000007e-02  1.05791080e+00  0.00000000e+00
  1.01600003e+00  0.00000000e+00  1.01600003e+00  9.63999987e-01  1.01800001e+00
  9.67999995e-01  1.01800001e+00  1.00100005e+00  1.01800001e+00  1.01900005e+00
  1.01800001e+00  1.07700002e+00  1.01800001e+00  1.07000005e+00  1.01800001e+00
  1.09599996e+00  1.01800001e+00  1.11300004e+00  1.01800001e+00  1.13800001e+00
  1.01600003e+00  1.14699996e+00  1.01199996e+00  1.16499996e+00  1.00100005e+00
  1.21700001e+00  1.02900004e+00  1.21700001e+00  1.04200006e+00  1.16240001e+00
  1.04600000e+00  1.16237998e+00  1.05599999e+00  1.16260004e+00  1.09700000e+00
  1.16450000e+00  1.10800004e+00  1.16594005e+00  1.11600006e+00  1.16591001e+00
  1.13399994e+00  1.16895998e+00  1.14800000e+00  1.17174995e+00  1.16199994e+00
  1.17556000e+00  1.18099999e+00  1.18299997e+00  1.18200004e+00  1.18350005e+00
  1.18499994e+00  1.18499994e+00  1.19000006e+00  1.18799996e+00  1.19500005e+00
  1.19099998e+00  1.20099998e+00  1.19599998e+00  1.20899999e+00  1.20200002e+00
  1.21500003e+00  1.20799994e+00  1.22200000e+00  1.21399999e+00  1.22800004e+00
  1.22099996e+00  1.23399997e+00  1.23099995e+00  1.23899996e+00  1.23800004e+00
  1.24199998e+00  1.24399996e+00  1.24800003e+00  1.25399995e+00  1.25800002e+00
  1.27800000e+00  1.26300001e+00  1.28999996e+00  1.27999997e+00  1.33099997e+00
  1.27999997e+00  1.34700000e+00  1.27999997e+00  1.34800005e+00  1.30999994e+00
  1.34800005e+00  1.32799995e+00  1.34800005e+00  1.36099994e+00  1.34800005e+00
  1.38000000e+00  1.34800005e+00  1.41900003e+00  1.34800005e+00  1.41900003e+00
  1.30999994e+00  1.37199998e+00  1.30999994e+00  1.37199998e+00  1.29200006e+00
  1.60800004e+00  1.09500003e+00  1.64699996e+00  1.07700002e+00  1.78499997e+00
  1.07700002e+00  2.06999993e+00  1.03999996e+00  2.12800002e+00  9.92999971e-01
  2.24499989e+00  7.08999991e-01  2.32299995e+00  5.18999994e-01  2.37700009e+00
  3.88999999e-01  2.35200000e+00  4.00000006e-01  2.35100007e+00  3.37000012e-01
  2.35100007e+00  2.04999998e-01  2.35400009e+00  6.80000037e-02  2.35400009e+00
  0.00000000e+00  2.35400009e+00 -6.80000037e-02  2.35299993e+00 -2.04999998e-01
  2.35100007e+00 -3.37000012e-01  2.35299993e+00 -4.00000006e-01  2.37700009e+00
 -3.88999999e-01  2.13400006e+00 -9.72999990e-01  1.78600001e+00 -1.17400002e+00
  1.76800001e+00 -1.21099997e+00  1.76800001e+00 -1.25399995e+00  1.68200004e+00
 -1.25399995e+00  1.67400002e+00 -1.26199996e+00  1.67400002e+00 -1.32900000e+00
  1.68099999e+00 -1.33899999e+00  1.75399995e+00 -1.33899999e+00  1.75399995e+00
 -1.36800003e+00  1.68900001e+00 -1.36800003e+00  1.68900001e+00 -1.36600006e+00
  1.55499995e+00 -1.36600006e+00  1.41199994e+00 -1.36600006e+00  1.27300000e+00
 -1.36600006e+00  1.15300000e+00 -1.36600006e+00  1.01600003e+00 -1.22899997e+00
  1.01600003e+00 -8.00000012e-01  1.01600003e+00 -4.14999992e-01  1.01600003e+00
 -4.00000006e-01  1.01600003e+00  0.00000000e+00
    0 0.000000000e+00    0
  0.00000000e+00  1.14965573e-01  1.64493516e-01  2.03487039e-01  2.35744759e-01
  2.65963316e-01  2.93549865e-01  3.18942726e-01  3.42702985e-01  3.64954680e-01
  3.85937274e-01  4.05754596e-01  4.24540102e-01  4.42384034e-01  4.59445953e-01
  4.75664973e-01  4.91275698e-01  5.06199360e-01  5.20558238e-01  5.34449995e-01
  5.47763646e-01  5.60721278e-01  5.73280275e-01  5.85460186e-01  5.97295761e-01
  6.08856380e-01  6.20152831e-01  6.31212234e-01  6.42019451e-01  6.52585566e-01
  6.62988603e-01  6.73268557e-01  6.83362603e-01  6.93262637e-01  7.03043103e-01
  7.12726176e-01  7.22312510e-01  7.31806457e-01  7.41167367e-01  7.50473559e-01
  7.59718597e-01  7.68889546e-01  7.78045714e-01  7.87161112e-01  7.96227038e-01
  8.05295885e-01  8.14356387e-01  8.23412538e-01  8.32514405e-01  8.41629684e-01
  8.50803971e-01  8.60031307e-01  8.69349837e-01  8.78728092e-01  8.88255239e-01
  8.97917092e-01  9.07721639e-01  9.17744219e-01  9.27985191e-01  9.38508272e-01
  9.49392498e-01  9.60639358e-01  9.72547412e-01  9.85255778e-01  1.00000000e+00
    0
