   EFIT?   05/12/98      #102940  1221             3  65  65
  1.70000005e+00  3.20000005e+00  1.69550002e+00  8.39999974e-01  0.00000000e+00
  1.77623522e+00  2.42348462e-02 -2.73940653e-01 -2.21305178e-03 -2.00088620e+00
  1.47639200e+06 -2.73940653e-01  0.00000000e+00  1.77623522e+00  0.00000000e+00
  2.42348462e-02  0.00000000e+00 -2.21305178e-03  0.00000000e+00  0.00000000e+00
 -3.43203282e+00 -3.44057608e+00 -3.44758344e+00 -3.45322299e+00 -3.45764565e+00
 -3.46098757e+00 -3.46337128e+00 -3.46490717e+00 -3.46569514e+00 -3.46582556e+00
 -3.46538043e+00 -3.46443343e+00 -3.46305227e+00 -3.46129775e+00 -3.45922518e+00
 -3.45688486e+00 -3.45432234e+00 -3.45157886e+00 -3.44869208e+00 -3.44569635e+00
 -3.44262218e+00 -3.43949747e+00 -3.43634820e+00 -3.43319678e+00 -3.43006468e+00
 -3.42697048e+00 -3.42393136e+00 -3.42096257e+00 -3.41807818e+00 -3.41529012e+00
 -3.41260982e+00 -3.41004682e+00 -3.40760970e+00 -3.40530586e+00 -3.40314126e+00
 -3.40112162e+00 -3.39925075e+00 -3.39753246e+00 -3.39596868e+00 -3.39456105e+00
 -3.39331007e+00 -3.39221549e+00 -3.39127564e+00 -3.39048839e+00 -3.38985062e+00
 -3.38935804e+00 -3.38900542e+00 -3.38878632e+00 -3.38869357e+00 -3.38871813e+00
 -3.38885069e+00 -3.38907933e+00 -3.38939190e+00 -3.38977408e+00 -3.39020991e+00
 -3.39068174e+00 -3.39116979e+00 -3.39165235e+00 -3.39210534e+00 -3.39250207e+00
 -3.39281344e+00 -3.39300680e+00 -3.39304638e+00 -3.39289284e+00 -3.39250278e+00
  8.97565469e+04  8.05600156e+04  7.23636641e+04  6.50928047e+04  5.86764688e+04
  5.30471992e+04  4.81409375e+04  4.38968672e+04  4.02572812e+04  3.71674648e+04
  3.45755625e+04  3.24324727e+04  3.06917344e+04  2.93094277e+04  2.82440781e+04
  2.74565684e+04  2.69100430e+04  2.65698340e+04  2.64033867e+04  2.63801797e+04
  2.64716699e+04  2.66512168e+04  2.68940352e+04  2.71771309e+04  2.74792598e+04
  2.77808730e+04  2.80640801e+04  2.83126035e+04  2.85117500e+04  2.86483691e+04
  2.87108379e+04  2.86890195e+04  2.85742520e+04  2.83593281e+04  2.80384727e+04
  2.76073379e+04  2.70629902e+04  2.64039004e+04  2.56299473e+04  2.47424160e+04
  2.37439922e+04  2.26387812e+04  2.14323086e+04  2.01315293e+04  1.87448574e+04
  1.72821660e+04  1.57548223e+04  1.41757070e+04  1.25592451e+04  1.09214346e+04
  9.27988379e+03  7.65385156e+03  6.06428418e+03  4.53386768e+03  3.08707373e+03
  1.75021472e+03  5.51501221e+02 -4.78895508e+02 -1.30877759e+03 -1.90384973e+03
 -2.22764380e+03 -2.24143872e+03 -1.90417529e+03 -1.17236621e+03  0.00000000e+00
  7.56348419e+00  6.26557636e+00  5.10289240e+00  4.06329536e+00  3.13572860e+00
  2.31012273e+00  1.57730424e+00  9.28915858e-01  3.57343048e-01 -1.44353122e-01
 -5.82497060e-01 -9.62854087e-01 -1.29068148e+00 -1.57077408e+00 -1.80750740e+00
 -2.00487518e+00 -2.16652513e+00 -2.29579067e+00 -2.39572048e+00 -2.46910501e+00
 -2.51849413e+00 -2.54616952e+00 -2.55419683e+00 -2.54446888e+00 -2.51872206e+00
 -2.47855210e+00 -2.42542791e+00 -2.36070395e+00 -2.28563356e+00 -2.20137811e+00
 -2.10901856e+00 -2.00956511e+00 -1.90396488e+00 -1.79311109e+00 -1.67785084e+00
 -1.55899262e+00 -1.43731296e+00 -1.31356370e+00 -1.18847871e+00 -1.06277955e+00
 -9.37183022e-01 -8.12406421e-01 -6.89174414e-01 -5.68225145e-01 -4.50316995e-01
 -3.36234897e-01 -2.26797596e-01 -1.22864611e-01 -2.53439117e-02  6.48001581e-02
  1.46538362e-01  2.18767539e-01  2.80300885e-01  3.29857498e-01  3.66051197e-01
  3.87378186e-01  3.92203987e-01  3.78748924e-01  3.45072567e-01  2.89056599e-01
  2.08386287e-01  1.00529946e-01 -3.72831412e-02 -2.08087221e-01 -4.15206671e-01
 -2.28835225e+06 -2.04376525e+06 -1.81721012e+06 -1.60779888e+06 -1.41468112e+06
 -1.23704225e+06 -1.07410150e+06 -9.25110562e+05 -7.89351875e+05 -6.66136875e+05
 -5.54804500e+05 -4.54719875e+05 -3.65272812e+05 -2.85876531e+05 -2.15966297e+05
 -1.54998266e+05 -1.02448227e+05 -5.78104648e+04 -2.05966523e+04  9.66521094e+03
  3.34318555e+04  5.11457344e+04  6.32360039e+04  7.01194531e+04  7.22014297e+04
  6.98767422e+04  6.35305000e+04  5.35389805e+04  4.02704453e+04  2.40859590e+04
  5.34017725e+03 -1.56178721e+04 -3.84440273e+04 -6.27982266e+04 -8.83437734e+04
 -1.14746578e+05 -1.41674453e+05 -1.68796344e+05 -1.95781625e+05 -2.22299406e+05
 -2.48017719e+05 -2.72602844e+05 -2.95718656e+05 -3.17025656e+05 -3.36180469e+05
 -3.52834969e+05 -3.66635562e+05 -3.77222344e+05 -3.84228312e+05 -3.87278688e+05
 -3.85989938e+05 -3.79969031e+05 -3.68812438e+05 -3.52105500e+05 -3.29421250e+05
 -3.00319594e+05 -2.64346375e+05 -2.21032297e+05 -1.69891953e+05 -1.10422727e+05
 -4.21037070e+04  3.56054727e+04  1.23265812e+05  2.21460188e+05  3.30794625e+05
  4.29404862e-02  3.55592892e-02  2.76036635e-02  1.90943722e-02  1.01839174e-02
  1.16408605e-03 -7.31606502e-03 -1.50181875e-02 -2.42176037e-02 -1.19298594e-02
 -5.82933938e-03 -2.43029045e-03 -2.24127877e-03  6.16722915e-04  8.78160447e-03
  1.22874742e-02  1.93543211e-02  3.11797597e-02  3.84925157e-02  5.14752641e-02
  6.98474497e-02  8.61448050e-02  1.01640821e-01  1.17046729e-01  1.32871658e-01
  1.49576068e-01  1.67670280e-01  1.87812760e-01  2.10942775e-01  2.38164917e-01
  2.63718665e-01  2.77625769e-01  2.90681571e-01  2.91792661e-01  2.91968346e-01
  2.78491318e-01  2.63764292e-01  2.52821922e-01  2.44654268e-01  2.38473892e-01
  2.33784795e-01  2.30265036e-01  2.27694005e-01  2.25910619e-01  2.24789783e-01
  2.24229395e-01  2.24142790e-01  2.24454060e-01  2.25094989e-01  2.26003006e-01
  2.27119714e-01  2.28390157e-01  2.29762480e-01  2.31187895e-01  2.32621014e-01
  2.34020472e-01  2.35349536e-01  2.36576691e-01  2.37676308e-01  2.38628820e-01
  2.39420891e-01  2.40045145e-01  2.40499675e-01  2.40787312e-01  2.40914792e-01
  3.52733359e-02  2.61644498e-02  1.59998294e-02  4.61713644e-03 -7.72207463e-03
 -2.02362984e-02 -3.54585834e-02 -3.57317515e-02 -3.52734216e-02 -2.37272922e-02
 -1.43347951e-02 -7.73106050e-03 -2.99559534e-03  2.36243499e-03  9.10711568e-03
  1.53337270e-02  2.30971966e-02  3.27405222e-02  4.23644595e-02  5.43774664e-02
  6.88445345e-02  8.34890455e-02  9.81762260e-02  1.13148250e-01  1.28716081e-01
  1.45242423e-01  1.63176954e-01  1.83127508e-01  2.05987528e-01  2.32954115e-01
  2.58735597e-01  2.71935701e-01  2.85588831e-01  2.86184162e-01  2.87294745e-01
  2.73669660e-01  2.59482592e-01  2.49137908e-01  2.41542131e-01  2.35929906e-01
  2.31816888e-01  2.28882074e-01  2.26902261e-01  2.25714400e-01  2.25193128e-01
  2.25237072e-01  2.25760221e-01  2.26686448e-01  2.27945954e-01  2.29472831e-01
  2.31203645e-01  2.33076647e-01  2.35031709e-01  2.37010643e-01  2.38958195e-01
  2.40823224e-01  2.42560193e-01  2.44130492e-01  2.45503649e-01  2.46658042e-01
  2.47581065e-01  2.48268753e-01  2.48724863e-01  2.48959541e-01  2.48987854e-01
  2.95819286e-02  1.94891319e-02  7.87534658e-03 -6.02427684e-03 -2.34302860e-02
 -3.36116776e-02 -3.98189649e-02 -3.67412530e-02 -3.07148695e-02 -2.14062482e-02
 -1.27353342e-02 -5.33564296e-03  1.31528953e-03  7.78574916e-03  1.44669544e-02
  2.15869956e-02  2.93804221e-02  3.80031317e-02  4.75313812e-02  5.80689646e-02
  6.95775002e-02  8.18479881e-02  9.47210267e-02  1.08171567e-01  1.22275516e-01
  1.37169942e-01  1.53026506e-01  1.70022741e-01  1.88263878e-01  2.07382575e-01
  2.24719107e-01  2.37548575e-01  2.46993095e-01  2.51345575e-01  2.52107739e-01
  2.47757643e-01  2.41481513e-01  2.35904217e-01  2.31436267e-01  2.28048012e-01
  2.25633353e-01  2.24079072e-01  2.23281816e-01  2.23150805e-01  2.23606110e-01
  2.24575877e-01  2.25993425e-01  2.27794871e-01  2.29917049e-01  2.32296020e-01
  2.34866023e-01  2.37559080e-01  2.40305319e-01  2.43034020e-01  2.45675594e-01
  2.48164088e-01  2.50440240e-01  2.52454340e-01  2.54168779e-01  2.55559504e-01
  2.56616533e-01  2.57343084e-01  2.57753640e-01  2.57871628e-01  2.57726312e-01
  2.64319312e-02  1.66935623e-02  5.83691616e-03 -6.71095308e-03 -2.09841095e-02
 -2.71450654e-02 -2.69120820e-02 -2.31626928e-02 -1.76599585e-02 -1.17829945e-02
 -5.72030898e-03  3.60395410e-04  6.43870467e-03  1.26147242e-02  1.90299843e-02
  2.58227233e-02  3.31128389e-02  4.09936085e-02  4.95271310e-02  5.87412156e-02
  6.86241314e-02  7.91327059e-02  9.02176425e-02  1.01844698e-01  1.13997035e-01
  1.26660362e-01  1.39793426e-01  1.53279006e-01  1.66846290e-01  1.79981619e-01
  1.91953138e-01  2.02079386e-01  2.09938765e-01  2.15351522e-01  2.18394518e-01
  2.19421625e-01  2.19105259e-01  2.18199968e-01  2.17254236e-01  2.16578305e-01
  2.16324985e-01  2.16558814e-01  2.17297077e-01  2.18531504e-01  2.20239505e-01
  2.22389519e-01  2.24943310e-01  2.27856517e-01  2.31078252e-01  2.34550282e-01
  2.38206133e-01  2.41970703e-01  2.45760530e-01  2.49485508e-01  2.53052354e-01
  2.56369442e-01  2.59353161e-01  2.61933923e-01  2.64061689e-01  2.65709162e-01
  2.66872525e-01  2.67569691e-01  2.67836094e-01  2.67719150e-01  2.67272770e-01
  2.48373672e-02  1.64428242e-02  8.15231353e-03  2.46732434e-05 -7.21197668e-03
 -1.06628733e-02 -1.05511351e-02 -8.81757215e-03 -5.93672600e-03 -2.23112083e-03
  2.04429077e-03  6.72872085e-03  1.17430165e-02  1.70711707e-02  2.27379203e-02
  2.87878308e-02  3.52696851e-02  4.22259904e-02  4.96862866e-02  5.76634035e-02
  6.61525130e-02  7.51334131e-02  8.45747218e-02  9.44367722e-02  1.04669735e-01
  1.15205497e-01  1.25943467e-01  1.36732817e-01  1.47357181e-01  1.57535344e-01
  1.66951925e-01  1.75315619e-01  1.82417318e-01  1.88166410e-01  1.92605868e-01
  1.95908427e-01  1.98346943e-01  2.00235903e-01  2.01868087e-01  2.03477457e-01
  2.05232248e-01  2.07244873e-01  2.09585652e-01  2.12294698e-01  2.15390459e-01
  2.18875185e-01  2.22737879e-01  2.26955548e-01  2.31492758e-01  2.36300334e-01
  2.41313249e-01  2.46448278e-01  2.51602650e-01  2.56654888e-01  2.61469513e-01
  2.65906543e-01  2.69834608e-01  2.73145080e-01  2.75763780e-01  2.77658254e-01
  2.78839201e-01  2.79355824e-01  2.79285908e-01  2.78722912e-01  2.77763844e-01
  2.21238527e-02  1.47090014e-02  9.35608707e-03  5.55405580e-03  2.78369151e-03
  1.16674707e-03  8.17781663e-04  1.60690455e-03  3.32677085e-03  5.79302432e-03
  8.85981508e-03  1.24210510e-02  1.64085738e-02  2.07867678e-02  2.55445931e-02
  3.06867752e-02  3.62255834e-02  4.21740822e-02  4.85410690e-02  5.53277135e-02
  6.25256598e-02  7.01162741e-02  7.80703649e-02  8.63474160e-02  9.48936045e-02
  1.03638299e-01  1.12489752e-01  1.21331699e-01  1.30023673e-01  1.38407931e-01
  1.46324635e-01  1.53632835e-01  1.60232008e-01  1.66078344e-01  1.71192110e-01
  1.75654754e-01  1.79595679e-01  1.83171749e-01  1.86545104e-01  1.89865649e-01
  1.93261072e-01  1.96833849e-01  2.00662509e-01  2.04804808e-01  2.09301040e-01
  2.14176759e-01  2.19444335e-01  2.25103095e-01  2.31138036e-01  2.37516716e-01
  2.44184047e-01  2.51055092e-01  2.58006483e-01  2.64869481e-01  2.71431446e-01
  2.77453005e-01  2.82701135e-01  2.86984921e-01  2.90181071e-01  2.92247832e-01
  2.93229342e-01  2.93246567e-01  2.92471021e-01  2.91089445e-01  2.89274842e-01
  1.49743836e-02  4.88302251e-03  6.78060437e-03  8.24780576e-03  8.11298937e-03
  7.95177277e-03  8.17373861e-03  8.91482458e-03  1.01972315e-02  1.19943377e-02
  1.42639484e-02  1.69649031e-02  2.00645979e-02  2.35412847e-02  2.73832679e-02
  3.15863937e-02  3.61507982e-02  4.10776362e-02  4.63661961e-02  5.20115793e-02
  5.80029748e-02  6.43224046e-02  7.09437206e-02  7.78317004e-02  8.49409476e-02
  9.22149643e-02  9.95855480e-02  1.06973395e-01  1.14290692e-01  1.21446274e-01
  1.28353313e-01  1.34938523e-01  1.41151220e-01  1.46970198e-01  1.52407005e-01
  1.57504827e-01  1.62333280e-01  1.66980237e-01  1.71542600e-01  1.76118016e-01
  1.80798545e-01  1.85667053e-01  1.90795690e-01  1.96245864e-01  2.02069059e-01
  2.08307773e-01  2.14996099e-01  2.22159564e-01  2.29813620e-01  2.37959817e-01
  2.46578425e-01  2.55615026e-01  2.64957100e-01  2.74396479e-01  2.83583879e-01
  2.92037874e-01  2.99276441e-01  3.04942220e-01  3.08822721e-01  3.10848951e-01
  3.11122358e-01  3.09942663e-01  3.07732671e-01  3.04883599e-01  3.01686645e-01
  2.23296098e-02  1.61839779e-02  1.33166127e-02  1.26505354e-02  1.27525954e-02
  1.30868144e-02  1.35995802e-02  1.43438010e-02  1.53696761e-02  1.67066827e-02
  1.83674488e-02  2.03548055e-02  2.26674099e-02  2.53031980e-02  2.82609835e-02
  3.15406807e-02  3.51426490e-02  3.90665866e-02  4.33102883e-02  4.78684083e-02
  5.27314134e-02  5.78846931e-02  6.33078665e-02  6.89742342e-02  7.48504624e-02
  8.08965787e-02  8.70664790e-02  9.33091715e-02  9.95710418e-02  1.05799057e-01
  1.11944906e-01  1.17969468e-01  1.23846985e-01  1.29568279e-01  1.35142252e-01
  1.40595675e-01  1.45971030e-01  1.51323184e-01  1.56715184e-01  1.62214398e-01
  1.67889088e-01  1.73806041e-01  1.80029318e-01  1.86619788e-01  1.93635598e-01
  2.01132923e-01  2.09167182e-01  2.17794150e-01  2.27070779e-01  2.37055242e-01
  2.47804746e-01  2.59368747e-01  2.71771580e-01  2.84972548e-01  2.98729181e-01
  3.11491817e-01  3.21889341e-01  3.29593241e-01  3.34363103e-01  3.36008638e-01
  3.34378868e-01  3.30099553e-01  3.24998260e-01  3.19666088e-01  3.14406991e-01
  1.96470786e-02  1.08559243e-02  1.33708119e-02  1.60479210e-02  1.70556791e-02
  1.76881161e-02  1.82355121e-02  1.88211985e-02  1.95215922e-02  2.03901622e-02
  2.14646123e-02  2.27711890e-02  2.43281387e-02  2.61483919e-02  2.82413848e-02
  3.06141097e-02  3.32715362e-02  3.62165831e-02  3.94498296e-02  4.29690816e-02
  4.67689186e-02  5.08402735e-02  5.51701300e-02  5.97412996e-02  6.45324737e-02
  6.95184693e-02  7.46708959e-02  7.99592063e-02  8.53522569e-02  9.08202901e-02
  9.63371992e-02  1.01882920e-01  1.07445545e-01  1.13022946e-01  1.18623652e-01
  1.24266900e-01  1.29981846e-01  1.35806143e-01  1.41784191e-01  1.47965327e-01
  1.54402226e-01  1.61149830e-01  1.68264776e-01  1.75805569e-01  1.83833405e-01
  1.92413762e-01  2.01618776e-01  2.11530745e-01  2.22246915e-01  2.33886525e-01
  2.46601060e-01  2.60590553e-01  2.76129693e-01  2.93598145e-01  3.13291907e-01
  3.32812995e-01  3.46159875e-01  3.57306957e-01  3.63148898e-01  3.64457011e-01
  3.61919910e-01  3.52426738e-01  3.42593402e-01  3.33796412e-01  3.25990081e-01
  2.97768023e-02  2.42342707e-02  2.19957493e-02  2.18286496e-02  2.21857950e-02
  2.25105025e-02  2.27370653e-02  2.29189657e-02  2.31241528e-02  2.34117936e-02
  2.38289312e-02  2.44118236e-02  2.51881741e-02  2.61792149e-02  2.74013467e-02
  2.88672950e-02  3.05868518e-02  3.25672701e-02  3.48134190e-02  3.73277925e-02
  4.01104279e-02  4.31588143e-02  4.64678034e-02  5.00295907e-02  5.38338125e-02
  5.78677766e-02  6.21169731e-02  6.65657744e-02  7.11984411e-02  7.60002807e-02
  8.09590295e-02  8.60661641e-02  9.13181081e-02  9.67171341e-02  1.02271937e-01
  1.07997775e-01  1.13916270e-01  1.20054938e-01  1.26446515e-01  1.33128271e-01
  1.40141487e-01  1.47531122e-01  1.55345917e-01  1.63639054e-01  1.72469333e-01
  1.81903347e-01  1.92018494e-01  2.02907652e-01  2.14685902e-01  2.27500677e-01
  2.41547316e-01  2.57093996e-01  2.74523288e-01  2.94400245e-01  3.17468643e-01
  3.42175931e-01  3.59416634e-01  3.73068392e-01  3.81291777e-01  3.82958084e-01
  3.81213158e-01  3.69823962e-01  3.56065691e-01  3.44097912e-01  3.34097207e-01
  3.22305560e-02  2.50579789e-02  2.56971624e-02  2.75126863e-02  2.79217307e-02
  2.77892333e-02  2.74116676e-02  2.69309487e-02  2.64354851e-02  2.59878505e-02
  2.56350227e-02  2.54134089e-02  2.53518261e-02  2.54734848e-02  2.57973764e-02
  2.63392385e-02  2.71122158e-02  2.81273015e-02  2.93936003e-02  3.09184957e-02
  3.27077657e-02  3.47656570e-02  3.70949060e-02  3.96966934e-02  4.25706245e-02
  4.57147621e-02  4.91258539e-02  5.27996793e-02  5.67316078e-02  6.09173365e-02
  6.53537139e-02  7.00396225e-02  7.49767721e-02  8.01702216e-02  8.56286287e-02
  9.13644433e-02  9.73939449e-02  1.03737265e-01  1.10418305e-01  1.17464624e-01
  1.24907389e-01  1.32781476e-01  1.41125813e-01  1.49984106e-01  1.59406006e-01
  1.69448942e-01  1.80180579e-01  1.91682562e-01  2.04055443e-01  2.17425674e-01
  2.31955007e-01  2.47852594e-01  2.65388995e-01  2.84910619e-01  3.06877553e-01
  3.31968874e-01  3.55085373e-01  3.67666781e-01  3.80462974e-01  3.82232845e-01
  3.82368475e-01  3.75335753e-01  3.60351413e-01  3.47007602e-01  3.36229473e-01
  4.50724624e-02  4.00576442e-02  3.75321172e-02  3.62798050e-02  3.50897983e-02
  3.37599814e-02  3.23467217e-02  3.09143346e-02  2.95116622e-02  2.81764641e-02
  2.69395448e-02  2.58270334e-02  2.48616375e-02  2.40634196e-02  2.34503392e-02
  2.30386443e-02  2.28431895e-02  2.28776690e-02  2.31547896e-02  2.36863773e-02
  2.44835950e-02  2.55573709e-02  2.69184206e-02  2.85769515e-02  3.05422749e-02
  3.28224637e-02  3.54241468e-02  3.83524969e-02  4.16114032e-02  4.52039354e-02
  4.91330102e-02  5.34022599e-02  5.80168739e-02  6.29839450e-02  6.83118254e-02
  7.40101039e-02  8.00899714e-02  8.65647420e-02  9.34501663e-02  1.00764550e-01
  1.08528838e-01  1.16766788e-01  1.25505283e-01  1.34774745e-01  1.44609854e-01
  1.55050382e-01  1.66142419e-01  1.77939743e-01  1.90505415e-01  2.03913435e-01
  2.18249872e-01  2.33613044e-01  2.50111699e-01  2.67861843e-01  2.86993891e-01
  3.07799995e-01  3.31845999e-01  3.46068770e-01  3.55128199e-01  3.65643233e-01
  3.61659557e-01  3.64636689e-01  3.51530284e-01  3.39500576e-01  3.30737591e-01
  5.74188344e-02  5.33672497e-02  4.94382307e-02  4.58663367e-02  4.27188314e-02
  3.98619808e-02  3.71880196e-02  3.46450843e-02  3.22149396e-02  2.98964120e-02
  2.76968218e-02  2.56277956e-02  2.37031281e-02  2.19376888e-02  2.03468371e-02
  1.89461205e-02  1.77511610e-02  1.67776756e-02  1.60415117e-02  1.55581897e-02
  1.53426547e-02  1.54124871e-02  1.57874059e-02  1.64879747e-02  1.75343547e-02
  1.89452637e-02  2.07372066e-02  2.29239427e-02  2.55162567e-02  2.85221133e-02
  3.19474153e-02  3.57976332e-02  4.00803126e-02  4.48068492e-02  4.99855839e-02
  5.56219630e-02  6.17204793e-02  6.82865679e-02  7.53276646e-02  8.28526765e-02
  9.08718631e-02  9.93970409e-02  1.08441569e-01  1.18020482e-01  1.28150433e-01
  1.38849705e-01  1.50137931e-01  1.62035480e-01  1.74562186e-01  1.87734798e-01
  2.01562390e-01  2.16038346e-01  2.31126010e-01  2.46732891e-01  2.62658030e-01
  2.78469712e-01  2.93275326e-01  3.05857331e-01  3.15674514e-01  3.22570145e-01
  3.26416433e-01  3.27477396e-01  3.25960308e-01  3.22820127e-01  3.19218874e-01
  6.70165122e-02  6.35144264e-02  5.84276691e-02  5.34875356e-02  4.91379574e-02
  4.51323949e-02  4.13619503e-02  3.77681889e-02  3.43196392e-02  3.10017504e-02
  2.78109442e-02  2.47507896e-02  2.18295790e-02  1.90587770e-02  1.64520275e-02
  1.40244812e-02  1.17923990e-02  9.77329165e-03  7.98779912e-03  6.45590900e-03
  5.18504856e-03  4.20134421e-03  3.53816058e-03  3.23085976e-03  3.31400055e-03
  3.81955784e-03  4.77558328e-03  6.20507263e-03  8.12494010e-03  1.05452016e-02
  1.34688970e-02  1.68944970e-02  2.08257921e-02  2.53029838e-02  3.03335954e-02
  3.59121338e-02  4.20295186e-02  4.86798435e-02  5.58641478e-02  6.35824054e-02
  7.18337521e-02  8.06178600e-02  8.99345055e-02  9.97832194e-02  1.10162795e-01
  1.21070676e-01  1.32501900e-01  1.44447461e-01  1.56891704e-01  1.69808388e-01
  1.83154777e-01  1.96862996e-01  2.10827187e-01  2.24885881e-01  2.38799781e-01
  2.52233714e-01  2.64769673e-01  2.75981486e-01  2.85536110e-01  2.93238759e-01
  2.99034506e-01  3.03007990e-01  3.05380642e-01  3.06494445e-01  3.06731731e-01
  7.23735392e-02  6.85134456e-02  6.39343113e-02  5.89895546e-02  5.40546365e-02
  4.92541194e-02  4.45991158e-02  4.00762632e-02  3.56726795e-02  3.13812383e-02
  2.72008106e-02  2.31353752e-02  1.91930663e-02  1.53853940e-02  1.17265889e-02
  8.23276956e-03  4.92032990e-03  1.80199463e-03 -1.08338357e-03 -3.66968103e-03
 -6.06754795e-03 -8.20086524e-03 -1.00038107e-02 -1.14163635e-02 -1.23834312e-02
 -1.28553258e-02 -1.27887614e-02 -1.21482648e-02 -1.09083029e-02 -9.05694626e-03
 -6.60286751e-03 -3.58958915e-03 -1.26039988e-04  4.10164660e-03  9.02928598e-03
  1.46065950e-02  2.07870100e-02  2.75402982e-02  3.48895527e-02  4.28250991e-02
  5.13300188e-02  6.03933446e-02  7.00025931e-02  8.01432654e-02  9.07983854e-02
  1.01947948e-01  1.13567792e-01  1.25627920e-01  1.38090059e-01  1.50904253e-01
  1.64004594e-01  1.77303851e-01  1.90687478e-01  2.04007879e-01  2.17081487e-01
  2.29692444e-01  2.41607189e-01  2.52599895e-01  2.62481511e-01  2.71122396e-01
  2.78464288e-01  2.84522653e-01  2.89380074e-01  2.93169558e-01  2.96048254e-01
  7.90822580e-02  7.55948275e-02  6.95413128e-02  6.35413900e-02  5.79076484e-02
  5.23881540e-02  4.69417088e-02  4.15611863e-02  3.62472273e-02  3.10035069e-02
  2.58360449e-02  2.07532477e-02  1.57661550e-02  1.08888410e-02  6.13911776e-03
  1.53980928e-03 -2.87880795e-03 -7.21359206e-03 -1.14097185e-02 -1.54106328e-02
 -1.91708170e-02 -2.26259213e-02 -2.57056579e-02 -2.83401962e-02 -3.04636750e-02
 -3.20162997e-02 -3.29456180e-02 -3.32073681e-02 -3.27661075e-02 -3.15956771e-02
 -2.96792109e-02 -2.70072017e-02 -2.35692523e-02 -1.93268806e-02 -1.42915528e-02
 -8.52161739e-03 -2.14512832e-03  4.65419702e-03  1.22270882e-02  2.04628296e-02
  2.92816181e-02  3.86885107e-02  4.86603566e-02  5.91701455e-02  7.01869950e-02
  8.16769823e-02  9.36024636e-02  1.05920725e-01  1.18582129e-01  1.31527826e-01
  1.44687146e-01  1.57975152e-01  1.71290427e-01  1.84514120e-01  1.97511077e-01
  2.10134149e-01  2.22231910e-01  2.33659342e-01  2.44289204e-01  2.54021853e-01
  2.62791425e-01  2.70567924e-01  2.77354717e-01  2.83182323e-01  2.88099796e-01
  8.19324479e-02  7.78516904e-02  7.27587789e-02  6.69843853e-02  6.09244034e-02
  5.47573417e-02  4.85466719e-02  4.23219539e-02  3.61023657e-02  2.99027618e-02
  2.37359535e-02  1.76141541e-02  1.15501285e-02  5.55828540e-03 -3.44172673e-04
 -6.13595638e-03 -1.19141489e-02 -1.76416729e-02 -2.32570246e-02 -2.86855381e-02
 -3.38469669e-02 -3.86574641e-02 -4.30336930e-02 -4.68964353e-02 -5.01730889e-02
 -5.27991429e-02 -5.47187403e-02 -5.58846816e-02 -5.62579185e-02 -5.58067225e-02
 -5.45054898e-02 -5.23331352e-02 -4.92713489e-02 -4.53047603e-02 -4.04311605e-02
 -3.46655846e-02 -2.80412491e-02 -2.06014886e-02 -1.23818973e-02 -3.53821088e-03
  5.59882540e-03  1.54523812e-02  2.59015467e-02  3.69067825e-02  4.84200940e-02
  6.03960939e-02  7.27880746e-02  8.55471343e-02  9.86202583e-02  1.11948565e-01
  1.25465840e-01  1.39097318e-01  1.52758986e-01  1.66357547e-01  1.79791570e-01
  1.92953721e-01  2.05734327e-01  2.18025640e-01  2.29726210e-01  2.40744635e-01
  2.51002133e-01  2.60433882e-01  2.68989056e-01  2.76630521e-01  2.83334345e-01
  8.78917053e-02  8.41235816e-02  7.73724616e-02  7.04334378e-02  6.35961071e-02
  5.66500947e-02  4.96032648e-02  4.24866155e-02  3.53267603e-02  2.81434357e-02
  2.09514201e-02  1.37626873e-02  6.58805994e-03 -5.61553810e-04 -7.67386239e-03
 -1.48473438e-02 -2.20507644e-02 -2.92210560e-02 -3.62736546e-02 -4.31121401e-02
 -4.96360697e-02 -5.57465851e-02 -6.13504946e-02 -6.63630217e-02 -7.07092807e-02
 -7.43247196e-02 -7.71548748e-02 -7.91545212e-02 -8.02866295e-02 -8.05210099e-02
 -7.98330382e-02 -7.82023743e-02 -7.56120756e-02 -7.20485747e-02 -6.75030127e-02
 -6.19722567e-02 -5.54598607e-02 -4.79777083e-02 -3.95523347e-02 -3.02444026e-02
 -2.01546736e-02 -9.40123945e-03  1.68544729e-03  1.33734904e-02  2.55585648e-02
  3.81978080e-02  5.12386970e-02  6.46328926e-02  7.83302113e-02  9.22770426e-02
  1.06415905e-01  1.20684989e-01  1.35017723e-01  1.49342597e-01  1.63583368e-01
  1.77659601e-01  1.91487327e-01  2.04979762e-01  2.18047619e-01  2.30598971e-01
  2.42538661e-01  2.53767878e-01  2.64184594e-01  2.73686498e-01  2.82176703e-01
  9.08483788e-02  8.65204856e-02  8.06510970e-02  7.36551285e-02  6.60795122e-02
  5.82263917e-02  5.02266623e-02  4.21370603e-02  3.39842886e-02  2.57823691e-02
  1.75396986e-02  9.26216692e-03  9.54463147e-04 -7.38038868e-03 -1.58454366e-02
 -2.44225431e-02 -3.30498852e-02 -4.16358337e-02 -5.00713550e-02 -5.82404733e-02
 -6.60283864e-02 -7.33271539e-02 -8.00392255e-02 -8.60791281e-02 -9.13739130e-02
 -9.58625749e-02 -9.94950086e-02 -1.02230564e-01 -1.04036622e-01 -1.04887128e-01
 -1.04761288e-01 -1.03642456e-01 -1.01517200e-01 -9.83746648e-02 -9.42061692e-02
 -8.90048593e-02 -8.27656165e-02 -7.54858181e-02 -6.71679452e-02 -5.78249916e-02
 -4.74873409e-02 -3.62134799e-02 -2.41160244e-02 -1.13575077e-02  1.66518905e-03
  1.51651530e-02  2.90349405e-02  4.32483666e-02  5.77637516e-02  7.25343600e-02
  8.75131413e-02  1.02652699e-01  1.17904440e-01  1.33217826e-01  1.48539707e-01
  1.63813531e-01  1.78978324e-01  1.93966776e-01  2.08702385e-01  2.23095328e-01
  2.37037078e-01  2.50394583e-01  2.63006330e-01  2.74684131e-01  2.85224974e-01
  9.82195809e-02  9.43864807e-02  8.68160203e-02  7.77091607e-02  6.85627982e-02
  5.94689436e-02  5.03752828e-02  4.12502177e-02  3.20766866e-02  2.28442661e-02
  1.35460328e-02  4.17800620e-03 -5.25935367e-03 -1.48769300e-02 -2.46847253e-02
 -3.46309431e-02 -4.46217358e-02 -5.45380600e-02 -6.42496794e-02 -7.36260116e-02
 -8.25438276e-02 -9.08919424e-02 -9.85735282e-02 -1.05506621e-01 -1.11623339e-01
 -1.16868496e-01 -1.21197760e-01 -1.24575838e-01 -1.26974732e-01 -1.28372267e-01
 -1.28750935e-01 -1.28096893e-01 -1.26399413e-01 -1.23650283e-01 -1.19843230e-01
 -1.14973307e-01 -1.09036043e-01 -1.02026708e-01 -9.39400271e-02 -8.47710669e-02
 -7.45180845e-02 -6.31891787e-02 -5.08151352e-02 -3.74688245e-02 -2.33005602e-02
 -8.54814332e-03  6.25103945e-03  2.14374177e-02  3.69404107e-02  5.27034327e-02
  6.86899647e-02  8.48700032e-02  1.01215594e-01  1.17699258e-01  1.34293184e-01
  1.50968269e-01  1.67692319e-01  1.84427157e-01  2.01123536e-01  2.17713118e-01
  2.34096304e-01  2.50124484e-01  2.65577167e-01  2.80140549e-01  2.93412209e-01
  1.03335038e-01  9.98036265e-02  9.08425078e-02  8.02671984e-02  6.99914396e-02
  5.98715730e-02  4.97953705e-02  3.97034809e-02  2.95584276e-02  1.93332601e-02
  9.00654308e-03 -1.44103274e-03 -1.20310215e-02 -2.28888672e-02 -3.39790136e-02
 -4.52109613e-02 -5.64592034e-02 -6.75808415e-02 -7.84296691e-02 -8.88663754e-02
 -9.87648964e-02 -1.08015701e-01 -1.16526634e-01 -1.24222167e-01 -1.31041646e-01
 -1.36937082e-01 -1.41870752e-01 -1.45812973e-01 -1.48740038e-01 -1.50632694e-01
 -1.51474923e-01 -1.51253372e-01 -1.49957106e-01 -1.47577628e-01 -1.44108966e-01
 -1.39547586e-01 -1.33891732e-01 -1.27140298e-01 -1.19291171e-01 -1.10339545e-01
 -1.00277022e-01 -8.90929103e-02 -7.67797530e-02 -6.33457080e-02 -4.88376170e-02
 -3.33772041e-02 -1.72217395e-02 -8.05172313e-04  1.58901084e-02  3.27770077e-02
  4.98781353e-02  6.71969205e-02  8.47314373e-02  1.02479927e-01  1.20443054e-01
  1.38624474e-01  1.57030478e-01  1.75668210e-01  1.94541872e-01  2.13645354e-01
  2.32948303e-01  2.52370477e-01  2.71732807e-01  2.90651917e-01  3.08284521e-01
  1.03422776e-01  9.90956575e-02  9.09518376e-02  8.07316005e-02  7.00141788e-02
  5.92033677e-02  4.83489446e-02  3.74318808e-02  2.64223367e-02  1.52917132e-02
  4.01518214e-03 -7.42688915e-03 -1.91612858e-02 -3.12043019e-02 -4.34879735e-02
 -5.58906794e-02 -6.82617947e-02 -8.04410428e-02 -9.22724456e-02 -1.03613399e-01
 -1.14339508e-01 -1.24346331e-01 -1.33548915e-01 -1.41880110e-01 -1.49287969e-01
 -1.55733064e-01 -1.61185443e-01 -1.65621966e-01 -1.69023827e-01 -1.71374515e-01
 -1.72658533e-01 -1.72860742e-01 -1.71966553e-01 -1.69962689e-01 -1.66838378e-01
 -1.62586480e-01 -1.57204196e-01 -1.50692686e-01 -1.43055499e-01 -1.34295836e-01
 -1.24412991e-01 -1.13399275e-01 -1.01238906e-01 -8.79113451e-02 -7.34020844e-02
 -5.77244200e-02 -4.09558713e-02 -2.32881941e-02 -5.09050768e-03  1.28403241e-02
  3.10446452e-02  4.95098233e-02  6.82399273e-02  8.72510523e-02  1.06569767e-01
  1.26233548e-01  1.46292239e-01  1.66809946e-01  1.87867045e-01  2.09561706e-01
  2.32010424e-01  2.55344957e-01  2.79694766e-01  3.05108219e-01  3.30556333e-01
  1.06979355e-01  1.03417441e-01  9.26739275e-02  8.05738121e-02  6.90404400e-02
  5.75951487e-02  4.60967198e-02  3.44882607e-02  2.27320604e-02  1.07956855e-02
 -1.35202822e-03 -1.37447929e-02 -2.65174992e-02 -3.96332815e-02 -5.29830754e-02
 -6.64143190e-02 -7.97551349e-02 -9.28327665e-02 -1.05486110e-01 -1.17572948e-01
 -1.28973216e-01 -1.39589354e-01 -1.49344981e-01 -1.58182442e-01 -1.66059971e-01
 -1.72948301e-01 -1.78827390e-01 -1.83682859e-01 -1.87502965e-01 -1.90275684e-01
 -1.91986814e-01 -1.92618936e-01 -1.92151457e-01 -1.90562069e-01 -1.87829018e-01
 -1.83933988e-01 -1.78864986e-01 -1.72618121e-01 -1.65197775e-01 -1.56614318e-01
 -1.46879762e-01 -1.36001617e-01 -1.23976819e-01 -1.10787764e-01 -9.64034796e-02
 -8.07898790e-02 -6.39341921e-02 -4.58903015e-02 -2.68529002e-02 -7.26642506e-03
  1.20890029e-02  3.16893049e-02  5.15617579e-02  7.17462897e-02  9.22941938e-02
  1.13271914e-01  1.34766459e-01  1.56892166e-01  1.79799557e-01  2.03687981e-01
  2.28824735e-01  2.55578071e-01  2.84491777e-01  3.16593021e-01  3.56564194e-01
  1.02743335e-01  9.77602303e-02  8.92003700e-02  7.84395784e-02  6.69211969e-02
  5.51344566e-02  4.31655571e-02  3.10053490e-02  1.86271276e-02  6.00316748e-03
 -6.89141452e-03 -2.01804377e-02 -3.38955373e-02 -4.79618274e-02 -6.22372851e-02
 -7.65446946e-02 -9.06963423e-02 -1.04511425e-01 -1.17826864e-01 -1.30502850e-01
 -1.42424643e-01 -1.53502151e-01 -1.63667977e-01 -1.72874898e-01 -1.81092635e-01
 -1.88304305e-01 -1.94502473e-01 -1.99684918e-01 -2.03850448e-01 -2.06994981e-01
 -2.09108517e-01 -2.10173145e-01 -2.10162550e-01 -2.09043354e-01 -2.06778124e-01
 -2.03329861e-01 -1.98667437e-01 -1.92770675e-01 -1.85633808e-01 -1.77266061e-01
 -1.67688400e-01 -1.56926394e-01 -1.45000666e-01 -1.31916970e-01 -1.17659070e-01
 -1.02188423e-01 -8.54553133e-02 -6.74277097e-02 -4.81454059e-02 -2.78059412e-02
 -6.87962212e-03  1.37624796e-02  3.46412733e-02  5.58257811e-02  7.73794353e-02
  9.93797407e-02  1.21928744e-01  1.45162195e-01  1.69260859e-01  1.94466174e-01
  2.21102268e-01  2.49604970e-01  2.80555725e-01  3.14736038e-01  3.53453755e-01
  1.06118083e-01  1.02325402e-01  8.95034447e-02  7.63943866e-02  6.42395020e-02
  5.21008112e-02  3.97681110e-02  2.71727070e-02  1.42794698e-02  1.06039038e-03
 -1.25141973e-02 -2.65796129e-02 -4.11107689e-02 -5.59898950e-02 -7.10436180e-02
 -8.60737413e-02 -1.00880370e-01 -1.15277372e-01 -1.29101232e-01 -1.42215058e-01
 -1.54509410e-01 -1.65901393e-01 -1.76332772e-01 -1.85767397e-01 -1.94187984e-01
 -2.01592222e-01 -2.07988203e-01 -2.13389128e-01 -2.17808083e-01 -2.21252874e-01
 -2.23721743e-01 -2.25200102e-01 -2.25658968e-01 -2.25055397e-01 -2.23335326e-01
 -2.20438838e-01 -2.16307625e-01 -2.10893527e-01 -2.04166695e-01 -1.96120992e-01
 -1.86774567e-01 -1.76164687e-01 -1.64336681e-01 -1.51329428e-01 -1.37160882e-01
 -1.21817775e-01 -1.05254740e-01 -8.74078199e-02 -6.82295933e-02 -4.77539226e-02
 -2.61980388e-02 -4.09953063e-03  1.75456852e-02  3.95141020e-02  6.18123300e-02
  8.44932720e-02  1.07643940e-01  1.31384626e-01  1.55874819e-01  1.81324691e-01
  2.08013415e-01  2.36316964e-01  2.66742975e-01  2.99877077e-01  3.35117728e-01
  9.71848667e-02  9.13310498e-02  8.27995539e-02  7.23111928e-02  6.07905388e-02
  4.86909784e-02  3.61599959e-02  2.32359767e-02  9.92236938e-03 -3.78952501e-03
 -1.79879386e-02 -3.27359587e-02 -4.79661301e-02 -6.35262728e-02 -7.92179182e-02
 -9.48266089e-02 -1.10143512e-01 -1.24978945e-01 -1.39169499e-01 -1.52580962e-01
 -1.65108711e-01 -1.76676750e-01 -1.87236086e-01 -1.96762383e-01 -2.05252677e-01
 -2.12720990e-01 -2.19192788e-01 -2.24698991e-01 -2.29269460e-01 -2.32926905e-01
 -2.35681385e-01 -2.37525806e-01 -2.38433182e-01 -2.38355622e-01 -2.37226024e-01
 -2.34962776e-01 -2.31477708e-01 -2.26687208e-01 -2.20524773e-01 -2.12952718e-01
 -2.03969538e-01 -1.93609759e-01 -1.81934819e-01 -1.69016436e-01 -1.54915676e-01
 -1.39663577e-01 -1.23248927e-01 -1.05619185e-01 -8.67005214e-02 -6.64456859e-02
 -4.49205413e-02 -2.24404875e-02  2.43818213e-04  2.29796860e-02  4.58446778e-02
  6.89124241e-02  9.22600701e-02  1.15974508e-01  1.40157267e-01  1.64928824e-01
  1.90433279e-01  2.16845796e-01  2.44391561e-01  2.73398161e-01  3.04017901e-01
  9.69405696e-02  9.14225280e-02  8.14467445e-02  6.98108524e-02  5.78648970e-02
  4.55103740e-02  3.27115469e-02  1.94635801e-02  5.76263340e-03 -8.39982461e-03
 -2.31405739e-02 -3.84724587e-02 -5.42885289e-02 -7.04069957e-02 -8.66089612e-02
 -1.02667361e-01 -1.18366651e-01 -1.33514568e-01 -1.47947907e-01 -1.61534786e-01
 -1.74174964e-01 -1.85799241e-01 -1.96368188e-01 -2.05870003e-01 -2.14316830e-01
 -2.21739650e-01 -2.28182018e-01 -2.33692989e-01 -2.38319844e-01 -2.42101103e-01
 -2.45060325e-01 -2.47200817e-01 -2.48501763e-01 -2.48915985e-01 -2.48369843e-01
 -2.46766195e-01 -2.43991256e-01 -2.39925802e-01 -2.34460667e-01 -2.27514207e-01
 -2.19047785e-01 -2.09074318e-01 -1.97655305e-01 -1.84885323e-01 -1.70867264e-01
 -1.55684277e-01 -1.39376283e-01 -1.21928081e-01 -1.03275217e-01 -8.33338946e-02
 -6.20634332e-02 -3.95717919e-02 -1.62689798e-02  6.95393002e-03  3.01228464e-02
  5.33056855e-02  7.65479058e-02  9.98860076e-02  1.23349175e-01  1.46953955e-01
  1.70691192e-01  1.94498792e-01  2.18203813e-01  2.41401479e-01  2.63271749e-01
  9.43815932e-02  8.83021727e-02  7.88038746e-02  6.74099922e-02  5.53105846e-02
  4.27083261e-02  2.96237562e-02  1.60531886e-02  1.98693923e-03 -1.25881741e-02
 -2.78031249e-02 -4.36305478e-02 -5.99313900e-02 -7.65001848e-02 -9.31021422e-02
 -1.09500624e-01 -1.25475094e-01 -1.40831366e-01 -1.55406490e-01 -1.69070706e-01
 -1.81728095e-01 -1.93316430e-01 -2.03806266e-01 -2.13198617e-01 -2.21520782e-01
 -2.28820354e-01 -2.35158101e-01 -2.40600049e-01 -2.45209500e-01 -2.49039665e-01
 -2.52127081e-01 -2.54486173e-01 -2.56104678e-01 -2.56940484e-01 -2.56920010e-01
 -2.55938768e-01 -2.53865927e-01 -2.50553757e-01 -2.45853171e-01 -2.39634439e-01
 -2.31810287e-01 -2.22354531e-01 -2.11309344e-01 -1.98775828e-01 -1.84888646e-01
 -1.69781312e-01 -1.53551787e-01 -1.36237860e-01 -1.17809787e-01 -9.81857404e-02
 -7.72763491e-02 -5.50674312e-02 -3.17513123e-02 -7.90667254e-03  1.53122507e-02
  3.84372324e-02  6.14324808e-02  8.42762068e-02  1.06939949e-01  1.29374340e-01
  1.51493892e-01  1.73157334e-01  1.94143280e-01  2.14129016e-01  2.32695177e-01
  9.34762061e-02  8.73178914e-02  7.73923174e-02  6.56032190e-02  5.32231554e-02
  4.03583795e-02  2.69984026e-02  1.31282043e-02 -1.26928312e-03 -1.62158366e-02
 -3.18414904e-02 -4.80854250e-02 -6.47829324e-02 -8.17102119e-02 -9.86205116e-02
 -1.15270138e-01 -1.31434947e-01 -1.46919399e-01 -1.61560968e-01 -1.75232157e-01
 -1.87841550e-01 -1.99334115e-01 -2.09690496e-01 -2.18924269e-01 -2.27077052e-01
 -2.34211668e-01 -2.40404159e-01 -2.45735034e-01 -2.50280976e-01 -2.54107326e-01
 -2.57261604e-01 -2.59768248e-01 -2.61623800e-01 -2.62793392e-01 -2.63207763e-01
 -2.62762070e-01 -2.61317670e-01 -2.58708566e-01 -2.54754782e-01 -2.49283671e-01
 -2.42157251e-01 -2.33300388e-01 -2.22719833e-01 -2.10505247e-01 -1.96807981e-01
 -1.81802705e-01 -1.65643498e-01 -1.48427084e-01 -1.30173028e-01 -1.10827558e-01
 -9.02958736e-02 -6.85103536e-02 -4.55468521e-02 -2.18005665e-02  1.78636378e-03
  2.49601398e-02  4.77621965e-02  7.01845810e-02  9.21893492e-02  1.13711841e-01
  1.34657592e-01  1.54897138e-01  1.74262494e-01  1.92549527e-01  2.09531054e-01
  9.27653313e-02  8.65342841e-02  7.62789994e-02  6.41902611e-02  5.15841097e-02
  3.84964831e-02  2.48993114e-02  1.07743656e-02 -3.89328529e-03 -1.91806257e-02
 -3.51605788e-02 -5.17508648e-02 -6.87689036e-02 -8.59778300e-02 -1.03122383e-01
 -1.19953938e-01 -1.36245862e-01 -1.51801869e-01 -1.66460171e-01 -1.80095762e-01
 -1.92621857e-01 -2.03990579e-01 -2.14192271e-01 -2.23252028e-01 -2.31224254e-01
 -2.38184810e-01 -2.44222239e-01 -2.49428555e-01 -2.53890663e-01 -2.57683069e-01
 -2.60861665e-01 -2.63458639e-01 -2.65478224e-01 -2.66892731e-01 -2.67638952e-01
 -2.67615736e-01 -2.66683251e-01 -2.64666557e-01 -2.61365831e-01 -2.56575733e-01
 -2.50114441e-01 -2.41857961e-01 -2.31770247e-01 -2.19916195e-01 -2.06448615e-01
 -1.91570058e-01 -1.75481662e-01 -1.58335343e-01 -1.40202194e-01 -1.21065363e-01
 -1.00841440e-01 -7.94346258e-02 -5.68319336e-02 -3.32485698e-02 -9.31851566e-03
  1.37260640e-02  3.63319442e-02  5.84345348e-02  7.99736977e-02  1.00880660e-01
  1.21071808e-01  1.40446261e-01  1.58886656e-01  1.76263794e-01  1.92445308e-01
  9.14139524e-02  8.48221257e-02  7.49274939e-02  6.30768090e-02  5.04079796e-02
  3.71617861e-02  2.33681463e-02  9.02308803e-03 -5.88429021e-03 -2.14480627e-02
 -3.77146713e-02 -5.45815751e-02 -7.18512014e-02 -8.92764479e-02 -1.06595717e-01
 -1.23556845e-01 -1.39931560e-01 -1.55523345e-01 -1.70171425e-01 -1.83753386e-01
 -1.96186945e-01 -2.07430899e-01 -2.17484117e-01 -2.26381630e-01 -2.34188318e-01
 -2.40990415e-01 -2.46886015e-01 -2.51975536e-01 -2.56353140e-01 -2.60099560e-01
 -2.63276339e-01 -2.65921265e-01 -2.68044114e-01 -2.69623011e-01 -2.70600498e-01
 -2.70880073e-01 -2.70324051e-01 -2.68754572e-01 -2.65960962e-01 -2.61716485e-01
 -2.55806774e-01 -2.48067349e-01 -2.38421962e-01 -2.26906419e-01 -2.13664830e-01
 -1.98914766e-01 -1.82891771e-01 -1.65792555e-01 -1.47733480e-01 -1.28734261e-01
 -1.08731583e-01 -8.76251161e-02 -6.53625205e-02 -4.20743227e-02 -1.82645563e-02
  4.96733375e-03  2.75734849e-02  4.95351590e-02  7.08168074e-02  9.13681686e-02
  1.11125939e-01  1.30015850e-01  1.47955626e-01  1.64859444e-01  1.80643663e-01
  9.26848501e-02  8.65121633e-02  7.54653811e-02  6.28023222e-02  4.98632193e-02
  3.64372730e-02  2.24611871e-02  7.92013109e-03 -7.19449064e-03 -2.29835194e-02
 -3.94765399e-02 -5.65572008e-02 -7.40176216e-02 -9.16037485e-02 -1.09049775e-01
 -1.26101360e-01 -1.42529428e-01 -1.58137634e-01 -1.72766462e-01 -1.86295941e-01
 -1.98647782e-01 -2.09786341e-01 -2.19717294e-01 -2.28483349e-01 -2.36157253e-01
 -2.42832705e-01 -2.48614416e-01 -2.53608376e-01 -2.57913262e-01 -2.61613667e-01
 -2.64774501e-01 -2.67436773e-01 -2.69613713e-01 -2.71287143e-01 -2.72403628e-01
 -2.72870302e-01 -2.72552013e-01 -2.71270603e-01 -2.68810242e-01 -2.64931947e-01
 -2.59400785e-01 -2.52024770e-01 -2.42697939e-01 -2.31431887e-01 -2.18359753e-01
 -2.03705177e-01 -1.87724963e-01 -1.70646176e-01 -1.52617350e-01 -1.33685589e-01
 -1.13804817e-01 -9.28765386e-02 -7.08283186e-02 -4.77396250e-02 -2.40234770e-02
 -6.46778382e-04  2.19887476e-02  4.38983664e-02  6.50634617e-02  8.54462460e-02
  1.04996562e-01  1.23656072e-01  1.41361833e-01  1.58050239e-01  1.73661262e-01
  9.08262432e-02  8.38771015e-02  7.43017942e-02  6.27084523e-02  4.99213859e-02
  3.63736227e-02  2.22145636e-02  7.48441741e-03 -7.81351142e-03 -2.37828065e-02
 -4.04466316e-02 -5.76826595e-02 -7.52781928e-02 -9.29758698e-02 -1.10508010e-01
 -1.27619475e-01 -1.44081190e-01 -1.59697428e-01 -1.74309954e-01 -1.87800869e-01
 -2.00094894e-01 -2.11160362e-01 -2.21007615e-01 -2.29684383e-01 -2.37268403e-01
 -2.43857890e-01 -2.49561414e-01 -2.54487991e-01 -2.58738577e-01 -2.62399524e-01
 -2.65537083e-01 -2.68193483e-01 -2.70383269e-01 -2.72089720e-01 -2.73260802e-01
 -2.73805290e-01 -2.73588955e-01 -2.72433490e-01 -2.70120710e-01 -2.66406029e-01
 -2.61044860e-01 -2.53832102e-01 -2.44647056e-01 -2.33488992e-01 -2.20484763e-01
 -2.05860004e-01 -1.89881057e-01 -1.72789022e-01 -1.54747471e-01 -1.35816187e-01
 -1.15956873e-01 -9.50713679e-02 -7.30765611e-02 -5.00243828e-02 -2.62742434e-02
 -2.70166667e-03  1.98687352e-02  4.17532586e-02  6.28972277e-02  8.32507610e-02
  1.02761842e-01  1.21375017e-01  1.39032722e-01  1.55678004e-01  1.71257958e-01
  9.72133577e-02  9.17878151e-02  7.88944215e-02  6.47579059e-02  5.10186963e-02
  3.70235480e-02  2.25941520e-02  7.66920671e-03 -7.78349675e-03 -2.38821693e-02
 -4.06568609e-02 -5.79874329e-02 -7.56616741e-02 -9.34223160e-02 -1.11001886e-01
 -1.28145725e-01 -1.44625440e-01 -1.60246223e-01 -1.74851000e-01 -1.88323304e-01
 -2.00589657e-01 -2.11620390e-01 -2.21428081e-01 -2.30062604e-01 -2.37603664e-01
 -2.44151175e-01 -2.49814823e-01 -2.54704356e-01 -2.58921057e-01 -2.62551099e-01
 -2.65660405e-01 -2.68290550e-01 -2.70455241e-01 -2.72136748e-01 -2.73281991e-01
 -2.73798436e-01 -2.73550570e-01 -2.72358835e-01 -2.70004064e-01 -2.66241133e-01
 -2.60825872e-01 -2.53554523e-01 -2.44308755e-01 -2.33090550e-01 -2.20028967e-01
 -2.05350399e-01 -1.89320207e-01 -1.72176868e-01 -1.54080287e-01 -1.35086477e-01
 -1.15154237e-01 -9.41851139e-02 -7.21009150e-02 -4.89686430e-02 -2.51814183e-02
 -1.68024283e-03  2.10708063e-02  4.30861562e-02  6.43473715e-02  8.48173201e-02
  1.04446694e-01  1.23178050e-01  1.40949383e-01  1.57697931e-01  1.73364535e-01
  9.52033699e-02  8.86918008e-02  7.83461779e-02  6.56547248e-02  5.20515367e-02
  3.79402824e-02  2.33748257e-02  8.33814312e-03 -7.19814608e-03 -2.33521722e-02
 -4.01637852e-02 -5.75189330e-02 -7.52091929e-02 -9.29797664e-02 -1.10564925e-01
 -1.27711356e-01 -1.44191861e-01 -1.59812704e-01 -1.74417660e-01 -1.87891006e-01
 -2.00159580e-01 -2.11193711e-01 -2.21005559e-01 -2.29644269e-01 -2.37188488e-01
 -2.43736833e-01 -2.49397591e-01 -2.54278958e-01 -2.58480519e-01 -2.62086600e-01
 -2.65160948e-01 -2.67742693e-01 -2.69842595e-01 -2.71439552e-01 -2.72476703e-01
 -2.72857547e-01 -2.72443056e-01 -2.71051526e-01 -2.68464267e-01 -2.64441103e-01
 -2.58748472e-01 -2.51198769e-01 -2.41692901e-01 -2.30250210e-01 -2.17009738e-01
 -2.02196866e-01 -1.86064988e-01 -1.68833166e-01 -1.50639072e-01 -1.31518379e-01
 -1.11415781e-01 -9.02292430e-02 -6.78935349e-02 -4.45133448e-02 -2.05533076e-02
  2.93711550e-03  2.57768687e-02  4.79489155e-02  6.94200769e-02  9.01423916e-02
  1.10054716e-01  1.29084781e-01  1.47152245e-01  1.64173126e-01  1.80065602e-01
  9.84507278e-02  9.27412733e-02  8.09352770e-02  6.71380237e-02  5.32368980e-02
  3.90324034e-02  2.44281720e-02  9.37846489e-03 -6.14993554e-03 -2.22690199e-02
 -3.90310436e-02 -5.63307367e-02 -7.39658400e-02 -9.16857570e-02 -1.09227635e-01
 -1.26340196e-01 -1.42797753e-01 -1.58407673e-01 -1.73014373e-01 -1.86501995e-01
 -1.98796391e-01 -2.09865928e-01 -2.19719782e-01 -2.28403509e-01 -2.35991627e-01
 -2.42578581e-01 -2.48268530e-01 -2.53165722e-01 -2.57365942e-01 -2.60949701e-01
 -2.63976783e-01 -2.66481817e-01 -2.68470526e-01 -2.69916117e-01 -2.70755589e-01
 -2.70886421e-01 -2.70164818e-01 -2.68407404e-01 -2.65399486e-01 -2.60913283e-01
 -2.54737407e-01 -2.46715114e-01 -2.36781120e-01 -2.24982664e-01 -2.11471736e-01
 -1.96466997e-01 -1.80197284e-01 -1.62846059e-01 -1.44512609e-01 -1.25199497e-01
 -1.04830608e-01 -8.33028257e-02 -6.05791360e-02 -3.68330441e-02 -1.26445806e-02
  1.07976506e-02  3.37481201e-02  5.61563820e-02  7.79693946e-02  9.91227478e-02
  1.19536117e-01  1.39111549e-01  1.57734603e-01  1.75278962e-01  1.91615134e-01
  9.75417867e-02  9.13599730e-02  8.08196142e-02  6.79239333e-02  5.42831384e-02
  4.01928723e-02  2.56767236e-02  1.07178735e-02 -4.70781326e-03 -2.06969269e-02
 -3.73167768e-02 -5.44738658e-02 -7.19746202e-02 -8.95745307e-02 -1.07014820e-01
 -1.24046959e-01 -1.40447140e-01 -1.56023920e-01 -1.70622110e-01 -1.84125200e-01
 -1.96456924e-01 -2.07581878e-01 -2.17504114e-01 -2.26262763e-01 -2.33925417e-01
 -2.40579247e-01 -2.46321455e-01 -2.51249701e-01 -2.55453557e-01 -2.59007514e-01
 -2.61965126e-01 -2.64354527e-01 -2.66174316e-01 -2.67389983e-01 -2.67930806e-01
 -2.67687500e-01 -2.66512305e-01 -2.64223635e-01 -2.60617465e-01 -2.55488694e-01
 -2.48660982e-01 -2.40021333e-01 -2.29547694e-01 -2.17318058e-01 -2.03492612e-01
 -1.88272506e-01 -1.71848193e-01 -1.54353693e-01 -1.35838926e-01 -1.16267778e-01
 -9.55464393e-02 -7.35876709e-02 -5.04219979e-02 -2.63677333e-02 -2.25661090e-03
  2.13369690e-02  4.45425026e-02  6.73391670e-02  8.96854773e-02  1.11517027e-01
  1.32741228e-01  1.53231457e-01  1.72823235e-01  1.91316590e-01  2.08488777e-01
  9.87382382e-02  9.28839743e-02  8.20394009e-02  6.89568371e-02  5.53949401e-02
  4.14535403e-02  2.71028168e-02  1.23184770e-02 -2.92047020e-03 -1.86881684e-02
 -3.50725204e-02 -5.19957356e-02 -6.92760721e-02 -8.66774172e-02 -1.03946678e-01
 -1.20839082e-01 -1.37133241e-01 -1.52639151e-01 -1.67202041e-01 -1.80704355e-01
 -1.93066970e-01 -2.04249457e-01 -2.14248806e-01 -2.23095477e-01 -2.30847254e-01
 -2.37581193e-01 -2.43384510e-01 -2.48345315e-01 -2.52544224e-01 -2.56047070e-01
 -2.58898944e-01 -2.61119187e-01 -2.62697548e-01 -2.63590723e-01 -2.63720065e-01
 -2.62971163e-01 -2.61196434e-01 -2.58223057e-01 -2.53868133e-01 -2.47961342e-01
 -2.40373373e-01 -2.31042609e-01 -2.19991133e-01 -2.07320750e-01 -1.93187475e-01
 -1.77760661e-01 -1.61179692e-01 -1.43519938e-01 -1.24778077e-01 -1.04882292e-01
 -8.37332532e-02 -6.12840243e-02 -3.76697518e-02 -1.33895520e-02  1.04968855e-02
  3.41942869e-02  5.76964989e-02  8.09942856e-02  1.04065150e-01  1.26863316e-01
  1.49306357e-01  1.71256498e-01  1.92496881e-01  2.12710857e-01  2.31486559e-01
  9.89975855e-02  9.32820514e-02  8.26160312e-02  6.97870255e-02  5.64985946e-02
  4.28095534e-02  2.86977161e-02  1.41532654e-02 -8.36675579e-04 -1.62931941e-02
 -3.23498957e-02 -4.89455685e-02 -6.59130514e-02 -8.30274746e-02 -1.00043632e-01
 -1.16721936e-01 -1.32844299e-01 -1.48222610e-01 -1.62702650e-01 -1.76165774e-01
 -1.88529566e-01 -1.99747816e-01 -2.09809080e-01 -2.18733281e-01 -2.26566091e-01
 -2.33371690e-01 -2.39224300e-01 -2.44199440e-01 -2.48365790e-01 -2.51777798e-01
 -2.54469663e-01 -2.56450355e-01 -2.57699788e-01 -2.58166254e-01 -2.57765621e-01
 -2.56383151e-01 -2.53879219e-01 -2.50100464e-01 -2.44897127e-01 -2.38144949e-01
 -2.29767859e-01 -2.19754547e-01 -2.08161533e-01 -1.95099145e-01 -1.80702552e-01
 -1.65095925e-01 -1.48359448e-01 -1.30508587e-01 -1.11492999e-01 -9.12210122e-02
 -6.96179494e-02 -4.67308089e-02 -2.28922460e-02  1.05814775e-03  2.48979088e-02
  4.86972854e-02  7.25029036e-02  9.63516980e-02  1.20273091e-01  1.44284070e-01
  1.68376356e-01  1.92489639e-01  2.16454610e-01  2.39873633e-01  2.61940271e-01
  9.76215005e-02  9.15430859e-02  8.22055042e-02  7.05482513e-02  5.77446856e-02
  4.43305746e-02  3.04706506e-02  1.62051395e-02  1.53412204e-03 -1.35573931e-02
 -2.92074550e-02 -4.53829877e-02 -6.19390495e-02 -7.86672756e-02 -9.53338668e-02
 -1.11706644e-01 -1.27572060e-01 -1.42744482e-01 -1.57070473e-01 -1.70430303e-01
 -1.82738155e-01 -1.93941593e-01 -2.04020023e-01 -2.12981522e-01 -2.20857918e-01
 -2.27698267e-01 -2.33561158e-01 -2.38506779e-01 -2.42589086e-01 -2.45848820e-01
 -2.48307541e-01 -2.49963090e-01 -2.50786453e-01 -2.50720412e-01 -2.49680698e-01
 -2.47560382e-01 -2.44238332e-01 -2.39592239e-01 -2.33515412e-01 -2.25934491e-01
 -2.16823742e-01 -2.06210375e-01 -1.94167554e-01 -1.80795103e-01 -1.66192338e-01
 -1.50430143e-01 -1.33529857e-01 -1.15455911e-01 -9.61284563e-02 -7.54627436e-02
 -5.34451790e-02 -3.02566253e-02 -6.44353218e-03  1.69010814e-02  4.04293574e-02
  6.41511679e-02  8.81147385e-02  1.12393409e-01  1.37081981e-01  1.62297249e-01
  1.88180789e-01  2.14905500e-01  2.42693946e-01  2.71869689e-01  3.02583843e-01
  1.06501833e-01  1.02907822e-01  8.76713544e-02  7.29257539e-02  5.94474562e-02
  4.59913611e-02  3.23173814e-02  1.83518194e-02  4.05755686e-03 -1.05949370e-02
 -2.57461630e-02 -4.13969494e-02 -5.74299358e-02 -7.36577883e-02 -8.98615420e-02
 -1.05818689e-01 -1.21321440e-01 -1.36187181e-01 -1.50263324e-01 -1.63428918e-01
 -1.75594643e-01 -1.86701670e-01 -1.96719930e-01 -2.05645084e-01 -2.13494077e-01
 -2.20299438e-01 -2.26102427e-01 -2.30945945e-01 -2.34867483e-01 -2.37892777e-01
 -2.40030557e-01 -2.41268724e-01 -2.41572484e-01 -2.40884617e-01 -2.39128605e-01
 -2.36214980e-01 -2.32051119e-01 -2.26553634e-01 -2.19661653e-01 -2.11347848e-01
 -2.01623648e-01 -1.90535799e-01 -1.78153917e-01 -1.64551243e-01 -1.49782926e-01
 -1.33868083e-01 -1.16781212e-01 -9.84587893e-02 -7.88276568e-02 -5.78638911e-02
 -3.56927142e-02 -1.27351675e-02  1.01153404e-02  3.30860987e-02  5.62665425e-02
  7.97402933e-02  1.03605211e-01  1.27984866e-01  1.53038919e-01  1.78976133e-01
  2.06072927e-01  2.34700948e-01  2.65361369e-01  2.98631907e-01  3.33921134e-01
  9.95144546e-02  9.40773711e-02  8.48170295e-02  7.30520636e-02  6.03284277e-02
  4.72459644e-02  3.39286327e-02  2.03752406e-02  6.55827764e-03 -7.55436206e-03
 -2.20953319e-02 -3.71005796e-02 -5.24833128e-02 -6.80805892e-02 -8.36912021e-02
 -9.91043746e-02 -1.14119217e-01 -1.28556445e-01 -1.42264158e-01 -1.55119881e-01
 -1.67030379e-01 -1.77930370e-01 -1.87780336e-01 -1.96563467e-01 -2.04281792e-01
 -2.10950971e-01 -2.16594577e-01 -2.21237883e-01 -2.24901900e-01 -2.27598041e-01
 -2.29324013e-01 -2.30061263e-01 -2.29774445e-01 -2.28413239e-01 -2.25916818e-01
 -2.22220764e-01 -2.17265949e-01 -2.11007893e-01 -2.03424722e-01 -1.94521159e-01
 -1.84326813e-01 -1.72888175e-01 -1.60255358e-01 -1.46466538e-01 -1.31534338e-01
 -1.15438737e-01 -9.81314108e-02 -7.95575008e-02 -5.97021878e-02 -3.86710688e-02
 -1.68101490e-02  5.14458073e-03  2.72338577e-02  4.95134704e-02  7.20545799e-02
  9.49439853e-02  1.18290380e-01  1.42233327e-01  1.66955218e-01  1.92697272e-01
  2.19781563e-01  2.48639733e-01  2.79846191e-01  3.14171553e-01  3.52903873e-01
  1.03922822e-01  1.00576527e-01  8.75684023e-02  7.36423358e-02  6.07412048e-02
  4.79590967e-02  3.50953266e-02  2.20775958e-02  8.86089541e-03 -4.59191715e-03
 -1.83943454e-02 -3.26191597e-02 -4.72115837e-02 -6.20351061e-02 -7.69084990e-02
 -9.16345268e-02 -1.06020324e-01 -1.19890310e-01 -1.33093044e-01 -1.45503998e-01
 -1.57025605e-01 -1.67585865e-01 -1.77136019e-01 -1.85647458e-01 -1.93107978e-01
 -1.99517488e-01 -2.04883039e-01 -2.09213853e-01 -2.12516487e-01 -2.14790881e-01
 -2.16027543e-01 -2.16206253e-01 -2.15296775e-01 -2.13261485e-01 -2.10059851e-01
 -2.05654293e-01 -2.00016439e-01 -1.93132252e-01 -1.85004756e-01 -1.75652996e-01
 -1.65106714e-01 -1.53397456e-01 -1.40548140e-01 -1.26563847e-01 -1.11427344e-01
 -9.51036513e-02 -7.75586441e-02 -5.87975979e-02 -3.89307514e-02 -1.82706434e-02
  2.54600076e-03  2.35052742e-02  4.46350463e-02  6.59748018e-02  8.75776112e-02
  1.09512746e-01  1.31869987e-01  1.54765874e-01  1.78352416e-01  2.02829719e-01
  2.28464842e-01  2.55624473e-01  2.84847826e-01  3.17148179e-01  3.57133746e-01
  9.68428999e-02  9.18940455e-02  8.30526724e-02  7.18520135e-02  5.99285960e-02
  4.78202328e-02  3.56140286e-02  2.32915040e-02  1.08139543e-02 -1.86018168e-03
 -1.47745525e-02 -2.80753225e-02 -4.17321809e-02 -5.56334108e-02 -6.96186572e-02
 -8.35058987e-02 -9.71117169e-02 -1.10265017e-01 -1.22815005e-01 -1.34634823e-01
 -1.45622224e-01 -1.55698404e-01 -1.64805710e-01 -1.72904700e-01 -1.79970667e-01
 -1.85989872e-01 -1.90955490e-01 -1.94863796e-01 -1.97710559e-01 -1.99488357e-01
 -2.00184882e-01 -1.99782684e-01 -1.98260292e-01 -1.95594758e-01 -1.91764966e-01
 -1.86755404e-01 -1.80559173e-01 -1.73179448e-01 -1.64628491e-01 -1.54924184e-01
 -1.44084185e-01 -1.32119387e-01 -1.19028345e-01 -1.04795843e-01 -8.93988386e-02
 -7.28242695e-02 -5.51039167e-02 -3.63710225e-02 -1.69378649e-02  2.60855118e-03
  2.23128106e-02  4.21761572e-02  6.22070394e-02  8.24223831e-02  1.02848820e-01
  1.23524085e-01  1.44498661e-01  1.65837720e-01  1.87623069e-01  2.09954917e-01
  2.32952565e-01  2.56751865e-01  2.81489491e-01  3.07229906e-01  3.32972020e-01
  9.65169147e-02  9.29178819e-02  8.21413398e-02  6.98121265e-02  5.81885502e-02
  4.67755087e-02  3.53820510e-02  2.39228420e-02  1.23460460e-02  6.12811884e-04
 -1.13096545e-02 -2.35672668e-02 -3.61574925e-02 -4.89957556e-02 -6.19452260e-02
 -7.48418942e-02 -8.75142887e-02 -9.97976661e-02 -1.11542977e-01 -1.22621588e-01
 -1.32926792e-01 -1.42373264e-01 -1.50895178e-01 -1.58443555e-01 -1.64983213e-01
 -1.70489490e-01 -1.74945116e-01 -1.78337127e-01 -1.80654466e-01 -1.81886122e-01
 -1.82020232e-01 -1.81044161e-01 -1.78945392e-01 -1.75713181e-01 -1.71340197e-01
 -1.65824011e-01 -1.59167558e-01 -1.51378185e-01 -1.42465338e-01 -1.32436931e-01
 -1.21295653e-01 -1.09036475e-01 -9.56476033e-02 -8.11178237e-02 -6.54541925e-02
 -4.87145595e-02 -3.10596619e-02 -1.28335021e-02  5.38221328e-03  2.37960145e-02
  4.23811823e-02  6.11169189e-02  7.99880698e-02  9.89849791e-02  1.18103310e-01
  1.37343690e-01  1.56710878e-01  1.76211864e-01  1.95852056e-01  2.15627939e-01
  2.35513538e-01  2.55435020e-01  2.75222629e-01  2.94504553e-01  3.12446177e-01
  8.77677277e-02  8.31241608e-02  7.49869868e-02  6.50937706e-02  5.49069531e-02
  4.46620509e-02  3.43461074e-02  2.39327159e-02  1.34005118e-02  2.73100636e-03
 -8.09340272e-03 -1.92004647e-02 -3.06079742e-02 -4.22562771e-02 -5.40329330e-02
 -6.57944083e-02 -7.73842111e-02 -8.86467993e-02 -9.94371623e-02 -1.09626532e-01
 -1.19104974e-01 -1.27781674e-01 -1.35583788e-01 -1.42454341e-01 -1.48349732e-01
 -1.53237045e-01 -1.57091469e-01 -1.59894004e-01 -1.61629587e-01 -1.62285820e-01
 -1.61852255e-01 -1.60320237e-01 -1.57683209e-01 -1.53937176e-01 -1.49080873e-01
 -1.43115655e-01 -1.36044562e-01 -1.27870783e-01 -1.18595809e-01 -1.08218059e-01
 -9.67330337e-02 -8.41367394e-02 -7.04342872e-02 -5.56565747e-02 -3.98888364e-02
 -2.33124513e-02 -6.23771548e-03  1.06534865e-02  2.78168004e-02  4.51913290e-02
  6.27288744e-02  8.03877190e-02  9.81298387e-02  1.15919575e-01  1.33722678e-01
  1.51505277e-01  1.69232190e-01  1.86863974e-01  2.04352006e-01  2.21630499e-01
  2.38604367e-01  2.55131364e-01  2.70998865e-01  2.85901874e-01  2.99446911e-01
  7.90622011e-02  7.39777237e-02  6.72529191e-02  5.93147092e-02  5.07363528e-02
  4.18180265e-02  3.26898471e-02  2.34080311e-02  1.39960963e-02  4.46218252e-03
 -5.19346818e-03 -1.50724193e-02 -2.52074618e-02 -3.55617031e-02 -4.60474715e-02
 -5.65439872e-02 -6.69130608e-02 -7.70119801e-02 -8.67031962e-02 -9.58607197e-02
 -1.04373723e-01 -1.12147860e-01 -1.19105004e-01 -1.25181943e-01 -1.30328521e-01
 -1.34505525e-01 -1.37682602e-01 -1.39836416e-01 -1.40949056e-01 -1.41006842e-01
 -1.39999509e-01 -1.37919649e-01 -1.34762242e-01 -1.30524263e-01 -1.25204101e-01
 -1.18800692e-01 -1.11312643e-01 -1.02737613e-01 -9.30727497e-02 -8.23174417e-02
 -7.04798251e-02 -5.75889088e-02 -4.37117033e-02 -2.89767180e-02 -1.36119109e-02
  1.93988939e-03  1.78275574e-02  3.39419320e-02  5.02699241e-02  6.67749271e-02
  8.34097788e-02  1.00121826e-01  1.16855010e-01  1.33550733e-01  1.50148183e-01
  1.66584402e-01  1.82793647e-01  1.98706046e-01  2.14244962e-01  2.29323044e-01
  2.43836656e-01  2.57659942e-01  2.70640373e-01  2.82599807e-01  2.93345988e-01
  7.39443004e-02  6.94875568e-02  6.22961633e-02  5.44823669e-02  4.66952473e-02
  3.87565903e-02  3.06718890e-02  2.24682018e-02  1.41671691e-02  5.78265404e-03
 -2.67664739e-03 -1.12838121e-02 -2.00874265e-02 -2.90721618e-02 -3.81748416e-02
 -4.72988188e-02 -5.63270450e-02 -6.51333928e-02 -7.35917687e-02 -8.15828070e-02
 -8.89981762e-02 -9.57428440e-02 -1.01735793e-01 -1.06909573e-01 -1.11209147e-01
 -1.14590384e-01 -1.17018409e-01 -1.18465975e-01 -1.18912049e-01 -1.18340544e-01
 -1.16739266e-01 -1.14099041e-01 -1.10412903e-01 -1.05675392e-01 -9.98819619e-02
 -9.30287242e-02 -8.51126760e-02 -7.61330724e-02 -6.60952702e-02 -5.50191775e-02
 -4.29533832e-02 -3.00060194e-02 -1.63700320e-02 -2.31919321e-03  1.19929304e-02
  2.67250873e-02  4.18155342e-02  5.71998209e-02  7.28215501e-02  8.86219218e-02
  1.04536444e-01  1.20494127e-01  1.36417568e-01  1.52223662e-01  1.67824760e-01
  1.83130234e-01  1.98048159e-01  2.12486863e-01  2.26355806e-01  2.39565715e-01
  2.52027899e-01  2.63653249e-01  2.74352044e-01  2.84035772e-01  2.92621970e-01
  6.69240430e-02  6.20287135e-02  5.61060943e-02  4.94674295e-02  4.25179675e-02
  3.54401991e-02  2.82940790e-02  2.11029872e-02  1.38787236e-02  6.62761461e-03
 -6.48115063e-04 -7.95130152e-03 -1.53892683e-02 -2.29589175e-02 -3.06171793e-02
 -3.82903479e-02 -4.58836481e-02 -5.32902740e-02 -6.03993163e-02 -6.71020895e-02
 -7.32967257e-02 -7.88910910e-02 -8.38043019e-02 -8.79670754e-02 -9.13213566e-02
 -9.38193947e-02 -9.54224914e-02 -9.60996822e-02 -9.58263576e-02 -9.45830271e-02
 -9.23542827e-02 -8.91280696e-02 -8.48949626e-02 -7.96479508e-02 -7.33828619e-02
 -6.61004260e-02 -5.78089394e-02 -4.85272892e-02 -3.82900573e-02 -2.71635409e-02
 -1.52327111e-02 -2.72684637e-03  9.87805985e-03  2.30856650e-02  3.67844552e-02
  5.09238727e-02  6.54505119e-02  8.03067982e-02  9.54305232e-02  1.10752299e-01
  1.26193300e-01  1.41663700e-01  1.57062232e-01  1.72276869e-01  1.87187269e-01
  2.01668605e-01  2.15596959e-01  2.28855267e-01  2.41338894e-01  2.52959937e-01
  2.63649583e-01  2.73358256e-01  2.82054335e-01  2.89721817e-01  2.96358109e-01
  6.23748302e-02  5.84491268e-02  5.13461605e-02  4.44341898e-02  3.79738659e-02
  3.16440910e-02  2.53878720e-02  1.91873536e-02  1.30340783e-02  6.92381896e-03
  8.55816994e-04 -5.16704330e-03 -1.12458570e-02 -1.73920970e-02 -2.35817991e-02
 -2.97628604e-02 -3.58625017e-02 -4.17944416e-02 -4.74654809e-02 -5.27810529e-02
 -5.76496348e-02 -6.19858615e-02 -6.57125190e-02 -6.87615275e-02 -7.10742921e-02
 -7.26014227e-02 -7.33020753e-02 -7.31428191e-02 -7.20964819e-02 -7.01409727e-02
 -6.72587976e-02 -6.34374842e-02 -5.86696304e-02 -5.29528484e-02 -4.62913141e-02
 -3.87056060e-02 -3.02425325e-02 -2.09768359e-02 -1.09893680e-02 -5.30791469e-04
  1.06131136e-02  2.23544184e-02  3.46073546e-02  4.73831743e-02  6.06596284e-02
  7.44044632e-02  8.85772556e-02  1.03129074e-01  1.18000880e-01  1.33120894e-01
  1.48401454e-01  1.63735926e-01  1.78996533e-01  1.94034070e-01  2.08680928e-01
  2.22758368e-01  2.36088231e-01  2.48507351e-01  2.59881705e-01  2.70117193e-01
  2.79165387e-01  2.87023306e-01  2.93727517e-01  2.99343884e-01  3.03954989e-01
  5.38481399e-02  4.91177924e-02  4.37695011e-02  3.81010994e-02  3.24724354e-02
  2.70073339e-02  2.17060409e-02  1.65421423e-02  1.14921993e-02  6.54208660e-03
  1.68747304e-03 -3.06633953e-03 -7.80104054e-03 -1.25391195e-02 -1.72699373e-02
 -2.19577644e-02 -2.65482143e-02 -3.09739448e-02 -3.51598002e-02 -3.90272923e-02
 -4.24983092e-02 -4.54979241e-02 -4.79563512e-02 -4.98102345e-02 -5.10035940e-02
 -5.14887907e-02 -5.12265749e-02 -5.01853265e-02 -4.83396202e-02 -4.56684977e-02
 -4.21550721e-02 -3.77940498e-02 -3.25930864e-02 -2.65686885e-02 -1.97272338e-02
 -1.21139120e-02 -3.85826477e-03  4.77274135e-03  1.41612990e-02  2.42143944e-02
  3.49062122e-02  4.62049954e-02  5.80816492e-02  7.05190301e-02  8.34997892e-02
  9.70031247e-02  1.11002438e-01  1.25462815e-01  1.40337542e-01  1.55563548e-01
  1.71055436e-01  1.86698243e-01  2.02339739e-01  2.17783943e-01  2.32789904e-01
  2.47081146e-01  2.60370135e-01  2.72394150e-01  2.82950491e-01  2.91920155e-01
  2.99278140e-01  3.05091739e-01  3.09506893e-01  3.12721223e-01  3.14947516e-01
  4.65442277e-02  4.24053334e-02  3.63093354e-02  3.06062251e-02  2.57209260e-02
  2.12553833e-02  1.70551371e-02  1.30382301e-02  9.16083157e-03  5.40272705e-03
  1.75873074e-03 -1.76727469e-03 -5.16794482e-03 -8.53365287e-03 -1.18500385e-02
 -1.50871929e-02 -1.82023738e-02 -2.11431980e-02 -2.38509309e-02 -2.62636058e-02
 -2.83187088e-02 -2.99551915e-02 -3.11146732e-02 -3.17418873e-02 -3.17854919e-02
 -3.12039275e-02 -2.99664885e-02 -2.80529726e-02 -2.54516751e-02 -2.21523233e-02
 -1.81236491e-02 -1.33789703e-02 -7.97648448e-03 -2.04543350e-03  4.54344088e-03
  1.18383737e-02  1.97741147e-02  2.83042975e-02  3.74525152e-02  4.72166389e-02
  5.75916059e-02  6.85712546e-02  8.01506564e-02  9.23275128e-02  1.05100773e-01
  1.18468858e-01  1.32427633e-01  1.46967605e-01  1.62070036e-01  1.77700952e-01
  1.93802372e-01  2.10279420e-01  2.26981565e-01  2.43677273e-01  2.60025054e-01
  2.75559783e-01  2.89736897e-01  3.02053005e-01  3.12157184e-01  3.19878072e-01
  3.25223327e-01  3.28377336e-01  3.29696864e-01  3.29664111e-01  3.28757316e-01
  3.37824672e-02  2.87161041e-02  2.42781546e-02  2.04845928e-02  1.72065012e-02
  1.42302709e-02  1.14179170e-02  8.70860275e-03  6.08406262e-03  3.54740908e-03
  1.11321907e-03 -1.19665416e-03 -3.35428189e-03 -5.43871336e-03 -7.43273832e-03
 -9.30935051e-03 -1.10337771e-02 -1.25654936e-02 -1.38603877e-02 -1.48729775e-02
 -1.55584961e-02 -1.58744324e-02 -1.57805178e-02 -1.52345551e-02 -1.41769322e-02
 -1.25762159e-02 -1.04196500e-02 -7.71437632e-03 -4.49753646e-03 -8.60923086e-04
  3.45516065e-03  8.39856733e-03  1.39314346e-02  2.00265851e-02  2.66900659e-02
  3.39278579e-02  4.17341590e-02  5.01046441e-02  5.90445437e-02  6.85611367e-02
  7.86634833e-02  8.93628299e-02  1.00673318e-01  1.12612553e-01  1.25201732e-01
  1.38465405e-01  1.52430892e-01  1.67127222e-01  1.82582825e-01  1.98821619e-01
  2.15855584e-01  2.33672082e-01  2.52210915e-01  2.71321505e-01  2.90670604e-01
  3.09527367e-01  3.26503605e-01  3.40237230e-01  3.50406110e-01  3.56738687e-01
  3.59323025e-01  3.58456999e-01  3.54663730e-01  3.49477351e-01  3.44126999e-01
  1.71880424e-02  1.08030057e-02  8.65362864e-03  8.18407163e-03  7.48989545e-03
  6.45227684e-03  5.20687550e-03  3.85736581e-03  2.47565773e-03  1.11659593e-03
 -1.73483044e-04 -1.35157735e-03 -2.37316755e-03 -3.29425698e-03 -4.08829702e-03
 -4.72768676e-03 -5.18287625e-03 -5.42276260e-03 -5.41589269e-03 -5.13234548e-03
 -4.54650912e-03 -3.64147662e-03 -2.41699396e-03 -9.05733847e-04  1.11201953e-03
  3.61347734e-03  6.58755424e-03  1.00249881e-02  1.39163202e-02  1.82586201e-02
  2.30810326e-02  2.83877663e-02  3.41749005e-02  4.04387973e-02  4.71812151e-02
  5.44070862e-02  6.21229038e-02  7.03381076e-02  7.90664628e-02  8.83257613e-02
  9.81378630e-02  1.08529024e-01  1.19530521e-01  1.31179556e-01  1.43520281e-01
  1.56605139e-01  1.70496508e-01  1.85268641e-01  2.01009825e-01  2.17824444e-01
  2.35834286e-01  2.55178124e-01  2.76008606e-01  2.98489153e-01  3.22829545e-01
  3.49742085e-01  3.80547702e-01  3.89308780e-01  4.03811455e-01  4.06666905e-01
  4.04180408e-01  4.03017908e-01  3.82668316e-01  3.68578315e-01  3.57777536e-01
  3.02475179e-03 -4.86087566e-03 -4.33147652e-03 -2.12145154e-03 -1.12359156e-03
 -7.81884009e-04 -8.05201067e-04 -1.03155628e-03 -1.35182973e-03 -1.68547197e-03
 -1.97059452e-03 -2.15931470e-03 -2.21653259e-03 -2.12325319e-03 -1.85794814e-03
 -1.39822403e-03 -7.21500779e-04  1.94438471e-04  1.37076457e-03  2.82677473e-03
  4.57906909e-03  6.64113089e-03  9.02433880e-03  1.17431562e-02  1.48318969e-02
  1.83014404e-02  2.21523661e-02  2.63805594e-02  3.09806410e-02  3.59491669e-02
  4.12869230e-02  4.69939373e-02  5.30702136e-02  5.95177561e-02  6.63421825e-02
  7.35532492e-02  8.11650157e-02  8.91961306e-02  9.76701155e-02  1.06615499e-01
  1.16065972e-01  1.26060829e-01  1.36645734e-01  1.47873983e-01  1.59808323e-01
  1.72523692e-01  1.86110869e-01  2.00681850e-01  2.16377228e-01  2.33376339e-01
  2.51911134e-01  2.72283524e-01  2.94884622e-01  3.20217073e-01  3.48989397e-01
  3.81655782e-01  4.03995931e-01  4.19394225e-01  4.31266487e-01  4.30136323e-01
  4.29351538e-01  4.13182378e-01  3.93892556e-01  3.77601326e-01  3.64478409e-01
 -5.95204532e-04 -7.43222237e-03 -9.44244303e-03 -8.81558098e-03 -7.74376793e-03
 -6.84980815e-03 -6.17876323e-03 -5.65478951e-03 -5.18981693e-03 -4.70711291e-03
 -4.14485764e-03 -3.45493411e-03 -2.60073366e-03 -1.55466131e-03 -2.94041703e-04
  1.20082847e-03  2.94754771e-03  4.96184919e-03  7.25747319e-03  9.84587148e-03
  1.27359377e-02  1.59339905e-02  1.94442011e-02  2.32695080e-02  2.74120625e-02
  3.18687335e-02  3.66314761e-02  4.16889712e-02  4.70286049e-02  5.26384152e-02
  5.85086234e-02  6.46323040e-02  7.10064173e-02  7.76329041e-02  8.45196992e-02
  9.16811153e-02  9.91380289e-02  1.06917642e-01  1.15053199e-01  1.23583630e-01
  1.32553339e-01  1.42012298e-01  1.52016625e-01  1.62629694e-01  1.73924237e-01
  1.85985282e-01  1.98914766e-01  2.12838218e-01  2.27914691e-01  2.44351953e-01
  2.62430489e-01  2.82543033e-01  3.05262357e-01  3.31441104e-01  3.61843377e-01
  3.90211225e-01  4.08688515e-01  4.24489915e-01  4.30107951e-01  4.31017607e-01
  4.23679829e-01  4.06426668e-01  3.89208406e-01  3.74614328e-01  3.62377882e-01
 -1.13252643e-02 -2.05015186e-02 -1.82182640e-02 -1.48854209e-02 -1.31701436e-02
 -1.19751720e-02 -1.09841498e-02 -1.00494688e-02 -9.07396525e-03 -7.98661355e-03
 -6.73514185e-03 -5.28139714e-03 -3.59743182e-03 -1.66223489e-03  5.40850859e-04
  3.02568777e-03  5.80402045e-03  8.88553262e-03  1.22775277e-02  1.59844700e-02
  2.00075135e-02  2.43441761e-02  2.89881546e-02  3.39292586e-02  3.91532481e-02
  4.46414277e-02  5.03710508e-02  5.63164763e-02  6.24508746e-02  6.87483624e-02
  7.51862302e-02  8.17471221e-02  8.84210244e-02  9.52068716e-02  1.02113515e-01
  1.09160006e-01  1.16375074e-01  1.23796105e-01  1.31467745e-01  1.39440492e-01
  1.47769541e-01  1.56513959e-01  1.65736526e-01  1.75504357e-01  1.85890093e-01
  1.96974203e-01  2.08848163e-01  2.21619129e-01  2.35416546e-01  2.50401765e-01
  2.66782582e-01  2.84836292e-01  3.04945767e-01  3.27612311e-01  3.52702081e-01
  3.74276340e-01  3.89029413e-01  4.01375145e-01  4.05282885e-01  4.05917943e-01
  3.98687214e-01  3.85810405e-01  3.73706132e-01  3.62863779e-01  3.53206664e-01
 -7.44912773e-03 -1.48314107e-02 -1.77106597e-02 -1.78433377e-02 -1.71953272e-02
 -1.64175406e-02 -1.55574931e-02 -1.45390527e-02 -1.32908942e-02 -1.17670344e-02
 -9.94219631e-03 -7.80361984e-03 -5.34451474e-03 -2.55994615e-03  5.55191597e-04
  4.00664052e-03  7.80022424e-03  1.19407484e-02  1.64307225e-02  2.12691389e-02
  2.64504608e-02  3.19638550e-02  3.77926379e-02  4.39139120e-02  5.02983294e-02
  5.69101311e-02  6.37076721e-02  7.06447586e-02  7.76728019e-02  8.47439766e-02
  9.18149278e-02  9.88508984e-02  1.05829470e-01  1.12743475e-01  1.19602479e-01
  1.26432687e-01  1.33275211e-01  1.40183210e-01  1.47218376e-01  1.54447496e-01
  1.61939457e-01  1.69763193e-01  1.77986488e-01  1.86675683e-01  1.95896000e-01
  2.05712453e-01  2.16190740e-01  2.27398187e-01  2.39403844e-01  2.52276868e-01
  2.66080648e-01  2.80857712e-01  2.96593875e-01  3.13138574e-01  3.29792291e-01
  3.44352126e-01  3.55898470e-01  3.64059955e-01  3.68484735e-01  3.69009495e-01
  3.65632594e-01  3.59865993e-01  3.53286147e-01  3.46496195e-01  3.39842677e-01
 -1.66371483e-02 -2.70800926e-02 -2.36595888e-02 -2.13254970e-02 -2.10672449e-02
 -2.10095607e-02 -2.06406005e-02 -1.97816454e-02 -1.83907282e-02 -1.64845865e-02
 -1.40995765e-02 -1.12723950e-02 -8.03142507e-03 -4.39403439e-03 -3.67378787e-04
  4.04886389e-03  8.85896571e-03  1.40675995e-02  1.96767505e-02  2.56833192e-02
  3.20774727e-02  3.88415903e-02  4.59496155e-02  5.33665121e-02  6.10476509e-02
  6.89382553e-02  7.69732147e-02  8.50779712e-02  9.31711048e-02  1.01169109e-01
  1.08993322e-01  1.16578005e-01  1.23878278e-01  1.30876169e-01  1.37583494e-01
  1.44040987e-01  1.50313854e-01  1.56484723e-01  1.62645549e-01  1.68890253e-01
  1.75308883e-01  1.81984037e-01  1.88989088e-01  1.96387842e-01  2.04234704e-01
  2.12575108e-01  2.21445322e-01  2.30871066e-01  2.40864277e-01  2.51416385e-01
  2.62486488e-01  2.73980439e-01  2.85717309e-01  2.97380805e-01  3.08482140e-01
  3.18425328e-01  3.26680064e-01  3.32879484e-01  3.36827248e-01  3.38509500e-01
  3.38132501e-01  3.36122572e-01  3.32989782e-01  3.29172730e-01  3.24994981e-01
 -3.08627822e-03 -1.15745813e-02 -1.76852718e-02 -2.20180377e-02 -2.51594111e-02
 -2.70425472e-02 -2.75658164e-02 -2.68717688e-02 -2.51856651e-02 -2.27056425e-02
 -1.95861105e-02 -1.59374028e-02 -1.18283443e-02 -7.29251187e-03 -2.33725202e-03
  3.04640341e-03  8.87454208e-03  1.51628340e-02  2.19209678e-02  2.91490536e-02
  3.68358418e-02  4.49583977e-02  5.34824990e-02  6.23626672e-02  7.15410560e-02
  8.09448734e-02  9.04830545e-02  1.00043893e-01  1.09495930e-01  1.18694700e-01
  1.27495974e-01  1.35773867e-01  1.43439353e-01  1.50454208e-01  1.56837612e-01
  1.62663594e-01  1.68049619e-01  1.73139155e-01  1.78082481e-01  1.83021113e-01
  1.88078165e-01  1.93354562e-01  1.98929176e-01  2.04860851e-01  2.11190775e-01
  2.17944190e-01  2.25131050e-01  2.32745171e-01  2.40761414e-01  2.49130905e-01
  2.57773608e-01  2.66569078e-01  2.75346577e-01  2.83880532e-01  2.91898906e-01
  2.99111784e-01  3.05253804e-01  3.10122579e-01  3.13604295e-01  3.15686494e-01
  3.16458136e-01  3.16091955e-01  3.14808041e-01  3.12833160e-01  3.10371518e-01
  1.90622371e-03 -7.64327077e-03 -1.69726480e-02 -2.60523055e-02 -3.42262797e-02
 -3.85058001e-02 -3.87984030e-02 -3.72912325e-02 -3.45353782e-02 -3.08785979e-02
 -2.65961401e-02 -2.18593366e-02 -1.67494528e-02 -1.12786442e-02 -5.41514484e-03
  8.93219723e-04  7.70144630e-03  1.50554795e-02  2.29846127e-02  3.14972512e-02
  4.05800939e-02  5.02013154e-02  6.03163689e-02  7.08724707e-02  8.18079710e-02
  9.30452794e-02  1.04478315e-01  1.15957513e-01  1.27278760e-01  1.38186485e-01
  1.48400828e-01  1.57665387e-01  1.65795729e-01  1.72712162e-01  1.78453684e-01
  1.83173612e-01  1.87112823e-01  1.90551311e-01  1.93756238e-01  1.96948469e-01
  2.00293005e-01  2.03904241e-01  2.07856178e-01  2.12192222e-01  2.16932565e-01
  2.22078875e-01  2.27616876e-01  2.33516842e-01  2.39732757e-01  2.46200264e-01
  2.52834141e-01  2.59525925e-01  2.66143262e-01  2.72532821e-01  2.78528154e-01
  2.83963084e-01  2.88688391e-01  2.92587817e-01  2.95590669e-01  2.97677964e-01
  2.98881769e-01  2.99277306e-01  2.98969597e-01  2.98077911e-01  2.96721995e-01
  5.17720636e-03 -5.76209323e-03 -1.78079698e-02 -3.15632187e-02 -4.72523235e-02
 -5.50747737e-02 -5.53885475e-02 -5.20318933e-02 -4.66077439e-02 -4.07632701e-02
 -3.47017273e-02 -2.85961479e-02 -2.24626586e-02 -1.61838308e-02 -9.59777087e-03
 -2.54871929e-03  5.09635219e-03  1.34378793e-02  2.25381404e-02  3.24170589e-02
  4.30451185e-02  5.43533489e-02  6.62647411e-02  7.87198767e-02  9.16797593e-02
  1.05109163e-01  1.18945628e-01  1.33053258e-01  1.47159249e-01  1.60797104e-01
  1.73345357e-01  1.84220463e-01  1.93038240e-01  1.99636951e-01  2.04090267e-01
  2.06723303e-01  2.08106786e-01  2.08882123e-01  2.09551141e-01  2.10426450e-01
  2.11678490e-01  2.13389665e-01  2.15590864e-01  2.18282729e-01  2.21447244e-01
  2.25053713e-01  2.29061276e-01  2.33419746e-01  2.38069266e-01  2.42939591e-01
  2.47949421e-01  2.53006369e-01  2.58008122e-01  2.62845397e-01  2.67406940e-01
  2.71586210e-01  2.75288939e-01  2.78440595e-01  2.80991852e-01  2.82921761e-01
  2.84237355e-01  2.84970671e-01  2.85172880e-01  2.84907699e-01  2.84244448e-01
  9.76901781e-03 -1.52717018e-03 -1.43823503e-02 -2.95889899e-02 -4.84620258e-02
 -6.07318878e-02 -6.79835901e-02 -6.58333078e-02 -6.01185858e-02 -5.08657545e-02
 -4.21189629e-02 -3.47453579e-02 -2.81575080e-02 -2.16983911e-02 -1.49276294e-02
 -7.59675819e-03  5.61477849e-04  9.71490610e-03  1.99370664e-02  3.13401222e-02
  4.38518524e-02  5.71879521e-02  7.11286217e-02  8.56145993e-02  1.00699611e-01
  1.16496988e-01  1.33140579e-01  1.50738165e-01  1.69257388e-01  1.88123032e-01
  2.05287367e-01  2.18873516e-01  2.28937700e-01  2.34735653e-01  2.36806914e-01
  2.34874055e-01  2.31014729e-01  2.27331877e-01  2.24459738e-01  2.22508684e-01
  2.21445531e-01  2.21197158e-01  2.21682578e-01  2.22822890e-01  2.24543467e-01
  2.26773158e-01  2.29442686e-01  2.32482821e-01  2.35822856e-01  2.39389360e-01
  2.43105561e-01  2.46891350e-01  2.50664204e-01  2.54340976e-01  2.57840782e-01
  2.61088192e-01  2.64017165e-01  2.66574383e-01  2.68721879e-01  2.70438612e-01
  2.71720290e-01  2.72578090e-01  2.73036003e-01  2.73127615e-01  2.72892535e-01
  1.68340132e-02  6.57741446e-03 -4.78716334e-03 -1.74424537e-02 -3.11612152e-02
 -4.50812913e-02 -6.17296547e-02 -6.36503622e-02 -6.43796921e-02 -5.30457795e-02
 -4.36670780e-02 -3.74287665e-02 -3.33191343e-02 -2.82236356e-02 -2.13934779e-02
 -1.52541930e-02 -7.11237732e-03  3.26841557e-03  1.35063408e-02  2.67523080e-02
  4.28776033e-02  5.90543821e-02  7.51434937e-02  9.14154202e-02  1.08202286e-01
  1.25875965e-01  1.44879445e-01  1.65791824e-01  1.89465284e-01  2.17519745e-01
  2.48156831e-01  2.58061230e-01  2.78022707e-01  2.74371296e-01  2.81923175e-01
  2.64475226e-01  2.51348585e-01  2.42283404e-01  2.35851184e-01  2.31336117e-01
  2.28292391e-01  2.26419315e-01  2.25502923e-01  2.25383133e-01  2.25933775e-01
  2.27050304e-01  2.28641793e-01  2.30625927e-01  2.32925594e-01  2.35466734e-01
  2.38177121e-01  2.40985855e-01  2.43823692e-01  2.46623755e-01  2.49322981e-01
  2.51863778e-01  2.54195780e-01  2.56277531e-01  2.58077800e-01  2.59576201e-01
  2.60763139e-01  2.61639297e-01  2.62214154e-01  2.62504399e-01  2.62531996e-01
  2.58863438e-02  1.74488164e-02  8.39557499e-03 -1.25778385e-03 -1.13586010e-02
 -2.16133166e-02 -3.13719027e-02 -4.02589999e-02 -5.28591610e-02 -3.95879112e-02
 -3.38885039e-02 -3.13407481e-02 -3.26410234e-02 -3.01774219e-02 -2.17393711e-02
 -1.89590082e-02 -1.13260420e-02  1.53985270e-03  8.87059327e-03  2.36403588e-02
  4.43410911e-02  6.24962896e-02  7.96043947e-02  9.64895710e-02  1.13729283e-01
  1.31834641e-01  1.51363865e-01  1.73031121e-01  1.97845280e-01  2.27185488e-01
  2.56180376e-01  2.69844502e-01  2.86067724e-01  2.86086172e-01  2.88868129e-01
  2.73659140e-01  2.58818537e-01  2.48175889e-01  2.40503058e-01  2.34953523e-01
  2.30988994e-01  2.28259340e-01  2.26524785e-01  2.25610197e-01  2.25379556e-01
  2.25721478e-01  2.26540968e-01  2.27754235e-01  2.29285315e-01  2.31063962e-01
  2.33024225e-01  2.35103711e-01  2.37243444e-01  2.39388064e-01  2.41486385e-01
  2.43492171e-01  2.45365024e-01  2.47071072e-01  2.48583615e-01  2.49883443e-01
  2.50958771e-01  2.51804858e-01  2.52423346e-01  2.52821267e-01  2.53009945e-01
  2.94987679e+00  2.93728876e+00  2.86835623e+00  2.79221320e+00  2.69894099e+00
  2.60707903e+00  2.52605295e+00  2.45149350e+00  2.38775921e+00  2.33132672e+00
  2.28340578e+00  2.24255061e+00  2.20736456e+00  2.17776370e+00  2.15324616e+00
  2.13257694e+00  2.11581421e+00  2.10214663e+00  2.09162903e+00  2.08375907e+00
  2.07787895e+00  2.07437944e+00  2.07276344e+00  2.07280469e+00  2.07433343e+00
  2.07737160e+00  2.08178282e+00  2.08728552e+00  2.09406972e+00  2.10191464e+00
  2.11078286e+00  2.12080359e+00  2.13172007e+00  2.14376068e+00  2.15686154e+00
  2.17109537e+00  2.18647647e+00  2.20314813e+00  2.22109127e+00  2.24052858e+00
  2.26155663e+00  2.28428364e+00  2.30896282e+00  2.33567047e+00  2.36475062e+00
  2.39650893e+00  2.43110228e+00  2.46903539e+00  2.51064754e+00  2.55623341e+00
  2.60676193e+00  2.66227102e+00  2.72383642e+00  2.79241347e+00  2.86891341e+00
  2.95537162e+00  3.05303359e+00  3.16526413e+00  3.29627275e+00  3.45073485e+00
  3.63939285e+00  3.87305999e+00  4.18982601e+00  4.69038105e+00  7.98021698e+00
   89   89
  1.04278183e+00  0.00000000e+00  1.04398310e+00  1.00000001e-01  1.04821026e+00
  2.00000003e-01  1.05250001e+00  2.66888380e-01  1.05910170e+00  3.49999994e-01
  1.06901598e+00  4.49999988e-01  1.07906246e+00  5.43475747e-01  1.08536637e+00
  6.00000024e-01  1.09743583e+00  6.99999988e-01  1.10562503e+00  7.61338592e-01
  1.11917531e+00  8.50000024e-01  1.13218749e+00  9.32704568e-01  1.14474440e+00
  1.00000000e+00  1.16219187e+00  1.09819436e+00  1.21187496e+00  1.09195900e+00
  1.26499999e+00  1.08324361e+00  1.31812501e+00  1.07357025e+00  1.37125003e+00
  1.06276560e+00  1.42437506e+00  1.05087554e+00  1.45093751e+00  1.04542565e+00
  1.50406253e+00  1.03199434e+00  1.55718756e+00  1.01549590e+00  1.60041010e+00
  1.00000000e+00  1.63687503e+00  9.86857951e-01  1.69000006e+00  9.63145614e-01
  1.71656251e+00  9.49650943e-01  1.76968753e+00  9.20660436e-01  1.80130219e+00
  8.99999976e-01  1.84937501e+00  8.67440343e-01  1.87593746e+00  8.46835017e-01
  1.92906249e+00  8.01017106e-01  1.95562506e+00  7.76960790e-01  1.98237789e+00
  7.50000000e-01  2.02821326e+00  6.99999988e-01  2.06187510e+00  6.58354521e-01
  2.08843756e+00  6.22601569e-01  2.11500001e+00  5.82977533e-01  2.14156246e+00
  5.38444996e-01  2.16812491e+00  4.87697363e-01  2.19468760e+00  4.29414660e-01
  2.22125006e+00  3.62763256e-01  2.24418044e+00  3.00000012e-01  2.26023722e+00
  2.50000000e-01  2.27442002e+00  2.00000003e-01  2.29510975e+00  1.00000001e-01
  2.30093741e+00  2.37430520e-02  2.30093741e+00 -1.18019646e-02  2.29272366e+00
 -1.00000001e-01  2.27437496e+00 -1.81976408e-01  2.25432181e+00 -2.50000000e-01
  2.23732305e+00 -3.00000012e-01  2.21836901e+00 -3.49999994e-01  2.19468760e+00
 -4.05270666e-01  2.16812491e+00 -4.62291330e-01  2.14156246e+00 -5.12557447e-01
  2.11500001e+00 -5.56848884e-01  2.08615375e+00 -6.00000024e-01  2.04667664e+00
 -6.49999976e-01  2.00874996e+00 -6.92225695e-01  1.98218751e+00 -7.18480587e-01
  1.94627607e+00 -7.50000000e-01  1.90250003e+00 -7.84826398e-01  1.87593746e+00
 -8.02753150e-01  1.82281256e+00 -8.36397469e-01  1.79595208e+00 -8.50000024e-01
  1.74312496e+00 -8.75888705e-01  1.69000006e+00 -8.95541131e-01  1.66343749e+00
 -9.03351247e-01  1.61031246e+00 -9.17447865e-01  1.55718756e+00 -9.27056730e-01
  1.50406253e+00 -9.31900382e-01  1.45093751e+00 -9.31404352e-01  1.39781249e+00
 -9.24125671e-01  1.34468746e+00 -9.07175124e-01  1.31812501e+00 -8.94512832e-01
  1.26499999e+00 -8.54245186e-01  1.23843753e+00 -8.25530529e-01  1.21187496e+00
 -7.87226856e-01  1.18531251e+00 -7.37863898e-01  1.15875006e+00 -6.74483538e-01
  1.13413286e+00 -6.00000024e-01  1.12009203e+00 -5.50000012e-01  1.10562503e+00
 -4.92195845e-01  1.08547497e+00 -4.00000006e-01  1.07601547e+00 -3.49999994e-01
  1.06016088e+00 -2.50000000e-01  1.05250001e+00 -1.81948394e-01  1.04596484e+00
 -1.00000001e-01  1.04278183e+00  0.00000000e+00
  1.01600003e+00  0.00000000e+00  1.01600003e+00  9.63999987e-01  1.01800001e+00
  9.67999995e-01  1.01800001e+00  1.00100005e+00  1.01800001e+00  1.01900005e+00
  1.01800001e+00  1.07700002e+00  1.01800001e+00  1.07000005e+00  1.01800001e+00
  1.09599996e+00  1.01800001e+00  1.11300004e+00  1.01800001e+00  1.13800001e+00
  1.01600003e+00  1.14699996e+00  1.01199996e+00  1.16499996e+00  1.00100005e+00
  1.21700001e+00  1.02900004e+00  1.21700001e+00  1.04200006e+00  1.16240001e+00
  1.04600000e+00  1.16237998e+00  1.05599999e+00  1.16260004e+00  1.09700000e+00
  1.16450000e+00  1.10800004e+00  1.16594005e+00  1.11600006e+00  1.16591001e+00
  1.13399994e+00  1.16895998e+00  1.14800000e+00  1.17174995e+00  1.16199994e+00
  1.17556000e+00  1.18099999e+00  1.18299997e+00  1.18200004e+00  1.18350005e+00
  1.18499994e+00  1.18499994e+00  1.19000006e+00  1.18799996e+00  1.19500005e+00
  1.19099998e+00  1.20099998e+00  1.19599998e+00  1.20899999e+00  1.20200002e+00
  1.21500003e+00  1.20799994e+00  1.22200000e+00  1.21399999e+00  1.22800004e+00
  1.22099996e+00  1.23399997e+00  1.23099995e+00  1.23899996e+00  1.23800004e+00
  1.24199998e+00  1.24399996e+00  1.24800003e+00  1.25399995e+00  1.25800002e+00
  1.27800000e+00  1.26300001e+00  1.28999996e+00  1.27999997e+00  1.33099997e+00
  1.27999997e+00  1.34700000e+00  1.27999997e+00  1.34800005e+00  1.30999994e+00
  1.34800005e+00  1.32799995e+00  1.34800005e+00  1.36099994e+00  1.34800005e+00
  1.38000000e+00  1.34800005e+00  1.41900003e+00  1.34800005e+00  1.41900003e+00
  1.30999994e+00  1.37199998e+00  1.30999994e+00  1.37199998e+00  1.29200006e+00
  1.60800004e+00  1.09500003e+00  1.64699996e+00  1.07700002e+00  1.78499997e+00
  1.07700002e+00  2.06999993e+00  1.03999996e+00  2.12800002e+00  9.92999971e-01
  2.24499989e+00  7.08999991e-01  2.32299995e+00  5.18999994e-01  2.37700009e+00
  3.88999999e-01  2.35200000e+00  4.00000006e-01  2.35100007e+00  3.37000012e-01
  2.35100007e+00  2.04999998e-01  2.35400009e+00  6.80000037e-02  2.35400009e+00
  0.00000000e+00  2.35400009e+00 -6.80000037e-02  2.35299993e+00 -2.04999998e-01
  2.35100007e+00 -3.37000012e-01  2.35299993e+00 -4.00000006e-01  2.37700009e+00
 -3.88999999e-01  2.13400006e+00 -9.72999990e-01  1.78600001e+00 -1.17400002e+00
  1.76800001e+00 -1.21099997e+00  1.76800001e+00 -1.25399995e+00  1.68200004e+00
 -1.25399995e+00  1.67400002e+00 -1.26199996e+00  1.67400002e+00 -1.32900000e+00
  1.68099999e+00 -1.33899999e+00  1.75399995e+00 -1.33899999e+00  1.75399995e+00
 -1.36800003e+00  1.68900001e+00 -1.36800003e+00  1.68900001e+00 -1.36600006e+00
  1.55499995e+00 -1.36600006e+00  1.41199994e+00 -1.36600006e+00  1.27300000e+00
 -1.36600006e+00  1.15300000e+00 -1.36600006e+00  1.01600003e+00 -1.22899997e+00
  1.01600003e+00 -8.00000012e-01  1.01600003e+00 -4.14999992e-01  1.01600003e+00
 -4.00000006e-01  1.01600003e+00  0.00000000e+00
    0 0.000000000e+00    0
  0.00000000e+00  1.34777099e-01  1.89918458e-01  2.29814038e-01  2.63961285e-01
  2.93086946e-01  3.18999290e-01  3.42057943e-01  3.63208473e-01  3.82668167e-01
  4.00793552e-01  4.17862087e-01  4.33945775e-01  4.49263990e-01  4.63881463e-01
  4.77969199e-01  4.91451293e-01  5.04523277e-01  5.17212152e-01  5.29513419e-01
  5.41524053e-01  5.53230345e-01  5.64681709e-01  5.75900733e-01  5.86943388e-01
  5.97740829e-01  6.08386576e-01  6.18901432e-01  6.29232287e-01  6.39451504e-01
  6.49543464e-01  6.59526587e-01  6.69418454e-01  6.79198563e-01  6.88912451e-01
  6.98556304e-01  7.08118856e-01  7.17631876e-01  7.27092445e-01  7.36511290e-01
  7.45892525e-01  7.55246282e-01  7.64596939e-01  7.73922265e-01  7.83247352e-01
  7.92594969e-01  8.01944375e-01  8.11342776e-01  8.20787489e-01  8.30258846e-01
  8.39836955e-01  8.49466562e-01  8.59215617e-01  8.69105160e-01  8.79122436e-01
  8.89327526e-01  8.99706364e-01  9.10329819e-01  9.21270013e-01  9.32516158e-01
  9.44237888e-01  9.56393898e-01  9.69346046e-01  9.83310819e-01  1.00000000e+00
    0
