   EFIT?   05/12/98      #102940   571             3  65  65
  1.70000005e+00  3.20000005e+00  1.69550002e+00  8.39999974e-01  0.00000000e+00
  1.78585184e+00 -1.81680522e-03 -2.89694637e-01 -1.43358111e-01 -2.00629997e+00
  8.97317562e+05 -2.89694637e-01  0.00000000e+00  1.78585184e+00  0.00000000e+00
 -1.81680522e-03  0.00000000e+00 -1.43358111e-01  0.00000000e+00  0.00000000e+00
 -3.41490746e+00 -3.41778612e+00 -3.42025924e+00 -3.42235899e+00 -3.42411423e+00
 -3.42555165e+00 -3.42669606e+00 -3.42757058e+00 -3.42819595e+00 -3.42859244e+00
 -3.42877817e+00 -3.42877126e+00 -3.42858791e+00 -3.42824411e+00 -3.42775512e+00
 -3.42713618e+00 -3.42640162e+00 -3.42556572e+00 -3.42464280e+00 -3.42364764e+00
 -3.42259479e+00 -3.42149806e+00 -3.42037082e+00 -3.41922498e+00 -3.41807127e+00
 -3.41691923e+00 -3.41577768e+00 -3.41465425e+00 -3.41355634e+00 -3.41248989e+00
 -3.41146040e+00 -3.41047311e+00 -3.40953183e+00 -3.40864062e+00 -3.40780234e+00
 -3.40701985e+00 -3.40629482e+00 -3.40562940e+00 -3.40502429e+00 -3.40448022e+00
 -3.40399742e+00 -3.40357566e+00 -3.40321422e+00 -3.40291190e+00 -3.40266705e+00
 -3.40247750e+00 -3.40234041e+00 -3.40225244e+00 -3.40221024e+00 -3.40220928e+00
 -3.40224409e+00 -3.40230942e+00 -3.40239882e+00 -3.40250468e+00 -3.40261936e+00
 -3.40273333e+00 -3.40283728e+00 -3.40291953e+00 -3.40296793e+00 -3.40296888e+00
 -3.40290761e+00 -3.40276742e+00 -3.40253019e+00 -3.40217566e+00 -3.40168166e+00
  2.80715703e+04  2.49520762e+04  2.21757695e+04  1.97168574e+04  1.75508340e+04
  1.56544102e+04  1.40054766e+04  1.25830459e+04  1.13672129e+04  1.03391055e+04
  9.48084961e+03  8.77552148e+03  8.20711719e+03  7.76051660e+03  7.42144678e+03
  7.17645361e+03  7.01287207e+03  6.91879639e+03  6.88305518e+03  6.89518848e+03
  6.94542139e+03  7.02464551e+03  7.12439746e+03  7.23683984e+03  7.35474609e+03
  7.47148242e+03  7.58099414e+03  7.67779297e+03  7.75694336e+03  7.81405273e+03
  7.84526270e+03  7.84723877e+03  7.81716357e+03  7.75273193e+03  7.65214404e+03
  7.51410205e+03  7.33780762e+03  7.12296094e+03  6.86975781e+03  6.57889160e+03
  6.25155518e+03  5.88944238e+03  5.49475244e+03  5.07019434e+03  4.61899316e+03
  4.14489795e+03  3.65218701e+03  3.14568164e+03  2.63075293e+03  2.11333569e+03
  1.59994067e+03  1.09766943e+03  6.14229126e+02  1.57950348e+02 -2.62195282e+02
 -6.36575012e+02 -9.54873840e+02 -1.20607190e+03 -1.37842041e+03 -1.45941528e+03
 -1.43577051e+03 -1.29338818e+03 -1.01732782e+03 -5.91773804e+02  0.00000000e+00
  4.61451530e+00  3.98766494e+00  3.40895152e+00  2.87454724e+00  2.38101387e+00
  1.92527282e+00  1.50457788e+00  1.11649120e+00  7.58861423e-01  4.29805428e-01
  1.27691105e-01 -1.48876473e-01 -4.01067615e-01 -6.29838288e-01 -8.35938275e-01
 -1.01991820e+00 -1.18213403e+00 -1.32275021e+00 -1.44174123e+00 -1.53889167e+00
 -1.61402786e+00 -1.66851568e+00 -1.70431590e+00 -1.72322857e+00 -1.72690499e+00
 -1.71686268e+00 -1.69449854e+00 -1.66110075e+00 -1.61786079e+00 -1.56588352e+00
 -1.50619686e+00 -1.43976092e+00 -1.36747634e+00 -1.29019272e+00 -1.20871520e+00
 -1.12381244e+00 -1.03622270e+00 -9.46660638e-01 -8.55823755e-01 -7.64398098e-01
 -6.73064649e-01 -5.82505286e-01 -4.93408591e-01 -4.06475961e-01 -3.22427928e-01
 -2.42010340e-01 -1.66001052e-01 -9.52165872e-02 -3.05194929e-02  2.71741599e-02
  7.68867061e-02  1.17570274e-01  1.48097590e-01  1.67252049e-01  1.73716992e-01
  1.66064173e-01  1.42741174e-01  1.02057748e-01  4.21709418e-02 -3.89310904e-02
 -1.43446788e-01 -2.73780555e-01 -4.32563812e-01 -6.22678280e-01 -8.47281277e-01
 -1.44224212e+06 -1.28636762e+06 -1.14205800e+06 -1.00874175e+06 -8.85871500e+05
 -7.72922938e+05 -6.69393438e+05 -5.74801062e+05 -4.88683594e+05 -4.10597375e+05
 -3.40116438e+05 -2.76831500e+05 -2.20349125e+05 -1.70290828e+05 -1.26292188e+05
 -8.80021562e+04 -5.50822070e+04 -2.72056191e+04 -4.05675830e+03  1.46696250e+04
  2.92690566e+04  4.00279961e+04  4.72244609e+04  5.11286406e+04  5.20034844e+04
  5.01052930e+04  4.56842695e+04  3.89850625e+04  3.02473340e+04  1.97062461e+04
  7.59301172e+03 -5.86462012e+03 -2.04418496e+04 -3.59163398e+04 -5.20677266e+04
 -6.86771328e+04 -8.55266797e+04 -1.02399031e+05 -1.19076891e+05 -1.35342547e+05
 -1.50977359e+05 -1.65761312e+05 -1.79472531e+05 -1.91886781e+05 -2.02776969e+05
 -2.11912641e+05 -2.19059500e+05 -2.23978906e+05 -2.26427266e+05 -2.26155609e+05
 -2.22908969e+05 -2.16425812e+05 -2.06437531e+05 -1.92667797e+05 -1.74831984e+05
 -1.52636516e+05 -1.25778242e+05 -9.39437656e+04 -5.68087500e+04 -1.40372109e+04
  3.47192227e+04  8.98220781e+04  1.51646812e+05  2.20583688e+05  2.97038562e+05
 -1.11908518e-01 -1.17146224e-01 -1.22703791e-01 -1.28508568e-01 -1.34440914e-01
 -1.40315399e-01 -1.45699292e-01 -1.50439441e-01 -1.56154573e-01 -1.46363020e-01
 -1.40770003e-01 -1.36709347e-01 -1.34188667e-01 -1.30919635e-01 -1.25849903e-01
 -1.22637540e-01 -1.18177794e-01 -1.11988612e-01 -1.07492402e-01 -1.00870222e-01
 -9.22034755e-02 -8.42515379e-02 -7.65205398e-02 -6.87252358e-02 -6.06520884e-02
 -5.20981327e-02 -4.28282805e-02 -3.25289406e-02 -2.07429510e-02 -6.92641316e-03
  6.07086206e-03  1.33175142e-02  2.01764815e-02  2.11775620e-02  2.17975285e-02
  1.57607347e-02  9.22311004e-03  4.68199980e-03  1.63063244e-03 -3.37833131e-04
 -1.49321125e-03 -2.02153833e-03 -2.05609621e-03 -1.69532374e-03 -1.01411156e-03
 -7.13808768e-05  1.08474412e-03  2.41342513e-03  3.87875480e-03  5.44820772e-03
  7.09165912e-03  8.78082309e-03  1.04889963e-02  1.21910404e-02  1.38635412e-02
  1.54850734e-02  1.70365442e-02  1.85015295e-02  1.98665764e-02  2.11214144e-02
  2.22590435e-02  2.32756995e-02  2.41706576e-02  2.49459371e-02  2.56058928e-02
 -1.16508551e-01 -1.22708693e-01 -1.29662871e-01 -1.37456298e-01 -1.45883247e-01
 -1.54376492e-01 -1.64744347e-01 -1.64352253e-01 -1.63357228e-01 -1.54329449e-01
 -1.46707192e-01 -1.40912384e-01 -1.36341840e-01 -1.31897196e-01 -1.27182320e-01
 -1.22829460e-01 -1.18016727e-01 -1.12572752e-01 -1.07169732e-01 -1.00881152e-01
 -9.36570913e-02 -8.63219574e-02 -7.89030716e-02 -7.12861195e-02 -6.33274540e-02
 -5.48569188e-02 -4.56592813e-02 -3.54386680e-02 -2.37552002e-02 -1.00157131e-02
  3.16295796e-03  1.01443604e-02  1.73927303e-02  1.82292871e-02  1.93871222e-02
  1.33242412e-02  7.06587033e-03  2.79480405e-03 -3.38631398e-05 -1.80739700e-03
 -2.77750287e-03 -3.11688799e-03 -2.94993515e-03 -2.36999779e-03 -1.44984375e-03
 -2.48355384e-04  1.18496921e-03  2.80691264e-03  4.57838550e-03  6.46296609e-03
  8.42596684e-03  1.04339337e-02  1.24545041e-02  1.44565571e-02  1.64106209e-02
  1.82894375e-02  2.00686324e-02  2.17273869e-02  2.32490115e-02  2.46213805e-02
  2.58371010e-02  2.68934648e-02  2.77921166e-02  2.85385083e-02  2.91412007e-02
 -1.19527712e-01 -1.26312509e-01 -1.34231970e-01 -1.43817678e-01 -1.55926481e-01
 -1.62868395e-01 -1.66956440e-01 -1.64383098e-01 -1.59675241e-01 -1.52595147e-01
 -1.45960182e-01 -1.40262887e-01 -1.35209352e-01 -1.30496249e-01 -1.25905931e-01
 -1.21297210e-01 -1.16538033e-01 -1.11533999e-01 -1.06226407e-01 -1.00550622e-01
 -9.44980159e-02 -8.81255195e-02 -8.14726204e-02 -7.45289475e-02 -6.72457963e-02
 -5.95502853e-02 -5.13550676e-02 -4.25707027e-02 -3.31432670e-02 -2.32519750e-02
 -1.42100127e-02 -7.36161182e-03 -2.14500981e-03  6.01012551e-04  1.62635103e-03
  1.82487071e-04 -2.14956119e-03 -4.06922959e-03 -5.37514593e-03 -6.08647102e-03
 -6.26229867e-03 -5.96664101e-03 -5.25931315e-03 -4.19394858e-03 -2.81839818e-03
 -1.17591268e-03  6.93513488e-04  2.75187753e-03  4.96209180e-03  7.28715677e-03
  9.68962815e-03  1.21314172e-02  1.45739596e-02  1.69787537e-02  1.93082504e-02
  2.15270221e-02  2.36030817e-02  2.55092159e-02  2.72241458e-02  2.87333615e-02
  3.00295278e-02  3.11123654e-02  3.19880471e-02  3.26681919e-02  3.31685580e-02
 -1.20460644e-01 -1.26927286e-01 -1.34298846e-01 -1.42973453e-01 -1.52953833e-01
 -1.57179743e-01 -1.56860471e-01 -1.54041812e-01 -1.49981067e-01 -1.45670280e-01
 -1.41260624e-01 -1.36900023e-01 -1.32641003e-01 -1.28453463e-01 -1.24273017e-01
 -1.20029233e-01 -1.15656599e-01 -1.11099891e-01 -1.06316738e-01 -1.01279020e-01
 -9.59748179e-02 -9.04053077e-02 -8.45752805e-02 -7.84853995e-02 -7.21318275e-02
 -6.55129179e-02 -5.86427934e-02 -5.15746288e-02 -4.44383509e-02 -3.74842882e-02
 -3.10707521e-02 -2.55308691e-02 -2.10690033e-02 -1.77698601e-02 -1.55915488e-02
 -1.43557955e-02 -1.37277776e-02 -1.33334082e-02 -1.29021890e-02 -1.22830793e-02
 -1.14043662e-02 -1.02390805e-02 -8.78445525e-03 -7.05084484e-03 -5.05598495e-03
 -2.82218237e-03 -3.75126750e-04  2.25640950e-03  5.04041277e-03  7.94130005e-03
  1.09196482e-02  1.39321880e-02  1.69322435e-02  1.98707525e-02  2.26979125e-02
  2.53653806e-02  2.78288275e-02  3.00505627e-02  3.20018604e-02  3.36646587e-02
  3.50323692e-02  3.61096710e-02  3.69112901e-02  3.74599770e-02  3.77839953e-02
 -1.19837992e-01 -1.25280142e-01 -1.30871251e-01 -1.36539146e-01 -1.41699195e-01
 -1.44223616e-01 -1.44236654e-01 -1.43110111e-01 -1.41180143e-01 -1.38683334e-01
 -1.35815114e-01 -1.32709116e-01 -1.29444376e-01 -1.26055971e-01 -1.22548491e-01
 -1.18908778e-01 -1.15115747e-01 -1.11147009e-01 -1.06983170e-01 -1.02610365e-01
 -9.80213210e-02 -9.32151154e-02 -8.81960914e-02 -8.29733834e-02 -7.75624141e-02
 -7.19891191e-02 -6.62967712e-02 -6.05545565e-02 -5.48647717e-02 -4.93623279e-02
 -4.41993400e-02 -3.95162106e-02 -3.54128890e-02 -3.19309793e-02 -2.90464051e-02
 -2.66714506e-02 -2.46696230e-02 -2.28847302e-02 -2.11722665e-02 -1.94178708e-02
 -1.75406206e-02 -1.54880937e-02 -1.32294456e-02 -1.07494583e-02 -8.04426335e-03
 -5.11864107e-03 -1.98458135e-03  1.33921998e-03  4.82719066e-03  8.44628923e-03
  1.21552767e-02  1.59042366e-02  1.96347684e-02  2.32813060e-02  2.67738011e-02
  3.00417002e-02  3.30188423e-02  3.56486998e-02  3.78891453e-02  3.97160091e-02
  4.11247276e-02  4.21298891e-02  4.27627265e-02  4.30668481e-02  4.30929661e-02
 -1.19197741e-01 -1.23745069e-01 -1.27486870e-01 -1.30528957e-01 -1.32930756e-01
 -1.34499326e-01 -1.35137841e-01 -1.34944648e-01 -1.34078175e-01 -1.32682711e-01
 -1.30876824e-01 -1.28752172e-01 -1.26374096e-01 -1.23784482e-01 -1.21006407e-01
 -1.18049346e-01 -1.14914209e-01 -1.11597538e-01 -1.08094841e-01 -1.04402848e-01
 -1.00521140e-01 -9.64531004e-02 -9.22066644e-02 -8.77951831e-02 -8.32388476e-02
 -7.85665810e-02 -7.38183334e-02 -6.90467134e-02 -6.43167868e-02 -5.97025715e-02
 -5.52794784e-02 -5.11138737e-02 -4.72524166e-02 -4.37140614e-02 -4.04864252e-02
 -3.75273302e-02 -3.47713754e-02 -3.21401991e-02 -2.95534395e-02 -2.69374643e-02
 -2.42302753e-02 -2.13830117e-02 -1.83593109e-02 -1.51337842e-02 -1.16904434e-02
 -8.02155118e-03 -4.12709778e-03 -1.50254964e-05  4.29774169e-03  8.78347363e-03
  1.34011544e-02  1.80938337e-02  2.27868240e-02  2.73882579e-02  3.17931511e-02
  3.58907357e-02  3.95738184e-02  4.27494459e-02  4.53494452e-02  4.73381579e-02
  4.87155840e-02  4.95162494e-02  4.98044416e-02  4.96652462e-02  4.91920747e-02
 -1.20252691e-01 -1.25497997e-01 -1.26001582e-01 -1.26583591e-01 -1.27645150e-01
 -1.28517389e-01 -1.29011035e-01 -1.29070625e-01 -1.28705025e-01 -1.27952263e-01
 -1.26859114e-01 -1.25470415e-01 -1.23823918e-01 -1.21948466e-01 -1.19864166e-01
 -1.17583796e-01 -1.15114667e-01 -1.12460651e-01 -1.09624051e-01 -1.06607169e-01
 -1.03413627e-01 -1.00049354e-01 -9.65235233e-02 -9.28493291e-02 -8.90447721e-02
 -8.51333886e-02 -8.11446309e-02 -7.71136731e-02 -7.30801746e-02 -6.90856948e-02
 -6.51699454e-02 -6.13661855e-02 -5.76967858e-02 -5.41698039e-02 -5.07774092e-02
 -4.74964567e-02 -4.42910716e-02 -4.11167294e-02 -3.79248112e-02 -3.46667394e-02
 -3.12970728e-02 -2.77753342e-02 -2.40667854e-02 -2.01425124e-02 -1.59791857e-02
 -1.15588671e-02 -6.86915079e-03 -1.90395047e-03  3.33467964e-03  8.83317459e-03
  1.45608904e-02  2.04618257e-02  2.64444929e-02  3.23751234e-02  3.80848348e-02
  4.33894806e-02  4.81020100e-02  5.20518236e-02  5.51158898e-02  5.72384149e-02
  5.84316403e-02  5.87661527e-02  5.83712459e-02  5.74257746e-02  5.61146885e-02
 -1.15730397e-01 -1.19216673e-01 -1.21382289e-01 -1.22620761e-01 -1.23464920e-01
 -1.24099404e-01 -1.24527380e-01 -1.24719985e-01 -1.24658532e-01 -1.24339312e-01
 -1.23769283e-01 -1.22960910e-01 -1.21928141e-01 -1.20683946e-01 -1.19239002e-01
 -1.17601462e-01 -1.15777150e-01 -1.13770306e-01 -1.11584321e-01 -1.09222621e-01
 -1.06689394e-01 -1.03990361e-01 -1.01133302e-01 -9.81286243e-02 -9.49896798e-02
 -9.17329341e-02 -8.83778557e-02 -8.49464014e-02 -8.14619362e-02 -7.79476911e-02
 -7.44247586e-02 -7.09098950e-02 -6.74134418e-02 -6.39377832e-02 -6.04765229e-02
 -5.70146963e-02 -5.35297208e-02 -4.99931127e-02 -4.63724621e-02 -4.26333919e-02
 -3.87411751e-02 -3.46618928e-02 -3.03630568e-02 -2.58138310e-02 -2.09849291e-02
 -1.58483721e-02 -1.03773111e-02 -4.54615429e-03  1.66854623e-03  8.28562304e-03
  1.53134707e-02  2.27369405e-02  3.04879453e-02  3.83820795e-02  4.60339710e-02
  5.32118566e-02  5.95792271e-02  6.47350103e-02  6.84200302e-02  7.05643743e-02
  7.12856427e-02  7.06858709e-02  6.88562766e-02  6.63820058e-02  6.36709034e-02
 -1.15293764e-01 -1.19693585e-01 -1.19638428e-01 -1.19484179e-01 -1.19931668e-01
 -1.20456479e-01 -1.20931111e-01 -1.21297859e-01 -1.21522024e-01 -1.21582016e-01
 -1.21465594e-01 -1.21167026e-01 -1.20684758e-01 -1.20019473e-01 -1.19172804e-01
 -1.18146531e-01 -1.16942257e-01 -1.15561396e-01 -1.14005335e-01 -1.12275764e-01
 -1.10375054e-01 -1.08306617e-01 -1.06075205e-01 -1.03687204e-01 -1.01150729e-01
 -9.84756127e-02 -9.56732035e-02 -9.27559137e-02 -8.97365063e-02 -8.66271555e-02
 -8.34383890e-02 -8.01778883e-02 -7.68494904e-02 -7.34523237e-02 -6.99803978e-02
 -6.64225295e-02 -6.27626926e-02 -5.89806959e-02 -5.50529473e-02 -5.09533174e-02
 -4.66538221e-02 -4.21250872e-02 -3.73364873e-02 -3.22559588e-02 -2.68494561e-02
 -2.10800394e-02 -1.49065396e-02 -8.28177668e-03 -1.15015532e-03  6.55553630e-03
  1.49185089e-02  2.40441654e-02  3.40692587e-02  4.51735891e-02  5.75362667e-02
  7.00189620e-02  7.85823315e-02  8.62461478e-02  9.06025097e-02  9.23006758e-02
  9.19733271e-02  8.68537501e-02  8.11343938e-02  7.58346319e-02  7.10383728e-02
 -1.09946772e-01 -1.12995170e-01 -1.14753366e-01 -1.15693197e-01 -1.16407596e-01
 -1.17100365e-01 -1.17783919e-01 -1.18426397e-01 -1.18993282e-01 -1.19456448e-01
 -1.19795032e-01 -1.19994298e-01 -1.20044097e-01 -1.19937487e-01 -1.19669601e-01
 -1.19236872e-01 -1.18636496e-01 -1.17866211e-01 -1.16924159e-01 -1.15808949e-01
 -1.14519805e-01 -1.13056704e-01 -1.11420512e-01 -1.09613150e-01 -1.07637569e-01
 -1.05497763e-01 -1.03198573e-01 -1.00745372e-01 -9.81436670e-02 -9.53985378e-02
 -9.25140232e-02 -8.94924626e-02 -8.63339230e-02 -8.30357000e-02 -7.95920193e-02
 -7.59938881e-02 -7.22291321e-02 -6.82825670e-02 -6.41362071e-02 -5.97694926e-02
 -5.51594645e-02 -5.02807163e-02 -4.51051407e-02 -3.96013521e-02 -3.37337144e-02
 -2.74608117e-02 -2.07332037e-02 -1.34900901e-02 -5.65430243e-03  2.87548988e-03
  1.22374827e-02  2.26286799e-02  3.43449973e-02  4.78531048e-02  6.38180450e-02
  8.12068582e-02  9.31882039e-02  1.02836117e-01  1.08779617e-01  1.10148765e-01
  1.09296501e-01  1.01303145e-01  9.15909186e-02  8.32438245e-02  7.63551369e-02
 -1.07651927e-01 -1.11291811e-01 -1.11910179e-01 -1.12099029e-01 -1.12853870e-01
 -1.13815844e-01 -1.14851348e-01 -1.15890995e-01 -1.16890006e-01 -1.17816731e-01
 -1.18647940e-01 -1.19366258e-01 -1.19958378e-01 -1.20413899e-01 -1.20724350e-01
 -1.20882563e-01 -1.20882243e-01 -1.20717645e-01 -1.20383456e-01 -1.19874738e-01
 -1.19186983e-01 -1.18316174e-01 -1.17258906e-01 -1.16012476e-01 -1.14574902e-01
 -1.12944931e-01 -1.11121967e-01 -1.09105907e-01 -1.06896959e-01 -1.04495302e-01
 -1.01900764e-01 -9.91123840e-02 -9.61280838e-02 -9.29442719e-02 -8.95557031e-02
 -8.59552473e-02 -8.21337551e-02 -7.80799985e-02 -7.37805590e-02 -6.92197606e-02
 -6.43795580e-02 -5.92392646e-02 -5.37751243e-02 -4.79596332e-02 -4.17605117e-02
 -3.51392031e-02 -2.80487221e-02 -2.04306003e-02 -1.22104911e-02 -3.29189072e-03
  6.45278441e-03  1.71943791e-02  2.91619543e-02  4.26584817e-02  5.80918044e-02
  7.60497451e-02  9.26835835e-02  1.01472698e-01  1.10694632e-01  1.11720271e-01
  1.11731254e-01  1.06431186e-01  9.51619968e-02  8.52361098e-02  7.73285255e-02
 -1.01194993e-01 -1.03949480e-01 -1.05847351e-01 -1.07338525e-01 -1.08853266e-01
 -1.10433467e-01 -1.12033002e-01 -1.13611951e-01 -1.15141764e-01 -1.16601177e-01
 -1.17973372e-01 -1.19244464e-01 -1.20402537e-01 -1.21437036e-01 -1.22338258e-01
 -1.23097092e-01 -1.23704687e-01 -1.24152355e-01 -1.24431446e-01 -1.24533340e-01
 -1.24449484e-01 -1.24171473e-01 -1.23691343e-01 -1.23001657e-01 -1.22095563e-01
 -1.20966837e-01 -1.19609974e-01 -1.18020214e-01 -1.16193525e-01 -1.14126496e-01
 -1.11816131e-01 -1.09259516e-01 -1.06453471e-01 -1.03394262e-01 -1.00077659e-01
 -9.64987203e-02 -9.26515684e-02 -8.85290056e-02 -8.41222852e-02 -7.94209167e-02
 -7.44124651e-02 -6.90822974e-02 -6.34131953e-02 -5.73848821e-02 -5.09733073e-02
 -4.41497713e-02 -3.68797220e-02 -2.91212834e-02 -2.08234638e-02 -1.19241364e-02
 -2.34807027e-03  7.99439661e-03  1.92071516e-02  3.14062908e-02  4.47247140e-02
  5.94222099e-02  7.67344385e-02  8.66616890e-02  9.27974656e-02  1.00226738e-01
  9.66960490e-02  9.86604244e-02  8.84100348e-02  7.90945813e-02  7.23763183e-02
 -9.45879221e-02 -9.68655422e-02 -9.95103642e-02 -1.02214865e-01 -1.04761623e-01
 -1.07162192e-01 -1.09455310e-01 -1.11660659e-01 -1.13783859e-01 -1.15823194e-01
 -1.17773317e-01 -1.19626969e-01 -1.21375836e-01 -1.23010859e-01 -1.24522418e-01
 -1.25900298e-01 -1.27133712e-01 -1.28211319e-01 -1.29121184e-01 -1.29850924e-01
 -1.30387515e-01 -1.30717263e-01 -1.30827323e-01 -1.30705357e-01 -1.30339473e-01
 -1.29718274e-01 -1.28831252e-01 -1.27669096e-01 -1.26223952e-01 -1.24489665e-01
 -1.22461542e-01 -1.20135993e-01 -1.17509641e-01 -1.14578567e-01 -1.11340009e-01
 -1.07792206e-01 -1.03933595e-01 -9.97618809e-02 -9.52734873e-02 -9.04636756e-02
 -8.53264332e-02 -7.98543319e-02 -7.40383193e-02 -6.78675547e-02 -6.13292158e-02
 -5.44083677e-02 -4.70878780e-02 -3.93485799e-02 -3.11699137e-02 -2.25313958e-02
 -1.34156831e-02 -3.81439505e-03  6.26112614e-03  1.67596526e-02  2.75489241e-02
  3.83201875e-02  4.84097935e-02  5.69014326e-02  6.33932427e-02  6.77728057e-02
  6.99443817e-02  7.01083168e-02  6.84182197e-02  6.56000525e-02  6.25386238e-02
 -8.89506638e-02 -9.07788873e-02 -9.44240317e-02 -9.81266201e-02 -1.01404183e-01
 -1.04464777e-01 -1.07382447e-01 -1.10190660e-01 -1.12905644e-01 -1.15534090e-01
 -1.18076839e-01 -1.20530874e-01 -1.22890443e-01 -1.25147685e-01 -1.27292976e-01
 -1.29315034e-01 -1.31201163e-01 -1.32937253e-01 -1.34507805e-01 -1.35897279e-01
 -1.37087971e-01 -1.38056085e-01 -1.38784617e-01 -1.39256984e-01 -1.39455765e-01
 -1.39363438e-01 -1.38963267e-01 -1.38240427e-01 -1.37182906e-01 -1.35782197e-01
 -1.34033680e-01 -1.31936118e-01 -1.29488647e-01 -1.26681000e-01 -1.23512685e-01
 -1.19987890e-01 -1.16112493e-01 -1.11891173e-01 -1.07324973e-01 -1.02415033e-01
 -9.71624553e-02 -9.15675089e-02 -8.56298655e-02 -7.93487132e-02 -7.27230310e-02
 -6.57519177e-02 -5.84352762e-02 -5.07748760e-02 -4.27761339e-02 -3.44509259e-02
 -2.58219354e-02 -1.69292558e-02 -7.84018822e-03  1.33686594e-03  1.04348669e-02
  1.92136113e-02  2.73688789e-02  3.45888585e-02  4.06312346e-02  4.53573577e-02
  4.87334281e-02  5.08304201e-02  5.18223345e-02  5.19742109e-02  5.15809320e-02
 -8.67059901e-02 -8.89200419e-02 -9.19501260e-02 -9.54423025e-02 -9.90111306e-02
 -1.02519944e-01 -1.05945826e-01 -1.09292425e-01 -1.12565972e-01 -1.15770079e-01
 -1.18905097e-01 -1.21968359e-01 -1.24954522e-01 -1.27855778e-01 -1.30661875e-01
 -1.33359998e-01 -1.35934949e-01 -1.38370261e-01 -1.40641674e-01 -1.42738119e-01
 -1.44650981e-01 -1.46300584e-01 -1.47688881e-01 -1.48799092e-01 -1.49606317e-01
 -1.50083125e-01 -1.50203049e-01 -1.49942711e-01 -1.49283528e-01 -1.48213670e-01
 -1.46730557e-01 -1.44845933e-01 -1.42595917e-01 -1.39895976e-01 -1.36766195e-01
 -1.33227527e-01 -1.29303589e-01 -1.25014290e-01 -1.20352089e-01 -1.15324557e-01
 -1.09942459e-01 -1.04213171e-01 -9.81444716e-02 -9.17448252e-02 -8.50237906e-02
 -7.79924318e-02 -7.06641600e-02 -6.30559251e-02 -5.51900268e-02 -4.70965281e-02
 -3.88165303e-02 -3.04062050e-02 -2.19414756e-02 -1.35224881e-02 -5.27611654e-03
  2.64659850e-03  1.00813098e-02  1.68695953e-02  2.28809621e-02  2.80299801e-02
  3.22853401e-02  3.56715508e-02  3.82637270e-02  4.01745066e-02  4.15336825e-02
 -8.26233476e-02 -8.44453350e-02 -8.88716355e-02 -9.32562947e-02 -9.72872898e-02
 -1.01223052e-01 -1.05108134e-01 -1.08952381e-01 -1.12757958e-01 -1.16524376e-01
 -1.20249406e-01 -1.23929121e-01 -1.27557710e-01 -1.31127194e-01 -1.34626761e-01
 -1.38041526e-01 -1.41349807e-01 -1.44555345e-01 -1.47551343e-01 -1.50369465e-01
 -1.52999997e-01 -1.55407682e-01 -1.57555237e-01 -1.59402922e-01 -1.60910666e-01
 -1.62040383e-01 -1.62757739e-01 -1.63033336e-01 -1.62843406e-01 -1.62170112e-01
 -1.61001697e-01 -1.59332067e-01 -1.57158390e-01 -1.54473141e-01 -1.51287362e-01
 -1.47632882e-01 -1.43573210e-01 -1.39227003e-01 -1.34426668e-01 -1.29229143e-01
 -1.23678081e-01 -1.17774419e-01 -1.11533068e-01 -1.04970574e-01 -9.81054977e-02
 -9.09582525e-02 -8.35516527e-02 -7.59118944e-02 -6.80698827e-02 -6.00628443e-02
 -5.19361980e-02 -4.37454917e-02 -3.55579890e-02 -2.74533965e-02 -1.95229836e-02
 -1.18662799e-02 -4.58505005e-03  2.22489284e-03  8.48250091e-03  1.41290082e-02
  1.91326812e-02  2.34901030e-02  2.72238702e-02  3.03770676e-02  3.30056287e-02
 -8.22521225e-02 -8.46415237e-02 -8.79864246e-02 -9.19588283e-02 -9.61711258e-02
 -1.00458652e-01 -1.04772985e-01 -1.09098047e-01 -1.13425910e-01 -1.17751047e-01
 -1.22068711e-01 -1.26374200e-01 -1.30662277e-01 -1.34926766e-01 -1.39160290e-01
 -1.43355697e-01 -1.47370875e-01 -1.51269004e-01 -1.55049726e-01 -1.58690900e-01
 -1.62152350e-01 -1.65382639e-01 -1.68327004e-01 -1.70931831e-01 -1.73147634e-01
 -1.74930692e-01 -1.76243946e-01 -1.77056968e-01 -1.77345678e-01 -1.77091673e-01
 -1.76281393e-01 -1.74905300e-01 -1.72957122e-01 -1.70433924e-01 -1.67339548e-01
 -1.63687006e-01 -1.59500167e-01 -1.54812485e-01 -1.49654314e-01 -1.44117221e-01
 -1.38380632e-01 -1.32237330e-01 -1.25753626e-01 -1.18952632e-01 -1.11862876e-01
 -1.04512013e-01 -9.69290361e-02 -8.91448259e-02 -8.11932236e-02 -7.31120408e-02
 -6.49441704e-02 -5.67384996e-02 -4.85504232e-02 -4.04416770e-02 -3.24792899e-02
 -2.47334857e-02 -1.72746330e-02 -1.01695219e-02 -3.47752636e-03  2.75272573e-03
  8.48563667e-03  1.36995865e-02  1.83865000e-02  2.25502644e-02  2.62044184e-02
 -7.87936002e-02 -8.08374733e-02 -8.57224986e-02 -9.06374305e-02 -9.53264311e-02
 -1.00043371e-01 -1.04814582e-01 -1.09633923e-01 -1.14492200e-01 -1.19382210e-01
 -1.24298856e-01 -1.29238486e-01 -1.34197995e-01 -1.39173418e-01 -1.44156218e-01
 -1.49000734e-01 -1.53775230e-01 -1.58492848e-01 -1.63126633e-01 -1.67625561e-01
 -1.71925575e-01 -1.75958186e-01 -1.79656878e-01 -1.82961166e-01 -1.85818866e-01
 -1.88186795e-01 -1.90030575e-01 -1.91323712e-01 -1.92046314e-01 -1.92183912e-01
 -1.91726059e-01 -1.90665349e-01 -1.88996717e-01 -1.86717078e-01 -1.83825895e-01
 -1.80325732e-01 -1.76223293e-01 -1.71530828e-01 -1.66269764e-01 -1.60481468e-01
 -1.54231548e-01 -1.47599936e-01 -1.40781000e-01 -1.33630961e-01 -1.26210898e-01
 -1.18547603e-01 -1.10674419e-01 -1.02623112e-01 -9.44268033e-02 -8.61199722e-02
 -7.77396113e-02 -6.93260431e-02 -6.09232448e-02 -5.25786541e-02 -4.43425812e-02
 -3.62672247e-02 -2.84053665e-02 -2.08089724e-02 -1.35278199e-02 -6.60835765e-03
 -9.28281443e-05  5.98136382e-03  1.15822144e-02  1.66837759e-02  2.12669969e-02
 -7.88132176e-02 -8.14300403e-02 -8.51889700e-02 -8.97576362e-02 -9.47217569e-02
 -9.98755321e-02 -1.05138943e-01 -1.10480167e-01 -1.15885571e-01 -1.21349134e-01
 -1.26868665e-01 -1.32444695e-01 -1.38081282e-01 -1.43789634e-01 -1.49391741e-01
 -1.54976413e-01 -1.60563841e-01 -1.66125804e-01 -1.71602562e-01 -1.76917315e-01
 -1.81987628e-01 -1.86733767e-01 -1.91084087e-01 -1.94977954e-01 -1.98366597e-01
 -2.01212659e-01 -2.03488782e-01 -2.05175862e-01 -2.06260964e-01 -2.06735671e-01
 -2.06594422e-01 -2.05833405e-01 -2.04449773e-01 -2.02441201e-01 -1.99805826e-01
 -1.96542352e-01 -1.92650273e-01 -1.88130826e-01 -1.82988644e-01 -1.77235350e-01
 -1.70894057e-01 -1.64006427e-01 -1.56647265e-01 -1.48922622e-01 -1.41070291e-01
 -1.32971257e-01 -1.24691568e-01 -1.16253749e-01 -1.07689872e-01 -9.90270376e-02
 -9.02933925e-02 -8.15195739e-02 -7.27387220e-02 -6.39862195e-02 -5.52993342e-02
 -4.67169471e-02 -3.82794887e-02 -3.00290380e-02 -2.20097918e-02 -1.42687969e-02
 -6.85674278e-03  1.71687803e-04  6.75862934e-03  1.28455423e-02  1.83772855e-02
 -7.56269693e-02 -7.80276135e-02 -8.26926380e-02 -8.83426368e-02 -9.40940380e-02
 -9.98760238e-02 -1.05707593e-01 -1.11601025e-01 -1.17563307e-01 -1.23599157e-01
 -1.29711911e-01 -1.35903090e-01 -1.42171353e-01 -1.48511142e-01 -1.54834211e-01
 -1.61201462e-01 -1.67598099e-01 -1.73962668e-01 -1.80208325e-01 -1.86238989e-01
 -1.91960901e-01 -1.97290033e-01 -2.02156171e-01 -2.06504226e-01 -2.10293785e-01
 -2.13497356e-01 -2.16097862e-01 -2.18085930e-01 -2.19457254e-01 -2.20210314e-01
 -2.20344514e-01 -2.19859108e-01 -2.18752488e-01 -2.17022106e-01 -2.14664653e-01
 -2.11676300e-01 -2.08053127e-01 -2.03791231e-01 -1.98887274e-01 -1.93339273e-01
 -1.87148467e-01 -1.80323467e-01 -1.72887817e-01 -1.64891645e-01 -1.56432152e-01
 -1.47658646e-01 -1.38890177e-01 -1.29950792e-01 -1.20923340e-01 -1.11805812e-01
 -1.02612533e-01 -9.33643579e-02 -8.40847641e-02 -7.47983605e-02 -6.55304268e-02
 -5.63071147e-02 -4.71561253e-02 -3.81081067e-02 -2.91988552e-02 -2.04725973e-02
 -1.19862640e-02 -3.81383440e-03  3.95183591e-03  1.12038152e-02  1.78330000e-02
 -7.33900070e-02 -7.56458268e-02 -8.11048970e-02 -8.75659958e-02 -9.39208791e-02
 -1.00246683e-01 -1.06602818e-01 -1.13019563e-01 -1.19516015e-01 -1.26106158e-01
 -1.32800668e-01 -1.39606029e-01 -1.46519825e-01 -1.53438777e-01 -1.60451114e-01
 -1.67555362e-01 -1.74690455e-01 -1.81760788e-01 -1.88656300e-01 -1.95267588e-01
 -2.01495811e-01 -2.07258523e-01 -2.12491974e-01 -2.17151076e-01 -2.21207500e-01
 -2.24646762e-01 -2.27464616e-01 -2.29663476e-01 -2.31248870e-01 -2.32226685e-01
 -2.32601061e-01 -2.32373193e-01 -2.31540963e-01 -2.30099261e-01 -2.28040874e-01
 -2.25357354e-01 -2.22040161e-01 -2.18081191e-01 -2.13473082e-01 -2.08209008e-01
 -2.02282518e-01 -1.95688188e-01 -1.88424230e-01 -1.80498928e-01 -1.71942651e-01
 -1.62826568e-01 -1.53291523e-01 -1.43556476e-01 -1.34073645e-01 -1.24451987e-01
 -1.14727192e-01 -1.04924403e-01 -9.50629264e-02 -8.51582587e-02 -7.52233118e-02
 -6.52692541e-02 -5.53066730e-02 -4.53473330e-02 -3.54072750e-02 -2.55122893e-02
 -1.57074723e-02 -6.07344601e-03  3.24951485e-03  1.20463446e-02  2.01032571e-02
 -7.38359764e-02 -7.65660778e-02 -8.15548599e-02 -8.77999887e-02 -9.43900496e-02
 -1.01090580e-01 -1.07871048e-01 -1.14741109e-01 -1.21717922e-01 -1.28820345e-01
 -1.36069655e-01 -1.43493772e-01 -1.50891155e-01 -1.58410296e-01 -1.66080758e-01
 -1.73852175e-01 -1.81625500e-01 -1.89278454e-01 -1.96684897e-01 -2.03728437e-01
 -2.10310727e-01 -2.16355443e-01 -2.21809253e-01 -2.26640388e-01 -2.30835557e-01
 -2.34395817e-01 -2.37331912e-01 -2.39659473e-01 -2.41394818e-01 -2.42551401e-01
 -2.43137613e-01 -2.43155643e-01 -2.42601395e-01 -2.41465271e-01 -2.39733636e-01
 -2.37390473e-01 -2.34419361e-01 -2.30805099e-01 -2.26534829e-01 -2.21598297e-01
 -2.15987027e-01 -2.09693134e-01 -2.02708408e-01 -1.95025459e-01 -1.86642945e-01
 -1.77577943e-01 -1.67888403e-01 -1.57707080e-01 -1.47290707e-01 -1.37038276e-01
 -1.26693815e-01 -1.16270140e-01 -1.05774656e-01 -9.52097178e-02 -8.45727772e-02
 -7.38565028e-02 -6.30487278e-02 -5.21326400e-02 -4.10875082e-02 -2.98908390e-02
 -1.85237620e-02 -6.98478799e-03  4.66993311e-03  1.61800496e-02  2.68523339e-02
 -7.21134096e-02 -7.44082853e-02 -8.08982998e-02 -8.82241428e-02 -9.52764004e-02
 -1.02330558e-01 -1.09466895e-01 -1.16716959e-01 -1.24101304e-01 -1.31637499e-01
 -1.39341787e-01 -1.47229761e-01 -1.55175090e-01 -1.63290069e-01 -1.71564788e-01
 -1.79913461e-01 -1.88209698e-01 -1.96313307e-01 -2.04089195e-01 -2.11419702e-01
 -2.18211323e-01 -2.24397510e-01 -2.29938433e-01 -2.34818384e-01 -2.39041612e-01
 -2.42626786e-01 -2.45600924e-01 -2.47993454e-01 -2.49831095e-01 -2.51133651e-01
 -2.51911849e-01 -2.52167225e-01 -2.51892626e-01 -2.51073450e-01 -2.49689475e-01
 -2.47716516e-01 -2.45128468e-01 -2.41899833e-01 -2.38008603e-01 -2.33437687e-01
 -2.28175044e-01 -2.22212598e-01 -2.15543747e-01 -2.08160713e-01 -2.00053871e-01
 -1.91215664e-01 -1.81652829e-01 -1.71410263e-01 -1.60609424e-01 -1.49496183e-01
 -1.38487980e-01 -1.27418756e-01 -1.16282694e-01 -1.05068132e-01 -9.37568173e-02
 -8.23229030e-02 -7.07311630e-02 -5.89342825e-02 -4.68689837e-02 -3.44502181e-02
 -2.15616003e-02 -8.03653244e-03  6.39038766e-03  2.22756583e-02  4.21294570e-02
 -7.47347772e-02 -7.78514147e-02 -8.30826908e-02 -8.96361545e-02 -9.66785178e-02
 -1.03925891e-01 -1.11326516e-01 -1.18883699e-01 -1.26610860e-01 -1.34521425e-01
 -1.42624959e-01 -1.50921106e-01 -1.59359306e-01 -1.67998344e-01 -1.76785037e-01
 -1.85600847e-01 -1.94297180e-01 -2.02721432e-01 -2.10734397e-01 -2.18221024e-01
 -2.25095958e-01 -2.31305301e-01 -2.36825392e-01 -2.41659209e-01 -2.45830700e-01
 -2.49377951e-01 -2.52345175e-01 -2.54773527e-01 -2.56695777e-01 -2.58133888e-01
 -2.59097993e-01 -2.59586990e-01 -2.59589404e-01 -2.59085238e-01 -2.58047909e-01
 -2.56446540e-01 -2.54248291e-01 -2.51420259e-01 -2.47931346e-01 -2.43753716e-01
 -2.38866016e-01 -2.33255669e-01 -2.26916552e-01 -2.19845086e-01 -2.12035477e-01
 -2.03476921e-01 -1.94156110e-01 -1.84069499e-01 -1.73250154e-01 -1.61812633e-01
 -1.50015190e-01 -1.38322890e-01 -1.26588717e-01 -1.14789300e-01 -1.02893695e-01
 -9.08633545e-02 -7.86487386e-02 -6.61843941e-02 -5.33824377e-02 -4.01232615e-02
 -2.62422133e-02 -1.15108564e-02  4.38657356e-03  2.18877457e-02  4.17175107e-02
 -7.28175119e-02 -7.52412677e-02 -8.29336122e-02 -9.08499137e-02 -9.82692018e-02
 -1.05727211e-01 -1.13341078e-01 -1.21148065e-01 -1.29167885e-01 -1.37418404e-01
 -1.45922542e-01 -1.54531553e-01 -1.63375050e-01 -1.72443703e-01 -1.81637943e-01
 -1.90808445e-01 -1.99788317e-01 -2.08416402e-01 -2.16552794e-01 -2.24087924e-01
 -2.30947226e-01 -2.37091959e-01 -2.42517114e-01 -2.47246638e-01 -2.51326531e-01
 -2.54813761e-01 -2.57763922e-01 -2.60224193e-01 -2.62230009e-01 -2.63803482e-01
 -2.64953196e-01 -2.65674710e-01 -2.65951931e-01 -2.65758812e-01 -2.65061647e-01
 -2.63821959e-01 -2.61999428e-01 -2.59554684e-01 -2.56451368e-01 -2.52657503e-01
 -2.48145789e-01 -2.42894098e-01 -2.36889258e-01 -2.30127931e-01 -2.22610280e-01
 -2.14332670e-01 -2.05282658e-01 -1.95440948e-01 -1.84795484e-01 -1.73373938e-01
 -1.61299288e-01 -1.48866668e-01 -1.36619046e-01 -1.24344327e-01 -1.11998379e-01
 -9.95412469e-02 -8.69250819e-02 -7.40876198e-02 -6.09463863e-02 -4.73911725e-02
 -3.32733169e-02 -1.83900129e-02 -2.46520201e-03  1.48237757e-02  3.32075097e-02
 -7.78237060e-02 -8.14167261e-02 -8.66495445e-02 -9.30893198e-02 -1.00177757e-01
 -1.07638516e-01 -1.15380600e-01 -1.23379841e-01 -1.31633610e-01 -1.40147090e-01
 -1.48929462e-01 -1.57880083e-01 -1.67091802e-01 -1.76518545e-01 -1.86030909e-01
 -1.95458904e-01 -2.04623908e-01 -2.13360831e-01 -2.21532196e-01 -2.29036584e-01
 -2.35812411e-01 -2.41838172e-01 -2.47129440e-01 -2.51733005e-01 -2.55714595e-01
 -2.59142786e-01 -2.62079656e-01 -2.64575601e-01 -2.66667217e-01 -2.68376350e-01
 -2.69709915e-01 -2.70660669e-01 -2.71208078e-01 -2.71320105e-01 -2.70955652e-01
 -2.70067543e-01 -2.68606395e-01 -2.66524285e-01 -2.63778478e-01 -2.60333359e-01
 -2.56161094e-01 -2.51240164e-01 -2.45553657e-01 -2.39090472e-01 -2.31850490e-01
 -2.23837689e-01 -2.15049848e-01 -2.05471903e-01 -1.95078924e-01 -1.83854774e-01
 -1.71833441e-01 -1.59167692e-01 -1.46218166e-01 -1.33626193e-01 -1.20970577e-01
 -1.08252190e-01 -9.54469442e-02 -8.25149640e-02 -6.94033802e-02 -5.60461916e-02
 -4.23624180e-02 -2.82523241e-02 -1.35878874e-02  1.81305385e-03  1.80457458e-02
 -7.75146186e-02 -8.08289647e-02 -8.70395601e-02 -9.42935869e-02 -1.01706393e-01
 -1.09355159e-01 -1.17271647e-01 -1.25463143e-01 -1.33932292e-01 -1.42679065e-01
 -1.51694223e-01 -1.60934091e-01 -1.70448408e-01 -1.80157065e-01 -1.89906016e-01
 -1.99509695e-01 -2.08781913e-01 -2.17556626e-01 -2.25701228e-01 -2.33124211e-01
 -2.39778504e-01 -2.45661035e-01 -2.50808865e-01 -2.55289376e-01 -2.59180844e-01
 -2.62558937e-01 -2.65489340e-01 -2.68024445e-01 -2.70201564e-01 -2.72042304e-01
 -2.73552656e-01 -2.74723113e-01 -2.75529712e-01 -2.75935203e-01 -2.75891393e-01
 -2.75342196e-01 -2.74227947e-01 -2.72490263e-01 -2.70077139e-01 -2.66947031e-01
 -2.63070583e-01 -2.58429676e-01 -2.53013521e-01 -2.46814176e-01 -2.39826038e-01
 -2.32053190e-01 -2.23503023e-01 -2.14173168e-01 -2.04045132e-01 -1.93091422e-01
 -1.81304097e-01 -1.68752521e-01 -1.55675739e-01 -1.42598420e-01 -1.29632190e-01
 -1.16739050e-01 -1.03885584e-01 -9.10436064e-02 -7.81899616e-02 -6.53082505e-02
 -5.23946062e-02 -3.94709110e-02 -2.66137980e-02 -1.40159316e-02 -2.07890035e-03
 -7.89316967e-02 -8.25838596e-02 -8.84584263e-02 -9.55440849e-02 -1.03053607e-01
 -1.10857226e-01 -1.18946552e-01 -1.27329558e-01 -1.36019453e-01 -1.45036459e-01
 -1.54192075e-01 -1.63646564e-01 -1.73392117e-01 -1.83311835e-01 -1.93228632e-01
 -2.02944100e-01 -2.12266892e-01 -2.21031994e-01 -2.29113013e-01 -2.36429289e-01
 -2.42948756e-01 -2.48686701e-01 -2.53700435e-01 -2.58071572e-01 -2.61886209e-01
 -2.65224248e-01 -2.68153727e-01 -2.70728260e-01 -2.72985816e-01 -2.74948210e-01
 -2.76620954e-01 -2.77993411e-01 -2.79039085e-01 -2.79716790e-01 -2.79972225e-01
 -2.79741079e-01 -2.78953373e-01 -2.77539134e-01 -2.75435060e-01 -2.72590488e-01
 -2.68971771e-01 -2.64562577e-01 -2.59359896e-01 -2.53366888e-01 -2.46585578e-01
 -2.39016697e-01 -2.30669379e-01 -2.21552357e-01 -2.11659297e-01 -2.00965181e-01
 -1.89441085e-01 -1.77095160e-01 -1.64046481e-01 -1.50629804e-01 -1.37498006e-01
 -1.24557979e-01 -1.11765154e-01 -9.91051644e-02 -8.65803435e-02 -7.42078945e-02
 -6.20242059e-02 -5.00935912e-02 -3.85203324e-02 -2.74594985e-02 -1.71149895e-02
 -7.93777630e-02 -8.30533132e-02 -8.91854167e-02 -9.65081975e-02 -1.04177110e-01
 -1.12123773e-01 -1.20357960e-01 -1.28892392e-01 -1.37740225e-01 -1.46915063e-01
 -1.56261325e-01 -1.65919676e-01 -1.75858825e-01 -1.85942024e-01 -1.95978463e-01
 -2.05762222e-01 -2.15099975e-01 -2.23829448e-01 -2.31831312e-01 -2.39035875e-01
 -2.45425448e-01 -2.51032442e-01 -2.55930126e-01 -2.60209292e-01 -2.63960987e-01
 -2.67267704e-01 -2.70198971e-01 -2.72809327e-01 -2.75137395e-01 -2.77205408e-01
 -2.79018998e-01 -2.80566961e-01 -2.81821549e-01 -2.82738686e-01 -2.83259451e-01
 -2.83312708e-01 -2.82819152e-01 -2.81697541e-01 -2.79872507e-01 -2.77282447e-01
 -2.73886472e-01 -2.69667149e-01 -2.64627576e-01 -2.58783013e-01 -2.52149791e-01
 -2.44736999e-01 -2.36550778e-01 -2.27604538e-01 -2.17903510e-01 -2.07431838e-01
 -1.96156114e-01 -1.84052750e-01 -1.71166420e-01 -1.57703727e-01 -1.44147649e-01
 -1.31334007e-01 -1.18667804e-01 -1.06197983e-01 -9.39605311e-02 -8.19927156e-02
 -7.03413337e-02 -5.90682179e-02 -4.82534170e-02 -3.79947014e-02 -2.84014903e-02
 -7.98064172e-02 -8.35094601e-02 -8.98335502e-02 -9.73223969e-02 -1.05102628e-01
 -1.13152646e-01 -1.21493950e-01 -1.30141541e-01 -1.39107972e-01 -1.48404822e-01
 -1.57910526e-01 -1.67736024e-01 -1.77828178e-01 -1.88034743e-01 -1.98155254e-01
 -2.07979158e-01 -2.17312813e-01 -2.25997478e-01 -2.33920768e-01 -2.41023079e-01
 -2.47299507e-01 -2.52797067e-01 -2.57600129e-01 -2.61805326e-01 -2.65506834e-01
 -2.68788755e-01 -2.71721661e-01 -2.74360687e-01 -2.76745051e-01 -2.78897464e-01
 -2.80823946e-01 -2.82513291e-01 -2.83937037e-01 -2.85049438e-01 -2.85788387e-01
 -2.86077470e-01 -2.85829931e-01 -2.84954876e-01 -2.83365726e-01 -2.80989856e-01
 -2.77777791e-01 -2.73708582e-01 -2.68788695e-01 -2.63043612e-01 -2.56504267e-01
 -2.49193624e-01 -2.41122350e-01 -2.32302502e-01 -2.22747430e-01 -2.12452486e-01
 -2.01390445e-01 -1.89529806e-01 -1.76883906e-01 -1.63597748e-01 -1.50069952e-01
 -1.37073115e-01 -1.24375664e-01 -1.11986175e-01 -9.99235511e-02 -8.82155299e-02
 -7.68988431e-02 -6.60194829e-02 -5.56319617e-02 -4.57969829e-02 -3.65771502e-02
 -8.07925984e-02 -8.47209170e-02 -9.07770991e-02 -9.80665460e-02 -1.05836935e-01
 -1.13933556e-01 -1.22341625e-01 -1.31067604e-01 -1.40120909e-01 -1.49511188e-01
 -1.59138486e-01 -1.69090346e-01 -1.79296374e-01 -1.89592421e-01 -1.99770883e-01
 -2.09618166e-01 -2.18940973e-01 -2.27583840e-01 -2.35440373e-01 -2.42459357e-01
 -2.48646215e-01 -2.54059136e-01 -2.58789629e-01 -2.62938023e-01 -2.66600490e-01
 -2.69862086e-01 -2.72793889e-01 -2.75451541e-01 -2.77874619e-01 -2.80086249e-01
 -2.82092780e-01 -2.83883125e-01 -2.85428584e-01 -2.86682397e-01 -2.87580401e-01
 -2.88042635e-01 -2.87977010e-01 -2.87285388e-01 -2.85872340e-01 -2.83656001e-01
 -2.80579001e-01 -2.76616126e-01 -2.71775037e-01 -2.66088367e-01 -2.59598851e-01
 -2.52342463e-01 -2.44338676e-01 -2.35598549e-01 -2.26139054e-01 -2.15964139e-01
 -2.05053926e-01 -1.93376392e-01 -1.80928573e-01 -1.67814359e-01 -1.54359043e-01
 -1.41231969e-01 -1.28492460e-01 -1.16136126e-01 -1.04170211e-01 -9.26120058e-02
 -8.14870745e-02 -7.08275884e-02 -6.06704764e-02 -5.10549694e-02 -4.20196280e-02
 -8.02155957e-02 -8.38614851e-02 -9.06470641e-02 -9.84138623e-02 -1.06286921e-01
 -1.14421606e-01 -1.22870490e-01 -1.31648943e-01 -1.40764445e-01 -1.50223836e-01
 -1.59938261e-01 -1.69979542e-01 -1.80265471e-01 -1.90623760e-01 -2.00841933e-01
 -2.10704431e-01 -2.20018312e-01 -2.28630647e-01 -2.36439422e-01 -2.43399531e-01
 -2.49523714e-01 -2.54877597e-01 -2.59557009e-01 -2.63664603e-01 -2.67297477e-01
 -2.70541310e-01 -2.73467392e-01 -2.76131481e-01 -2.78573304e-01 -2.80816108e-01
 -2.82866389e-01 -2.84713060e-01 -2.86327183e-01 -2.87661433e-01 -2.88650364e-01
 -2.89211959e-01 -2.89250910e-01 -2.88664609e-01 -2.87352145e-01 -2.85225779e-01
 -2.82222867e-01 -2.78315008e-01 -2.73510098e-01 -2.67845035e-01 -2.61369765e-01
 -2.54128963e-01 -2.46148914e-01 -2.37441659e-01 -2.28024840e-01 -2.17906818e-01
 -2.07072049e-01 -1.95488602e-01 -1.83144554e-01 -1.70120284e-01 -1.56698763e-01
 -1.43493265e-01 -1.30749464e-01 -1.18422009e-01 -1.06512628e-01 -9.50344652e-02
 -8.40078145e-02 -7.34578148e-02 -6.34123832e-02 -5.39002307e-02 -4.49486412e-02
 -8.20048377e-02 -8.61969739e-02 -9.19244438e-02 -9.88403037e-02 -1.06471442e-01
 -1.14566676e-01 -1.23037219e-01 -1.31857067e-01 -1.41021237e-01 -1.50532365e-01
 -1.60305098e-01 -1.70404091e-01 -1.80741355e-01 -1.91140294e-01 -2.01385811e-01
 -2.11261153e-01 -2.20573604e-01 -2.29171574e-01 -2.36955568e-01 -2.43883878e-01
 -2.49973357e-01 -2.55293548e-01 -2.59942442e-01 -2.64023781e-01 -2.67635167e-01
 -2.70862341e-01 -2.73776531e-01 -2.76433349e-01 -2.78872311e-01 -2.81116515e-01
 -2.83172131e-01 -2.85027832e-01 -2.86654323e-01 -2.88003713e-01 -2.89009988e-01
 -2.89590180e-01 -2.89647818e-01 -2.89078861e-01 -2.87780672e-01 -2.85663873e-01
 -2.82664508e-01 -2.78753579e-01 -2.73939431e-01 -2.68260360e-01 -2.61768550e-01
 -2.54511058e-01 -2.46516034e-01 -2.37796053e-01 -2.28368849e-01 -2.18243584e-01
 -2.07405314e-01 -1.95821479e-01 -1.83476880e-01 -1.70443594e-01 -1.56986982e-01
 -1.43685788e-01 -1.31028220e-01 -1.18745603e-01 -1.06867880e-01 -9.54190195e-02
 -8.44228119e-02 -7.39044547e-02 -6.38902485e-02 -5.44063859e-02 -4.54772376e-02
 -7.89859220e-02 -8.24096203e-02 -8.98075104e-02 -9.79552865e-02 -1.05993561e-01
 -1.14248417e-01 -1.22802027e-01 -1.31678253e-01 -1.40887469e-01 -1.50437444e-01
 -1.60243079e-01 -1.70371309e-01 -1.80734515e-01 -1.91155717e-01 -2.01419249e-01
 -2.11307928e-01 -2.20628873e-01 -2.29230657e-01 -2.37014160e-01 -2.43938342e-01
 -2.50020772e-01 -2.55331725e-01 -2.59969532e-01 -2.64037997e-01 -2.67634720e-01
 -2.70845205e-01 -2.73740262e-01 -2.76375145e-01 -2.78788775e-01 -2.81003594e-01
 -2.83025146e-01 -2.84841478e-01 -2.86422670e-01 -2.87720472e-01 -2.88668573e-01
 -2.89184272e-01 -2.89171964e-01 -2.88529098e-01 -2.87155390e-01 -2.84964263e-01
 -2.81894833e-01 -2.77920455e-01 -2.73050278e-01 -2.67321467e-01 -2.60783106e-01
 -2.53477931e-01 -2.45430276e-01 -2.36652151e-01 -2.27161512e-01 -2.16965422e-01
 -2.06046805e-01 -1.94374233e-01 -1.81940988e-01 -1.68840826e-01 -1.55381531e-01
 -1.42212227e-01 -1.29477561e-01 -1.17154621e-01 -1.05244778e-01 -9.37621072e-02
 -8.27282593e-02 -7.21696615e-02 -6.21154420e-02 -5.25953658e-02 -4.36376259e-02
 -7.99980238e-02 -8.39828029e-02 -9.00458768e-02 -9.74174291e-02 -1.05352156e-01
 -1.13635600e-01 -1.22233264e-01 -1.31147146e-01 -1.40385330e-01 -1.49956465e-01
 -1.59767896e-01 -1.69896469e-01 -1.80260286e-01 -1.90685496e-01 -2.00957730e-01
 -2.10860044e-01 -2.20198974e-01 -2.28821993e-01 -2.36628354e-01 -2.43574917e-01
 -2.49676749e-01 -2.55001634e-01 -2.59646505e-01 -2.63714463e-01 -2.67302394e-01
 -2.70495296e-01 -2.73363352e-01 -2.75961012e-01 -2.78326362e-01 -2.80480802e-01
 -2.82428920e-01 -2.84157723e-01 -2.85636604e-01 -2.86816955e-01 -2.87632972e-01
 -2.88003415e-01 -2.87835538e-01 -2.87031353e-01 -2.85496712e-01 -2.83152103e-01
 -2.79943317e-01 -2.75848180e-01 -2.70876497e-01 -2.65061259e-01 -2.58443117e-01
 -2.51054645e-01 -2.42912278e-01 -2.34028146e-01 -2.24418983e-01 -2.14085862e-01
 -2.03006431e-01 -1.91150531e-01 -1.78526491e-01 -1.65264532e-01 -1.51735574e-01
 -1.38672665e-01 -1.25965387e-01 -1.13619156e-01 -1.01648726e-01 -9.00767222e-02
 -7.89326280e-02 -6.82516471e-02 -5.80731817e-02 -4.84386012e-02 -3.93883102e-02
 -7.80294389e-02 -8.15904811e-02 -8.84006023e-02 -9.63368863e-02 -1.04420781e-01
 -1.12751052e-01 -1.21371545e-01 -1.30299181e-01 -1.39544174e-01 -1.49115101e-01
 -1.58902749e-01 -1.69000760e-01 -1.79337829e-01 -1.89746425e-01 -2.00015336e-01
 -2.09928483e-01 -2.19291598e-01 -2.27949947e-01 -2.35799357e-01 -2.42792040e-01
 -2.48937503e-01 -2.54297853e-01 -2.58966774e-01 -2.63045460e-01 -2.66629696e-01
 -2.69803524e-01 -2.72636265e-01 -2.75181264e-01 -2.77475446e-01 -2.79538989e-01
 -2.81375080e-01 -2.82969773e-01 -2.84291714e-01 -2.85292387e-01 -2.85907269e-01
 -2.86058187e-01 -2.85657495e-01 -2.84614682e-01 -2.82844931e-01 -2.80278921e-01
 -2.76871234e-01 -2.72604674e-01 -2.67488092e-01 -2.61546671e-01 -2.54808336e-01
 -2.47291848e-01 -2.39005998e-01 -2.29965165e-01 -2.20180795e-01 -2.09644318e-01
 -1.98327273e-01 -1.86206013e-01 -1.73317730e-01 -1.59852087e-01 -1.46264434e-01
 -1.33350834e-01 -1.20672710e-01 -1.08271703e-01 -9.61810872e-02 -8.44358131e-02
 -7.30771124e-02 -6.21544495e-02 -5.17254323e-02 -4.18537147e-02 -3.26046646e-02
 -7.79509470e-02 -8.17390755e-02 -8.78900737e-02 -9.53681916e-02 -1.03336357e-01
 -1.11634508e-01 -1.20241918e-01 -1.29158691e-01 -1.38389319e-01 -1.47939846e-01
 -1.57673955e-01 -1.67708978e-01 -1.77989155e-01 -1.88356563e-01 -1.98605120e-01
 -2.08520591e-01 -2.17908025e-01 -2.26609796e-01 -2.34516859e-01 -2.41574749e-01
 -2.47784659e-01 -2.53199726e-01 -2.57908046e-01 -2.62007684e-01 -2.65592635e-01
 -2.68745482e-01 -2.71534413e-01 -2.74011463e-01 -2.76212156e-01 -2.78155297e-01
 -2.79842764e-01 -2.81259567e-01 -2.82374054e-01 -2.83138633e-01 -2.83491313e-01
 -2.83358634e-01 -2.82660335e-01 -2.81315744e-01 -2.79251695e-01 -2.76410371e-01
 -2.72755235e-01 -2.68272579e-01 -2.62967259e-01 -2.56853402e-01 -2.49943763e-01
 -2.42244288e-01 -2.33763173e-01 -2.24514082e-01 -2.14498177e-01 -2.03695968e-01
 -1.92078292e-01 -1.79644823e-01 -1.66498199e-01 -1.52956426e-01 -1.39683113e-01
 -1.26677319e-01 -1.13898642e-01 -1.01343863e-01 -8.90288875e-02 -7.69842118e-02
 -6.52555451e-02 -5.39062768e-02 -4.30193916e-02 -3.26964334e-02 -2.30509825e-02
 -7.64767304e-02 -8.00653622e-02 -8.63773525e-02 -9.39855278e-02 -1.01967171e-01
 -1.10253826e-01 -1.18844911e-01 -1.27740353e-01 -1.36942402e-01 -1.46456674e-01
 -1.56109884e-01 -1.66049689e-01 -1.76240310e-01 -1.86536834e-01 -1.96740925e-01
 -2.06641823e-01 -2.16044620e-01 -2.24788800e-01 -2.32759729e-01 -2.39894718e-01
 -2.46184498e-01 -2.51670152e-01 -2.56431133e-01 -2.60560662e-01 -2.64149874e-01
 -2.67279506e-01 -2.70016134e-01 -2.72410393e-01 -2.74496377e-01 -2.76291400e-01
 -2.77796298e-01 -2.78995544e-01 -2.79857874e-01 -2.80337721e-01 -2.80377090e-01
 -2.79909074e-01 -2.78862566e-01 -2.77168304e-01 -2.74765313e-01 -2.71606803e-01
 -2.67663032e-01 -2.62920648e-01 -2.57377476e-01 -2.51034975e-01 -2.43892699e-01
 -2.35952944e-01 -2.27226868e-01 -2.17719764e-01 -2.07419157e-01 -1.96296901e-01
 -1.84332341e-01 -1.71564266e-01 -1.58176333e-01 -1.44604579e-01 -1.31614998e-01
 -1.18678413e-01 -1.05828568e-01 -9.30821374e-02 -8.04546177e-02 -6.79697320e-02
 -5.56681566e-02 -4.36182171e-02 -3.19289230e-02 -2.07614172e-02 -1.03270262e-02
 -7.50601068e-02 -7.85234794e-02 -8.47757906e-02 -9.23519582e-02 -1.00321792e-01
 -1.08609542e-01 -1.17196284e-01 -1.26069963e-01 -1.35229766e-01 -1.44687936e-01
 -1.54241338e-01 -1.64058536e-01 -1.74125671e-01 -1.84315428e-01 -1.94441259e-01
 -2.04298854e-01 -2.13695288e-01 -2.22468063e-01 -2.30496973e-01 -2.37710401e-01
 -2.44087204e-01 -2.49654010e-01 -2.54477590e-01 -2.58643985e-01 -2.62239963e-01
 -2.65343696e-01 -2.68019706e-01 -2.70317048e-01 -2.72268385e-01 -2.73889959e-01
 -2.75181890e-01 -2.76128829e-01 -2.76701063e-01 -2.76856214e-01 -2.76541770e-01
 -2.75698841e-01 -2.74266452e-01 -2.72186846e-01 -2.69410282e-01 -2.65898377e-01
 -2.61624932e-01 -2.56573766e-01 -2.50734240e-01 -2.44097829e-01 -2.36661568e-01
 -2.28433058e-01 -2.19418362e-01 -2.09610313e-01 -1.98986784e-01 -1.87525392e-01
 -1.75242350e-01 -1.62262008e-01 -1.48914665e-01 -1.35833889e-01 -1.22825466e-01
 -1.09849803e-01 -9.68830734e-02 -8.39058757e-02 -7.09010884e-02 -5.78562804e-02
 -4.47704196e-02 -3.16681117e-02 -1.86299104e-02 -5.85581642e-03  6.23868452e-03
 -7.37613216e-02 -7.72671103e-02 -8.30165148e-02 -9.03240219e-02 -9.83519256e-02
 -1.06734745e-01 -1.15366735e-01 -1.24222435e-01 -1.33298442e-01 -1.42594919e-01
 -1.52104035e-01 -1.61791384e-01 -1.71699643e-01 -1.81735978e-01 -1.91734836e-01
 -2.01503679e-01 -2.10854590e-01 -2.19624847e-01 -2.27689460e-01 -2.34967992e-01
 -2.41426632e-01 -2.47076333e-01 -2.51967102e-01 -2.56173998e-01 -2.59777486e-01
 -2.62851745e-01 -2.65458792e-01 -2.67645866e-01 -2.69444317e-01 -2.70869642e-01
 -2.71921992e-01 -2.72587121e-01 -2.72837937e-01 -2.72636503e-01 -2.71936953e-01
 -2.70688891e-01 -2.68841416e-01 -2.66346991e-01 -2.63164401e-01 -2.59260446e-01
 -2.54609346e-01 -2.49190897e-01 -2.42989540e-01 -2.35998765e-01 -2.28222877e-01
 -2.19666615e-01 -2.10325554e-01 -2.00183317e-01 -1.89221621e-01 -1.77450076e-01
 -1.64961815e-01 -1.52015761e-01 -1.39127493e-01 -1.26258418e-01 -1.13380343e-01
 -1.00458026e-01 -8.74512792e-02 -7.43132532e-02 -6.09878451e-02 -4.74070534e-02
 -3.34879272e-02 -1.91282853e-02 -4.19667363e-03  1.14943851e-02  2.80427411e-02
 -6.53544515e-02 -6.68735877e-02 -7.74163008e-02 -8.73939097e-02 -9.62116346e-02
 -1.04875192e-01 -1.13590419e-01 -1.22424759e-01 -1.31410733e-01 -1.40570268e-01
 -1.49922192e-01 -1.59391746e-01 -1.69060558e-01 -1.78866014e-01 -1.88664064e-01
 -1.98275730e-01 -2.07519904e-01 -2.16235071e-01 -2.24292502e-01 -2.31603414e-01
 -2.38121510e-01 -2.43841693e-01 -2.48795018e-01 -2.53040433e-01 -2.56648719e-01
 -2.59688199e-01 -2.62217343e-01 -2.64281124e-01 -2.65909761e-01 -2.67118454e-01
 -2.67908067e-01 -2.68266380e-01 -2.68169791e-01 -2.67585725e-01 -2.66475260e-01
 -2.64796227e-01 -2.62506425e-01 -2.59566098e-01 -2.55939752e-01 -2.51596808e-01
 -2.46511593e-01 -2.40664974e-01 -2.34049499e-01 -2.26666659e-01 -2.18518957e-01
 -2.09602848e-01 -1.99906543e-01 -1.89418167e-01 -1.78149611e-01 -1.66181788e-01
 -1.53732687e-01 -1.41235426e-01 -1.28721058e-01 -1.16168886e-01 -1.03549749e-01
 -9.08248127e-02 -7.79435784e-02 -6.48404881e-02 -5.14295697e-02 -3.75967212e-02
 -2.31884122e-02 -7.99538568e-03  8.26715399e-03  2.59320717e-02  4.47207727e-02
 -6.99789003e-02 -7.29767755e-02 -7.88720772e-02 -8.66210908e-02 -9.50053334e-02
 -1.03557058e-01 -1.12185016e-01 -1.20895669e-01 -1.29714429e-01 -1.38668582e-01
 -1.47784352e-01 -1.56948730e-01 -1.66286200e-01 -1.75767094e-01 -1.85271665e-01
 -1.94637135e-01 -2.03691468e-01 -2.12276161e-01 -2.20260173e-01 -2.27547571e-01
 -2.34080493e-01 -2.39838287e-01 -2.44833499e-01 -2.49105021e-01 -2.52708733e-01
 -2.55704075e-01 -2.58144170e-01 -2.60071009e-01 -2.61513352e-01 -2.62486339e-01
 -2.62992173e-01 -2.63021231e-01 -2.62553990e-01 -2.61563331e-01 -2.60016888e-01
 -2.57879585e-01 -2.55115986e-01 -2.51692116e-01 -2.47576922e-01 -2.42744014e-01
 -2.37175912e-01 -2.30865464e-01 -2.23811761e-01 -2.16014907e-01 -2.07471281e-01
 -1.98173121e-01 -1.88116342e-01 -1.77321270e-01 -1.65870532e-01 -1.53965026e-01
 -1.41987830e-01 -1.29973039e-01 -1.17909379e-01 -1.05779007e-01 -9.35557634e-02
 -8.12032148e-02 -6.86717108e-02 -5.58942370e-02 -4.27800789e-02 -2.92055942e-02
 -1.50005054e-02  7.13104673e-05  1.63360033e-02  3.42453085e-02  5.45472018e-02
 -6.58813715e-02 -6.72647506e-02 -7.61943683e-02 -8.57541561e-02 -9.44079384e-02
 -1.02873661e-01 -1.11312449e-01 -1.19784378e-01 -1.28328398e-01 -1.36978224e-01
 -1.45765737e-01 -1.54531926e-01 -1.63440555e-01 -1.72494665e-01 -1.81600690e-01
 -1.90614834e-01 -1.99376926e-01 -2.07733870e-01 -2.15554297e-01 -2.22736865e-01
 -2.29213670e-01 -2.34950021e-01 -2.39941180e-01 -2.44206801e-01 -2.47783497e-01
 -2.50716656e-01 -2.53050983e-01 -2.54823714e-01 -2.56061435e-01 -2.56778985e-01
 -2.56979853e-01 -2.56657183e-01 -2.55795538e-01 -2.54372805e-01 -2.52362400e-01
 -2.49735340e-01 -2.46462286e-01 -2.42516011e-01 -2.37875268e-01 -2.32526526e-01
 -2.26462886e-01 -2.19681695e-01 -2.12180972e-01 -2.03957111e-01 -1.95006236e-01
 -1.85332969e-01 -1.74970388e-01 -1.64013773e-01 -1.52665719e-01 -1.41285300e-01
 -1.29850164e-01 -1.18360683e-01 -1.06812775e-01 -9.51967686e-02 -8.34961757e-02
 -7.16861337e-02 -5.97314239e-02 -4.75837253e-02 -3.51777114e-02 -2.24251263e-02
 -9.20495577e-03  4.65595303e-03  1.94328297e-02  3.57007124e-02  5.60500287e-02
 -7.10548311e-02 -7.37515762e-02 -7.94568956e-02 -8.69563445e-02 -9.49543193e-02
 -1.03024609e-01 -1.11097984e-01 -1.19189285e-01 -1.27330109e-01 -1.35555625e-01
 -1.43905461e-01 -1.52186096e-01 -1.60575107e-01 -1.69101909e-01 -1.77699924e-01
 -1.86247617e-01 -1.94600314e-01 -2.02613473e-01 -2.10158065e-01 -2.17129573e-01
 -2.23452047e-01 -2.29078606e-01 -2.33989149e-01 -2.38185883e-01 -2.41687402e-01
 -2.44522035e-01 -2.46721268e-01 -2.48314083e-01 -2.49322876e-01 -2.49761134e-01
 -2.49633014e-01 -2.48934060e-01 -2.47652546e-01 -2.45771229e-01 -2.43269622e-01
 -2.40126848e-01 -2.36324131e-01 -2.31846541e-01 -2.26683840e-01 -2.20829979e-01
 -2.14281514e-01 -2.07035750e-01 -1.99090391e-01 -1.90446660e-01 -1.81118891e-01
 -1.71153530e-01 -1.60661355e-01 -1.49864331e-01 -1.39120042e-01 -1.28294766e-01
 -1.17403112e-01 -1.06455773e-01 -9.54595208e-02 -8.44169632e-02 -7.33262002e-02
 -6.21804222e-02 -5.09676524e-02 -3.96707058e-02 -2.82678567e-02 -1.67349670e-02
 -5.05095068e-03  6.78826636e-03  1.87287871e-02  3.05096153e-02  4.14205976e-02
 -7.09927902e-02 -7.26741105e-02 -7.99840689e-02 -8.84726271e-02 -9.63507220e-02
 -1.04006387e-01 -1.11587487e-01 -1.19158663e-01 -1.26757696e-01 -1.34410262e-01
 -1.42132491e-01 -1.49925917e-01 -1.57738924e-01 -1.65651187e-01 -1.73634499e-01
 -1.81596562e-01 -1.89413384e-01 -1.96953073e-01 -2.04092175e-01 -2.10725576e-01
 -2.16771632e-01 -2.22173423e-01 -2.26897508e-01 -2.30930582e-01 -2.34274834e-01
 -2.36942798e-01 -2.38952085e-01 -2.40320817e-01 -2.41064101e-01 -2.41191745e-01
 -2.40707442e-01 -2.39608899e-01 -2.37889066e-01 -2.35537693e-01 -2.32543245e-01
 -2.28894755e-01 -2.24583089e-01 -2.19601542e-01 -2.13945627e-01 -2.07612529e-01
 -2.00600982e-01 -1.92912892e-01 -1.84558436e-01 -1.75566539e-01 -1.66001916e-01
 -1.55985832e-01 -1.45718098e-01 -1.35610119e-01 -1.25379860e-01 -1.15060255e-01
 -1.04676664e-01 -9.42502394e-02 -8.37992728e-02 -7.33397231e-02 -6.28855601e-02
 -5.24491295e-02 -4.20419648e-02 -3.16763856e-02 -2.13685501e-02 -1.11440010e-02
 -1.04747480e-03  8.84038862e-03  1.83780510e-02  2.73465328e-02  3.55234928e-02
 -7.76265785e-02 -8.01860616e-02 -8.54906216e-02 -9.21613723e-02 -9.90322232e-02
 -1.05908640e-01 -1.12795658e-01 -1.19711101e-01 -1.26669630e-01 -1.33683592e-01
 -1.40764162e-01 -1.47922754e-01 -1.55048802e-01 -1.62241146e-01 -1.69497967e-01
 -1.76753089e-01 -1.83904067e-01 -1.90834209e-01 -1.97428450e-01 -2.03583896e-01
 -2.09215701e-01 -2.14259461e-01 -2.18670741e-01 -2.22423017e-01 -2.25504175e-01
 -2.27912620e-01 -2.29653180e-01 -2.30733529e-01 -2.31161281e-01 -2.30942160e-01
 -2.30078980e-01 -2.28571653e-01 -2.26417676e-01 -2.23613143e-01 -2.20153674e-01
 -2.16035172e-01 -2.11254373e-01 -2.05809101e-01 -1.99698716e-01 -1.92925632e-01
 -1.85498774e-01 -1.77440777e-01 -1.68800846e-01 -1.59673855e-01 -1.50231287e-01
 -1.40729144e-01 -1.31075665e-01 -1.21331163e-01 -1.11498997e-01 -1.01597130e-01
 -9.16495845e-02 -8.16829950e-02 -7.17251822e-02 -6.18044697e-02 -5.19494787e-02
 -4.21892665e-02 -3.25539075e-02 -2.30757389e-02 -1.37915565e-02 -4.74595139e-03
  4.00422467e-03  1.23852016e-02  2.03040615e-02  2.76531968e-02  3.43222171e-02
 -8.41711387e-02 -8.71098116e-02 -9.14092511e-02 -9.66879427e-02 -1.02445550e-01
 -1.08432755e-01 -1.14546515e-01 -1.20743945e-01 -1.27008155e-01 -1.33334443e-01
 -1.39724523e-01 -1.46183804e-01 -1.52553678e-01 -1.58947587e-01 -1.65386289e-01
 -1.71828404e-01 -1.78194165e-01 -1.84384644e-01 -1.90296516e-01 -1.95832491e-01
 -2.00907856e-01 -2.05453709e-01 -2.09417716e-01 -2.12762982e-01 -2.15465859e-01
 -2.17513055e-01 -2.18898654e-01 -2.19621375e-01 -2.19682321e-01 -2.19083309e-01
 -2.17825934e-01 -2.15911150e-01 -2.13339210e-01 -2.10109994e-01 -2.06223160e-01
 -2.01678663e-01 -1.96477309e-01 -1.90622255e-01 -1.84121832e-01 -1.76994711e-01
 -1.69277549e-01 -1.61035731e-01 -1.52382046e-01 -1.43472075e-01 -1.34637296e-01
 -1.25567481e-01 -1.16314843e-01 -1.06923401e-01 -9.74276662e-02 -8.78611133e-02
 -7.82588720e-02 -6.86583519e-02 -5.90992458e-02 -4.96231653e-02 -4.02731672e-02
 -3.10932510e-02 -2.21279990e-02 -1.34224752e-02 -5.02251741e-03  3.02454480e-03
  1.06689902e-02  1.78581290e-02  2.45368145e-02  3.06496918e-02  3.61450985e-02
 -8.77949521e-02 -9.01914611e-02 -9.51018035e-02 -1.00507021e-01 -1.05798736e-01
 -1.11163870e-01 -1.16611317e-01 -1.22126326e-01 -1.27696976e-01 -1.33317739e-01
 -1.38988584e-01 -1.44713387e-01 -1.50290579e-01 -1.55840427e-01 -1.61400512e-01
 -1.66951522e-01 -1.72436476e-01 -1.77776441e-01 -1.82883233e-01 -1.87669128e-01
 -1.92053586e-01 -1.95967183e-01 -1.99353352e-01 -2.02168375e-01 -2.04380259e-01
 -2.05966920e-01 -2.06914052e-01 -2.07213163e-01 -2.06859767e-01 -2.05851942e-01
 -2.04189375e-01 -2.01872706e-01 -1.98903307e-01 -1.95283219e-01 -1.91015542e-01
 -1.86105222e-01 -1.80560976e-01 -1.74398959e-01 -1.67648867e-01 -1.60366505e-01
 -1.52642503e-01 -1.44595146e-01 -1.36483699e-01 -1.28079131e-01 -1.19459473e-01
 -1.10632993e-01 -1.01623729e-01 -9.24631283e-02 -8.31866935e-02 -7.38338381e-02
 -6.44483641e-02 -5.50786704e-02 -4.57776599e-02 -3.66020538e-02 -2.76112575e-02
 -1.88657325e-02 -1.04250750e-02 -2.34603113e-03  5.31927962e-03  1.25246812e-02
  1.92307141e-02  2.54049338e-02  3.10219601e-02  3.60635370e-02  4.05188091e-02
 -9.34180096e-02 -9.63096842e-02 -1.00133277e-01 -1.04594789e-01 -1.09312132e-01
 -1.14117831e-01 -1.18961997e-01 -1.23829380e-01 -1.28715321e-01 -1.33620232e-01
 -1.38548970e-01 -1.43512800e-01 -1.48291394e-01 -1.52987510e-01 -1.57645419e-01
 -1.62263498e-01 -1.66806370e-01 -1.71216205e-01 -1.75422773e-01 -1.79351777e-01
 -1.82931155e-01 -1.86095402e-01 -1.88788027e-01 -1.90962508e-01 -1.92582101e-01
 -1.93619028e-01 -1.94053113e-01 -1.93870500e-01 -1.93062216e-01 -1.91623151e-01
 -1.89551160e-01 -1.86846644e-01 -1.83512628e-01 -1.79555565e-01 -1.74986467e-01
 -1.69822514e-01 -1.64089695e-01 -1.57829225e-01 -1.51091963e-01 -1.43991411e-01
 -1.36741728e-01 -1.29131481e-01 -1.21229246e-01 -1.13047384e-01 -1.04609706e-01
 -9.59384590e-02 -8.70594829e-02 -7.80037642e-02 -6.88082427e-02 -5.95167018e-02
 -5.01806736e-02 -4.08600941e-02 -3.16233709e-02 -2.25465670e-02 -1.37113864e-02
 -5.20184031e-03  2.90016155e-03  1.05198072e-02  1.75941512e-02  2.40758564e-02
  2.99353190e-02  3.51608843e-02  3.97572964e-02  4.37427610e-02  4.71453667e-02
 -9.66711566e-02 -9.87009630e-02 -1.03769965e-01 -1.08653054e-01 -1.13103785e-01
 -1.17432967e-01 -1.21698037e-01 -1.25918970e-01 -1.30106926e-01 -1.34268746e-01
 -1.38406679e-01 -1.42515466e-01 -1.46575078e-01 -1.50454774e-01 -1.54224560e-01
 -1.57905385e-01 -1.61484018e-01 -1.64923921e-01 -1.68174058e-01 -1.71176031e-01
 -1.73869804e-01 -1.76197946e-01 -1.78108409e-01 -1.79556146e-01 -1.80503666e-01
 -1.80921018e-01 -1.80785194e-01 -1.80079445e-01 -1.78792521e-01 -1.76918089e-01
 -1.74454331e-01 -1.71403840e-01 -1.67774379e-01 -1.63582921e-01 -1.58858627e-01
 -1.53643906e-01 -1.47987574e-01 -1.42006472e-01 -1.35612473e-01 -1.28847525e-01
 -1.21752597e-01 -1.14326350e-01 -1.06581621e-01 -9.85315666e-02 -9.01918113e-02
 -8.15805122e-02 -7.27198049e-02 -6.36374727e-02 -5.43687940e-02 -4.49587107e-02
 -3.54640931e-02 -2.59559602e-02 -1.65210422e-02 -7.26191327e-03  1.70535524e-03
  1.02568408e-02  1.82697941e-02  2.56337579e-02  3.22615206e-02  3.80974822e-02
  4.31220084e-02  4.73510996e-02  5.08315265e-02  5.36322296e-02  5.58337420e-02
 -1.03585966e-01 -1.06441416e-01 -1.09931879e-01 -1.13775544e-01 -1.17626607e-01
 -1.21363245e-01 -1.24982148e-01 -1.28507107e-01 -1.31961301e-01 -1.35361269e-01
 -1.38716474e-01 -1.42030239e-01 -1.45301446e-01 -1.48350611e-01 -1.51241258e-01
 -1.54000059e-01 -1.56626076e-01 -1.59098327e-01 -1.61382124e-01 -1.63434535e-01
 -1.65208966e-01 -1.66658923e-01 -1.67740569e-01 -1.68414444e-01 -1.68646559e-01
 -1.68408826e-01 -1.67679340e-01 -1.66442186e-01 -1.64687380e-01 -1.62411615e-01
 -1.59618378e-01 -1.56316757e-01 -1.52515650e-01 -1.48245275e-01 -1.43564656e-01
 -1.38579607e-01 -1.33153558e-01 -1.27327189e-01 -1.21112958e-01 -1.14525922e-01
 -1.07579626e-01 -1.00281730e-01 -9.26388502e-02 -8.46574083e-02 -7.63447061e-02
 -6.77099526e-02 -5.87658361e-02 -4.95304801e-02 -4.00301814e-02 -3.03029362e-02
 -2.04029735e-02 -1.04062818e-02 -4.16595110e-04  9.42952558e-03  1.89614948e-02
  2.79817227e-02  3.62840593e-02  4.36810590e-02  5.00308052e-02  5.52550182e-02
  5.93467914e-02  6.23693243e-02  6.44454136e-02  6.57364652e-02  6.64143264e-02
 -1.09012865e-01 -1.11331500e-01 -1.15641139e-01 -1.19687110e-01 -1.23046435e-01
 -1.26082122e-01 -1.28928095e-01 -1.31655514e-01 -1.34305224e-01 -1.36900142e-01
 -1.39452174e-01 -1.41966298e-01 -1.44443020e-01 -1.46676645e-01 -1.48720443e-01
 -1.50600106e-01 -1.52320206e-01 -1.53869510e-01 -1.55225381e-01 -1.56357870e-01
 -1.57233268e-01 -1.57817245e-01 -1.58077195e-01 -1.57982692e-01 -1.57506898e-01
 -1.56627819e-01 -1.55329004e-01 -1.53599650e-01 -1.51432887e-01 -1.48833051e-01
 -1.45819232e-01 -1.42433956e-01 -1.38618395e-01 -1.34393513e-01 -1.29781425e-01
 -1.24800086e-01 -1.19442329e-01 -1.13710731e-01 -1.07608303e-01 -1.01137817e-01
 -9.43007022e-02 -8.70962292e-02 -7.95218498e-02 -7.15736449e-02 -6.32468611e-02
 -5.45367487e-02 -4.54397425e-02 -3.59553024e-02 -2.60887519e-02 -1.58556104e-02
 -5.28819021e-03  5.55450795e-03  1.65723488e-02  2.76041962e-02  3.84051464e-02
  4.86352704e-02  5.78926317e-02  6.58052191e-02  7.21157566e-02  7.67022520e-02
  7.95776397e-02  8.08884203e-02  8.09116736e-02  8.00196156e-02  7.85806254e-02
 -1.19117603e-01 -1.22299291e-01 -1.25157252e-01 -1.27630398e-01 -1.29758328e-01
 -1.31685361e-01 -1.33516118e-01 -1.35301679e-01 -1.37062937e-01 -1.38806447e-01
 -1.40532464e-01 -1.42239138e-01 -1.43924713e-01 -1.45368904e-01 -1.46611854e-01
 -1.47673771e-01 -1.48559421e-01 -1.49261966e-01 -1.49766102e-01 -1.50050983e-01
 -1.50092989e-01 -1.49869382e-01 -1.49364054e-01 -1.48556814e-01 -1.47429109e-01
 -1.45967200e-01 -1.44164458e-01 -1.42024875e-01 -1.39522731e-01 -1.36659667e-01
 -1.33440480e-01 -1.29870415e-01 -1.25945970e-01 -1.21669680e-01 -1.17045946e-01
 -1.12077668e-01 -1.06763624e-01 -1.01101235e-01 -9.50865224e-02 -8.87138024e-02
 -8.19752216e-02 -7.48603866e-02 -6.73560500e-02 -5.94459437e-02 -5.11106178e-02
 -4.23273854e-02 -3.30704562e-02 -2.33114175e-02 -1.30205080e-02 -2.16925447e-03
  9.26440209e-03  2.12865844e-02  3.38700004e-02  4.69205119e-02  6.02052808e-02
  7.31860101e-02  8.48175362e-02  9.40707400e-02  1.00709766e-01  1.04531802e-01
  1.05604835e-01  1.04153730e-01  1.00573868e-01  9.60360169e-02  9.14772153e-02
 -1.31780609e-01 -1.35981172e-01 -1.37124225e-01 -1.37087211e-01 -1.37262851e-01
 -1.37732923e-01 -1.38396323e-01 -1.39178798e-01 -1.40031978e-01 -1.40922353e-01
 -1.41826019e-01 -1.42727569e-01 -1.43623114e-01 -1.44302055e-01 -1.44791290e-01
 -1.45101130e-01 -1.45231500e-01 -1.45175219e-01 -1.44919768e-01 -1.44448385e-01
 -1.43740058e-01 -1.42767519e-01 -1.41573593e-01 -1.40131027e-01 -1.38421759e-01
 -1.36433676e-01 -1.34159118e-01 -1.31593212e-01 -1.28730372e-01 -1.25568599e-01
 -1.22107826e-01 -1.18348368e-01 -1.14289552e-01 -1.09930560e-01 -1.05269901e-01
 -1.00304529e-01 -9.50291380e-02 -8.94361511e-02 -8.35155472e-02 -7.72546083e-02
 -7.06375912e-02 -6.36452362e-02 -5.62541857e-02 -4.84362841e-02 -4.01575975e-02
 -3.13772112e-02 -2.20456310e-02 -1.21028377e-02 -1.47597503e-03  9.92313400e-03
  2.22001579e-02  3.54791842e-02  4.99013327e-02  6.56223968e-02  8.28385353e-02
  1.02132805e-01  1.24551795e-01  1.30202979e-01  1.40434638e-01  1.41894504e-01
  1.39412805e-01  1.38088867e-01  1.22150742e-01  1.11116871e-01  1.02689423e-01
 -1.42424464e-01 -1.47740200e-01 -1.46906391e-01 -1.44877747e-01 -1.43782914e-01
 -1.43214405e-01 -1.42959446e-01 -1.42900556e-01 -1.42959237e-01 -1.43077612e-01
 -1.43209934e-01 -1.43316656e-01 -1.43357649e-01 -1.43280342e-01 -1.43058181e-01
 -1.42675310e-01 -1.42119765e-01 -1.41380668e-01 -1.40447184e-01 -1.39308482e-01
 -1.37954444e-01 -1.36377513e-01 -1.34577155e-01 -1.32547900e-01 -1.30283982e-01
 -1.27780959e-01 -1.25036076e-01 -1.22047991e-01 -1.18816212e-01 -1.15341090e-01
 -1.11623265e-01 -1.07662968e-01 -1.03459306e-01 -9.90098938e-02 -9.43104252e-02
 -8.93542245e-02 -8.41319188e-02 -7.86312446e-02 -7.28368685e-02 -6.67301565e-02
 -6.02888875e-02 -5.34867607e-02 -4.62926626e-02 -3.86696048e-02 -3.05732246e-02
 -2.19495799e-02 -1.27320727e-02 -2.83701834e-03  7.84268323e-03  1.94466095e-02
  3.21595334e-02  4.62282337e-02  6.19807951e-02  7.98480138e-02  1.00435250e-01
  1.24160074e-01  1.40165001e-01  1.51090965e-01  1.59577429e-01  1.58336803e-01
  1.57581761e-01  1.45180359e-01  1.30493268e-01  1.18174240e-01  1.08324543e-01
 -1.45157859e-01 -1.49692595e-01 -1.50708601e-01 -1.49821684e-01 -1.48648351e-01
 -1.47650495e-01 -1.46864459e-01 -1.46236762e-01 -1.45703942e-01 -1.45209417e-01
 -1.44705772e-01 -1.44152969e-01 -1.43516243e-01 -1.42764717e-01 -1.41874745e-01
 -1.40828609e-01 -1.39612630e-01 -1.38215885e-01 -1.36629358e-01 -1.34845629e-01
 -1.32859096e-01 -1.30666196e-01 -1.28265619e-01 -1.25657052e-01 -1.22841217e-01
 -1.19820155e-01 -1.16597109e-01 -1.13176309e-01 -1.09562472e-01 -1.05760276e-01
 -1.01773664e-01 -9.76050794e-02 -9.32547897e-02 -8.87202621e-02 -8.39957520e-02
 -7.90719762e-02 -7.39360303e-02 -6.85713440e-02 -6.29578009e-02 -5.70717491e-02
 -5.08859567e-02 -4.43693399e-02 -3.74863893e-02 -3.01962364e-02 -2.24511102e-02
 -1.41941132e-02 -5.35589131e-03  4.15030262e-03  1.44361230e-02  2.56500114e-02
  3.79969329e-02  5.17730974e-02  6.74298406e-02  8.56754631e-02  1.07220069e-01
  1.27428591e-01  1.40408009e-01  1.51772842e-01  1.55782744e-01  1.56619072e-01
  1.51473984e-01  1.38910562e-01  1.26419663e-01  1.15908042e-01  1.07146643e-01
 -1.52981192e-01 -1.59204230e-01 -1.57030389e-01 -1.54119775e-01 -1.52440444e-01
 -1.51192293e-01 -1.50147855e-01 -1.49202079e-01 -1.48285314e-01 -1.47345498e-01
 -1.46342814e-01 -1.45246446e-01 -1.44031942e-01 -1.42679542e-01 -1.41173378e-01
 -1.39500707e-01 -1.37651324e-01 -1.35617077e-01 -1.33391783e-01 -1.30971149e-01
 -1.28352970e-01 -1.25537291e-01 -1.22526474e-01 -1.19325049e-01 -1.15939654e-01
 -1.12378903e-01 -1.08653083e-01 -1.04773663e-01 -1.00752585e-01 -9.66012850e-02
 -9.23296362e-02 -8.79447982e-02 -8.34501386e-02 -7.88444206e-02 -7.41212592e-02
 -6.92689940e-02 -6.42708689e-02 -5.91055229e-02 -5.37475944e-02 -4.81683873e-02
 -4.23363484e-02 -3.62173170e-02 -2.97744907e-02 -2.29679570e-02 -1.57538466e-02
 -8.08301009e-03  1.00871985e-04  8.86385236e-03  1.82852056e-02  2.84622200e-02
  3.95169370e-02  5.16060665e-02  6.49357885e-02  7.97717348e-02  9.61569473e-02
  1.10434152e-01  1.20293975e-01  1.29073933e-01  1.32155403e-01  1.33590817e-01
  1.29888639e-01  1.21994972e-01  1.14270434e-01  1.07180536e-01  1.00774676e-01
 -1.49944052e-01 -1.54790938e-01 -1.56353429e-01 -1.55933961e-01 -1.54988781e-01
 -1.54006302e-01 -1.53029010e-01 -1.52005583e-01 -1.50885493e-01 -1.49634749e-01
 -1.48233339e-01 -1.46669805e-01 -1.44936964e-01 -1.43029153e-01 -1.40941054e-01
 -1.38667256e-01 -1.36202484e-01 -1.33542061e-01 -1.30682543e-01 -1.27622351e-01
 -1.24362193e-01 -1.20905586e-01 -1.17259093e-01 -1.13432482e-01 -1.09438799e-01
 -1.05294302e-01 -1.01018101e-01 -9.66315567e-02 -9.21571702e-02 -8.76170769e-02
 -8.30311254e-02 -7.84148872e-02 -7.37776831e-02 -6.91211820e-02 -6.44385964e-02
 -5.97147644e-02 -5.49269989e-02 -5.00465259e-02 -4.50401902e-02 -3.98722216e-02
 -3.45056579e-02 -2.89033856e-02 -2.30287258e-02 -1.68456286e-02 -1.03185903e-02
 -3.41249444e-03  3.90740717e-03  1.16749844e-02  1.99215189e-02  2.86714379e-02
  3.79325561e-02  4.76741418e-02  5.77779599e-02  6.79387897e-02  7.76361153e-02
  8.65426138e-02  9.40529332e-02  9.97573510e-02  1.03418127e-01  1.05036467e-01
  1.04779966e-01  1.02764606e-01  9.95093584e-02  9.56965387e-02  9.17342007e-02
 -1.56391963e-01 -1.63396910e-01 -1.60234451e-01 -1.57910287e-01 -1.57171220e-01
 -1.56656876e-01 -1.56003028e-01 -1.55082628e-01 -1.53863564e-01 -1.52354360e-01
 -1.50577784e-01 -1.48557842e-01 -1.46313801e-01 -1.43858165e-01 -1.41196847e-01
 -1.38330653e-01 -1.35257214e-01 -1.31973088e-01 -1.28475472e-01 -1.24763630e-01
 -1.20839968e-01 -1.16710618e-01 -1.12385958e-01 -1.07880883e-01 -1.03215218e-01
 -9.84139368e-02 -9.35072973e-02 -8.85303542e-02 -8.35216865e-02 -7.85209239e-02
 -7.35653415e-02 -6.86857477e-02 -6.39025047e-02 -5.92225492e-02 -5.46379387e-02
 -5.01263291e-02 -4.56532650e-02 -4.11757268e-02 -3.66462208e-02 -3.20165418e-02
 -2.72406749e-02 -2.22766772e-02 -1.70875993e-02 -1.16418367e-02 -5.91321941e-03
  1.18762247e-04  6.46823924e-03  1.31413154e-02  2.01329235e-02  2.74214167e-02
  3.49599421e-02  4.26641554e-02  5.03982939e-02  5.79684526e-02  6.51360080e-02
  7.16438293e-02  7.72418380e-02  8.17245170e-02  8.49649683e-02  8.69304389e-02
  8.76787901e-02  8.73496830e-02  8.61575603e-02  8.43532756e-02  8.21666643e-02
 -1.46015003e-01 -1.51454911e-01 -1.55147865e-01 -1.57564014e-01 -1.59180477e-01
 -1.59996942e-01 -1.59960374e-01 -1.59165978e-01 -1.57760888e-01 -1.55875608e-01
 -1.53613687e-01 -1.51051477e-01 -1.48239285e-01 -1.45205006e-01 -1.41959146e-01
 -1.38500690e-01 -1.34822518e-01 -1.30915806e-01 -1.26773477e-01 -1.22392394e-01
 -1.17774598e-01 -1.12927757e-01 -1.07865185e-01 -1.02605969e-01 -9.71756354e-02
 -9.16074738e-02 -8.59441683e-02 -8.02389681e-02 -7.45551661e-02 -6.89626858e-02
 -6.35313839e-02 -5.83219416e-02 -5.33766225e-02 -4.87122573e-02 -4.43170443e-02
 -4.01519425e-02 -3.61564346e-02 -3.22574377e-02 -2.83789653e-02 -2.44500320e-02
 -2.04095151e-02 -1.62080824e-02 -1.18081747e-02 -7.18309451e-03 -2.31599156e-03
  2.80075124e-03  8.16544332e-03  1.37661407e-02  1.95787214e-02  2.55639628e-02
  3.16638909e-02  3.77981625e-02  4.38620746e-02  4.97282930e-02  5.52537926e-02
  6.02914169e-02  6.47044629e-02  6.83820620e-02  7.12524354e-02  7.32908249e-02
  7.45211840e-02  7.50119388e-02  7.48661384e-02  7.42062330e-02  7.31569678e-02
 -1.41902506e-01 -1.47947744e-01 -1.53764471e-01 -1.59342989e-01 -1.64285973e-01
 -1.66707754e-01 -1.66565016e-01 -1.65264547e-01 -1.63167849e-01 -1.60506815e-01
 -1.57468170e-01 -1.54173881e-01 -1.50689438e-01 -1.47036210e-01 -1.43206283e-01
 -1.39176250e-01 -1.34917915e-01 -1.30405396e-01 -1.25619754e-01 -1.20551683e-01
 -1.15202241e-01 -1.09581634e-01 -1.03706673e-01 -9.75987464e-02 -9.12843272e-02
 -8.47984701e-02 -7.81910196e-02 -7.15339705e-02 -6.49269298e-02 -5.84953986e-02
 -5.23770563e-02 -4.66977730e-02 -4.15472239e-02 -3.69625688e-02 -3.29215862e-02
 -2.93450486e-02 -2.61103828e-02 -2.30761673e-02 -2.01083887e-02 -1.70972645e-02
 -1.39620630e-02 -1.06484042e-02 -7.12304795e-03 -3.36894835e-03  6.18434628e-04
  4.83344682e-03  9.26135108e-03  1.38784824e-02  1.86516959e-02  2.35374067e-02
  2.84806080e-02  3.34143750e-02  3.82605046e-02  4.29318435e-02  4.73365895e-02
  5.13843410e-02  5.49932458e-02  5.80971502e-02  6.06516078e-02  6.26376793e-02
  6.40629157e-02  6.49593025e-02  6.53785616e-02  6.53854981e-02  6.50507361e-02
 -1.39182225e-01 -1.46085978e-01 -1.53644606e-01 -1.62237510e-01 -1.72009215e-01
 -1.76713765e-01 -1.76587328e-01 -1.74087211e-01 -1.70246184e-01 -1.66127369e-01
 -1.61876544e-01 -1.57625049e-01 -1.53408483e-01 -1.49178103e-01 -1.44853100e-01
 -1.40350938e-01 -1.35598361e-01 -1.30537540e-01 -1.25129253e-01 -1.19355187e-01
 -1.13221355e-01 -1.06753342e-01 -9.99814942e-02 -9.29287970e-02 -8.56095478e-02
 -7.80374333e-02 -7.02406168e-02 -6.22845478e-02 -5.43035455e-02 -4.65291403e-02
 -3.92704904e-02 -3.28172930e-02 -2.73587015e-02 -2.29719747e-02 -1.96163207e-02
 -1.71251912e-02 -1.52095733e-02 -1.35463206e-02 -1.18840402e-02 -1.00681111e-02
 -8.01680237e-03 -5.69382031e-03 -3.08965123e-03 -2.10613027e-04  2.92714546e-03
  6.30070223e-03  9.88170411e-03  1.36367269e-02  1.75271295e-02  2.15087403e-02
  2.55316943e-02  2.95406636e-02  3.34757566e-02  3.72742414e-02  4.08731028e-02
  4.42123041e-02  4.72383946e-02  4.99080122e-02  5.21907844e-02  5.40711582e-02
  5.55488914e-02  5.66381179e-02  5.73651642e-02  5.77654205e-02  5.78798391e-02
 -1.35759324e-01 -1.42903894e-01 -1.50998607e-01 -1.60535276e-01 -1.72345355e-01
 -1.79876983e-01 -1.84144437e-01 -1.82357132e-01 -1.78245723e-01 -1.71836093e-01
 -1.65722683e-01 -1.60487279e-01 -1.55806690e-01 -1.51325852e-01 -1.46801099e-01
 -1.42086789e-01 -1.37034193e-01 -1.31545767e-01 -1.25571668e-01 -1.19046554e-01
 -1.11994021e-01 -1.04539298e-01 -9.67785418e-02 -8.87331963e-02 -8.03720132e-02
 -7.16358572e-02 -6.24560602e-02 -5.27770445e-02 -4.26131077e-02 -3.22507694e-02
 -2.27164701e-02 -1.49494456e-02 -8.91513284e-03 -4.98147868e-03 -2.87067890e-03
 -2.71730265e-03 -3.47261596e-03 -4.07765154e-03 -4.21532895e-03 -3.83480336e-03
 -2.95955874e-03 -1.63462793e-03  9.02560641e-05  2.16628611e-03  4.54704417e-03
  7.18831690e-03  1.00472867e-02  1.30815748e-02  1.62483491e-02  1.95036605e-02
  2.28020959e-02  2.60968357e-02  2.93401703e-02  3.24844867e-02  3.54836881e-02
  3.82949226e-02  4.08804342e-02  4.32093367e-02  4.52590398e-02  4.70161736e-02
  4.84768227e-02  4.96460870e-02  5.05370088e-02  5.11690043e-02  5.15660532e-02
 -1.30848214e-01 -1.37409493e-01 -1.44618660e-01 -1.52564466e-01 -1.61089242e-01
 -1.69643328e-01 -1.79845989e-01 -1.80570260e-01 -1.80453449e-01 -1.72555506e-01
 -1.65804818e-01 -1.60941377e-01 -1.57354236e-01 -1.53487176e-01 -1.48929149e-01
 -1.44782394e-01 -1.39748365e-01 -1.33692935e-01 -1.27720281e-01 -1.20331787e-01
 -1.11576751e-01 -1.02778330e-01 -9.39947665e-02 -8.50921944e-02 -7.59076923e-02
 -6.62582740e-02 -5.59244044e-02 -4.46167663e-02 -3.19067799e-02 -1.69771500e-02
 -7.28201005e-04  5.11350157e-03  1.60543937e-02  1.51607674e-02  1.99671090e-02
  1.22628184e-02  6.81116525e-03  3.48278554e-03  1.55495445e-03  6.58794073e-04
  5.57755760e-04  1.08648546e-03  2.12317589e-03  3.57429497e-03  5.36519755e-03
  7.43394997e-03  9.72708967e-03  1.21966675e-02  1.47981942e-02  1.74892861e-02
  2.02288628e-02  2.29768157e-02  2.56940927e-02  2.83431243e-02  3.08885146e-02
  3.32979262e-02  3.55430245e-02  3.76003794e-02  3.94521765e-02  4.10866812e-02
  4.24983613e-02  4.36876528e-02  4.46603820e-02  4.54269536e-02  4.60013375e-02
 -1.24750964e-01 -1.30377740e-01 -1.36272281e-01 -1.42370924e-01 -1.48570105e-01
 -1.54711142e-01 -1.60418466e-01 -1.65481284e-01 -1.72832087e-01 -1.63583174e-01
 -1.59019053e-01 -1.56219333e-01 -1.55412927e-01 -1.52961135e-01 -1.47784755e-01
 -1.45334065e-01 -1.40633538e-01 -1.33483902e-01 -1.28941312e-01 -1.20880321e-01
 -1.10001236e-01 -1.00290239e-01 -9.10368860e-02 -8.18499848e-02 -7.24547878e-02
 -6.26062602e-02 -5.20332120e-02 -4.03835848e-02 -2.71540899e-02 -1.16512347e-02
  3.67788458e-03  1.13023957e-02  2.02441961e-02  2.10833084e-02  2.33912915e-02
  1.67441070e-02  1.03953779e-02  6.27597887e-03  3.76043003e-03  2.40519783e-03
  1.91482343e-03  2.08639866e-03  2.77521834e-03  3.87446233e-03  5.30247856e-03
  6.99440762e-03  8.89656786e-03  1.09627033e-02  1.31514994e-02  1.54249994e-02
  1.77476425e-02  2.00857725e-02  2.24074945e-02  2.46828031e-02  2.68838983e-02
  2.89856289e-02  3.09659652e-02  3.28064710e-02  3.44926678e-02  3.60142700e-02
  3.73652466e-02  3.85436714e-02  3.95514257e-02  4.03937213e-02  4.10785265e-02
  3.62485957e+00  3.88101196e+00  4.11912060e+00  4.34477758e+00  4.55033588e+00
  4.71238852e+00  4.83941603e+00  4.91868067e+00  4.95971966e+00  4.96349812e+00
  4.93853188e+00  4.89156532e+00  4.82912540e+00  4.75449085e+00  4.67497826e+00
  4.59235191e+00  4.50998116e+00  4.42936039e+00  4.35160398e+00  4.27875900e+00
  4.21112156e+00  4.14998150e+00  4.09469843e+00  4.04519653e+00  4.00208235e+00
  3.96452570e+00  3.93232083e+00  3.90445018e+00  3.88147688e+00  3.86296344e+00
  3.84846544e+00  3.83785343e+00  3.83092976e+00  3.82750177e+00  3.82772613e+00
  3.83161116e+00  3.83894372e+00  3.84981275e+00  3.86418533e+00  3.88225603e+00
  3.90418577e+00  3.93023419e+00  3.96054292e+00  3.99529433e+00  4.03481817e+00
  4.07969189e+00  4.13006496e+00  4.18662357e+00  4.25004721e+00  4.32059193e+00
  4.39951324e+00  4.48710299e+00  4.58478165e+00  4.69392157e+00  4.81613445e+00
  4.95534325e+00  5.11168003e+00  5.29256868e+00  5.50024033e+00  5.74362230e+00
  6.03363752e+00  6.38795853e+00  6.85919523e+00  7.57601357e+00  1.10552454e+01
   89   89
  1.05904305e+00  0.00000000e+00  1.06076682e+00  1.00000001e-01  1.06633604e+00
  2.00000003e-01  1.07534456e+00  3.00000012e-01  1.08121097e+00  3.49999994e-01
  1.09274471e+00  4.49999988e-01  1.10390270e+00  5.50000012e-01  1.10982263e+00
  6.00000024e-01  1.12059188e+00  6.99999988e-01  1.13139153e+00  8.00000012e-01
  1.13773990e+00  8.50000024e-01  1.14717841e+00  9.49999988e-01  1.15279865e+00
  1.05009806e+00  1.15568244e+00  1.10019612e+00  1.21187496e+00  1.09117532e+00
  1.26499999e+00  1.08000636e+00  1.31812501e+00  1.06739151e+00  1.37125003e+00
  1.05324936e+00  1.39781249e+00  1.04580009e+00  1.45093751e+00  1.03081465e+00
  1.50406253e+00  1.01365256e+00  1.54056168e+00  1.00000000e+00  1.58375001e+00
  9.83873725e-01  1.63687503e+00  9.59916830e-01  1.66343749e+00  9.46650147e-01
  1.71656251e+00  9.17619467e-01  1.74419391e+00  8.99999976e-01  1.79624999e+00
  8.65584135e-01  1.82281256e+00  8.45709980e-01  1.87593746e+00  8.02071273e-01
  1.90250003e+00  7.79176056e-01  1.93309391e+00  7.50000000e-01  1.98218751e+00
  7.00350821e-01  2.00874996e+00  6.72018826e-01  2.03531241e+00  6.41364694e-01
  2.06806111e+00  6.00000024e-01  2.10450768e+00  5.50000012e-01  2.13671064e+00
  5.00000000e-01  2.16507292e+00  4.49999988e-01  2.19016314e+00  4.00000006e-01
  2.21251845e+00  3.49999994e-01  2.23252130e+00  3.00000012e-01  2.25034928e+00
  2.50000000e-01  2.27437496e+00  1.72034889e-01  2.29139781e+00  1.00000001e-01
  2.30093741e+00  1.09164938e-02  2.30120683e+00 -5.00000007e-02  2.29662323e+00
 -1.00000001e-01  2.27599931e+00 -2.00000003e-01  2.26250935e+00 -2.50000000e-01
  2.24625731e+00 -3.00000012e-01  2.22125006e+00 -3.64866495e-01  2.19468760e+00
 -4.26094055e-01  2.16812491e+00 -4.78849679e-01  2.14156246e+00 -5.24611354e-01
  2.11500001e+00 -5.64854443e-01  2.08843756e+00 -6.00707054e-01  2.04832220e+00
 -6.49999976e-01  2.00874996e+00 -6.92534208e-01  1.98218751e+00 -7.18175113e-01
  1.94556296e+00 -7.50000000e-01  1.90250003e+00 -7.84280300e-01  1.87593746e+00
 -8.02529395e-01  1.82281256e+00 -8.36727798e-01  1.79624999e+00 -8.50732863e-01
  1.74312496e+00 -8.77281904e-01  1.69000006e+00 -8.97362590e-01  1.66343749e+00
 -9.05739307e-01  1.61031246e+00 -9.19505358e-01  1.55718756e+00 -9.28108394e-01
  1.50406253e+00 -9.31339860e-01  1.45093751e+00 -9.28479135e-01  1.39781249e+00
 -9.17808950e-01  1.35337961e+00 -8.99999976e-01  1.31812501e+00 -8.80300164e-01
  1.28169107e+00 -8.50000024e-01  1.23849297e+00 -8.00000012e-01  1.21187496e+00
 -7.57927954e-01  1.18531251e+00 -7.04609513e-01  1.16374719e+00 -6.49999976e-01
  1.14662576e+00 -6.00000024e-01  1.13172340e+00 -5.50000012e-01  1.10799146e+00
 -4.49999988e-01  1.09763372e+00 -4.00000006e-01  1.08108079e+00 -3.00000012e-01
  1.07413590e+00 -2.50000000e-01  1.06466031e+00 -1.50000006e-01  1.05979991e+00
 -5.00000007e-02  1.05904305e+00  0.00000000e+00
  1.01600003e+00  0.00000000e+00  1.01600003e+00  9.63999987e-01  1.01800001e+00
  9.67999995e-01  1.01800001e+00  1.00100005e+00  1.01800001e+00  1.01900005e+00
  1.01800001e+00  1.07700002e+00  1.01800001e+00  1.07000005e+00  1.01800001e+00
  1.09599996e+00  1.01800001e+00  1.11300004e+00  1.01800001e+00  1.13800001e+00
  1.01600003e+00  1.14699996e+00  1.01199996e+00  1.16499996e+00  1.00100005e+00
  1.21700001e+00  1.02900004e+00  1.21700001e+00  1.04200006e+00  1.16240001e+00
  1.04600000e+00  1.16237998e+00  1.05599999e+00  1.16260004e+00  1.09700000e+00
  1.16450000e+00  1.10800004e+00  1.16594005e+00  1.11600006e+00  1.16591001e+00
  1.13399994e+00  1.16895998e+00  1.14800000e+00  1.17174995e+00  1.16199994e+00
  1.17556000e+00  1.18099999e+00  1.18299997e+00  1.18200004e+00  1.18350005e+00
  1.18499994e+00  1.18499994e+00  1.19000006e+00  1.18799996e+00  1.19500005e+00
  1.19099998e+00  1.20099998e+00  1.19599998e+00  1.20899999e+00  1.20200002e+00
  1.21500003e+00  1.20799994e+00  1.22200000e+00  1.21399999e+00  1.22800004e+00
  1.22099996e+00  1.23399997e+00  1.23099995e+00  1.23899996e+00  1.23800004e+00
  1.24199998e+00  1.24399996e+00  1.24800003e+00  1.25399995e+00  1.25800002e+00
  1.27800000e+00  1.26300001e+00  1.28999996e+00  1.27999997e+00  1.33099997e+00
  1.27999997e+00  1.34700000e+00  1.27999997e+00  1.34800005e+00  1.30999994e+00
  1.34800005e+00  1.32799995e+00  1.34800005e+00  1.36099994e+00  1.34800005e+00
  1.38000000e+00  1.34800005e+00  1.41900003e+00  1.34800005e+00  1.41900003e+00
  1.30999994e+00  1.37199998e+00  1.30999994e+00  1.37199998e+00  1.29200006e+00
  1.60800004e+00  1.09500003e+00  1.64699996e+00  1.07700002e+00  1.78499997e+00
  1.07700002e+00  2.06999993e+00  1.03999996e+00  2.12800002e+00  9.92999971e-01
  2.24499989e+00  7.08999991e-01  2.32299995e+00  5.18999994e-01  2.37700009e+00
  3.88999999e-01  2.35200000e+00  4.00000006e-01  2.35100007e+00  3.37000012e-01
  2.35100007e+00  2.04999998e-01  2.35400009e+00  6.80000037e-02  2.35400009e+00
  0.00000000e+00  2.35400009e+00 -6.80000037e-02  2.35299993e+00 -2.04999998e-01
  2.35100007e+00 -3.37000012e-01  2.35299993e+00 -4.00000006e-01  2.37700009e+00
 -3.88999999e-01  2.13400006e+00 -9.72999990e-01  1.78600001e+00 -1.17400002e+00
  1.76800001e+00 -1.21099997e+00  1.76800001e+00 -1.25399995e+00  1.68200004e+00
 -1.25399995e+00  1.67400002e+00 -1.26199996e+00  1.67400002e+00 -1.32900000e+00
  1.68099999e+00 -1.33899999e+00  1.75399995e+00 -1.33899999e+00  1.75399995e+00
 -1.36800003e+00  1.68900001e+00 -1.36800003e+00  1.68900001e+00 -1.36600006e+00
  1.55499995e+00 -1.36600006e+00  1.41199994e+00 -1.36600006e+00  1.27300000e+00
 -1.36600006e+00  1.15300000e+00 -1.36600006e+00  1.01600003e+00 -1.22899997e+00
  1.01600003e+00 -8.00000012e-01  1.01600003e+00 -4.14999992e-01  1.01600003e+00
 -4.00000006e-01  1.01600003e+00  0.00000000e+00
    0 0.000000000e+00    0
  0.00000000e+00  1.13584898e-01  1.63398549e-01  2.03242853e-01  2.36773461e-01
  2.68403172e-01  2.97578216e-01  3.24580967e-01  3.49858046e-01  3.73458833e-01
  3.95696729e-01  4.16511595e-01  4.36158806e-01  4.54706430e-01  4.72202867e-01
  4.88829345e-01  5.04573166e-01  5.19647181e-01  5.34015715e-01  5.47707379e-01
  5.60947478e-01  5.73681533e-01  5.85917056e-01  5.97784221e-01  6.09264135e-01
  6.20470583e-01  6.31390333e-01  6.42017484e-01  6.52361155e-01  6.62514865e-01
  6.72534823e-01  6.82374716e-01  6.91983879e-01  7.01465786e-01  7.10825562e-01
  7.20085025e-01  7.29261756e-01  7.38317966e-01  7.47279167e-01  7.56198466e-01
  7.65038669e-01  7.73834765e-01  7.82628953e-01  7.91372120e-01  8.00095320e-01
  8.08828235e-01  8.17561746e-01  8.26308250e-01  8.35101008e-01  8.43933165e-01
  8.52839768e-01  8.61809254e-01  8.70877683e-01  8.80046248e-01  8.89343500e-01
  8.98837447e-01  9.08448994e-01  9.18321609e-01  9.28431451e-01  9.38850462e-01
  9.49648082e-01  9.60817158e-01  9.72647429e-01  9.85366523e-01  1.00000000e+00
    0
