   EFIT?   05/12/98      #102940  1246             3  65  65
  1.70000005e+00  3.20000005e+00  1.69550002e+00  8.39999974e-01  0.00000000e+00
  1.78142178e+00  2.56539825e-02 -2.72771508e-01  1.91601366e-03 -2.00165272e+00
  1.47013300e+06 -2.72771508e-01  0.00000000e+00  1.78142178e+00  0.00000000e+00
  2.56539825e-02  0.00000000e+00  1.91601366e-03  0.00000000e+00  0.00000000e+00
 -3.42582202e+00 -3.43492889e+00 -3.44241834e+00 -3.44847298e+00 -3.45325589e+00
 -3.45691347e+00 -3.45957780e+00 -3.46136761e+00 -3.46238995e+00 -3.46274161e+00
 -3.46250916e+00 -3.46177149e+00 -3.46059918e+00 -3.45905614e+00 -3.45719981e+00
 -3.45508170e+00 -3.45274806e+00 -3.45024061e+00 -3.44759560e+00 -3.44484615e+00
 -3.44202065e+00 -3.43914485e+00 -3.43624163e+00 -3.43333197e+00 -3.43043470e+00
 -3.42756724e+00 -3.42474484e+00 -3.42198181e+00 -3.41929030e+00 -3.41668200e+00
 -3.41416693e+00 -3.41175365e+00 -3.40945053e+00 -3.40726399e+00 -3.40520024e+00
 -3.40326405e+00 -3.40145969e+00 -3.39979029e+00 -3.39825845e+00 -3.39686584e+00
 -3.39561319e+00 -3.39450073e+00 -3.39352775e+00 -3.39269280e+00 -3.39199328e+00
 -3.39142632e+00 -3.39098811e+00 -3.39067316e+00 -3.39047623e+00 -3.39039016e+00
 -3.39040709e+00 -3.39051819e+00 -3.39071345e+00 -3.39098096e+00 -3.39130831e+00
 -3.39168119e+00 -3.39208341e+00 -3.39249754e+00 -3.39290404e+00 -3.39328122e+00
 -3.39360547e+00 -3.39385009e+00 -3.39398646e+00 -3.39398217e+00 -3.39380240e+00
  9.84630781e+04  8.87944062e+04  8.01500469e+04  7.24538828e+04  6.56335547e+04
  5.96203359e+04  5.43489180e+04  4.97573320e+04  4.57867695e+04  4.23814727e+04
  3.94886016e+04  3.70581328e+04  3.50427266e+04  3.33976445e+04  3.20806445e+04
  3.10518828e+04  3.02738242e+04  2.97111758e+04  2.93307930e+04  2.91016094e+04
  2.89945801e+04  2.89825996e+04  2.90404590e+04  2.91447812e+04  2.92739727e+04
  2.94081719e+04  2.95292129e+04  2.96205801e+04  2.96673730e+04  2.96562754e+04
  2.95755215e+04  2.94148750e+04  2.91656055e+04  2.88204668e+04  2.83736836e+04
  2.78209375e+04  2.71593574e+04  2.63875137e+04  2.55054180e+04  2.45145156e+04
  2.34176973e+04  2.22193008e+04  2.09251172e+04  1.95424141e+04  1.80799414e+04
  1.65479551e+04  1.49582393e+04  1.33241318e+04  1.16605527e+04  9.98404004e+03
  8.31278125e+03  6.66665918e+03  5.06729004e+03  3.53807397e+03  2.10424658e+03
  7.92933594e+02 -3.66789673e+02 -1.34383386e+03 -2.10502783e+03 -2.61504468e+03
 -2.83632568e+03 -2.72899658e+03 -2.25078027e+03 -1.35690369e+03  0.00000000e+00
  7.95372105e+00  6.60351992e+00  5.39767742e+00  4.32309341e+00  3.36782289e+00
  2.52096915e+00  1.77258980e+00  1.11360824e+00  5.35734236e-01  3.13910954e-02
 -4.06351358e-01 -7.83837378e-01 -1.10688126e+00 -1.38081849e+00 -1.61055267e+00
 -1.80059838e+00 -1.95512152e+00 -2.07797503e+00 -2.17273402e+00 -2.24272561e+00
 -2.29098248e+00 -2.31977367e+00 -2.33094096e+00 -2.32616949e+00 -2.30700469e+00
 -2.27486515e+00 -2.23105526e+00 -2.17677689e+00 -2.11313987e+00 -2.04117179e+00
 -1.96182668e+00 -1.87599385e+00 -1.78450561e+00 -1.68814433e+00 -1.58764982e+00
 -1.48372519e+00 -1.37704360e+00 -1.26825404e+00 -1.15798676e+00 -1.04685903e+00
 -9.35480654e-01 -8.24459195e-01 -7.14405358e-01 -6.05938315e-01 -4.99691218e-01
 -3.96316797e-01 -2.96492994e-01 -2.00928956e-01 -1.10371359e-01 -2.56108940e-02
  5.25107794e-02  1.23093590e-01  1.85171172e-01  2.37702355e-01  2.79561967e-01
  3.09531003e-01  3.26285928e-01  3.28386843e-01  3.14265102e-01  2.82209307e-01
  2.30350301e-01  1.56644806e-01  5.88573404e-02 -6.54593632e-02 -2.18985900e-01
 -2.37659625e+06 -2.12884950e+06 -1.89928475e+06 -1.68700612e+06 -1.49115550e+06
 -1.31091088e+06 -1.14548462e+06 -9.94121500e+05 -8.56097312e+05 -7.30717188e+05
 -6.17314000e+05 -5.15246875e+05 -4.23900000e+05 -3.42681031e+05 -2.71019906e+05
 -2.08367516e+05 -1.54194625e+05 -1.07990594e+05 -6.92623047e+04 -3.75330664e+04
 -1.23415654e+04  6.75913672e+03  2.02025957e+04  2.84099375e+04  3.17907754e+04
  3.07441191e+04  2.56592461e+04  1.69165625e+04  4.88843213e+03 -1.00599990e+04
 -2.75700039e+04 -4.72884844e+04 -6.88671953e+04 -9.19619844e+04 -1.16232023e+05
 -1.41339078e+05 -1.66946734e+05 -1.92719688e+05 -2.18323031e+05 -2.43421406e+05
 -2.67678438e+05 -2.90755812e+05 -3.12312719e+05 -3.32004906e+05 -3.49484094e+05
 -3.64397125e+05 -3.76385156e+05 -3.85083000e+05 -3.90118156e+05 -3.91110156e+05
 -3.87669531e+05 -3.79397219e+05 -3.65883406e+05 -3.46706844e+05 -3.21433812e+05
 -2.89617156e+05 -2.50795391e+05 -2.04491641e+05 -1.50212531e+05 -8.74472344e+04
 -1.56662090e+04  6.56798672e+04  1.57161359e+05  2.59370859e+05  3.72924594e+05
  4.35254090e-02  3.62204909e-02  2.83454023e-02  1.99218858e-02  1.11027714e-02
  2.17992510e-03 -6.19708607e-03 -1.37893492e-02 -2.28733942e-02 -1.04394406e-02
 -4.18577017e-03 -6.15662313e-04 -2.22910006e-04  2.79474794e-03  1.10418126e-02
  1.46918409e-02  2.18535103e-02  3.37095633e-02  4.11178656e-02  5.41223958e-02
  7.24480227e-02  8.87349769e-02  1.04241237e-01  1.19670726e-01  1.35528728e-01
  1.52273580e-01  1.70414492e-01  1.90609515e-01  2.13798180e-01  2.41085812e-01
  2.66704798e-01  2.80665100e-01  2.93774605e-01  2.94927120e-01  2.95144945e-01
  2.81696141e-01  2.66997874e-01  2.56090641e-01  2.47963205e-01  2.41826832e-01
  2.37184554e-01  2.33713582e-01  2.31192708e-01  2.29460269e-01  2.28390798e-01
  2.27881849e-01  2.27846473e-01  2.28208557e-01  2.28899673e-01  2.29856983e-01
  2.31021926e-01  2.32339352e-01  2.33757153e-01  2.35226348e-01  2.36701399e-01
  2.38140732e-01  2.39507452e-01  2.40769923e-01  2.41902366e-01  2.42885157e-01
  2.43704915e-01  2.44354203e-01  2.44831145e-01  2.45138615e-01  2.45283380e-01
  3.59791405e-02  2.69507822e-02  1.68688837e-02  5.57104638e-03 -6.68063480e-03
 -1.91035587e-02 -3.42329293e-02 -3.43932062e-02 -3.38154621e-02 -2.21317466e-02
 -1.25952419e-02 -5.84022561e-03 -9.47603490e-04  4.54655476e-03  1.14006558e-02
  1.77395809e-02  2.55925059e-02  3.52997631e-02  4.49900441e-02  5.70403300e-02
  7.15164095e-02  8.61748382e-02  1.00884750e-01  1.15887500e-01  1.31492883e-01
  1.48062721e-01  1.66046232e-01  1.86051175e-01  2.08971456e-01  2.36005172e-01
  2.61854202e-01  2.75108844e-01  2.88818568e-01  2.89456815e-01  2.90612489e-01
  2.77016938e-01  2.62860268e-01  2.52551973e-01  2.44997159e-01  2.39429399e-01
  2.35363528e-01  2.32477933e-01  2.30548888e-01  2.29412898e-01  2.28944242e-01
  2.29041174e-01  2.29617402e-01  2.30596527e-01  2.31908470e-01  2.33487070e-01
  2.35268593e-01  2.37191051e-01  2.39194006e-01  2.41219029e-01  2.43210599e-01
  2.45117351e-01  2.46893480e-01  2.48500228e-01  2.49906957e-01  2.51091927e-01
  2.52042443e-01  2.52754569e-01  2.53232002e-01  2.53485054e-01  2.53528804e-01
  3.04093044e-02  2.04023961e-02  8.87334719e-03 -4.94296383e-03 -2.22678129e-02
 -3.23588513e-02 -3.84693407e-02 -3.52825522e-02 -2.91408431e-02 -1.97102167e-02
 -1.09150354e-02 -3.39106075e-03  3.38133588e-03  9.96663794e-03  1.67538542e-02
  2.39704512e-02  3.18498090e-02  4.05474268e-02  5.01400754e-02  6.07315861e-02
  7.22855404e-02  8.45973268e-02  9.75113288e-02  1.11004613e-01  1.25154048e-01
  1.40097067e-01  1.56005487e-01  1.73056856e-01  1.91356346e-01  2.10536033e-01
  2.27932960e-01  2.40818962e-01  2.50317425e-01  2.54719257e-01  2.55527914e-01
  2.51219660e-01  2.44984433e-01  2.39450082e-01  2.35027552e-01  2.31687024e-01
  2.29322121e-01  2.27819353e-01  2.27075055e-01  2.26998150e-01  2.27508441e-01
  2.28533775e-01  2.30007201e-01  2.31864542e-01  2.34042317e-01  2.36476302e-01
  2.39100382e-01  2.41846263e-01  2.44643688e-01  2.47421592e-01  2.50110030e-01
  2.52642751e-01  2.54960150e-01  2.57012278e-01  2.58761287e-01  2.60183007e-01
  2.61267304e-01  2.62017429e-01  2.62447923e-01  2.62582272e-01  2.62449950e-01
  2.73943674e-02  1.77465323e-02  6.97711017e-03 -5.48704527e-03 -1.96792260e-02
 -2.57510860e-02 -2.54217871e-02 -2.15712152e-02 -1.59639958e-02 -9.98081733e-03
 -3.81101621e-03  2.37639109e-03  8.55939742e-03  1.48364808e-02  2.13477965e-02
  2.82305758e-02  3.56040671e-02  4.35612760e-02  5.21644503e-02  6.14419952e-02
  7.13833049e-02  8.19467381e-02  9.30846110e-02  1.04763985e-01  1.16968974e-01
  1.29685864e-01  1.42873690e-01  1.56415299e-01  1.70039624e-01  1.83232486e-01
  1.95261151e-01  2.05443442e-01  2.13357255e-01  2.18822673e-01  2.21916646e-01
  2.22993523e-01  2.22726449e-01  2.21870884e-01  2.20975876e-01  2.20352024e-01
  2.20152199e-01  2.20440939e-01  2.21235424e-01  2.22527236e-01  2.24293590e-01
  2.26502717e-01  2.29116172e-01  2.32089281e-01  2.35370845e-01  2.38902286e-01
  2.42616743e-01  2.46438667e-01  2.50284135e-01  2.54062563e-01  2.57680207e-01
  2.61044979e-01  2.64072806e-01  2.66693801e-01  2.68857539e-01  2.70536542e-01
  2.71726876e-01  2.72446454e-01  2.72730768e-01  2.72627503e-01  2.72190779e-01
  2.59554051e-02  1.76573638e-02  9.45634115e-03  1.41209376e-03 -5.74391894e-03
 -9.11159534e-03 -8.91276821e-03 -7.08949566e-03 -4.11663810e-03 -3.17274360e-04
  4.05285507e-03  8.83202907e-03  1.39400829e-02  1.93600059e-02  2.51156352e-02
  3.12508121e-02  3.78138162e-02  4.48469073e-02  5.23796529e-02  6.04251586e-02
  6.89791292e-02  7.80220628e-02  8.75233337e-02  9.74440053e-02  1.07734837e-01
  1.18328154e-01  1.29123658e-01  1.39970601e-01  1.50652632e-01  1.60888314e-01
  1.70362055e-01  1.78782314e-01  1.85939834e-01  1.91743970e-01  1.96237832e-01
  1.99594423e-01  2.02086985e-01  2.04030350e-01  2.05717742e-01  2.07383320e-01
  2.09195524e-01  2.11266875e-01  2.13667676e-01  2.16438040e-01  2.19596297e-01
  2.23144546e-01  2.27071643e-01  2.31354281e-01  2.35956758e-01  2.40829512e-01
  2.45906994e-01  2.51105458e-01  2.56321549e-01  2.61433065e-01  2.66303927e-01
  2.70793498e-01  2.74769723e-01  2.78123528e-01  2.80780196e-01  2.82707006e-01
  2.83914417e-01  2.84451723e-01  2.84396827e-01  2.83843547e-01  2.82889456e-01
  2.34295987e-02  1.61254350e-02  1.08571071e-02  7.12477975e-03  4.42253007e-03
  2.87689921e-03  2.60321097e-03  3.47120664e-03  5.27289789e-03  7.82321766e-03
  1.09755648e-02  1.46230701e-02  1.86967961e-02  2.31603757e-02  2.80021019e-02
  3.32261287e-02  3.88443023e-02  4.48694192e-02  5.13101742e-02  5.81677929e-02
  6.54341206e-02  7.30908215e-02  8.11090842e-02  8.94487575e-02  9.80563685e-02
  1.06861584e-01  1.15772881e-01  1.24674141e-01  1.33424968e-01  1.41867667e-01
  1.49842381e-01  1.57208160e-01  1.63864538e-01  1.69767782e-01  1.74938321e-01
  1.79457799e-01  1.83455899e-01  1.87089771e-01  1.90521792e-01  1.93902120e-01
  1.97358623e-01  2.00993896e-01  2.04886571e-01  2.09094450e-01  2.13657811e-01
  2.18602166e-01  2.23939747e-01  2.29669675e-01  2.35776678e-01  2.42227882e-01
  2.48967677e-01  2.55910367e-01  2.62931734e-01  2.69862145e-01  2.76487947e-01
  2.82568842e-01  2.87870973e-01  2.92202622e-01  2.95439720e-01  2.97540009e-01
  2.98547328e-01  2.98582554e-01  2.97817558e-01  2.96439737e-01  2.94623047e-01
  1.65345278e-02  6.60726149e-03  8.51347856e-03  1.00004440e-02  9.91456117e-03
  9.81281232e-03  1.01006264e-02  1.09122600e-02  1.22688729e-02  1.41430078e-02
  1.64917167e-02  1.92731302e-02  2.24539638e-02  2.60118395e-02  2.99344882e-02
  3.42172533e-02  3.88598628e-02  4.38631698e-02  4.92262617e-02  5.49441539e-02
  6.10060431e-02  6.73940331e-02  7.40821287e-02  8.10352862e-02  8.82083252e-02
  9.55449194e-02  1.02977052e-01  1.10425569e-01  1.17802799e-01  1.25017688e-01
  1.31983534e-01  1.38627172e-01  1.44898072e-01  1.50775179e-01  1.56270280e-01
  1.61426783e-01  1.66314542e-01  1.71021685e-01  1.75645381e-01  1.80283487e-01
  1.85028270e-01  1.89962789e-01  1.95159316e-01  2.00679392e-01  2.06574604e-01
  2.12887466e-01  2.19652086e-01  2.26893917e-01  2.34628245e-01  2.42856279e-01
  2.51557708e-01  2.60677189e-01  2.70100951e-01  2.79619068e-01  2.88880855e-01
  2.97403902e-01  3.04705083e-01  3.10425669e-01  3.14351737e-01  3.16413462e-01
  3.16711903e-01  3.15546304e-01  3.13339591e-01  3.10484380e-01  3.07274103e-01
  2.39511114e-02  1.79294031e-02  1.51456883e-02  1.45380748e-02  1.46935442e-02
  1.50843356e-02  1.56583842e-02  1.64683294e-02  1.75637379e-02  1.89734064e-02
  2.07093060e-02  2.27736384e-02  2.51644515e-02  2.78791152e-02  3.09159085e-02
  3.42742614e-02  3.79541069e-02  4.19548005e-02  4.62738462e-02  5.09057082e-02
  5.58407307e-02  6.10642694e-02  6.65559545e-02  7.22891688e-02  7.82306865e-02
  8.43406618e-02  9.05731469e-02  9.68773067e-02  1.03199668e-01  1.09487385e-01
  1.15692332e-01  1.21775582e-01  1.27711624e-01  1.33491501e-01  1.39124438e-01
  1.44637436e-01  1.50073305e-01  1.55487165e-01  1.60942346e-01  1.66506469e-01
  1.72248006e-01  1.78233996e-01  1.84528664e-01  1.91193104e-01  1.98285654e-01
  2.05862701e-01  2.13979810e-01  2.22692937e-01  2.32059166e-01  2.42136657e-01
  2.52982438e-01  2.64645278e-01  2.77147740e-01  2.90445238e-01  3.04288238e-01
  3.17132145e-01  3.27607304e-01  3.35378349e-01  3.40200573e-01  3.41883332e-01
  3.40279281e-01  3.36012304e-01  3.30899805e-01  3.25542063e-01  3.20250273e-01
  2.14585960e-02  1.28373997e-02  1.53732076e-02  1.80707350e-02  1.91236362e-02
  1.98097415e-02  2.04162952e-02  2.10656021e-02  2.18334422e-02  2.27727219e-02
  2.39206012e-02  2.53027827e-02  2.69369744e-02  2.88355686e-02  3.10074799e-02
  3.34592015e-02  3.61952372e-02  3.92180830e-02  4.25279513e-02  4.61223535e-02
  4.99956533e-02  5.41386567e-02  5.85382804e-02  6.31773695e-02  6.80346861e-02
  7.30851442e-02  7.83005059e-02  8.36503655e-02  8.91037732e-02  9.46311504e-02
  1.00206643e-01  1.05810449e-01  1.11430973e-01  1.17066421e-01  1.22725703e-01
  1.28428429e-01  1.34204090e-01  1.40090689e-01  1.46132916e-01  1.52380377e-01
  1.58886015e-01  1.65704995e-01  1.72894225e-01  1.80512443e-01  1.88621163e-01
  1.97286189e-01  2.06580102e-01  2.16585636e-01  2.27400661e-01  2.39145070e-01
  2.51971245e-01  2.66080230e-01  2.81747937e-01  2.99355537e-01  3.19201142e-01
  3.38876933e-01  3.52330148e-01  3.63576829e-01  3.69477928e-01  3.70814174e-01
  3.68283927e-01  3.58734488e-01  3.48832250e-01  3.39967579e-01  3.32096964e-01
  3.16166133e-02  2.62076985e-02  2.40579154e-02  2.39516031e-02  2.43629646e-02
  2.47437451e-02  2.50301491e-02  2.52758227e-02  2.55484711e-02  2.59069037e-02
  2.63977461e-02  2.70568021e-02  2.79112868e-02  2.89819129e-02  3.02845389e-02
  3.18313390e-02  3.36315557e-02  3.56919095e-02  3.80167887e-02  4.06082571e-02
  4.34660390e-02  4.65874150e-02  4.99671511e-02  5.35974689e-02  5.74680828e-02
  6.15664497e-02  6.58782125e-02  7.03878999e-02  7.50799403e-02  7.99398571e-02
  8.49556252e-02  9.01190639e-02  9.54269990e-02  1.00882202e-01  1.06493890e-01
  1.12277836e-01  1.18256114e-01  1.24456644e-01  1.30912483e-01  1.37661189e-01
  1.44744247e-01  1.52206838e-01  1.60097957e-01  1.68471038e-01  1.77385271e-01
  1.86907664e-01  1.97116196e-01  2.08104476e-01  2.19988555e-01  2.32917145e-01
  2.47087404e-01  2.62770176e-01  2.80352175e-01  3.00405145e-01  3.23682934e-01
  3.48619968e-01  3.66017073e-01  3.79795462e-01  3.88096869e-01  3.89780432e-01
  3.88024092e-01  3.76525164e-01  3.62632751e-01  3.50548297e-01  3.40449303e-01
  3.42124216e-02  2.72005517e-02  2.78927721e-02  2.97418907e-02  3.02008297e-02
  3.01249921e-02  2.98086461e-02  2.93931514e-02  2.89666597e-02  2.85915043e-02
  2.83143558e-02  2.81712394e-02  2.81905178e-02  2.83948760e-02  2.88027115e-02
  2.94291060e-02  3.02865095e-02  3.13851982e-02  3.27335894e-02  3.43384296e-02
  3.62050049e-02  3.83372828e-02  4.07379456e-02  4.34083045e-02  4.63481918e-02
  4.95559275e-02  5.30284680e-02  5.67617416e-02  6.07512258e-02  6.49927184e-02
  6.94832727e-02  7.42221400e-02  7.92116076e-02  8.44574943e-02  8.99692997e-02
  9.57602262e-02  1.01847216e-01  1.08250886e-01  1.14995435e-01  1.22108608e-01
  1.29621655e-01  1.37569562e-01  1.45991370e-01  1.54931054e-01  1.64438561e-01
  1.74571767e-01  1.85398966e-01  1.97002560e-01  2.09484115e-01  2.22971469e-01
  2.37628192e-01  2.53665864e-01  2.71358460e-01  2.91056871e-01  3.13227326e-01
  3.38557571e-01  3.61895412e-01  3.74590188e-01  3.87507111e-01  3.89284909e-01
  3.89415234e-01  3.82303655e-01  3.67157161e-01  3.53669107e-01  3.42773587e-01
  4.70801033e-02  4.22066860e-02  3.97750065e-02  3.85885946e-02  3.74582484e-02
  3.61891203e-02  3.48396227e-02  3.34747583e-02  3.21435668e-02  3.08837648e-02
  2.97259632e-02  2.86959708e-02  2.78160628e-02  2.71057487e-02  2.65823044e-02
  2.62611695e-02  2.61562634e-02  2.62802653e-02  2.66448148e-02  2.72606686e-02
  2.81380489e-02  2.92874873e-02  3.07198651e-02  3.24459299e-02  3.44756432e-02
  3.68176550e-02  3.94789465e-02  4.24647592e-02  4.57788371e-02  4.94239740e-02
  5.34029491e-02  5.77196442e-02  6.23801351e-02  6.73929751e-02  7.27680475e-02
  7.85162076e-02  8.46496522e-02  9.11822766e-02  9.81299803e-02  1.05510898e-01
  1.13345705e-01  1.21657960e-01  1.30474463e-01  1.39825746e-01  1.49746716e-01
  1.60277545e-01  1.71464801e-01  1.83362946e-01  1.96035832e-01  2.09558427e-01
  2.24017978e-01  2.39514202e-01  2.56157488e-01  2.74065673e-01  2.93371260e-01
  3.14370275e-01  3.38645935e-01  3.52996200e-01  3.62130940e-01  3.72739732e-01
  3.68697613e-01  3.71692717e-01  3.58434021e-01  3.46264243e-01  3.37396353e-01
  5.95195219e-02  5.56132235e-02  5.17747737e-02  4.82646227e-02  4.51747328e-02
  4.23783362e-02  3.97691913e-02  3.72958481e-02  3.49401534e-02  3.27008627e-02
  3.05851270e-02  2.86042988e-02  2.67717782e-02  2.51018796e-02  2.36091968e-02
  2.23082528e-02  2.12133881e-02  2.03388482e-02  1.96989514e-02  1.93071533e-02
  1.91756431e-02  1.93214212e-02  1.97653174e-02  2.05297358e-02  2.16366556e-02
  2.31061541e-02  2.49553863e-02  2.71979664e-02  2.98437923e-02  3.28994058e-02
  3.63692343e-02  4.02580984e-02  4.45749126e-02  4.93352003e-02  5.45504168e-02
  6.02281056e-02  6.63743168e-02  7.29954615e-02  8.00983831e-02  8.76907259e-02
  9.57815647e-02  1.04381911e-01  1.13504812e-01  1.23165265e-01  1.33380145e-01
  1.44168079e-01  1.55549124e-01  1.67544141e-01  1.80173427e-01  1.93454221e-01
  2.07396060e-01  2.21992582e-01  2.37207189e-01  2.52946794e-01  2.69008845e-01
  2.84957319e-01  2.99890578e-01  3.12578291e-01  3.22473645e-01  3.29418212e-01
  3.33282620e-01  3.34333539e-01  3.32780063e-01  3.29587013e-01  3.25928420e-01
  6.92694411e-02  6.59406409e-02  6.08912744e-02  5.59756793e-02  5.16733676e-02
  4.77256328e-02  4.40204814e-02  4.04985510e-02  3.71280015e-02  3.38940807e-02
  3.07930689e-02  2.78283767e-02  2.50080731e-02  2.23432407e-02  1.98468138e-02
  1.75327100e-02  1.54152690e-02  1.35096908e-02  1.18361823e-02  1.04122907e-02
  9.23070405e-03  8.31867941e-03  7.71512464e-03  7.46117253e-03  7.59595586e-03
  8.15439411e-03  9.16574802e-03  1.06524378e-02  1.26289558e-02  1.51010249e-02
  1.80658493e-02  2.15160884e-02  2.54550017e-02  2.99428981e-02  3.49920727e-02
  4.05980349e-02  4.67541367e-02  5.34591191e-02  6.07095584e-02  6.85003996e-02
  7.68274143e-02  8.56889114e-02  9.50844213e-02  1.05013758e-01  1.15476221e-01
  1.26469761e-01  1.37989879e-01  1.50027931e-01  1.62568539e-01  1.75585598e-01
  1.89036310e-01  2.02852428e-01  2.16927350e-01  2.31098250e-01  2.45123565e-01
  2.58664846e-01  2.71299899e-01  2.82598108e-01  2.92222977e-01  2.99977601e-01
  3.05806398e-01  3.09794724e-01  3.12166154e-01  3.13266069e-01  3.13480645e-01
  7.45991394e-02  7.08909035e-02  6.64062500e-02  6.15233146e-02  5.66448756e-02
  5.19056171e-02  4.73188460e-02  4.28714268e-02  3.85503657e-02  3.43484581e-02
  3.02646048e-02  2.63029523e-02  2.24719197e-02  1.87833272e-02  1.52514661e-02
  1.18915578e-02  8.71630386e-03  5.72734093e-03  2.97794375e-03  5.67393785e-04
 -1.74134166e-03 -3.82798305e-03 -5.60179446e-03 -6.98803179e-03 -7.92286824e-03
 -8.35181773e-03 -8.22977722e-03 -7.52215879e-03 -6.20741397e-03 -4.28202888e-03
 -1.77046878e-03  1.25436776e-03  4.62734839e-03  8.82609282e-03  1.37512488e-02
  1.93339903e-02  2.55284216e-02  3.23523730e-02  3.97903696e-02  4.78158034e-02
  5.64053617e-02  6.55491576e-02  7.52367303e-02  8.54554251e-02  9.61896405e-02
  1.07420281e-01  1.19123809e-01  1.31270587e-01  1.43822476e-01  1.56729475e-01
  1.69925392e-01  1.83322430e-01  1.96805149e-01  2.10224688e-01  2.23395780e-01
  2.36100450e-01  2.48102799e-01  2.59174675e-01  2.69125044e-01  2.77822822e-01
  2.85209030e-01  2.91299134e-01  2.96176463e-01  2.99975157e-01  3.02853853e-01
  8.14430788e-02  7.81412721e-02  7.20977783e-02  6.61174282e-02  6.05342910e-02
  5.50779328e-02  4.97036614e-02  4.44033332e-02  3.91772091e-02  3.40288803e-02
  2.89645735e-02  2.39932779e-02  1.91271454e-02  1.43821994e-02  9.77958180e-03
  5.34789544e-03  1.12790347e-03 -3.11301649e-03 -7.26519292e-03 -1.12438016e-02
 -1.50011405e-02 -1.84626412e-02 -2.15480477e-02 -2.41801273e-02 -2.62884218e-02
 -2.78109517e-02 -2.86950618e-02 -2.88979448e-02 -2.83871721e-02 -2.71412078e-02
 -2.51493547e-02 -2.24089604e-02 -1.89133678e-02 -1.46125061e-02 -9.53407027e-03
 -3.78261996e-03  2.41457811e-03  9.43911728e-03  1.71838012e-02  2.55492050e-02
  3.44574638e-02  4.39405665e-02  5.39835170e-02  6.45638555e-02  7.56526887e-02
  8.72170851e-02  9.92198214e-02  1.11618392e-01  1.24363162e-01  1.37395099e-01
  1.50643200e-01  1.64021939e-01  1.77429140e-01  1.90744907e-01  2.03832895e-01
  2.16544479e-01  2.28726730e-01  2.40233094e-01  2.50934958e-01  2.60731459e-01
  2.69555986e-01  2.77377963e-01  2.84200609e-01  2.90054560e-01  2.94989139e-01
  8.41782242e-02  8.02495703e-02  7.52566010e-02  6.95520192e-02  6.35575801e-02
  5.74618094e-02  5.13301082e-02  4.51919660e-02  3.90662290e-02  3.29675749e-02
  2.69089099e-02  2.09028814e-02  1.49632012e-02  9.10601020e-03  3.35144927e-03
 -2.27446388e-03 -7.98588898e-03 -1.37089025e-02 -1.93511080e-02 -2.48166397e-02
 -3.00132819e-02 -3.48497257e-02 -3.92382815e-02 -4.30977792e-02 -4.63555120e-02
 -4.89481054e-02 -5.08216247e-02 -5.19311614e-02 -5.22400364e-02 -5.17187044e-02
 -5.03431633e-02 -4.80928309e-02 -4.49480824e-02 -4.08902951e-02 -3.59160975e-02
 -3.00395377e-02 -2.32836884e-02 -1.56441927e-02 -7.21235573e-03  1.79174612e-03
  1.09262252e-02  2.08223071e-02  3.13190967e-02  4.23802771e-02  5.39550558e-02
  6.59972280e-02  7.84594566e-02  9.12925377e-02  1.04443289e-01  1.17852584e-01
  1.31453827e-01  1.45171776e-01  1.58921778e-01  1.72609761e-01  1.86133370e-01
  1.99384227e-01  2.12251544e-01  2.24626362e-01  2.36406028e-01  2.47497991e-01
  2.57822424e-01  2.67313510e-01  2.75919616e-01  2.83602953e-01  2.90339082e-01
  9.02194828e-02  8.66360068e-02  7.98946023e-02  7.29860291e-02  6.62144348e-02
  5.93477935e-02  5.23889847e-02  4.53672074e-02  3.83082777e-02  3.12315151e-02
  2.41514388e-02  1.70798097e-02  1.00272987e-02  3.00487923e-03 -3.97453597e-03
 -1.11155389e-02 -1.83446258e-02 -2.55671050e-02 -3.26758586e-02 -3.95601243e-02
 -4.61119637e-02 -5.22299185e-02 -5.78214563e-02 -6.28044158e-02 -6.71074912e-02
 -7.06700161e-02 -7.34411031e-02 -7.53785297e-02 -7.64473975e-02 -7.66186193e-02
 -7.58674517e-02 -7.41720274e-02 -7.15123937e-02 -6.78705126e-02 -6.32320344e-02
 -5.75872287e-02 -5.09317033e-02 -4.32706363e-02 -3.46395783e-02 -2.51183212e-02
 -1.48344859e-02 -3.92935053e-03  7.17036752e-03  1.89099554e-02  3.11490130e-02
  4.38486598e-02  5.69538847e-02  7.04165623e-02  8.41867477e-02  9.82106775e-02
  1.12430543e-01  1.26784116e-01  1.41204372e-01  1.55619264e-01  1.69951886e-01
  1.84121028e-01  1.98041826e-01  2.11626425e-01  2.24784389e-01  2.37422466e-01
  2.49444157e-01  2.60749161e-01  2.71233946e-01  2.80794770e-01  2.89333284e-01
  9.29668546e-02  8.87856930e-02  8.30309018e-02  7.61323720e-02  6.86523616e-02
  6.08977415e-02  5.30001111e-02  4.50162999e-02  3.69730555e-02  2.88843699e-02
  2.07583345e-02  1.25999497e-02  4.41205734e-03 -3.80508113e-03 -1.22620845e-02
 -2.08884496e-02 -2.95849107e-02 -3.82347181e-02 -4.67138402e-02 -5.48993796e-02
 -6.26756176e-02 -6.99377209e-02 -7.65934885e-02 -8.25637355e-02 -8.77817124e-02
 -9.21919271e-02 -9.57486331e-02 -9.84142944e-02 -1.00158013e-01 -1.00954108e-01
 -1.00780822e-01 -9.96192321e-02 -9.74523798e-02 -9.42647010e-02 -9.00417939e-02
 -8.47703218e-02 -7.84384534e-02 -7.10379034e-02 -6.25687093e-02 -5.30449338e-02
 -4.25018184e-02 -3.10080647e-02 -1.86986737e-02 -5.76425064e-03  7.29102315e-03
  2.08545942e-02  3.47821936e-02  4.90578897e-02  6.36420250e-02  7.84871653e-02
  9.35455263e-02  1.08769327e-01  1.24109782e-01  1.39516130e-01  1.54934883e-01
  1.70309052e-01  1.85576916e-01  2.00670257e-01  2.15511426e-01  2.30009079e-01
  2.44052887e-01  2.57507682e-01  2.70209581e-01  2.81967789e-01  2.92576820e-01
  1.00224286e-01  9.65250209e-02  8.90891105e-02  8.01112652e-02  7.10867420e-02
  6.21106438e-02  5.31332791e-02  4.41248417e-02  3.50695923e-02  2.59581953e-02
  1.67844482e-02  7.54402904e-03 -1.76632369e-03 -1.13844126e-02 -2.12555416e-02
 -3.12820971e-02 -4.13401835e-02 -5.12936860e-02 -6.10055029e-02 -7.03456402e-02
 -7.91963190e-02 -8.74544680e-02 -9.50322896e-02 -1.01856478e-01 -1.07866652e-01
 -1.13013506e-01 -1.17256790e-01 -1.20563567e-01 -1.22906588e-01 -1.24263063e-01
 -1.24613658e-01 -1.23941801e-01 -1.22233115e-01 -1.19474992e-01 -1.15656115e-01
 -1.10765882e-01 -1.04793735e-01 -9.77287367e-02 -8.95596817e-02 -8.02762508e-02
 -6.98723793e-02 -5.83541393e-02 -4.57551815e-02 -3.21598239e-02 -1.77470688e-02
 -2.79680500e-03  1.20172556e-02  2.72527076e-02  4.28231172e-02  5.86608164e-02
  7.47270212e-02  9.09919515e-02  1.07428305e-01  1.24009110e-01  1.40706778e-01
  1.57492086e-01  1.74332500e-01  1.91189110e-01  2.08011612e-01  2.24730119e-01
  2.41242841e-01  2.57398248e-01  2.72972077e-01  2.87646174e-01  3.01013678e-01
  1.05287552e-01  1.01887204e-01  9.30682719e-02  8.26334059e-02  7.24907815e-02
  6.24987260e-02  5.25469705e-02  4.25779819e-02  3.25562358e-02  2.24573929e-02
  1.22643150e-02  1.96586596e-03 -8.60069506e-03 -1.95177756e-02 -3.06908600e-02
 -4.19907756e-02 -5.32701313e-02 -6.43773675e-02 -7.51672834e-02 -8.55078250e-02
 -9.52836573e-02 -1.04397044e-01 -1.12767115e-01 -1.20327994e-01 -1.27026469e-01
 -1.32819533e-01 -1.37672186e-01 -1.41555309e-01 -1.44444197e-01 -1.46317378e-01
 -1.47155821e-01 -1.46942705e-01 -1.45663351e-01 -1.43305406e-01 -1.39858827e-01
 -1.35315746e-01 -1.29669651e-01 -1.22914098e-01 -1.15040958e-01 -1.06038742e-01
 -9.58918408e-02 -8.45824853e-02 -7.20977187e-02 -5.84444515e-02 -4.36774343e-02
 -2.79432051e-02 -1.15562836e-02  4.95349662e-03  2.17546504e-02  3.87246199e-02
  5.59049211e-02  7.33070970e-02  9.09328312e-02  1.08782075e-01  1.26856253e-01
  1.45159304e-01  1.63697496e-01  1.82477668e-01  2.01503396e-01  2.20767483e-01
  2.40237653e-01  2.59830266e-01  2.79360622e-01  2.98436761e-01  3.16207021e-01
  1.05381511e-01  1.01186886e-01  9.31822509e-02  8.31019208e-02  7.25199953e-02
  6.18394986e-02  5.11108115e-02  4.03157473e-02  2.94252336e-02  1.84112713e-02
  7.24930549e-03 -4.08046786e-03 -1.58349741e-02 -2.79471222e-02 -4.02944721e-02
 -5.27238399e-02 -6.50709048e-02 -7.71747082e-02 -8.88872370e-02 -1.00078672e-01
 -1.10639192e-01 -1.20478489e-01 -1.29523829e-01 -1.37717366e-01 -1.45013347e-01
 -1.51375264e-01 -1.56773329e-01 -1.61182269e-01 -1.64579555e-01 -1.66944146e-01
 -1.68255761e-01 -1.68494731e-01 -1.67642415e-01 -1.65682197e-01 -1.62600428e-01
 -1.58387437e-01 -1.53037786e-01 -1.46549463e-01 -1.38921961e-01 -1.30153105e-01
 -1.20235346e-01 -1.09152816e-01 -9.68807787e-02 -8.33902508e-02 -6.86610416e-02
 -5.27074076e-02 -3.56206000e-02 -1.76265035e-02  8.40877066e-04  1.87955666e-02
  3.70497741e-02  5.55841960e-02  7.44003206e-02  9.35134217e-02  1.12949833e-01
  1.32747039e-01  1.52955011e-01  1.73638090e-01  1.94876969e-01  2.16770232e-01
  2.39434615e-01  2.63001412e-01  2.87597477e-01  3.13260555e-01  3.38934779e-01
  1.08968720e-01  1.05534874e-01  9.49382409e-02  8.29828307e-02  7.15852976e-02
  6.02689907e-02  4.88936380e-02  3.74028273e-02  2.57587768e-02  1.39279738e-02
  1.87595992e-03 -1.04606571e-02 -2.32718065e-02 -3.64429578e-02 -4.98187430e-02
 -6.32241666e-02 -7.64824674e-02 -8.94279405e-02 -1.01913542e-01 -1.13814235e-01
 -1.25027224e-01 -1.35470241e-01 -1.45078868e-01 -1.53803423e-01 -1.61605835e-01
 -1.68456674e-01 -1.74332440e-01 -1.79213032e-01 -1.83079556e-01 -1.85912669e-01
 -1.87691271e-01 -1.88392073e-01 -1.87990040e-01 -1.86459735e-01 -1.83777660e-01
 -1.79924726e-01 -1.74888760e-01 -1.68665662e-01 -1.61258966e-01 -1.52676776e-01
 -1.42926827e-01 -1.32010087e-01 -1.19914703e-01 -1.06612504e-01 -9.20614451e-02
 -7.62181729e-02 -5.90667836e-02 -4.06720750e-02 -2.12684143e-02 -1.39409688e-03
  1.80065669e-02  3.76718417e-02  5.76287508e-02  7.79178739e-02  9.85907391e-02
  1.19713850e-01  1.41374499e-01  1.63687736e-01  1.86805591e-01  2.10929796e-01
  2.36331344e-01  2.63384163e-01  2.92641610e-01  3.25151443e-01  3.65691096e-01
  1.04822129e-01  9.99745429e-02  9.15532261e-02  8.09292570e-02  6.95416406e-02
  5.78788929e-02  4.60279211e-02  3.39804105e-02  2.17104629e-02  9.19174124e-03
 -3.59625369e-03 -1.69030242e-02 -3.06736939e-02 -4.47760597e-02 -5.90366684e-02
 -7.32677579e-02 -8.72863233e-02 -1.00925967e-01 -1.14043012e-01 -1.26518220e-01
 -1.38255849e-01 -1.49181232e-01 -1.59237698e-01 -1.68383390e-01 -1.76588267e-01
 -1.83831066e-01 -1.90096468e-01 -1.95372283e-01 -1.99646696e-01 -2.02905864e-01
 -2.05131575e-01 -2.06299543e-01 -2.06378892e-01 -2.05333263e-01 -2.03123689e-01
 -1.99713022e-01 -1.95071191e-01 -1.89180210e-01 -1.82036892e-01 -1.73652276e-01
 -1.64047316e-01 -1.53244957e-01 -1.41259983e-01 -1.28089026e-01 -1.13704145e-01
 -9.80538651e-02 -8.10770690e-02 -6.27368316e-02 -4.30835187e-02 -2.23557279e-02
 -1.11701549e-03  1.95875335e-02  4.05477621e-02  6.18394800e-02  8.35260227e-02
  1.05683655e-01  1.28413841e-01  1.51852906e-01  1.76183447e-01  2.01650336e-01
  2.28583053e-01  2.57425368e-01  2.88770109e-01  3.23414952e-01  3.62694800e-01
  1.08305506e-01  1.04647823e-01  9.19767916e-02  7.90053830e-02  6.69733733e-02
  5.49490005e-02  4.27249596e-02  3.02337259e-02  1.74394008e-02  4.30945726e-03
 -9.19939112e-03 -2.33000163e-02 -3.78772281e-02 -5.27622476e-02 -6.77595511e-02
 -8.26696381e-02 -9.73051414e-02 -1.11500382e-01 -1.25115350e-01 -1.38036072e-01
 -1.50172725e-01 -1.61456943e-01 -1.71838686e-01 -1.81283429e-01 -1.89769238e-01
 -1.97283983e-01 -2.03822553e-01 -2.09384501e-01 -2.13970616e-01 -2.17578694e-01
 -2.20199317e-01 -2.21812472e-01 -2.22385496e-01 -2.21873000e-01 -2.20219433e-01
 -2.17364073e-01 -2.13248670e-01 -2.07826257e-01 -2.01069653e-01 -1.92976937e-01
 -1.83571309e-01 -1.72893375e-01 -1.60988241e-01 -1.47890255e-01 -1.33608386e-01
 -1.18116871e-01 -1.01356015e-01 -8.32488611e-02 -6.37416318e-02 -4.28780392e-02
 -2.09173076e-02  1.50406733e-03  2.32046321e-02  4.52843979e-02  6.77288696e-02
  9.05822292e-02  1.13928422e-01  1.37887508e-01  1.62620559e-01  1.88340858e-01
  2.15332434e-01  2.43978307e-01  2.74796069e-01  3.08383107e-01  3.44127268e-01
  9.95919257e-02  9.38871950e-02  8.54809731e-02  7.50996098e-02  6.36768118e-02
  5.16721085e-02  3.92362699e-02  2.64102984e-02  1.32015711e-02 -3.90562607e-04
 -1.46090724e-02 -2.94179060e-02 -4.46844548e-02 -6.02217801e-02 -7.58213624e-02
 -9.12767649e-02 -1.06398694e-01 -1.21022791e-01 -1.35012180e-01 -1.48256809e-01
 -1.60671145e-01 -1.72191471e-01 -1.82773143e-01 -1.92388088e-01 -2.01022238e-01
 -2.08673701e-01 -2.15351313e-01 -2.21071094e-01 -2.25851044e-01 -2.29705274e-01
 -2.32638210e-01 -2.34639466e-01 -2.35680267e-01 -2.35711664e-01 -2.34665573e-01
 -2.32459098e-01 -2.29002476e-01 -2.24210560e-01 -2.18016297e-01 -2.10383594e-01
 -2.01315433e-01 -1.90853536e-01 -1.79067031e-01 -1.66031078e-01 -1.51804209e-01
 -1.36409119e-01 -1.19821675e-01 -1.01974249e-01 -8.27798396e-02 -6.21868894e-02
 -4.02785316e-02 -1.74316932e-02  5.46061527e-03  2.83887070e-02  5.14454804e-02
  7.47127458e-02  9.82721373e-02  1.22213386e-01  1.46640331e-01  1.71675801e-01
  1.97466671e-01  2.24191487e-01  2.52079904e-01  2.81466126e-01  3.12505722e-01
  9.96621624e-02  9.43336114e-02  8.44152570e-02  7.28114545e-02  6.09192401e-02
  4.86308113e-02  3.59053686e-02  2.27360148e-02  9.11829248e-03 -4.95613134e-03
 -1.97306070e-02 -3.51158902e-02 -5.09453379e-02 -6.70103580e-02 -8.30899030e-02
 -9.89716202e-02 -1.14464626e-01 -1.29405394e-01 -1.43659011e-01 -1.57117724e-01
 -1.69698671e-01 -1.81341365e-01 -1.92005381e-01 -2.01668322e-01 -2.10324600e-01
 -2.17985630e-01 -2.24677056e-01 -2.30433598e-01 -2.35292375e-01 -2.39285782e-01
 -2.42434472e-01 -2.44741216e-01 -2.46185929e-01 -2.46722445e-01 -2.46277541e-01
 -2.44753242e-01 -2.42033184e-01 -2.37994105e-01 -2.32522100e-01 -2.25531697e-01
 -2.16983601e-01 -2.06894904e-01 -1.95336476e-01 -1.82414845e-01 -1.68240845e-01
 -1.52897432e-01 -1.36416554e-01 -1.18769370e-01 -9.98750851e-02 -7.96356350e-02
 -5.80058955e-02 -3.51125635e-02 -1.14297522e-02  1.20115085e-02  3.53888944e-02
  5.87828197e-02  8.22434500e-02  1.05809256e-01  1.29510328e-01  1.53363645e-01
  1.77359909e-01  2.01435864e-01  2.25415424e-01  2.48886198e-01  2.71012634e-01
  9.72268581e-02  9.13309902e-02  8.19145590e-02  7.05604032e-02  5.85035346e-02
  4.59522046e-02  3.29250768e-02  1.94154140e-02  5.40998112e-03 -9.10800509e-03
 -2.43605059e-02 -4.02271859e-02 -5.65172024e-02 -7.30056837e-02 -8.94621983e-02
 -1.05670065e-01 -1.21437147e-01 -1.36600226e-01 -1.51025265e-01 -1.64605662e-01
 -1.77260026e-01 -1.88930139e-01 -1.99579179e-01 -2.09190592e-01 -2.17769638e-01
 -2.25342706e-01 -2.31952921e-01 -2.37653509e-01 -2.42500037e-01 -2.46542275e-01
 -2.49816701e-01 -2.52339870e-01 -2.54102796e-01 -2.55066752e-01 -2.55160511e-01
 -2.54280180e-01 -2.52292871e-01 -2.49045730e-01 -2.44381726e-01 -2.38161907e-01
 -2.30291024e-01 -2.20739737e-01 -2.09554672e-01 -1.96849525e-01 -1.82775751e-01
 -1.67478859e-01 -1.51058018e-01 -1.33542463e-01 -1.14887066e-01 -9.49916840e-02
 -7.37511441e-02 -5.11472188e-02 -2.73962226e-02 -3.15652043e-03  2.02430133e-02
  4.35740091e-02  6.67875484e-02  8.98567140e-02  1.12750679e-01  1.35418430e-01
  1.57772630e-01  1.79669261e-01  2.00882822e-01  2.21084535e-01  2.39847139e-01
  9.64471176e-02  9.04797837e-02  8.06279555e-02  6.88696429e-02  5.65265752e-02
  4.37080078e-02  3.04010659e-02  1.65866055e-02  2.23984360e-03 -1.26774488e-02
 -2.83470247e-02 -4.46209274e-02 -6.12899736e-02 -7.81179443e-02 -9.48682949e-02
 -1.11321710e-01 -1.27285376e-01 -1.42596170e-01 -1.57120347e-01 -1.70751795e-01
 -1.83410123e-01 -1.95039093e-01 -2.05605313e-01 -2.15099767e-01 -2.23539740e-01
 -2.30966538e-01 -2.37439677e-01 -2.43028939e-01 -2.47805655e-01 -2.51834273e-01
 -2.55164623e-01 -2.57825553e-01 -2.59819001e-01 -2.61115491e-01 -2.61650264e-01
 -2.61321008e-01 -2.59988606e-01 -2.57482618e-01 -2.53614008e-01 -2.48197198e-01
 -2.41079643e-01 -2.32174203e-01 -2.21483320e-01 -2.09103659e-01 -1.95204496e-01
 -1.79982692e-01 -1.63606405e-01 -1.46172792e-01 -1.27690971e-01 -1.08089805e-01
 -8.72554109e-02 -6.51073083e-02 -4.17283624e-02 -1.75657850e-02  6.29971782e-03
  2.97215302e-02  5.27601205e-02  7.54139870e-02  9.76468101e-02  1.19393624e-01
  1.40558556e-01  1.61009982e-01  1.80576906e-01  1.99051529e-01  2.16202557e-01
  9.58121121e-02  8.97798762e-02  7.95953497e-02  6.75356761e-02  5.49688339e-02
  4.19326872e-02  2.83991434e-02  1.43518755e-02 -2.18179979e-04 -1.55447423e-02
 -3.15937772e-02 -4.82159927e-02 -6.51967824e-02 -8.22953582e-02 -9.92725790e-02
 -1.15908153e-01 -1.32009134e-01 -1.47412524e-01 -1.61984712e-01 -1.75619945e-01
 -1.88238770e-01 -1.99786976e-01 -2.10235327e-01 -2.19583228e-01 -2.27859750e-01
 -2.35119730e-01 -2.41436735e-01 -2.46894032e-01 -2.51575351e-01 -2.55556256e-01
 -2.58896798e-01 -2.61635244e-01 -2.63782740e-01 -2.65318602e-01 -2.66185880e-01
 -2.66287863e-01 -2.65486270e-01 -2.63603419e-01 -2.60431111e-01 -2.55749732e-01
 -2.49358386e-01 -2.41113365e-01 -2.30964571e-01 -2.18975142e-01 -2.05311492e-01
 -1.90201744e-01 -1.73873067e-01 -1.56489402e-01 -1.38118759e-01 -1.18730314e-01
 -9.82209221e-02 -7.64757320e-02 -5.34731299e-02 -2.94468235e-02 -5.10366075e-03
  1.81624815e-02  4.09997441e-02  6.33336008e-02  8.50994661e-02  1.06226176e-01
  1.26628384e-01  1.46203458e-01  1.64832160e-01  1.82383180e-01  1.98721945e-01
  9.44608971e-02  8.80613029e-02  7.82600194e-02  6.64574951e-02  5.38365319e-02
  4.06475998e-02  2.69222725e-02  1.26573984e-02 -2.15700362e-03 -1.77661031e-02
 -3.41011249e-02 -5.09930067e-02 -6.82155862e-02 -8.55217203e-02 -1.02669254e-01
 -1.19436786e-01 -1.35631129e-01 -1.51089281e-01 -1.65677786e-01 -1.79291293e-01
 -1.91851467e-01 -2.03306198e-01 -2.13631019e-01 -2.22833440e-01 -2.30952814e-01
 -2.38055214e-01 -2.44225219e-01 -2.49556229e-01 -2.54140854e-01 -2.58062422e-01
 -2.61387974e-01 -2.64162302e-01 -2.66403228e-01 -2.68096954e-01 -2.69193500e-01
 -2.69602418e-01 -2.69189358e-01 -2.67775744e-01 -2.65144020e-01 -2.61053383e-01
 -2.55268186e-01 -2.47598812e-01 -2.37946674e-01 -2.26336628e-01 -2.12919712e-01
 -1.97937995e-01 -1.81659773e-01 -1.64305374e-01 -1.45996422e-01 -1.26743585e-01
 -1.06465474e-01 -8.50411430e-02 -6.24037646e-02 -3.86902876e-02 -1.44580556e-02
  9.05301608e-03  3.19206305e-02  5.41288927e-02  7.56439418e-02  9.64162573e-02
  1.16382599e-01  1.35468245e-01  1.53590173e-01  1.70661584e-01  1.86597794e-01
  9.57824364e-02  8.98201093e-02  7.88285807e-02  6.61923811e-02  5.33026271e-02
  3.99389155e-02  2.60346364e-02  1.15740113e-02 -3.45216691e-03 -1.92843638e-02
 -3.58390696e-02 -5.29354587e-02 -7.03394115e-02 -8.77991393e-02 -1.05070263e-01
 -1.21930555e-01 -1.38186708e-01 -1.53675854e-01 -1.68264821e-01 -1.81848869e-01
 -1.94350913e-01 -2.05721006e-01 -2.15939119e-01 -2.25019544e-01 -2.33009607e-01
 -2.39983723e-01 -2.46034250e-01 -2.51261473e-01 -2.55763710e-01 -2.59629101e-01
 -2.62928843e-01 -2.65711725e-01 -2.67999589e-01 -2.69783020e-01 -2.71016836e-01
 -2.71615356e-01 -2.71448076e-01 -2.70337701e-01 -2.68063009e-01 -2.64371634e-01
 -2.59006649e-01 -2.51747668e-01 -2.42460504e-01 -2.31138557e-01 -2.17915609e-01
 -2.03037158e-01 -1.86795548e-01 -1.69449657e-01 -1.51160613e-01 -1.31971061e-01
 -1.11819029e-01 -9.05851722e-02 -6.81793392e-02 -4.46797125e-02 -2.05380116e-02
  3.16183874e-03  2.60780137e-02  4.82428782e-02  6.96448386e-02  9.02490169e-02
  1.10006414e-01  1.28858998e-01  1.46743745e-01  1.63596690e-01  1.79357380e-01
  9.37796533e-02  8.70088711e-02  7.75580853e-02  6.60525784e-02  5.33399768e-02
  3.98659483e-02  2.57845595e-02  1.11373821e-02 -4.07228014e-03 -2.00814158e-02
 -3.68010402e-02 -5.40456958e-02 -7.15779290e-02 -8.91440436e-02 -1.06498897e-01
 -1.23420253e-01 -1.39715120e-01 -1.55221120e-01 -1.69805646e-01 -1.83364809e-01
 -1.95822760e-01 -2.07131431e-01 -2.17274234e-01 -2.26270065e-01 -2.34171465e-01
 -2.41057992e-01 -2.47026622e-01 -2.52181441e-01 -2.56623834e-01 -2.60444254e-01
 -2.63715684e-01 -2.66488552e-01 -2.68786311e-01 -2.70601362e-01 -2.71890491e-01
 -2.72570133e-01 -2.72511512e-01 -2.71537989e-01 -2.69426823e-01 -2.65920550e-01
 -2.60752082e-01 -2.53686190e-01 -2.44570807e-01 -2.33382761e-01 -2.20245808e-01
 -2.05405504e-01 -1.89164698e-01 -1.71800420e-01 -1.53493062e-01 -1.34300813e-01
 -1.14170827e-01 -9.29837674e-02 -7.06361011e-02 -4.71714921e-02 -2.29733959e-02
  9.92704299e-04  2.38008369e-02  4.59233969e-02  6.72966018e-02  8.78672451e-02
  1.07582182e-01  1.26385599e-01  1.44219726e-01  1.61027476e-01  1.76755711e-01
  1.00226752e-01  9.50088799e-02  8.21782872e-02  6.80888668e-02  5.44166043e-02
  4.04966585e-02  2.61483658e-02  1.13099143e-02 -4.05134493e-03 -2.01872401e-02
 -3.70148011e-02 -5.43507300e-02 -7.19584450e-02 -8.95848423e-02 -1.06985442e-01
 -1.23938799e-01 -1.40252754e-01 -1.55765802e-01 -1.70346245e-01 -1.83891147e-01
 -1.96325794e-01 -2.07603425e-01 -2.17709258e-01 -2.26664320e-01 -2.34523267e-01
 -2.41367519e-01 -2.47295603e-01 -2.52412617e-01 -2.56820500e-01 -2.60609806e-01
 -2.63853371e-01 -2.66601115e-01 -2.68875808e-01 -2.70668983e-01 -2.71936506e-01
 -2.72593647e-01 -2.72510469e-01 -2.71509051e-01 -2.69365519e-01 -2.65821546e-01
 -2.60609895e-01 -2.53495902e-01 -2.44329110e-01 -2.33088508e-01 -2.19899878e-01
 -2.05009744e-01 -1.88720360e-01 -1.71306297e-01 -1.52944520e-01 -1.33689791e-01
 -1.13486864e-01 -9.22167972e-02 -6.97823241e-02 -4.62450571e-02 -2.20283717e-02
  1.82405603e-03  2.48541795e-02  4.71223630e-02  6.86164647e-02  8.93026590e-02
  1.09133437e-01  1.28052279e-01  1.45997554e-01  1.62906617e-01  1.78720191e-01
  9.81126800e-02  9.17829871e-02  8.15531164e-02  6.89420998e-02  5.54142147e-02
  4.13823128e-02  2.69021913e-02  1.19571099e-02 -3.48160579e-03 -1.96711775e-02
 -3.65358852e-02 -5.38971275e-02 -7.15213269e-02 -8.91574249e-02 -1.06562488e-01
 -1.23516329e-01 -1.39828011e-01 -1.55337155e-01 -1.69913188e-01 -1.83454230e-01
 -1.95886388e-01 -2.07163543e-01 -2.17270911e-01 -2.26228938e-01 -2.34091237e-01
 -2.40937859e-01 -2.46865749e-01 -2.51978308e-01 -2.56375581e-01 -2.60146201e-01
 -2.63360769e-01 -2.66066670e-01 -2.68283784e-01 -2.70000100e-01 -2.71167517e-01
 -2.71697044e-01 -2.71454632e-01 -2.70259291e-01 -2.67886490e-01 -2.64081687e-01
 -2.58587450e-01 -2.51185626e-01 -2.41746768e-01 -2.30270505e-01 -2.16896147e-01
 -2.01871529e-01 -1.85486525e-01 -1.67992428e-01 -1.49539903e-01 -1.30160779e-01
 -1.09784275e-01 -8.82877260e-02 -6.55886233e-02 -4.17919829e-02 -1.74049456e-02
  6.40197797e-03  2.95151491e-02  5.19315302e-02  7.36266449e-02  9.45573077e-02
  1.14664719e-01  1.33877546e-01  1.52115643e-01  1.69294819e-01  1.85332850e-01
  1.01353936e-01  9.58408415e-02  8.41200054e-02  7.03814924e-02  5.65520786e-02
  4.24289480e-02  2.79145893e-02  1.29631404e-02 -2.45868135e-03 -1.86119732e-02
 -3.54296230e-02 -5.27393110e-02 -7.03118518e-02 -8.78991261e-02 -1.05260178e-01
 -1.22176349e-01 -1.38457984e-01 -1.53946012e-01 -1.68511093e-01 -1.82052314e-01
 -1.94496438e-01 -2.05797255e-01 -2.15938300e-01 -2.24936888e-01 -2.32842505e-01
 -2.39730582e-01 -2.45693311e-01 -2.50829488e-01 -2.55234838e-01 -2.58993685e-01
 -2.62172222e-01 -2.64813155e-01 -2.66930968e-01 -2.68507659e-01 -2.69488394e-01
 -2.69777209e-01 -2.69234031e-01 -2.67674416e-01 -2.64876008e-01 -2.60594875e-01
 -2.54595548e-01 -2.46692732e-01 -2.36795649e-01 -2.24938676e-01 -2.11280420e-01
 -1.96065098e-01 -1.79555461e-01 -1.61958829e-01 -1.43380150e-01 -1.23812877e-01
 -1.03161484e-01 -8.12992528e-02 -5.81709221e-02 -3.39562632e-02 -9.30505060e-03
  1.43877156e-02  3.75547297e-02  6.01668954e-02  8.21772069e-02  1.03522062e-01
  1.24120288e-01  1.43872648e-01  1.62663281e-01  1.80364579e-01  1.96845770e-01
  1.00340359e-01  9.43422019e-02  8.39107856e-02  7.10914060e-02  5.75279817e-02
  4.35229801e-02  2.91015804e-02  1.42482622e-02 -1.05946639e-03 -1.70802437e-02
 -3.37582640e-02 -5.09303585e-02 -6.83736950e-02 -8.58441517e-02 -1.03103198e-01
 -1.19933762e-01 -1.36147469e-01 -1.51586533e-01 -1.66122809e-01 -1.79656386e-01
 -1.92114383e-01 -2.03450084e-01 -2.13644117e-01 -2.22708479e-01 -2.30685666e-01
 -2.37643272e-01 -2.43665546e-01 -2.48843580e-01 -2.53265828e-01 -2.57009715e-01
 -2.60134518e-01 -2.62675732e-01 -2.64640063e-01 -2.66001105e-01 -2.66695142e-01
 -2.66618013e-01 -2.65623719e-01 -2.63527215e-01 -2.60114610e-01 -2.55163550e-01
 -2.48474851e-01 -2.39911631e-01 -2.29434460e-01 -2.17117772e-01 -2.03135639e-01
 -1.87716186e-01 -1.71076879e-01 -1.53364331e-01 -1.34625807e-01 -1.14810057e-01
 -9.37986970e-02 -7.14744106e-02 -4.78378423e-02 -2.31880452e-02  1.63610594e-03
  2.51821261e-02  4.84706201e-02  7.14088902e-02  9.39226076e-02  1.15931466e-01
  1.37334570e-01  1.58000410e-01  1.77761167e-01  1.96414128e-01  2.13734224e-01
  1.01461038e-01  9.57896784e-02  8.50434303e-02  7.20309019e-02  5.85464798e-02
  4.46918719e-02  3.04373819e-02  1.57609321e-02  6.48143236e-04 -1.51409050e-02
 -3.15792561e-02 -4.85191606e-02 -6.57465756e-02 -8.30223486e-02 -1.00110635e-01
 -1.16795905e-01 -1.32890955e-01 -1.48239061e-01 -1.62713245e-01 -1.76214471e-01
 -1.88670129e-01 -2.00032696e-01 -2.10279405e-01 -2.19415337e-01 -2.27473661e-01
 -2.34511212e-01 -2.40600988e-01 -2.45823085e-01 -2.50255466e-01 -2.53965527e-01
 -2.57002801e-01 -2.59392977e-01 -2.61132717e-01 -2.62185395e-01 -2.62477934e-01
 -2.61898905e-01 -2.60300040e-01 -2.57502913e-01 -2.53313094e-01 -2.47543797e-01
 -2.40046710e-01 -2.30744123e-01 -2.19650880e-01 -2.06874996e-01 -1.92591354e-01
 -1.76993072e-01 -1.60234749e-01 -1.42394140e-01 -1.23458974e-01 -1.03340015e-01
 -8.19159448e-02 -5.91200814e-02 -3.50839421e-02 -1.03475414e-02  1.38919139e-02
  3.78327034e-02  6.15427047e-02  8.50378349e-02  1.08303070e-01  1.31293908e-01
  1.53927088e-01  1.76063195e-01  1.97483167e-01  2.17867598e-01  2.36801282e-01
  1.01595864e-01  9.60583910e-02  8.54913741e-02  7.27377683e-02  5.95325716e-02
  4.59322184e-02  3.19107547e-02  1.74540989e-02  2.54180771e-03 -1.28637124e-02
 -2.89442874e-02 -4.55489829e-02 -6.24664910e-02 -7.94610009e-02 -9.62990969e-02
 -1.12766750e-01 -1.28677785e-01 -1.43876433e-01 -1.58236668e-01 -1.71660200e-01
 -1.84074506e-01 -1.95431054e-01 -2.05703855e-01 -2.14890450e-01 -2.23013043e-01
 -2.30115280e-01 -2.36255959e-01 -2.41500854e-01 -2.45914027e-01 -2.49549612e-01
 -2.52444476e-01 -2.54612118e-01 -2.56037652e-01 -2.56674290e-01 -2.56441206e-01
 -2.55224526e-01 -2.52881765e-01 -2.49252602e-01 -2.44176283e-01 -2.37515345e-01
 -2.29181647e-01 -2.19157338e-01 -2.07501739e-01 -1.94337949e-01 -1.79819301e-01
 -1.64083377e-01 -1.47213876e-01 -1.29220471e-01 -1.10039376e-01 -8.95605758e-02
 -6.76909909e-02 -4.44686413e-02 -2.02464815e-02  4.04903712e-03  2.81959884e-02
  5.22642545e-02  7.63122886e-02  1.00387238e-01  1.24525137e-01  1.48746774e-01
  1.73045829e-01  1.97362661e-01  2.21527278e-01  2.45139495e-01  2.67387182e-01
  1.00015163e-01  9.40946043e-02  8.48909393e-02  7.33499229e-02  6.06534556e-02
  4.73417342e-02  3.35803181e-02  1.94081571e-02  4.82279062e-03 -1.01935593e-02
 -2.58598309e-02 -4.20497917e-02 -5.85685931e-02 -7.51909986e-02 -9.16898400e-02
 -1.07854486e-01 -1.23500541e-01 -1.38473287e-01 -1.52647451e-01 -1.65925160e-01
 -1.78233594e-01 -1.89522907e-01 -1.99764073e-01 -2.08947569e-01 -2.17084020e-01
 -2.24202424e-01 -2.30345100e-01 -2.35560715e-01 -2.39896476e-01 -2.43390411e-01
 -2.46064439e-01 -2.47918651e-01 -2.48926967e-01 -2.49034777e-01 -2.48159096e-01
 -2.46191934e-01 -2.43008420e-01 -2.38479853e-01 -2.32491568e-01 -2.24962905e-01
 -2.15864286e-01 -2.05225199e-01 -1.93127856e-01 -1.79684773e-01 -1.65004537e-01
 -1.49160117e-01 -1.32167667e-01 -1.13980144e-01 -9.45013613e-02 -7.36283511e-02
 -5.13333119e-02 -2.77996622e-02 -3.61832068e-03  1.99889373e-02  4.37781624e-02
  6.77509382e-02  9.19544101e-02  1.16463915e-01  1.41377106e-01  1.66813597e-01
  1.92917556e-01  2.19864398e-01  2.47879207e-01  2.77288735e-01  3.08245748e-01
  1.08790107e-01  1.05353750e-01  9.02402699e-02  7.56139234e-02  6.22539371e-02
  4.89128567e-02  3.53503451e-02  2.14922521e-02  7.30062742e-03 -7.25506898e-03
 -2.24219877e-02 -3.81013304e-02 -5.41192628e-02 -7.02652261e-02 -8.63212720e-02
 -1.02081858e-01 -1.17365025e-01 -1.32017016e-01 -1.45912752e-01 -1.58954024e-01
 -1.71067059e-01 -1.82199880e-01 -1.92319974e-01 -2.01411739e-01 -2.09474951e-01
 -2.16523767e-01 -2.22583085e-01 -2.27683023e-01 -2.31852219e-01 -2.35111266e-01
 -2.37466589e-01 -2.38905787e-01 -2.39394575e-01 -2.38876209e-01 -2.37273827e-01
 -2.34496295e-01 -2.30447978e-01 -2.25041777e-01 -2.18213707e-01 -2.09935606e-01
 -2.00221777e-01 -1.89125732e-01 -1.76725119e-01 -1.63097754e-01 -1.48298472e-01
 -1.32340819e-01 -1.15188859e-01 -9.67647880e-02 -7.69792274e-02 -5.57945892e-02
 -3.33345681e-02 -1.00508006e-02  1.30647663e-02  3.62879708e-02  5.97121902e-02
  8.34221989e-02  1.07516982e-01  1.32121727e-01  1.57398239e-01  1.83557838e-01
  2.10880011e-01  2.39740059e-01  2.70643771e-01  3.04174036e-01  3.39735866e-01
  1.01689108e-01  9.64036435e-02  8.72839317e-02  7.56516457e-02  6.30567968e-02
  5.01010492e-02  3.69089730e-02  2.34795548e-02  9.78517532e-03 -4.20681108e-03
 -1.87640786e-02 -3.38159986e-02 -4.92123589e-02 -6.47601783e-02 -8.02530497e-02
 -9.54918861e-02 -1.10297553e-01 -1.24516860e-01 -1.38023973e-01 -1.50719211e-01
 -1.62526533e-01 -1.73390746e-01 -1.83274791e-01 -1.92156881e-01 -2.00027734e-01
 -2.06888124e-01 -2.12746501e-01 -2.17615038e-01 -2.21504465e-01 -2.24418983e-01
 -2.26351678e-01 -2.27281302e-01 -2.27171004e-01 -2.25969493e-01 -2.23614991e-01
 -2.20042035e-01 -2.15190545e-01 -2.09015831e-01 -2.01497331e-01 -1.92643046e-01
 -1.82487339e-01 -1.71080306e-01 -1.58472925e-01 -1.44700781e-01 -1.29770234e-01
 -1.13651522e-01 -9.62837562e-02 -7.75982216e-02 -5.75684644e-02 -3.62982973e-02
 -1.41576454e-02  8.03934317e-03  3.03632636e-02  5.28706424e-02  7.56337866e-02
  9.87405404e-02  1.22300722e-01  1.46455303e-01  1.71388403e-01  1.97343513e-01
  2.24645570e-01  2.53729999e-01  2.85176188e-01  3.19761455e-01  3.58784705e-01
  1.06033720e-01  1.02845505e-01  8.99708718e-02  7.61764422e-02  6.34103417e-02
  5.07647283e-02  3.80390808e-02  2.51618866e-02  1.20892050e-02 -1.21561089e-03
 -1.50332525e-02 -2.93224379e-02 -4.39591967e-02 -5.87708279e-02 -7.35645890e-02
 -8.81491452e-02 -1.02348521e-01 -1.16009600e-01 -1.29004732e-01 -1.41231284e-01
 -1.52609453e-01 -1.63079515e-01 -1.72598675e-01 -1.81138173e-01 -1.88680276e-01
 -1.95215195e-01 -2.00738132e-01 -2.05246359e-01 -2.08736077e-01 -2.11198971e-01
 -2.12619409e-01 -2.12972999e-01 -2.12226793e-01 -2.10341558e-01 -2.07275987e-01
 -2.02992573e-01 -1.97463810e-01 -1.90677568e-01 -1.82639331e-01 -1.73369944e-01
 -1.62899509e-01 -1.51257917e-01 -1.38463914e-01 -1.24515817e-01 -1.09387197e-01
 -9.30320770e-02 -7.54048750e-02 -5.65021299e-02 -3.64345200e-02 -1.55372582e-02
  5.48487715e-03  2.66477317e-02  4.79787141e-02  6.95171580e-02  9.13162753e-02
  1.13445647e-01  1.35995597e-01  1.59083396e-01  1.82862163e-01  2.07533345e-01
  2.33365908e-01  2.60729134e-01  2.90166289e-01  3.22698921e-01  3.62971932e-01
  9.88797024e-02  9.40836072e-02  8.53877813e-02  7.43290335e-02  6.25480264e-02
  5.05842008e-02  3.85257863e-02  2.63564698e-02  1.40426047e-02  1.55448681e-03
 -1.13764731e-02 -2.47517005e-02 -3.84774469e-02 -5.24030887e-02 -6.63508922e-02
 -8.01382661e-02 -9.35928598e-02 -1.06561407e-01 -1.18913628e-01 -1.30542725e-01
 -1.41363859e-01 -1.51311442e-01 -1.60336211e-01 -1.68402046e-01 -1.75483018e-01
 -1.81560382e-01 -1.86619848e-01 -1.90648988e-01 -1.93634927e-01 -1.95562437e-01
 -1.96412966e-01 -1.96164384e-01 -1.94792062e-01 -1.92271233e-01 -1.88580096e-01
 -1.83703169e-01 -1.77633837e-01 -1.70375347e-01 -1.61939368e-01 -1.52341947e-01
 -1.41597420e-01 -1.29711494e-01 -1.16675854e-01 -1.02466717e-01 -8.70514661e-02
 -7.04079419e-02 -5.25625907e-02 -3.36536430e-02 -1.40196169e-02  5.68602886e-03
  2.55537611e-02  4.55834679e-02  6.57824650e-02  8.61667991e-02  1.06762499e-01
  1.27606899e-01  1.48750305e-01  1.70257881e-01  1.92211583e-01  2.14711815e-01
  2.37878099e-01  2.61846274e-01  2.86752135e-01  3.12656105e-01  3.38546902e-01
  9.85039622e-02  9.50617120e-02  8.44277591e-02  7.22407699e-02  6.07640669e-02
  4.95003238e-02  3.82568315e-02  2.69459598e-02  1.55115798e-02  3.90534638e-03
 -7.92810600e-03 -2.02185679e-02 -3.28767970e-02 -4.57649045e-02 -5.87177947e-02
 -7.15618879e-02 -8.41293633e-02 -9.62674543e-02 -1.07843339e-01 -1.18745692e-01
 -1.28883913e-01 -1.38185993e-01 -1.46595806e-01 -1.54070109e-01 -1.60575733e-01
 -1.66086748e-01 -1.70582145e-01 -1.74043715e-01 -1.76454470e-01 -1.77797526e-01
 -1.78055808e-01 -1.77212313e-01 -1.75251141e-01 -1.72158897e-01 -1.67926177e-01
 -1.62548617e-01 -1.56026959e-01 -1.48365811e-01 -1.39570907e-01 -1.29645467e-01
 -1.18586399e-01 -1.06381863e-01 -9.30125713e-02 -7.84597173e-02 -6.27238825e-02
 -4.58605140e-02 -2.80397367e-02 -9.64146201e-03  8.67885724e-03  2.72096656e-02
  4.59211655e-02  6.47900924e-02  8.37993324e-02  1.02937669e-01  1.22199506e-01
  1.41584486e-01  1.61096573e-01  1.80742070e-01  2.00525761e-01  2.20443487e-01
  2.40468398e-01  2.60525346e-01  2.80442387e-01  2.99844563e-01  3.17894399e-01
  8.96853134e-02  8.51978511e-02  7.72139728e-02  6.74751028e-02  5.74457683e-02
  4.73602936e-02  3.72040085e-02  2.69484837e-02  1.65696871e-02  6.04548445e-03
 -4.64575784e-03 -1.57619994e-02 -2.72387825e-02 -3.89608704e-02 -5.07820547e-02
 -6.25424981e-02 -7.40825683e-02 -8.52527097e-02 -9.59193334e-02 -1.05967544e-01
 -1.15301400e-01 -1.23842657e-01 -1.31528556e-01 -1.38309315e-01 -1.44145533e-01
 -1.49005786e-01 -1.52864486e-01 -1.55700237e-01 -1.57494485e-01 -1.58230841e-01
 -1.57894686e-01 -1.56473354e-01 -1.53956443e-01 -1.50336176e-01 -1.45607486e-01
 -1.39767602e-01 -1.32814959e-01 -1.24747463e-01 -1.15560599e-01 -1.05246238e-01
 -9.37931389e-02 -8.11911523e-02 -6.74409643e-02 -5.25727123e-02 -3.66768688e-02
 -1.99456271e-02 -2.71695456e-03  1.42200002e-02  3.14528272e-02  4.89134565e-02
  6.65492117e-02  8.43152255e-02  1.02171063e-01  1.20079108e-01  1.38003483e-01
  1.55908927e-01  1.73759058e-01  1.91513330e-01  2.09122092e-01  2.26518542e-01
  2.43606448e-01  2.60242283e-01  2.76212007e-01  2.91208982e-01  3.04838181e-01
  8.09090883e-02  7.59764537e-02  6.94168732e-02  6.16515279e-02  5.32479249e-02
  4.45048884e-02  3.55524383e-02  2.64466926e-02  1.72110703e-02  7.85379298e-03
 -1.62447093e-03 -1.14843491e-02 -2.16813721e-02 -3.21241394e-02 -4.26886752e-02
 -5.32330200e-02 -6.36099428e-02 -7.36768022e-02 -8.33022892e-02 -9.23701674e-02
 -1.00780725e-01 -1.08450502e-01 -1.15310915e-01 -1.21306367e-01 -1.26392066e-01
 -1.30531982e-01 -1.33696988e-01 -1.35863289e-01 -1.37011215e-01 -1.37124389e-01
 -1.36189163e-01 -1.34194180e-01 -1.31130114e-01 -1.26989231e-01 -1.21764697e-01
 -1.15449756e-01 -1.08036682e-01 -9.95162204e-02 -8.98781717e-02 -7.91147351e-02
 -6.72282055e-02 -5.42454310e-02 -4.02386934e-02 -2.53567640e-02 -9.88294277e-03
  5.69914281e-03  2.16358490e-02  3.78012955e-02  5.41899800e-02  7.07666501e-02
  8.74831751e-02  1.04285218e-01  1.21114835e-01  1.37911603e-01  1.54613048e-01
  1.71154618e-01  1.87469169e-01  2.03485504e-01  2.19125837e-01  2.34301656e-01
  2.48908296e-01  2.62818873e-01  2.75879860e-01  2.87912220e-01  2.98722863e-01
  7.57221729e-02  7.14064091e-02  6.44074380e-02  5.67916296e-02  4.91956435e-02
  4.14474122e-02  3.35544012e-02  2.55449973e-02  1.74425449e-02  9.26414970e-03
  1.02567917e-03 -7.51584955e-03 -1.63514335e-02 -2.54177209e-02 -3.46152224e-02
 -4.38226238e-02 -5.29086366e-02 -6.17414489e-02 -7.01957047e-02 -7.81570449e-02
 -8.55245218e-02 -9.22113657e-02 -9.81445014e-02 -1.03263438e-01 -1.07518598e-01
 -1.10869713e-01 -1.13284089e-01 -1.14735134e-01 -1.15201056e-01 -1.14663824e-01
 -1.13108248e-01 -1.10521294e-01 -1.06891386e-01 -1.02207787e-01 -9.64601710e-02
 -8.96384493e-02 -8.17330629e-02 -7.27364123e-02 -6.26470298e-02 -5.14791720e-02
 -3.92787233e-02 -2.61597615e-02 -1.23302778e-02  1.92527554e-03  1.61200203e-02
  3.08121033e-02  4.59063835e-02  6.13203943e-02  7.69896731e-02  9.28510576e-02
  1.08837128e-01  1.24874532e-01  1.40883774e-01  1.56779796e-01  1.72473148e-01
  1.87871486e-01  2.02881336e-01  2.17409536e-01  2.31364325e-01  2.44655341e-01
  2.57192940e-01  2.68887252e-01  2.79648036e-01  2.89386272e-01  2.98019260e-01
  6.87081814e-02  6.39705732e-02  5.82253858e-02  5.17779291e-02  4.50256057e-02
  3.81480940e-02  3.12051717e-02  2.42205299e-02  1.72057748e-02  1.01654027e-02
  3.09576746e-03 -4.02177777e-03 -1.14166019e-02 -1.90271735e-02 -2.67685521e-02
 -3.45376991e-02 -4.22206037e-02 -4.96993996e-02 -5.68585023e-02 -6.35891929e-02
 -6.97926208e-02 -7.53813833e-02 -8.02799389e-02 -8.44242349e-02 -8.77607688e-02
 -9.02453288e-02 -9.18415934e-02 -9.25196558e-02 -9.22546089e-02 -9.10253897e-02
 -8.88138488e-02 -8.56041834e-02 -8.13824385e-02 -7.61364475e-02 -6.98568299e-02
 -6.25399426e-02 -5.41908480e-02 -4.48261723e-02 -3.44794579e-02 -2.32209172e-02
 -1.11375805e-02  1.49737194e-03  1.40955243e-02  2.73284726e-02  4.10320051e-02
  5.51821589e-02  6.97328597e-02  8.46270919e-02  9.98013094e-02  1.15184337e-01
  1.30695492e-01  1.46243051e-01  1.61723822e-01  1.77023888e-01  1.92020893e-01
  2.06588179e-01  2.20600039e-01  2.33937770e-01  2.46495381e-01  2.58183897e-01
  2.68933713e-01  2.78694868e-01  2.87435561e-01  2.95139849e-01  3.01805466e-01
  6.41292259e-02  6.03440255e-02  5.34540936e-02  4.67542298e-02  4.05001268e-02
  3.43786962e-02  2.83353347e-02  2.23538093e-02  1.64271295e-02  1.05524398e-02
  4.73031634e-03 -1.03453500e-03 -7.00197136e-03 -1.31355533e-02 -1.93744879e-02
 -2.56386176e-02 -3.18345614e-02 -3.78618836e-02 -4.36186120e-02 -4.90056686e-02
 -5.39301299e-02 -5.83073162e-02 -6.20618947e-02 -6.51283339e-02 -6.74508065e-02
 -6.89825490e-02 -6.96847737e-02 -6.95252344e-02 -6.84767440e-02 -6.65159151e-02
 -6.36228099e-02 -5.97818643e-02 -5.49820997e-02 -4.92168926e-02 -4.24863212e-02
 -3.48131396e-02 -2.62529571e-02 -1.68944672e-02 -6.82772836e-03  3.63372383e-03
  1.48155447e-02  2.66024265e-02  3.88891883e-02  5.16979583e-02  6.50066882e-02
  7.87875056e-02  9.30032358e-02  1.07606485e-01  1.22538514e-01  1.37727037e-01
  1.53083369e-01  1.68499470e-01  1.83845803e-01  1.98971197e-01  2.13705808e-01
  2.27868631e-01  2.41279215e-01  2.53772378e-01  2.65212417e-01  2.75504142e-01
  2.84598500e-01  2.92492509e-01  2.99223244e-01  3.04857433e-01  3.09478670e-01
  5.56572564e-02  5.10886386e-02  4.59227674e-02  4.04514447e-02  3.50273214e-02
  2.97724158e-02  2.46882588e-02  1.97508615e-02  1.49399871e-02  1.02458950e-02
  5.67095494e-03  1.23206584e-03 -3.31612630e-03 -7.96959829e-03 -1.26907397e-02
 -1.74199827e-02 -2.20833365e-02 -2.65982170e-02 -3.08782533e-02 -3.48371379e-02
 -3.83915380e-02 -4.14630659e-02 -4.39796634e-02 -4.58768383e-02 -4.70991880e-02
 -4.76008132e-02 -4.73446399e-02 -4.63010110e-02 -4.44455333e-02 -4.17565778e-02
 -3.82148027e-02 -3.38146500e-02 -2.85654329e-02 -2.24830434e-02 -1.55571140e-02
 -7.85144325e-03  4.63962817e-04  9.03901458e-03  1.84179284e-02  2.84776427e-02
  3.91908325e-02  5.05203269e-02  6.24324940e-02  7.49096647e-02  8.79347399e-02
  1.01487979e-01  1.15543947e-01  1.30068511e-01  1.45015284e-01  1.60320967e-01
  1.75899491e-01  1.91634685e-01  2.07372621e-01  2.22915038e-01  2.38018140e-01
  2.52402216e-01  2.65776366e-01  2.77874768e-01  2.88492262e-01  2.97508478e-01
  3.04898083e-01  3.10729057e-01  3.15149069e-01  3.18357944e-01  3.20570916e-01
  4.83636707e-02  4.43763174e-02  3.84855270e-02  3.29907089e-02  2.83077098e-02
  2.40474734e-02  2.00597271e-02  1.62658412e-02  1.26252482e-02  9.12112836e-03
  5.75148594e-03  2.52155308e-03 -5.67042909e-04 -3.74712981e-03 -6.97045960e-03
 -1.01820072e-02 -1.33193200e-02 -1.63144879e-02 -1.90967415e-02 -2.15948597e-02
 -2.37388723e-02 -2.54607983e-02 -2.66945567e-02 -2.73767412e-02 -2.74555366e-02
 -2.68920809e-02 -2.56601851e-02 -2.37454325e-02 -2.11421177e-02 -1.78424176e-02
 -1.38021922e-02 -9.04331077e-03 -3.65242455e-03  2.18041870e-03  8.78124963e-03
  1.60982814e-02  2.40524597e-02  3.25886831e-02  4.17464189e-02  5.15270270e-02
  6.19265735e-02  7.29385018e-02  8.45571309e-02  9.67799127e-02  1.09605901e-01
  1.23033978e-01  1.37060553e-01  1.51676670e-01  1.66863874e-01  1.82588249e-01
  1.98791489e-01  2.15377837e-01  2.32195243e-01  2.49009639e-01  2.65475720e-01
  2.81123072e-01  2.95400888e-01  3.07799995e-01  3.17965388e-01  3.25723678e-01
  3.31082553e-01  3.34228426e-01  3.35522056e-01  3.35451096e-01  3.34499180e-01
  3.57061625e-02  3.08072101e-02  2.65430547e-02  2.29275357e-02  1.98310800e-02
  1.70427207e-02  1.44273983e-02  1.19269378e-02  9.52592213e-03  7.23110326e-03
  5.06246276e-03  3.05110565e-03  1.24320155e-03 -5.85808244e-04 -2.41196924e-03
 -4.19277465e-03 -5.87775093e-03 -7.41318380e-03 -8.74492619e-03 -9.82043892e-03
 -1.05898948e-02 -1.10049769e-02 -1.10113099e-02 -1.05236871e-02 -9.49763134e-03
 -7.91104417e-03 -5.76108228e-03 -3.07001290e-03  9.82862985e-05  3.60126747e-03
  7.84415007e-03  1.27436304e-02  1.82433371e-02  2.43082698e-02  3.09605375e-02
  3.81992497e-02  4.60131764e-02  5.43952286e-02  6.33517057e-02  7.28910044e-02
  8.30229297e-02  9.37590823e-02  1.05113782e-01  1.17104888e-01  1.29753932e-01
  1.43085957e-01  1.57128900e-01  1.71912432e-01  1.87465638e-01  2.03813016e-01
  2.20966995e-01  2.38915056e-01  2.57596582e-01  2.76859552e-01  2.96367079e-01
  3.15380216e-01  3.32494855e-01  3.46333325e-01  3.56569767e-01  3.62929463e-01
  3.65501374e-01  3.64586532e-01  3.60713899e-01  3.55435103e-01  3.49993259e-01
  1.92389917e-02  1.30337412e-02  1.10283401e-02  1.06942011e-02  1.01472093e-02
  9.27014276e-03  8.19789618e-03  7.03399908e-03  5.85074397e-03  4.70360788e-03
  3.63941328e-03  2.70060520e-03  1.92765717e-03  1.35976553e-03  7.98980473e-04
  3.10770527e-04 -5.37013839e-05 -2.50460434e-04 -2.41274451e-04  4.49543541e-06
  5.04738069e-04  1.25372212e-03  2.19862699e-03  3.68732447e-03  5.67884650e-03
  8.15513916e-03  1.11037316e-02  1.45108588e-02  1.83618609e-02  2.26529203e-02
  2.74304487e-02  3.27018984e-02  3.84624526e-02  4.47078273e-02  5.14410771e-02
  5.86664267e-02  6.63891509e-02  7.46178553e-02  8.33661705e-02  9.26521122e-02
  1.02497861e-01  1.12930015e-01  1.23980246e-01  1.35686174e-01  1.48092479e-01
  1.61252290e-01  1.75228819e-01  1.90097287e-01  2.05947161e-01  2.22884238e-01
  2.41031930e-01  2.60530889e-01  2.81535923e-01  3.04212689e-01  3.28774005e-01
  3.55940789e-01  3.87049675e-01  3.95863682e-01  4.10490006e-01  4.13338870e-01
  4.10788059e-01  4.09580112e-01  3.88966560e-01  3.74687582e-01  3.63738120e-01
  5.15787490e-03 -2.53470312e-03 -1.89480965e-03  4.15606104e-04  1.53502508e-03
  2.01393990e-03  2.14069826e-03  2.07579485e-03  1.92726683e-03  1.77460210e-03
  1.67835143e-03  1.68449327e-03  1.82551437e-03  2.11779308e-03  2.55304039e-03
  3.14531149e-03  3.91677953e-03  4.89171548e-03  6.09355187e-03  7.54325837e-03
  9.25881974e-03  1.12570664e-02  1.35618681e-02  1.62298381e-02  1.92808472e-02
  2.27191448e-02  2.65415199e-02  3.07413135e-02  3.53118218e-02  4.02502380e-02
  4.55604345e-02  5.12445234e-02  5.73035888e-02  6.37402236e-02  7.05605298e-02
  7.77743757e-02  8.53956938e-02  9.34430212e-02  1.01939917e-01  1.10915042e-01
  1.20402351e-01  1.30441457e-01  1.41078427e-01  1.52367070e-01  1.64370775e-01
  1.77165225e-01  1.90842226e-01  2.05515012e-01  2.21325800e-01  2.38456026e-01
  2.57140428e-01  2.77684629e-01  3.00484627e-01  3.26049596e-01  3.55097115e-01
  3.88087660e-01  4.10637558e-01  4.26170856e-01  4.38143075e-01  4.36968029e-01
  4.36147034e-01  4.19767767e-01  4.00234550e-01  3.83736640e-01  3.70445102e-01
  1.49959407e-03 -5.16276108e-03 -7.04275537e-03 -6.30641961e-03 -5.12225041e-03
 -4.10622638e-03 -3.30290967e-03 -2.63748597e-03 -2.02336954e-03 -1.38561439e-03
 -6.64593535e-04  1.85009631e-04  1.19609374e-03  2.39112438e-03  3.78501019e-03
  5.39212069e-03  7.22741289e-03  9.30591486e-03  1.16419205e-02  1.42483786e-02
  1.71367601e-02  2.03176159e-02  2.38017552e-02  2.76004989e-02  3.17179672e-02
  3.61510701e-02  4.08913083e-02  4.59270030e-02  5.12455404e-02  5.68355359e-02
  6.26882911e-02  6.87979832e-02  7.51624480e-02  8.17843378e-02  8.86720717e-02
  9.58403274e-02  1.03310190e-01  1.11109018e-01  1.19270235e-01  1.27832979e-01
  1.36841893e-01  1.46347284e-01  1.56405628e-01  1.67080805e-01  1.78446129e-01
  1.90587401e-01  2.03607500e-01  2.17633203e-01  2.32825175e-01  2.49393374e-01
  2.67621309e-01  2.87906170e-01  3.10827464e-01  3.37248504e-01  3.67944062e-01
  3.96586597e-01  4.15231347e-01  4.31177408e-01  4.36830968e-01  4.37729806e-01
  4.30292457e-01  4.12829220e-01  3.95402908e-01  3.80631357e-01  3.68244469e-01
 -9.20478441e-03 -1.81900319e-02 -1.58305969e-02 -1.24255996e-02 -1.06135467e-02
 -9.30865016e-03 -8.19799397e-03 -7.13597191e-03 -6.02729293e-03 -4.80297580e-03
 -3.41306790e-03 -1.82208815e-03 -5.16458749e-06  2.05524615e-03  4.37214551e-03
  6.95636729e-03  9.81764589e-03  1.29647162e-02  1.64049175e-02  2.01436337e-02
  2.41838004e-02  2.85255350e-02  3.31657864e-02  3.80976610e-02  4.33092006e-02
  4.87831533e-02  5.44977151e-02  6.04279600e-02  6.65477738e-02  7.28320256e-02
  7.92588666e-02  8.58117566e-02  9.24814343e-02  9.92674679e-02  1.06179237e-01
  1.13236174e-01  1.20467320e-01  1.27910301e-01  1.35609969e-01  1.43617049e-01
  1.51986912e-01  1.60778910e-01  1.70056134e-01  1.79886058e-01  1.90341786e-01
  2.01504350e-01  2.13465914e-01  2.26334542e-01  2.40240738e-01  2.55347222e-01
  2.71863580e-01  2.90069312e-01  3.10350358e-01  3.33211839e-01  3.58520657e-01
  3.80283684e-01  3.95160615e-01  4.07615423e-01  4.11547959e-01  4.12184507e-01
  4.04879421e-01  3.91866058e-01  3.79628152e-01  3.68662119e-01  3.58892024e-01
 -5.47192851e-03 -1.26902731e-02 -1.54477926e-02 -1.54810026e-02 -1.47339636e-02
 -1.38501059e-02 -1.28763579e-02 -1.17378859e-02 -1.03651769e-02 -8.71428568e-03
 -6.76214928e-03 -4.49838396e-03 -1.91870029e-03  9.79300938e-04  4.19832161e-03
  7.74207385e-03  1.16149168e-02  1.58208534e-02  2.03622729e-02  2.52387114e-02
  3.04457713e-02  3.59742530e-02  4.18094359e-02  4.79304492e-02  5.43097965e-02
  6.09132797e-02  6.77005872e-02  7.46266693e-02  8.16439763e-02  8.87056291e-02
  9.57691818e-02  1.02800682e-01  1.09778434e-01  1.16695873e-01  1.23563051e-01
  1.30406544e-01  1.37267724e-01  1.44199982e-01  1.51265144e-01  1.58530116e-01
  1.66063935e-01  1.73935667e-01  1.82213262e-01  1.90963253e-01  2.00251132e-01
  2.10142180e-01  2.20702454e-01  2.31999591e-01  2.44103029e-01  2.57082134e-01
  2.71000385e-01  2.85899699e-01  3.01764071e-01  3.18438053e-01  3.35214406e-01
  3.49886209e-01  3.61524850e-01  3.69752675e-01  3.74214262e-01  3.74746352e-01
  3.71350020e-01  3.65538090e-01  3.58894259e-01  3.52032125e-01  3.45304400e-01
 -1.46701438e-02 -2.49300245e-02 -2.14678403e-02 -1.90728977e-02 -1.87222082e-02
 -1.85589101e-02 -1.80760641e-02 -1.70975141e-02 -1.55833755e-02 -1.35524357e-02
 -1.10431723e-02 -8.09449703e-03 -4.73703165e-03 -9.90323490e-04  3.13648209e-03
  7.64204562e-03  1.25294235e-02  1.78025980e-02  2.34634262e-02  2.95092240e-02
  3.59310620e-02  4.27126214e-02  4.98294123e-02  5.72480746e-02  6.49256706e-02
  7.28089884e-02  8.08343887e-02  8.89286473e-02  9.70115289e-02  1.05000660e-01
  1.12818353e-01  1.20399743e-01  1.27700701e-01  1.34703800e-01  1.41421303e-01
  1.47894233e-01  1.54187948e-01  1.60385117e-01  1.66577727e-01  1.72859684e-01
  1.79320991e-01  1.86044231e-01  1.93102792e-01  2.00560451e-01  2.08471701e-01
  2.16881976e-01  2.25827530e-01  2.35334024e-01  2.45413199e-01  2.56056100e-01
  2.67220974e-01  2.78812498e-01  2.90647596e-01  3.02407116e-01  3.13598722e-01
  3.23622793e-01  3.31945360e-01  3.38196486e-01  3.42177957e-01  3.43875408e-01
  3.43495876e-01  3.41467679e-01  3.38303924e-01  3.34446907e-01  3.30223650e-01
 -1.37880642e-03 -9.72255226e-03 -1.57094784e-02 -1.99298803e-02 -2.29589492e-02
 -2.47252379e-02 -2.51264833e-02 -2.43061651e-02 -2.24910751e-02 -1.98811889e-02
 -1.66329872e-02 -1.28590539e-02 -8.63052532e-03 -3.98323871e-03  1.07341318e-03
  6.54670969e-03  1.24515267e-02  1.88028850e-02  2.56104153e-02  3.28747556e-02
  4.05856967e-02  4.87217568e-02  5.72504103e-02  6.61279932e-02  7.52984360e-02
  8.46906528e-02  9.42151397e-02  1.03761643e-01  1.13200076e-01  1.22387186e-01
  1.31179884e-01  1.39453292e-01  1.47119120e-01  1.54139742e-01  1.60534650e-01
  1.66377947e-01  1.71787068e-01  1.76905245e-01  1.81882530e-01  1.86860174e-01
  1.91961020e-01  1.97285831e-01  2.02913299e-01  2.08902121e-01  2.15293348e-01
  2.22112060e-01  2.29368016e-01  2.37054691e-01  2.45146558e-01  2.53594100e-01
  2.62316406e-01  2.71191806e-01  2.80048102e-01  2.88657814e-01  2.96746790e-01
  3.04023087e-01  3.10219228e-01  3.15131336e-01  3.18644494e-01  3.20745856e-01
  3.21524769e-01  3.21154922e-01  3.19857955e-01  3.17862421e-01  3.15374345e-01
  3.44116474e-03 -5.97334793e-03 -1.51737584e-02 -2.41288692e-02 -3.21792737e-02
 -3.63302678e-02 -3.64880487e-02 -3.48422527e-02 -3.19452249e-02 -2.81464122e-02
 -2.37232838e-02 -1.88498069e-02 -1.36101246e-02 -8.01927503e-03 -2.04810151e-03
  4.35346458e-03  1.12389689e-02  1.86536517e-02  2.66269092e-02  3.51680443e-02
  4.42653969e-02  5.38893119e-02  6.39976561e-02  7.45400116e-02  8.54568854e-02
  9.66725498e-02  1.08082563e-01  1.19538866e-01  1.30838782e-01  1.41728178e-01
  1.51928619e-01  1.61184907e-01  1.69313595e-01  1.76235512e-01  1.81989834e-01
  1.86729640e-01  1.90695256e-01  1.94165975e-01  1.97408229e-01  2.00642273e-01
  2.04032645e-01  2.07693383e-01  2.11698174e-01  2.16090232e-01  2.20889479e-01
  2.26097375e-01  2.31699318e-01  2.37665236e-01  2.43948609e-01  2.50484526e-01
  2.57186979e-01  2.63946533e-01  2.70629823e-01  2.77082235e-01  2.83136040e-01
  2.88623810e-01  2.93395162e-01  2.97332913e-01  3.00365716e-01  3.02474380e-01
  3.03691059e-01  3.04091573e-01  3.03781599e-01  3.02881390e-01  3.01511854e-01
  6.57645939e-03 -4.23539104e-03 -1.61552113e-02 -2.97862794e-02 -4.53525595e-02
 -5.30404262e-02 -5.32075688e-02 -4.96966653e-02 -4.41129170e-02 -3.81066203e-02
 -3.18834074e-02 -2.56198943e-02 -1.93366259e-02 -1.29207838e-02 -6.21442497e-03
  9.35274700e-04  8.65939073e-03  1.70574654e-02  2.61920393e-02  3.60845439e-02
  4.67084460e-02  5.79988956e-02  6.98831603e-02  8.23053941e-02  9.52292234e-02
  1.08621180e-01  1.22420132e-01  1.36491314e-01  1.50563240e-01  1.64171219e-01
  1.76695943e-01  1.87555924e-01  1.96368352e-01  2.02972174e-01  2.07440957e-01
  2.10098952e-01  2.11515248e-01  2.12329298e-01  2.13041395e-01  2.13963181e-01
  2.15264469e-01  2.17027292e-01  2.19282284e-01  2.22029880e-01  2.25251853e-01
  2.28917256e-01  2.32984960e-01  2.37404436e-01  2.42115423e-01  2.47047156e-01
  2.52117783e-01  2.57234156e-01  2.62293279e-01  2.67185062e-01  2.71797359e-01
  2.76022851e-01  2.79766619e-01  2.82953471e-01  2.85533786e-01  2.87486345e-01
  2.88818330e-01  2.89561957e-01  2.89768845e-01  2.89503247e-01  2.88835138e-01
  1.10495081e-02 -1.24179045e-04 -1.28557356e-02 -2.79383622e-02 -4.66879755e-02
 -5.88214025e-02 -6.59246743e-02 -6.36076480e-02 -5.77144697e-02 -4.82715145e-02
 -3.93294059e-02 -3.17607932e-02 -2.49865782e-02 -1.83605589e-02 -1.14486003e-02
 -4.00421629e-03  4.23626043e-03  1.34393489e-02  2.36796755e-02  3.50690968e-02
  4.75405231e-02  6.08211830e-02  7.47010037e-02  8.91258419e-02  1.04151428e-01
  1.19891457e-01  1.36479542e-01  1.54022977e-01  1.72489360e-01  1.91305116e-01
  2.08428681e-01  2.21988946e-01  2.32041940e-01  2.37845734e-01  2.39938229e-01
  2.38042906e-01  2.34231025e-01  2.30599031e-01  2.27779120e-01  2.25881189e-01
  2.24871963e-01  2.24678323e-01  2.25219250e-01  2.26415783e-01  2.28193179e-01
  2.30480164e-01  2.33207211e-01  2.36304864e-01  2.39702091e-01  2.43325099e-01
  2.47096658e-01  2.50936210e-01  2.54760653e-01  2.58486360e-01  2.62031853e-01
  2.65321255e-01  2.68288046e-01  2.70878524e-01  2.73054510e-01  2.74794817e-01
  2.76095182e-01  2.76966870e-01  2.77434140e-01  2.77530909e-01  2.77297199e-01
  1.80032048e-02  7.86655303e-03 -3.37540964e-03 -1.59044974e-02 -2.94921137e-02
 -4.32738066e-02 -5.97781613e-02 -6.15256019e-02 -6.20666184e-02 -5.05124703e-02
 -4.08947803e-02 -3.43961902e-02 -3.00096702e-02 -2.46971957e-02 -1.77215450e-02
 -1.14280824e-02 -3.19863297e-03  7.20053352e-03  1.74626987e-02  3.06477956e-02
  4.66343910e-02  6.26830086e-02  7.86626860e-02  9.48405340e-02  1.11544512e-01
  1.29142761e-01  1.48074970e-01  1.68916985e-01  1.92517370e-01  2.20490307e-01
  2.51042485e-01  2.60930091e-01  2.80847937e-01  2.77229726e-01  2.84784406e-01
  2.67420411e-01  2.54368573e-01  2.45369703e-01  2.38999575e-01  2.34544307e-01
  2.31559128e-01  2.29743898e-01  2.28884935e-01  2.28822231e-01  2.29429632e-01
  2.30602488e-01  2.32249781e-01  2.34289035e-01  2.36642897e-01  2.39237070e-01
  2.41999015e-01  2.44857565e-01  2.47743055e-01  2.50588298e-01  2.53329873e-01
  2.55909830e-01  2.58277535e-01  2.60391325e-01  2.62219757e-01  2.63742357e-01
  2.64949590e-01  2.65842170e-01  2.66429693e-01  2.66729087e-01  2.66762584e-01
  2.69509405e-02  1.86271854e-02  9.69314389e-03  1.65309059e-04 -9.80246346e-03
 -1.99150834e-02 -2.95201037e-02 -3.82392406e-02 -5.06589040e-02 -3.71517502e-02
 -3.11920829e-02 -2.83349399e-02 -2.92374659e-02 -2.65065450e-02 -1.79914795e-02
 -1.49709713e-02 -7.24585913e-03  5.55610470e-03  1.29926130e-02  2.76520010e-02
  4.80745398e-02  6.60412461e-02  8.30096751e-02  9.97842103e-02  1.16931222e-01
  1.34954810e-01  1.54408023e-01  1.76000521e-01  2.00736523e-01  2.29989827e-01
  2.58903414e-01  2.72537589e-01  2.88726985e-01  2.88765639e-01  2.91563630e-01
  2.76430547e-01  2.61669278e-01  2.51097500e-01  2.43490577e-01  2.38004148e-01
  2.34101012e-01  2.31431499e-01  2.29755968e-01  2.28899345e-01  2.28725582e-01
  2.29123279e-01  2.29997382e-01  2.31264025e-01  2.32847139e-01  2.34676316e-01
  2.36685440e-01  2.38811910e-01  2.40996525e-01  2.43183702e-01  2.45322034e-01
  2.47365072e-01  2.49272212e-01  2.51009464e-01  2.52550006e-01  2.53874540e-01
  2.54971325e-01  2.55835652e-01  2.56469250e-01  2.56879240e-01  2.57077217e-01
  2.90841460e+00  2.87700057e+00  2.79574180e+00  2.71082878e+00  2.61351418e+00
  2.52038527e+00  2.43935466e+00  2.36760068e+00  2.30623126e+00  2.25359702e+00
  2.20993972e+00  2.17286897e+00  2.14252496e+00  2.11749482e+00  2.09746981e+00
  2.08191419e+00  2.06963730e+00  2.06124687e+00  2.05534983e+00  2.05221772e+00
  2.05109859e+00  2.05207109e+00  2.05458069e+00  2.05866671e+00  2.06390643e+00
  2.07031560e+00  2.07790017e+00  2.08619499e+00  2.09545803e+00  2.10549760e+00
  2.11631680e+00  2.12785792e+00  2.14015818e+00  2.15319920e+00  2.16703820e+00
  2.18170619e+00  2.19726920e+00  2.21383333e+00  2.23141623e+00  2.25021386e+00
  2.27035642e+00  2.29194856e+00  2.31520438e+00  2.34027076e+00  2.36744976e+00
  2.39705634e+00  2.42928171e+00  2.46457100e+00  2.50325823e+00  2.54570866e+00
  2.59278584e+00  2.64455748e+00  2.70216346e+00  2.76636577e+00  2.83826923e+00
  2.91981721e+00  3.01236296e+00  3.11921406e+00  3.24449992e+00  3.39390087e+00
  3.57821798e+00  3.80908847e+00  4.12384701e+00  4.62429762e+00  7.24377775e+00
   90   89
  1.04213941e+00  0.00000000e+00  1.04330933e+00  1.00000001e-01  1.04743373e+00
  2.00000003e-01  1.05250001e+00  2.82002985e-01  1.05774057e+00  3.49999994e-01
  1.06754482e+00  4.49999988e-01  1.07841229e+00  5.50000012e-01  1.08365321e+00
  6.00000024e-01  1.09585929e+00  6.99999988e-01  1.10562503e+00  7.70156682e-01
  1.11884952e+00  8.50000024e-01  1.13218749e+00  9.24356043e-01  1.14968479e+00
  1.00000000e+00  1.16230142e+00  1.06441545e+00  1.16585279e+00  1.08375859e+00
  1.23843753e+00  1.07733130e+00  1.29156256e+00  1.07052302e+00  1.34468746e+00
  1.06230772e+00  1.39781249e+00  1.05303133e+00  1.42437506e+00  1.04871905e+00
  1.47749996e+00  1.03741920e+00  1.53062499e+00  1.02259517e+00  1.58375001e+00
  1.00482357e+00  1.61031246e+00  9.95940387e-01  1.66343749e+00  9.75023031e-01
  1.71510422e+00  9.49999988e-01  1.74312496e+00  9.35781598e-01  1.79624999e+00
  9.02959585e-01  1.82281256e+00  8.86159182e-01  1.87143433e+00  8.50000024e-01
  1.90250003e+00  8.25040877e-01  1.92982745e+00  8.00000012e-01  1.98206627e+00
  7.50000000e-01  2.00874996e+00  7.22580373e-01  2.03531241e+00  6.92515135e-01
  2.06905341e+00  6.49999976e-01  2.10511374e+00  6.00000024e-01  2.13640547e+00
  5.50000012e-01  2.16354513e+00  5.00000000e-01  2.18729305e+00  4.49999988e-01
  2.20837474e+00  4.00000006e-01  2.22741437e+00  3.49999994e-01  2.24781251e+00
  2.92398065e-01  2.27437496e+00  2.00914249e-01  2.28689265e+00  1.50000006e-01
  2.30093741e+00  5.03947809e-02  2.30194783e+00  0.00000000e+00  2.29947853e+00
 -5.00000007e-02  2.28232551e+00 -1.50000006e-01  2.26943374e+00 -2.00000003e-01
  2.24781251e+00 -2.66537160e-01  2.22125006e+00 -3.39341819e-01  2.19512343e+00
 -4.00000006e-01  2.17194462e+00 -4.49999988e-01  2.14601803e+00 -5.00000000e-01
  2.11650801e+00 -5.50000012e-01  2.08843756e+00 -5.93150377e-01  2.06187510e+00
 -6.28456652e-01  2.03531241e+00 -6.59845114e-01  1.99770033e+00 -6.99999988e-01
  1.95562506e+00 -7.39736438e-01  1.92906249e+00 -7.61695266e-01  1.87613654e+00
 -8.00000012e-01  1.84937501e+00 -8.18594217e-01  1.79624999e+00 -8.48921359e-01
  1.76968753e+00 -8.62205148e-01  1.71656251e+00 -8.85140121e-01  1.66820848e+00
 -8.99999976e-01  1.63687503e+00 -9.09151554e-01  1.58375001e+00 -9.21414971e-01
  1.53062499e+00 -9.29001629e-01  1.47749996e+00 -9.31519985e-01  1.42437506e+00
 -9.28016961e-01  1.37125003e+00 -9.16412354e-01  1.33044171e+00 -8.99999976e-01
  1.29156256e+00 -8.78127933e-01  1.26039064e+00 -8.50000024e-01  1.21891582e+00
 -8.00000012e-01  1.18966889e+00 -7.50000000e-01  1.16699910e+00 -6.99999988e-01
  1.14840353e+00 -6.49999976e-01  1.13218749e+00 -5.99126220e-01  1.10565889e+00
 -5.00000000e-01  1.09429121e+00 -4.49999988e-01  1.07906246e+00 -3.73944193e-01
  1.06619811e+00 -3.00000012e-01  1.05317605e+00 -2.00000003e-01  1.04871094e+00
 -1.50000006e-01  1.04310906e+00 -5.00000007e-02  1.04213941e+00  0.00000000e+00
  1.01600003e+00  0.00000000e+00  1.01600003e+00  9.63999987e-01  1.01800001e+00
  9.67999995e-01  1.01800001e+00  1.00100005e+00  1.01800001e+00  1.01900005e+00
  1.01800001e+00  1.07700002e+00  1.01800001e+00  1.07000005e+00  1.01800001e+00
  1.09599996e+00  1.01800001e+00  1.11300004e+00  1.01800001e+00  1.13800001e+00
  1.01600003e+00  1.14699996e+00  1.01199996e+00  1.16499996e+00  1.00100005e+00
  1.21700001e+00  1.02900004e+00  1.21700001e+00  1.04200006e+00  1.16240001e+00
  1.04600000e+00  1.16237998e+00  1.05599999e+00  1.16260004e+00  1.09700000e+00
  1.16450000e+00  1.10800004e+00  1.16594005e+00  1.11600006e+00  1.16591001e+00
  1.13399994e+00  1.16895998e+00  1.14800000e+00  1.17174995e+00  1.16199994e+00
  1.17556000e+00  1.18099999e+00  1.18299997e+00  1.18200004e+00  1.18350005e+00
  1.18499994e+00  1.18499994e+00  1.19000006e+00  1.18799996e+00  1.19500005e+00
  1.19099998e+00  1.20099998e+00  1.19599998e+00  1.20899999e+00  1.20200002e+00
  1.21500003e+00  1.20799994e+00  1.22200000e+00  1.21399999e+00  1.22800004e+00
  1.22099996e+00  1.23399997e+00  1.23099995e+00  1.23899996e+00  1.23800004e+00
  1.24199998e+00  1.24399996e+00  1.24800003e+00  1.25399995e+00  1.25800002e+00
  1.27800000e+00  1.26300001e+00  1.28999996e+00  1.27999997e+00  1.33099997e+00
  1.27999997e+00  1.34700000e+00  1.27999997e+00  1.34800005e+00  1.30999994e+00
  1.34800005e+00  1.32799995e+00  1.34800005e+00  1.36099994e+00  1.34800005e+00
  1.38000000e+00  1.34800005e+00  1.41900003e+00  1.34800005e+00  1.41900003e+00
  1.30999994e+00  1.37199998e+00  1.30999994e+00  1.37199998e+00  1.29200006e+00
  1.60800004e+00  1.09500003e+00  1.64699996e+00  1.07700002e+00  1.78499997e+00
  1.07700002e+00  2.06999993e+00  1.03999996e+00  2.12800002e+00  9.92999971e-01
  2.24499989e+00  7.08999991e-01  2.32299995e+00  5.18999994e-01  2.37700009e+00
  3.88999999e-01  2.35200000e+00  4.00000006e-01  2.35100007e+00  3.37000012e-01
  2.35100007e+00  2.04999998e-01  2.35400009e+00  6.80000037e-02  2.35400009e+00
  0.00000000e+00  2.35400009e+00 -6.80000037e-02  2.35299993e+00 -2.04999998e-01
  2.35100007e+00 -3.37000012e-01  2.35299993e+00 -4.00000006e-01  2.37700009e+00
 -3.88999999e-01  2.13400006e+00 -9.72999990e-01  1.78600001e+00 -1.17400002e+00
  1.76800001e+00 -1.21099997e+00  1.76800001e+00 -1.25399995e+00  1.68200004e+00
 -1.25399995e+00  1.67400002e+00 -1.26199996e+00  1.67400002e+00 -1.32900000e+00
  1.68099999e+00 -1.33899999e+00  1.75399995e+00 -1.33899999e+00  1.75399995e+00
 -1.36800003e+00  1.68900001e+00 -1.36800003e+00  1.68900001e+00 -1.36600006e+00
  1.55499995e+00 -1.36600006e+00  1.41199994e+00 -1.36600006e+00  1.27300000e+00
 -1.36600006e+00  1.15300000e+00 -1.36600006e+00  1.01600003e+00 -1.22899997e+00
  1.01600003e+00 -8.00000012e-01  1.01600003e+00 -4.14999992e-01  1.01600003e+00
 -4.00000006e-01  1.01600003e+00  0.00000000e+00
    0 0.000000000e+00    0
  0.00000000e+00  1.34368062e-01  1.89096943e-01  2.28582054e-01  2.62255609e-01
  2.90968508e-01  3.16485226e-01  3.39187175e-01  3.60052526e-01  3.79304826e-01
  3.97153527e-01  4.14063424e-01  4.30004060e-01  4.45205629e-01  4.59724247e-01
  4.73728061e-01  4.87241328e-01  5.00265479e-01  5.13008356e-01  5.25347352e-01
  5.37421823e-01  5.49227655e-01  5.60786009e-01  5.72122872e-01  5.83297551e-01
  5.94267368e-01  6.05051935e-01  6.15735710e-01  6.26259148e-01  6.36646628e-01
  6.46925271e-01  6.57104909e-01  6.67183161e-01  6.77154481e-01  6.87045038e-01
  6.96883202e-01  7.06629932e-01  7.16321051e-01  7.25953519e-01  7.35538185e-01
  7.45082676e-01  7.54597008e-01  7.64090419e-01  7.73554444e-01  7.83006728e-01
  7.92474687e-01  8.01936150e-01  8.11436892e-01  8.20966601e-01  8.30517411e-01
  8.40161145e-01  8.49841952e-01  8.59639406e-01  8.69553208e-01  8.79588246e-01
  8.89796972e-01  9.00167584e-01  9.10773635e-01  9.21672344e-01  9.32880878e-01
  9.44558978e-01  9.56657708e-01  9.69534099e-01  9.83483374e-01  1.00000000e+00
    0
