   EFIT?   05/12/98      #102940   771             3  65  65
  1.70000005e+00  3.20000005e+00  1.69550002e+00  8.39999974e-01  0.00000000e+00
  1.76487112e+00  9.98691004e-03 -2.85935134e-01 -9.85046253e-02 -2.00515819e+00
  1.12386512e+06 -2.85935134e-01  0.00000000e+00  1.76487112e+00  0.00000000e+00
  9.98691004e-03  0.00000000e+00 -9.85046253e-02  0.00000000e+00  0.00000000e+00
 -3.42918706e+00 -3.43273687e+00 -3.43569303e+00 -3.43811083e+00 -3.44003987e+00
 -3.44152522e+00 -3.44260836e+00 -3.44332743e+00 -3.44371676e+00 -3.44380879e+00
 -3.44363236e+00 -3.44321513e+00 -3.44258237e+00 -3.44175744e+00 -3.44076276e+00
 -3.43961883e+00 -3.43834567e+00 -3.43696189e+00 -3.43548560e+00 -3.43393445e+00
 -3.43232560e+00 -3.43067479e+00 -3.42899752e+00 -3.42730665e+00 -3.42561507e+00
 -3.42393327e+00 -3.42227173e+00 -3.42063880e+00 -3.41904283e+00 -3.41749096e+00
 -3.41598988e+00 -3.41454458e+00 -3.41316032e+00 -3.41184163e+00 -3.41059184e+00
 -3.40941405e+00 -3.40831065e+00 -3.40728402e+00 -3.40633512e+00 -3.40546489e+00
 -3.40467381e+00 -3.40396190e+00 -3.40332818e+00 -3.40277171e+00 -3.40229058e+00
 -3.40188265e+00 -3.40154529e+00 -3.40127444e+00 -3.40106654e+00 -3.40091681e+00
 -3.40081978e+00 -3.40076923e+00 -3.40075827e+00 -3.40077925e+00 -3.40082288e+00
 -3.40087962e+00 -3.40093899e+00 -3.40098834e+00 -3.40101480e+00 -3.40100336e+00
 -3.40093780e+00 -3.40079999e+00 -3.40057039e+00 -3.40022683e+00 -3.39974546e+00
  3.57285938e+04  3.16525156e+04  2.80351641e+04  2.48420020e+04  2.20402051e+04
  1.95985840e+04  1.74875195e+04  1.56788955e+04  1.41460400e+04  1.28636621e+04
  1.18077969e+04  1.09557588e+04  1.02860830e+04  9.77848730e+03  9.41381738e+03
  9.17401562e+03  9.04207227e+03  9.00199414e+03  9.03876465e+03  9.13831641e+03
  9.28749414e+03  9.47403223e+03  9.68652051e+03  9.91438672e+03  1.01478662e+04
  1.03779863e+04  1.05965439e+04  1.07960869e+04  1.09698984e+04  1.11119824e+04
  1.12170527e+04  1.12805146e+04  1.12984619e+04  1.12676660e+04  1.11855674e+04
  1.10502715e+04  1.08605420e+04  1.06158037e+04  1.03161357e+04  9.96227246e+03
  9.55560938e+03  9.09820117e+03  8.59276758e+03  8.04270215e+03  7.45207617e+03
  6.82564941e+03  6.16887939e+03  5.48793555e+03  4.78970996e+03  4.08183496e+03
  3.37269849e+03  2.67146313e+03  1.98808533e+03  1.33333899e+03  7.18837585e+02
  1.57060242e+02 -3.38620667e+02 -7.53910400e+02 -1.07356030e+03 -1.28133435e+03
 -1.35997339e+03 -1.29115735e+03 -1.05546484e+03 -6.32330566e+02  0.00000000e+00
  4.52065325e+00  3.79635096e+00  3.13718891e+00  2.53762245e+00  1.99263072e+00
  1.49767315e+00  1.04864919e+00  6.41862094e-01  2.73986936e-01 -5.79592697e-02
 -3.56643289e-01 -6.24439418e-01 -8.63450289e-01 -1.07552528e+00 -1.26227689e+00
 -1.42509496e+00 -1.56515872e+00 -1.68344724e+00 -1.78074825e+00 -1.85766459e+00
 -1.91476142e+00 -1.95347416e+00 -1.97554469e+00 -1.98257065e+00 -1.97601748e+00
 -1.95723104e+00 -1.92744982e+00 -1.88781536e+00 -1.83938277e+00 -1.78312945e+00
 -1.71996450e+00 -1.65073562e+00 -1.57623780e+00 -1.49721920e+00 -1.41438842e+00
 -1.32842052e+00 -1.23996305e+00 -1.14964139e+00 -1.05806494e+00 -9.65831578e-01
 -8.73533845e-01 -7.81763434e-01 -6.91116869e-01 -6.02200329e-01 -5.15635371e-01
 -4.32064265e-01 -3.52155507e-01 -2.76609868e-01 -2.06166446e-01 -1.41609266e-01
 -8.37741122e-02 -3.35558653e-02  8.08356144e-03  4.01068255e-02  6.13919981e-02
  7.07226992e-02  6.67774081e-02  4.81178351e-02  1.31762680e-02 -3.97582091e-02
 -1.12554774e-01 -2.07257301e-01 -3.26102346e-01 -4.71538752e-01 -6.46249354e-01
 -1.47315738e+06 -1.31047600e+06 -1.15988512e+06 -1.02078838e+06 -8.92614625e+05
 -7.74816812e+05 -6.66870688e+05 -5.68273688e+05 -4.78543656e+05 -3.97218062e+05
 -3.23852750e+05 -2.58021172e+05 -1.99313219e+05 -1.47334484e+05 -1.01705359e+05
 -6.20601875e+04 -2.80464512e+04  6.75985840e+02  2.44356309e+04  4.35500859e+04
  5.83267383e+04  6.90634531e+04  7.60492109e+04  7.95647500e+04  7.98831797e+04
  7.72705859e+04  7.19866094e+04  6.42850234e+04  5.44142930e+04  4.26181055e+04
  2.91359238e+04  1.42035049e+04 -1.94658350e+03 -1.90844492e+04 -3.69823672e+04
 -5.54142930e+04 -7.41553359e+04 -9.29813125e+04 -1.11668203e+05 -1.29991688e+05
 -1.47726656e+05 -1.64646688e+05 -1.80523594e+05 -1.95126891e+05 -2.08223250e+05
 -2.19576109e+05 -2.28945000e+05 -2.36085141e+05 -2.40746844e+05 -2.42674969e+05
 -2.41608359e+05 -2.37279281e+05 -2.29412844e+05 -2.17726375e+05 -2.01928812e+05
 -1.81720031e+05 -1.56790250e+05 -1.26819305e+05 -9.14759297e+04 -5.04170664e+04
 -3.28710107e+03  5.02829297e+04  1.10676141e+05  1.78290641e+05  2.53540406e+05
 -6.24695979e-02 -6.90798834e-02 -7.61389881e-02 -8.35824758e-02 -9.12572369e-02
 -9.89046097e-02 -1.05939448e-01 -1.12142622e-01 -1.19594425e-01 -1.06990263e-01
 -9.98048261e-02 -9.46089327e-02 -9.14477929e-02 -8.71877670e-02 -8.03940594e-02
 -7.61217102e-02 -7.01018795e-02 -6.16788492e-02 -5.55767007e-02 -4.65357751e-02
 -3.46698314e-02 -2.37808209e-02 -1.31832976e-02 -2.47613038e-03  8.64616875e-03
  2.04779916e-02  3.33623886e-02  4.77570817e-02  6.43280074e-02  8.38653743e-02
  1.02212355e-01  1.12175308e-01  1.21551171e-01  1.22352034e-01  1.22535340e-01
  1.12941511e-01  1.02526113e-01  9.49231461e-02  8.93990770e-02  8.53739381e-02
  8.24731514e-02  8.04461762e-02  7.91174918e-02  7.83583298e-02  7.80699849e-02
  7.81736225e-02  7.86038786e-02  7.93046206e-02  8.02262127e-02  8.13235864e-02
  8.25550631e-02  8.38816166e-02  8.52665603e-02  8.66754502e-02  8.80763531e-02
  8.94401222e-02  9.07408595e-02  9.19563547e-02  9.30684507e-02  9.40632820e-02
  9.49313343e-02  9.56673548e-02  9.62700322e-02  9.67415348e-02  9.70869213e-02
 -6.88205361e-02 -7.68253952e-02 -8.57931152e-02 -9.58478972e-02 -1.06730387e-01
 -1.17707029e-01 -1.31110445e-01 -1.30605280e-01 -1.29315138e-01 -1.17635682e-01
 -1.07766807e-01 -1.00256346e-01 -9.43200588e-02 -8.84756967e-02 -8.21986273e-02
 -7.63755664e-02 -6.98848963e-02 -6.24988005e-02 -5.51498421e-02 -4.65647653e-02
 -3.66764031e-02 -2.66205259e-02 -1.64319221e-02 -5.94774773e-03  5.03784651e-03
  1.67703405e-02  2.95614526e-02  4.38403301e-02  6.02452345e-02  7.96364620e-02
  9.81965363e-02  1.07707337e-01  1.17576011e-01  1.18063115e-01  1.18966430e-01
  1.09290734e-01  9.92638245e-02  9.20633823e-02  8.68977830e-02  8.32089335e-02
  8.06391239e-02  7.89473280e-02  7.79631361e-02  7.75605738e-02  7.76423290e-02
  7.81299546e-02  7.89575130e-02  8.00673440e-02  8.14072341e-02  8.29284787e-02
  8.45846906e-02  8.63311514e-02  8.81245881e-02  8.99234042e-02  9.16882455e-02
  9.33827683e-02  9.49745625e-02  9.64360759e-02  9.77453813e-02  9.88867059e-02
  9.98505875e-02  1.00633696e-01  1.01238303e-01  1.01671427e-01  1.01943851e-01
 -7.32362792e-02 -8.20699483e-02 -9.23355967e-02 -1.04727425e-01 -1.20359398e-01
 -1.29297376e-01 -1.34534076e-01 -1.31149963e-01 -1.24996431e-01 -1.15765937e-01
 -1.07098430e-01 -9.96269211e-02 -9.29644182e-02 -8.67097303e-02 -8.05763528e-02
 -7.43802339e-02 -6.79476559e-02 -6.11548796e-02 -5.39257489e-02 -4.61744182e-02
 -3.78908105e-02 -2.91537922e-02 -2.00168882e-02 -1.04635805e-02 -4.23374266e-04
  1.02085602e-02  2.15576049e-02  3.37517224e-02  4.68665399e-02  6.06373399e-02
  7.31466860e-02  8.24311078e-02  8.93029720e-02  9.25342664e-02  9.32115838e-02
  9.02397484e-02  8.59186426e-02  8.21416155e-02  7.92030320e-02  7.70780742e-02
  7.56855085e-02  7.49381706e-02  7.47556761e-02  7.50668645e-02  7.58088902e-02
  7.69253522e-02  7.83643275e-02  8.00765604e-02  8.20139945e-02  8.41286406e-02
  8.63717794e-02  8.86937082e-02  9.10438523e-02  9.33715329e-02  9.56271887e-02
  9.77640226e-02  9.97399092e-02  1.01519294e-01  1.03074819e-01  1.04388386e-01
  1.05451562e-01  1.06265225e-01  1.06838457e-01  1.07187018e-01  1.07331447e-01
 -7.51127675e-02 -8.35790932e-02 -9.31562334e-02 -1.04364261e-01 -1.17216527e-01
 -1.22598723e-01 -1.22082949e-01 -1.18319802e-01 -1.12937972e-01 -1.07221171e-01
 -1.01364382e-01 -9.55568850e-02 -8.98634568e-02 -8.42416510e-02 -7.86050558e-02
 -7.28600994e-02 -6.69202060e-02 -6.07126877e-02 -5.41820899e-02 -4.72919978e-02
 -4.00277115e-02 -3.23920138e-02 -2.43922081e-02 -1.60296597e-02 -7.29957782e-03
  1.79909437e-03  1.12439832e-02  2.09553894e-02  3.07413582e-02  4.02340963e-02
  4.89080846e-02  5.62741645e-02  6.20305575e-02  6.60498664e-02  6.83894530e-02
  6.93060234e-02  6.92852736e-02  6.88712522e-02  6.84583932e-02  6.82683736e-02
  6.84084296e-02  6.89215958e-02  6.98163956e-02  7.10828006e-02  7.27004483e-02
  7.46426806e-02  7.68782496e-02  7.93718174e-02  8.20837095e-02  8.49694386e-02
  8.79792199e-02  9.10577700e-02  9.41447318e-02  9.71759334e-02  1.00085624e-01
  1.02809668e-01  1.05289415e-01  1.07475594e-01  1.09331705e-01  1.10836312e-01
  1.11983806e-01  1.12783588e-01  1.13257818e-01  1.13438107e-01  1.13361880e-01
 -7.52075240e-02 -8.23906213e-02 -8.96571130e-02 -9.69272405e-02 -1.03474796e-01
 -1.06576517e-01 -1.06410354e-01 -1.04758844e-01 -1.02060951e-01 -9.86240879e-02
 -9.47006643e-02 -9.04621482e-02 -8.60087574e-02 -8.13837275e-02 -7.65908509e-02
 -7.16113225e-02 -6.64165094e-02 -6.09766096e-02 -5.52662276e-02 -4.92676869e-02
 -4.29724567e-02 -3.63807715e-02 -2.95002535e-02 -2.23454461e-02 -1.49401780e-02
 -7.32379267e-03  4.38817951e-04  8.24472867e-03  1.59424841e-02  2.33328659e-02
  3.01913898e-02  3.63104865e-02  4.15414982e-02  4.58208732e-02  4.91810329e-02
  5.17475344e-02  5.37176058e-02  5.53178675e-02  5.67587204e-02  5.82074597e-02
  5.97834624e-02  6.15653507e-02  6.36010021e-02  6.59162253e-02  6.85209781e-02
  7.14133531e-02  7.45817870e-02  7.80059397e-02  8.16565305e-02  8.54945257e-02
  8.94699395e-02  9.35207307e-02  9.75724086e-02  1.01539209e-01  1.05327480e-01
  1.08841650e-01  1.11992083e-01  1.14703543e-01  1.16922446e-01  1.18621722e-01
  1.19802400e-01  1.20491631e-01  1.20737478e-01  1.20601527e-01  1.20151147e-01
 -7.56653994e-02 -8.17943215e-02 -8.65711793e-02 -9.02515650e-02 -9.30548236e-02
 -9.47809964e-02 -9.53134969e-02 -9.47792977e-02 -9.33815986e-02 -9.13049579e-02
 -8.87005925e-02 -8.56848583e-02 -8.23401064e-02 -7.87185133e-02 -7.48481229e-02
 -7.07397312e-02 -6.63934797e-02 -6.18043616e-02 -5.69664910e-02 -5.18762060e-02
 -4.65341099e-02 -4.09464203e-02 -3.51260230e-02 -2.90937927e-02 -2.28806585e-02
 -1.65304802e-02 -1.01033207e-02 -3.67789133e-03  2.64874962e-03  8.76636989e-03
  1.45625882e-02  1.99381504e-02  2.48225164e-02  2.91856304e-02  3.30432765e-02
  3.64549384e-02  3.95143032e-02  4.23343964e-02  4.50316407e-02  4.77131791e-02
  5.04697561e-02  5.33735380e-02  5.64790629e-02  5.98255433e-02  6.34392425e-02
  6.73353598e-02  7.15190619e-02  7.59855136e-02  8.07188451e-02  8.56898949e-02
  9.08528343e-02  9.61408690e-02  1.01462021e-01  1.06696993e-01  1.11702204e-01
  1.16320752e-01  1.20400332e-01  1.23812929e-01  1.26470774e-01  1.28336295e-01
  1.29425704e-01  1.29804909e-01  1.29577041e-01  1.28863871e-01  1.27787486e-01
 -7.90040344e-02 -8.65969062e-02 -8.63163620e-02 -8.62359926e-02 -8.70735943e-02
 -8.77583772e-02 -8.80005807e-02 -8.77118558e-02 -8.68951678e-02 -8.55941623e-02
 -8.38652775e-02 -8.17632377e-02 -7.93341622e-02 -7.66131356e-02 -7.36243948e-02
 -7.03830943e-02 -6.68978170e-02 -6.31731749e-02 -5.92122562e-02 -5.50187491e-02
 -5.05986102e-02 -4.59614918e-02 -4.11219671e-02 -3.61006483e-02 -3.09253503e-02
 -2.56320946e-02 -2.02657059e-02 -1.48794809e-02 -9.53336805e-03 -4.29022452e-03
  7.89748679e-04  5.65570267e-03  1.02726873e-02  1.46266622e-02  1.87268648e-02
  2.26050373e-02  2.63116583e-02  2.99100745e-02  3.34698744e-02  3.70608568e-02
  4.07485664e-02  4.45916429e-02  4.86407056e-02  5.29383421e-02  5.75195700e-02
  6.24123998e-02  6.76380023e-02  7.32102543e-02  7.91340396e-02  8.54018182e-02
  9.19874460e-02  9.88360643e-02  1.05849296e-01  1.12867191e-01  1.19656391e-01
  1.25925854e-01  1.31382450e-01  1.35788828e-01  1.38990253e-01  1.40926704e-01
  1.41643047e-01  1.41293064e-01  1.40112385e-01  1.38356507e-01  1.36248365e-01
 -7.29742348e-02 -7.78183788e-02 -8.04857984e-02 -8.16563889e-02 -8.22430998e-02
 -8.25762004e-02 -8.26776102e-02 -8.25081393e-02 -8.20383132e-02 -8.12581554e-02
 -8.01723301e-02 -7.87933469e-02 -7.71363601e-02 -7.52158090e-02 -7.30437487e-02
 -7.06294179e-02 -6.79795817e-02 -6.50993884e-02 -6.19934388e-02 -5.86668700e-02
 -5.51263876e-02 -5.13812229e-02 -4.74439450e-02 -4.33311313e-02 -3.90638746e-02
 -3.46679911e-02 -3.01738270e-02 -2.56154574e-02 -2.10291520e-02 -1.64510570e-02
 -1.19142570e-02 -7.44552957e-03 -3.06231063e-03  1.22962019e-03  5.43730287e-03
  9.58040450e-03  1.36897471e-02  1.78048629e-02  2.19710860e-02  2.62366906e-02
  3.06504928e-02  3.52601595e-02  4.01112624e-02  4.52469774e-02  5.07082827e-02
  5.65344319e-02  6.27635121e-02  6.94328025e-02  7.65785575e-02  8.42344612e-02
  9.24271867e-02  1.01165675e-01  1.10416204e-01  1.20047860e-01  1.29729360e-01
  1.38751686e-01  1.46404460e-01  1.52315170e-01  1.56233057e-01  1.58045202e-01
  1.57771617e-01  1.55704528e-01  1.52565897e-01  1.48940831e-01  1.45198047e-01
 -7.36390874e-02 -8.01158026e-02 -7.91797489e-02 -7.81014785e-02 -7.80644938e-02
 -7.82107562e-02 -7.83411562e-02 -7.83695206e-02 -7.82443658e-02 -7.79327378e-02
 -7.74147063e-02 -7.66795129e-02 -7.57224187e-02 -7.45421723e-02 -7.31392652e-02
 -7.15148672e-02 -6.96703866e-02 -6.76074177e-02 -6.53279796e-02 -6.28349632e-02
 -6.01325817e-02 -5.72268963e-02 -5.41262031e-02 -5.08413874e-02 -4.73860689e-02
 -4.37765643e-02 -4.00315300e-02 -3.61712910e-02 -3.22167873e-02 -2.81881951e-02
 -2.41032951e-02 -1.99757721e-02 -1.58136636e-02 -1.16181504e-02 -7.38289300e-03
 -3.09396395e-03  1.26962608e-03  5.73494984e-03  1.03339273e-02  1.51020559e-02
  2.00773217e-02  2.52994299e-02  3.08094770e-02  3.66500951e-02  4.28660661e-02
  4.95054983e-02  5.66215217e-02  6.42746910e-02  7.25362822e-02  8.14928338e-02
  9.12527144e-02  1.01955928e-01  1.13789417e-01  1.27005458e-01  1.41825512e-01
  1.56659290e-01  1.66772857e-01  1.75520286e-01  1.80251434e-01  1.81657702e-01
  1.80389941e-01  1.73568994e-01  1.66249990e-01  1.59578130e-01  1.53590336e-01
 -6.60513118e-02 -7.03443214e-02 -7.24731162e-02 -7.32342824e-02 -7.36288428e-02
 -7.40105137e-02 -7.44134858e-02 -7.47962520e-02 -7.51103610e-02 -7.53155127e-02
 -7.53813609e-02 -7.52860755e-02 -7.50143304e-02 -7.45554492e-02 -7.39018694e-02
 -7.30481222e-02 -7.19901025e-02 -7.07247555e-02 -6.92499429e-02 -6.75645322e-02
 -6.56685382e-02 -6.35633543e-02 -6.12519160e-02 -5.87388836e-02 -5.60306460e-02
 -5.31352423e-02 -5.00620939e-02 -4.68215272e-02 -4.34241518e-02 -3.98800001e-02
 -3.61976177e-02 -3.23830955e-02 -2.84391586e-02 -2.43644603e-02 -2.01531146e-02
 -1.57945100e-02 -1.12734213e-02 -6.57030242e-03 -1.66172220e-03  3.47920158e-03
  8.88246205e-03  1.45810340e-02  2.06110459e-02  2.70123426e-02  3.38295549e-02
  4.11137976e-02  4.89252135e-02  5.73367588e-02  6.64398298e-02  7.63528422e-02
  8.72349516e-02  9.93089676e-02  1.12901829e-01  1.28514737e-01  1.46839261e-01
  1.66659042e-01  1.80347115e-01  1.91256925e-01  1.97854087e-01  1.99179277e-01
  1.97864011e-01  1.88533649e-01  1.77260682e-01  1.67507112e-01  1.59396708e-01
 -6.35445639e-02 -6.88652918e-02 -6.91016540e-02 -6.85817301e-02 -6.89814836e-02
 -6.97228909e-02 -7.06012398e-02 -7.15155005e-02 -7.24022239e-02 -7.32170716e-02
 -7.39276186e-02 -7.45095536e-02 -7.49443397e-02 -7.52174482e-02 -7.53172040e-02
 -7.52338767e-02 -7.49590769e-02 -7.44854063e-02 -7.38063008e-02 -7.29159564e-02
 -7.18094707e-02 -7.04828724e-02 -6.89333007e-02 -6.71590641e-02 -6.51597008e-02
 -6.29359633e-02 -6.04896992e-02 -5.78236058e-02 -5.49408905e-02 -5.18447869e-02
 -4.85380106e-02 -4.50221412e-02 -4.12970185e-02 -3.73602100e-02 -3.32066230e-02
 -2.88282987e-02 -2.42143404e-02 -1.93508808e-02 -1.42211178e-02 -8.80532898e-03
 -3.08083091e-03  2.97820894e-03  9.40116402e-03  1.62216350e-02  2.34785192e-02
  3.12175956e-02  3.94938067e-02  4.83744927e-02  5.79439923e-02  6.83101043e-02
  7.96131641e-02  9.20381173e-02  1.05829053e-01  1.21304393e-01  1.38890222e-01
  1.59205943e-01  1.77966341e-01  1.87939182e-01  1.98265284e-01  1.99405119e-01
  1.99313134e-01  1.93262950e-01  1.80554777e-01  1.69298291e-01  1.60257220e-01
 -5.42229079e-02 -5.81079274e-02 -6.04350157e-02 -6.19817637e-02 -6.35112673e-02
 -6.51321337e-02 -6.67926148e-02 -6.84418827e-02 -7.00427815e-02 -7.15674236e-02
 -7.29937106e-02 -7.43033662e-02 -7.54807144e-02 -7.65119269e-02 -7.73843825e-02
 -7.80862719e-02 -7.86062106e-02 -7.89330751e-02 -7.90559426e-02 -7.89641216e-02
 -7.86473602e-02 -7.80959874e-02 -7.73010105e-02 -7.62542412e-02 -7.49484971e-02
 -7.33777136e-02 -7.15370327e-02 -6.94228187e-02 -6.70325831e-02 -6.43647537e-02
 -6.14183582e-02 -5.81925847e-02 -5.46861701e-02 -5.08968271e-02 -4.68208119e-02
 -4.24529277e-02 -3.77864353e-02 -3.28128487e-02 -2.75216978e-02 -2.19003744e-02
 -1.59339402e-02 -9.60487779e-03 -2.89273472e-03  4.22637723e-03  1.17804538e-02
  1.98024921e-02  2.83316374e-02  3.74146178e-02  4.71074283e-02  5.74771501e-02
  6.86036423e-02  8.05803761e-02  9.35136899e-02  1.07520282e-01  1.22732788e-01
  1.39422834e-01  1.58941925e-01  1.70222193e-01  1.77230194e-01  1.85587332e-01
  1.81750238e-01  1.83921665e-01  1.72531992e-01  1.62131786e-01  1.54568851e-01
 -4.50437553e-02 -4.82351780e-02 -5.16013354e-02 -5.48538528e-02 -5.78291453e-02
 -6.05891421e-02 -6.32024258e-02 -6.57030270e-02 -6.81026727e-02 -7.04016536e-02
 -7.25946128e-02 -7.46732578e-02 -7.66276717e-02 -7.84468502e-02 -8.01189467e-02
 -8.16312283e-02 -8.29700455e-02 -8.41208100e-02 -8.50680247e-02 -8.57954174e-02
 -8.62869993e-02 -8.65269750e-02 -8.64997581e-02 -8.61901715e-02 -8.55838582e-02
 -8.46676901e-02 -8.34301487e-02 -8.18616673e-02 -7.99548402e-02 -7.77044967e-02
 -7.51076639e-02 -7.21631497e-02 -6.88706934e-02 -6.52295798e-02 -6.12372570e-02
 -5.68915270e-02 -5.21904454e-02 -4.71315421e-02 -4.17111218e-02 -3.59241888e-02
 -2.97642946e-02 -2.32233331e-02 -1.62913445e-02 -8.95635039e-03 -1.20419718e-03
  6.98150415e-03  1.56192956e-02  2.47294921e-02  3.43332626e-02  4.44507264e-02
  5.50973304e-02  6.62772134e-02  7.79711977e-02  9.01146308e-02  1.02552302e-01
  1.14933543e-01  1.26515940e-01  1.36279255e-01  1.43774301e-01  1.48874640e-01
  1.51474863e-01  1.51799142e-01  1.50021359e-01  1.46948949e-01  1.43564850e-01
 -3.76229994e-02 -4.03069295e-02 -4.47704531e-02 -4.92052920e-02 -5.31283282e-02
 -5.67707159e-02 -6.02238774e-02 -6.35334551e-02 -6.67234659e-02 -6.98051900e-02
 -7.27818459e-02 -7.56512955e-02 -7.84076974e-02 -8.10423717e-02 -8.35442245e-02
 -8.58998448e-02 -8.80934224e-02 -9.01066437e-02 -9.19191018e-02 -9.35050920e-02
 -9.48432237e-02 -9.59116742e-02 -9.66874585e-02 -9.71471220e-02 -9.72677097e-02
 -9.70277414e-02 -9.64080617e-02 -9.53925103e-02 -9.39685553e-02 -9.21278819e-02
 -8.98669586e-02 -8.71872902e-02 -8.40946212e-02 -8.05945396e-02 -7.66778886e-02
 -7.23458380e-02 -6.76039085e-02 -6.24580644e-02 -5.69115914e-02 -5.09674996e-02
 -4.46285084e-02 -3.78964879e-02 -3.07725277e-02 -2.32570227e-02 -1.53499115e-02
 -7.05119083e-03  1.63818512e-03  1.07148904e-02  2.01710649e-02  2.99910251e-02
  4.01463397e-02  5.05884513e-02  6.12378716e-02  7.19689578e-02  8.25907439e-02
  9.28312615e-02  1.02348045e-01  1.10790901e-01  1.17887519e-01  1.23481378e-01
  1.27533138e-01  1.30120382e-01  1.31435513e-01  1.31772175e-01  1.31457403e-01
 -3.40800248e-02 -3.71533670e-02 -4.10244018e-02 -4.53278124e-02 -4.96697314e-02
 -5.39146289e-02 -5.80447391e-02 -6.20691143e-02 -6.59983903e-02 -6.98393583e-02
 -7.35943690e-02 -7.72619024e-02 -8.08370784e-02 -8.43120813e-02 -8.76761898e-02
 -9.09155607e-02 -9.40124169e-02 -9.69433188e-02 -9.96939912e-02 -1.02195233e-01
 -1.04437396e-01 -1.06395088e-01 -1.08035594e-01 -1.09323651e-01 -1.10224389e-01
 -1.10705234e-01 -1.10737078e-01 -1.10295206e-01 -1.09360106e-01 -1.07918613e-01
 -1.05965920e-01 -1.03509419e-01 -1.00576393e-01 -9.72300470e-02 -9.33656394e-02
 -8.90091509e-02 -8.41876790e-02 -7.89264441e-02 -7.32271299e-02 -6.71007782e-02
 -6.05612136e-02 -5.36200330e-02 -4.62890007e-02 -3.85801569e-02 -3.05057764e-02
 -2.20792834e-02 -1.33164944e-02 -4.23730491e-03  5.13208983e-03  1.47563247e-02
  2.45872121e-02  3.45592424e-02  4.45844941e-02  5.45477569e-02  6.43039048e-02
  7.36809000e-02  8.24919790e-02  9.05570611e-02  9.77272317e-02  1.03903763e-01
  1.09048165e-01  1.13184087e-01  1.16391554e-01  1.18792519e-01  1.20528392e-01
 -2.88718566e-02 -3.15473750e-02 -3.68914232e-02 -4.21795100e-02 -4.70897779e-02
 -5.18882275e-02 -5.66213466e-02 -6.13002144e-02 -6.59280196e-02 -7.05051199e-02
 -7.50299022e-02 -7.94988647e-02 -8.39065462e-02 -8.82454962e-02 -9.25061554e-02
 -9.66767743e-02 -1.00743487e-01 -1.04625441e-01 -1.08321153e-01 -1.11799054e-01
 -1.15019619e-01 -1.17937654e-01 -1.20505720e-01 -1.22677147e-01 -1.24408223e-01
 -1.25659645e-01 -1.26397237e-01 -1.26592398e-01 -1.26222149e-01 -1.25269338e-01
 -1.23722866e-01 -1.21577971e-01 -1.18836023e-01 -1.15501985e-01 -1.11573622e-01
 -1.07074700e-01 -1.02064416e-01 -9.66632143e-02 -9.07543227e-02 -8.43802840e-02
 -7.75838271e-02 -7.03777522e-02 -6.27840385e-02 -5.48266843e-02 -4.65270430e-02
 -3.79078239e-02 -2.89939716e-02 -1.98144522e-02 -1.04041090e-02 -8.05544667e-04
  8.92886985e-03  1.87349766e-02  2.85351556e-02  3.82375978e-02  4.77373600e-02
  5.69200590e-02  6.56685680e-02  7.38720521e-02  8.14357549e-02  8.82892534e-02
  9.43917260e-02  9.97334272e-02  1.04333229e-01  1.08232811e-01  1.11488469e-01
 -2.76042614e-02 -3.08756344e-02 -3.51457968e-02 -4.00746986e-02 -4.52600084e-02
 -5.05285375e-02 -5.58271222e-02 -6.11366518e-02 -6.64471909e-02 -7.17518777e-02
 -7.70450011e-02 -8.23210850e-02 -8.75741765e-02 -9.27973241e-02 -9.79822278e-02
 -1.03118874e-01 -1.08130120e-01 -1.13006510e-01 -1.17714658e-01 -1.22204654e-01
 -1.26418471e-01 -1.30295679e-01 -1.33777499e-01 -1.36809587e-01 -1.39343679e-01
 -1.41338259e-01 -1.42758682e-01 -1.43576786e-01 -1.43770337e-01 -1.43322274e-01
 -1.42220050e-01 -1.40454888e-01 -1.38021141e-01 -1.34915650e-01 -1.31138235e-01
 -1.26696646e-01 -1.21609569e-01 -1.15906581e-01 -1.09617196e-01 -1.02826588e-01
 -9.57125425e-02 -8.81495923e-02 -8.01958218e-02 -7.19036236e-02 -6.32891282e-02
 -5.43813668e-02 -4.52081449e-02 -3.58011462e-02 -2.61973273e-02 -1.64394919e-02
 -6.57697394e-03  3.33369966e-03  1.32284462e-02  2.30358858e-02  3.26784961e-02
  4.20748740e-02  5.11429906e-02  5.98041825e-02  6.79871887e-02  7.56316707e-02
  8.26905370e-02  8.91309902e-02  9.49341431e-02  1.00093693e-01  1.04614101e-01
 -2.31888853e-02 -2.61198524e-02 -3.20220180e-02 -3.79980169e-02 -4.37749699e-02
 -4.96037714e-02 -5.55031486e-02 -6.14610240e-02 -6.74643070e-02 -7.35033229e-02
 -7.95712620e-02 -8.56629238e-02 -9.17735472e-02 -9.78978947e-02 -1.04030050e-01
 -1.10095717e-01 -1.16089508e-01 -1.21972784e-01 -1.27686054e-01 -1.33158788e-01
 -1.38317168e-01 -1.43089741e-01 -1.47411048e-01 -1.51223749e-01 -1.54479355e-01
 -1.57138243e-01 -1.59168810e-01 -1.60546601e-01 -1.61253065e-01 -1.61274448e-01
 -1.60600632e-01 -1.59224212e-01 -1.57139674e-01 -1.54342815e-01 -1.50830850e-01
 -1.46603018e-01 -1.41661718e-01 -1.36013910e-01 -1.29674211e-01 -1.22674644e-01
 -1.15070052e-01 -1.06929556e-01 -9.84183550e-02 -8.97245258e-02 -8.06841180e-02
 -7.13828579e-02 -6.18331619e-02 -5.20646796e-02 -4.21144441e-02 -3.20230946e-02
 -2.18345094e-02 -1.15961796e-02 -1.35942735e-03  8.82071257e-03  1.88860092e-02
  2.87759323e-02  3.84288132e-02  4.77830768e-02  5.67783229e-02  6.53560907e-02
  7.34602511e-02  8.10372233e-02  8.80363733e-02  9.44111794e-02  1.00121453e-01
 -2.22747251e-02 -2.57996917e-02 -3.06143593e-02 -3.63537930e-02 -4.25551943e-02
 -4.89808582e-02 -5.55352941e-02 -6.21799342e-02 -6.88983947e-02 -7.56836608e-02
 -8.25330913e-02 -8.94459933e-02 -9.64218751e-02 -1.03457667e-01 -1.10477492e-01
 -1.17489308e-01 -1.24455236e-01 -1.31308407e-01 -1.37966484e-01 -1.44342080e-01
 -1.50350317e-01 -1.55913740e-01 -1.60965145e-01 -1.65448546e-01 -1.69319063e-01
 -1.72541916e-01 -1.75090998e-01 -1.76947370e-01 -1.78097606e-01 -1.78532407e-01
 -1.78245381e-01 -1.77232057e-01 -1.75489098e-01 -1.73013791e-01 -1.69803590e-01
 -1.65856078e-01 -1.61168933e-01 -1.55740425e-01 -1.49570853e-01 -1.42665789e-01
 -1.35040671e-01 -1.26728550e-01 -1.17796652e-01 -1.08355157e-01 -9.85770449e-02
 -8.88327286e-02 -7.87971616e-02 -6.85331523e-02 -5.80914319e-02 -4.75116335e-02
 -3.68309356e-02 -2.60869544e-02 -1.53186889e-02 -4.56676865e-03  6.12650951e-03
  1.67171359e-02  2.71591600e-02  3.74040827e-02  4.73997407e-02  5.70885576e-02
  6.64053336e-02  7.52751157e-02  8.36122856e-02  9.13224071e-02  9.83085185e-02
 -1.77553594e-02 -2.09872797e-02 -2.69580781e-02 -3.41003649e-02 -4.13382016e-02
 -4.85932492e-02 -5.58947474e-02 -6.32615685e-02 -7.07051605e-02 -7.82343149e-02
 -8.58574286e-02 -9.35840607e-02 -1.01427354e-01 -1.09288231e-01 -1.17199078e-01
 -1.25131086e-01 -1.33015275e-01 -1.40760079e-01 -1.48265168e-01 -1.55431733e-01
 -1.62169188e-01 -1.68399140e-01 -1.74056888e-01 -1.79091468e-01 -1.83464423e-01
 -1.87148094e-01 -1.90123498e-01 -1.92378253e-01 -1.93904623e-01 -1.94697887e-01
 -1.94754988e-01 -1.94073781e-01 -1.92652375e-01 -1.90488994e-01 -1.87581733e-01
 -1.83928505e-01 -1.79526865e-01 -1.74373761e-01 -1.68465540e-01 -1.61798641e-01
 -1.54371470e-01 -1.46188840e-01 -1.37270465e-01 -1.27664179e-01 -1.17467649e-01
 -1.06859796e-01 -9.61102173e-02 -8.51679370e-02 -7.40932673e-02 -6.28939271e-02
 -5.15899174e-02 -4.02056649e-02 -2.87670288e-02 -1.73002370e-02 -5.83168538e-03
  5.61170001e-03  1.70015227e-02  2.83061657e-02  3.94878834e-02  5.04982993e-02
  6.12718984e-02  7.17176795e-02  8.17103833e-02  9.10860002e-02  9.96499211e-02
 -1.45775629e-02 -1.76251382e-02 -2.45834365e-02 -3.27489562e-02 -4.07626517e-02
 -4.87223156e-02 -5.67038581e-02 -6.47468716e-02 -7.28766844e-02 -8.11120346e-02
 -8.94678310e-02 -9.79554281e-02 -1.06579810e-01 -1.15274131e-01 -1.24044724e-01
 -1.32834315e-01 -1.41549051e-01 -1.50078475e-01 -1.58310130e-01 -1.66139185e-01
 -1.73474222e-01 -1.80239871e-01 -1.86377302e-01 -1.91843197e-01 -1.96607798e-01
 -2.00652406e-01 -2.03966632e-01 -2.06545740e-01 -2.08388224e-01 -2.09493846e-01
 -2.09862202e-01 -2.09492013e-01 -2.08380863e-01 -2.06525490e-01 -2.03922212e-01
 -2.00567529e-01 -1.96458310e-01 -1.91591740e-01 -1.85964853e-01 -1.79573759e-01
 -1.72413141e-01 -1.64476946e-01 -1.55761078e-01 -1.46270022e-01 -1.36028752e-01
 -1.25101060e-01 -1.13612324e-01 -1.01777114e-01 -9.00425538e-02 -7.81538785e-02
 -6.61419407e-02 -5.40287867e-02 -4.18310389e-02 -2.95613725e-02 -1.72292497e-02
 -4.84155584e-03  7.59650301e-03  2.00797431e-02  3.25999521e-02  4.51403372e-02
  5.76654896e-02  7.01036826e-02  8.23169574e-02  9.40572321e-02  1.04923241e-01
 -1.48083381e-02 -1.84364505e-02 -2.48234123e-02 -3.27376761e-02 -4.10601459e-02
 -4.95037325e-02 -5.80319390e-02 -6.66572675e-02 -7.54006058e-02 -8.42831507e-02
 -9.33258459e-02 -1.02551766e-01 -1.11872651e-01 -1.21326968e-01 -1.30873874e-01
 -1.40422016e-01 -1.49853587e-01 -1.59042925e-01 -1.67869672e-01 -1.76227003e-01
 -1.84025943e-01 -1.91196918e-01 -1.97689235e-01 -2.03469291e-01 -2.08517924e-01
 -2.12827176e-01 -2.16396898e-01 -2.19231352e-01 -2.21336126e-01 -2.22715750e-01
 -2.23372012e-01 -2.23303244e-01 -2.22504422e-01 -2.20967934e-01 -2.18684897e-01
 -2.15646535e-01 -2.11845413e-01 -2.07276285e-01 -2.01935992e-01 -1.95822537e-01
 -1.88933343e-01 -1.81263372e-01 -1.72803998e-01 -1.63544074e-01 -1.53475121e-01
 -1.42603323e-01 -1.30971357e-01 -1.18694194e-01 -1.06011830e-01 -9.33246389e-02
 -8.05278644e-02 -6.76289275e-02 -5.46299070e-02 -4.15272601e-02 -2.83114407e-02
 -1.49664199e-02 -1.46909233e-03  1.22112548e-02  2.61131581e-02  4.02823016e-02
  5.47686517e-02  6.96176961e-02  8.48420635e-02  1.00312941e-01  1.15298212e-01
 -1.24591691e-02 -1.55522618e-02 -2.37881579e-02 -3.30396518e-02 -4.19438854e-02
 -5.08396067e-02 -5.98260872e-02 -6.89427555e-02 -7.82153681e-02 -8.76651928e-02
 -9.73095819e-02 -1.07158326e-01 -1.17151856e-01 -1.27299309e-01 -1.37529120e-01
 -1.47724643e-01 -1.57750353e-01 -1.67470276e-01 -1.76760063e-01 -1.85513780e-01
 -1.93647236e-01 -2.01098412e-01 -2.07826436e-01 -2.13809147e-01 -2.19039768e-01
 -2.23522991e-01 -2.27270633e-01 -2.30297282e-01 -2.32616439e-01 -2.34237611e-01
 -2.35164210e-01 -2.35393167e-01 -2.34915376e-01 -2.33717009e-01 -2.31781378e-01
 -2.29090974e-01 -2.25629762e-01 -2.21385449e-01 -2.16350511e-01 -2.10522130e-01
 -2.03900695e-01 -1.96486890e-01 -1.88278064e-01 -1.79265261e-01 -1.69432700e-01
 -1.58762202e-01 -1.47245958e-01 -1.34911135e-01 -1.21859588e-01 -1.08321026e-01
 -9.47146043e-02 -8.10240433e-02 -6.72376454e-02 -5.33367693e-02 -3.92944254e-02
 -2.50736233e-02 -1.06248874e-02  4.11729421e-03  1.92395281e-02  3.48569453e-02
  5.11250123e-02  6.82611689e-02  8.65970924e-02  1.06789485e-01  1.31814271e-01
 -1.55088324e-02 -1.96148623e-02 -2.63100471e-02 -3.46206799e-02 -4.35233787e-02
 -5.26700392e-02 -6.19981475e-02 -7.15134442e-02 -8.12355503e-02 -9.11875740e-02
 -1.01396583e-01 -1.11756913e-01 -1.22329034e-01 -1.33070424e-01 -1.43873930e-01
 -1.54599056e-01 -1.65095732e-01 -1.75220847e-01 -1.84848517e-01 -1.93875685e-01
 -2.02224270e-01 -2.09841236e-01 -2.16697007e-01 -2.22782597e-01 -2.28105590e-01
 -2.32685357e-01 -2.36547515e-01 -2.39717633e-01 -2.42216304e-01 -2.44056284e-01
 -2.45241225e-01 -2.45765463e-01 -2.45614916e-01 -2.44768664e-01 -2.43201330e-01
 -2.40885839e-01 -2.37796292e-01 -2.33910531e-01 -2.29212031e-01 -2.23691493e-01
 -2.17347831e-01 -2.10185751e-01 -2.02211231e-01 -1.93425909e-01 -1.83821976e-01
 -1.73380092e-01 -1.62073389e-01 -1.49881214e-01 -1.36817276e-01 -1.22976385e-01
 -1.08601652e-01 -9.41627026e-02 -7.96556845e-02 -6.50512874e-02 -5.03104404e-02
 -3.53832245e-02 -2.02052854e-02 -4.69253585e-03  1.12663256e-02  2.78203767e-02
  4.51714322e-02  6.35943562e-02  8.34616870e-02  1.05281286e-01  1.29898250e-01
 -1.30424649e-02 -1.63019858e-02 -2.60248743e-02 -3.60148363e-02 -4.53871712e-02
 -5.48009425e-02 -6.44007102e-02 -7.42322132e-02 -8.43182877e-02 -9.46766287e-02
 -1.05324715e-01 -1.16178311e-01 -1.27265096e-01 -1.38511285e-01 -1.49784967e-01
 -1.60928592e-01 -1.71782166e-01 -1.82198554e-01 -1.92052379e-01 -2.01244801e-01
 -2.09705099e-01 -2.17390537e-01 -2.24284485e-01 -2.30393097e-01 -2.35740751e-01
 -2.40363076e-01 -2.44297922e-01 -2.47579023e-01 -2.50232071e-01 -2.52272308e-01
 -2.53703415e-01 -2.54517317e-01 -2.54694998e-01 -2.54208267e-01 -2.53022194e-01
 -2.51098692e-01 -2.48400286e-01 -2.44893819e-01 -2.40553617e-01 -2.35363260e-01
 -2.29315862e-01 -2.22413719e-01 -2.14667603e-01 -2.06090480e-01 -1.96689188e-01
 -1.86457172e-01 -1.75371036e-01 -1.63395002e-01 -1.50497571e-01 -1.36685908e-01
 -1.22063734e-01 -1.06913805e-01 -9.17916447e-02 -7.66213015e-02 -6.13549799e-02
 -4.59413603e-02 -3.03186085e-02 -1.44083835e-02  1.89077982e-03  1.87122300e-02
  3.62336934e-02  5.46955317e-02  7.44232461e-02  9.57945287e-02  1.18457705e-01
 -1.91403534e-02 -2.38418728e-02 -3.05450577e-02 -3.87209244e-02 -4.76881452e-02
 -5.71100637e-02 -6.68761060e-02 -7.69569352e-02 -8.73487219e-02 -9.80544835e-02
 -1.09074183e-01 -1.20348185e-01 -1.31865814e-01 -1.43523604e-01 -1.55168444e-01
 -1.66629359e-01 -1.77739292e-01 -1.88349023e-01 -1.98335111e-01 -2.07603976e-01
 -2.16093406e-01 -2.23772287e-01 -2.30638638e-01 -2.36715913e-01 -2.42045701e-01
 -2.46676266e-01 -2.50654459e-01 -2.54020363e-01 -2.56804049e-01 -2.59023279e-01
 -2.60682374e-01 -2.61771858e-01 -2.62268960e-01 -2.62138963e-01 -2.61337876e-01
 -2.59815902e-01 -2.57522255e-01 -2.54410148e-01 -2.50441849e-01 -2.45592073e-01
 -2.39849329e-01 -2.33214691e-01 -2.25698918e-01 -2.17320547e-01 -2.08100364e-01
 -1.98050141e-01 -1.87163055e-01 -1.75410166e-01 -1.62746966e-01 -1.49135560e-01
 -1.34588569e-01 -1.19240835e-01 -1.03447139e-01 -8.78820792e-02 -7.22707883e-02
 -5.65848276e-02 -4.07848917e-02 -2.48201434e-02 -8.62734765e-03  7.87079521e-03
  2.47681662e-02  4.21797335e-02  6.02531992e-02  7.92009905e-02  9.91281494e-02
 -1.87815111e-02 -2.31611189e-02 -3.10435779e-02 -4.01973389e-02 -4.95554619e-02
 -5.92092834e-02 -6.91967458e-02 -7.95285553e-02 -9.02142003e-02 -1.01269625e-01
 -1.12569988e-01 -1.24180987e-01 -1.36044696e-01 -1.48026839e-01 -1.59954801e-01
 -1.71646327e-01 -1.82929203e-01 -1.93653479e-01 -2.03698575e-01 -2.12977082e-01
 -2.21436277e-01 -2.29057804e-01 -2.35855713e-01 -2.41870716e-01 -2.47157365e-01
 -2.51773238e-01 -2.55772054e-01 -2.59199202e-01 -2.62088686e-01 -2.64461040e-01
 -2.66322166e-01 -2.67662436e-01 -2.68456966e-01 -2.68666446e-01 -2.68239200e-01
 -2.67114699e-01 -2.65228480e-01 -2.62518436e-01 -2.58931547e-01 -2.54429907e-01
 -2.48994276e-01 -2.42624253e-01 -2.35334322e-01 -2.27148145e-01 -2.18094319e-01
 -2.08201304e-01 -1.97483659e-01 -1.85931459e-01 -1.73508435e-01 -1.60164058e-01
 -1.45865262e-01 -1.30655721e-01 -1.14748396e-01 -9.86464322e-02 -8.27943683e-02
 -6.69770837e-02 -5.11794798e-02 -3.53810340e-02 -1.95619352e-02 -3.70845944e-03
  1.21783586e-02  2.80657243e-02  4.38532494e-02  5.92979416e-02  7.39006922e-02
 -2.04868354e-02 -2.52831653e-02 -3.27691212e-02 -4.17269766e-02 -5.12080304e-02
 -6.10545129e-02 -7.12543204e-02 -8.18141326e-02 -9.27447006e-02 -1.04058973e-01
 -1.15650751e-01 -1.27563015e-01 -1.39714882e-01 -1.51953816e-01 -1.64094850e-01
 -1.75948709e-01 -1.87340394e-01 -1.98120713e-01 -2.08172917e-01 -2.17416450e-01
 -2.25808665e-01 -2.33344615e-01 -2.40054429e-01 -2.45992228e-01 -2.51221955e-01
 -2.55808115e-01 -2.59809852e-01 -2.63276905e-01 -2.66246915e-01 -2.68743336e-01
 -2.70774156e-01 -2.72330850e-01 -2.73388088e-01 -2.73903936e-01 -2.73821414e-01
 -2.73071259e-01 -2.71576822e-01 -2.69260705e-01 -2.66053051e-01 -2.61900008e-01
 -2.56770581e-01 -2.50659138e-01 -2.43582889e-01 -2.35574186e-01 -2.26671517e-01
 -2.16914088e-01 -2.06335634e-01 -1.94948867e-01 -1.82735875e-01 -1.69651285e-01
 -1.55643091e-01 -1.40698060e-01 -1.24919213e-01 -1.08637430e-01 -9.25378948e-02
 -7.66527578e-02 -6.09406047e-02 -4.53905165e-02 -3.00094504e-02 -1.48217464e-02
  1.24729922e-04  1.47475190e-02  2.89148204e-02  4.24323454e-02  5.50460033e-02
 -2.10178886e-02 -2.58502197e-02 -3.36558856e-02 -4.29102406e-02 -5.25954328e-02
 -6.26274571e-02 -7.30158240e-02 -8.37730169e-02 -9.49114561e-02 -1.06444143e-01
 -1.18284307e-01 -1.30446658e-01 -1.42829806e-01 -1.55267030e-01 -1.67564467e-01
 -1.79528311e-01 -1.90982386e-01 -2.01779157e-01 -2.11806208e-01 -2.20990136e-01
 -2.29298368e-01 -2.36739054e-01 -2.43355930e-01 -2.49212727e-01 -2.54380256e-01
 -2.58928210e-01 -2.62919933e-01 -2.66408741e-01 -2.69435287e-01 -2.72025883e-01
 -2.74190843e-01 -2.75923371e-01 -2.77198881e-01 -2.77974635e-01 -2.78190553e-01
 -2.77771413e-01 -2.76630789e-01 -2.74677902e-01 -2.71826655e-01 -2.68006206e-01
 -2.63170719e-01 -2.57305503e-01 -2.50426859e-01 -2.42574722e-01 -2.33800486e-01
 -2.24155426e-01 -2.13686496e-01 -2.02426761e-01 -1.90379217e-01 -1.77512154e-01
 -1.63770720e-01 -1.49110615e-01 -1.33560225e-01 -1.17316239e-01 -1.00863859e-01
 -8.50758925e-02 -6.95062205e-02 -5.42001948e-02 -3.91949899e-02 -2.45334450e-02
 -1.02725271e-02  3.51083325e-03  1.67164598e-02  2.92219482e-02  4.08904999e-02
 -2.15142276e-02 -2.63894349e-02 -3.44386473e-02 -4.39083278e-02 -5.37459590e-02
 -6.39237240e-02 -7.44650438e-02 -8.53849053e-02 -9.66950059e-02 -1.08406767e-01
 -1.20445728e-01 -1.32804275e-01 -1.45364776e-01 -1.57949463e-01 -1.70357868e-01
 -1.82393000e-01 -1.93878308e-01 -2.04668209e-01 -2.14654565e-01 -2.23770723e-01
 -2.31993467e-01 -2.39342645e-01 -2.45872021e-01 -2.51652181e-01 -2.56758928e-01
 -2.61265814e-01 -2.65239239e-01 -2.68735260e-01 -2.71797121e-01 -2.74453402e-01
 -2.76716590e-01 -2.78581798e-01 -2.80025691e-01 -2.81005889e-01 -2.81461000e-01
 -2.81312078e-01 -2.80465901e-01 -2.78821290e-01 -2.76278347e-01 -2.72750378e-01
 -2.68176377e-01 -2.62530357e-01 -2.55824536e-01 -2.48103157e-01 -2.39429131e-01
 -2.29868114e-01 -2.19478220e-01 -2.08307505e-01 -1.96377948e-01 -1.83674306e-01
 -1.70149133e-01 -1.55749038e-01 -1.40468493e-01 -1.24438457e-01 -1.08050607e-01
 -9.20927227e-02 -7.65251070e-02 -6.13538921e-02 -4.65971865e-02 -3.22860703e-02
 -1.84648503e-02 -5.19069424e-03  7.46783707e-03  1.94341261e-02  3.06291152e-02
 -2.26618741e-02 -2.78173964e-02 -3.55584957e-02 -4.48082313e-02 -5.46594784e-02
 -6.49237111e-02 -7.55801797e-02 -8.66324902e-02 -9.80844125e-02 -1.09930940e-01
 -1.22115791e-01 -1.34617358e-01 -1.47305965e-01 -1.59995258e-01 -1.72479451e-01
 -1.84559077e-01 -1.96057349e-01 -2.06830397e-01 -2.16773823e-01 -2.25826785e-01
 -2.33973876e-01 -2.41244256e-01 -2.47698665e-01 -2.53412455e-01 -2.58464903e-01
 -2.62932271e-01 -2.66883194e-01 -2.70375669e-01 -2.73454726e-01 -2.76150703e-01
 -2.78477758e-01 -2.80432612e-01 -2.81993151e-01 -2.83117741e-01 -2.83744663e-01
 -2.83792883e-01 -2.83164948e-01 -2.81752348e-01 -2.79444963e-01 -2.76143521e-01
 -2.71773905e-01 -2.66299427e-01 -2.59726703e-01 -2.52101511e-01 -2.43495092e-01
 -2.33985364e-01 -2.23641768e-01 -2.12521791e-01 -2.00661287e-01 -1.88058555e-01
 -1.74674407e-01 -1.60452858e-01 -1.45368412e-01 -1.29507035e-01 -1.13184981e-01
 -9.70896184e-02 -8.15272182e-02 -6.64515570e-02 -5.18582687e-02 -3.77657190e-02
 -2.42064130e-02 -1.12224668e-02  1.13775209e-03  1.28230117e-02  2.37831324e-02
 -2.18926873e-02 -2.67122258e-02 -3.53480279e-02 -4.51997481e-02 -5.52097373e-02
 -6.55613616e-02 -7.63166994e-02 -8.74965638e-02 -9.91176888e-02 -1.11008868e-01
 -1.23275422e-01 -1.35868549e-01 -1.48642913e-01 -1.61402926e-01 -1.73937738e-01
 -1.86045468e-01 -1.97548941e-01 -2.08305553e-01 -2.18213737e-01 -2.27217004e-01
 -2.35305861e-01 -2.42515936e-01 -2.48912483e-01 -2.54574031e-01 -2.59582162e-01
 -2.64014781e-01 -2.67942011e-01 -2.71423072e-01 -2.74504006e-01 -2.77216256e-01
 -2.79574990e-01 -2.81577796e-01 -2.83203453e-01 -2.84410805e-01 -2.85137981e-01
 -2.85302967e-01 -2.84805685e-01 -2.83533305e-01 -2.81369209e-01 -2.78205931e-01
 -2.73960561e-01 -2.68588662e-01 -2.62092382e-01 -2.54517645e-01 -2.45940596e-01
 -2.36447290e-01 -2.26115420e-01 -2.15008184e-01 -2.03169122e-01 -1.90604329e-01
 -1.77278891e-01 -1.63133726e-01 -1.48127273e-01 -1.32308811e-01 -1.15926608e-01
 -9.95566621e-02 -8.41918513e-02 -6.92538470e-02 -5.47847301e-02 -4.08209972e-02
 -2.73996368e-02 -1.45596145e-02 -2.34129513e-03  9.21525154e-03  2.00725924e-02
 -2.38926336e-02 -2.93645933e-02 -3.67565155e-02 -4.56333421e-02 -5.54031022e-02
 -6.57535195e-02 -7.65767321e-02 -8.78442377e-02 -9.95543823e-02 -1.11523978e-01
 -1.23865291e-01 -1.36528060e-01 -1.49363458e-01 -1.62172705e-01 -1.74742818e-01
 -1.86870858e-01 -1.98379606e-01 -2.09127381e-01 -2.19014436e-01 -2.27987051e-01
 -2.36039385e-01 -2.43210793e-01 -2.49569118e-01 -2.55194664e-01 -2.60170251e-01
 -2.64574707e-01 -2.68478841e-01 -2.71942288e-01 -2.75011599e-01 -2.77718425e-01
 -2.80078143e-01 -2.82088548e-01 -2.83728480e-01 -2.84956634e-01 -2.85710841e-01
 -2.85908341e-01 -2.85447806e-01 -2.84214377e-01 -2.82088757e-01 -2.78960258e-01
 -2.74742514e-01 -2.69388318e-01 -2.62898266e-01 -2.55318582e-01 -2.46727437e-01
 -2.37214044e-01 -2.26859242e-01 -2.15728328e-01 -2.03867108e-01 -1.91283852e-01
 -1.77944675e-01 -1.63789392e-01 -1.48772627e-01 -1.32936880e-01 -1.16523266e-01
 -1.00110695e-01 -8.47364217e-02 -6.98114559e-02 -5.53621836e-02 -4.14215066e-02
 -2.80255266e-02 -1.52121773e-02 -3.01993522e-03  8.51380732e-03  1.93547439e-02
 -1.99068580e-02 -2.43796390e-02 -3.39528285e-02 -4.44582924e-02 -5.47899567e-02
 -6.53761551e-02 -7.63296708e-02 -8.76876861e-02 -9.94697884e-02 -1.11499101e-01
 -1.23892449e-01 -1.36600718e-01 -1.49474934e-01 -1.62315845e-01 -1.74910098e-01
 -1.87054634e-01 -1.98572397e-01 -2.09322184e-01 -2.19205007e-01 -2.28168219e-01
 -2.36207172e-01 -2.43362486e-01 -2.49702781e-01 -2.55308956e-01 -2.60264069e-01
 -2.64647216e-01 -2.68529087e-01 -2.71969169e-01 -2.75013626e-01 -2.77693659e-01
 -2.80024111e-01 -2.82002002e-01 -2.83605367e-01 -2.84792125e-01 -2.85499334e-01
 -2.85643518e-01 -2.85123080e-01 -2.83823520e-01 -2.81626463e-01 -2.78423101e-01
 -2.74129599e-01 -2.68701524e-01 -2.62141675e-01 -2.54497319e-01 -2.45846033e-01
 -2.36275002e-01 -2.25862503e-01 -2.14672029e-01 -2.02746689e-01 -1.90091416e-01
 -1.76669911e-01 -1.62422284e-01 -1.47308320e-01 -1.31382704e-01 -1.14905477e-01
 -9.84715372e-02 -8.30807313e-02 -6.81002066e-02 -5.35792932e-02 -3.95590514e-02
 -2.60796789e-02 -1.31826485e-02 -9.10442322e-04  1.06949974e-02  2.15945728e-02
 -2.12820843e-02 -2.64796522e-02 -3.43311988e-02 -4.38408293e-02 -5.40464073e-02
 -6.46740794e-02 -7.56842569e-02 -8.70866179e-02 -9.89030302e-02 -1.10964239e-01
 -1.23382442e-01 -1.36109725e-01 -1.48999214e-01 -1.61853373e-01 -1.74459919e-01
 -1.86616495e-01 -1.98146328e-01 -2.08908230e-01 -2.18802884e-01 -2.27776900e-01
 -2.35824525e-01 -2.42985040e-01 -2.49326274e-01 -2.54928440e-01 -2.59874046e-01
 -2.64241487e-01 -2.68100739e-01 -2.71510422e-01 -2.74515688e-01 -2.77146459e-01
 -2.79416174e-01 -2.81320304e-01 -2.82835305e-01 -2.83917576e-01 -2.84503043e-01
 -2.84507900e-01 -2.83831418e-01 -2.82361805e-01 -2.79985607e-01 -2.76600868e-01
 -2.72132009e-01 -2.66542464e-01 -2.59840339e-01 -2.52074122e-01 -2.43317723e-01
 -2.33651236e-01 -2.23145247e-01 -2.11857870e-01 -1.99824139e-01 -1.87040329e-01
 -1.73465103e-01 -1.59042165e-01 -1.43750384e-01 -1.27689019e-01 -1.11201681e-01
 -9.50228646e-02 -7.93623328e-02 -6.41754717e-02 -4.94621508e-02 -3.52450870e-02
 -2.15608571e-02 -8.45540781e-03  4.01916821e-03  1.58080123e-02  2.68575028e-02
 -1.89241543e-02 -2.35777870e-02 -3.23965736e-02 -4.26335558e-02 -5.30234873e-02
 -6.36955425e-02 -7.47078583e-02 -8.60823765e-02 -9.78284180e-02 -1.09943271e-01
 -1.22372359e-01 -1.35092646e-01 -1.47970185e-01 -1.60814285e-01 -1.73416287e-01
 -1.85575515e-01 -1.97115734e-01 -2.07895279e-01 -2.17813462e-01 -2.26814508e-01
 -2.34889224e-01 -2.42073074e-01 -2.48431206e-01 -2.54041940e-01 -2.58986235e-01
 -2.63340980e-01 -2.67174721e-01 -2.70544410e-01 -2.73493469e-01 -2.76049852e-01
 -2.78224796e-01 -2.80011564e-01 -2.81384408e-01 -2.82297820e-01 -2.82686710e-01
 -2.82467753e-01 -2.81542838e-01 -2.79805779e-01 -2.77152061e-01 -2.73491442e-01
 -2.68761218e-01 -2.62936085e-01 -2.56030768e-01 -2.48093382e-01 -2.39190668e-01
 -2.29391098e-01 -2.18754575e-01 -2.07329899e-01 -1.95137963e-01 -1.82161257e-01
 -1.68351024e-01 -1.53656572e-01 -1.38083279e-01 -1.21784851e-01 -1.05185531e-01
 -8.90929475e-02 -7.33489096e-02 -5.79825304e-02 -4.30219211e-02 -2.85038389e-02
 -1.44772036e-02 -1.00392848e-03  1.18421745e-02  2.39787530e-02  3.53208594e-02
 -1.91443115e-02 -2.41012443e-02 -3.20672728e-02 -4.17021140e-02 -5.19244410e-02
 -6.25298172e-02 -7.34941587e-02 -8.48195776e-02 -9.65129063e-02 -1.08582944e-01
 -1.20954387e-01 -1.33613914e-01 -1.46435663e-01 -1.59234554e-01 -1.71805337e-01
 -1.83948949e-01 -1.95489451e-01 -2.06284165e-01 -2.16230080e-01 -2.25267515e-01
 -2.33381748e-01 -2.40601808e-01 -2.46988177e-01 -2.52615780e-01 -2.57562876e-01
 -2.61904001e-01 -2.65705317e-01 -2.69021571e-01 -2.71893591e-01 -2.74346709e-01
 -2.76389420e-01 -2.78012246e-01 -2.79186994e-01 -2.79866546e-01 -2.79985517e-01
 -2.79462576e-01 -2.78204888e-01 -2.76115268e-01 -2.73101985e-01 -2.69090414e-01
 -2.64033437e-01 -2.57917911e-01 -2.50763863e-01 -2.42615953e-01 -2.33529970e-01
 -2.23560363e-01 -2.12756336e-01 -2.01151356e-01 -1.88747108e-01 -1.75510287e-01
 -1.61388084e-01 -1.46348000e-01 -1.30449861e-01 -1.13956161e-01 -9.74719301e-02
 -8.12850595e-02 -6.53782412e-02 -4.97573726e-02 -3.44442576e-02 -1.94771029e-02
 -4.91367606e-03  9.16486606e-03  2.26514805e-02  3.54147851e-02  4.73076627e-02
 -1.77279636e-02 -2.24417634e-02 -3.06125842e-02 -4.03951742e-02 -5.06021380e-02
 -6.11529984e-02 -7.20541552e-02 -8.33101943e-02 -9.49260592e-02 -1.06909111e-01
 -1.19171977e-01 -1.31718993e-01 -1.44436434e-01 -1.57147154e-01 -1.69650614e-01
 -1.81750119e-01 -1.93270177e-01 -2.04066932e-01 -2.14034393e-01 -2.23107904e-01
 -2.31265649e-01 -2.38527596e-01 -2.44947150e-01 -2.50594109e-01 -2.55542725e-01
 -2.59864092e-01 -2.63621241e-01 -2.66865730e-01 -2.69635260e-01 -2.71952063e-01
 -2.73821473e-01 -2.75231212e-01 -2.76151061e-01 -2.76533097e-01 -2.76313365e-01
 -2.75415003e-01 -2.73753434e-01 -2.71243960e-01 -2.67810881e-01 -2.63397068e-01
 -2.57971138e-01 -2.51530200e-01 -2.44096011e-01 -2.35706106e-01 -2.26403326e-01
 -2.16230080e-01 -2.05222026e-01 -1.93391502e-01 -1.80718556e-01 -1.67156577e-01
 -1.52657539e-01 -1.37223750e-01 -1.20992132e-01 -1.04348004e-01 -8.80352408e-02
 -7.18375295e-02 -5.57695366e-02 -3.98404002e-02 -2.40646023e-02 -8.47047754e-03
  6.88993279e-03  2.19278168e-02  3.65013070e-02  5.04011922e-02  6.33537695e-02
 -1.66170094e-02 -2.12006494e-02 -2.92774905e-02 -3.89647447e-02 -4.90859821e-02
 -5.95677644e-02 -7.04012439e-02 -8.15779418e-02 -9.30962488e-02 -1.04961231e-01
 -1.17070645e-01 -1.29453585e-01 -1.42013624e-01 -1.54585198e-01 -1.66974902e-01
 -1.78989887e-01 -1.90455943e-01 -2.01228380e-01 -2.11198062e-01 -2.20294848e-01
 -2.28488714e-01 -2.35788763e-01 -2.42238268e-01 -2.47899786e-01 -2.52842009e-01
 -2.57131398e-01 -2.60826826e-01 -2.63976067e-01 -2.66613096e-01 -2.68756688e-01
 -2.70409137e-01 -2.71555930e-01 -2.72165745e-01 -2.72191644e-01 -2.71573454e-01
 -2.70241648e-01 -2.68123150e-01 -2.65148342e-01 -2.61258990e-01 -2.56415009e-01
 -2.50598133e-01 -2.43811518e-01 -2.36074612e-01 -2.27415815e-01 -2.17867643e-01
 -2.07461596e-01 -1.96213365e-01 -1.84111938e-01 -1.71119571e-01 -1.57188073e-01
 -1.42297789e-01 -1.26527101e-01 -1.10157028e-01 -9.37992707e-02 -7.75223076e-02
 -6.12774827e-02 -4.50335108e-02 -2.87650377e-02 -1.24506699e-02  3.92384268e-03
  2.03569289e-02  3.68129872e-02  5.31837232e-02  6.92072436e-02  8.43456089e-02
 -1.60610918e-02 -2.07849294e-02 -2.81109232e-02 -3.72649506e-02 -4.72933389e-02
 -5.77732623e-02 -6.85801432e-02 -7.96852261e-02 -9.10893902e-02 -1.02804378e-01
 -1.14712678e-01 -1.26874804e-01 -1.39216453e-01 -1.51587427e-01 -1.63804352e-01
 -1.75680235e-01 -1.87043518e-01 -1.97749376e-01 -2.07685977e-01 -2.16777638e-01
 -2.24985763e-01 -2.32307762e-01 -2.38773704e-01 -2.44436190e-01 -2.49356389e-01
 -2.53594756e-01 -2.57205039e-01 -2.60230482e-01 -2.62701094e-01 -2.64632285e-01
 -2.66023874e-01 -2.66860038e-01 -2.67110169e-01 -2.66730607e-01 -2.65667588e-01
 -2.63861835e-01 -2.61253804e-01 -2.57790118e-01 -2.53428996e-01 -2.48144433e-01
 -2.41926923e-01 -2.34781399e-01 -2.26722911e-01 -2.17773810e-01 -2.07958832e-01
 -1.97292149e-01 -1.85766920e-01 -1.73352584e-01 -1.60004809e-01 -1.45693853e-01
 -1.30458221e-01 -1.14488788e-01 -9.82374325e-02 -8.22787061e-02 -6.62208423e-02
 -5.00496216e-02 -3.37294042e-02 -1.72089227e-02 -4.22168552e-04  1.67127810e-02
  3.42962593e-02  5.24517335e-02  7.13382736e-02  9.11849290e-02  1.12105146e-01
 -7.32152630e-03 -9.87056363e-03 -2.24201456e-02 -3.44288163e-02 -4.52359915e-02
 -5.59398755e-02 -6.67619780e-02 -7.77753815e-02 -8.90192613e-02 -1.00527465e-01
 -1.12177424e-01 -1.24053895e-01 -1.36105940e-01 -1.48202136e-01 -1.60172418e-01
 -1.71838254e-01 -1.83032483e-01 -1.93611324e-01 -2.03460991e-01 -2.12500691e-01
 -2.20683545e-01 -2.27995262e-01 -2.34451175e-01 -2.40090430e-01 -2.44964227e-01
 -2.49125347e-01 -2.52621353e-01 -2.55490392e-01 -2.57758468e-01 -2.59438068e-01
 -2.60527462e-01 -2.61011213e-01 -2.60861367e-01 -2.60039896e-01 -2.58501858e-01
 -2.56199807e-01 -2.53088534e-01 -2.49129519e-01 -2.44294629e-01 -2.38567621e-01
 -2.31943831e-01 -2.24428400e-01 -2.16035649e-01 -2.06783086e-01 -1.96681052e-01
 -1.85724065e-01 -1.73887685e-01 -1.61135331e-01 -1.47439823e-01 -1.32825896e-01
 -1.17438681e-01 -1.01635985e-01 -8.60809237e-02 -7.04309046e-02 -5.46441153e-02
 -3.86730433e-02 -2.24563349e-02 -5.91303362e-03  1.10639762e-02  2.86170207e-02
  4.69368845e-02  6.62823543e-02  8.70043710e-02  1.09510444e-01  1.33422032e-01
 -1.27154319e-02 -1.68844126e-02 -2.42998563e-02 -3.38148884e-02 -4.40887660e-02
 -5.46048880e-02 -6.52601942e-02 -7.60589316e-02 -8.70255455e-02 -9.81838852e-02
 -1.09549008e-01 -1.21076152e-01 -1.32757351e-01 -1.44489929e-01 -1.56122908e-01
 -1.67489678e-01 -1.78429678e-01 -1.88801482e-01 -1.98490188e-01 -2.07410634e-01
 -2.15508237e-01 -2.22757757e-01 -2.29160398e-01 -2.34739169e-01 -2.39532128e-01
 -2.43582219e-01 -2.46929586e-01 -2.49606788e-01 -2.51635939e-01 -2.53027231e-01
 -2.53778696e-01 -2.53876925e-01 -2.53298491e-01 -2.52012759e-01 -2.49984816e-01
 -2.47179300e-01 -2.43563920e-01 -2.39112481e-01 -2.33806804e-01 -2.27637529e-01
 -2.20604688e-01 -2.12716863e-01 -2.03984901e-01 -1.94414496e-01 -1.83999836e-01
 -1.72721416e-01 -1.60551980e-01 -1.47474483e-01 -1.33517534e-01 -1.18812375e-01
 -1.03670932e-01 -8.86686444e-02 -7.35895112e-02 -5.83963171e-02 -4.30460349e-02
 -2.74858046e-02 -1.16476873e-02  4.55766730e-03  2.12492701e-02  3.85872312e-02
  5.67888841e-02  7.61506855e-02  9.70747694e-02  1.20109558e-01  1.46167427e-01
 -8.40444863e-03 -1.07880980e-02 -2.15157121e-02 -3.29868533e-02 -4.35131527e-02
 -5.38829528e-02 -6.42718524e-02 -7.47435391e-02 -8.53374526e-02 -9.60860476e-02
 -1.07019179e-01 -1.18073970e-01 -1.29269093e-01 -1.40525550e-01 -1.51710764e-01
 -1.62670881e-01 -1.73252836e-01 -1.83318451e-01 -1.92752302e-01 -2.01465532e-01
 -2.09396631e-01 -2.16510385e-01 -2.22795218e-01 -2.28259057e-01 -2.32924089e-01
 -2.36820593e-01 -2.39979655e-01 -2.42427483e-01 -2.44182304e-01 -2.45252743e-01
 -2.45637611e-01 -2.45326698e-01 -2.44302407e-01 -2.42542103e-01 -2.40020752e-01
 -2.36713886e-01 -2.32600063e-01 -2.27662906e-01 -2.21893206e-01 -2.15289727e-01
 -2.07856581e-01 -1.99598983e-01 -1.90518171e-01 -1.80607289e-01 -1.69850647e-01
 -1.58229887e-01 -1.45740330e-01 -1.32422417e-01 -1.18410647e-01 -1.03996895e-01
 -8.96971747e-02 -7.53197297e-02 -6.08495213e-02 -4.62640524e-02 -3.15327123e-02
 -1.66148376e-02 -1.45674171e-03  1.40123824e-02  2.98860800e-02  4.62887362e-02
  6.33883476e-02  8.14198852e-02  1.00741722e-01  1.22063287e-01  1.48595512e-01
 -1.42077813e-02 -1.80181861e-02 -2.51779202e-02 -3.43529470e-02 -4.41199839e-02
 -5.40110283e-02 -6.39498830e-02 -7.39519075e-02 -8.40492696e-02 -9.42749381e-02
 -1.04660131e-01 -1.15125470e-01 -1.25715822e-01 -1.36375979e-01 -1.46992803e-01
 -1.57426447e-01 -1.67532697e-01 -1.77177563e-01 -1.86245963e-01 -1.94645911e-01
 -2.02309832e-01 -2.09193617e-01 -2.15274349e-01 -2.20546752e-01 -2.25018814e-01
 -2.28706822e-01 -2.31630400e-01 -2.33808041e-01 -2.35253602e-01 -2.35974252e-01
 -2.35970005e-01 -2.35234380e-01 -2.33755723e-01 -2.31519088e-01 -2.28508472e-01
 -2.24709243e-01 -2.20110372e-01 -2.14705527e-01 -2.08492830e-01 -2.01473296e-01
 -1.93648010e-01 -1.85014918e-01 -1.75566718e-01 -1.65291816e-01 -1.54180825e-01
 -1.42241970e-01 -1.29528850e-01 -1.16184942e-01 -1.02506921e-01 -8.89836773e-02
 -7.53704533e-02 -6.16733842e-02 -4.78926785e-02 -3.40225399e-02 -2.00509802e-02
 -5.95931802e-03  8.27853475e-03  2.26967502e-02  3.73378992e-02  5.22522628e-02
  6.74946904e-02  8.31150711e-02  9.91273224e-02  1.15391120e-01  1.31117046e-01
 -1.42014725e-02 -1.68781132e-02 -2.57760994e-02 -3.60056050e-02 -4.56024297e-02
 -5.49955331e-02 -6.43499419e-02 -7.37393647e-02 -8.32087323e-02 -9.27919149e-02
 -1.02517754e-01 -1.12283550e-01 -1.22155845e-01 -1.32101938e-01 -1.42028645e-01
 -1.51811719e-01 -1.61317438e-01 -1.70417517e-01 -1.78998336e-01 -1.86965868e-01
 -1.94247365e-01 -2.00791001e-01 -2.06563964e-01 -2.11549491e-01 -2.15743288e-01
 -2.19149575e-01 -2.21777156e-01 -2.23635986e-01 -2.24734351e-01 -2.25077137e-01
 -2.24665165e-01 -2.23495394e-01 -2.21561924e-01 -2.18857393e-01 -2.15374604e-01
 -2.11107776e-01 -2.06053287e-01 -2.00209528e-01 -1.93575814e-01 -1.86150745e-01
 -1.77930787e-01 -1.68909997e-01 -1.59082845e-01 -1.48451895e-01 -1.37042686e-01
 -1.24927260e-01 -1.12254299e-01 -9.92829055e-02 -8.65461677e-02 -7.36899823e-02
 -6.07441179e-02 -4.77293171e-02 -3.46608944e-02 -2.15502903e-02 -8.40577390e-03
  4.76696203e-03  1.79639403e-02  3.11812144e-02  4.44116592e-02  5.76390028e-02
  7.08270073e-02  8.39003399e-02  9.67122838e-02  1.08997785e-01  1.20329328e-01
 -2.15248596e-02 -2.51494087e-02 -3.18131559e-02 -4.00044210e-02 -4.84476313e-02
 -5.69345653e-02 -6.54751211e-02 -7.40927681e-02 -8.28079879e-02 -9.16399732e-02
 -1.00608163e-01 -1.09580189e-01 -1.18636310e-01 -1.27762675e-01 -1.36885673e-01
 -1.45897985e-01 -1.54678568e-01 -1.63107008e-01 -1.71073064e-01 -1.78482234e-01
 -1.85258061e-01 -1.91342443e-01 -1.96694255e-01 -2.01287046e-01 -2.05106154e-01
 -2.08145633e-01 -2.10405082e-01 -2.11887047e-01 -2.12594762e-01 -2.12530792e-01
 -2.11696222e-01 -2.10090712e-01 -2.07712859e-01 -2.04560801e-01 -2.00632855e-01
 -1.95927769e-01 -1.90444559e-01 -1.84181988e-01 -1.77137941e-01 -1.69309333e-01
 -1.60693601e-01 -1.51293308e-01 -1.41125560e-01 -1.30238652e-01 -1.18737198e-01
 -1.06822133e-01 -9.48107094e-02 -8.26597065e-02 -7.04386905e-02 -5.81460968e-02
 -4.57971878e-02 -3.34141143e-02 -2.10218374e-02 -8.64644907e-03  3.68537754e-03
  1.59462672e-02  2.81073395e-02  4.01364714e-02  5.19952811e-02  6.36342913e-02
  7.49859661e-02  8.59556720e-02  9.64122340e-02  1.06183186e-01  1.15063503e-01
 -2.87636258e-02 -3.27929072e-02 -3.83029841e-02 -4.48975675e-02 -5.20516112e-02
 -5.94985448e-02 -6.71269819e-02 -7.48914331e-02 -8.27760249e-02 -9.07804370e-02
 -9.89157781e-02 -1.07030384e-01 -1.15199745e-01 -1.23422973e-01 -1.31645411e-01
 -1.39778540e-01 -1.47716746e-01 -1.55350521e-01 -1.62575841e-01 -1.69300154e-01
 -1.75445482e-01 -1.80949345e-01 -1.85764283e-01 -1.89856127e-01 -1.93201944e-01
 -1.95787549e-01 -1.97605163e-01 -1.98651239e-01 -1.98924705e-01 -1.98425770e-01
 -1.97155029e-01 -1.95113108e-01 -1.92300484e-01 -1.88717455e-01 -1.84364051e-01
 -1.79239914e-01 -1.73344195e-01 -1.66675776e-01 -1.59234449e-01 -1.51023626e-01
 -1.42056033e-01 -1.32363722e-01 -1.22012801e-01 -1.11127697e-01 -9.98960361e-02
 -8.87170136e-02 -7.73119181e-02 -6.57369867e-02 -5.40409200e-02 -4.22615707e-02
 -3.04355323e-02 -1.86010990e-02 -6.79894304e-03  4.92797885e-03  1.65347327e-02
  2.79746931e-02  3.91995832e-02  5.01590446e-02  6.07995652e-02  7.10626319e-02
  8.08822960e-02  9.01827291e-02  9.88770649e-02  1.06869213e-01  1.14060298e-01
 -3.28034759e-02 -3.62619795e-02 -4.23264764e-02 -4.89545055e-02 -5.55263571e-02
 -6.22253530e-02 -6.90556020e-02 -7.59983584e-02 -8.30381885e-02 -9.01652277e-02
 -9.73717347e-02 -1.04645096e-01 -1.11900061e-01 -1.19165078e-01 -1.26411468e-01
 -1.33573741e-01 -1.40565380e-01 -1.47291288e-01 -1.53657034e-01 -1.59575135e-01
 -1.64968863e-01 -1.69773981e-01 -1.73938975e-01 -1.77424237e-01 -1.80200577e-01
 -1.82247490e-01 -1.83551297e-01 -1.84103385e-01 -1.83898807e-01 -1.82934985e-01
 -1.81210816e-01 -1.78726047e-01 -1.75480708e-01 -1.71474874e-01 -1.66708544e-01
 -1.61182031e-01 -1.54896930e-01 -1.47858441e-01 -1.40079722e-01 -1.31588325e-01
 -1.22435614e-01 -1.12714693e-01 -1.02561317e-01 -9.22736675e-02 -8.16922039e-02
 -7.08939731e-02 -5.98938987e-02 -4.87229042e-02 -3.74197401e-02 -2.60274895e-02
 -1.45935183e-02 -3.16988514e-03  8.18658900e-03  1.94147695e-02  3.04502044e-02
  4.12265770e-02  5.16773947e-02  6.17377050e-02  7.13454485e-02  8.04422721e-02
  8.89737755e-02  9.68893692e-02  1.04142271e-01  1.10690244e-01  1.16497524e-01
 -3.87506746e-02 -4.26795185e-02 -4.75942455e-02 -5.31975813e-02 -5.91017939e-02
 -6.51353523e-02 -7.12453052e-02 -7.74135813e-02 -8.36325139e-02 -8.98985341e-02
 -9.62100923e-02 -1.02567174e-01 -1.08853355e-01 -1.15106076e-01 -1.21313736e-01
 -1.27430484e-01 -1.33388713e-01 -1.39109388e-01 -1.44510254e-01 -1.49511978e-01
 -1.54042214e-01 -1.58037901e-01 -1.61446214e-01 -1.64224520e-01 -1.66339561e-01
 -1.67766258e-01 -1.68486372e-01 -1.68487132e-01 -1.67759940e-01 -1.66299254e-01
 -1.64101735e-01 -1.61165535e-01 -1.57489985e-01 -1.53075576e-01 -1.47924572e-01
 -1.42042860e-01 -1.35442704e-01 -1.28147528e-01 -1.20203480e-01 -1.11687645e-01
 -1.02701873e-01 -9.34810117e-02 -8.38828459e-02 -7.39687532e-02 -6.37597665e-02
 -5.32870963e-02 -4.25812192e-02 -3.16771157e-02 -2.06160620e-02 -9.44656879e-03
  1.77469780e-03  1.29821710e-02  2.41011977e-02  3.50487828e-02  4.57355715e-02
  5.60691468e-02  6.59585148e-02  7.53190890e-02  8.40774924e-02  9.21752676e-02
  9.95709449e-02  1.06240302e-01  1.12174951e-01  1.17379896e-01  1.21870659e-01
 -4.22598720e-02 -4.52831499e-02 -5.14082350e-02 -5.73744103e-02 -6.29318133e-02
 -6.83938041e-02 -7.38177150e-02 -7.92232379e-02 -8.46216679e-02 -9.00211111e-02
 -9.54275206e-02 -1.00845031e-01 -1.06137589e-01 -1.11349091e-01 -1.16480984e-01
 -1.21504113e-01 -1.26368448e-01 -1.31011426e-01 -1.35364741e-01 -1.39359802e-01
 -1.42931640e-01 -1.46021515e-01 -1.48578376e-01 -1.50559291e-01 -1.51929379e-01
 -1.52661085e-01 -1.52733356e-01 -1.52130604e-01 -1.50841743e-01 -1.48859277e-01
 -1.46178886e-01 -1.42799258e-01 -1.38722420e-01 -1.33954167e-01 -1.28505573e-01
 -1.22399114e-01 -1.15671150e-01 -1.08364306e-01 -1.00580640e-01 -9.25256312e-02
 -8.40224326e-02 -7.51276091e-02 -6.58576265e-02 -5.62353469e-02 -4.62826751e-02
 -3.60237472e-02 -2.54859924e-02 -1.47022316e-02 -3.71298986e-03  7.43110292e-03
  1.86667889e-02  2.99157947e-02  4.10831310e-02  5.20568974e-02  6.27106950e-02
  7.29095340e-02  8.25191736e-02  9.14178044e-02  9.95074064e-02  1.06722511e-01
  1.13034777e-01  1.18452713e-01  1.23016782e-01  1.26790777e-01  1.29851133e-01
 -4.94696796e-02 -5.32955751e-02 -5.77789061e-02 -6.26337454e-02 -6.75103441e-02
 -7.22858757e-02 -7.69574568e-02 -8.15497711e-02 -8.60871375e-02 -9.05878991e-02
 -9.50644538e-02 -9.95243564e-02 -1.03815325e-01 -1.07980765e-01 -1.12028971e-01
 -1.15942754e-01 -1.19686767e-01 -1.23213790e-01 -1.26469910e-01 -1.29398927e-01
 -1.31945774e-01 -1.34058952e-01 -1.35692328e-01 -1.36805862e-01 -1.37366056e-01
 -1.37345731e-01 -1.36723801e-01 -1.35484755e-01 -1.33617997e-01 -1.31117269e-01
 -1.27980515e-01 -1.24212511e-01 -1.19826414e-01 -1.14843138e-01 -1.09283008e-01
 -1.03204392e-01 -9.67288092e-02 -8.97686630e-02 -8.23591202e-02 -7.45371282e-02
 -6.63017631e-02 -5.76626770e-02 -4.86294441e-02 -3.92125808e-02 -2.94235721e-02
 -1.92759112e-02 -8.78662709e-03  2.02154391e-03  1.31172035e-02  2.44564712e-02
  3.59781422e-02  4.75978591e-02  5.92018329e-02  7.06415623e-02  8.17326382e-02
  9.22622308e-02  1.02008507e-01  1.10769264e-01  1.18390106e-01  1.24783456e-01
  1.29936695e-01  1.33910865e-01  1.36829674e-01  1.38857692e-01  1.40170947e-01
 -5.52187301e-02 -5.84763959e-02 -6.37433305e-02 -6.87405020e-02 -7.30424672e-02
 -7.70187303e-02 -8.08065385e-02 -8.44788253e-02 -8.80772024e-02 -9.16251913e-02
 -9.51360688e-02 -9.86190960e-02 -1.01918444e-01 -1.05058700e-01 -1.08045883e-01
 -1.10869199e-01 -1.13504373e-01 -1.15917422e-01 -1.18068218e-01 -1.19913504e-01
 -1.21409632e-01 -1.22514807e-01 -1.23190723e-01 -1.23403676e-01 -1.23125099e-01
 -1.22331850e-01 -1.21006913e-01 -1.19139791e-01 -1.16726480e-01 -1.13767840e-01
 -1.10263020e-01 -1.06228530e-01 -1.01705357e-01 -9.67767388e-02 -9.13568959e-02
 -8.54727551e-02 -7.91503191e-02 -7.23935664e-02 -6.52109459e-02 -5.76104932e-02
 -4.95948084e-02 -4.11646105e-02 -3.23190950e-02 -2.30564028e-02 -1.33740837e-02
 -3.26989451e-03  7.25691160e-03  1.82035882e-02  2.95608230e-02  4.13080715e-02
  5.34065440e-02  6.57888204e-02  7.83437490e-02  9.08957496e-02  1.03181295e-01
  1.14837386e-01  1.25436500e-01  1.34583160e-01  1.42002940e-01  1.47564039e-01
  1.51276991e-01  1.53292999e-01  1.53900668e-01  1.53488681e-01  1.52442068e-01
 -6.58024251e-02 -6.99157342e-02 -7.36660212e-02 -7.69978985e-02 -7.99643397e-02
 -8.27201232e-02 -8.53742808e-02 -8.79780874e-02 -9.05501544e-02 -9.30927023e-02
 -9.55987796e-02 -9.80540365e-02 -1.00433342e-01 -1.02604441e-01 -1.04582243e-01
 -1.06364287e-01 -1.07936166e-01 -1.09275624e-01 -1.10355631e-01 -1.11145578e-01
 -1.11613676e-01 -1.11729130e-01 -1.11464001e-01 -1.10794380e-01 -1.09700717e-01
 -1.08166173e-01 -1.06181353e-01 -1.03746653e-01 -1.00876875e-01 -9.76109505e-02
 -9.38917175e-02 -8.97333845e-02 -8.51526111e-02 -8.01649019e-02 -7.47685209e-02
 -6.89673945e-02 -6.27660602e-02 -5.61657324e-02 -4.91655357e-02 -4.17621136e-02
 -3.39489281e-02 -2.57163327e-02 -1.70515906e-02 -7.93883018e-03  1.64099201e-03
  1.17100626e-02  2.22934578e-02  3.34184542e-02  4.51130234e-02  5.74028492e-02
  7.03057349e-02  8.38214755e-02  9.79135484e-02  1.12474300e-01  1.27250209e-01
  1.41668111e-01  1.54625297e-01  1.65037528e-01  1.72653049e-01  1.77257270e-01
  1.78921238e-01  1.77882090e-01  1.74556419e-01  1.70172766e-01  1.65714785e-01
 -7.91834965e-02 -8.43521506e-02 -8.62655342e-02 -8.69171098e-02 -8.77865851e-02
 -8.89599249e-02 -9.03277770e-02 -9.18087065e-02 -9.33480486e-02 -9.49061215e-02
 -9.64517444e-02 -9.79593024e-02 -9.94079709e-02 -1.00638688e-01 -1.01656586e-01
 -1.02457397e-01 -1.03029989e-01 -1.03359938e-01 -1.03435673e-01 -1.03237242e-01
 -1.02742769e-01 -1.01931952e-01 -1.00788400e-01 -9.93022248e-02 -9.74739864e-02
 -9.52816978e-02 -9.27210227e-02 -8.97926614e-02 -8.65015090e-02 -8.28536674e-02
 -7.88470656e-02 -7.44848996e-02 -6.97722510e-02 -6.47132695e-02 -5.93088008e-02
 -5.35577983e-02 -4.74570766e-02 -4.10006456e-02 -3.41794528e-02 -2.69810818e-02
 -1.93894152e-02 -1.13842776e-02 -2.94099981e-03  5.97020099e-03  1.53850783e-02
  2.53465027e-02  3.59059386e-02  4.71252799e-02  5.90789504e-02  7.18561038e-02
  8.55623707e-02  1.00320265e-01  1.16267271e-01  1.33553371e-01  1.52368695e-01
  1.73307702e-01  1.97451681e-01  2.03971684e-01  2.15204448e-01  2.17176273e-01
  2.14947358e-01  2.13862926e-01  1.97426736e-01  1.86075166e-01  1.77410960e-01
 -9.05015022e-02 -9.68446657e-02 -9.66443345e-02 -9.51634422e-02 -9.46611166e-02
 -9.47010145e-02 -9.50539932e-02 -9.55925658e-02 -9.62313637e-02 -9.69081894e-02
 -9.75763425e-02 -9.82015654e-02 -9.87623259e-02 -9.91025791e-02 -9.92216021e-02
 -9.91101488e-02 -9.87525135e-02 -9.81254503e-02 -9.72768739e-02 -9.61780697e-02
 -9.48090702e-02 -9.31555107e-02 -9.12075266e-02 -8.89593586e-02 -8.64084363e-02
 -8.35525766e-02 -8.03930536e-02 -7.69339055e-02 -7.31810257e-02 -6.91406727e-02
 -6.48180023e-02 -6.02175817e-02 -5.53427637e-02 -5.01946881e-02 -4.47714813e-02
 -3.90679389e-02 -3.30753177e-02 -2.67811082e-02 -2.01689135e-02 -1.32182864e-02
 -5.90450130e-03  1.80182757e-03  9.93537344e-03  1.85370855e-02  2.76556741e-02
  3.73497866e-02  4.76911254e-02  5.87688796e-02  7.06960708e-02  8.36184621e-02
  9.77269411e-02  1.13273591e-01  1.30589843e-01  1.50107056e-01  1.72431961e-01
  1.97971374e-01  2.15335265e-01  2.27269039e-01  2.36527786e-01  2.35489622e-01
  2.34858811e-01  2.21962437e-01  2.06621692e-01  1.93726897e-01  1.83396831e-01
 -9.34981778e-02 -9.90121067e-02 -1.00776434e-01 -1.00502655e-01 -9.99033526e-02
 -9.94643345e-02 -9.92197096e-02 -9.91089568e-02 -9.90617648e-02 -9.90161374e-02
 -9.89204124e-02 -9.87308100e-02 -9.84065682e-02 -9.79010314e-02 -9.71864313e-02
 -9.62439328e-02 -9.50597078e-02 -9.36245546e-02 -9.19372886e-02 -8.99916589e-02
 -8.77813473e-02 -8.53020549e-02 -8.25522915e-02 -7.95336440e-02 -7.62505829e-02
 -7.27100223e-02 -6.89212158e-02 -6.48952127e-02 -6.06439821e-02 -5.61793037e-02
 -5.15116230e-02 -4.66491133e-02 -4.15967442e-02 -3.63554321e-02 -3.09214108e-02
 -2.52858996e-02 -1.94350518e-02 -1.33500788e-02 -7.00748712e-03 -3.79327161e-04
  6.56667911e-03  1.38672329e-02  2.15639006e-02  2.97040176e-02  3.83422151e-02
  4.75427806e-02  5.73831685e-02  6.79592490e-02  7.93932229e-02  9.18459594e-02
  1.05537087e-01  1.20779395e-01  1.38040483e-01  1.58038214e-01  1.81461468e-01
  2.03384399e-01  2.17578188e-01  2.29885802e-01  2.34288976e-01  2.35173702e-01
  2.29641378e-01  2.16257080e-01  2.02926472e-01  1.91680968e-01  1.82291612e-01
 -1.01994962e-01 -1.09323353e-01 -1.07713334e-01 -1.05298407e-01 -1.04162022e-01
 -1.03445992e-01 -1.02902062e-01 -1.02413580e-01 -1.01902992e-01 -1.01312593e-01
 -1.00598380e-01 -9.97259468e-02 -9.86670703e-02 -9.73976031e-02 -9.58989337e-02
 -9.41570550e-02 -9.21617076e-02 -8.99059772e-02 -8.73860642e-02 -8.45999718e-02
 -8.15478489e-02 -7.82326236e-02 -7.46604651e-02 -7.08410740e-02 -6.67876527e-02
 -6.25166744e-02 -5.80473952e-02 -5.34010455e-02 -4.85996492e-02 -4.36645634e-02
 -3.86148021e-02 -3.34653705e-02 -2.82257088e-02 -2.28985064e-02 -1.74789503e-02
 -1.19545627e-02 -6.30555814e-03 -5.05634351e-04  5.47700841e-03  1.16786119e-02
  1.81389656e-02  2.49008425e-02  3.20098475e-02  3.95147838e-02  4.74685580e-02
  5.59296906e-02  6.49645552e-02  7.46505335e-02  8.50803405e-02  9.63682309e-02
  1.08659044e-01  1.22142032e-01  1.37072027e-01  1.53779954e-01  1.72246575e-01
  1.88245595e-01  1.99259043e-01  2.08802611e-01  2.12037310e-01  2.13166028e-01
  2.08519042e-01  1.99421331e-01  1.90687329e-01  1.82764441e-01  1.75656453e-01
 -9.90415141e-02 -1.04955979e-01 -1.07361712e-01 -1.07630722e-01 -1.07297994e-01
 -1.06870860e-01 -1.06385268e-01 -1.05780713e-01 -1.05000533e-01 -1.04007788e-01
 -1.02781385e-01 -1.01309530e-01 -9.95846018e-02 -9.76002365e-02 -9.53503177e-02
 -9.28289443e-02 -9.00308937e-02 -8.69523212e-02 -8.35915431e-02 -7.99496323e-02
 -7.60311037e-02 -7.18444884e-02 -6.74028695e-02 -6.27241656e-02 -5.78313172e-02
 -5.27521111e-02 -4.75187525e-02 -4.21668440e-02 -3.67337540e-02 -3.12563516e-02
 -2.57681757e-02 -2.02964209e-02 -1.48591166e-02 -9.46297217e-03 -4.10227617e-03
  1.24101050e-03  6.59597851e-03  1.20006260e-02  1.74992606e-02  2.31399052e-02
  2.89721042e-02  3.50453295e-02  4.14080806e-02  4.81075458e-02  5.51897772e-02
  6.27000555e-02  7.06832707e-02  7.91839883e-02  8.82454813e-02  9.79066417e-02
  1.08194172e-01  1.19104214e-01  1.30560622e-01  1.42327756e-01  1.53853565e-01
  1.64192781e-01  1.72667250e-01  1.78903073e-01  1.82636917e-01  1.83813959e-01
  1.82534814e-01  1.79382265e-01  1.75204709e-01  1.70619249e-01  1.65990040e-01
 -1.06277339e-01 -1.14569806e-01 -1.12038352e-01 -1.10360935e-01 -1.10307612e-01
 -1.10410564e-01 -1.10268287e-01 -1.09740779e-01 -1.08795762e-01 -1.07447311e-01
 -1.05724908e-01 -1.03658177e-01 -1.01270042e-01 -9.85745937e-02 -9.55778211e-02
 -9.22797769e-02 -8.86773393e-02 -8.47669393e-02 -8.05468708e-02 -7.60191083e-02
 -7.11905733e-02 -6.60739616e-02 -6.06883243e-02 -5.50595149e-02 -4.92206737e-02
 -4.32126299e-02 -3.70840095e-02 -3.08905616e-02 -2.46932190e-02 -1.85545143e-02
 -1.25334682e-02 -6.67956052e-03 -1.02687429e-03  4.41037724e-03  9.63998307e-03
  1.46910576e-02  1.96107160e-02  2.44588368e-02  2.93020830e-02  3.42083685e-02
  3.92425843e-02  4.44638804e-02  4.99243550e-02  5.56686893e-02  6.17342405e-02
  6.81511536e-02  7.49419555e-02  8.21202621e-02  8.96878392e-02  9.76291820e-02
  1.05902299e-01  1.14424333e-01  1.23051748e-01  1.31559804e-01  1.39638186e-01
  1.46928951e-01  1.53100699e-01  1.57904372e-01  1.61196321e-01  1.62951708e-01
  1.63275197e-01  1.62395567e-01  1.60615236e-01  1.58234417e-01  1.55501634e-01
 -9.57206190e-02 -1.02484003e-01 -1.07395940e-01 -1.10919960e-01 -1.13507517e-01
 -1.15099631e-01 -1.15614258e-01 -1.15164883e-01 -1.13931485e-01 -1.12073109e-01
 -1.09714568e-01 -1.06946103e-01 -1.03825219e-01 -1.00381449e-01 -9.66232494e-02
 -9.25456583e-02 -8.81374031e-02 -8.33867341e-02 -7.82857612e-02 -7.28332549e-02
 -6.70361519e-02 -6.09099641e-02 -5.44786006e-02 -4.77745011e-02 -4.08395305e-02
 -3.37269120e-02 -2.65036579e-02 -1.92522909e-02 -1.20700859e-02 -5.06408792e-03
  1.65879203e-03  8.00517946e-03  1.39088817e-02  1.93412881e-02  2.43161302e-02
  2.88875382e-02  3.31416205e-02  3.71834226e-02  4.11227718e-02  4.50626872e-02
  4.90922555e-02  5.32838814e-02  5.76933660e-02  6.23614378e-02  6.73154742e-02
  7.25707859e-02  7.81310722e-02  8.39877352e-02  9.01179835e-02  9.64815244e-02
  1.03015967e-01  1.09631501e-01  1.16206504e-01  1.22586951e-01  1.28593549e-01
  1.34038493e-01  1.38748541e-01  1.42587528e-01  1.45472929e-01  1.47385076e-01
  1.48368225e-01  1.48521900e-01  1.47982746e-01  1.46901339e-01  1.45422086e-01
 -9.18298438e-02 -9.94326547e-02 -1.06872253e-01 -1.14122711e-01 -1.20658912e-01
 -1.24103695e-01 -1.24381728e-01 -1.23229809e-01 -1.21086970e-01 -1.18232183e-01
 -1.14888206e-01 -1.11196496e-01 -1.07227772e-01 -1.02998048e-01 -9.84878764e-02
 -9.36604887e-02 -8.84753987e-02 -8.28976333e-02 -7.69036785e-02 -7.04847872e-02
 -6.36478215e-02 -5.64131439e-02 -4.88106683e-02 -4.08768356e-02 -3.26552205e-02
 -2.42017787e-02 -1.55940447e-02 -6.94205333e-03  1.60357414e-03  9.85406805e-03
  1.76026821e-02  2.46600360e-02  3.08900680e-02  3.62341478e-02  4.07213494e-02
  4.44651172e-02  4.76433001e-02  5.04622646e-02  5.31183369e-02  5.57731055e-02
  5.85463494e-02  6.15200028e-02  6.47458658e-02  6.82529360e-02  7.20529556e-02
  7.61440396e-02  8.05126056e-02  8.51339400e-02  8.99717882e-02  9.49771777e-02
  1.00087047e-01  1.05223238e-01  1.10292643e-01  1.15189664e-01  1.19801462e-01
  1.24016210e-01  1.27733007e-01  1.30871728e-01  1.33380830e-01  1.35241807e-01
  1.36469543e-01  1.37108371e-01  1.37224704e-01  1.36897743e-01  1.36210412e-01
 -8.92655924e-02 -9.79648456e-02 -1.07547320e-01 -1.18486583e-01 -1.30956605e-01
 -1.37170956e-01 -1.37412518e-01 -1.34729877e-01 -1.30398080e-01 -1.25729352e-01
 -1.20891675e-01 -1.16032071e-01 -1.11175478e-01 -1.06241420e-01 -1.01112254e-01
 -9.56723318e-02 -8.98213759e-02 -8.34822431e-02 -7.66051933e-02 -6.91709742e-02
 -6.11958727e-02 -5.27246781e-02 -4.38085273e-02 -3.44868526e-02 -2.47854758e-02
 -1.47286989e-02 -4.36174357e-03  6.21538516e-03  1.68012604e-02  2.70512104e-02
  3.65060754e-02  4.47350666e-02  5.14551960e-02  5.65482117e-02  6.00699410e-02
  6.22619539e-02  6.35470003e-02  6.43993020e-02  6.51889071e-02  6.61448687e-02
  6.73903301e-02  6.89827427e-02  7.09411725e-02  7.32623041e-02  7.59292319e-02
  7.89159611e-02  8.21895376e-02  8.57106969e-02  8.94338116e-02  9.33064744e-02
  9.72692221e-02  1.01255640e-01  1.05193369e-01  1.09006062e-01  1.12616651e-01
  1.15951575e-01  1.18945546e-01  1.21546127e-01  1.23717397e-01  1.25442058e-01
  1.26721695e-01  1.27575070e-01  1.28034905e-01  1.28143653e-01  1.27949163e-01
 -8.56184736e-02 -9.46146771e-02 -1.04844332e-01 -1.16927326e-01 -1.31901518e-01
 -1.41607717e-01 -1.47304058e-01 -1.45509928e-01 -1.40863433e-01 -1.33388743e-01
 -1.26304150e-01 -1.20312244e-01 -1.14972651e-01 -1.09796442e-01 -1.04452476e-01
 -9.87490788e-02 -9.24844369e-02 -8.55292529e-02 -7.78225437e-02 -6.92775995e-02
 -5.99389151e-02 -5.00014909e-02 -3.96155231e-02 -2.88184248e-02 -1.75680742e-02
 -5.78033226e-03  6.64337259e-03  1.97822303e-02  3.36121544e-02  4.77078445e-02
  6.05546236e-02  7.07652345e-02  7.83844143e-02  8.28645304e-02  8.46083686e-02
  8.34131241e-02  8.08184817e-02  7.83812925e-02  7.65693188e-02  7.54608810e-02
  7.50268400e-02  7.52077550e-02  7.59382099e-02  7.71546289e-02  7.87971988e-02
  8.08095038e-02  8.31374228e-02  8.57277885e-02  8.85272324e-02  9.14812759e-02
  9.45338160e-02  9.76270959e-02  1.00702301e-01  1.03700697e-01  1.06565416e-01
  1.09243609e-01  1.11688823e-01  1.13863207e-01  1.15739249e-01  1.17300846e-01
  1.18543379e-01  1.19473018e-01  1.20105140e-01  1.20462298e-01  1.20571896e-01
 -7.99869075e-02 -8.82140622e-02 -9.72982123e-02 -1.07366830e-01 -1.18231073e-01
 -1.29206061e-01 -1.42303139e-01 -1.43663749e-01 -1.44040093e-01 -1.34794950e-01
 -1.27053723e-01 -1.21748082e-01 -1.18091643e-01 -1.13839127e-01 -1.08429864e-01
 -1.03551216e-01 -9.72864181e-02 -8.94551128e-02 -8.17259699e-02 -7.18679950e-02
 -5.99645786e-02 -4.80037257e-02 -3.60781439e-02 -2.39918120e-02 -1.15045877e-02
  1.65348384e-03  1.58059001e-02  3.13780941e-02  4.89991941e-02  6.98685348e-02
  9.26565826e-02  1.00104801e-01  1.15016051e-01  1.12468354e-01  1.18247099e-01
  1.05553649e-01  9.61012840e-02  8.96982625e-02  8.52842182e-02  8.23233277e-02
  8.04774687e-02  7.95149729e-02  7.92685971e-02  7.96121061e-02  8.04460198e-02
  8.16884711e-02  8.32692683e-02  8.51258263e-02  8.72004554e-02  8.94385874e-02
  9.17876586e-02  9.41966549e-02  9.66161266e-02  9.89986807e-02  1.01299755e-01
  1.03478745e-01  1.05500065e-01  1.07334316e-01  1.08959056e-01  1.10359319e-01
  1.11527689e-01  1.12463862e-01  1.13173909e-01  1.13669164e-01  1.13964960e-01
 -7.27851838e-02 -7.97166452e-02 -8.70655999e-02 -9.47843120e-02 -1.02748156e-01
 -1.10743880e-01 -1.18282199e-01 -1.25085264e-01 -1.34801283e-01 -1.23926811e-01
 -1.18996084e-01 -1.16443709e-01 -1.16706260e-01 -1.14385888e-01 -1.07901573e-01
 -1.05438463e-01 -9.95698348e-02 -9.00147706e-02 -8.43561515e-02 -7.34357238e-02
 -5.83099909e-02 -4.49512899e-02 -3.22989821e-02 -1.97684970e-02 -6.94866804e-03
  6.52701175e-03  2.10626107e-02  3.71799059e-02  5.56212403e-02  7.74060041e-02
  9.89294872e-02  1.09103099e-01  1.21184155e-01  1.21295393e-01  1.23497613e-01
  1.12438433e-01  1.01720214e-01  9.41806585e-02  8.89054611e-02  8.52561072e-02
  8.28176811e-02  8.13133121e-02  8.05499107e-02  8.03861991e-02  8.07138905e-02
  8.14462528e-02  8.25110078e-02  8.38457197e-02  8.53947401e-02  8.71072635e-02
  8.89360532e-02  9.08367708e-02  9.27677080e-02  9.46898758e-02  9.65673178e-02
  9.83675718e-02  1.00062244e-01  1.01627484e-01  1.03044406e-01  1.04299314e-01
  1.05383717e-01  1.06294066e-01  1.07031353e-01  1.07600495e-01  1.08009599e-01
  3.50483131e+00  3.61445904e+00  3.68040228e+00  3.73105049e+00  3.74817085e+00
  3.74788499e+00  3.73315787e+00  3.70844746e+00  3.67742729e+00  3.64160609e+00
  3.60294390e+00  3.56395292e+00  3.52418017e+00  3.48523736e+00  3.44836330e+00
  3.41197419e+00  3.37796068e+00  3.34607601e+00  3.31624198e+00  3.28872609e+00
  3.26389480e+00  3.24234271e+00  3.22331524e+00  3.20670342e+00  3.19341850e+00
  3.18253779e+00  3.17421889e+00  3.16805267e+00  3.16417527e+00  3.16274071e+00
  3.16313601e+00  3.16579580e+00  3.17038369e+00  3.17684746e+00  3.18558335e+00
  3.19633222e+00  3.20917273e+00  3.22414947e+00  3.24145222e+00  3.26109791e+00
  3.28347182e+00  3.30848360e+00  3.33637238e+00  3.36752057e+00  3.40206742e+00
  3.44040585e+00  3.48293519e+00  3.52988076e+00  3.58205724e+00  3.63974762e+00
  3.70339417e+00  3.77437449e+00  3.85263681e+00  3.94025302e+00  4.03779221e+00
  4.14763451e+00  4.27181911e+00  4.41483068e+00  4.57890892e+00  4.77327442e+00
  5.00453186e+00  5.29191256e+00  5.67047834e+00  6.27052784e+00  9.49289227e+00
   91   89
  1.05019236e+00  0.00000000e+00  1.05167735e+00  1.00000001e-01  1.05405366e+00
  1.50000006e-01  1.06050444e+00  2.50000000e-01  1.06938684e+00  3.49999994e-01
  1.07906246e+00  4.42465305e-01  1.08501732e+00  5.00000000e-01  1.09475315e+00
  6.00000024e-01  1.10438848e+00  6.99999988e-01  1.10988081e+00  7.50000000e-01
  1.12087131e+00  8.50000024e-01  1.13156188e+00  9.49999988e-01  1.13757980e+00
  1.00000000e+00  1.14583218e+00  1.09012353e+00  1.14888358e+00  1.13024712e+00
  1.21187496e+00  1.11681819e+00  1.26499999e+00  1.10291731e+00  1.29156256e+00
  1.09606838e+00  1.34468746e+00  1.08329141e+00  1.39781249e+00  1.06934094e+00
  1.45093751e+00  1.05369902e+00  1.47749996e+00  1.04565275e+00  1.53062499e+00
  1.02839565e+00  1.58375001e+00  1.00813830e+00  1.61031246e+00  9.97134030e-01
  1.66343749e+00  9.73314404e-01  1.70707536e+00  9.49999988e-01  1.74312496e+00
  9.29972887e-01  1.78883266e+00  8.99999976e-01  1.82281256e+00  8.76423538e-01
  1.85611403e+00  8.50000024e-01  1.90250003e+00  8.11148167e-01  1.92906249e+00
  7.86856294e-01  1.96601558e+00  7.50000000e-01  2.00874996e+00  7.03732669e-01
  2.03531241e+00  6.72880471e-01  2.06187510e+00  6.39318883e-01  2.08999300e+00
  6.00000024e-01  2.12279773e+00  5.50000012e-01  2.15170455e+00  5.00000000e-01
  2.17721486e+00  4.49999988e-01  2.19997931e+00  4.00000006e-01  2.22125006e+00
  3.48743170e-01  2.24781251e+00  2.77543396e-01  2.27265859e+00  2.00000003e-01
  2.28534913e+00  1.50000006e-01  2.30083156e+00  5.00000007e-02  2.30365634e+00
  0.00000000e+00  2.30093741e+00 -7.06646591e-02  2.29021072e+00 -1.50000006e-01
  2.27437496e+00 -2.13973209e-01  2.24799585e+00 -3.00000012e-01  2.22962928e+00
 -3.49999994e-01  2.20940161e+00 -4.00000006e-01  2.18664026e+00 -4.49999988e-01
  2.16066289e+00 -5.00000000e-01  2.13064957e+00 -5.50000012e-01  2.09577179e+00
 -6.00000024e-01  2.06187510e+00 -6.43067002e-01  2.03531241e+00 -6.73084021e-01
  2.00874996e+00 -7.00111747e-01  1.95562506e+00 -7.49693751e-01  1.92906249e+00
 -7.72344291e-01  1.89195383e+00 -8.00000012e-01  1.84937501e+00 -8.29370260e-01
  1.81359720e+00 -8.50000024e-01  1.76968753e+00 -8.73629630e-01  1.71656251e+00
 -8.96423459e-01  1.69000006e+00 -9.06186640e-01  1.63687503e+00 -9.23072517e-01
  1.58375001e+00 -9.35159087e-01  1.53062499e+00 -9.42571044e-01  1.47749996e+00
 -9.45101559e-01  1.42437506e+00 -9.41850722e-01  1.37125003e+00 -9.30749655e-01
  1.31812501e+00 -9.07440245e-01  1.29156256e+00 -8.89626980e-01  1.25058830e+00
 -8.50000024e-01  1.21474409e+00 -8.00000012e-01  1.18808115e+00 -7.50000000e-01
  1.16673553e+00 -6.99999988e-01  1.14896154e+00 -6.49999976e-01  1.13218749e+00
 -5.93672991e-01  1.10893559e+00 -5.00000000e-01  1.09818482e+00 -4.49999988e-01
  1.08022571e+00 -3.49999994e-01  1.07249701e+00 -3.00000012e-01  1.06085062e+00
 -2.00000003e-01  1.05351496e+00 -1.00000001e-01  1.05117285e+00 -5.00000007e-02
  1.05019236e+00  0.00000000e+00
  1.01600003e+00  0.00000000e+00  1.01600003e+00  9.63999987e-01  1.01800001e+00
  9.67999995e-01  1.01800001e+00  1.00100005e+00  1.01800001e+00  1.01900005e+00
  1.01800001e+00  1.07700002e+00  1.01800001e+00  1.07000005e+00  1.01800001e+00
  1.09599996e+00  1.01800001e+00  1.11300004e+00  1.01800001e+00  1.13800001e+00
  1.01600003e+00  1.14699996e+00  1.01199996e+00  1.16499996e+00  1.00100005e+00
  1.21700001e+00  1.02900004e+00  1.21700001e+00  1.04200006e+00  1.16240001e+00
  1.04600000e+00  1.16237998e+00  1.05599999e+00  1.16260004e+00  1.09700000e+00
  1.16450000e+00  1.10800004e+00  1.16594005e+00  1.11600006e+00  1.16591001e+00
  1.13399994e+00  1.16895998e+00  1.14800000e+00  1.17174995e+00  1.16199994e+00
  1.17556000e+00  1.18099999e+00  1.18299997e+00  1.18200004e+00  1.18350005e+00
  1.18499994e+00  1.18499994e+00  1.19000006e+00  1.18799996e+00  1.19500005e+00
  1.19099998e+00  1.20099998e+00  1.19599998e+00  1.20899999e+00  1.20200002e+00
  1.21500003e+00  1.20799994e+00  1.22200000e+00  1.21399999e+00  1.22800004e+00
  1.22099996e+00  1.23399997e+00  1.23099995e+00  1.23899996e+00  1.23800004e+00
  1.24199998e+00  1.24399996e+00  1.24800003e+00  1.25399995e+00  1.25800002e+00
  1.27800000e+00  1.26300001e+00  1.28999996e+00  1.27999997e+00  1.33099997e+00
  1.27999997e+00  1.34700000e+00  1.27999997e+00  1.34800005e+00  1.30999994e+00
  1.34800005e+00  1.32799995e+00  1.34800005e+00  1.36099994e+00  1.34800005e+00
  1.38000000e+00  1.34800005e+00  1.41900003e+00  1.34800005e+00  1.41900003e+00
  1.30999994e+00  1.37199998e+00  1.30999994e+00  1.37199998e+00  1.29200006e+00
  1.60800004e+00  1.09500003e+00  1.64699996e+00  1.07700002e+00  1.78499997e+00
  1.07700002e+00  2.06999993e+00  1.03999996e+00  2.12800002e+00  9.92999971e-01
  2.24499989e+00  7.08999991e-01  2.32299995e+00  5.18999994e-01  2.37700009e+00
  3.88999999e-01  2.35200000e+00  4.00000006e-01  2.35100007e+00  3.37000012e-01
  2.35100007e+00  2.04999998e-01  2.35400009e+00  6.80000037e-02  2.35400009e+00
  0.00000000e+00  2.35400009e+00 -6.80000037e-02  2.35299993e+00 -2.04999998e-01
  2.35100007e+00 -3.37000012e-01  2.35299993e+00 -4.00000006e-01  2.37700009e+00
 -3.88999999e-01  2.13400006e+00 -9.72999990e-01  1.78600001e+00 -1.17400002e+00
  1.76800001e+00 -1.21099997e+00  1.76800001e+00 -1.25399995e+00  1.68200004e+00
 -1.25399995e+00  1.67400002e+00 -1.26199996e+00  1.67400002e+00 -1.32900000e+00
  1.68099999e+00 -1.33899999e+00  1.75399995e+00 -1.33899999e+00  1.75399995e+00
 -1.36800003e+00  1.68900001e+00 -1.36800003e+00  1.68900001e+00 -1.36600006e+00
  1.55499995e+00 -1.36600006e+00  1.41199994e+00 -1.36600006e+00  1.27300000e+00
 -1.36600006e+00  1.15300000e+00 -1.36600006e+00  1.01600003e+00 -1.22899997e+00
  1.01600003e+00 -8.00000012e-01  1.01600003e+00 -4.14999992e-01  1.01600003e+00
 -4.00000006e-01  1.01600003e+00  0.00000000e+00
    0 0.000000000e+00    0
  0.00000000e+00  1.22854039e-01  1.74893230e-01  2.13795021e-01  2.48088568e-01
  2.78283060e-01  3.05520684e-01  3.30251485e-01  3.53208452e-01  3.74568820e-01
  3.94467920e-01  4.13411915e-01  4.31141376e-01  4.48046684e-01  4.64252979e-01
  4.79650110e-01  4.94380414e-01  5.08713007e-01  5.22418737e-01  5.35610795e-01
  5.48485339e-01  5.60970068e-01  5.73071301e-01  5.84872842e-01  5.96362650e-01
  6.07631087e-01  6.18678629e-01  6.29478991e-01  6.40054226e-01  6.50465429e-01
  6.60767674e-01  6.70875013e-01  6.80824161e-01  6.90667033e-01  7.00396895e-01
  7.10028887e-01  7.19557285e-01  7.29005694e-01  7.38391578e-01  7.47693181e-01
  7.56940424e-01  7.66154408e-01  7.75335848e-01  7.84492791e-01  7.93614864e-01
  8.02732408e-01  8.11871469e-01  8.21012616e-01  8.30195904e-01  8.39406013e-01
  8.48651052e-01  8.58001649e-01  8.67406309e-01  8.76942873e-01  8.86576653e-01
  8.96348655e-01  9.06292737e-01  9.16481376e-01  9.26863015e-01  9.37564313e-01
  9.48553979e-01  9.60057318e-01  9.72112060e-01  9.85058427e-01  1.00000000e+00
    0
