   EFIT?   05/12/98      #102940   634             3  65  65
  1.70000005e+00  3.20000005e+00  1.69550002e+00  8.39999974e-01  0.00000000e+00
  1.77792633e+00  4.31751047e-04 -2.89500564e-01 -1.31255448e-01 -2.00463271e+00
  9.32251125e+05 -2.89500564e-01  0.00000000e+00  1.77792633e+00  0.00000000e+00
  4.31751047e-04  0.00000000e+00 -1.31255448e-01  0.00000000e+00  0.00000000e+00
 -3.41509199e+00 -3.41773462e+00 -3.41996884e+00 -3.42183042e+00 -3.42335272e+00
 -3.42456579e+00 -3.42549706e+00 -3.42617202e+00 -3.42661405e+00 -3.42684460e+00
 -3.42688346e+00 -3.42674899e+00 -3.42645884e+00 -3.42602897e+00 -3.42547441e+00
 -3.42480993e+00 -3.42404890e+00 -3.42320490e+00 -3.42229056e+00 -3.42131853e+00
 -3.42030072e+00 -3.41924906e+00 -3.41817451e+00 -3.41708660e+00 -3.41599441e+00
 -3.41490531e+00 -3.41382718e+00 -3.41276598e+00 -3.41172767e+00 -3.41071749e+00
 -3.40973973e+00 -3.40879869e+00 -3.40789771e+00 -3.40703988e+00 -3.40622783e+00
 -3.40546370e+00 -3.40474916e+00 -3.40408564e+00 -3.40347409e+00 -3.40291524e+00
 -3.40240908e+00 -3.40195537e+00 -3.40155387e+00 -3.40120339e+00 -3.40090299e+00
 -3.40065050e+00 -3.40044403e+00 -3.40028095e+00 -3.40015817e+00 -3.40007234e+00
 -3.40001941e+00 -3.39999485e+00 -3.39999342e+00 -3.40000939e+00 -3.40003610e+00
 -3.40006661e+00 -3.40009284e+00 -3.40010571e+00 -3.40009570e+00 -3.40005159e+00
 -3.39996147e+00 -3.39981222e+00 -3.39958882e+00 -3.39927578e+00 -3.39885473e+00
  3.04098340e+04  2.74256191e+04  2.47600059e+04  2.23889688e+04  2.02896797e+04
  1.84404512e+04  1.68206973e+04  1.54108789e+04  1.41924707e+04  1.31479160e+04
  1.22605850e+04  1.15147422e+04  1.08955117e+04  1.03888418e+04  9.98147949e+03
  9.66093359e+03  9.41545312e+03  9.23400195e+03  9.10622852e+03  9.02245020e+03
  8.97362695e+03  8.95134375e+03  8.94779297e+03  8.95575391e+03  8.96858008e+03
  8.98018359e+03  8.98502051e+03  8.97808105e+03  8.95487695e+03  8.91143164e+03
  8.84427246e+03  8.75041992e+03  8.62738867e+03  8.47317188e+03  8.28624512e+03
  8.06555762e+03  7.81053418e+03  7.52107129e+03  7.19753711e+03  6.84077246e+03
  6.45209326e+03  6.03329346e+03  5.58664844e+03  5.11491943e+03  4.62136084e+03
  4.10972705e+03  3.58428003e+03  3.04979956e+03  2.51159302e+03  1.97550757e+03
  1.44794263e+03  9.35864319e+02  4.46820374e+02 -1.10430374e+01 -4.28963440e+02
 -7.97542847e+02 -1.10672693e+03 -1.34578333e+03 -1.50327759e+03 -1.56704834e+03
 -1.52418030e+03 -1.36097644e+03 -1.06292712e+03 -6.14678772e+02  0.00000000e+00
  3.94543648e+00  3.35755730e+00  2.82075620e+00  2.33073401e+00  1.88360226e+00
  1.47585022e+00  1.10431325e+00  7.66145468e-01  4.58794326e-01  1.79978326e-01
 -7.23330081e-02 -2.99937010e-01 -5.04413724e-01 -6.87139809e-01 -8.49300563e-01
 -9.91900444e-01 -1.11577177e+00 -1.22158229e+00 -1.30984080e+00 -1.38090169e+00
 -1.43510222e+00 -1.47362339e+00 -1.49795246e+00 -1.50945413e+00 -1.50938022e+00
 -1.49888074e+00 -1.47901416e+00 -1.45075619e+00 -1.41500902e+00 -1.37260902e+00
 -1.32433391e+00 -1.27090967e+00 -1.21301711e+00 -1.15129769e+00 -1.08635938e+00
 -1.01878142e+00 -9.49120343e-01 -8.77914011e-01 -8.05686772e-01 -7.32954085e-01
 -6.60226822e-01 -5.88016093e-01 -5.16837358e-01 -4.47215289e-01 -3.79688144e-01
 -3.14812690e-01 -2.53169000e-01 -1.95365533e-01 -1.42044544e-01 -9.38877538e-02
 -5.16222417e-02 -1.60269476e-02  1.20605389e-02  3.17365900e-02  4.20235917e-02
  4.18613553e-02  3.00977770e-02  5.47872204e-03 -3.33630182e-02 -8.79197493e-02
 -1.59822002e-01 -2.50852853e-01 -3.62963647e-01 -4.98291135e-01 -6.59176230e-01
 -1.27384138e+06 -1.14000550e+06 -1.01613319e+06 -9.01730750e+05 -7.96325188e+05
 -6.99463375e+05 -6.10710812e+05 -5.29651000e+05 -4.55884219e+05 -3.89026812e+05
 -3.28710375e+05 -2.74580750e+05 -2.26297453e+05 -1.83532859e+05 -1.45971438e+05
 -1.13309117e+05 -8.52525703e+04 -6.15186133e+04 -4.18335391e+04 -2.59325605e+04
 -1.35591924e+04 -4.46470801e+03  1.59241479e+03  4.84702246e+03  5.52780273e+03
  3.85778784e+03  5.48422775e+01 -5.66785596e+03 -1.31013486e+04 -2.20404355e+04
 -3.22832266e+04 -4.36306992e+04 -5.58862539e+04 -6.88552891e+04 -8.23447734e+04
 -9.61628125e+04 -1.10118234e+05 -1.24020188e+05 -1.37677672e+05 -1.50899188e+05
 -1.63492234e+05 -1.75262969e+05 -1.86015719e+05 -1.95552562e+05 -2.03672953e+05
 -2.10173172e+05 -2.14846000e+05 -2.17480141e+05 -2.17859875e+05 -2.15764484e+05
 -2.10967828e+05 -2.03237844e+05 -1.92335984e+05 -1.78016781e+05 -1.60027219e+05
 -1.38106219e+05 -1.11984078e+05 -8.13818672e+04 -4.60107734e+04 -5.57154492e+03
  4.02462344e+04  9.17647891e+04  1.49318875e+05  2.13256516e+05  2.83939750e+05
 -1.04037501e-01 -1.09668896e-01 -1.15648866e-01 -1.21903189e-01 -1.28300905e-01
 -1.34634823e-01 -1.40424445e-01 -1.45497024e-01 -1.51628613e-01 -1.40700370e-01
 -1.34369433e-01 -1.29701033e-01 -1.26694798e-01 -1.22887842e-01 -1.17146842e-01
 -1.13400422e-01 -1.08311094e-01 -1.01359479e-01 -9.62212011e-02 -8.87907967e-02
 -7.91528746e-02 -7.02684596e-02 -6.16017766e-02 -5.28395697e-02 -4.37434912e-02
 -3.40835564e-02 -2.35907435e-02 -1.19043747e-02  1.50241319e-03  1.72565561e-02
  3.20626795e-02  4.02190387e-02  4.79187071e-02  4.88352254e-02  4.92921062e-02
  4.20327000e-02  3.41676623e-02  2.85818297e-02  2.46907100e-02  2.20273063e-02
  2.02844515e-02  1.92523450e-02  1.87817682e-02  1.87628586e-02  1.91120002e-02
  1.97632704e-02  2.06627510e-02  2.17646882e-02  2.30289288e-02  2.44192146e-02
  2.59020999e-02  2.74463072e-02  2.90224217e-02  3.06028407e-02  3.21619250e-02
  3.36762518e-02  3.51249836e-02  3.64901796e-02  3.77571508e-02  3.89146209e-02
  3.99548486e-02  4.08735573e-02  4.16697040e-02  4.23451774e-02  4.29043323e-02
 -1.09112881e-01 -1.15831338e-01 -1.23366535e-01 -1.31815165e-01 -1.40952587e-01
 -1.50155395e-01 -1.61410525e-01 -1.60829052e-01 -1.59574270e-01 -1.49478376e-01
 -1.40914857e-01 -1.34346843e-01 -1.29113242e-01 -1.24025613e-01 -1.18653066e-01
 -1.13671347e-01 -1.08194657e-01 -1.02036528e-01 -9.59168971e-02 -8.88377056e-02
 -8.07422474e-02 -7.25125298e-02 -6.41731098e-02 -5.55949360e-02 -4.66155484e-02
 -3.70411947e-02 -2.66254432e-02 -1.50283007e-02 -1.74322049e-03  1.39133930e-02
  2.89154537e-02  3.67471054e-02  4.48755398e-02  4.55798954e-02  4.66379710e-02
  3.93319540e-02  3.17784809e-02  2.64993515e-02  2.28653699e-02  2.04305165e-02
  1.89062133e-02  1.80956330e-02  1.78579222e-02  1.80879794e-02  1.87042542e-02
  1.96410082e-02  2.08431594e-02  2.22627856e-02  2.38567013e-02  2.55848281e-02
  2.74091512e-02  2.92931274e-02  3.12015116e-02  3.31005007e-02  3.49581279e-02
  3.67448814e-02  3.84343900e-02  4.00041416e-02  4.14360836e-02  4.27170768e-02
  4.38390598e-02  4.47989665e-02  4.55983579e-02  4.62428294e-02  4.67412323e-02
 -1.12497173e-01 -1.19870156e-01 -1.28474846e-01 -1.38896659e-01 -1.52078867e-01
 -1.59570038e-01 -1.63913757e-01 -1.60925627e-01 -1.55582115e-01 -1.47622570e-01
 -1.40144631e-01 -1.33691221e-01 -1.27941847e-01 -1.22566238e-01 -1.17327131e-01
 -1.12070121e-01 -1.06651038e-01 -1.00966386e-01 -9.49510261e-02 -8.85333344e-02
 -8.17015991e-02 -7.45141059e-02 -6.70099407e-02 -5.91739230e-02 -5.09490035e-02
 -4.22513373e-02 -3.29809301e-02 -2.30356175e-02 -1.23544410e-02 -1.14600419e-03
  9.07054171e-03  1.67400334e-02  2.25097556e-02  2.54085641e-02  2.63013113e-02
  2.43216138e-02  2.12955121e-02  1.87255163e-02  1.68445222e-02  1.56311560e-02
  1.50183951e-02  1.49339028e-02  1.53104402e-02  1.60880554e-02  1.72135551e-02
  1.86391100e-02  2.03207210e-02  2.22167857e-02  2.42868867e-02  2.64908578e-02
  2.87881903e-02  3.11377682e-02  3.34980376e-02  3.58275510e-02  3.80859226e-02
  4.02350649e-02  4.22406308e-02  4.40734141e-02  4.57106233e-02  4.71367538e-02
  4.83439751e-02  4.93319854e-02  5.01073189e-02  5.06822355e-02  5.10732979e-02
 -1.13637723e-01 -1.20669372e-01 -1.28674224e-01 -1.38091102e-01 -1.48925647e-01
 -1.53420508e-01 -1.52907774e-01 -1.49638489e-01 -1.44996405e-01 -1.40073448e-01
 -1.35037079e-01 -1.30051300e-01 -1.25175342e-01 -1.20377570e-01 -1.15588471e-01
 -1.10731520e-01 -1.05735302e-01 -1.00539312e-01 -9.50967968e-02 -8.93762112e-02
 -8.33633095e-02 -7.70578459e-02 -7.04634264e-02 -6.35793060e-02 -5.64002357e-02
 -4.89241704e-02 -4.11677770e-02 -3.31931747e-02 -2.51514446e-02 -1.73329525e-02
 -1.01529891e-02 -3.99781065e-03  8.95099540e-04  4.42658132e-03  6.64389180e-03
  7.75209488e-03  8.13743751e-03  8.23187083e-03  8.34800210e-03  8.66075698e-03
  9.25372820e-03  1.01591079e-02  1.13813775e-02  1.29100829e-02  1.47264553e-02
  1.68066602e-02  1.91231947e-02  2.16452815e-02  2.43387111e-02  2.71655135e-02
  3.00836321e-02  3.30469087e-02  3.60054970e-02  3.89069580e-02  4.16979939e-02
  4.43268381e-02  4.67460565e-02  4.89154011e-02  5.08043170e-02  5.23937829e-02
  5.36771007e-02  5.46595901e-02  5.53571917e-02  5.57942167e-02  5.60006127e-02
 -1.13136783e-01 -1.19051933e-01 -1.25094920e-01 -1.31190658e-01 -1.36705145e-01
 -1.39307469e-01 -1.39139488e-01 -1.37712345e-01 -1.35397524e-01 -1.32456526e-01
 -1.29105240e-01 -1.25491560e-01 -1.21703319e-01 -1.17779985e-01 -1.13727376e-01
 -1.09531693e-01 -1.05170242e-01 -1.00618698e-01 -9.58558470e-02 -9.08663273e-02
 -8.56419280e-02 -8.01813379e-02 -7.44891465e-02 -6.85755014e-02 -6.24580421e-02
 -5.61667718e-02 -4.97520119e-02 -4.32942510e-02 -3.69124301e-02 -3.07633094e-02
 -2.50236131e-02 -1.98565982e-02 -1.53787723e-02 -1.16391797e-02 -8.61087628e-03
 -6.19324250e-03 -4.22911299e-03 -2.53835251e-03 -9.54101270e-04  6.55907148e-04
  2.38553388e-03  4.29594796e-03  6.42361119e-03  8.78717471e-03  1.13924425e-02
  1.42355263e-02  1.73045862e-02  2.05804855e-02  2.40366980e-02  2.76386999e-02
  3.13431919e-02  3.50975320e-02  3.88398394e-02  4.25003208e-02  4.60041016e-02
  4.92755733e-02  5.22438325e-02  5.48484847e-02  5.70449047e-02  5.88080026e-02
  6.01339228e-02  6.10393137e-02  6.15583658e-02  6.17379881e-02  6.16320707e-02
 -1.12733245e-01 -1.17689177e-01 -1.21668033e-01 -1.24819674e-01 -1.27250016e-01
 -1.28761292e-01 -1.29249915e-01 -1.28824502e-01 -1.27659425e-01 -1.25913531e-01
 -1.23717509e-01 -1.21172540e-01 -1.18350916e-01 -1.15299210e-01 -1.12043284e-01
 -1.08594038e-01 -1.04952909e-01 -1.01116501e-01 -9.70801711e-02 -9.28406641e-02
 -8.83978233e-02 -8.37557763e-02 -7.89238438e-02 -7.39176124e-02 -6.87605962e-02
 -6.34865835e-02 -5.81421666e-02 -5.27887121e-02 -4.75021042e-02 -4.23686504e-02
 -3.74763198e-02 -3.29026654e-02 -2.87024695e-02 -2.48984620e-02 -2.14770995e-02
 -1.83903202e-02 -1.55631276e-02 -1.29053928e-02 -1.03245582e-02 -7.73567799e-03
 -5.06710075e-03 -2.26219161e-03  7.21418706e-04  3.91361909e-03  7.33367912e-03
  1.09916599e-02  1.48891211e-02  1.90190207e-02  2.33647265e-02  2.78981496e-02
  3.25771235e-02  3.73424739e-02  4.21158448e-02  4.67998125e-02  5.12818731e-02
  5.54424338e-02  5.91656715e-02  6.23517893e-02  6.49285465e-02  6.68594465e-02
  6.81469962e-02  6.88310862e-02  6.89829364e-02  6.86944723e-02  6.80647492e-02
 -1.14386655e-01 -1.20267041e-01 -1.20435864e-01 -1.20715603e-01 -1.21604107e-01
 -1.22307852e-01 -1.22606404e-01 -1.22434594e-01 -1.21800408e-01 -1.20744765e-01
 -1.19318753e-01 -1.17571570e-01 -1.15544826e-01 -1.13270462e-01 -1.10770911e-01
 -1.08060598e-01 -1.05147995e-01 -1.02037810e-01 -9.87330675e-02 -9.52368677e-02
 -9.15537998e-02 -8.76911655e-02 -8.36599991e-02 -7.94759765e-02 -7.51604065e-02
 -7.07410276e-02 -6.62524924e-02 -6.17361367e-02 -5.72385117e-02 -5.28084524e-02
 -4.84926514e-02 -4.43303771e-02 -4.03482988e-02 -3.65565233e-02 -3.29467580e-02
 -2.94929370e-02 -2.61542462e-02 -2.28797868e-02 -1.96138583e-02 -1.63007453e-02
 -1.28882788e-02 -9.32995975e-03 -5.58584696e-03 -1.62263168e-03  2.58666906e-03
  7.06301443e-03  1.18213007e-02  1.68696605e-02  2.22076774e-02  2.78230067e-02
  3.36856581e-02  3.97393592e-02  4.58905511e-02  5.19997403e-02  5.78856915e-02
  6.33448735e-02  6.81709424e-02  7.21804723e-02  7.52438158e-02  7.73037672e-02
  7.83779174e-02  7.85510018e-02  7.79708996e-02  7.68308789e-02  7.53242001e-02
 -1.09295189e-01 -1.13104582e-01 -1.15324505e-01 -1.16436824e-01 -1.17091447e-01
 -1.17517807e-01 -1.17724963e-01 -1.17681175e-01 -1.17365025e-01 -1.16771623e-01
 -1.15908124e-01 -1.14787936e-01 -1.13426358e-01 -1.11837737e-01 -1.10034086e-01
 -1.08024679e-01 -1.05816402e-01 -1.03414416e-01 -1.00823075e-01 -9.80468094e-02
 -9.50910598e-02 -9.19630080e-02 -8.86723101e-02 -8.52316469e-02 -8.16571563e-02
 -7.79686123e-02 -7.41893128e-02 -7.03454241e-02 -6.64648116e-02 -6.25751838e-02
 -5.87017871e-02 -5.48648499e-02 -5.10771722e-02 -4.73423041e-02 -4.36536670e-02
 -3.99946794e-02 -3.63399647e-02 -3.26572843e-02 -2.89098490e-02 -2.50586011e-02
 -2.10641008e-02 -1.68878809e-02 -1.24932053e-02 -7.84531888e-03 -2.91135185e-03
  2.33996962e-03  7.93858618e-03  1.39130671e-02  2.02898495e-02  2.70908978e-02
  3.43280621e-02  4.19901907e-02  5.00141457e-02  5.82220405e-02  6.62326291e-02
  7.37348050e-02  8.03279877e-02  8.56108367e-02  8.93223807e-02  9.13849473e-02
  9.19018835e-02  9.10069644e-02  8.88937488e-02  8.61544758e-02  8.31956118e-02
 -1.09101214e-01 -1.14037447e-01 -1.13602966e-01 -1.13052033e-01 -1.13234192e-01
 -1.13522157e-01 -1.13766551e-01 -1.13901235e-01 -1.13886803e-01 -1.13698758e-01
 -1.13323160e-01 -1.12753496e-01 -1.11987986e-01 -1.11027509e-01 -1.09874129e-01
 -1.08530194e-01 -1.06997967e-01 -1.05279587e-01 -1.03377283e-01 -1.01293691e-01
 -9.90323275e-02 -9.65979248e-02 -9.39968377e-02 -9.12373140e-02 -8.83296356e-02
 -8.52861255e-02 -8.21208656e-02 -7.88491666e-02 -7.54867792e-02 -7.20487759e-02
 -6.85482845e-02 -6.49951473e-02 -6.13946803e-02 -5.77467456e-02 -5.40452227e-02
 -5.02779670e-02 -4.64272201e-02 -4.24703844e-02 -3.83809991e-02 -3.41297127e-02
 -2.96851471e-02 -2.50144675e-02 -2.00836137e-02 -1.48571581e-02 -9.29775555e-03
 -3.36518837e-03  2.98503228e-03  9.80358571e-03  1.71499159e-02  2.50957087e-02
  3.37296799e-02  4.31644507e-02  5.35467900e-02  6.50705621e-02  7.79240355e-02
  9.08825845e-02  9.97462124e-02  1.07625224e-01  1.12043530e-01  1.13665067e-01
  1.13133170e-01  1.07629314e-01  1.01535551e-01  9.59038511e-02  9.08115581e-02
 -1.02965288e-01 -1.06287904e-01 -1.08046636e-01 -1.08813435e-01 -1.09307230e-01
 -1.09778263e-01 -1.10245980e-01 -1.10675931e-01 -1.11029774e-01 -1.11276157e-01
 -1.11391887e-01 -1.11360669e-01 -1.11171447e-01 -1.10816821e-01 -1.10291816e-01
 -1.09592989e-01 -1.08717859e-01 -1.07664607e-01 -1.06431991e-01 -1.05019346e-01
 -1.03426799e-01 -1.01655349e-01 -9.97070894e-02 -9.75853279e-02 -9.52946097e-02
 -9.28407013e-02 -9.02303532e-02 -8.74709710e-02 -8.45701173e-02 -8.15348178e-02
 -7.83708692e-02 -7.50820488e-02 -7.16693997e-02 -6.81306943e-02 -6.44600764e-02
 -6.06478937e-02 -5.66808172e-02 -5.25420085e-02 -4.82114740e-02 -4.36663553e-02
 -3.88811640e-02 -3.38278413e-02 -2.84755230e-02 -2.27900259e-02 -1.67328324e-02
 -1.02595594e-02 -3.31762736e-03  4.15717252e-03  1.22458553e-02  2.10542642e-02
  3.07260957e-02  4.14652675e-02  5.35765924e-02  6.75382167e-02  8.40277448e-02
  1.01970337e-01  1.14323720e-01  1.24244347e-01  1.30318344e-01  1.31650850e-01
  1.30668208e-01  1.22317716e-01  1.12192094e-01  1.03473596e-01  9.62615162e-02
 -1.00509591e-01 -1.04553133e-01 -1.04933709e-01 -1.04779318e-01 -1.05295777e-01
 -1.06057115e-01 -1.06908232e-01 -1.07770458e-01 -1.08593732e-01 -1.09342977e-01
 -1.09992698e-01 -1.10523939e-01 -1.10922411e-01 -1.11177087e-01 -1.11279190e-01
 -1.11221477e-01 -1.10997722e-01 -1.10602431e-01 -1.10030644e-01 -1.09277919e-01
 -1.08340345e-01 -1.07214607e-01 -1.05898105e-01 -1.04389019e-01 -1.02686420e-01
 -1.00790210e-01 -9.87010971e-02 -9.64204147e-02 -9.39498395e-02 -9.12910253e-02
 -8.84451047e-02 -8.54122266e-02 -8.21910426e-02 -7.87783340e-02 -7.51687512e-02
 -7.13546649e-02 -6.73260763e-02 -6.30705506e-02 -5.85731976e-02 -5.38166240e-02
 -4.87808734e-02 -4.34432179e-02 -3.77777442e-02 -3.17547098e-02 -2.53395010e-02
 -1.84911229e-02 -1.11600133e-02 -3.28491605e-03  5.21158939e-03  1.44294836e-02
  2.45003626e-02  3.55997607e-02  4.79622297e-02  6.18971400e-02  7.78204128e-02
  9.63322371e-02  1.13467000e-01  1.22510396e-01  1.31979525e-01  1.32993907e-01
  1.32946849e-01  1.27420485e-01  1.15742035e-01  1.05441041e-01  9.72149521e-02
 -9.30820331e-02 -9.60624069e-02 -9.79646444e-02 -9.93398726e-02 -1.00721732e-01
 -1.02173440e-01 -1.03647687e-01 -1.05101675e-01 -1.06504627e-01 -1.07833683e-01
 -1.09070905e-01 -1.10201553e-01 -1.11213148e-01 -1.12094730e-01 -1.12836383e-01
 -1.13428853e-01 -1.13863282e-01 -1.14131048e-01 -1.14223659e-01 -1.14132740e-01
 -1.13850087e-01 -1.13367729e-01 -1.12678044e-01 -1.11773923e-01 -1.10648908e-01
 -1.09297365e-01 -1.07714586e-01 -1.05896845e-01 -1.03841327e-01 -1.01545922e-01
 -9.90089178e-02 -9.62284878e-02 -9.32022035e-02 -8.99266228e-02 -8.63973051e-02
 -8.26088265e-02 -7.85545781e-02 -7.42264315e-02 -6.96145073e-02 -6.47069886e-02
 -5.94899990e-02 -5.39473370e-02 -4.80601564e-02 -4.18064892e-02 -3.51605602e-02
 -2.80918907e-02 -2.05641203e-02 -1.25335157e-02 -3.94716673e-03  5.25902444e-03
  1.51622957e-02  2.58543026e-02  3.74408215e-02  5.00396416e-02  6.37853816e-02
  7.89429918e-02  9.67818648e-02  1.07008927e-01  1.13321386e-01  1.20952345e-01
  1.17291830e-01  1.19276062e-01  1.08680658e-01  9.90405157e-02  9.20679048e-02
 -8.55980068e-02 -8.80302191e-02 -9.07593518e-02 -9.34876949e-02 -9.60179791e-02
 -9.83781293e-02 -1.00616299e-01 -1.02756791e-01 -1.04807377e-01 -1.06767319e-01
 -1.08631648e-01 -1.10393271e-01 -1.12043902e-01 -1.13574497e-01 -1.14975385e-01
 -1.16236277e-01 -1.17346302e-01 -1.18293978e-01 -1.19067386e-01 -1.19654097e-01
 -1.20041274e-01 -1.20215885e-01 -1.20164841e-01 -1.19875155e-01 -1.19334348e-01
 -1.18530869e-01 -1.17454544e-01 -1.16096862e-01 -1.14451252e-01 -1.12513095e-01
 -1.10279478e-01 -1.07748494e-01 -1.04917966e-01 -1.01784140e-01 -9.83433276e-02
 -9.45929587e-02 -9.05308500e-02 -8.61540213e-02 -8.14579725e-02 -7.64368922e-02
 -7.10836649e-02 -6.53896779e-02 -5.93446717e-02 -5.29366434e-02 -4.61516306e-02
 -3.89736034e-02 -3.13844196e-02 -2.33640205e-02 -1.48910955e-02 -5.94464550e-03
  3.49283940e-03  1.34293651e-02  2.38523483e-02  3.47078927e-02  4.58585173e-02
  5.69850132e-02  6.74030185e-02  7.61683509e-02  8.28666314e-02  8.73817801e-02
  8.96152630e-02  8.97736698e-02  8.80156383e-02  8.50890055e-02  8.19050744e-02
 -7.93275684e-02 -8.12911391e-02 -8.50340724e-02 -8.88021961e-02 -9.21187624e-02
 -9.51970443e-02 -9.81160253e-02 -1.00912899e-01 -1.03606425e-01 -1.06204957e-01
 -1.08710401e-01 -1.11120433e-01 -1.13429777e-01 -1.15630902e-01 -1.17714368e-01
 -1.19668916e-01 -1.21481486e-01 -1.23137414e-01 -1.24621347e-01 -1.25916615e-01
 -1.27004772e-01 -1.27867550e-01 -1.28485546e-01 -1.28838629e-01 -1.28906831e-01
 -1.28671303e-01 -1.28115281e-01 -1.27224788e-01 -1.25989482e-01 -1.24403223e-01
 -1.22464538e-01 -1.20175876e-01 -1.17539898e-01 -1.14546694e-01 -1.11189589e-01
 -1.07471570e-01 -1.03398860e-01 -9.89762247e-02 -9.42036808e-02 -8.90813470e-02
 -8.36094096e-02 -7.77872503e-02 -7.16136917e-02 -6.50871843e-02 -5.82060777e-02
 -5.09690084e-02 -4.33755741e-02 -3.54274623e-02 -2.71302797e-02 -1.84964687e-02
 -9.54976957e-03 -3.32031195e-04  9.08672344e-03  1.85940210e-02  2.80169435e-02
  3.71072218e-02  4.55507413e-02  5.30256517e-02  5.92817888e-02  6.41758516e-02
  6.76726252e-02  6.98449239e-02  7.08717108e-02  7.10257441e-02  7.06105679e-02
 -7.65710920e-02 -7.89082125e-02 -8.20430294e-02 -8.56217816e-02 -8.92607644e-02
 -9.28253010e-02 -9.62944850e-02 -9.96737480e-02 -1.02970809e-01 -1.06190436e-01
 -1.09333865e-01 -1.12399139e-01 -1.15381591e-01 -1.18274055e-01 -1.21066906e-01
 -1.23747773e-01 -1.26300752e-01 -1.28704756e-01 -1.30942956e-01 -1.32996276e-01
 -1.34833604e-01 -1.36436060e-01 -1.37776539e-01 -1.38824567e-01 -1.39549360e-01
 -1.39921710e-01 -1.39915556e-01 -1.39509022e-01 -1.38685927e-01 -1.37437597e-01
 -1.35766461e-01 -1.33692816e-01 -1.31269082e-01 -1.28422812e-01 -1.25121891e-01
 -1.21398143e-01 -1.17282584e-01 -1.12799443e-01 -1.07935727e-01 -1.02697723e-01
 -9.70959067e-02 -9.11368504e-02 -8.48276988e-02 -7.81765357e-02 -7.11927414e-02
 -6.38874397e-02 -5.62743247e-02 -4.83708903e-02 -4.02002633e-02 -3.17937173e-02
 -2.31940150e-02 -1.44595550e-02 -5.66918263e-03  3.07322992e-03  1.16362283e-02
  1.98634434e-02  2.75847912e-02  3.46363001e-02  4.08827774e-02  4.62354571e-02
  5.06613366e-02  5.41849174e-02  5.68828657e-02  5.88705353e-02  6.02810308e-02
 -7.20485821e-02 -7.39895329e-02 -7.85221606e-02 -8.30059275e-02 -8.71292204e-02
 -9.11498740e-02 -9.51124951e-02 -9.90271941e-02 -1.02896459e-01 -1.06720097e-01
 -1.10496208e-01 -1.14221238e-01 -1.17889941e-01 -1.21495314e-01 -1.25028461e-01
 -1.28478423e-01 -1.31832197e-01 -1.35028571e-01 -1.38072670e-01 -1.40945122e-01
 -1.43612787e-01 -1.46037221e-01 -1.48177192e-01 -1.49991333e-01 -1.51440218e-01
 -1.52487874e-01 -1.53102726e-01 -1.53258204e-01 -1.52933136e-01 -1.52112156e-01
 -1.50785804e-01 -1.48950279e-01 -1.46604568e-01 -1.43740058e-01 -1.40361533e-01
 -1.36503518e-01 -1.32242575e-01 -1.27729103e-01 -1.22736454e-01 -1.17331088e-01
 -1.11562513e-01 -1.05428435e-01 -9.89431813e-02 -9.21232551e-02 -8.49875733e-02
 -7.75571093e-02 -6.98554814e-02 -6.19098991e-02 -5.37525080e-02 -4.54220809e-02
 -3.69659327e-02 -2.84418631e-02 -1.99198183e-02 -1.14826271e-02 -3.22507136e-03
  4.74951090e-03  1.23354271e-02  1.94330644e-02  2.59579569e-02  3.18485163e-02
  3.70709300e-02  4.16204892e-02  4.55192365e-02  4.88103479e-02  5.15502878e-02
 -7.12630749e-02 -7.37681091e-02 -7.72278681e-02 -8.13147575e-02 -8.56409967e-02
 -9.00409892e-02 -9.44651663e-02 -9.88964885e-02 -1.03326306e-01 -1.07748553e-01
 -1.12158030e-01 -1.16549604e-01 -1.20917648e-01 -1.25255600e-01 -1.29555628e-01
 -1.33808300e-01 -1.37954399e-01 -1.41994402e-01 -1.45905823e-01 -1.49650022e-01
 -1.53178871e-01 -1.56440467e-01 -1.59383118e-01 -1.61958069e-01 -1.64121211e-01
 -1.65833950e-01 -1.67063475e-01 -1.67782694e-01 -1.67969689e-01 -1.67607218e-01
 -1.66682035e-01 -1.65184036e-01 -1.63105562e-01 -1.60441279e-01 -1.57192156e-01
 -1.53369620e-01 -1.48997799e-01 -1.44110903e-01 -1.38735101e-01 -1.32971510e-01
 -1.27030656e-01 -1.20658003e-01 -1.13926530e-01 -1.06860578e-01 -9.94899198e-02
 -9.18434337e-02 -8.39513913e-02 -7.58460537e-02 -6.75628036e-02 -5.91411740e-02
 -5.06259948e-02 -4.20683101e-02 -3.35258953e-02 -2.50631068e-02 -1.67497732e-02
 -8.65907688e-03 -8.64421076e-04  6.56437827e-03  1.35650095e-02  2.00860575e-02
  2.60893274e-02  3.15508209e-02  3.64603102e-02  4.08197753e-02  4.46411856e-02
 -6.74064010e-02 -6.95621967e-02 -7.45663345e-02 -7.96121657e-02 -8.44408050e-02
 -8.93016830e-02 -9.42179188e-02 -9.91811976e-02 -1.04180872e-01 -1.09208703e-01
 -1.14258640e-01 -1.19325854e-01 -1.24405764e-01 -1.29493251e-01 -1.34582624e-01
 -1.39614478e-01 -1.44594863e-01 -1.49498269e-01 -1.54278666e-01 -1.58878207e-01
 -1.63234189e-01 -1.67284355e-01 -1.70970574e-01 -1.74240977e-01 -1.77050948e-01
 -1.79363221e-01 -1.81147501e-01 -1.82379603e-01 -1.83040455e-01 -1.83115155e-01
 -1.82591900e-01 -1.81461200e-01 -1.79715320e-01 -1.77348137e-01 -1.74355835e-01
 -1.70737952e-01 -1.66498363e-01 -1.61646754e-01 -1.56202197e-01 -1.50205880e-01
 -1.43725380e-01 -1.36840925e-01 -1.29765332e-01 -1.22337818e-01 -1.14621684e-01
 -1.06645443e-01 -9.84438658e-02 -9.00503919e-02 -8.14998448e-02 -7.28285313e-02
 -6.40753657e-02 -5.52827083e-02 -4.64966260e-02 -3.77667695e-02 -2.91457362e-02
 -2.06880867e-02 -1.24490559e-02 -4.48316569e-03  3.15711321e-03  1.04224505e-02
  1.72674544e-02  2.36512367e-02  2.95379739e-02  3.48976515e-02  3.97071578e-02
 -6.69827014e-02 -6.97033778e-02 -7.36013502e-02 -7.83363432e-02 -8.34814161e-02
 -8.88215825e-02 -9.42721367e-02 -9.97991636e-02 -1.05388172e-01 -1.11032799e-01
 -1.16730385e-01 -1.22479945e-01 -1.28280520e-01 -1.34128600e-01 -1.39959052e-01
 -1.45791680e-01 -1.51603445e-01 -1.57343239e-01 -1.62943929e-01 -1.68331757e-01
 -1.73433334e-01 -1.78180501e-01 -1.82513103e-01 -1.86380267e-01 -1.89740494e-01
 -1.92560956e-01 -1.94816396e-01 -1.96487695e-01 -1.97560519e-01 -1.98024020e-01
 -1.97869718e-01 -1.97090700e-01 -1.95680872e-01 -1.93634763e-01 -1.90947369e-01
 -1.87614247e-01 -1.83631852e-01 -1.78998381e-01 -1.73715651e-01 -1.67792767e-01
 -1.61250830e-01 -1.54129684e-01 -1.46504134e-01 -1.38480648e-01 -1.30310535e-01
 -1.21875428e-01 -1.13241792e-01 -1.04434304e-01 -9.54868644e-02 -8.64285007e-02
 -7.72892907e-02 -6.81017786e-02 -5.89009635e-02 -4.97240312e-02 -4.06100154e-02
 -3.15995924e-02 -2.27350090e-02 -1.40603147e-02 -5.62194549e-03  2.53035012e-03
  1.03424564e-02  1.77552328e-02  2.47050431e-02  3.11262086e-02  3.69555168e-02
 -6.32404387e-02 -6.57122210e-02 -7.05886781e-02 -7.65006542e-02 -8.25048238e-02
 -8.85285586e-02 -9.45944488e-02 -1.00717179e-01 -1.06905557e-01 -1.13166474e-01
 -1.19506679e-01 -1.25934139e-01 -1.32460400e-01 -1.38992086e-01 -1.45572320e-01
 -1.52187869e-01 -1.58787474e-01 -1.65297210e-01 -1.71632946e-01 -1.77709818e-01
 -1.83448657e-01 -1.88779905e-01 -1.93645462e-01 -1.97998822e-01 -2.01804414e-01
 -2.05036014e-01 -2.07675084e-01 -2.09708840e-01 -2.11128488e-01 -2.11927727e-01
 -2.12101504e-01 -2.11645201e-01 -2.10554108e-01 -2.08823159e-01 -2.06447020e-01
 -2.03419983e-01 -1.99736178e-01 -1.95389539e-01 -1.90374285e-01 -1.84685796e-01
 -1.78322703e-01 -1.71290964e-01 -1.63611785e-01 -1.55333191e-01 -1.46551430e-01
 -1.37416601e-01 -1.28260404e-01 -1.18916973e-01 -1.09469451e-01 -9.99182090e-02
 -9.02796835e-02 -8.05765688e-02 -7.08339289e-02 -6.10777214e-02 -5.13343960e-02
 -4.16311100e-02 -3.19964960e-02 -2.24621315e-02 -1.30649470e-02 -3.85077368e-03
  5.12091117e-03  1.37718813e-02  2.20021438e-02  2.96932831e-02  3.67199630e-02
 -6.05830774e-02 -6.28868416e-02 -6.86090291e-02 -7.53903314e-02 -8.20436478e-02
 -8.86526257e-02 -9.52818766e-02 -1.01964526e-01 -1.08721510e-01 -1.15568236e-01
 -1.22516870e-01 -1.29576415e-01 -1.36749923e-01 -1.43980101e-01 -1.51287973e-01
 -1.58635110e-01 -1.65947452e-01 -1.73133433e-01 -1.80097178e-01 -1.86747700e-01
 -1.93004489e-01 -1.98800385e-01 -2.04082355e-01 -2.08810791e-01 -2.12958008e-01
 -2.16506109e-01 -2.19444647e-01 -2.21768171e-01 -2.23474115e-01 -2.24560931e-01
 -2.25026637e-01 -2.24868059e-01 -2.24080443e-01 -2.22657576e-01 -2.20592171e-01
 -2.17876375e-01 -2.14502156e-01 -2.10461512e-01 -2.05746412e-01 -2.00348467e-01
 -1.94258913e-01 -1.87469602e-01 -1.79975882e-01 -1.71783268e-01 -1.62919417e-01
 -1.53452605e-01 -1.43521577e-01 -1.33346513e-01 -1.23398207e-01 -1.13296859e-01
 -1.03080422e-01 -9.27757025e-02 -8.24031979e-02 -7.19792247e-02 -6.15171008e-02
 -5.10280393e-02 -4.05222885e-02 -3.00109517e-02 -1.95091870e-02 -9.04181786e-03
  1.34681806e-03  1.15760881e-02  2.15035155e-02  3.09045911e-02  3.95305455e-02
 -6.08386099e-02 -6.36411831e-02 -6.88526258e-02 -7.53981844e-02 -8.23009759e-02
 -8.93097818e-02 -9.63918790e-02 -1.03557281e-01 -1.10823341e-01 -1.18207812e-01
 -1.25728428e-01 -1.33405238e-01 -1.41151518e-01 -1.49018049e-01 -1.56982943e-01
 -1.64976537e-01 -1.72902524e-01 -1.80654809e-01 -1.88129678e-01 -1.95233747e-01
 -2.01888293e-01 -2.08031058e-01 -2.13616133e-01 -2.18612522e-01 -2.23002061e-01
 -2.26776585e-01 -2.29935080e-01 -2.32480600e-01 -2.34417602e-01 -2.35749617e-01
 -2.36477628e-01 -2.36599132e-01 -2.36107990e-01 -2.34994888e-01 -2.33248249e-01
 -2.30855361e-01 -2.27803648e-01 -2.24081472e-01 -2.19678566e-01 -2.14585707e-01
 -2.08793849e-01 -2.02293023e-01 -1.95071995e-01 -1.87119961e-01 -1.78432211e-01
 -1.69022426e-01 -1.58944696e-01 -1.48327097e-01 -1.37422994e-01 -1.26636505e-01
 -1.15747921e-01 -1.04770876e-01 -9.37134027e-02 -8.25780705e-02 -7.13619888e-02
 -6.00568093e-02 -4.86486070e-02 -3.71180326e-02 -2.54409742e-02 -1.35905761e-02
 -1.54233270e-03  1.07126869e-02  2.31287889e-02  3.54626514e-02  4.70018052e-02
 -5.87964170e-02 -6.11256659e-02 -6.79397956e-02 -7.56385401e-02 -8.30328539e-02
 -9.04179662e-02 -9.78799388e-02 -1.05452485e-01 -1.13157347e-01 -1.21012241e-01
 -1.29031211e-01 -1.37220785e-01 -1.45527050e-01 -1.53976277e-01 -1.62519455e-01
 -1.71063885e-01 -1.79496750e-01 -1.87701985e-01 -1.95571721e-01 -2.03012928e-01
 -2.09950820e-01 -2.16329634e-01 -2.22111970e-01 -2.27276802e-01 -2.31816828e-01
 -2.35735074e-01 -2.39041269e-01 -2.41748035e-01 -2.43867502e-01 -2.45408460e-01
 -2.46374473e-01 -2.46762976e-01 -2.46565431e-01 -2.45768204e-01 -2.44353861e-01
 -2.42302760e-01 -2.39594877e-01 -2.36211747e-01 -2.32137904e-01 -2.27361351e-01
 -2.21873060e-01 -2.15665385e-01 -2.08729789e-01 -2.01054946e-01 -1.92626923e-01
 -1.83433875e-01 -1.73478305e-01 -1.62800282e-01 -1.51514649e-01 -1.39859647e-01
 -1.28251642e-01 -1.16575278e-01 -1.04825370e-01 -9.29903835e-02 -8.10513645e-02
 -6.89805746e-02 -5.67397252e-02 -4.42772582e-02 -3.15244347e-02 -1.83892343e-02
 -4.74627223e-03  9.58285108e-03  2.48796754e-02  4.17278111e-02  6.27612919e-02
 -6.14364706e-02 -6.46377355e-02 -7.00958818e-02 -7.69612193e-02 -8.43404606e-02
 -9.19293240e-02 -9.96726081e-02 -1.07574716e-01 -1.15652248e-01 -1.23925157e-01
 -1.32417396e-01 -1.41019866e-01 -1.49805337e-01 -1.58752918e-01 -1.67781055e-01
 -1.76774979e-01 -1.85608178e-01 -1.94157615e-01 -2.02313662e-01 -2.09985450e-01
 -2.17103362e-01 -2.23619312e-01 -2.29505509e-01 -2.34752193e-01 -2.39364356e-01
 -2.43357703e-01 -2.46754184e-01 -2.49576703e-01 -2.51844406e-01 -2.53569752e-01
 -2.54757226e-01 -2.55402982e-01 -2.55495191e-01 -2.55015254e-01 -2.53939390e-01
 -2.52240866e-01 -2.49892101e-01 -2.46866792e-01 -2.43141606e-01 -2.38697618e-01
 -2.33521953e-01 -2.27607384e-01 -2.20949531e-01 -2.13543117e-01 -2.05378190e-01
 -1.96438596e-01 -1.86705709e-01 -1.76170960e-01 -1.64861694e-01 -1.52884573e-01
 -1.40487805e-01 -1.28132477e-01 -1.15731992e-01 -1.03264481e-01 -9.06990916e-02
 -7.79944584e-02 -6.50964156e-02 -5.19338250e-02 -3.84121090e-02 -2.44036876e-02
 -9.73407831e-03  5.83752524e-03  2.26424672e-02  4.11383957e-02  6.20837212e-02
 -5.92291839e-02 -6.16805702e-02 -6.97700828e-02 -7.80905336e-02 -8.58687758e-02
 -9.36785936e-02 -1.01645023e-01 -1.09807089e-01 -1.18183963e-01 -1.26790375e-01
 -1.35640949e-01 -1.44650787e-01 -1.53865799e-01 -1.63237989e-01 -1.72663629e-01
 -1.82012379e-01 -1.91148385e-01 -1.99944645e-01 -2.08291709e-01 -2.16102183e-01
 -2.23312661e-01 -2.29883656e-01 -2.35798240e-01 -2.41059348e-01 -2.45686024e-01
 -2.49708369e-01 -2.53159732e-01 -2.56070614e-01 -2.58464813e-01 -2.60357231e-01
 -2.61752784e-01 -2.62646109e-01 -2.63022065e-01 -2.62856841e-01 -2.62119889e-01
 -2.60776341e-01 -2.58789957e-01 -2.56125987e-01 -2.52753854e-01 -2.48648807e-01
 -2.43792668e-01 -2.38173708e-01 -2.31787384e-01 -2.24633932e-01 -2.16712207e-01
 -2.08013803e-01 -1.98519975e-01 -1.88205123e-01 -1.77051425e-01 -1.65080220e-01
 -1.52405679e-01 -1.39312074e-01 -1.26340494e-01 -1.13349780e-01 -1.00301959e-01
 -8.71492624e-02 -7.38350376e-02 -6.02894351e-02 -4.64231409e-02 -3.21189053e-02
 -1.72198620e-02 -1.51286065e-03  1.52917076e-02  3.35317850e-02  5.29194996e-02
 -6.44545853e-02 -6.81538656e-02 -7.36022592e-02 -8.03357065e-02 -8.77553076e-02
 -9.55645368e-02 -1.03665628e-01 -1.12032257e-01 -1.20660350e-01 -1.29551277e-01
 -1.38702348e-01 -1.48058623e-01 -1.57632977e-01 -1.67351246e-01 -1.77090630e-01
 -1.86708435e-01 -1.96062177e-01 -2.05022767e-01 -2.13482186e-01 -2.21357435e-01
 -2.28592157e-01 -2.35156506e-01 -2.41045550e-01 -2.46276453e-01 -2.50883490e-01
 -2.54908532e-01 -2.58392960e-01 -2.61372715e-01 -2.63875186e-01 -2.65917361e-01
 -2.67504811e-01 -2.68631250e-01 -2.69278914e-01 -2.69419491e-01 -2.69015849e-01
 -2.68024683e-01 -2.66399920e-01 -2.64096588e-01 -2.61074662e-01 -2.57302284e-01
 -2.52757251e-01 -2.47426480e-01 -2.41304338e-01 -2.34391093e-01 -2.26692304e-01
 -2.18210980e-01 -2.08939403e-01 -1.98855147e-01 -1.87925786e-01 -1.76128075e-01
 -1.63487881e-01 -1.50147378e-01 -1.36458635e-01 -1.23081684e-01 -1.09720387e-01
 -9.63166133e-02 -8.28253329e-02 -6.91989511e-02 -5.53809367e-02 -4.13023904e-02
 -2.68790293e-02 -1.20069664e-02  3.44736967e-03  1.96745526e-02  3.67732979e-02
 -6.39975071e-02 -6.73893094e-02 -7.38825053e-02 -8.14862326e-02 -8.92501473e-02
 -9.72576141e-02 -1.05543785e-01 -1.14119060e-01 -1.22992516e-01 -1.32179201e-01
 -1.41546413e-01 -1.51175976e-01 -1.61037192e-01 -1.71027616e-01 -1.81006417e-01
 -1.90820411e-01 -2.00322136e-01 -2.09381595e-01 -2.17893079e-01 -2.25778639e-01
 -2.32989654e-01 -2.39506647e-01 -2.45337680e-01 -2.50514835e-01 -2.55084485e-01
 -2.59096742e-01 -2.62598813e-01 -2.65630871e-01 -2.68223286e-01 -2.70395190e-01
 -2.72153169e-01 -2.73490965e-01 -2.74389356e-01 -2.74816751e-01 -2.74730623e-01
 -2.74079949e-01 -2.72808731e-01 -2.70860493e-01 -2.68183708e-01 -2.64736474e-01
 -2.60490030e-01 -2.55429626e-01 -2.49552190e-01 -2.42862061e-01 -2.35367313e-01
 -2.27079332e-01 -2.18004391e-01 -2.08133638e-01 -1.97439581e-01 -1.85884669e-01
 -1.73448130e-01 -1.60178080e-01 -1.46273986e-01 -1.32191554e-01 -1.18727155e-01
 -1.05233736e-01 -9.17336866e-02 -7.82238543e-02 -6.46923929e-02 -5.11281677e-02
 -3.75302993e-02 -2.39237826e-02 -1.03908703e-02  2.86389166e-03  1.54154422e-02
 -6.54119700e-02 -6.91599995e-02 -7.52861872e-02 -8.27032775e-02 -9.05648917e-02
 -9.87309143e-02 -1.07191294e-01 -1.15952618e-01 -1.25024930e-01 -1.34419918e-01
 -1.44024283e-01 -1.53902486e-01 -1.64004475e-01 -1.74211621e-01 -1.84371889e-01
 -1.94325522e-01 -2.03922391e-01 -2.13032961e-01 -2.21554562e-01 -2.29414865e-01
 -2.36573339e-01 -2.43021250e-01 -2.48779878e-01 -2.53893793e-01 -2.58417875e-01
 -2.62408197e-01 -2.65916258e-01 -2.68985480e-01 -2.71648943e-01 -2.73927778e-01
 -2.75830120e-01 -2.77350456e-01 -2.78469265e-01 -2.79153138e-01 -2.79355824e-01
 -2.79020131e-01 -2.78081208e-01 -2.76471466e-01 -2.74126709e-01 -2.70992756e-01
 -2.67031282e-01 -2.62222826e-01 -2.56565779e-01 -2.50071317e-01 -2.42755964e-01
 -2.34636664e-01 -2.25730434e-01 -2.16044575e-01 -2.05566436e-01 -1.94263667e-01
 -1.82101160e-01 -1.69081926e-01 -1.55320719e-01 -1.41154706e-01 -1.27277270e-01
 -1.13621593e-01 -1.00131981e-01 -8.67905244e-02 -7.35983476e-02 -6.05726652e-02
 -4.77511846e-02 -3.52013931e-02 -2.30332334e-02 -1.14104943e-02 -5.48670767e-04
 -6.57954514e-02 -6.95646480e-02 -7.59631172e-02 -8.36306140e-02 -9.16591287e-02
 -9.99741778e-02 -1.08584911e-01 -1.17503159e-01 -1.26740575e-01 -1.36308849e-01
 -1.46115810e-01 -1.56201646e-01 -1.66498259e-01 -1.76874250e-01 -1.87169477e-01
 -1.97219878e-01 -2.06874117e-01 -2.16003910e-01 -2.24510103e-01 -2.32326046e-01
 -2.39419281e-01 -2.45791435e-01 -2.51475751e-01 -2.56525755e-01 -2.61002392e-01
 -2.64965951e-01 -2.68471122e-01 -2.71563947e-01 -2.74279684e-01 -2.76641399e-01
 -2.78658897e-01 -2.80327857e-01 -2.81629235e-01 -2.82529205e-01 -2.82979339e-01
 -2.82918155e-01 -2.82273948e-01 -2.80969441e-01 -2.78928488e-01 -2.76084006e-01
 -2.72386074e-01 -2.67807603e-01 -2.62345582e-01 -2.56016552e-01 -2.48847649e-01
 -2.40866587e-01 -2.32097417e-01 -2.22560182e-01 -2.12258086e-01 -2.01170281e-01
 -1.89259514e-01 -1.76500693e-01 -1.62937567e-01 -1.48771852e-01 -1.34475023e-01
 -1.20871171e-01 -1.07471764e-01 -9.43123624e-02 -8.14193189e-02 -6.88243583e-02
 -5.65722436e-02 -4.47255261e-02 -3.33672427e-02 -2.25998964e-02 -1.25387097e-02
 -6.61763847e-02 -6.99696019e-02 -7.65706450e-02 -8.44142362e-02 -9.25610736e-02
 -1.00986794e-01 -1.09713189e-01 -1.18755050e-01 -1.28124654e-01 -1.37833685e-01
 -1.47803232e-01 -1.58053264e-01 -1.68500811e-01 -1.79004297e-01 -1.89397365e-01
 -1.99512973e-01 -2.09199339e-01 -2.18329713e-01 -2.26808384e-01 -2.34574109e-01
 -2.41601765e-01 -2.47902274e-01 -2.53518224e-01 -2.58509427e-01 -2.62941003e-01
 -2.66876251e-01 -2.70372212e-01 -2.73476869e-01 -2.76227176e-01 -2.78647900e-01
 -2.80750245e-01 -2.82531261e-01 -2.83972859e-01 -2.85041362e-01 -2.85687506e-01
 -2.85847247e-01 -2.85444051e-01 -2.84393281e-01 -2.82608777e-01 -2.80011833e-01
 -2.76540846e-01 -2.72159725e-01 -2.66861558e-01 -2.60665685e-01 -2.53608167e-01
 -2.45728821e-01 -2.37061292e-01 -2.27633253e-01 -2.17460871e-01 -2.06536010e-01
 -1.94827020e-01 -1.82299510e-01 -1.68964118e-01 -1.54958799e-01 -1.40667275e-01
 -1.26851156e-01 -1.13433979e-01 -1.00383051e-01 -8.76979083e-02 -7.53977001e-02
 -6.35161847e-02 -5.20994924e-02 -4.12041061e-02 -3.08937598e-02 -2.12345459e-02
 -6.71637058e-02 -7.11943731e-02 -7.75058717e-02 -8.51359889e-02 -9.32748392e-02
 -1.01754449e-01 -1.10557273e-01 -1.19688950e-01 -1.29158735e-01 -1.38976648e-01
 -1.49070337e-01 -1.59444332e-01 -1.70004219e-01 -1.80600703e-01 -1.91062853e-01
 -2.01221541e-01 -2.10924849e-01 -2.20047548e-01 -2.28496909e-01 -2.36216262e-01
 -2.43186638e-01 -2.49426529e-01 -2.54985064e-01 -2.59926260e-01 -2.64318138e-01
 -2.68226057e-01 -2.71708637e-01 -2.74815202e-01 -2.77583987e-01 -2.80040801e-01
 -2.82198131e-01 -2.84054011e-01 -2.85591274e-01 -2.86776721e-01 -2.87560850e-01
 -2.87878245e-01 -2.87649453e-01 -2.86784679e-01 -2.85190552e-01 -2.82779306e-01
 -2.79479742e-01 -2.75247484e-01 -2.70070970e-01 -2.63970166e-01 -2.56987274e-01
 -2.49171957e-01 -2.40567774e-01 -2.31207982e-01 -2.21116900e-01 -2.10295975e-01
 -1.98719263e-01 -1.86348185e-01 -1.73171744e-01 -1.59279123e-01 -1.44967631e-01
 -1.30866960e-01 -1.17571212e-01 -1.04652449e-01 -9.21292230e-02 -8.00257623e-02
 -6.83726519e-02 -5.72062321e-02 -4.65671606e-02 -3.64981815e-02 -2.70410497e-02
 -6.64673150e-02 -7.01915100e-02 -7.72888213e-02 -8.54384676e-02 -9.36966389e-02
 -1.02226555e-01 -1.11082040e-01 -1.20278060e-01 -1.29821956e-01 -1.39721006e-01
 -1.49904996e-01 -1.60367787e-01 -1.71007171e-01 -1.81668594e-01 -1.92178011e-01
 -2.02364996e-01 -2.12077618e-01 -2.21191868e-01 -2.29617327e-01 -2.37300754e-01
 -2.44227663e-01 -2.50421941e-01 -2.55936861e-01 -2.60839105e-01 -2.65198529e-01
 -2.69081742e-01 -2.72548348e-01 -2.75648415e-01 -2.78420866e-01 -2.80892223e-01
 -2.83075541e-01 -2.84969479e-01 -2.86557376e-01 -2.87806332e-01 -2.88666785e-01
 -2.89072603e-01 -2.88942546e-01 -2.88183987e-01 -2.86699206e-01 -2.84394801e-01
 -2.81193465e-01 -2.77045280e-01 -2.71935284e-01 -2.65883267e-01 -2.58934915e-01
 -2.51146019e-01 -2.42566943e-01 -2.33235106e-01 -2.23178789e-01 -2.12404653e-01
 -2.00890124e-01 -1.88594416e-01 -1.75494432e-01 -1.61652073e-01 -1.47317782e-01
 -1.33057624e-01 -1.19848236e-01 -1.07017629e-01 -9.45920572e-02 -8.25985819e-02
 -7.10665584e-02 -6.00276217e-02 -4.95147482e-02 -3.95607576e-02 -3.01962961e-02
 -6.82939589e-02 -7.25949705e-02 -7.85675943e-02 -8.58266130e-02 -9.38478336e-02
 -1.02353364e-01 -1.11245237e-01 -1.20495044e-01 -1.30097762e-01 -1.40056938e-01
 -1.50302634e-01 -1.60823822e-01 -1.71514541e-01 -1.82217553e-01 -1.92757279e-01
 -2.02962577e-01 -2.12681681e-01 -2.21791357e-01 -2.30202615e-01 -2.37864256e-01
 -2.44764403e-01 -2.50929952e-01 -2.56416380e-01 -2.61291713e-01 -2.65626729e-01
 -2.69488633e-01 -2.72937387e-01 -2.76023328e-01 -2.78785497e-01 -2.81250507e-01
 -2.83431500e-01 -2.85327137e-01 -2.86920607e-01 -2.88178980e-01 -2.89052308e-01
 -2.89473981e-01 -2.89362013e-01 -2.88622648e-01 -2.87156671e-01 -2.84868985e-01
 -2.81680405e-01 -2.77539611e-01 -2.72430897e-01 -2.66374379e-01 -2.59416968e-01
 -2.51616538e-01 -2.43025452e-01 -2.33682618e-01 -2.23617256e-01 -2.12837294e-01
 -2.01320827e-01 -1.89026609e-01 -1.75929263e-01 -1.62086532e-01 -1.47744119e-01
 -1.33468941e-01 -1.20260723e-01 -1.07446656e-01 -9.50443447e-02 -8.30784664e-02
 -7.15772510e-02 -6.05708435e-02 -5.00901043e-02 -4.01651226e-02 -3.08235232e-02
 -6.48569837e-02 -6.82806000e-02 -7.61542544e-02 -8.48264322e-02 -9.33259875e-02
 -1.02024816e-01 -1.11018308e-01 -1.20335355e-01 -1.29989311e-01 -1.39990360e-01
 -1.50270998e-01 -1.60821989e-01 -1.71537757e-01 -1.82261005e-01 -1.92816049e-01
 -2.03031734e-01 -2.12756425e-01 -2.21867174e-01 -2.30275452e-01 -2.37930611e-01
 -2.44821429e-01 -2.50975400e-01 -2.56448358e-01 -2.61308700e-01 -2.65627176e-01
 -2.69470930e-01 -2.72899806e-01 -2.75963843e-01 -2.78701663e-01 -2.81139433e-01
 -2.83289671e-01 -2.85150379e-01 -2.86704123e-01 -2.87917167e-01 -2.88739026e-01
 -2.89102674e-01 -2.88926125e-01 -2.88116246e-01 -2.86575168e-01 -2.84209996e-01
 -2.80944377e-01 -2.76730031e-01 -2.71553636e-01 -2.65436381e-01 -2.58424580e-01
 -2.50573754e-01 -2.41933376e-01 -2.32540444e-01 -2.22422644e-01 -2.11585298e-01
 -2.00004503e-01 -1.87639847e-01 -1.74471706e-01 -1.60570398e-01 -1.46199927e-01
 -1.31939277e-01 -1.18754119e-01 -1.05915882e-01 -9.34709683e-02 -8.14544559e-02
 -6.98990673e-02 -5.88380136e-02 -4.83052470e-02 -3.83342952e-02 -2.89564300e-02
 -6.61078691e-02 -7.01691061e-02 -7.65347630e-02 -8.43324587e-02 -9.27185714e-02
 -1.01451449e-01 -1.10493697e-01 -1.19849429e-01 -1.29529729e-01 -1.39546335e-01
 -1.49831131e-01 -1.60381064e-01 -1.71094179e-01 -1.81815311e-01 -1.92369848e-01
 -2.02587113e-01 -2.12315574e-01 -2.21432075e-01 -2.29847535e-01 -2.37510398e-01
 -2.44408101e-01 -2.50566393e-01 -2.56039798e-01 -2.60895789e-01 -2.65204400e-01
 -2.69032091e-01 -2.72437930e-01 -2.75471121e-01 -2.78169453e-01 -2.80557901e-01
 -2.82647878e-01 -2.84436077e-01 -2.85903752e-01 -2.87016034e-01 -2.87721664e-01
 -2.87953496e-01 -2.87630528e-01 -2.86662072e-01 -2.84954637e-01 -2.82421380e-01
 -2.78993189e-01 -2.74628580e-01 -2.69319177e-01 -2.63087302e-01 -2.55976140e-01
 -2.48034805e-01 -2.39305422e-01 -2.29820922e-01 -2.19604269e-01 -2.08654359e-01
 -1.96943760e-01 -1.84436858e-01 -1.71134472e-01 -1.57153428e-01 -1.42843962e-01
 -1.28928214e-01 -1.15496263e-01 -1.02490000e-01 -8.98993909e-02 -7.77378902e-02
 -6.60323724e-02 -5.48183732e-02 -4.41370159e-02 -3.40320058e-02 -2.45462619e-02
 -6.41044378e-02 -6.76906407e-02 -7.49044791e-02 -8.33407789e-02 -9.18915868e-02
 -1.00670002e-01 -1.09727599e-01 -1.19085766e-01 -1.28758460e-01 -1.38757795e-01
 -1.49011299e-01 -1.59525588e-01 -1.70205072e-01 -1.80898473e-01 -1.91433340e-01
 -2.01639965e-01 -2.11366862e-01 -2.20490202e-01 -2.28919506e-01 -2.36600935e-01
 -2.43518710e-01 -2.49694571e-01 -2.55179942e-01 -2.60040045e-01 -2.64343381e-01
 -2.68154949e-01 -2.71532506e-01 -2.74523944e-01 -2.77165502e-01 -2.79480606e-01
 -2.81478852e-01 -2.83155203e-01 -2.84489244e-01 -2.85444736e-01 -2.85969824e-01
 -2.85997957e-01 -2.85450548e-01 -2.84241676e-01 -2.82285243e-01 -2.79504001e-01
 -2.75839418e-01 -2.71259338e-01 -2.65760869e-01 -2.59366244e-01 -2.52112418e-01
 -2.44038433e-01 -2.35176861e-01 -2.25555360e-01 -2.15187460e-01 -2.04061642e-01
 -1.92145318e-01 -1.79410025e-01 -1.65884212e-01 -1.51739031e-01 -1.37400985e-01
 -1.23648740e-01 -1.10201292e-01 -9.70856994e-02 -8.43239650e-02 -7.19441324e-02
 -5.99841923e-02 -4.84930314e-02 -3.75296064e-02 -2.71601640e-02 -1.74533203e-02
 -6.43707290e-02 -6.82237521e-02 -7.46930167e-02 -8.26044455e-02 -9.10113901e-02
 -9.97354612e-02 -1.08756602e-01 -1.18078277e-01 -1.27708539e-01 -1.37656882e-01
 -1.47841677e-01 -1.58282846e-01 -1.68893874e-01 -1.79529354e-01 -1.90020204e-01
 -2.00198278e-01 -2.09912315e-01 -2.19037548e-01 -2.27481380e-01 -2.35186622e-01
 -2.42132753e-01 -2.48335332e-01 -2.53840506e-01 -2.58709997e-01 -2.63009518e-01
 -2.66802043e-01 -2.70143300e-01 -2.73079187e-01 -2.75643975e-01 -2.77859032e-01
 -2.79731810e-01 -2.81255215e-01 -2.82407075e-01 -2.83150107e-01 -2.83432513e-01
 -2.83189684e-01 -2.82347411e-01 -2.80827135e-01 -2.78552979e-01 -2.75459945e-01
 -2.71501750e-01 -2.66655892e-01 -2.60923475e-01 -2.54323870e-01 -2.46884853e-01
 -2.38633662e-01 -2.29595080e-01 -2.19788089e-01 -2.09212542e-01 -1.97845295e-01
 -1.85652882e-01 -1.72627687e-01 -1.58855543e-01 -1.44620374e-01 -1.30536154e-01
 -1.16739608e-01 -1.03201464e-01 -8.99199396e-02 -7.69092888e-02 -6.41982108e-02
 -5.18319532e-02 -3.98752540e-02 -2.84143984e-02 -1.75559968e-02 -7.41988141e-03
 -6.32117689e-02 -6.68580234e-02 -7.35095888e-02 -8.15516561e-02 -8.99455473e-02
 -9.86218899e-02 -1.07587479e-01 -1.16847612e-01 -1.26407772e-01 -1.36275142e-01
 -1.46354392e-01 -1.56682998e-01 -1.67186797e-01 -1.77728564e-01 -1.88144177e-01
 -1.98268056e-01 -2.07949594e-01 -2.17063159e-01 -2.25513726e-01 -2.33239993e-01
 -2.40215525e-01 -2.46448055e-01 -2.51975983e-01 -2.56855696e-01 -2.61149049e-01
 -2.64915884e-01 -2.68209249e-01 -2.71072596e-01 -2.73537666e-01 -2.75623381e-01
 -2.77334958e-01 -2.78663248e-01 -2.79584765e-01 -2.80061990e-01 -2.80044496e-01
 -2.79471487e-01 -2.78275490e-01 -2.76387662e-01 -2.73744404e-01 -2.70294070e-01
 -2.66002268e-01 -2.60853916e-01 -2.54851222e-01 -2.48007521e-01 -2.40340188e-01
 -2.31867507e-01 -2.22607240e-01 -2.12564349e-01 -2.01723367e-01 -1.90052882e-01
 -1.77528188e-01 -1.64178684e-01 -1.50165811e-01 -1.35887787e-01 -1.22080207e-01
 -1.08363166e-01 -9.47602540e-02 -8.12827498e-02 -6.79430068e-02 -5.47632650e-02
 -4.17845547e-02 -2.90779248e-02 -1.67581867e-02 -4.99594258e-03  5.98457316e-03
 -6.23447336e-02 -6.58803955e-02 -7.24499300e-02 -8.04060772e-02 -8.87209401e-02
 -9.73322168e-02 -1.06233761e-01 -1.15419544e-01 -1.24889567e-01 -1.34649903e-01
 -1.44587755e-01 -1.54762566e-01 -1.65115789e-01 -1.75521150e-01 -1.85821652e-01
 -1.95855707e-01 -2.05474347e-01 -2.14551479e-01 -2.22989738e-01 -2.30723470e-01
 -2.37719640e-01 -2.43977100e-01 -2.49524027e-01 -2.54409224e-01 -2.58689106e-01
 -2.62419343e-01 -2.65649498e-01 -2.68419862e-01 -2.70759463e-01 -2.72684604e-01
 -2.74198323e-01 -2.75290012e-01 -2.75935680e-01 -2.76098847e-01 -2.75732428e-01
 -2.74781466e-01 -2.73187250e-01 -2.70892411e-01 -2.67846227e-01 -2.64009386e-01
 -2.59356886e-01 -2.53877640e-01 -2.47571588e-01 -2.40444899e-01 -2.32507944e-01
 -2.23773837e-01 -2.14247763e-01 -2.03919038e-01 -1.92762002e-01 -1.80751756e-01
 -1.67900771e-01 -1.54322341e-01 -1.40321001e-01 -1.26487315e-01 -1.12737052e-01
 -9.90290865e-02 -8.53363574e-02 -7.16364235e-02 -5.79097010e-02 -4.41420637e-02
 -3.03319320e-02 -1.65053662e-02 -2.74823373e-03  1.07264379e-02  2.34765224e-02
 -6.19974658e-02 -6.56613931e-02 -7.15672895e-02 -7.90442973e-02 -8.72660428e-02
 -9.58655179e-02 -1.04734302e-01 -1.13847591e-01 -1.23207495e-01 -1.32828847e-01
 -1.42590478e-01 -1.52568832e-01 -1.62722901e-01 -1.72940686e-01 -1.83075324e-01
 -1.92971513e-01 -2.02483401e-01 -2.11485431e-01 -2.19878346e-01 -2.27592275e-01
 -2.34587446e-01 -2.40853429e-01 -2.46406674e-01 -2.51285464e-01 -2.55538732e-01
 -2.59216607e-01 -2.62364209e-01 -2.65018195e-01 -2.67204493e-01 -2.68937051e-01
 -2.70217150e-01 -2.71033555e-01 -2.71363080e-01 -2.71172017e-01 -2.70418316e-01
 -2.69054741e-01 -2.67032683e-01 -2.64306366e-01 -2.60836810e-01 -2.56594419e-01
 -2.51560003e-01 -2.45723322e-01 -2.39081115e-01 -2.31636599e-01 -2.23396912e-01
 -2.14364022e-01 -2.04527810e-01 -1.93865776e-01 -1.82354748e-01 -1.70000702e-01
 -1.56893760e-01 -1.43292904e-01 -1.29734561e-01 -1.16211466e-01 -1.02674052e-01
 -8.90797898e-02 -7.53856003e-02 -6.15426078e-02 -4.74924222e-02 -3.31640393e-02
 -1.84706859e-02 -3.30536254e-03  1.24697331e-02  2.90516317e-02  4.65419963e-02
 -5.45530543e-02 -5.63450381e-02 -6.67592585e-02 -7.66956285e-02 -8.55829343e-02
 -9.43677723e-02 -1.03239432e-01 -1.12257980e-01 -1.21451572e-01 -1.30837366e-01
 -1.40423104e-01 -1.50167361e-01 -1.60066888e-01 -1.70034155e-01 -1.79938108e-01
 -1.89633131e-01 -1.98978528e-01 -2.07850397e-01 -2.16148391e-01 -2.23798767e-01
 -2.30755359e-01 -2.36998618e-01 -2.42533237e-01 -2.47384295e-01 -2.51590580e-01
 -2.55194753e-01 -2.58236408e-01 -2.60747999e-01 -2.62752235e-01 -2.64260918e-01
 -2.65274316e-01 -2.65781701e-01 -2.65762061e-01 -2.65185982e-01 -2.64017940e-01
 -2.62219280e-01 -2.59751409e-01 -2.56578952e-01 -2.52672106e-01 -2.48008013e-01
 -2.42570743e-01 -2.36351177e-01 -2.29347825e-01 -2.21562251e-01 -2.12992206e-01
 -2.03626052e-01 -1.93442374e-01 -1.82418644e-01 -1.70554757e-01 -1.57916427e-01
 -1.44701377e-01 -1.31317541e-01 -1.18443690e-01 -1.05412617e-01 -9.22423154e-02
 -7.89158046e-02 -6.53923750e-02 -5.16097434e-02 -3.74811850e-02 -2.28887089e-02
 -7.67195597e-03  8.38852581e-03  2.55918987e-02  4.42876369e-02  6.41750619e-02
 -5.93045130e-02 -6.24967813e-02 -6.84794933e-02 -7.62625858e-02 -8.46882090e-02
 -9.33097079e-02 -1.02037370e-01 -1.10874295e-01 -1.19841754e-01 -1.28962934e-01
 -1.38260558e-01 -1.47677317e-01 -1.57234550e-01 -1.66865528e-01 -1.76454917e-01
 -1.85867712e-01 -1.94969341e-01 -2.03638390e-01 -2.11773902e-01 -2.19298840e-01
 -2.26161048e-01 -2.32332438e-01 -2.37806663e-01 -2.42595643e-01 -2.46724874e-01
 -2.50227123e-01 -2.53134936e-01 -2.55475640e-01 -2.57268697e-01 -2.58523941e-01
 -2.59241492e-01 -2.59412020e-01 -2.59017855e-01 -2.58034855e-01 -2.56434500e-01
 -2.54186511e-01 -2.51261085e-01 -2.47631297e-01 -2.43274361e-01 -2.38172933e-01
 -2.32316747e-01 -2.25701407e-01 -2.18324363e-01 -2.10180119e-01 -2.01256588e-01
 -1.91535309e-01 -1.80999145e-01 -1.69652089e-01 -1.57556608e-01 -1.44893527e-01
 -1.32044777e-01 -1.19641274e-01 -1.07152417e-01 -9.45473760e-02 -8.18012282e-02
 -6.88810423e-02 -5.57393245e-02 -4.23088223e-02 -2.84960251e-02 -1.41716804e-02
  8.43193964e-04  1.67969950e-02  3.40322331e-02  5.30222431e-02  7.45522678e-02
 -5.56768924e-02 -5.73280714e-02 -6.61712140e-02 -7.56442472e-02 -8.42890441e-02
 -9.27856416e-02 -1.01285227e-01 -1.09842688e-01 -1.18492432e-01 -1.27263427e-01
 -1.36182517e-01 -1.45178303e-01 -1.54297724e-01 -1.63495734e-01 -1.72673956e-01
 -1.81709379e-01 -1.90474778e-01 -1.98852122e-01 -2.06740513e-01 -2.14060128e-01
 -2.20753431e-01 -2.26784483e-01 -2.32136920e-01 -2.36810863e-01 -2.40818784e-01
 -2.44180918e-01 -2.46920422e-01 -2.49058366e-01 -2.50610203e-01 -2.51584053e-01
 -2.51980126e-01 -2.51791090e-01 -2.51003116e-01 -2.49597505e-01 -2.47552469e-01
 -2.44845107e-01 -2.41453275e-01 -2.37357661e-01 -2.32543781e-01 -2.27001965e-01
 -2.20725998e-01 -2.13710651e-01 -2.05948845e-01 -1.97429910e-01 -1.88141420e-01
 -1.78077072e-01 -1.67253911e-01 -1.55741900e-01 -1.43706322e-01 -1.31456047e-01
 -1.19634718e-01 -1.07726514e-01 -9.57318544e-02 -8.36391151e-02 -7.14295581e-02
 -5.90764172e-02 -4.65423614e-02 -3.37761156e-02 -2.07079854e-02 -7.24342884e-03
  6.74744882e-03  2.14501694e-02  3.71574387e-02  5.44742271e-02  7.61315450e-02
 -6.07713610e-02 -6.36591017e-02 -6.94258139e-02 -7.69199729e-02 -8.49124268e-02
 -9.29984972e-02 -1.01111814e-01 -1.09265342e-01 -1.17487118e-01 -1.25806466e-01
 -1.34251729e-01 -1.42732307e-01 -1.51317284e-01 -1.59982324e-01 -1.68646768e-01
 -1.77201077e-01 -1.85526907e-01 -1.93510920e-01 -2.01053277e-01 -2.08072096e-01
 -2.14505136e-01 -2.20309481e-01 -2.25459740e-01 -2.29945481e-01 -2.33767748e-01
 -2.36935332e-01 -2.39460841e-01 -2.41357118e-01 -2.42634386e-01 -2.43298247e-01
 -2.43348837e-01 -2.42780730e-01 -2.41583809e-01 -2.39744574e-01 -2.37247750e-01
 -2.34078139e-01 -2.30222002e-01 -2.25668013e-01 -2.20407382e-01 -2.14433089e-01
 -2.07738504e-01 -2.00316161e-01 -1.92158207e-01 -1.83260188e-01 -1.73630863e-01
 -1.63310751e-01 -1.52402148e-01 -1.41109511e-01 -1.29784912e-01 -1.18396439e-01
 -1.07012734e-01 -9.55995619e-02 -8.41408297e-02 -7.26262107e-02 -6.10458367e-02
 -4.93875369e-02 -3.76351438e-02 -2.57676411e-02 -1.37591893e-02 -1.58076722e-03
  1.07949227e-02  2.33803038e-02  3.61336321e-02  4.88147140e-02  6.06917255e-02
 -6.08515218e-02 -6.27626032e-02 -7.00338706e-02 -7.84436762e-02 -8.62949193e-02
 -9.39560756e-02 -1.01567976e-01 -1.09193176e-01 -1.16870269e-01 -1.24629937e-01
 -1.32502109e-01 -1.40381843e-01 -1.48344576e-01 -1.56382203e-01 -1.64431766e-01
 -1.72398910e-01 -1.80176407e-01 -1.87657535e-01 -1.94745034e-01 -2.01356202e-01
 -2.07425088e-01 -2.12902710e-01 -2.17755765e-01 -2.21964523e-01 -2.25519955e-01
 -2.28420705e-01 -2.30670050e-01 -2.32272983e-01 -2.33233988e-01 -2.33555377e-01
 -2.33236462e-01 -2.32273400e-01 -2.30659664e-01 -2.28386953e-01 -2.25446194e-01
 -2.21828431e-01 -2.17525482e-01 -2.12529942e-01 -2.06834942e-01 -2.00433731e-01
 -1.93319887e-01 -1.85489237e-01 -1.76945344e-01 -1.67710319e-01 -1.57843575e-01
 -1.47469193e-01 -1.36818215e-01 -1.26261860e-01 -1.15582816e-01 -1.04817301e-01
 -9.39974263e-02 -8.31399411e-02 -7.22566396e-02 -6.13574497e-02 -5.04513979e-02
 -3.95468958e-02 -2.86523160e-02 -1.77773871e-02 -6.93609752e-03  3.84777435e-03
  1.45306922e-02  2.50321124e-02  3.52079235e-02  4.48279008e-02  5.36273643e-02
 -6.72531873e-02 -6.99812397e-02 -7.53306001e-02 -8.19926858e-02 -8.88608098e-02
 -9.57503021e-02 -1.02666162e-01 -1.09625772e-01 -1.16643675e-01 -1.23731889e-01
 -1.30899459e-01 -1.38148814e-01 -1.45428628e-01 -1.52759060e-01 -1.60100669e-01
 -1.67378202e-01 -1.74498647e-01 -1.81364641e-01 -1.87883765e-01 -1.93974227e-01
 -1.99567884e-01 -2.04611018e-01 -2.09063724e-01 -2.12898344e-01 -2.16097280e-01
 -2.18650579e-01 -2.20553502e-01 -2.21804276e-01 -2.22402304e-01 -2.22346872e-01
 -2.21636266e-01 -2.20267564e-01 -2.18236685e-01 -2.15538695e-01 -2.12168127e-01
 -2.08119333e-01 -2.03386500e-01 -1.97963968e-01 -1.91846654e-01 -1.85031563e-01
 -1.77521139e-01 -1.69329643e-01 -1.60494745e-01 -1.51094198e-01 -1.41273499e-01
 -1.31247580e-01 -1.21398680e-01 -1.11370511e-01 -1.01209819e-01 -9.09560025e-02
 -8.06439817e-02 -7.03045055e-02 -5.99658750e-02 -4.96552959e-02 -3.93997356e-02
 -2.92266179e-02 -1.91647038e-02 -9.24555305e-03  4.94101667e-04  1.00087095e-02
  1.92389451e-02  2.81061959e-02  3.65089551e-02  4.43255603e-02  5.14256172e-02
 -7.35437572e-02 -7.66158178e-02 -8.09941217e-02 -8.63145217e-02 -9.20998454e-02
 -9.81130749e-02 -1.04256593e-01 -1.10489912e-01 -1.16797075e-01 -1.23173393e-01
 -1.29619896e-01 -1.36141196e-01 -1.42657414e-01 -1.49199784e-01 -1.55745775e-01
 -1.62237599e-01 -1.68597370e-01 -1.74739033e-01 -1.80577278e-01 -1.86033502e-01
 -1.91039324e-01 -1.95538148e-01 -1.99485168e-01 -2.02846497e-01 -2.05597609e-01
 -2.07721516e-01 -2.09206909e-01 -2.10046381e-01 -2.10234970e-01 -2.09769011e-01
 -2.08645329e-01 -2.06860825e-01 -2.04412118e-01 -2.01295540e-01 -1.97507158e-01
 -1.93042919e-01 -1.87899262e-01 -1.82074547e-01 -1.75571948e-01 -1.68404549e-01
 -1.60602629e-01 -1.52224272e-01 -1.43375516e-01 -1.34208471e-01 -1.25068307e-01
 -1.15689613e-01 -1.06162339e-01 -9.64955240e-02 -8.67140815e-02 -7.68503994e-02
 -6.69407398e-02 -5.70235811e-02 -4.71390449e-02 -3.73286232e-02 -2.76349951e-02
 -1.81017946e-02 -8.77350941e-03  3.04399233e-04  9.08495020e-03  1.75186675e-02
  2.55523492e-02  3.31281461e-02  4.01837789e-02  4.66547497e-02  5.24788685e-02
 -7.70566016e-02 -7.95927271e-02 -8.45399052e-02 -8.99629220e-02 -9.52792168e-02
 -1.00668751e-01 -1.06140733e-01 -1.11681446e-01 -1.17279500e-01 -1.22929126e-01
 -1.28629163e-01 -1.34381726e-01 -1.40086010e-01 -1.45783052e-01 -1.51465476e-01
 -1.57092392e-01 -1.62601888e-01 -1.67921126e-01 -1.72974408e-01 -1.77688956e-01
 -1.81998804e-01 -1.85846820e-01 -1.89185545e-01 -1.91976860e-01 -1.94191128e-01
 -1.95805967e-01 -1.96804807e-01 -1.97175547e-01 -1.96909353e-01 -1.95999652e-01
 -1.94441333e-01 -1.92230314e-01 -1.89363167e-01 -1.85837194e-01 -1.81650698e-01
 -1.76803678e-01 -1.71299666e-01 -1.65149480e-01 -1.58377260e-01 -1.51033998e-01
 -1.43206820e-01 -1.35010749e-01 -1.26718417e-01 -1.18114218e-01 -1.09277166e-01
 -1.00223958e-01 -9.09856781e-02 -8.15919787e-02 -7.20762014e-02 -6.24766760e-02
 -5.28368540e-02 -4.32051234e-02 -3.36343423e-02 -2.41811574e-02 -1.49048800e-02
 -5.86600276e-03  2.87555926e-03  1.12622827e-02  1.92406271e-02  2.67621838e-02
  3.37843150e-02  4.02703732e-02  4.61897776e-02  5.15182838e-02  5.62387146e-02
 -8.25089291e-02 -8.55033919e-02 -8.93900469e-02 -9.38864276e-02 -9.86262262e-02
 -1.03449315e-01 -1.08308434e-01 -1.13189511e-01 -1.18088402e-01 -1.23005129e-01
 -1.27942070e-01 -1.32902965e-01 -1.37769341e-01 -1.42588183e-01 -1.47363946e-01
 -1.52070880e-01 -1.56662881e-01 -1.61081523e-01 -1.65262833e-01 -1.69142619e-01
 -1.72660142e-01 -1.75760657e-01 -1.78396657e-01 -1.80528224e-01 -1.82122797e-01
 -1.83154374e-01 -1.83602616e-01 -1.83451861e-01 -1.82690173e-01 -1.81308642e-01
 -1.79300800e-01 -1.76662371e-01 -1.73391551e-01 -1.69490144e-01 -1.64964706e-01
 -1.59827903e-01 -1.54100671e-01 -1.47819996e-01 -1.41031072e-01 -1.33850068e-01
 -1.26513898e-01 -1.18794307e-01 -1.10762320e-01 -1.02434151e-01 -9.38367471e-02
 -8.49957615e-02 -7.59397447e-02 -6.67007565e-02 -5.73160015e-02 -4.78292368e-02
 -3.82919200e-02 -2.87638418e-02 -1.93132181e-02 -1.00158537e-02 -9.53191426e-04
  7.79089844e-03  1.61343962e-02  2.40019616e-02  3.13295461e-02  3.80680040e-02
  4.41851653e-02  4.96660545e-02  5.45114502e-02  5.87351844e-02  6.23608679e-02
 -8.57149810e-02 -8.78709108e-02 -9.29335952e-02 -9.78108943e-02 -1.02266818e-01
 -1.06600046e-01 -1.10866755e-01 -1.15087628e-01 -1.19275503e-01 -1.23440571e-01
 -1.27591923e-01 -1.31739512e-01 -1.35759935e-01 -1.39691904e-01 -1.43545285e-01
 -1.47306204e-01 -1.50942892e-01 -1.54411361e-01 -1.57660648e-01 -1.60637125e-01
 -1.63287982e-01 -1.65563732e-01 -1.67419806e-01 -1.68817371e-01 -1.69723570e-01
 -1.70111284e-01 -1.69958591e-01 -1.69248238e-01 -1.67967126e-01 -1.66106254e-01
 -1.63660526e-01 -1.60628617e-01 -1.57013893e-01 -1.52830467e-01 -1.48106620e-01
 -1.42884985e-01 -1.37210310e-01 -1.31213754e-01 -1.24785691e-01 -1.17969297e-01
 -1.10808827e-01 -1.03302814e-01 -9.54650268e-02 -8.73102471e-02 -7.88559020e-02
 -7.01219738e-02 -6.11321442e-02 -5.19152917e-02 -4.25073728e-02 -3.29536758e-02
 -2.33111605e-02 -1.36506846e-02 -4.05857340e-03  5.36323711e-03  1.44994780e-02
  2.32270751e-02  3.14239636e-02  3.89799848e-02  4.58075777e-02  5.18500172e-02
  5.70856445e-02  6.15276098e-02  6.52191564e-02  6.82252720e-02  7.06224889e-02
 -9.24773887e-02 -9.54140127e-02 -9.89450663e-02 -1.02800258e-01 -1.06648952e-01
 -1.10375851e-01 -1.13979481e-01 -1.17484234e-01 -1.20913662e-01 -1.24284543e-01
 -1.27606079e-01 -1.30879253e-01 -1.34093583e-01 -1.37160212e-01 -1.40103355e-01
 -1.42922401e-01 -1.45599172e-01 -1.48103282e-01 -1.50396615e-01 -1.52437091e-01
 -1.54181570e-01 -1.55588254e-01 -1.56618387e-01 -1.57237381e-01 -1.57415509e-01
 -1.57128096e-01 -1.56355247e-01 -1.55081481e-01 -1.53295547e-01 -1.50993243e-01
 -1.48177803e-01 -1.44857049e-01 -1.41032159e-01 -1.36734754e-01 -1.32036641e-01
 -1.27077490e-01 -1.21654458e-01 -1.15817167e-01 -1.09579548e-01 -1.02957830e-01
 -9.59666967e-02 -8.86146352e-02 -8.09091479e-02 -7.28577152e-02 -6.44687563e-02
 -5.57526872e-02 -4.67232652e-02 -3.73995714e-02 -2.78086290e-02 -1.79889221e-02
 -7.99488369e-03  2.09767325e-03  1.21856583e-02  2.21337248e-02  3.17731015e-02
  4.09084707e-02  4.93360870e-02  5.68704903e-02  6.33708239e-02  6.87585995e-02
  7.30252638e-02  7.62310401e-02  7.84945861e-02  7.99725205e-02  8.08318257e-02
 -9.78840962e-02 -1.00297675e-01 -1.04593940e-01 -1.08611733e-01 -1.11948915e-01
 -1.14957616e-01 -1.17769577e-01 -1.20455116e-01 -1.23054154e-01 -1.25588313e-01
 -1.28067508e-01 -1.30493820e-01 -1.32864341e-01 -1.35064885e-01 -1.37114942e-01
 -1.39016792e-01 -1.40759379e-01 -1.42321840e-01 -1.43676728e-01 -1.44792676e-01
 -1.45636722e-01 -1.46176219e-01 -1.46380454e-01 -1.46222115e-01 -1.45678535e-01
 -1.44732431e-01 -1.43371999e-01 -1.41588822e-01 -1.39369860e-01 -1.36722445e-01
 -1.33677319e-01 -1.30303264e-01 -1.26482710e-01 -1.22246571e-01 -1.17623910e-01
 -1.12636521e-01 -1.07270576e-01 -1.01526596e-01 -9.54068005e-02 -8.89137983e-02
 -8.20491984e-02 -7.48126358e-02 -6.72020763e-02 -5.92142455e-02 -5.08451685e-02
 -4.20909673e-02 -3.29490006e-02 -2.34196708e-02 -1.35091953e-02 -3.23388889e-03
  7.37335114e-03  1.82533357e-02  2.93064229e-02  4.03730571e-02  5.12115061e-02
  6.14868551e-02  7.08034560e-02  7.87950754e-02  8.52080435e-02  8.99214596e-02
  9.29468051e-02  9.44266319e-02  9.46315974e-02  9.39257294e-02  9.26693752e-02
 -1.07881978e-01 -1.11126557e-01 -1.14003539e-01 -1.16463564e-01 -1.18561164e-01
 -1.20446727e-01 -1.22226298e-01 -1.23950586e-01 -1.25639170e-01 -1.27296478e-01
 -1.28919616e-01 -1.30502373e-01 -1.32037237e-01 -1.33396149e-01 -1.34591937e-01
 -1.35625616e-01 -1.36488989e-01 -1.37167171e-01 -1.37640744e-01 -1.37887746e-01
 -1.37885317e-01 -1.37610391e-01 -1.37040943e-01 -1.36158466e-01 -1.34950012e-01
 -1.33411199e-01 -1.31551251e-01 -1.29403204e-01 -1.26871750e-01 -1.23973221e-01
 -1.20721430e-01 -1.17126346e-01 -1.13179632e-01 -1.08883254e-01 -1.04242258e-01
 -9.92597640e-02 -9.39334705e-02 -8.82598087e-02 -8.22340921e-02 -7.58501738e-02
 -6.91000223e-02 -6.19731992e-02 -5.44566400e-02 -4.65344153e-02 -3.81875895e-02
 -2.93941889e-02 -2.01293025e-02 -1.03656063e-02 -7.46161531e-05  1.07706916e-02
  2.21908186e-02  3.41903903e-02  4.67410050e-02  5.97485378e-02  7.29827359e-02
  8.59139711e-02  9.75159407e-02  1.06778316e-01  1.13468610e-01  1.17387138e-01
  1.18599966e-01  1.17327243e-01  1.13956422e-01  1.09635010e-01  1.05281413e-01
 -1.20547339e-01 -1.24812841e-01 -1.25951335e-01 -1.25873223e-01 -1.25997305e-01
 -1.26408622e-01 -1.27005085e-01 -1.27711043e-01 -1.28476322e-01 -1.29265055e-01
 -1.30049929e-01 -1.30810127e-01 -1.31532192e-01 -1.32088259e-01 -1.32483900e-01
 -1.32715672e-01 -1.32774681e-01 -1.32648796e-01 -1.32324278e-01 -1.31787613e-01
 -1.31027803e-01 -1.30031735e-01 -1.28782481e-01 -1.27267420e-01 -1.25478119e-01
 -1.23410158e-01 -1.21062323e-01 -1.18433297e-01 -1.15511231e-01 -1.12293959e-01
 -1.08782932e-01 -1.04979657e-01 -1.00883462e-01 -9.64934826e-02 -9.18082222e-02
 -8.68244544e-02 -8.15363973e-02 -7.59358704e-02 -7.00122193e-02 -6.37521893e-02
 -5.71395755e-02 -5.01547866e-02 -4.27743159e-02 -3.49700302e-02 -2.67082527e-02
 -1.79485809e-02 -8.64235591e-03  1.26921607e-03  1.18572908e-02  2.32077520e-02
  3.54232639e-02  4.86240759e-02  6.29466102e-02  7.85411298e-02  9.55970734e-02
  1.14682935e-01  1.36821762e-01  1.42514974e-01  1.52684525e-01  1.54243544e-01
  1.51926547e-01  1.50732309e-01  1.35204151e-01  1.24473043e-01  1.16287790e-01
 -1.31217450e-01 -1.36608288e-01 -1.35733649e-01 -1.33631885e-01 -1.32467851e-01
 -1.31827354e-01 -1.31494224e-01 -1.31349057e-01 -1.31312013e-01 -1.31324202e-01
 -1.31339550e-01 -1.31319448e-01 -1.31227881e-01 -1.31023988e-01 -1.30683139e-01
 -1.30187839e-01 -1.29523903e-01 -1.28678769e-01 -1.27641022e-01 -1.26400411e-01
 -1.24947868e-01 -1.23275109e-01 -1.21374615e-01 -1.19240776e-01 -1.16870210e-01
 -1.14261664e-01 -1.11415394e-01 -1.08332150e-01 -1.05012096e-01 -1.01456419e-01
 -9.76667628e-02 -9.36442688e-02 -8.93886164e-02 -8.48977342e-02 -8.01673755e-02
 -7.51906559e-02 -6.99577630e-02 -6.44557700e-02 -5.86685650e-02 -5.25767133e-02
 -4.61571924e-02 -3.93829755e-02 -3.22223641e-02 -2.46379841e-02 -1.65853221e-02
 -8.01060256e-03  1.15221809e-03  1.09857637e-02  2.15953961e-02  3.31180133e-02
  4.57343534e-02  5.96852414e-02  7.52901509e-02  9.29679126e-02  1.13307141e-01
  1.36711806e-01  1.52535781e-01  1.63364053e-01  1.71781927e-01  1.70647457e-01
  1.69972301e-01  1.57869697e-01  1.43517748e-01  1.31480515e-01  1.21859096e-01
 -1.33875564e-01 -1.38468936e-01 -1.39474094e-01 -1.38533741e-01 -1.37291491e-01
 -1.36216894e-01 -1.35346875e-01 -1.34627134e-01 -1.33993372e-01 -1.33388668e-01
 -1.32765770e-01 -1.32085770e-01 -1.31315932e-01 -1.30428329e-01 -1.29400939e-01
 -1.28216580e-01 -1.26861528e-01 -1.25324696e-01 -1.23597011e-01 -1.21671297e-01
 -1.19542152e-01 -1.17205910e-01 -1.14660762e-01 -1.11906894e-01 -1.08946554e-01
 -1.05783843e-01 -1.02424324e-01 -9.88744199e-02 -9.51407850e-02 -9.12298784e-02
 -8.71472135e-02 -8.28965828e-02 -7.84792230e-02 -7.38931745e-02 -6.91328272e-02
 -6.41886443e-02 -5.90470582e-02 -5.36905490e-02 -4.80978005e-02 -4.22438420e-02
 -3.61000784e-02 -2.96341218e-02 -2.28092819e-02 -1.55836930e-02 -7.90884346e-03
  2.72609497e-04  9.03010368e-03  1.84500273e-02  2.86430996e-02  3.97560112e-02
  5.19906767e-02  6.56379610e-02  8.11394230e-02  9.91852880e-02  1.20462269e-01
  1.40414879e-01  1.53256893e-01  1.64485291e-01  1.68471962e-01  1.69316366e-01
  1.64272979e-01  1.51944682e-01  1.39683977e-01  1.29365355e-01  1.20765828e-01
 -1.41739607e-01 -1.48049176e-01 -1.45809948e-01 -1.42812073e-01 -1.41056538e-01
 -1.39729157e-01 -1.38598323e-01 -1.37557194e-01 -1.36535123e-01 -1.35479689e-01
 -1.34351194e-01 -1.33119419e-01 -1.31760940e-01 -1.30257145e-01 -1.28593102e-01
 -1.26756787e-01 -1.24738403e-01 -1.22530192e-01 -1.20126322e-01 -1.17522992e-01
 -1.14718623e-01 -1.11713983e-01 -1.08512402e-01 -1.05119832e-01 -1.01544872e-01
 -9.77985263e-02 -9.38937813e-02 -8.98449868e-02 -8.56669322e-02 -8.13738108e-02
 -7.69779682e-02 -7.24886358e-02 -6.79107010e-02 -6.32438064e-02 -5.84817640e-02
 -5.36124185e-02 -4.86179031e-02 -4.34752516e-02 -3.81571427e-02 -3.26327011e-02
 -2.68681496e-02 -2.08271723e-02 -1.44709619e-02 -7.75783556e-03 -6.42421306e-04
  6.92566158e-03  1.50036914e-02  2.36584507e-02  3.29697765e-02  4.30354662e-02
  5.39782345e-02  6.59560412e-02  7.91775286e-02  9.39118862e-02  1.10190421e-01
  1.24361753e-01  1.34145334e-01  1.42815858e-01  1.45845503e-01  1.47199318e-01
  1.43452421e-01  1.35587841e-01  1.27921134e-01  1.20901585e-01  1.14569321e-01
 -1.38585582e-01 -1.43495396e-01 -1.45057485e-01 -1.44595131e-01 -1.43588319e-01
 -1.42532930e-01 -1.41471624e-01 -1.40352026e-01 -1.39122799e-01 -1.37749776e-01
 -1.36213139e-01 -1.34501964e-01 -1.32609710e-01 -1.30531460e-01 -1.28262475e-01
 -1.25797883e-01 -1.23132847e-01 -1.20263152e-01 -1.17185906e-01 -1.13900185e-01
 -1.10407680e-01 -1.06713146e-01 -1.02824792e-01 -9.87545103e-02 -9.45180431e-02
 -9.01348218e-02 -8.56276751e-02 -8.10220018e-02 -7.63445497e-02 -7.16216490e-02
 -6.68770447e-02 -6.21295944e-02 -5.73910363e-02 -5.26643582e-02 -4.79429327e-02
 -4.32105996e-02 -3.84426527e-02 -3.36074978e-02 -2.86686812e-02 -2.35868711e-02
 -1.83215719e-02 -1.28323240e-02 -7.07942108e-03 -1.02414889e-03  5.37128374e-03
  1.21439528e-02  1.93303172e-02  2.69658435e-02  3.50835025e-02  4.37098518e-02
  5.28558865e-02  6.24963529e-02  7.25233629e-02  8.26517567e-02  9.23700482e-02
  1.01256311e-01  1.08709581e-01  1.14337236e-01  1.17903605e-01  1.19400196e-01
  1.18978471e-01  1.16829112e-01  1.13511592e-01  1.09678142e-01  1.05717897e-01
 -1.45097151e-01 -1.52206898e-01 -1.48968577e-01 -1.46573961e-01 -1.45780951e-01
 -1.45204499e-01 -1.44473195e-01 -1.43457562e-01 -1.42125130e-01 -1.40485063e-01
 -1.38561070e-01 -1.36378080e-01 -1.33956119e-01 -1.31308243e-01 -1.28440753e-01
 -1.25354663e-01 -1.22047797e-01 -1.18516944e-01 -1.14759706e-01 -1.10776044e-01
 -1.06569372e-01 -1.02147318e-01 -9.75222588e-02 -9.27117839e-02 -8.77391025e-02
 -8.26334283e-02 -7.74300992e-02 -7.21700266e-02 -6.68982193e-02 -6.16609864e-02
 -5.65019511e-02 -5.14574014e-02 -4.65517156e-02 -4.17939126e-02 -3.71760130e-02
 -3.26735675e-02 -2.82482691e-02 -2.38520317e-02 -1.94316432e-02 -1.49330851e-02
 -1.03048496e-02 -5.50007354e-03 -4.77588066e-04  4.79773711e-03  1.03549669e-02
  1.62169933e-02  2.23999582e-02  2.89117601e-02  3.57490927e-02  4.28922288e-02
  5.02965748e-02  5.78804053e-02  6.55103549e-02  7.29926080e-02  8.00829604e-02
  8.65143016e-02  9.20296162e-02  9.64215249e-02  9.95635614e-02  1.01424910e-01
  1.02069385e-01  1.01647414e-01  1.00381963e-01  9.85249132e-02  9.63026062e-02
 -1.34517819e-01 -1.40043989e-01 -1.43787563e-01 -1.46224439e-01 -1.47836164e-01
 -1.48618430e-01 -1.48515537e-01 -1.47625014e-01 -1.46097958e-01 -1.44068331e-01
 -1.41642302e-01 -1.38897955e-01 -1.35886595e-01 -1.32636383e-01 -1.29157662e-01
 -1.25449017e-01 -1.21502846e-01 -1.17310017e-01 -1.12863384e-01 -1.08160146e-01
 -1.03203185e-01 -9.80015546e-02 -9.25706476e-02 -8.69324282e-02 -8.11162814e-02
 -7.51606449e-02 -6.91148639e-02 -6.30405471e-02 -5.70109077e-02 -5.11068963e-02
 -4.54094335e-02 -3.99890207e-02 -3.48951146e-02 -3.01480740e-02 -2.57355068e-02
 -2.16138028e-02 -1.77147202e-02 -1.39555531e-02 -1.02501558e-02 -6.51797466e-03
 -2.68957810e-03  1.29115826e-03  5.46711916e-03  9.86906141e-03  1.45168770e-02
  1.94204580e-02  2.45798398e-02  2.99844332e-02  3.56112346e-02  4.14219946e-02
  4.73595411e-02  5.33440188e-02  5.92705756e-02  6.50106817e-02  7.04189017e-02
  7.53450468e-02  7.96497464e-02  8.32206681e-02  8.59858692e-02  8.79218206e-02
  8.90548825e-02  8.94565061e-02  8.92321989e-02  8.85054469e-02  8.74005556e-02
 -1.30325496e-01 -1.36477649e-01 -1.42397776e-01 -1.48074538e-01 -1.53096810e-01
 -1.55521736e-01 -1.55303165e-01 -1.53887719e-01 -1.51646391e-01 -1.48816794e-01
 -1.45590022e-01 -1.42090276e-01 -1.38383642e-01 -1.34490758e-01 -1.30402103e-01
 -1.26092538e-01 -1.21532075e-01 -1.16693452e-01 -1.11556843e-01 -1.06112637e-01
 -1.00362301e-01 -9.43171233e-02 -8.79955888e-02 -8.14215094e-02 -7.46247768e-02
 -6.76454902e-02 -6.05410300e-02 -5.33944368e-02 -4.63205390e-02 -3.94639410e-02
 -3.29832844e-02 -2.70237569e-02 -2.16891672e-02 -1.70232523e-02 -1.30017651e-02
 -9.53515619e-03 -6.48414856e-03 -3.68771236e-03 -9.93045745e-04  1.72520417e-03
  4.55945311e-03  7.57228537e-03  1.08024478e-02  1.42705552e-02  1.79833826e-02
  2.19366290e-02  2.61163320e-02  3.04992292e-02  3.50523330e-02  3.97320278e-02
  4.44830917e-02  4.92381416e-02  5.39182164e-02  5.84350340e-02  6.26953840e-02
  6.66073486e-02  7.00877458e-02  7.30695054e-02  7.55078346e-02  7.73840323e-02
  7.87063092e-02  7.95074925e-02  7.98400119e-02  7.97689930e-02  7.93648809e-02
 -1.27546325e-01 -1.34583607e-01 -1.42293990e-01 -1.51068285e-01 -1.61054939e-01
 -1.65824980e-01 -1.65620476e-01 -1.62969410e-01 -1.58933476e-01 -1.54605463e-01
 -1.50133669e-01 -1.45651132e-01 -1.41191915e-01 -1.36703223e-01 -1.32099465e-01
 -1.27293646e-01 -1.22208729e-01 -1.16783828e-01 -1.10977627e-01 -1.04770727e-01
 -9.81692299e-02 -9.11998376e-02 -8.38941932e-02 -7.62762204e-02 -6.83610961e-02
 -6.01642840e-02 -5.17185256e-02 -4.30996753e-02 -3.44626121e-02 -2.60735266e-02
 -1.82874352e-02 -1.14371581e-02 -5.74055314e-03 -1.28747546e-03  1.96732488e-03
  4.21309611e-03  5.77936927e-03  7.03504775e-03  8.26738402e-03  9.65339132e-03
  1.12871453e-02  1.32111507e-02  1.54376663e-02  1.79612301e-02  2.07655486e-02
  2.38270443e-02  2.71164756e-02  3.05994321e-02  3.42362523e-02  3.79817486e-02
  4.17850129e-02  4.55896370e-02  4.93346043e-02  5.29559925e-02  5.63895777e-02
  5.95741756e-02  6.24553114e-02  6.49888292e-02  6.71438202e-02  6.89044520e-02
  7.02704042e-02  7.12558255e-02  7.18870610e-02  7.21993670e-02  7.22334310e-02
 -1.24042548e-01 -1.31325230e-01 -1.39584050e-01 -1.49326444e-01 -1.61408693e-01
 -1.69087499e-01 -1.73406154e-01 -1.71491697e-01 -1.67182609e-01 -1.60504296e-01
 -1.54125169e-01 -1.48641035e-01 -1.43714398e-01 -1.38973773e-01 -1.34164512e-01
 -1.29134774e-01 -1.23728648e-01 -1.17843673e-01 -1.11427344e-01 -1.04410097e-01
 -9.68159661e-02 -8.87759849e-02 -8.03897306e-02 -7.16770142e-02 -6.26011714e-02
 -5.30955195e-02 -4.30832356e-02 -3.25027443e-02 -2.13724561e-02 -1.00220470e-02
  3.72932234e-04  8.73658247e-03  1.51062496e-02  1.90592352e-02  2.09112652e-02
  2.05069985e-02  1.90442819e-02  1.77332219e-02  1.69364121e-02  1.67126805e-02
  1.70364119e-02  1.78577900e-02  1.91219784e-02  2.07754839e-02  2.27678027e-02
  2.50512194e-02  2.75799185e-02  3.03089451e-02  3.31932269e-02  3.61868478e-02
  3.92426290e-02  4.23121490e-02  4.53462116e-02  4.82958369e-02  5.11136577e-02
  5.37556745e-02  5.61831184e-02  5.83642460e-02  6.02757819e-02  6.19038045e-02
  6.32439777e-02  6.43010512e-02  6.50877431e-02  6.56231269e-02  6.59307912e-02
 -1.19011700e-01 -1.25684261e-01 -1.33024007e-01 -1.41124487e-01 -1.49824321e-01
 -1.58557355e-01 -1.68988958e-01 -1.69666082e-01 -1.69477254e-01 -1.61279649e-01
 -1.54262811e-01 -1.49188995e-01 -1.45425901e-01 -1.41335025e-01 -1.36486888e-01
 -1.32052138e-01 -1.26657963e-01 -1.20163366e-01 -1.13737702e-01 -1.05793431e-01
 -9.63811502e-02 -8.68992284e-02 -7.74054304e-02 -6.77525923e-02 -5.77607565e-02
 -4.72259037e-02 -3.59011777e-02 -2.34591905e-02 -9.41290334e-03  7.16927974e-03
  2.52553970e-02  3.14370841e-02  4.34378907e-02  4.18966226e-02  4.68554311e-02
  3.74941342e-02  3.06881871e-02  2.62891464e-02  2.34712679e-02  2.18142793e-02
  2.10499447e-02  2.09919177e-02  2.15038601e-02  2.24817954e-02  2.38432977e-02
  2.55204439e-02  2.74550207e-02  2.95952242e-02  3.18933763e-02  3.43044028e-02
  3.67849208e-02  3.92928235e-02  4.17873077e-02  4.42292430e-02  4.65818606e-02
  4.88116033e-02  5.08890636e-02  5.27898706e-02  5.44954203e-02  5.59932888e-02
  5.72773479e-02  5.83475046e-02  5.92091084e-02  5.98720945e-02  6.03499785e-02
 -1.12760909e-01 -1.18449673e-01 -1.24420404e-01 -1.30612969e-01 -1.36921123e-01
 -1.43178239e-01 -1.48993343e-01 -1.54145971e-01 -1.61652654e-01 -1.52075037e-01
 -1.47322282e-01 -1.44396603e-01 -1.43551007e-01 -1.40937865e-01 -1.35417923e-01
 -1.32764563e-01 -1.27710894e-01 -1.20046675e-01 -1.15125619e-01 -1.06460825e-01
 -9.47918966e-02 -8.43364745e-02 -7.43376464e-02 -6.43746853e-02 -5.41477278e-02
 -4.33848798e-02 -3.17813046e-02 -1.89380851e-02 -4.28265054e-03  1.29752019e-02
  3.00351754e-02  3.82847115e-02  4.80331220e-02  4.85068411e-02  5.06429337e-02
  4.25207950e-02  3.47162820e-02  2.94358861e-02  2.59656776e-02  2.38015391e-02
  2.26099472e-02  2.21637059e-02  2.23019049e-02  2.29062699e-02  2.38866042e-02
  2.51714066e-02  2.67016832e-02  2.84268521e-02  3.03020254e-02  3.22862528e-02
  3.43414396e-02  3.64317559e-02  3.85234319e-02  4.05848362e-02  4.25867401e-02
  4.45027314e-02  4.63096872e-02  4.79881950e-02  4.95229326e-02  5.09028621e-02
  5.21212853e-02  5.31756729e-02  5.40673621e-02  5.48010394e-02  5.53841889e-02
  3.81910276e+00  3.96032119e+00  4.06445932e+00  4.14555168e+00  4.21140623e+00
  4.24122047e+00  4.25673342e+00  4.25390387e+00  4.24003887e+00  4.21633959e+00
  4.18532419e+00  4.15016174e+00  4.11055470e+00  4.06998777e+00  4.02907276e+00
  3.98782825e+00  3.94743872e+00  3.90870047e+00  3.87145853e+00  3.83705974e+00
  3.80510712e+00  3.77616549e+00  3.75091124e+00  3.72880387e+00  3.70957041e+00
  3.69359756e+00  3.68094563e+00  3.67095661e+00  3.66361022e+00  3.65899134e+00
  3.65696883e+00  3.65768409e+00  3.66074300e+00  3.66645646e+00  3.67440963e+00
  3.68503690e+00  3.69832230e+00  3.71444893e+00  3.73331857e+00  3.75500727e+00
  3.77983165e+00  3.80802250e+00  3.83987713e+00  3.87566543e+00  3.91535401e+00
  3.95979428e+00  4.00907230e+00  4.06372976e+00  4.12471533e+00  4.19197369e+00
  4.26684666e+00  4.34968376e+00  4.44176102e+00  4.54436827e+00  4.65911865e+00
  4.78890419e+00  4.93529272e+00  5.10436821e+00  5.29855776e+00  5.52752542e+00
  5.80331612e+00  6.14240885e+00  6.59280062e+00  7.29305887e+00  1.08552094e+01
   89   89
  1.05561566e+00  0.00000000e+00  1.05710423e+00  1.00000001e-01  1.06199849e+00
  2.00000003e-01  1.06985319e+00  3.00000012e-01  1.07906246e+00  3.89239520e-01
  1.08564198e+00  4.49999988e-01  1.09623396e+00  5.50000012e-01  1.10562503e+00
  6.38566196e-01  1.11232972e+00  6.99999988e-01  1.12342238e+00  8.00000012e-01
  1.13218749e+00  8.77524436e-01  1.14083946e+00  9.49999988e-01  1.14874530e+00
  1.04629803e+00  1.15208852e+00  1.09259605e+00  1.21187496e+00  1.08381748e+00
  1.26499999e+00  1.07320571e+00  1.31812501e+00  1.06129909e+00  1.36292446e+00
  1.04999995e+00  1.39781249e+00  1.04185736e+00  1.45093751e+00  1.02751374e+00
  1.50406253e+00  1.01072514e+00  1.53415298e+00  1.00000000e+00  1.58375001e+00
  9.82420564e-01  1.63687503e+00  9.59306061e-01  1.66343749e+00  9.46692705e-01
  1.71656251e+00  9.18873310e-01  1.74725306e+00  8.99999976e-01  1.79624999e+00
  8.69106531e-01  1.82281256e+00  8.49842846e-01  1.87593746e+00  8.08135986e-01
  1.90250003e+00  7.85766304e-01  1.94105804e+00  7.50000000e-01  1.98218751e+00
  7.09141552e-01  2.00874996e+00  6.80877626e-01  2.03531241e+00  6.49943352e-01
  2.07584596e+00  6.00000024e-01  2.11152625e+00  5.50000012e-01  2.14156246e+00
  5.00727773e-01  2.16812491e+00  4.53137845e-01  2.19468760e+00  4.00220931e-01
  2.21824980e+00  3.49999994e-01  2.23863697e+00  3.00000012e-01  2.25670385e+00
  2.50000000e-01  2.27437496e+00  1.94684476e-01  2.29647517e+00  1.00000001e-01
  2.30229402e+00  5.00000007e-02  2.30454040e+00 -5.00000007e-02  2.30018592e+00
 -1.00000001e-01  2.28064084e+00 -2.00000003e-01  2.26674032e+00 -2.50000000e-01
  2.24781251e+00 -3.05080205e-01  2.22125006e+00 -3.75660270e-01  2.19468760e+00
 -4.35985744e-01  2.16812491e+00 -4.87682760e-01  2.14156246e+00 -5.32494903e-01
  2.11500001e+00 -5.71950614e-01  2.08843756e+00 -6.07209384e-01  2.05315590e+00
 -6.49999976e-01  2.00874996e+00 -6.97058618e-01  1.98218751e+00 -7.22346485e-01
  1.94999158e+00 -7.50000000e-01  1.90250003e+00 -7.87315488e-01  1.87593746e+00
 -8.05452406e-01  1.82281256e+00 -8.39204907e-01  1.79624999e+00 -8.53264153e-01
  1.74312496e+00 -8.79841864e-01  1.69002926e+00 -8.99999976e-01  1.66343749e+00
 -9.08977151e-01  1.61031246e+00 -9.23674524e-01  1.55718756e+00 -9.33551431e-01
  1.50406253e+00 -9.38468695e-01  1.45093751e+00 -9.37846303e-01  1.39781249e+00
 -9.30169225e-01  1.34468746e+00 -9.12220359e-01  1.31812501e+00 -8.97734880e-01
  1.26499999e+00 -8.55118394e-01  1.23843753e+00 -8.23850036e-01  1.21187496e+00
 -7.82988548e-01  1.18531251e+00 -7.30878472e-01  1.15875006e+00 -6.64288044e-01
  1.13844359e+00 -6.00000024e-01  1.12478542e+00 -5.50000012e-01  1.10562503e+00
 -4.67002094e-01  1.09249473e+00 -4.00000006e-01  1.07906246e+00 -3.17375958e-01
  1.07014525e+00 -2.50000000e-01  1.06109416e+00 -1.50000006e-01  1.05637479e+00
 -5.00000007e-02  1.05561566e+00  0.00000000e+00
  1.01600003e+00  0.00000000e+00  1.01600003e+00  9.63999987e-01  1.01800001e+00
  9.67999995e-01  1.01800001e+00  1.00100005e+00  1.01800001e+00  1.01900005e+00
  1.01800001e+00  1.07700002e+00  1.01800001e+00  1.07000005e+00  1.01800001e+00
  1.09599996e+00  1.01800001e+00  1.11300004e+00  1.01800001e+00  1.13800001e+00
  1.01600003e+00  1.14699996e+00  1.01199996e+00  1.16499996e+00  1.00100005e+00
  1.21700001e+00  1.02900004e+00  1.21700001e+00  1.04200006e+00  1.16240001e+00
  1.04600000e+00  1.16237998e+00  1.05599999e+00  1.16260004e+00  1.09700000e+00
  1.16450000e+00  1.10800004e+00  1.16594005e+00  1.11600006e+00  1.16591001e+00
  1.13399994e+00  1.16895998e+00  1.14800000e+00  1.17174995e+00  1.16199994e+00
  1.17556000e+00  1.18099999e+00  1.18299997e+00  1.18200004e+00  1.18350005e+00
  1.18499994e+00  1.18499994e+00  1.19000006e+00  1.18799996e+00  1.19500005e+00
  1.19099998e+00  1.20099998e+00  1.19599998e+00  1.20899999e+00  1.20200002e+00
  1.21500003e+00  1.20799994e+00  1.22200000e+00  1.21399999e+00  1.22800004e+00
  1.22099996e+00  1.23399997e+00  1.23099995e+00  1.23899996e+00  1.23800004e+00
  1.24199998e+00  1.24399996e+00  1.24800003e+00  1.25399995e+00  1.25800002e+00
  1.27800000e+00  1.26300001e+00  1.28999996e+00  1.27999997e+00  1.33099997e+00
  1.27999997e+00  1.34700000e+00  1.27999997e+00  1.34800005e+00  1.30999994e+00
  1.34800005e+00  1.32799995e+00  1.34800005e+00  1.36099994e+00  1.34800005e+00
  1.38000000e+00  1.34800005e+00  1.41900003e+00  1.34800005e+00  1.41900003e+00
  1.30999994e+00  1.37199998e+00  1.30999994e+00  1.37199998e+00  1.29200006e+00
  1.60800004e+00  1.09500003e+00  1.64699996e+00  1.07700002e+00  1.78499997e+00
  1.07700002e+00  2.06999993e+00  1.03999996e+00  2.12800002e+00  9.92999971e-01
  2.24499989e+00  7.08999991e-01  2.32299995e+00  5.18999994e-01  2.37700009e+00
  3.88999999e-01  2.35200000e+00  4.00000006e-01  2.35100007e+00  3.37000012e-01
  2.35100007e+00  2.04999998e-01  2.35400009e+00  6.80000037e-02  2.35400009e+00
  0.00000000e+00  2.35400009e+00 -6.80000037e-02  2.35299993e+00 -2.04999998e-01
  2.35100007e+00 -3.37000012e-01  2.35299993e+00 -4.00000006e-01  2.37700009e+00
 -3.88999999e-01  2.13400006e+00 -9.72999990e-01  1.78600001e+00 -1.17400002e+00
  1.76800001e+00 -1.21099997e+00  1.76800001e+00 -1.25399995e+00  1.68200004e+00
 -1.25399995e+00  1.67400002e+00 -1.26199996e+00  1.67400002e+00 -1.32900000e+00
  1.68099999e+00 -1.33899999e+00  1.75399995e+00 -1.33899999e+00  1.75399995e+00
 -1.36800003e+00  1.68900001e+00 -1.36800003e+00  1.68900001e+00 -1.36600006e+00
  1.55499995e+00 -1.36600006e+00  1.41199994e+00 -1.36600006e+00  1.27300000e+00
 -1.36600006e+00  1.15300000e+00 -1.36600006e+00  1.01600003e+00 -1.22899997e+00
  1.01600003e+00 -8.00000012e-01  1.01600003e+00 -4.14999992e-01  1.01600003e+00
 -4.00000006e-01  1.01600003e+00  0.00000000e+00
    0 0.000000000e+00    0
  0.00000000e+00  1.19513638e-01  1.70447528e-01  2.10151792e-01  2.42769748e-01
  2.72818744e-01  3.00177693e-01  3.25170547e-01  3.48385692e-01  3.69983107e-01
  3.90358418e-01  4.09491271e-01  4.27661985e-01  4.44885015e-01  4.61344689e-01
  4.77049559e-01  4.92130250e-01  5.06570578e-01  5.20543277e-01  5.34011364e-01
  5.46976566e-01  5.59612811e-01  5.71874022e-01  5.83803892e-01  5.95411003e-01
  6.06732368e-01  6.17835641e-01  6.28740609e-01  6.39396071e-01  6.49826944e-01
  6.60109103e-01  6.70275569e-01  6.80288851e-01  6.90120816e-01  6.99847162e-01
  7.09474742e-01  7.19010055e-01  7.28472650e-01  7.37832189e-01  7.47135162e-01
  7.56378412e-01  7.65560806e-01  7.74725556e-01  7.83884227e-01  7.92985678e-01
  8.02107275e-01  8.11227679e-01  8.20342898e-01  8.29522371e-01  8.38715672e-01
  8.47983778e-01  8.57317388e-01  8.66741180e-01  8.76257062e-01  8.85903478e-01
  8.95713389e-01  9.05670762e-01  9.15881217e-01  9.26289916e-01  9.37033355e-01
  9.48138535e-01  9.59649026e-01  9.71812308e-01  9.84856308e-01  1.00000000e+00
    0
