   EFIT?   05/12/98      #102940   446             3  65  65
  1.70000005e+00  3.20000005e+00  1.69550002e+00  8.39999974e-01  0.00000000e+00
  1.79158449e+00 -2.77594151e-03 -2.90460289e-01 -1.69633627e-01 -2.00525928e+00
  7.77312500e+05 -2.90460289e-01  0.00000000e+00  1.79158449e+00  0.00000000e+00
 -2.77594151e-03  0.00000000e+00 -1.69633627e-01  0.00000000e+00  0.00000000e+00
 -3.40719676e+00 -3.40926814e+00 -3.41106439e+00 -3.41260672e+00 -3.41391420e+00
 -3.41500449e+00 -3.41589427e+00 -3.41659808e+00 -3.41713071e+00 -3.41750503e+00
 -3.41773343e+00 -3.41782784e+00 -3.41779923e+00 -3.41765833e+00 -3.41741514e+00
 -3.41708016e+00 -3.41666293e+00 -3.41617322e+00 -3.41562057e+00 -3.41501498e+00
 -3.41436625e+00 -3.41368413e+00 -3.41297722e+00 -3.41225386e+00 -3.41152120e+00
 -3.41078568e+00 -3.41005349e+00 -3.40932965e+00 -3.40861893e+00 -3.40792584e+00
 -3.40725398e+00 -3.40660667e+00 -3.40598702e+00 -3.40539718e+00 -3.40483952e+00
 -3.40431595e+00 -3.40382767e+00 -3.40337610e+00 -3.40296173e+00 -3.40258527e+00
 -3.40224719e+00 -3.40194702e+00 -3.40168452e+00 -3.40145874e+00 -3.40126920e+00
 -3.40111423e+00 -3.40099239e+00 -3.40090132e+00 -3.40083909e+00 -3.40080237e+00
 -3.40078878e+00 -3.40079403e+00 -3.40081429e+00 -3.40084505e+00 -3.40088129e+00
 -3.40091729e+00 -3.40094638e+00 -3.40096188e+00 -3.40095568e+00 -3.40091944e+00
 -3.40084362e+00 -3.40071774e+00 -3.40052986e+00 -3.40026784e+00 -3.39991689e+00
  2.26804492e+04  2.04600781e+04  1.84723125e+04  1.66998398e+04  1.51262090e+04
  1.37357871e+04  1.25137305e+04  1.14459512e+04  1.05190859e+04  9.72046484e+03
  9.03808691e+03  8.46058887e+03  7.97722705e+03  7.57784717e+03  7.25286475e+03
  6.99324561e+03  6.79048291e+03  6.63658105e+03  6.52403564e+03  6.44582031e+03
  6.39536719e+03  6.36655615e+03  6.35369971e+03  6.35153027e+03  6.35518799e+03
  6.36021338e+03  6.36253271e+03  6.35845312e+03  6.34465234e+03  6.31817139e+03
  6.27641016e+03  6.21711816e+03  6.13839307e+03  6.03867480e+03  5.91674170e+03
  5.77170898e+03  5.60302637e+03  5.41047656e+03  5.19417529e+03  4.95457080e+03
  4.69244580e+03  4.40891846e+03  4.10544531e+03  3.78382422e+03  3.44619800e+03
  3.09506006e+03  2.73325903e+03  2.36400513e+03  1.99087744e+03  1.61783228e+03
  1.24921082e+03  8.89749146e+02  5.44588867e+02  2.19288177e+02 -8.01658859e+01
 -3.47344299e+02 -5.75361877e+02 -7.56862244e+02 -8.84001526e+02 -9.48431152e+02
 -9.41279663e+02 -8.53132935e+02 -6.74013733e+02 -3.93359650e+02  0.00000000e+00
  3.99633837e+00  3.48243332e+00  3.00711250e+00  2.56732059e+00  2.16031504e+00
  1.78364193e+00  1.43511379e+00  1.11279058e+00  8.14963043e-01  5.40137291e-01
  2.87021756e-01  5.45157529e-02 -1.58300087e-01 -3.52171957e-01 -5.27679443e-01
 -6.85240507e-01 -8.25115442e-01 -9.47408795e-01 -1.05207062e+00 -1.13889587e+00
 -1.20771623e+00 -1.25963748e+00 -1.29625857e+00 -1.31904697e+00 -1.32934833e+00
 -1.32839882e+00 -1.31733525e+00 -1.29720557e+00 -1.26897824e+00 -1.23355031e+00
 -1.19175529e+00 -1.14437103e+00 -1.09212613e+00 -1.03570640e+00 -9.75760937e-01
 -9.12907660e-01 -8.47739279e-01 -7.80827761e-01 -7.12730050e-01 -6.43992424e-01
 -5.75155675e-01 -5.06759703e-01 -4.39348221e-01 -3.73473644e-01 -3.09701920e-01
 -2.48617455e-01 -1.90828308e-01 -1.36971518e-01 -8.77187401e-02 -4.37820852e-02
 -5.92043530e-03  2.50538886e-02  4.82679941e-02  6.27807304e-02  6.75744191e-02
  6.15458898e-02  4.34967913e-02  1.21230492e-02 -3.39966193e-02 -9.64131877e-02
 -1.76820964e-01 -2.77072519e-01 -3.99194896e-01 -5.45407653e-01 -7.18142033e-01
 -1.24005025e+06 -1.11214162e+06 -9.93635125e+05 -8.84066125e+05 -7.82989812e+05
 -6.89980062e+05 -6.04628438e+05 -5.26543312e+05 -4.55349031e+05 -3.90685125e+05
 -3.32205406e+05 -2.79577344e+05 -2.32481266e+05 -1.90609609e+05 -1.53666328e+05
 -1.21366203e+05 -9.34342031e+04 -6.96049062e+04 -4.96219180e+04 -3.32372852e+04
 -2.02109648e+04 -1.03102920e+04 -3.30947485e+03  1.01090765e+03  2.86438525e+03
  2.45906641e+03 -1.90460634e+00 -4.31990137e+03 -1.03003779e+04 -1.77524434e+04
 -2.64884375e+04 -3.63235273e+04 -4.70752891e+04 -5.85633164e+04 -7.06088281e+04
 -8.30342500e+04 -9.56628594e+04 -1.08318375e+05 -1.20824578e+05 -1.33004906e+05
 -1.44682109e+05 -1.55677797e+05 -1.65812125e+05 -1.74903297e+05 -1.82767281e+05
 -1.89217312e+05 -1.94063531e+05 -1.97112562e+05 -1.98167078e+05 -1.97025344e+05
 -1.93480812e+05 -1.87321672e+05 -1.78330344e+05 -1.66283047e+05 -1.50949250e+05
 -1.32091219e+05 -1.09463508e+05 -8.28123203e+04 -5.18750586e+04 -1.63797012e+04
  2.39557930e+04  6.94241016e+04  1.20329195e+05  1.76986969e+05  2.39725969e+05
 -1.37885943e-01 -1.42083839e-01 -1.46504760e-01 -1.51075780e-01 -1.55704349e-01
 -1.60260156e-01 -1.64429247e-01 -1.68107152e-01 -1.72528416e-01 -1.65186659e-01
 -1.61029056e-01 -1.58018604e-01 -1.56131491e-01 -1.53787091e-01 -1.50254145e-01
 -1.48024246e-01 -1.44967645e-01 -1.40749335e-01 -1.37705192e-01 -1.33222744e-01
 -1.27358243e-01 -1.22001290e-01 -1.16820484e-01 -1.11630283e-01 -1.06297977e-01
 -1.00702882e-01 -9.47091654e-02 -8.81379023e-02 -8.07292536e-02 -7.21734613e-02
 -6.40717968e-02 -5.91959767e-02 -5.45113422e-02 -5.30872867e-02 -5.18216677e-02
 -5.42393774e-02 -5.68618961e-02 -5.82787506e-02 -5.87790497e-02 -5.86013272e-02
 -5.79110980e-02 -5.68282604e-02 -5.54419346e-02 -5.38190752e-02 -5.20106778e-02
 -5.00566661e-02 -4.79895957e-02 -4.58372757e-02 -4.36245278e-02 -4.13743146e-02
 -3.91084068e-02 -3.68477069e-02 -3.46123427e-02 -3.24215777e-02 -3.02935652e-02
 -2.82450579e-02 -2.62910407e-02 -2.44443826e-02 -2.27155257e-02 -2.11122502e-02
 -1.96395535e-02 -1.82996374e-02 -1.70920361e-02 -1.60138477e-02 -1.50600653e-02
 -1.41375124e-01 -1.46218330e-01 -1.51639506e-01 -1.57693818e-01 -1.64220884e-01
 -1.70790449e-01 -1.78777516e-01 -1.78598002e-01 -1.77961797e-01 -1.71231762e-01
 -1.65568992e-01 -1.61291957e-01 -1.57947913e-01 -1.54759377e-01 -1.51438057e-01
 -1.48404270e-01 -1.45087719e-01 -1.41365409e-01 -1.37693122e-01 -1.33435681e-01
 -1.28559187e-01 -1.23629577e-01 -1.18670210e-01 -1.13610379e-01 -1.08362637e-01
 -1.02825850e-01 -9.68744904e-02 -9.03380588e-02 -8.29648003e-02 -7.44160265e-02
 -6.61615953e-02 -6.13724068e-02 -5.63970283e-02 -5.49922697e-02 -5.33547886e-02
 -5.57294972e-02 -5.81518412e-02 -5.93898371e-02 -5.97522184e-02 -5.94617501e-02
 -5.86670414e-02 -5.74735291e-02 -5.59598431e-02 -5.41868731e-02 -5.22033460e-02
 -5.00495657e-02 -4.77601439e-02 -4.53659818e-02 -4.28956784e-02 -4.03765365e-02
 -3.78351286e-02 -3.52975763e-02 -3.27895619e-02 -3.03360708e-02 -2.79609822e-02
 -2.56865099e-02 -2.35325824e-02 -2.15162225e-02 -1.96509957e-02 -1.79465991e-02
 -1.64086353e-02 -1.50386086e-02 -1.38341384e-02 -1.27893900e-02 -1.18956547e-02
 -1.43614799e-01 -1.48868889e-01 -1.54996783e-01 -1.62397966e-01 -1.71719581e-01
 -1.77124560e-01 -1.80367664e-01 -1.78560093e-01 -1.75137907e-01 -1.69922054e-01
 -1.65052578e-01 -1.60907209e-01 -1.57269925e-01 -1.53919339e-01 -1.50695682e-01
 -1.47494018e-01 -1.44217685e-01 -1.40797451e-01 -1.37189925e-01 -1.33349061e-01
 -1.29268467e-01 -1.24987848e-01 -1.20536461e-01 -1.15910828e-01 -1.11082762e-01
 -1.06008925e-01 -1.00637138e-01 -9.49136764e-02 -8.88045058e-02 -8.24066103e-02
 -7.64557570e-02 -7.17048049e-02 -6.78318962e-02 -6.53046668e-02 -6.36956245e-02
 -6.34227693e-02 -6.35922104e-02 -6.34697080e-02 -6.29423633e-02 -6.20232448e-02
 -6.07493632e-02 -5.91616221e-02 -5.72993308e-02 -5.51988035e-02 -5.28934225e-02
 -5.04142530e-02 -4.77908701e-02 -4.50521596e-02 -4.22270447e-02 -3.93450335e-02
 -3.64365391e-02 -3.35329287e-02 -3.06662694e-02 -2.78687794e-02 -2.51720175e-02
 -2.26058494e-02 -2.01973133e-02 -1.79694630e-02 -1.59403626e-02 -1.41222896e-02
 -1.25213191e-02 -1.11372871e-02 -9.96420253e-03 -8.99102632e-03 -8.20274744e-03
 -1.44221097e-01 -1.49218217e-01 -1.54920995e-01 -1.61629170e-01 -1.69342011e-01
 -1.72699451e-01 -1.72617346e-01 -1.70647278e-01 -1.67743340e-01 -1.64659202e-01
 -1.61511257e-01 -1.58414334e-01 -1.55411586e-01 -1.52483687e-01 -1.49584904e-01
 -1.46664321e-01 -1.43674135e-01 -1.40573859e-01 -1.37332231e-01 -1.33928254e-01
 -1.30352542e-01 -1.26605168e-01 -1.22689091e-01 -1.18604548e-01 -1.14348456e-01
 -1.09918162e-01 -1.05319262e-01 -1.00578897e-01 -9.57671255e-02 -9.10215676e-02
 -8.65404755e-02 -8.25077444e-02 -7.90346712e-02 -7.61652291e-02 -7.38724172e-02
 -7.20529035e-02 -7.05159232e-02 -6.90495223e-02 -6.75011799e-02 -6.57867640e-02
 -6.38678595e-02 -6.17321916e-02 -5.93819395e-02 -5.68274297e-02 -5.40838838e-02
 -5.11698909e-02 -4.81068380e-02 -4.49188910e-02 -4.16332483e-02 -3.82804349e-02
 -3.48944962e-02 -3.15129049e-02 -2.81760860e-02 -2.49264240e-02 -2.18068268e-02
 -1.88588817e-02 -1.61207821e-02 -1.36252036e-02 -1.13973543e-02 -9.45346523e-03
 -7.79991876e-03 -6.43316843e-03 -5.34049002e-03 -4.50149504e-03 -3.89021006e-03
 -1.43582299e-01 -1.47793323e-01 -1.52146563e-01 -1.56583861e-01 -1.60655752e-01
 -1.62742451e-01 -1.62934959e-01 -1.62272647e-01 -1.61010161e-01 -1.59327358e-01
 -1.57373428e-01 -1.55251116e-01 -1.53021976e-01 -1.50714338e-01 -1.48333162e-01
 -1.45869732e-01 -1.43308863e-01 -1.40633970e-01 -1.37830243e-01 -1.34886488e-01
 -1.31795973e-01 -1.28556207e-01 -1.25167981e-01 -1.21634863e-01 -1.17963798e-01
 -1.14167325e-01 -1.10267445e-01 -1.06300466e-01 -1.02321126e-01 -9.84023288e-02
 -9.46265832e-02 -9.10697132e-02 -8.77848044e-02 -8.47921968e-02 -8.20754915e-02
 -7.95827881e-02 -7.72352219e-02 -7.49434158e-02 -7.26252273e-02 -7.02162161e-02
 -6.76715076e-02 -6.49630055e-02 -6.20755032e-02 -5.90034127e-02 -5.57484254e-02
 -5.23181781e-02 -4.87256832e-02 -4.49893475e-02 -4.11334261e-02 -3.71886678e-02
 -3.31929848e-02 -2.91916877e-02 -2.52370704e-02 -2.13869438e-02 -1.77022144e-02
 -1.42436586e-02 -1.10682389e-02 -8.22517276e-03 -5.75212110e-03 -3.67212459e-03
 -1.99181004e-03 -7.01126235e-04  2.25329160e-04  8.25345924e-04  1.14477309e-03
 -1.42834902e-01 -1.46352455e-01 -1.49323419e-01 -1.51807249e-01 -1.53823420e-01
 -1.55216530e-01 -1.55911431e-01 -1.55982628e-01 -1.55550674e-01 -1.54725462e-01
 -1.53597549e-01 -1.52237147e-01 -1.50694504e-01 -1.49002045e-01 -1.47177726e-01
 -1.45228967e-01 -1.43156335e-01 -1.40956715e-01 -1.38625696e-01 -1.36159301e-01
 -1.33555099e-01 -1.30812824e-01 -1.27934799e-01 -1.24926396e-01 -1.21796697e-01
 -1.18559599e-01 -1.15235038e-01 -1.11849919e-01 -1.08438030e-01 -1.05038106e-01
 -1.01689607e-01 -9.84268859e-02 -9.52732489e-02 -9.22364965e-02 -8.93069580e-02
 -8.64584073e-02 -8.36518481e-02 -8.08413327e-02 -7.79801682e-02 -7.50259012e-02
 -7.19430521e-02 -6.87040612e-02 -6.52889386e-02 -6.16845191e-02 -5.78837618e-02
 -5.38853556e-02 -4.96938191e-02 -4.53201830e-02 -4.07832898e-02 -3.61116864e-02
 -3.13459001e-02 -2.65405346e-02 -2.17650346e-02 -1.71018485e-02 -1.26416944e-02
 -8.47765245e-03 -4.69952729e-03 -1.38705084e-03  1.39852951e-03  3.62146809e-03
  5.27465111e-03  6.37979340e-03  6.98620221e-03  7.16604572e-03  7.00412039e-03
 -1.43232793e-01 -1.47180274e-01 -1.47853464e-01 -1.48579568e-01 -1.49627030e-01
 -1.50524884e-01 -1.51137233e-01 -1.51424587e-01 -1.51394799e-01 -1.51077315e-01
 -1.50508001e-01 -1.49721086e-01 -1.48745283e-01 -1.47602394e-01 -1.46307424e-01
 -1.44869506e-01 -1.43293366e-01 -1.41580701e-01 -1.39731616e-01 -1.37745693e-01
 -1.35622963e-01 -1.33364543e-01 -1.30973205e-01 -1.28453895e-01 -1.25814170e-01
 -1.23064555e-01 -1.20218866e-01 -1.17294014e-01 -1.14309393e-01 -1.11285411e-01
 -1.08241431e-01 -1.05193198e-01 -1.02150336e-01 -9.91145223e-02 -9.60785598e-02
 -9.30267647e-02 -8.99364203e-02 -8.67801160e-02 -8.35282579e-02 -8.01514909e-02
 -7.66223371e-02 -7.29163066e-02 -6.90123364e-02 -6.48929179e-02 -6.05440810e-02
 -5.59555702e-02 -5.11213392e-02 -4.60407063e-02 -4.07205112e-02 -3.51787396e-02
 -2.94501912e-02 -2.35943701e-02 -1.77038945e-02 -1.19062420e-02 -6.34696567e-03
 -1.16689398e-03  3.48975579e-03  7.47695658e-03  1.06815575e-02  1.30476942e-02
  1.45729752e-02  1.52916657e-02  1.52883921e-02  1.47142978e-02  1.37457000e-02
 -1.39756247e-01 -1.42456785e-01 -1.44252762e-01 -1.45411596e-01 -1.46296978e-01
 -1.47032112e-01 -1.47615522e-01 -1.48024872e-01 -1.48246124e-01 -1.48276493e-01
 -1.48121208e-01 -1.47789419e-01 -1.47291288e-01 -1.46636024e-01 -1.45830899e-01
 -1.44880995e-01 -1.43789366e-01 -1.42557442e-01 -1.41185716e-01 -1.39674187e-01
 -1.38023004e-01 -1.36232853e-01 -1.34305447e-01 -1.32243827e-01 -1.30052552e-01
 -1.27737895e-01 -1.25307754e-01 -1.22771360e-01 -1.20138757e-01 -1.17419913e-01
 -1.14623584e-01 -1.11756153e-01 -1.08820401e-01 -1.05814680e-01 -1.02732472e-01
 -9.95624363e-02 -9.62889716e-02 -9.28931609e-02 -8.93538073e-02 -8.56485218e-02
 -8.17545652e-02 -7.76494145e-02 -7.33110905e-02 -6.87181875e-02 -6.38497919e-02
 -5.86854145e-02 -5.32050207e-02 -4.73894998e-02 -4.12219986e-02 -3.46910730e-02
 -2.77975369e-02 -2.05694512e-02 -1.30952355e-02 -5.59462048e-03  1.50149106e-03
  8.18249956e-03  1.42775420e-02  1.93519294e-02  2.31298823e-02  2.55594924e-02
  2.68124063e-02  2.69037075e-02  2.56225094e-02  2.35839654e-02  2.12360527e-02
 -1.39089644e-01 -1.42408773e-01 -1.42657846e-01 -1.42849103e-01 -1.43464386e-01
 -1.44137233e-01 -1.44775897e-01 -1.45337373e-01 -1.45795137e-01 -1.46132335e-01
 -1.46339074e-01 -1.46410227e-01 -1.46343723e-01 -1.46139011e-01 -1.45796031e-01
 -1.45314649e-01 -1.44694269e-01 -1.43933862e-01 -1.43032029e-01 -1.41987234e-01
 -1.40798047e-01 -1.39463395e-01 -1.37982771e-01 -1.36356503e-01 -1.34585753e-01
 -1.32672682e-01 -1.30620241e-01 -1.28432021e-01 -1.26111835e-01 -1.23663247e-01
 -1.21088922e-01 -1.18390016e-01 -1.15565546e-01 -1.12611964e-01 -1.09522812e-01
 -1.06288716e-01 -1.02897502e-01 -9.93345082e-02 -9.55829397e-02 -9.16242599e-02
 -8.74384418e-02 -8.30040425e-02 -7.82981440e-02 -7.32959434e-02 -6.79702088e-02
 -6.22903779e-02 -5.62213622e-02 -4.97219972e-02 -4.27429862e-02 -3.52242552e-02
 -2.70914361e-02 -1.82511825e-02 -8.58457386e-03  2.06184643e-03  1.38556529e-02
  2.58217026e-02  3.40562314e-02  4.15684208e-02  4.59477790e-02  4.78562042e-02
  4.79498990e-02  4.33783308e-02  3.81251052e-02  3.32000926e-02  2.87148636e-02
 -1.35005534e-01 -1.37378320e-01 -1.38880774e-01 -1.39837369e-01 -1.40654862e-01
 -1.41469821e-01 -1.42286226e-01 -1.43077761e-01 -1.43816873e-01 -1.44481003e-01
 -1.45053148e-01 -1.45520940e-01 -1.45875379e-01 -1.46109775e-01 -1.46218866e-01
 -1.46198109e-01 -1.46043316e-01 -1.45750374e-01 -1.45315245e-01 -1.44733831e-01
 -1.44002229e-01 -1.43116713e-01 -1.42073974e-01 -1.40871167e-01 -1.39506027e-01
 -1.37976885e-01 -1.36282578e-01 -1.34422392e-01 -1.32395759e-01 -1.30202025e-01
 -1.27840072e-01 -1.25307962e-01 -1.22602575e-01 -1.19719282e-01 -1.16651781e-01
 -1.13391899e-01 -1.09929584e-01 -1.06252879e-01 -1.02347940e-01 -9.81990024e-02
 -9.37883183e-02 -8.90958533e-02 -8.40988979e-02 -7.87713155e-02 -7.30825067e-02
 -6.69958293e-02 -6.04664162e-02 -5.34378253e-02 -4.58371341e-02 -3.75671461e-02
 -2.84935832e-02 -1.84225198e-02 -7.05847889e-03  6.07181154e-03  2.16540284e-02
  3.86928692e-02  5.04013598e-02  5.98724484e-02  6.57462999e-02  6.71533197e-02
  6.64296150e-02  5.86303361e-02  4.91341799e-02  4.09966558e-02  3.43014635e-02
 -1.32979214e-01 -1.35751963e-01 -1.36473432e-01 -1.36933446e-01 -1.37813792e-01
 -1.38857991e-01 -1.39966130e-01 -1.41084135e-01 -1.42176211e-01 -1.43216729e-01
 -1.44186527e-01 -1.45070970e-01 -1.45858467e-01 -1.46539479e-01 -1.47105843e-01
 -1.47550106e-01 -1.47865206e-01 -1.48044273e-01 -1.48080409e-01 -1.47966698e-01
 -1.47696242e-01 -1.47262245e-01 -1.46658108e-01 -1.45877570e-01 -1.44914851e-01
 -1.43764690e-01 -1.42422318e-01 -1.40883490e-01 -1.39144331e-01 -1.37201220e-01
 -1.35050550e-01 -1.32688552e-01 -1.30110949e-01 -1.27312794e-01 -1.24288283e-01
 -1.21030517e-01 -1.17531426e-01 -1.13781549e-01 -1.09769896e-01 -1.05483726e-01
 -1.00908257e-01 -9.60262939e-02 -9.08176303e-02 -8.52582380e-02 -7.93191865e-02
 -7.29650185e-02 -6.61515892e-02 -5.88228554e-02 -5.09064421e-02 -4.23071086e-02
 -3.28974798e-02 -2.25052014e-02 -1.08970841e-02  2.23766011e-03  1.73187163e-02
  3.49483974e-02  5.12975268e-02  5.98647073e-02  6.89238012e-02  6.98558390e-02
  6.98277950e-02  6.45373315e-02  5.33142462e-02  4.34509702e-02  3.56138237e-02
 -1.27956375e-01 -1.30106539e-01 -1.31739914e-01 -1.33155674e-01 -1.34629488e-01
 -1.36172011e-01 -1.37739807e-01 -1.39298424e-01 -1.40823722e-01 -1.42297775e-01
 -1.43706381e-01 -1.45037577e-01 -1.46280870e-01 -1.47426650e-01 -1.48465753e-01
 -1.49389192e-01 -1.50187925e-01 -1.50852665e-01 -1.51373819e-01 -1.51741490e-01
 -1.51945516e-01 -1.51975542e-01 -1.51821226e-01 -1.51472539e-01 -1.50920004e-01
 -1.50154725e-01 -1.49168536e-01 -1.47954002e-01 -1.46504506e-01 -1.44814208e-01
 -1.42877936e-01 -1.40690908e-01 -1.38248548e-01 -1.35546178e-01 -1.32579014e-01
 -1.29341945e-01 -1.25829339e-01 -1.22034729e-01 -1.17950596e-01 -1.13568075e-01
 -1.08876646e-01 -1.03863738e-01 -9.85142514e-02 -9.28099528e-02 -8.67286697e-02
 -8.02433491e-02 -7.33207241e-02 -6.59197792e-02 -5.79898171e-02 -4.94682416e-02
 -4.02783826e-02 -3.03278808e-02 -1.95086375e-02 -7.69872591e-03  5.24196820e-03
  1.95810087e-02  3.65603492e-02  4.61983830e-02  5.20882942e-02  5.93101978e-02
  5.56235760e-02  5.74603267e-02  4.71267775e-02  3.77522148e-02  3.09928209e-02
 -1.22592919e-01 -1.24362171e-01 -1.26617625e-01 -1.29032269e-01 -1.31354436e-01
 -1.33571371e-01 -1.35709077e-01 -1.37781650e-01 -1.39792785e-01 -1.41740546e-01
 -1.43620059e-01 -1.45424858e-01 -1.47147477e-01 -1.48779675e-01 -1.50312483e-01
 -1.51736170e-01 -1.53040200e-01 -1.54213175e-01 -1.55242831e-01 -1.56116113e-01
 -1.56819239e-01 -1.57337636e-01 -1.57656059e-01 -1.57760113e-01 -1.57636330e-01
 -1.57271951e-01 -1.56655177e-01 -1.55775353e-01 -1.54623270e-01 -1.53191313e-01
 -1.51473507e-01 -1.49465159e-01 -1.47162199e-01 -1.44560397e-01 -1.41656518e-01
 -1.38448074e-01 -1.34932816e-01 -1.31108075e-01 -1.26970664e-01 -1.22516647e-01
 -1.17740989e-01 -1.12637311e-01 -1.07197627e-01 -1.01412028e-01 -9.52684134e-02
 -8.87522995e-02 -8.18466321e-02 -7.45319501e-02 -6.67868704e-02 -5.85895218e-02
 -4.99204919e-02 -4.07685228e-02 -3.11412681e-02 -2.10854560e-02 -1.07282009e-02
 -3.72689829e-04  9.32319928e-03  1.74485315e-02  2.36051679e-02  2.76828110e-02
  2.95865610e-02  2.95162275e-02  2.76241712e-02  2.46341247e-02  2.14284342e-02
 -1.17796868e-01 -1.19126588e-01 -1.22363307e-01 -1.25709310e-01 -1.28665879e-01
 -1.31437749e-01 -1.34093776e-01 -1.36663482e-01 -1.39160693e-01 -1.41591027e-01
 -1.43955052e-01 -1.46250069e-01 -1.48470998e-01 -1.50610849e-01 -1.52660936e-01
 -1.54610991e-01 -1.56449109e-01 -1.58161759e-01 -1.59733862e-01 -1.61148682e-01
 -1.62389189e-01 -1.63436219e-01 -1.64263979e-01 -1.64853945e-01 -1.65188953e-01
 -1.65252075e-01 -1.65027037e-01 -1.64499059e-01 -1.63655788e-01 -1.62487984e-01
 -1.60990089e-01 -1.59159958e-01 -1.56996623e-01 -1.54492483e-01 -1.51646525e-01
 -1.48460999e-01 -1.44938901e-01 -1.41081989e-01 -1.36892229e-01 -1.32371515e-01
 -1.27521232e-01 -1.22342125e-01 -1.16834253e-01 -1.10996939e-01 -1.04828946e-01
 -9.83288437e-02 -9.14956182e-02 -8.43298286e-02 -7.68353045e-02 -6.90219849e-02
 -6.09101690e-02 -5.25371246e-02 -4.39668633e-02 -3.53040509e-02 -2.67116446e-02
 -1.84255503e-02 -1.07456762e-02 -3.97977559e-03  1.63339381e-03  5.95808914e-03
  8.96274205e-03  1.07199028e-02  1.14045888e-02  1.12823909e-02  1.06484462e-02
 -1.16234407e-01 -1.17960438e-01 -1.20541655e-01 -1.23618543e-01 -1.26797259e-01
 -1.29936710e-01 -1.33011684e-01 -1.36024341e-01 -1.38980016e-01 -1.41882017e-01
 -1.44730836e-01 -1.47524387e-01 -1.50258288e-01 -1.52926028e-01 -1.55518964e-01
 -1.58026263e-01 -1.60434559e-01 -1.62727922e-01 -1.64888740e-01 -1.66891530e-01
 -1.68722987e-01 -1.70374542e-01 -1.71760932e-01 -1.72880679e-01 -1.73717082e-01
 -1.74247548e-01 -1.74448386e-01 -1.74297750e-01 -1.73777536e-01 -1.72875404e-01
 -1.71587199e-01 -1.69921368e-01 -1.67907566e-01 -1.65487900e-01 -1.62675813e-01
 -1.59486994e-01 -1.55936867e-01 -1.52026594e-01 -1.47763819e-01 -1.43158168e-01
 -1.38217747e-01 -1.32950649e-01 -1.27364993e-01 -1.21468864e-01 -1.15270704e-01
 -1.08780004e-01 -1.02008246e-01 -9.49702933e-02 -8.76861960e-02 -8.01836625e-02
 -7.25012496e-02 -6.46923780e-02 -5.68299629e-02 -4.90108877e-02 -4.13585007e-02
 -3.40201259e-02 -2.71562636e-02 -2.09214613e-02 -1.54424049e-02 -1.08008385e-02
 -7.02457875e-03 -4.08585183e-03 -1.90654292e-03 -3.71327595e-04  6.51894487e-04
 -1.12668902e-01 -1.13984354e-01 -1.17962435e-01 -1.21902876e-01 -1.25488505e-01
 -1.28984392e-01 -1.32436991e-01 -1.35857165e-01 -1.39247939e-01 -1.42609581e-01
 -1.45940766e-01 -1.49238572e-01 -1.52498543e-01 -1.55714482e-01 -1.58878177e-01
 -1.61978841e-01 -1.65001839e-01 -1.67925864e-01 -1.70751974e-01 -1.73375458e-01
 -1.75813437e-01 -1.78050086e-01 -1.80048585e-01 -1.81773543e-01 -1.83189705e-01
 -1.84263125e-01 -1.84962645e-01 -1.85260996e-01 -1.85135633e-01 -1.84569195e-01
 -1.83549911e-01 -1.82071596e-01 -1.80132434e-01 -1.77729547e-01 -1.74877256e-01
 -1.71613365e-01 -1.68014929e-01 -1.64008766e-01 -1.59624383e-01 -1.54891536e-01
 -1.49819598e-01 -1.44423872e-01 -1.38720900e-01 -1.32725969e-01 -1.26455083e-01
 -1.19925313e-01 -1.13156073e-01 -1.06170371e-01 -9.89962220e-02 -9.16682035e-02
 -8.42292085e-02 -7.67322332e-02 -6.92418739e-02 -6.18349575e-02 -5.45996130e-02
 -4.76319380e-02 -4.10299785e-02 -3.48855183e-02 -2.92752739e-02 -2.42534000e-02
 -1.98467579e-02 -1.60536952e-02 -1.28464894e-02 -1.01770340e-02 -7.98475184e-03
 -1.12829499e-01 -1.14707835e-01 -1.17548205e-01 -1.21016875e-01 -1.24720812e-01
 -1.28495321e-01 -1.32294327e-01 -1.36104301e-01 -1.39919430e-01 -1.43735886e-01
 -1.47550210e-01 -1.51358753e-01 -1.55157328e-01 -1.58940926e-01 -1.62703663e-01
 -1.66439041e-01 -1.70140803e-01 -1.73680067e-01 -1.77097514e-01 -1.80377483e-01
 -1.83490545e-01 -1.86395884e-01 -1.89046487e-01 -1.91395342e-01 -1.93398520e-01
 -1.95016816e-01 -1.96216479e-01 -1.96969435e-01 -1.97252929e-01 -1.97049081e-01
 -1.96344376e-01 -1.95128977e-01 -1.93396360e-01 -1.91143513e-01 -1.88373789e-01
 -1.85098723e-01 -1.81338280e-01 -1.77114531e-01 -1.72487840e-01 -1.67581022e-01
 -1.62310660e-01 -1.56716481e-01 -1.50831863e-01 -1.44672573e-01 -1.38260782e-01
 -1.31616920e-01 -1.24763846e-01 -1.17727950e-01 -1.10539787e-01 -1.03234686e-01
 -9.58534777e-02 -8.84431228e-02 -8.10569450e-02 -7.37543777e-02 -6.65997639e-02
 -5.96602410e-02 -5.30025661e-02 -4.66893427e-02 -4.07750681e-02 -3.53027284e-02
 -3.03014517e-02 -2.57855915e-02 -2.17552967e-02 -1.81984305e-02 -1.50933769e-02
 -1.09824270e-01 -1.11336537e-01 -1.15710929e-01 -1.20080613e-01 -1.24192178e-01
 -1.28313377e-01 -1.32478133e-01 -1.36685207e-01 -1.40928626e-01 -1.45203158e-01
 -1.49504855e-01 -1.53830528e-01 -1.58177063e-01 -1.62540808e-01 -1.66917130e-01
 -1.71300769e-01 -1.75570831e-01 -1.79759085e-01 -1.83857515e-01 -1.87829837e-01
 -1.91624910e-01 -1.95185602e-01 -1.98454827e-01 -2.01379865e-01 -2.03914613e-01
 -2.06020489e-01 -2.07666263e-01 -2.08827347e-01 -2.09484756e-01 -2.09624007e-01
 -2.09234014e-01 -2.08306268e-01 -2.06834152e-01 -2.04812855e-01 -2.02239648e-01
 -1.99114576e-01 -1.95441544e-01 -1.91230595e-01 -1.86504766e-01 -1.81304187e-01
 -1.75681606e-01 -1.69759765e-01 -1.63628370e-01 -1.57218352e-01 -1.50586501e-01
 -1.43742293e-01 -1.36707932e-01 -1.29511163e-01 -1.22182794e-01 -1.14756405e-01
 -1.07268557e-01 -9.97590348e-02 -9.22708511e-02 -8.48500431e-02 -7.75449574e-02
 -7.04052597e-02 -6.34805560e-02 -5.68187684e-02 -5.04645966e-02 -4.44580354e-02
 -3.88332419e-02 -3.36176567e-02 -2.88314298e-02 -2.44871601e-02 -2.05899514e-02
 -1.10449687e-01 -1.12538837e-01 -1.15703955e-01 -1.19623840e-01 -1.23904057e-01
 -1.28354892e-01 -1.32905275e-01 -1.37527779e-01 -1.42210960e-01 -1.46949947e-01
 -1.51742905e-01 -1.56589493e-01 -1.61489874e-01 -1.66443318e-01 -1.71444789e-01
 -1.76371291e-01 -1.81266680e-01 -1.86122254e-01 -1.90896064e-01 -1.95527330e-01
 -1.99947789e-01 -2.04089835e-01 -2.07891822e-01 -2.11300895e-01 -2.14274079e-01
 -2.16777951e-01 -2.18787581e-01 -2.20284909e-01 -2.21257076e-01 -2.21694902e-01
 -2.21591473e-01 -2.20941171e-01 -2.19738975e-01 -2.17980102e-01 -2.15659976e-01
 -2.12774366e-01 -2.09319904e-01 -2.05295175e-01 -2.00702906e-01 -1.95553258e-01
 -1.89869046e-01 -1.83696985e-01 -1.77112311e-01 -1.70242906e-01 -1.63351819e-01
 -1.56224072e-01 -1.48906678e-01 -1.41437873e-01 -1.33849740e-01 -1.26173243e-01
 -1.18439868e-01 -1.10682048e-01 -1.02933444e-01 -9.52289775e-02 -8.76048282e-02
 -8.00982341e-02 -7.27473870e-02 -6.55912980e-02 -5.86698800e-02 -5.20240366e-02
 -4.56956699e-02 -3.97270471e-02 -3.41590568e-02 -2.90285014e-02 -2.43653227e-02
 -1.08053043e-01 -1.09968908e-01 -1.13880306e-01 -1.18674807e-01 -1.23579375e-01
 -1.28525957e-01 -1.33526698e-01 -1.38589889e-01 -1.43720612e-01 -1.48923203e-01
 -1.54202268e-01 -1.59563556e-01 -1.65015161e-01 -1.70570984e-01 -1.76073775e-01
 -1.81588829e-01 -1.87114984e-01 -1.92607880e-01 -1.97998345e-01 -2.03207031e-01
 -2.08154842e-01 -2.12769970e-01 -2.16991752e-01 -2.20772088e-01 -2.24075198e-01
 -2.26876229e-01 -2.29159117e-01 -2.30914384e-01 -2.32136756e-01 -2.32823148e-01
 -2.32971117e-01 -2.32577801e-01 -2.31639326e-01 -2.30150715e-01 -2.28106037e-01
 -2.25498796e-01 -2.22322270e-01 -2.18569994e-01 -2.14236453e-01 -2.09318355e-01
 -2.03817457e-01 -1.97746098e-01 -1.91136256e-01 -1.84055701e-01 -1.76629439e-01
 -1.69046178e-01 -1.61307111e-01 -1.53450966e-01 -1.45493105e-01 -1.37456015e-01
 -1.29364371e-01 -1.21242493e-01 -1.13114372e-01 -1.05004087e-01 -9.69362482e-02
 -8.89363885e-02 -8.10316727e-02 -7.32519701e-02 -6.56316206e-02 -5.82118556e-02
 -5.10437600e-02 -4.41902652e-02 -3.77242044e-02 -3.17185484e-02 -2.62327809e-02
 -1.06341161e-01 -1.08135104e-01 -1.12721793e-01 -1.18194275e-01 -1.23590663e-01
 -1.28975168e-01 -1.34396642e-01 -1.39879137e-01 -1.45437419e-01 -1.51082441e-01
 -1.56823158e-01 -1.62666902e-01 -1.68618083e-01 -1.74673364e-01 -1.80735782e-01
 -1.86842173e-01 -1.92960829e-01 -1.99021250e-01 -2.04935357e-01 -2.10612476e-01
 -2.15969175e-01 -2.20934853e-01 -2.25454301e-01 -2.29487821e-01 -2.33009815e-01
 -2.36006469e-01 -2.38472745e-01 -2.40409344e-01 -2.41819650e-01 -2.42707312e-01
 -2.43074298e-01 -2.42919847e-01 -2.42239997e-01 -2.41027877e-01 -2.39274457e-01
 -2.36969367e-01 -2.34101966e-01 -2.30661973e-01 -2.26639971e-01 -2.22027451e-01
 -2.16817319e-01 -2.11005270e-01 -2.04593405e-01 -1.97597802e-01 -1.90060750e-01
 -1.82067513e-01 -1.73767954e-01 -1.65469632e-01 -1.57062784e-01 -1.48579165e-01
 -1.40045464e-01 -1.31477892e-01 -1.22889325e-01 -1.14291646e-01 -1.05696470e-01
 -9.71155167e-02 -8.85613710e-02 -8.00488815e-02 -7.15979934e-02 -6.32388666e-02
 -5.50208911e-02 -4.70276400e-02 -3.93973254e-02 -3.23219858e-02 -2.59084497e-02
 -1.06875665e-01 -1.09078355e-01 -1.13249198e-01 -1.18520312e-01 -1.24101534e-01
 -1.29788443e-01 -1.35552794e-01 -1.41400859e-01 -1.47344828e-01 -1.53397352e-01
 -1.59570917e-01 -1.65878966e-01 -1.72339126e-01 -1.78823575e-01 -1.85392097e-01
 -1.92025244e-01 -1.98653549e-01 -2.05181569e-01 -2.11506635e-01 -2.17531741e-01
 -2.23173544e-01 -2.28366435e-01 -2.33063668e-01 -2.37236500e-01 -2.40871772e-01
 -2.43968666e-01 -2.46534839e-01 -2.48582393e-01 -2.50124246e-01 -2.51170993e-01
 -2.51728863e-01 -2.51798600e-01 -2.51375079e-01 -2.50448197e-01 -2.49003798e-01
 -2.47025296e-01 -2.44495392e-01 -2.41397604e-01 -2.37717405e-01 -2.33442575e-01
 -2.28562728e-01 -2.23068595e-01 -2.16951728e-01 -2.10206360e-01 -2.02835605e-01
 -1.94864854e-01 -1.86366260e-01 -1.77496791e-01 -1.68528855e-01 -1.59505889e-01
 -1.50475278e-01 -1.41419515e-01 -1.32332206e-01 -1.23210505e-01 -1.14051796e-01
 -1.04851976e-01 -9.56045985e-02 -8.63007903e-02 -7.69301802e-02 -6.74836114e-02
 -5.79596870e-02 -4.83809076e-02 -3.88394743e-02 -2.96612382e-02 -2.15027761e-02
 -1.05475649e-01 -1.07295386e-01 -1.12759277e-01 -1.18956715e-01 -1.24926008e-01
 -1.30904809e-01 -1.36961415e-01 -1.43121660e-01 -1.49401680e-01 -1.55814663e-01
 -1.62371919e-01 -1.69081703e-01 -1.75944507e-01 -1.82879373e-01 -1.89916044e-01
 -1.97003633e-01 -2.04047516e-01 -2.10935637e-01 -2.17556790e-01 -2.23812193e-01
 -2.29622066e-01 -2.34928444e-01 -2.39695325e-01 -2.43906885e-01 -2.47564271e-01
 -2.50681192e-01 -2.53279060e-01 -2.55381912e-01 -2.57012010e-01 -2.58186162e-01
 -2.58913368e-01 -2.59194493e-01 -2.59022564e-01 -2.58383781e-01 -2.57258862e-01
 -2.55624682e-01 -2.53455848e-01 -2.50726998e-01 -2.47415513e-01 -2.43502572e-01
 -2.38973737e-01 -2.33817905e-01 -2.28025317e-01 -2.21585616e-01 -2.14487761e-01
 -2.06724823e-01 -1.98306978e-01 -1.89285621e-01 -1.79788589e-01 -1.70061707e-01
 -1.60599813e-01 -1.51081711e-01 -1.41508460e-01 -1.31874651e-01 -1.22169666e-01
 -1.12376675e-01 -1.02470912e-01 -9.24174786e-02 -8.21682140e-02 -7.16570318e-02
 -6.07918128e-02 -4.94375303e-02 -3.73707265e-02 -2.41015479e-02 -7.42773572e-03
 -1.07782736e-01 -1.10311665e-01 -1.14680305e-01 -1.20202422e-01 -1.26155660e-01
 -1.32293120e-01 -1.38568893e-01 -1.44984931e-01 -1.51552513e-01 -1.58284649e-01
 -1.65195838e-01 -1.72305271e-01 -1.79479763e-01 -1.86792970e-01 -1.94218963e-01
 -2.01670617e-01 -2.09030390e-01 -2.16173559e-01 -2.22984135e-01 -2.29364648e-01
 -2.35241294e-01 -2.40565792e-01 -2.45314822e-01 -2.49487326e-01 -2.53100336e-01
 -2.56183505e-01 -2.58772969e-01 -2.60903686e-01 -2.62604147e-01 -2.63893545e-01
 -2.64781088e-01 -2.65265882e-01 -2.65337884e-01 -2.64979243e-01 -2.64165938e-01
 -2.62869567e-01 -2.61059433e-01 -2.58704096e-01 -2.55772889e-01 -2.52237409e-01
 -2.48074532e-01 -2.43268356e-01 -2.37808377e-01 -2.31686160e-01 -2.24891543e-01
 -2.17410773e-01 -2.09230497e-01 -2.00351834e-01 -1.90819770e-01 -1.80772439e-01
 -1.70508340e-01 -1.60525784e-01 -1.50486946e-01 -1.40379220e-01 -1.30187079e-01
 -1.19886525e-01 -1.09441705e-01 -9.88014266e-02 -8.78940374e-02 -7.66195357e-02
 -6.48376942e-02 -5.23506887e-02 -3.88807394e-02 -2.40380112e-02 -7.17885420e-03
 -1.06113240e-01 -1.08036622e-01 -1.14533484e-01 -1.21233560e-01 -1.27510667e-01
 -1.33826897e-01 -1.40281856e-01 -1.46905974e-01 -1.53713480e-01 -1.60714030e-01
 -1.67913124e-01 -1.75306097e-01 -1.82805598e-01 -1.90456629e-01 -1.98203593e-01
 -2.05936104e-01 -2.13521570e-01 -2.20827848e-01 -2.27737784e-01 -2.34157756e-01
 -2.40022063e-01 -2.45293975e-01 -2.49964640e-01 -2.54049480e-01 -2.57583141e-01
 -2.60611922e-01 -2.63182908e-01 -2.65337050e-01 -2.67105520e-01 -2.68508196e-01
 -2.69553185e-01 -2.70237356e-01 -2.70547181e-01 -2.70460218e-01 -2.69946963e-01
 -2.68973112e-01 -2.67502099e-01 -2.65497357e-01 -2.62924075e-01 -2.59750307e-01
 -2.55947411e-01 -2.51490533e-01 -2.46362612e-01 -2.40554854e-01 -2.34061673e-01
 -2.26874784e-01 -2.18979850e-01 -2.10360542e-01 -2.01015502e-01 -1.90994084e-01
 -1.80454314e-01 -1.69734642e-01 -1.59275770e-01 -1.48748562e-01 -1.38152257e-01
 -1.27466381e-01 -1.16655298e-01 -1.05667815e-01 -9.44339707e-02 -8.28588456e-02
 -7.08130747e-02 -5.81189431e-02 -4.45334613e-02 -2.97710467e-02 -1.40505517e-02
 -1.10391058e-01 -1.13316610e-01 -1.17683329e-01 -1.23110615e-01 -1.29107282e-01
 -1.35429591e-01 -1.41997218e-01 -1.48789659e-01 -1.55806944e-01 -1.63058892e-01
 -1.70564473e-01 -1.78138137e-01 -1.85891598e-01 -1.93811402e-01 -2.01805726e-01
 -2.09742084e-01 -2.17475906e-01 -2.24870533e-01 -2.31810033e-01 -2.38206625e-01
 -2.44004279e-01 -2.49179438e-01 -2.53739059e-01 -2.57716477e-01 -2.61163801e-01
 -2.64138669e-01 -2.66694367e-01 -2.68875003e-01 -2.70713001e-01 -2.72228211e-01
 -2.73427755e-01 -2.74306357e-01 -2.74847150e-01 -2.75023103e-01 -2.74798930e-01
 -2.74133533e-01 -2.72983164e-01 -2.71304458e-01 -2.69057512e-01 -2.66207635e-01
 -2.62725860e-01 -2.58587807e-01 -2.53772497e-01 -2.48263881e-01 -2.42055818e-01
 -2.35146344e-01 -2.27529287e-01 -2.19190046e-01 -2.10111007e-01 -2.00293750e-01
 -1.89804584e-01 -1.78847551e-01 -1.67855367e-01 -1.56911775e-01 -1.45982757e-01
 -1.35034695e-01 -1.24031909e-01 -1.12933598e-01 -1.01691104e-01 -9.02453437e-02
 -7.85241127e-02 -6.64382726e-02 -5.38734496e-02 -4.06679884e-02 -2.67340988e-02
 -1.09970309e-01 -1.12629384e-01 -1.17882602e-01 -1.24056213e-01 -1.30353108e-01
 -1.36845574e-01 -1.43564150e-01 -1.50517136e-01 -1.57710031e-01 -1.65150225e-01
 -1.72847524e-01 -1.80649519e-01 -1.88642949e-01 -1.96788430e-01 -2.04973817e-01
 -2.13053405e-01 -2.20876008e-01 -2.28303894e-01 -2.35224545e-01 -2.41557583e-01
 -2.47257888e-01 -2.52315968e-01 -2.56755233e-01 -2.60626674e-01 -2.63994724e-01
 -2.66923696e-01 -2.69470483e-01 -2.71681011e-01 -2.73588479e-01 -2.75212735e-01
 -2.76560217e-01 -2.77624041e-01 -2.78384715e-01 -2.78811216e-01 -2.78862685e-01
 -2.78490961e-01 -2.77644068e-01 -2.76270270e-01 -2.74322152e-01 -2.71760285e-01
 -2.68554688e-01 -2.64684051e-01 -2.60132611e-01 -2.54886478e-01 -2.48933852e-01
 -2.42271975e-01 -2.34901905e-01 -2.26817578e-01 -2.18001485e-01 -2.08433524e-01
 -1.98120624e-01 -1.87153786e-01 -1.75793320e-01 -1.64559588e-01 -1.53420836e-01
 -1.42339066e-01 -1.31289214e-01 -1.20250337e-01 -1.09203830e-01 -9.81352329e-02
 -8.70395228e-02 -7.59328380e-02 -6.48774952e-02 -5.40346690e-02 -4.37442102e-02
 -1.11156173e-01 -1.14111446e-01 -1.19055487e-01 -1.25073925e-01 -1.31455049e-01
 -1.38081104e-01 -1.44943193e-01 -1.52045339e-01 -1.59393102e-01 -1.66992083e-01
 -1.74848571e-01 -1.82846308e-01 -1.91038147e-01 -1.99360982e-01 -2.07686827e-01
 -2.15860784e-01 -2.23728091e-01 -2.31151894e-01 -2.38024414e-01 -2.44273424e-01
 -2.49865174e-01 -2.54804105e-01 -2.59129763e-01 -2.62906790e-01 -2.66207308e-01
 -2.69099712e-01 -2.71643043e-01 -2.73884416e-01 -2.75857657e-01 -2.77582854e-01
 -2.79066175e-01 -2.80299872e-01 -2.81262636e-01 -2.81920314e-01 -2.82227278e-01
 -2.82128781e-01 -2.81564564e-01 -2.80473471e-01 -2.78798878e-01 -2.76494026e-01
 -2.73525327e-01 -2.69873202e-01 -2.65528649e-01 -2.60487229e-01 -2.54743099e-01
 -2.48289376e-01 -2.41127342e-01 -2.33259022e-01 -2.24674746e-01 -2.15351388e-01
 -2.05268532e-01 -1.94450557e-01 -1.83040604e-01 -1.71400458e-01 -1.60195380e-01
 -1.49076611e-01 -1.38061553e-01 -1.27156422e-01 -1.16368204e-01 -1.05711721e-01
 -9.52164456e-02 -8.49351063e-02 -7.49543831e-02 -6.54043704e-02 -5.64570464e-02
 -1.11497022e-01 -1.14464834e-01 -1.19636014e-01 -1.25864863e-01 -1.32387042e-01
 -1.39139682e-01 -1.46130010e-01 -1.53366402e-01 -1.60854816e-01 -1.68596044e-01
 -1.76578611e-01 -1.84725955e-01 -1.93066582e-01 -2.01518297e-01 -2.09940270e-01
 -2.18170568e-01 -2.26052165e-01 -2.33449861e-01 -2.40260884e-01 -2.46421054e-01
 -2.51907408e-01 -2.56737322e-01 -2.60964304e-01 -2.64662057e-01 -2.67907441e-01
 -2.70771414e-01 -2.73314416e-01 -2.75584340e-01 -2.77615637e-01 -2.79428720e-01
 -2.81029969e-01 -2.82411337e-01 -2.83550411e-01 -2.84410924e-01 -2.84943521e-01
 -2.85087943e-01 -2.84776419e-01 -2.83938646e-01 -2.82508105e-01 -2.80428946e-01
 -2.77661771e-01 -2.74186015e-01 -2.69997925e-01 -2.65103549e-01 -2.59509146e-01
 -2.53214478e-01 -2.46216938e-01 -2.38521650e-01 -2.30128109e-01 -2.21020013e-01
 -2.11171389e-01 -2.00577632e-01 -1.89319998e-01 -1.77668199e-01 -1.66204289e-01
 -1.54997915e-01 -1.44007966e-01 -1.33225903e-01 -1.22660220e-01 -1.12332292e-01
 -1.02276564e-01 -9.25424919e-02 -8.31960142e-02 -7.43187368e-02 -6.60024732e-02
 -1.11839056e-01 -1.14829808e-01 -1.20172054e-01 -1.26549065e-01 -1.33171260e-01
 -1.40019402e-01 -1.47113606e-01 -1.54469147e-01 -1.62101373e-01 -1.70030549e-01
 -1.78042814e-01 -1.86274499e-01 -1.94712400e-01 -2.03250334e-01 -2.11733907e-01
 -2.19994426e-01 -2.27872878e-01 -2.35235661e-01 -2.41984650e-01 -2.48062894e-01
 -2.53456831e-01 -2.58195013e-01 -2.62341380e-01 -2.65975505e-01 -2.69177228e-01
 -2.72018999e-01 -2.74562180e-01 -2.76855260e-01 -2.78933108e-01 -2.80816704e-01
 -2.82512635e-01 -2.84012944e-01 -2.85294771e-01 -2.86320448e-01 -2.87038028e-01
 -2.87383139e-01 -2.87281811e-01 -2.86655873e-01 -2.85429627e-01 -2.83538133e-01
 -2.80934811e-01 -2.77596235e-01 -2.73521572e-01 -2.68725485e-01 -2.63226867e-01
 -2.57037133e-01 -2.50156850e-01 -2.42588565e-01 -2.34337583e-01 -2.25395218e-01
 -2.15736195e-01 -2.05338612e-01 -1.94234118e-01 -1.82593346e-01 -1.70835376e-01
 -1.59703836e-01 -1.48785308e-01 -1.38112456e-01 -1.27710924e-01 -1.17607638e-01
 -1.07834756e-01 -9.84312594e-02 -8.94429758e-02 -8.09208676e-02 -7.29175061e-02
 -1.12707622e-01 -1.15901344e-01 -1.20999388e-01 -1.27193555e-01 -1.33804530e-01
 -1.40693590e-01 -1.47848755e-01 -1.55277595e-01 -1.62990853e-01 -1.70999825e-01
 -1.79097205e-01 -1.87416822e-01 -1.95935920e-01 -2.04539254e-01 -2.13066012e-01
 -2.21344218e-01 -2.29214311e-01 -2.36544579e-01 -2.43240893e-01 -2.49252334e-01
 -2.54572928e-01 -2.59240121e-01 -2.63324857e-01 -2.66910374e-01 -2.70078391e-01
 -2.72902280e-01 -2.75443852e-01 -2.77752012e-01 -2.79861987e-01 -2.81795055e-01
 -2.83558130e-01 -2.85143375e-01 -2.86527693e-01 -2.87672669e-01 -2.88524717e-01
 -2.89016455e-01 -2.89069682e-01 -2.88600206e-01 -2.87525088e-01 -2.85771757e-01
 -2.83287108e-01 -2.80044258e-01 -2.76043266e-01 -2.71305025e-01 -2.65858412e-01
 -2.59726048e-01 -2.52915710e-01 -2.45428219e-01 -2.37270966e-01 -2.28441626e-01
 -2.18919381e-01 -2.08678231e-01 -1.97729886e-01 -1.86203629e-01 -1.74460873e-01
 -1.63209066e-01 -1.52261689e-01 -1.41623750e-01 -1.31307885e-01 -1.21332571e-01
 -1.11721411e-01 -1.02502503e-01 -9.37073082e-02 -8.53689685e-02 -7.75198936e-02
 -1.12192839e-01 -1.15129046e-01 -1.20882250e-01 -1.27501607e-01 -1.34198293e-01
 -1.41115084e-01 -1.48301318e-01 -1.55772150e-01 -1.63535133e-01 -1.71596527e-01
 -1.79761231e-01 -1.88150153e-01 -1.96731672e-01 -2.05384329e-01 -2.13943437e-01
 -2.22235218e-01 -2.30100065e-01 -2.37407848e-01 -2.44067490e-01 -2.50032425e-01
 -2.55302161e-01 -2.59920269e-01 -2.63962060e-01 -2.67512977e-01 -2.70655781e-01
 -2.73464352e-01 -2.76000738e-01 -2.78313935e-01 -2.80439317e-01 -2.82398254e-01
 -2.84197748e-01 -2.85829961e-01 -2.87271708e-01 -2.88483948e-01 -2.89412081e-01
 -2.89987087e-01 -2.90128052e-01 -2.89747208e-01 -2.88757116e-01 -2.87080377e-01
 -2.84659594e-01 -2.81465262e-01 -2.77497798e-01 -2.72781610e-01 -2.67351866e-01
 -2.61238486e-01 -2.54455179e-01 -2.47003153e-01 -2.38890037e-01 -2.30117202e-01
 -2.20667481e-01 -2.10514784e-01 -1.99662745e-01 -1.88219711e-01 -1.76509336e-01
 -1.65185556e-01 -1.54209599e-01 -1.43579602e-01 -1.33301660e-01 -1.23388208e-01
 -1.13856681e-01 -1.04728140e-01 -9.60258991e-02 -8.77738595e-02 -7.99947158e-02
 -1.13848940e-01 -1.17284656e-01 -1.22071952e-01 -1.27905011e-01 -1.34366408e-01
 -1.41234234e-01 -1.48429886e-01 -1.55930221e-01 -1.63730443e-01 -1.71831995e-01
 -1.80043742e-01 -1.88480362e-01 -1.97105393e-01 -2.05793753e-01 -2.14378431e-01
 -2.22684443e-01 -2.30552018e-01 -2.37851813e-01 -2.44494438e-01 -2.50435770e-01
 -2.55678445e-01 -2.60269374e-01 -2.64286160e-01 -2.67815292e-01 -2.70940065e-01
 -2.73734540e-01 -2.76260734e-01 -2.78567493e-01 -2.80690014e-01 -2.82649517e-01
 -2.84452736e-01 -2.86091655e-01 -2.87542611e-01 -2.88766265e-01 -2.89707452e-01
 -2.90296316e-01 -2.90451050e-01 -2.90082693e-01 -2.89102525e-01 -2.87431866e-01
 -2.85012394e-01 -2.81814188e-01 -2.77838081e-01 -2.73109823e-01 -2.67666399e-01
 -2.61539757e-01 -2.54745156e-01 -2.47284263e-01 -2.39164859e-01 -2.30389103e-01
 -2.20940724e-01 -2.10793808e-01 -1.99950963e-01 -1.88517392e-01 -1.76810831e-01
 -1.65476665e-01 -1.54498070e-01 -1.43873110e-01 -1.33607298e-01 -1.23712108e-01
 -1.14203535e-01 -1.05100766e-01 -9.64248255e-02 -8.81969929e-02 -8.04372355e-02
 -1.11245088e-01 -1.14020370e-01 -1.20246857e-01 -1.27133206e-01 -1.33933946e-01
 -1.40929639e-01 -1.48190007e-01 -1.55734792e-01 -1.63572282e-01 -1.71708331e-01
 -1.79949969e-01 -1.88414678e-01 -1.97066322e-01 -2.05779120e-01 -2.14385092e-01
 -2.22708464e-01 -2.30588987e-01 -2.37897143e-01 -2.44543716e-01 -2.50485033e-01
 -2.55724370e-01 -2.60309309e-01 -2.64317930e-01 -2.67837018e-01 -2.70949841e-01
 -2.73730367e-01 -2.76240319e-01 -2.78528184e-01 -2.80628711e-01 -2.82562554e-01
 -2.84335911e-01 -2.85940081e-01 -2.87351012e-01 -2.88528860e-01 -2.89418280e-01
 -2.89949626e-01 -2.90041775e-01 -2.89607078e-01 -2.88558811e-01 -2.86820889e-01
 -2.84337550e-01 -2.81081051e-01 -2.77053118e-01 -2.72278458e-01 -2.66791373e-01
 -2.60620058e-01 -2.53776431e-01 -2.46261939e-01 -2.38084957e-01 -2.29245737e-01
 -2.19725907e-01 -2.09499925e-01 -1.98576167e-01 -1.87074617e-01 -1.75339520e-01
 -1.64054453e-01 -1.53099582e-01 -1.42478928e-01 -1.32203147e-01 -1.22287810e-01
 -1.12752318e-01 -1.03619061e-01 -9.49122682e-02 -8.66565034e-02 -7.88749754e-02
 -1.12076320e-01 -1.15335070e-01 -1.20402806e-01 -1.26612723e-01 -1.33318931e-01
 -1.40334949e-01 -1.47630274e-01 -1.55206442e-01 -1.63070947e-01 -1.71232343e-01
 -1.79487437e-01 -1.87962875e-01 -1.96626544e-01 -2.05354258e-01 -2.13978410e-01
 -2.22322837e-01 -2.30226517e-01 -2.37558931e-01 -2.44229630e-01 -2.50193477e-01
 -2.55451947e-01 -2.60050863e-01 -2.64067024e-01 -2.67586678e-01 -2.70692647e-01
 -2.73458511e-01 -2.75945514e-01 -2.78201520e-01 -2.80260473e-01 -2.82142222e-01
 -2.83852071e-01 -2.85380423e-01 -2.86702514e-01 -2.87778229e-01 -2.88552523e-01
 -2.88956940e-01 -2.88912743e-01 -2.88336068e-01 -2.87145436e-01 -2.85270661e-01
 -2.82661766e-01 -2.79294908e-01 -2.75172383e-01 -2.70315379e-01 -2.64750957e-01
 -2.58498579e-01 -2.51563549e-01 -2.43948430e-01 -2.35661313e-01 -2.26697996e-01
 -2.17036694e-01 -2.06655264e-01 -1.95578784e-01 -1.83962300e-01 -1.72200128e-01
 -1.61010608e-01 -1.50083914e-01 -1.39448002e-01 -1.29125327e-01 -1.19139001e-01
 -1.09515183e-01 -1.00283593e-01 -9.14769396e-02 -8.31293538e-02 -7.52741173e-02
 -1.10270381e-01 -1.13161765e-01 -1.18875585e-01 -1.25573903e-01 -1.32408813e-01
 -1.39464691e-01 -1.46778479e-01 -1.54364616e-01 -1.62234142e-01 -1.70402154e-01
 -1.78660959e-01 -1.87136859e-01 -1.95802227e-01 -2.04536915e-01 -2.13175640e-01
 -2.21543014e-01 -2.29477555e-01 -2.36847267e-01 -2.43559346e-01 -2.49565497e-01
 -2.54863381e-01 -2.59494364e-01 -2.63532370e-01 -2.67062038e-01 -2.70165384e-01
 -2.72915214e-01 -2.75372088e-01 -2.77583003e-01 -2.79580951e-01 -2.81384587e-01
 -2.82998085e-01 -2.84410924e-01 -2.85597593e-01 -2.86517978e-01 -2.87118018e-01
 -2.87331671e-01 -2.87084430e-01 -2.86298633e-01 -2.84900516e-01 -2.82828420e-01
 -2.80039877e-01 -2.76515245e-01 -2.72255957e-01 -2.67276555e-01 -2.61593223e-01
 -2.55213708e-01 -2.48137578e-01 -2.40370989e-01 -2.31918707e-01 -2.22770184e-01
 -2.12902412e-01 -2.02307612e-01 -1.91053897e-01 -1.79383814e-01 -1.67836800e-01
 -1.56587124e-01 -1.45606413e-01 -1.34892896e-01 -1.24458835e-01 -1.14326343e-01
 -1.04526266e-01 -9.50977877e-02 -8.60875696e-02 -7.75476918e-02 -6.95319027e-02
 -1.10045768e-01 -1.13132663e-01 -1.18277326e-01 -1.24582894e-01 -1.31322786e-01
 -1.38355270e-01 -1.45658240e-01 -1.53226539e-01 -1.61056936e-01 -1.69143111e-01
 -1.77468508e-01 -1.85959220e-01 -1.94622084e-01 -2.03354508e-01 -2.11999938e-01
 -2.20386654e-01 -2.28353843e-01 -2.35768065e-01 -2.42533386e-01 -2.48596996e-01
 -2.53950775e-01 -2.58629411e-01 -2.62701720e-01 -2.66249657e-01 -2.69353688e-01
 -2.72085577e-01 -2.74504900e-01 -2.76657611e-01 -2.78575480e-01 -2.80275941e-01
 -2.81761974e-01 -2.83022016e-01 -2.84030288e-01 -2.84747124e-01 -2.85120487e-01
 -2.85088122e-01 -2.84581453e-01 -2.83530861e-01 -2.81872213e-01 -2.79553413e-01
 -2.76539326e-01 -2.72813112e-01 -2.68372744e-01 -2.63223290e-01 -2.57367909e-01
 -2.50803977e-01 -2.43532464e-01 -2.35560060e-01 -2.26884082e-01 -2.17486709e-01
 -2.07348138e-01 -1.96485817e-01 -1.85026094e-01 -1.73303768e-01 -1.61952153e-01
 -1.50760978e-01 -1.39749750e-01 -1.28932297e-01 -1.18325740e-01 -1.07955143e-01
 -9.78571102e-02 -8.80828351e-02 -7.87000805e-02 -6.97923824e-02 -6.14536442e-02
 -1.08550861e-01 -1.11459680e-01 -1.16748683e-01 -1.23180032e-01 -1.29950047e-01
 -1.36993065e-01 -1.44301638e-01 -1.51868284e-01 -1.59686968e-01 -1.67753965e-01
 -1.76068529e-01 -1.84525684e-01 -1.93150282e-01 -2.01852411e-01 -2.10483178e-01
 -2.18874514e-01 -2.26866245e-01 -2.34323159e-01 -2.41145551e-01 -2.47274891e-01
 -2.52695739e-01 -2.57434011e-01 -2.61550695e-01 -2.65123516e-01 -2.68230587e-01
 -2.70942032e-01 -2.73316205e-01 -2.75397807e-01 -2.77217358e-01 -2.78791040e-01
 -2.80120671e-01 -2.81194121e-01 -2.81985730e-01 -2.82457232e-01 -2.82559603e-01
 -2.82235831e-01 -2.81424671e-01 -2.80065745e-01 -2.78104842e-01 -2.75498778e-01
 -2.72217929e-01 -2.68245488e-01 -2.63573229e-01 -2.58195192e-01 -2.52103746e-01
 -2.45294914e-01 -2.37773538e-01 -2.29540452e-01 -2.20583856e-01 -2.10884660e-01
 -2.00443313e-01 -1.89335912e-01 -1.77801967e-01 -1.66345820e-01 -1.55036405e-01
 -1.43848658e-01 -1.32772803e-01 -1.21806867e-01 -1.10956192e-01 -1.00236073e-01
 -8.96772668e-02 -7.93342814e-02 -6.92960694e-02 -5.96957169e-02 -5.07088341e-02
 -1.07002117e-01 -1.09796830e-01 -1.15051091e-01 -1.21489704e-01 -1.28293768e-01
 -1.35384515e-01 -1.42735317e-01 -1.50327474e-01 -1.58151522e-01 -1.66205198e-01
 -1.74491197e-01 -1.82882711e-01 -1.91432998e-01 -2.00069889e-01 -2.08654940e-01
 -2.17025295e-01 -2.25022227e-01 -2.32509062e-01 -2.39382103e-01 -2.45576456e-01
 -2.51068175e-01 -2.55872786e-01 -2.60040641e-01 -2.63642907e-01 -2.66754031e-01
 -2.69441873e-01 -2.71763116e-01 -2.73761064e-01 -2.75464982e-01 -2.76889890e-01
 -2.78036892e-01 -2.78893679e-01 -2.79435545e-01 -2.79626578e-01 -2.79421896e-01
 -2.78770715e-01 -2.77619839e-01 -2.75918067e-01 -2.73620129e-01 -2.70689517e-01
 -2.67099112e-01 -2.62829304e-01 -2.57864386e-01 -2.52190202e-01 -2.45798409e-01
 -2.38690689e-01 -2.30867833e-01 -2.22321093e-01 -2.13033363e-01 -2.02997595e-01
 -1.92259938e-01 -1.80993080e-01 -1.69593349e-01 -1.58392280e-01 -1.47226036e-01
 -1.36088416e-01 -1.24967434e-01 -1.13848388e-01 -1.02716200e-01 -9.15586352e-02
 -8.03723112e-02 -6.91748559e-02 -5.80305867e-02 -4.71042842e-02 -3.67426351e-02
 -1.05375320e-01 -1.08181290e-01 -1.13058850e-01 -1.19364247e-01 -1.26313835e-01
 -1.33568615e-01 -1.41031966e-01 -1.48681909e-01 -1.56518459e-01 -1.64549604e-01
 -1.72787189e-01 -1.81079745e-01 -1.89515784e-01 -1.98045388e-01 -2.06543863e-01
 -2.14856014e-01 -2.22826183e-01 -2.30317235e-01 -2.37221912e-01 -2.43468970e-01
 -2.49025404e-01 -2.53895432e-01 -2.58116245e-01 -2.61749387e-01 -2.64863700e-01
 -2.67523676e-01 -2.69783795e-01 -2.71685749e-01 -2.73257554e-01 -2.74513334e-01
 -2.75453955e-01 -2.76067674e-01 -2.76331395e-01 -2.76212513e-01 -2.75671154e-01
 -2.74663031e-01 -2.73142844e-01 -2.71067291e-01 -2.68397778e-01 -2.65101522e-01
 -2.61151224e-01 -2.56523579e-01 -2.51198888e-01 -2.45166242e-01 -2.38424301e-01
 -2.30972290e-01 -2.22802639e-01 -2.13900775e-01 -2.04258263e-01 -1.93905741e-01
 -1.82970688e-01 -1.71756163e-01 -1.60811335e-01 -1.49844885e-01 -1.38850659e-01
 -1.27812713e-01 -1.16705857e-01 -1.05495386e-01 -9.41360444e-02 -8.25704262e-02
 -7.07267448e-02 -5.85152619e-02 -4.58199754e-02 -3.24762985e-02 -1.83946285e-02
 -9.71461982e-02 -9.80647504e-02 -1.07543536e-01 -1.16446324e-01 -1.24209173e-01
 -1.31793723e-01 -1.39399111e-01 -1.47092402e-01 -1.54908225e-01 -1.62873477e-01
 -1.71016872e-01 -1.79170907e-01 -1.87448099e-01 -1.95820779e-01 -2.04181090e-01
 -2.12384701e-01 -2.20281586e-01 -2.27735877e-01 -2.34637976e-01 -2.40910828e-01
 -2.46512562e-01 -2.51435697e-01 -2.55703509e-01 -2.59363919e-01 -2.62477309e-01
 -2.65103221e-01 -2.67292976e-01 -2.69086272e-01 -2.70509839e-01 -2.71577299e-01
 -2.72289634e-01 -2.72636265e-01 -2.72596598e-01 -2.72141755e-01 -2.71237046e-01
 -2.69844413e-01 -2.67925113e-01 -2.65441775e-01 -2.62359917e-01 -2.58648366e-01
 -2.54279673e-01 -2.49231890e-01 -2.43493676e-01 -2.37061366e-01 -2.29932234e-01
 -2.22099289e-01 -2.13551432e-01 -2.04284787e-01 -1.94330424e-01 -1.83803022e-01
 -1.72968313e-01 -1.62308976e-01 -1.51636750e-01 -1.40930027e-01 -1.30166754e-01
 -1.19318947e-01 -1.08348817e-01 -9.72048491e-02 -8.58169124e-02 -7.40894079e-02
 -6.18912987e-02 -4.90418598e-02 -3.52933630e-02 -2.03542300e-02 -4.44679474e-03
 -1.01404116e-01 -1.03747763e-01 -1.08825862e-01 -1.15643211e-01 -1.23038858e-01
 -1.30567402e-01 -1.38142034e-01 -1.45768330e-01 -1.53468847e-01 -1.61265746e-01
 -1.69175521e-01 -1.77202865e-01 -1.85286656e-01 -1.93446890e-01 -2.01604933e-01
 -2.09634200e-01 -2.17394292e-01 -2.24753216e-01 -2.31600553e-01 -2.37854600e-01
 -2.43465260e-01 -2.48413771e-01 -2.52709568e-01 -2.56384909e-01 -2.59487599e-01
 -2.62069464e-01 -2.64177203e-01 -2.65847743e-01 -2.67106324e-01 -2.67966121e-01
 -2.68428653e-01 -2.68484980e-01 -2.68117189e-01 -2.67300278e-01 -2.66004324e-01
 -2.64196455e-01 -2.61842847e-01 -2.58910328e-01 -2.55367577e-01 -2.51186967e-01
 -2.46348709e-01 -2.40842015e-01 -2.34661475e-01 -2.27802649e-01 -2.20258713e-01
 -2.12022007e-01 -2.03094795e-01 -1.93514183e-01 -1.83395073e-01 -1.72987953e-01
 -1.62730083e-01 -1.52444527e-01 -1.42124400e-01 -1.31756887e-01 -1.21323101e-01
 -1.10796228e-01 -1.00138672e-01 -8.92980918e-02 -7.82016963e-02 -6.67479336e-02
 -5.47940582e-02 -4.21383008e-02 -2.84968410e-02 -1.34709254e-02  3.59765091e-03
 -9.73841846e-02 -9.82106477e-02 -1.06208310e-01 -1.14787087e-01 -1.22482687e-01
 -1.29978299e-01 -1.37426004e-01 -1.44880757e-01 -1.52376086e-01 -1.59938887e-01
 -1.67592570e-01 -1.75358847e-01 -1.83145612e-01 -1.91000044e-01 -1.98866382e-01
 -2.06634745e-01 -2.14175299e-01 -2.21361071e-01 -2.28082046e-01 -2.34252840e-01
 -2.39816085e-01 -2.44742468e-01 -2.49028310e-01 -2.52690911e-01 -2.55762458e-01
 -2.58282930e-01 -2.60291874e-01 -2.61821955e-01 -2.62896240e-01 -2.63527125e-01
 -2.63716698e-01 -2.63457656e-01 -2.62734741e-01 -2.61526436e-01 -2.59806871e-01
 -2.57547528e-01 -2.54719049e-01 -2.51293510e-01 -2.47248158e-01 -2.42566869e-01
 -2.37239510e-01 -2.31259719e-01 -2.24622086e-01 -2.17320845e-01 -2.09352776e-01
 -2.00728029e-01 -1.91492394e-01 -1.81764618e-01 -1.71787471e-01 -1.61986336e-01
 -1.52139664e-01 -1.42255113e-01 -1.32334307e-01 -1.22373372e-01 -1.12362623e-01
 -1.02285728e-01 -9.21181366e-02 -8.18248838e-02 -7.13574365e-02 -6.06488511e-02
 -4.96054702e-02 -3.80896516e-02 -2.58730948e-02 -1.24546112e-02  4.41550510e-03
 -1.02212563e-01 -1.04309984e-01 -1.09264329e-01 -1.15917608e-01 -1.23034209e-01
 -1.30206585e-01 -1.37366831e-01 -1.44526467e-01 -1.51711583e-01 -1.58948869e-01
 -1.66263163e-01 -1.73677802e-01 -1.81074500e-01 -1.88527659e-01 -1.96004957e-01
 -2.03414679e-01 -2.10639209e-01 -2.17558280e-01 -2.24063605e-01 -2.30067372e-01
 -2.35506028e-01 -2.40340814e-01 -2.44555950e-01 -2.48154908e-01 -2.51155198e-01
 -2.53582746e-01 -2.55465835e-01 -2.56830215e-01 -2.57695079e-01 -2.58071274e-01
 -2.57960886e-01 -2.57357925e-01 -2.56249547e-01 -2.54617602e-01 -2.52440602e-01
 -2.49696240e-01 -2.46364012e-01 -2.42426768e-01 -2.37871543e-01 -2.32689232e-01
 -2.26873279e-01 -2.20418528e-01 -2.13322043e-01 -2.05587938e-01 -1.97239235e-01
 -1.88338622e-01 -1.79016843e-01 -1.69504613e-01 -1.60133615e-01 -1.50711626e-01
 -1.41251773e-01 -1.31764948e-01 -1.22259460e-01 -1.12740830e-01 -1.03211455e-01
 -9.36703756e-02 -8.41131881e-02 -7.45323226e-02 -6.49181828e-02 -5.52620329e-02
 -4.55628820e-02 -3.58442180e-02 -2.62014251e-02 -1.69713683e-02 -8.82538687e-03
 -1.02032527e-01 -1.03184655e-01 -1.09699994e-01 -1.17337666e-01 -1.24391437e-01
 -1.31229177e-01 -1.37990266e-01 -1.44735575e-01 -1.51501626e-01 -1.58315718e-01
 -1.65201142e-01 -1.72179222e-01 -1.79100305e-01 -1.86061800e-01 -1.93053976e-01
 -2.00004384e-01 -2.06809640e-01 -2.13358179e-01 -2.19545335e-01 -2.25282371e-01
 -2.30500922e-01 -2.35154122e-01 -2.39215404e-01 -2.42675528e-01 -2.45538548e-01
 -2.47817099e-01 -2.49527723e-01 -2.50686705e-01 -2.51306921e-01 -2.51395732e-01
 -2.50954390e-01 -2.49978185e-01 -2.48457700e-01 -2.46380270e-01 -2.43731886e-01
 -2.40498930e-01 -2.36669481e-01 -2.32233837e-01 -2.27184460e-01 -2.21515581e-01
 -2.15223670e-01 -2.08310097e-01 -2.00788155e-01 -1.92696914e-01 -1.84123442e-01
 -1.75237373e-01 -1.66308507e-01 -1.57294288e-01 -1.48241371e-01 -1.39154688e-01
 -1.30046248e-01 -1.20931059e-01 -1.11825027e-01 -1.02743976e-01 -9.37032849e-02
 -8.47178698e-02 -7.58028403e-02 -6.69749081e-02 -5.82553260e-02 -4.96751331e-02
 -4.12844084e-02 -3.31677049e-02 -2.54649296e-02 -1.83697864e-02 -1.19836330e-02
 -1.08183019e-01 -1.10193215e-01 -1.14833869e-01 -1.20789237e-01 -1.26942858e-01
 -1.33104816e-01 -1.39277622e-01 -1.45477965e-01 -1.51721299e-01 -1.58022612e-01
 -1.64397687e-01 -1.70863450e-01 -1.77236035e-01 -1.83627889e-01 -1.90048382e-01
 -1.96444139e-01 -2.02727705e-01 -2.08798602e-01 -2.14558139e-01 -2.19918758e-01
 -2.24809110e-01 -2.29175910e-01 -2.32983425e-01 -2.36211315e-01 -2.38851532e-01
 -2.40904674e-01 -2.42376253e-01 -2.43273437e-01 -2.43602455e-01 -2.43366972e-01
 -2.42567256e-01 -2.41200402e-01 -2.39260942e-01 -2.36741900e-01 -2.33635813e-01
 -2.29935586e-01 -2.25634992e-01 -2.20728964e-01 -2.15214193e-01 -2.09090948e-01
 -2.02367276e-01 -1.95067152e-01 -1.87243775e-01 -1.79000393e-01 -1.70498729e-01
 -1.62068784e-01 -1.53493822e-01 -1.44814432e-01 -1.36065528e-01 -1.27274930e-01
 -1.18468784e-01 -1.09673455e-01 -1.00915998e-01 -9.22241956e-02 -8.36264491e-02
 -7.51518458e-02 -6.68305233e-02 -5.86945526e-02 -5.07795848e-02 -4.31272760e-02
 -3.57882492e-02 -2.88241170e-02 -2.23054178e-02 -1.63014978e-02 -1.08666001e-02
 -1.14156879e-01 -1.16530836e-01 -1.20267279e-01 -1.24974452e-01 -1.30145267e-01
 -1.35534674e-01 -1.41044736e-01 -1.46636158e-01 -1.52294993e-01 -1.58020049e-01
 -1.63818613e-01 -1.69706911e-01 -1.75482884e-01 -1.81250945e-01 -1.87032402e-01
 -1.92792103e-01 -1.98460385e-01 -2.03950822e-01 -2.09173784e-01 -2.14045778e-01
 -2.18495026e-01 -2.22464085e-01 -2.25910172e-01 -2.28803977e-01 -2.31127381e-01
 -2.32870758e-01 -2.34030247e-01 -2.34605178e-01 -2.34596089e-01 -2.34003291e-01
 -2.32826233e-01 -2.31063232e-01 -2.28711739e-01 -2.25768670e-01 -2.22230926e-01
 -2.18095869e-01 -2.13362083e-01 -2.08030984e-01 -2.02109843e-01 -1.95617497e-01
 -1.88593358e-01 -1.81112438e-01 -1.73292205e-01 -1.65372714e-01 -1.57264233e-01
 -1.49022684e-01 -1.40657276e-01 -1.32190019e-01 -1.23648919e-01 -1.15065120e-01
 -1.06472217e-01 -9.79062170e-02 -8.94053802e-02 -8.10098350e-02 -7.27610886e-02
 -6.47013411e-02 -5.68728782e-02 -4.93176244e-02 -4.20768671e-02 -3.51912789e-02
 -2.87008565e-02 -2.26443652e-02 -1.70577932e-02 -1.19718444e-02 -7.40952278e-03
 -1.17238782e-01 -1.19048648e-01 -1.23505615e-01 -1.28458098e-01 -1.33264080e-01
 -1.38131097e-01 -1.43075243e-01 -1.48085117e-01 -1.53149933e-01 -1.58263192e-01
 -1.63420811e-01 -1.68616980e-01 -1.73836246e-01 -1.78969398e-01 -1.84070706e-01
 -1.89131916e-01 -1.94105953e-01 -1.98924229e-01 -2.03509763e-01 -2.07786471e-01
 -2.11685270e-01 -2.15147465e-01 -2.18125969e-01 -2.20585018e-01 -2.22498909e-01
 -2.23850086e-01 -2.24627271e-01 -2.24823475e-01 -2.24434495e-01 -2.23457709e-01
 -2.21891358e-01 -2.19734102e-01 -2.16985032e-01 -2.13643834e-01 -2.09711477e-01
 -2.05191374e-01 -2.00091705e-01 -1.94429487e-01 -1.88236758e-01 -1.81571573e-01
 -1.74521163e-01 -1.67264208e-01 -1.59756541e-01 -1.52036563e-01 -1.44121081e-01
 -1.36034533e-01 -1.27800897e-01 -1.19447514e-01 -1.11006208e-01 -1.02513529e-01
 -9.40108597e-02 -8.55444670e-02 -7.71651193e-02 -6.89273477e-02 -6.08881563e-02
 -5.31052165e-02 -4.56347279e-02 -3.85291725e-02 -3.18351798e-02 -2.55918298e-02
 -1.98295228e-02 -1.45693887e-02 -9.82323475e-03 -5.59393037e-03 -1.87617959e-03
 -1.22498967e-01 -1.24861054e-01 -1.28209561e-01 -1.32233366e-01 -1.36527553e-01
 -1.40916288e-01 -1.45348623e-01 -1.49809599e-01 -1.54294208e-01 -1.58800870e-01
 -1.63329259e-01 -1.67879283e-01 -1.72451347e-01 -1.76893979e-01 -1.81266591e-01
 -1.85575530e-01 -1.89791337e-01 -1.93862334e-01 -1.97725415e-01 -2.01314390e-01
 -2.04565898e-01 -2.07423136e-01 -2.09837824e-01 -2.11770713e-01 -2.13191241e-01
 -2.14076385e-01 -2.14409456e-01 -2.14178741e-01 -2.13376284e-01 -2.11997047e-01
 -2.10038155e-01 -2.07498804e-01 -2.04380319e-01 -2.00687125e-01 -1.96428418e-01
 -1.91620886e-01 -1.86292574e-01 -1.80490851e-01 -1.74281895e-01 -1.67804420e-01
 -1.61016345e-01 -1.53946266e-01 -1.46609485e-01 -1.39025241e-01 -1.31213099e-01
 -1.23194903e-01 -1.14995480e-01 -1.06643923e-01 -9.81749222e-02 -8.96299556e-02
 -8.10582712e-02 -7.25175068e-02 -6.40737340e-02 -5.58005571e-02 -4.77769934e-02
 -4.00840417e-02 -3.28000821e-02 -2.59957202e-02 -1.97288115e-02 -1.40405521e-02
 -8.95325746e-03 -4.47014160e-03 -5.77071623e-04  2.75410013e-03  5.56130614e-03
 -1.25186116e-01 -1.26645818e-01 -1.31367475e-01 -1.35910571e-01 -1.40012696e-01
 -1.44005373e-01 -1.47949249e-01 -1.51865095e-01 -1.55764773e-01 -1.59656912e-01
 -1.63548008e-01 -1.67442754e-01 -1.71344340e-01 -1.75075412e-01 -1.78697541e-01
 -1.82226837e-01 -1.85647801e-01 -1.88923940e-01 -1.92006260e-01 -1.94840133e-01
 -1.97370544e-01 -1.99545726e-01 -2.01319501e-01 -2.02652454e-01 -2.03512162e-01
 -2.03872889e-01 -2.03714952e-01 -2.03023851e-01 -2.01789662e-01 -2.00006455e-01
 -1.97672248e-01 -1.94789231e-01 -1.91364691e-01 -1.87412784e-01 -1.82959437e-01
 -1.78045243e-01 -1.72721878e-01 -1.67101696e-01 -1.61120966e-01 -1.54806331e-01
 -1.48169607e-01 -1.41224295e-01 -1.33983225e-01 -1.26459956e-01 -1.18669353e-01
 -1.10628702e-01 -1.02358922e-01 -9.38862562e-02 -8.52441713e-02 -7.64755756e-02
 -6.76352084e-02 -5.87918311e-02 -5.00298589e-02 -4.14494686e-02 -3.31642218e-02
 -2.52953470e-02 -1.79625899e-02 -1.12729482e-02 -5.30957757e-03 -1.23299236e-04
  4.27176664e-03  7.89781474e-03  1.08082909e-02  1.30789606e-02  1.47969183e-02
 -1.31645918e-01 -1.33998230e-01 -1.37077063e-01 -1.40582412e-01 -1.44142225e-01
 -1.47621423e-01 -1.51011109e-01 -1.54332399e-01 -1.57607466e-01 -1.60853639e-01
 -1.64083198e-01 -1.67304501e-01 -1.70522898e-01 -1.73541591e-01 -1.76417336e-01
 -1.79169759e-01 -1.81792557e-01 -1.84261486e-01 -1.86540619e-01 -1.88587457e-01
 -1.90357134e-01 -1.91805571e-01 -1.92891851e-01 -1.93579674e-01 -1.93838239e-01
 -1.93642423e-01 -1.92972690e-01 -1.91814870e-01 -1.90160051e-01 -1.88004673e-01
 -1.85351551e-01 -1.82211012e-01 -1.78601369e-01 -1.74545109e-01 -1.70093000e-01
 -1.65339932e-01 -1.60196349e-01 -1.54690698e-01 -1.48830757e-01 -1.42625406e-01
 -1.36081815e-01 -1.29206300e-01 -1.22004598e-01 -1.14482462e-01 -1.06646404e-01
 -9.85047072e-02 -9.00688693e-02 -8.13555866e-02 -7.23894536e-02 -6.32065013e-02
 -5.38588017e-02 -4.44200709e-02 -3.49917300e-02 -2.57081073e-02 -1.67377051e-02
 -8.27618130e-03 -5.27768629e-04  6.32223161e-03  1.21345324e-02  1.68341249e-02
  2.04180945e-02  2.29542851e-02  2.45706253e-02  2.54338495e-02  2.57208254e-02
 -1.36277497e-01 -1.38056368e-01 -1.42057151e-01 -1.45870164e-01 -1.49029464e-01
 -1.51905134e-01 -1.54625520e-01 -1.57256573e-01 -1.59835964e-01 -1.62385494e-01
 -1.64917856e-01 -1.67441279e-01 -1.69964179e-01 -1.72289029e-01 -1.74448058e-01
 -1.76455662e-01 -1.78309858e-01 -1.79995567e-01 -1.81488231e-01 -1.82757244e-01
 -1.83768675e-01 -1.84487790e-01 -1.84881255e-01 -1.84918910e-01 -1.84575021e-01
 -1.83829129e-01 -1.82665721e-01 -1.81074843e-01 -1.79052427e-01 -1.76599622e-01
 -1.73726887e-01 -1.70460030e-01 -1.66850090e-01 -1.62850052e-01 -1.58479020e-01
 -1.53754383e-01 -1.48674145e-01 -1.43241137e-01 -1.37457207e-01 -1.31323248e-01
 -1.24838777e-01 -1.18001841e-01 -1.10809080e-01 -1.03255957e-01 -9.53370929e-02
 -8.70469734e-02 -7.83810318e-02 -6.93374127e-02 -5.99197559e-02 -5.01415059e-02
 -4.00325619e-02 -2.96492483e-02 -1.90889928e-02 -8.51050671e-03  1.84302859e-03
  1.16323531e-02  2.04553232e-02  2.79397145e-02  3.38288695e-02  3.80024239e-02
  4.04759198e-02  4.13995199e-02  4.10550646e-02  3.98203507e-02  3.80689986e-02
 -1.45500988e-01 -1.48162305e-01 -1.50695309e-01 -1.52997360e-01 -1.55044124e-01
 -1.56940073e-01 -1.58771276e-01 -1.60580859e-01 -1.62386239e-01 -1.64191693e-01
 -1.65994465e-01 -1.67786777e-01 -1.69554800e-01 -1.71272859e-01 -1.72778055e-01
 -1.74096733e-01 -1.75235942e-01 -1.76189870e-01 -1.76944703e-01 -1.77481815e-01
 -1.77778155e-01 -1.77808493e-01 -1.77547723e-01 -1.76973060e-01 -1.76066294e-01
 -1.74817204e-01 -1.73216850e-01 -1.71262473e-01 -1.68961570e-01 -1.66309536e-01
 -1.63305998e-01 -1.59956411e-01 -1.56267896e-01 -1.52238756e-01 -1.47871032e-01
 -1.43166795e-01 -1.38125226e-01 -1.32744074e-01 -1.27019420e-01 -1.20945454e-01
 -1.14514224e-01 -1.07715316e-01 -1.00535572e-01 -9.29588303e-02 -8.49656388e-02
 -7.65330940e-02 -6.76348507e-02 -5.82414716e-02 -4.83216085e-02 -3.78445126e-02
 -2.67850999e-02 -1.51334992e-02 -2.91273743e-03  9.78732947e-03  2.27370001e-02
  3.53975818e-02  4.67170626e-02  5.56587428e-02  6.19872697e-02  6.54993281e-02
  6.62642345e-02  6.45090342e-02  6.06326461e-02  5.58183454e-02  5.10129593e-02
 -1.56638190e-01 -1.60191506e-01 -1.61241740e-01 -1.61358252e-01 -1.61697894e-01
 -1.62319615e-01 -1.63132444e-01 -1.64070427e-01 -1.65090352e-01 -1.66161433e-01
 -1.67259812e-01 -1.68366089e-01 -1.69464260e-01 -1.70542181e-01 -1.71407476e-01
 -1.72076240e-01 -1.72552630e-01 -1.72832459e-01 -1.72908291e-01 -1.72778875e-01
 -1.72429875e-01 -1.71842530e-01 -1.70997351e-01 -1.69875398e-01 -1.68457896e-01
 -1.66771874e-01 -1.64799869e-01 -1.62532777e-01 -1.59966528e-01 -1.57098383e-01
 -1.53927162e-01 -1.50452957e-01 -1.46676004e-01 -1.42595157e-01 -1.38208583e-01
 -1.33513257e-01 -1.28504395e-01 -1.23175241e-01 -1.17516749e-01 -1.11517347e-01
 -1.05162501e-01 -9.84342396e-02 -9.13105011e-02 -8.37643296e-02 -7.57628381e-02
 -6.72658384e-02 -5.82241453e-02 -4.85774390e-02 -3.82517353e-02 -2.71566492e-02
 -1.51828714e-02 -2.20092759e-03  1.19376704e-02  2.73980610e-02  4.43875641e-02
  6.35053590e-02  8.58187824e-02  9.12061408e-02  1.01271838e-01  1.02505788e-01
  9.97928306e-02  9.82880816e-02  8.20275620e-02  7.07557052e-02  6.21434972e-02
 -1.65882602e-01 -1.70382112e-01 -1.69764832e-01 -1.68185964e-01 -1.67428687e-01
 -1.67148814e-01 -1.67165250e-01 -1.67377189e-01 -1.67717189e-01 -1.68135956e-01
 -1.68596178e-01 -1.69069648e-01 -1.69537008e-01 -1.69990495e-01 -1.70243010e-01
 -1.70304358e-01 -1.70170814e-01 -1.69827461e-01 -1.69244826e-01 -1.68511435e-01
 -1.67593375e-01 -1.66467920e-01 -1.65118352e-01 -1.63532332e-01 -1.61701769e-01
 -1.59624770e-01 -1.57297269e-01 -1.54715851e-01 -1.51878238e-01 -1.48782924e-01
 -1.45428881e-01 -1.41815051e-01 -1.37939766e-01 -1.33800298e-01 -1.29392356e-01
 -1.24709919e-01 -1.19744845e-01 -1.14486597e-01 -1.08922020e-01 -1.03034951e-01
 -9.68058705e-02 -9.02112499e-02 -8.32227394e-02 -7.58060366e-02 -6.79192245e-02
 -5.95105141e-02 -5.05150296e-02 -4.08502109e-02 -3.04092281e-02 -1.90514959e-02
 -6.58927113e-03  7.23023759e-03  2.27455683e-02  4.04037237e-02  6.08327053e-02
  8.44725743e-02  1.00353137e-01  1.11157529e-01  1.19560815e-01  1.18186563e-01
  1.17359191e-01  1.04789630e-01  8.99352804e-02  7.74937123e-02  6.75602630e-02
 -1.68373615e-01 -1.72215447e-01 -1.73139632e-01 -1.72503129e-01 -1.71662301e-01
 -1.71004549e-01 -1.70559779e-01 -1.70282051e-01 -1.70116693e-01 -1.70014694e-01
 -1.69934615e-01 -1.69841051e-01 -1.69701651e-01 -1.69482008e-01 -1.69135273e-01
 -1.68635383e-01 -1.67965263e-01 -1.67112514e-01 -1.66069910e-01 -1.64841726e-01
 -1.63422555e-01 -1.61804602e-01 -1.59980610e-01 -1.57944947e-01 -1.55694142e-01
 -1.53226763e-01 -1.50542453e-01 -1.47641540e-01 -1.44524932e-01 -1.41193643e-01
 -1.37648344e-01 -1.33888856e-01 -1.29913613e-01 -1.25719249e-01 -1.21300153e-01
 -1.16648257e-01 -1.11752838e-01 -1.06600419e-01 -1.01174608e-01 -9.54560116e-02
 -8.94219354e-02 -8.30459297e-02 -7.62971118e-02 -6.91390336e-02 -6.15281574e-02
 -5.34115098e-02 -4.47233841e-02 -3.53803597e-02 -2.52737533e-02 -1.42575437e-02
 -2.12809606e-03  1.14120776e-02  2.68219709e-02  4.48315889e-02  6.61908090e-02
  8.62532556e-02  9.90919024e-02  1.10406965e-01  1.14396527e-01  1.15285814e-01
  1.10210799e-01  9.76776630e-02  8.52278695e-02  7.47700855e-02  6.60666153e-02
 -1.75030962e-01 -1.80276066e-01 -1.78511843e-01 -1.76163450e-01 -1.74883634e-01
 -1.74003482e-01 -1.73332989e-01 -1.72783524e-01 -1.72294930e-01 -1.71820700e-01
 -1.71323627e-01 -1.70772970e-01 -1.70141980e-01 -1.69405818e-01 -1.68540850e-01
 -1.67527959e-01 -1.66352421e-01 -1.65003285e-01 -1.63473099e-01 -1.61757573e-01
 -1.59853011e-01 -1.57756433e-01 -1.55465931e-01 -1.52981147e-01 -1.50303423e-01
 -1.47435695e-01 -1.44382179e-01 -1.41147971e-01 -1.37738481e-01 -1.34158924e-01
 -1.30413488e-01 -1.26504675e-01 -1.22432604e-01 -1.18194461e-01 -1.13784067e-01
 -1.09191805e-01 -1.04404606e-01 -9.94061753e-02 -9.41772759e-02 -8.86959508e-02
 -8.29376876e-02 -7.68753886e-02 -7.04790652e-02 -6.37152717e-02 -5.65462261e-02
 -4.89285327e-02 -4.08114158e-02 -3.21344212e-02 -2.28243042e-02 -1.27909156e-02
 -1.92153931e-03  9.92708188e-03  2.29403861e-02  3.73560824e-02  5.32549247e-02
  6.71681538e-02  7.68178403e-02  8.55678543e-02  8.87481645e-02  9.04815197e-02
  8.72444287e-02  7.97996894e-02  7.24139661e-02  6.55816644e-02  5.93809113e-02
 -1.72490925e-01 -1.76560432e-01 -1.77904874e-01 -1.77622572e-01 -1.76939994e-01
 -1.76270857e-01 -1.75652921e-01 -1.75042793e-01 -1.74395427e-01 -1.73677728e-01
 -1.72867030e-01 -1.71946913e-01 -1.70903996e-01 -1.69725835e-01 -1.68400273e-01
 -1.66915953e-01 -1.65262833e-01 -1.63432598e-01 -1.61419049e-01 -1.59218222e-01
 -1.56828180e-01 -1.54249012e-01 -1.51482910e-01 -1.48534223e-01 -1.45409480e-01
 -1.42117202e-01 -1.38667732e-01 -1.35072649e-01 -1.31344184e-01 -1.27494186e-01
 -1.23532981e-01 -1.19468175e-01 -1.15303457e-01 -1.11037709e-01 -1.06664553e-01
 -1.02172360e-01 -9.75447521e-02 -9.27614048e-02 -8.77990723e-02 -8.26325491e-02
 -7.72355124e-02 -7.15810284e-02 -6.56418875e-02 -5.93906343e-02 -5.27995229e-02
 -4.58404981e-02 -3.84854190e-02 -3.07069812e-02 -2.24809647e-02 -1.37914186e-02
 -4.64197202e-03  4.91927890e-03  1.47446487e-02  2.44763400e-02  3.35918367e-02
  4.21103984e-02  4.94455174e-02  5.51508367e-02  5.89944050e-02  6.10103086e-02
  6.14118129e-02  6.00482449e-02  5.72674461e-02  5.38165197e-02  5.01451790e-02
 -1.77824289e-01 -1.83659986e-01 -1.81000039e-01 -1.79081261e-01 -1.78541198e-01
 -1.78249046e-01 -1.77904233e-01 -1.77399069e-01 -1.76700681e-01 -1.75807685e-01
 -1.74729541e-01 -1.73476636e-01 -1.72055826e-01 -1.70469016e-01 -1.68713599e-01
 -1.66783869e-01 -1.64672717e-01 -1.62373304e-01 -1.59880325e-01 -1.57190919e-01
 -1.54305100e-01 -1.51225984e-01 -1.47959754e-01 -1.44515574e-01 -1.40905604e-01
 -1.37144998e-01 -1.33251801e-01 -1.29246622e-01 -1.25151813e-01 -1.20990060e-01
 -1.16782337e-01 -1.12545446e-01 -1.08289719e-01 -1.04017235e-01 -9.97209772e-02
 -9.53851789e-02 -9.09867212e-02 -8.64973068e-02 -8.18858966e-02 -7.71210492e-02
 -7.21726418e-02 -6.70130476e-02 -6.16177656e-02 -5.59657402e-02 -5.00396565e-02
 -4.38264385e-02 -3.73183191e-02 -3.05148531e-02 -2.34263930e-02 -1.60798021e-02
 -8.52711499e-03 -8.57164152e-04  6.79335743e-03  1.42408712e-02  2.12792214e-02
  2.76999846e-02  3.32908481e-02  3.78638357e-02  4.12971005e-02  4.35522869e-02
  4.46625985e-02  4.47215848e-02  4.39011976e-02  4.24336456e-02  4.05471288e-02
 -1.68977797e-01 -1.73434213e-01 -1.76443711e-01 -1.78419009e-01 -1.79789379e-01
 -1.80584982e-01 -1.80772558e-01 -1.80420995e-01 -1.79635197e-01 -1.78506613e-01
 -1.77105859e-01 -1.75482631e-01 -1.73666969e-01 -1.71672150e-01 -1.69499055e-01
 -1.67140782e-01 -1.64587095e-01 -1.61827907e-01 -1.58855826e-01 -1.55667737e-01
 -1.52265385e-01 -1.48655266e-01 -1.44848034e-01 -1.40857995e-01 -1.36703029e-01
 -1.32404968e-01 -1.27990574e-01 -1.23492122e-01 -1.18947275e-01 -1.14397064e-01
 -1.09882034e-01 -1.05436854e-01 -1.01084858e-01 -9.68339294e-02 -9.26746801e-02
 -8.85813609e-02 -8.45154375e-02 -8.04310292e-02 -7.62807727e-02 -7.20206797e-02
 -6.76131174e-02 -6.30280152e-02 -5.82430027e-02 -5.32430075e-02 -4.80199195e-02
 -4.25726101e-02 -3.69075313e-02 -3.10400743e-02 -2.49966923e-02 -1.88178401e-02
 -1.25612943e-02 -6.30498724e-03 -1.47709754e-04  5.79400547e-03  1.13929193e-02
  1.65201221e-02  2.10551675e-02  2.48979684e-02  2.79805250e-02  3.02745383e-02
  3.17934602e-02  3.25906463e-02  3.27539854e-02  3.23946513e-02  3.16311605e-02
 -1.65349379e-01 -1.70218289e-01 -1.74872279e-01 -1.79312259e-01 -1.83261782e-01
 -1.85345963e-01 -1.85542554e-01 -1.84893101e-01 -1.83664933e-01 -1.82026848e-01
 -1.80111885e-01 -1.78003132e-01 -1.75740585e-01 -1.73331082e-01 -1.70760319e-01
 -1.68003872e-01 -1.65035650e-01 -1.61833510e-01 -1.58382863e-01 -1.54678658e-01
 -1.50725603e-01 -1.46536559e-01 -1.42129377e-01 -1.37524247e-01 -1.32742867e-01
 -1.27810270e-01 -1.22758538e-01 -1.17631584e-01 -1.12488814e-01 -1.07404366e-01
 -1.02459133e-01 -9.77265090e-02 -9.32578295e-02 -8.90727341e-02 -8.51551741e-02
 -8.14549699e-02 -7.78962374e-02 -7.43922219e-02 -7.08612725e-02 -6.72370344e-02
 -6.34714216e-02 -5.95330074e-02 -5.54039814e-02 -5.10772578e-02 -4.65544499e-02
 -4.18447219e-02 -3.69644947e-02 -3.19377519e-02 -2.67968457e-02 -2.15835012e-02
 -1.63496714e-02 -1.11577809e-02 -6.07983582e-03 -1.19506312e-03  3.41395382e-03
  7.66632613e-03  1.14886230e-02  1.48207583e-02  1.76211763e-02  1.98704228e-02
  2.15725191e-02  2.27539465e-02  2.34602988e-02  2.37509254e-02  2.36923937e-02
 -1.62951797e-01 -1.68448314e-01 -1.74415216e-01 -1.81131944e-01 -1.88708901e-01
 -1.92548126e-01 -1.92829594e-01 -1.91369236e-01 -1.88930705e-01 -1.86296985e-01
 -1.83570862e-01 -1.80839971e-01 -1.78117335e-01 -1.75352350e-01 -1.72472358e-01
 -1.69406652e-01 -1.66094571e-01 -1.62490353e-01 -1.58566058e-01 -1.54313520e-01
 -1.49747685e-01 -1.44901976e-01 -1.39813811e-01 -1.34512424e-01 -1.29016399e-01
 -1.23339124e-01 -1.17499277e-01 -1.11535721e-01 -1.05527423e-01 -9.96111035e-02
 -9.39697698e-02 -8.87743831e-02 -8.41351151e-02 -8.00947249e-02 -7.66250491e-02
 -7.36226216e-02 -7.09107965e-02 -6.82932884e-02 -6.56181499e-02 -6.27929121e-02
 -5.97701669e-02 -5.65309040e-02 -5.30732237e-02 -4.94057238e-02 -4.55439091e-02
 -4.15084735e-02 -3.73246484e-02 -3.30221951e-02 -2.86356807e-02 -2.42047906e-02
 -1.97744537e-02 -1.53945321e-02 -1.11189093e-02 -7.00387778e-03 -3.10584810e-03
  5.21474693e-04  3.83018097e-03  6.78117713e-03  9.34675336e-03  1.15123307e-02
  1.32771302e-02  1.46536417e-02  1.56659465e-02  1.63471214e-02  1.67361237e-02
 -1.60114124e-01 -1.65800095e-01 -1.72187164e-01 -1.79634973e-01 -1.88757360e-01
 -1.94729149e-01 -1.98304355e-01 -1.97433203e-01 -1.94872051e-01 -1.90643921e-01
 -1.86659634e-01 -1.83335721e-01 -1.80405617e-01 -1.77570015e-01 -1.74627572e-01
 -1.71464041e-01 -1.67957366e-01 -1.64031476e-01 -1.59654185e-01 -1.54777631e-01
 -1.49439216e-01 -1.43774375e-01 -1.37891889e-01 -1.31830618e-01 -1.25580728e-01
 -1.19107157e-01 -1.12365328e-01 -1.05316997e-01 -9.79654416e-02 -9.04779434e-02
 -8.34683180e-02 -7.74975643e-02 -7.25387856e-02 -6.88083395e-02 -6.61333129e-02
 -6.45907372e-02 -6.35445490e-02 -6.23541065e-02 -6.08283579e-02 -5.89386262e-02
 -5.67025617e-02 -5.41519895e-02 -5.13224788e-02 -4.82497104e-02 -4.49685007e-02
 -4.15128879e-02 -3.79167311e-02 -3.42143811e-02 -3.04413363e-02 -2.66347099e-02
 -2.28333976e-02 -1.90779269e-02 -1.54098775e-02 -1.18709328e-02 -8.50156415e-03
 -5.33946883e-03 -2.41790712e-03  2.35886997e-04  2.60202703e-03  4.66886582e-03
  6.43332954e-03  7.90064409e-03  9.08348989e-03  1.00006778e-02  1.06755374e-02
 -1.56205267e-01 -1.61495730e-01 -1.67263865e-01 -1.73568711e-01 -1.80294693e-01
 -1.87043846e-01 -1.95021689e-01 -1.96041197e-01 -1.96484864e-01 -1.91254392e-01
 -1.86949044e-01 -1.84130326e-01 -1.82329640e-01 -1.80132374e-01 -1.77194163e-01
 -1.74605295e-01 -1.71146706e-01 -1.66710213e-01 -1.62371844e-01 -1.56712815e-01
 -1.49798393e-01 -1.42916530e-01 -1.36146396e-01 -1.29388168e-01 -1.22521594e-01
 -1.15418173e-01 -1.07931361e-01 -9.98753309e-02 -9.09819826e-02 -8.07493851e-02
 -6.97127730e-02 -6.49433583e-02 -5.70704117e-02 -5.63085228e-02 -5.20631894e-02
 -5.53220510e-02 -5.71674369e-02 -5.76757230e-02 -5.72844818e-02 -5.62204048e-02
 -5.46324588e-02 -5.26279882e-02 -5.02886102e-02 -4.76788543e-02 -4.48515676e-02
 -4.18516658e-02 -3.87188457e-02 -3.54895927e-02 -3.21985893e-02 -2.88796425e-02
 -2.55661774e-02 -2.22913772e-02 -1.90879628e-02 -1.59877203e-02 -1.30207818e-02
 -1.02147823e-02 -7.59396143e-03 -5.17830672e-03 -2.98285647e-03 -1.01722730e-03
  7.14559108e-04  2.21393420e-03  3.48733296e-03  4.54548793e-03  5.40254684e-03
 -1.51434258e-01 -1.56115428e-01 -1.60971299e-01 -1.65938631e-01 -1.70945063e-01
 -1.75893202e-01 -1.80532679e-01 -1.84734792e-01 -1.90686598e-01 -1.84494048e-01
 -1.81884378e-01 -1.80770680e-01 -1.81455418e-01 -1.80493757e-01 -1.76880017e-01
 -1.75858274e-01 -1.72677875e-01 -1.67162925e-01 -1.64172992e-01 -1.57853380e-01
 -1.48892194e-01 -1.41129389e-01 -1.33908898e-01 -1.26887068e-01 -1.19841106e-01
 -1.12590604e-01 -1.04951851e-01 -9.66989100e-02 -8.75179395e-02 -7.69814923e-02
 -6.65578693e-02 -6.07830174e-02 -5.41971475e-02 -5.24728000e-02 -4.98166308e-02
 -5.25097847e-02 -5.49575165e-02 -5.59914373e-02 -5.59922084e-02 -5.52359149e-02
 -5.39130680e-02 -5.21597788e-02 -5.00761755e-02 -4.77374382e-02 -4.52013798e-02
 -4.25140634e-02 -3.97139043e-02 -3.68344523e-02 -3.39062735e-02 -3.09580881e-02
 -2.80174091e-02 -2.51108035e-02 -2.22638752e-02 -1.95010155e-02 -1.68450344e-02
 -1.43166771e-02 -1.19341202e-02 -9.71250050e-03 -7.66352098e-03 -5.79519337e-03
 -4.11173562e-03 -2.61364924e-03 -1.29796483e-03 -1.58635929e-04  8.12957936e-04
  4.18764639e+00  4.47749043e+00  4.75774097e+00  5.03002024e+00  5.28363562e+00
  5.49689579e+00  5.67023802e+00  5.79094887e+00  5.86743116e+00  5.89573479e+00
  5.88719893e+00  5.84620857e+00  5.78250408e+00  5.70350695e+00  5.61413574e+00
  5.51877689e+00  5.42065191e+00  5.32487345e+00  5.23078918e+00  5.14083099e+00
  5.05901718e+00  4.98274517e+00  4.91373491e+00  4.85218668e+00  4.79808426e+00
  4.75056028e+00  4.70904779e+00  4.67356300e+00  4.64297771e+00  4.61856413e+00
  4.59885836e+00  4.58333778e+00  4.57233715e+00  4.56574535e+00  4.56348372e+00
  4.56549788e+00  4.57143736e+00  4.58137226e+00  4.59552002e+00  4.61404467e+00
  4.63701344e+00  4.66455936e+00  4.69693375e+00  4.73427439e+00  4.77721024e+00
  4.82594872e+00  4.88081217e+00  4.94285011e+00  5.01210690e+00  5.08931160e+00
  5.17589235e+00  5.27167320e+00  5.37907028e+00  5.49919844e+00  5.63372612e+00
  5.78541183e+00  5.95759058e+00  6.15598202e+00  6.38547659e+00  6.65423536e+00
  6.97756958e+00  7.37536335e+00  7.90321541e+00  8.73769474e+00  1.20819359e+01
   89   89
  1.07190180e+00  0.00000000e+00  1.07390594e+00  1.00000001e-01  1.07906246e+00
  1.79950118e-01  1.08511329e+00  2.50000000e-01  1.09550250e+00  3.49999994e-01
  1.10562503e+00  4.37170714e-01  1.11265504e+00  5.00000000e-01  1.12255216e+00
  6.00000024e-01  1.13192165e+00  6.99999988e-01  1.13743460e+00  7.50000000e-01
  1.14720094e+00  8.50000024e-01  1.15542102e+00  9.49999988e-01  1.16019070e+00
  1.00000000e+00  1.16486013e+00  1.09243953e+00  1.16644287e+00  1.13487899e+00
  1.23843753e+00  1.11966419e+00  1.29156256e+00  1.10330534e+00  1.31812501e+00
  1.09449756e+00  1.37125003e+00  1.07875943e+00  1.42437506e+00  1.06147611e+00
  1.45519900e+00  1.04999995e+00  1.50406253e+00  1.03212559e+00  1.55718756e+00
  1.00924706e+00  1.58375001e+00  9.96598840e-01  1.63687503e+00  9.69570816e-01
  1.66941273e+00  9.49999988e-01  1.71656251e+00  9.20936704e-01  1.74561191e+00
  8.99999976e-01  1.79624999e+00  8.62270534e-01  1.82281256e+00  8.40491235e-01
  1.86837757e+00  8.00000012e-01  1.90250003e+00  7.68042386e-01  1.92906249e+00
  7.41393209e-01  1.96784794e+00  6.99999988e-01  2.00874996e+00  6.53214097e-01
  2.03531241e+00  6.21222436e-01  2.06187510e+00  5.86861074e-01  2.08843756e+00
  5.49415290e-01  2.12079835e+00  5.00000000e-01  2.15021133e+00  4.49999988e-01
  2.17639899e+00  4.00000006e-01  2.19980383e+00  3.49999994e-01  2.22125006e+00
  2.99667209e-01  2.24781251e+00  2.26270586e-01  2.27020860e+00  1.50000006e-01
  2.28043342e+00  1.00000001e-01  2.29116178e+00  0.00000000e+00  2.28573704e+00
 -1.00000001e-01  2.27437496e+00 -1.62819862e-01  2.25196695e+00 -2.50000000e-01
  2.23578095e+00 -3.00000012e-01  2.21691823e+00 -3.49999994e-01  2.19468760e+00
 -4.00470555e-01  2.16812491e+00 -4.54341501e-01  2.14156246e+00 -5.01959682e-01
  2.11168528e+00 -5.50000012e-01  2.07506275e+00 -6.00000024e-01  2.03531241e+00
 -6.47689164e-01  2.00874996e+00 -6.76290333e-01  1.98218751e+00 -7.02283859e-01
  1.92954671e+00 -7.50000000e-01  1.90250003e+00 -7.72562444e-01  1.86474824e+00
 -8.00000012e-01  1.82281256e+00 -8.28485727e-01  1.78419530e+00 -8.50000024e-01
  1.74312496e+00 -8.71428907e-01  1.69000006e+00 -8.92881691e-01  1.66343749e+00
 -9.01270211e-01  1.61031246e+00 -9.15535212e-01  1.55718756e+00 -9.23726439e-01
  1.50406253e+00 -9.25565958e-01  1.45093751e+00 -9.20137048e-01  1.39781249e+00
 -9.05235887e-01  1.37125003e+00 -8.93477142e-01  1.31812501e+00 -8.59414518e-01
  1.29156256e+00 -8.35036039e-01  1.26146364e+00 -8.00000012e-01  1.22842252e+00
 -7.50000000e-01  1.20233226e+00 -6.99999988e-01  1.18089962e+00 -6.49999976e-01
  1.15875006e+00 -5.86161137e-01  1.13437927e+00 -5.00000000e-01  1.12225926e+00
 -4.49999988e-01  1.10562503e+00 -3.67283463e-01  1.09458375e+00 -3.00000012e-01
  1.08256292e+00 -2.00000003e-01  1.07778084e+00 -1.50000006e-01  1.07264197e+00
 -5.00000007e-02  1.07190180e+00  0.00000000e+00
  1.01600003e+00  0.00000000e+00  1.01600003e+00  9.63999987e-01  1.01800001e+00
  9.67999995e-01  1.01800001e+00  1.00100005e+00  1.01800001e+00  1.01900005e+00
  1.01800001e+00  1.07700002e+00  1.01800001e+00  1.07000005e+00  1.01800001e+00
  1.09599996e+00  1.01800001e+00  1.11300004e+00  1.01800001e+00  1.13800001e+00
  1.01600003e+00  1.14699996e+00  1.01199996e+00  1.16499996e+00  1.00100005e+00
  1.21700001e+00  1.02900004e+00  1.21700001e+00  1.04200006e+00  1.16240001e+00
  1.04600000e+00  1.16237998e+00  1.05599999e+00  1.16260004e+00  1.09700000e+00
  1.16450000e+00  1.10800004e+00  1.16594005e+00  1.11600006e+00  1.16591001e+00
  1.13399994e+00  1.16895998e+00  1.14800000e+00  1.17174995e+00  1.16199994e+00
  1.17556000e+00  1.18099999e+00  1.18299997e+00  1.18200004e+00  1.18350005e+00
  1.18499994e+00  1.18499994e+00  1.19000006e+00  1.18799996e+00  1.19500005e+00
  1.19099998e+00  1.20099998e+00  1.19599998e+00  1.20899999e+00  1.20200002e+00
  1.21500003e+00  1.20799994e+00  1.22200000e+00  1.21399999e+00  1.22800004e+00
  1.22099996e+00  1.23399997e+00  1.23099995e+00  1.23899996e+00  1.23800004e+00
  1.24199998e+00  1.24399996e+00  1.24800003e+00  1.25399995e+00  1.25800002e+00
  1.27800000e+00  1.26300001e+00  1.28999996e+00  1.27999997e+00  1.33099997e+00
  1.27999997e+00  1.34700000e+00  1.27999997e+00  1.34800005e+00  1.30999994e+00
  1.34800005e+00  1.32799995e+00  1.34800005e+00  1.36099994e+00  1.34800005e+00
  1.38000000e+00  1.34800005e+00  1.41900003e+00  1.34800005e+00  1.41900003e+00
  1.30999994e+00  1.37199998e+00  1.30999994e+00  1.37199998e+00  1.29200006e+00
  1.60800004e+00  1.09500003e+00  1.64699996e+00  1.07700002e+00  1.78499997e+00
  1.07700002e+00  2.06999993e+00  1.03999996e+00  2.12800002e+00  9.92999971e-01
  2.24499989e+00  7.08999991e-01  2.32299995e+00  5.18999994e-01  2.37700009e+00
  3.88999999e-01  2.35200000e+00  4.00000006e-01  2.35100007e+00  3.37000012e-01
  2.35100007e+00  2.04999998e-01  2.35400009e+00  6.80000037e-02  2.35400009e+00
  0.00000000e+00  2.35400009e+00 -6.80000037e-02  2.35299993e+00 -2.04999998e-01
  2.35100007e+00 -3.37000012e-01  2.35299993e+00 -4.00000006e-01  2.37700009e+00
 -3.88999999e-01  2.13400006e+00 -9.72999990e-01  1.78600001e+00 -1.17400002e+00
  1.76800001e+00 -1.21099997e+00  1.76800001e+00 -1.25399995e+00  1.68200004e+00
 -1.25399995e+00  1.67400002e+00 -1.26199996e+00  1.67400002e+00 -1.32900000e+00
  1.68099999e+00 -1.33899999e+00  1.75399995e+00 -1.33899999e+00  1.75399995e+00
 -1.36800003e+00  1.68900001e+00 -1.36800003e+00  1.68900001e+00 -1.36600006e+00
  1.55499995e+00 -1.36600006e+00  1.41199994e+00 -1.36600006e+00  1.27300000e+00
 -1.36600006e+00  1.15300000e+00 -1.36600006e+00  1.01600003e+00 -1.22899997e+00
  1.01600003e+00 -8.00000012e-01  1.01600003e+00 -4.14999992e-01  1.01600003e+00
 -4.00000006e-01  1.01600003e+00  0.00000000e+00
    0 0.000000000e+00    0
  0.00000000e+00  1.12234093e-01  1.61504656e-01  2.00957492e-01  2.34153137e-01
  2.65709221e-01  2.94828981e-01  3.21930885e-01  3.47381979e-01  3.71280432e-01
  3.93733919e-01  4.14908737e-01  4.34917241e-01  4.53701019e-01  4.71609503e-01
  4.88449872e-01  5.04533410e-01  5.19870639e-01  5.34440994e-01  5.48405886e-01
  5.61795950e-01  5.74779570e-01  5.87175965e-01  5.99152923e-01  6.10816956e-01
  6.22202516e-01  6.33191407e-01  6.43896103e-01  6.54408514e-01  6.64659739e-01
  6.74743772e-01  6.84636891e-01  6.94350004e-01  7.03890979e-01  7.13306129e-01
  7.22611487e-01  7.31837332e-01  7.40937293e-01  7.49927580e-01  7.58854568e-01
  7.67731607e-01  7.76562572e-01  7.85339117e-01  7.94086576e-01  8.02809298e-01
  8.11526954e-01  8.20227563e-01  8.28974664e-01  8.37725937e-01  8.46499324e-01
  8.55356753e-01  8.64247084e-01  8.73236239e-01  8.82335305e-01  8.91536117e-01
  9.00862634e-01  9.10359681e-01  9.20078397e-01  9.30014312e-01  9.40218270e-01
  9.50764477e-01  9.61737752e-01  9.73274410e-01  9.85632598e-01  1.00000000e+00
    0
