   EFIT?   05/12/98      #102940   546             3  65  65
  1.70000005e+00  3.20000005e+00  1.69550002e+00  8.39999974e-01  0.00000000e+00
  1.78406751e+00 -3.36014619e-03 -2.90290505e-01 -1.48135021e-01 -2.00729442e+00
  8.74352375e+05 -2.90290505e-01  0.00000000e+00  1.78406751e+00  0.00000000e+00
 -3.36014619e-03  0.00000000e+00 -1.48135021e-01  0.00000000e+00  0.00000000e+00
 -3.41556859e+00 -3.41794324e+00 -3.41997886e+00 -3.42170334e+00 -3.42314219e+00
 -3.42431951e+00 -3.42525625e+00 -3.42597270e+00 -3.42648721e+00 -3.42681670e+00
 -3.42697740e+00 -3.42698383e+00 -3.42685008e+00 -3.42658949e+00 -3.42621446e+00
 -3.42573738e+00 -3.42516947e+00 -3.42452240e+00 -3.42380714e+00 -3.42303467e+00
 -3.42221594e+00 -3.42136192e+00 -3.42048192e+00 -3.41958475e+00 -3.41867876e+00
 -3.41777110e+00 -3.41686797e+00 -3.41597533e+00 -3.41509843e+00 -3.41424227e+00
 -3.41341043e+00 -3.41260695e+00 -3.41183519e+00 -3.41109753e+00 -3.41039658e+00
 -3.40973449e+00 -3.40911269e+00 -3.40853238e+00 -3.40799499e+00 -3.40750051e+00
 -3.40704966e+00 -3.40664244e+00 -3.40627813e+00 -3.40595651e+00 -3.40567613e+00
 -3.40543604e+00 -3.40523410e+00 -3.40506840e+00 -3.40493631e+00 -3.40483522e+00
 -3.40476179e+00 -3.40471172e+00 -3.40468121e+00 -3.40466523e+00 -3.40465832e+00
 -3.40465450e+00 -3.40464711e+00 -3.40462828e+00 -3.40459013e+00 -3.40452337e+00
 -3.40441799e+00 -3.40426278e+00 -3.40404510e+00 -3.40375161e+00 -3.40336752e+00
  2.68095547e+04  2.41773809e+04  2.18211543e+04  1.97201992e+04  1.78548672e+04
  1.62064912e+04  1.47573516e+04  1.34906338e+04  1.23903926e+04  1.14415137e+04
  1.06296846e+04  9.94136328e+03  9.36374316e+03  8.88473242e+03  8.49291992e+03
  8.17755566e+03  7.92852539e+03  7.73632764e+03  7.59205420e+03  7.48736816e+03
  7.41448877e+03  7.36617285e+03  7.33569727e+03  7.31684717e+03  7.30389990e+03
  7.29161426e+03  7.27521777e+03  7.25039600e+03  7.21328418e+03  7.16045801e+03
  7.08892578e+03  6.99612354e+03  6.87990625e+03  6.73854688e+03  6.57072949e+03
  6.37554834e+03  6.15250488e+03  5.90150684e+03  5.62286816e+03  5.31731006e+03
  4.98596143e+03  4.63036230e+03  4.25246729e+03  3.85464966e+03  3.43970630e+03
  3.01086426e+03  2.57178687e+03  2.12658374e+03  1.67981775e+03  1.23651624e+03
  8.02181946e+02  3.82804535e+02 -1.51255951e+01 -3.84603424e+02 -7.18093750e+02
 -1.00751465e+03 -1.24421997e+03 -1.41897974e+03 -1.52196057e+03 -1.54270361e+03
 -1.47010168e+03 -1.29237476e+03 -9.97044434e+02 -5.70906067e+02  0.00000000e+00
  3.92374325e+00  3.38205934e+00  2.88444495e+00  2.42727709e+00  2.00728846e+00
  1.62153888e+00  1.26738894e+00  9.42477643e-01  6.44700944e-01  3.72193456e-01
  1.23312034e-01 -1.03378616e-01 -3.09118629e-01 -4.94963825e-01 -6.61795139e-01
 -8.10326159e-01 -9.41109598e-01 -1.05454206e+00 -1.15086746e+00 -1.23017931e+00
 -1.29257834e+00 -1.33917654e+00 -1.37146676e+00 -1.39081824e+00 -1.39848661e+00
 -1.39562476e+00 -1.38329291e+00 -1.36246789e+00 -1.33405197e+00 -1.29888058e+00
 -1.25772977e+00 -1.21132290e+00 -1.16033733e+00 -1.10540986e+00 -1.04714286e+00
 -9.86109078e-01 -9.22857225e-01 -8.57916296e-01 -7.91800439e-01 -7.25013554e-01
 -6.58053577e-01 -5.91416955e-01 -5.25602996e-01 -4.61118132e-01 -3.98480654e-01
 -3.38224947e-01 -2.80906469e-01 -2.27106422e-01 -1.77436993e-01 -1.32546678e-01
 -9.31260586e-02 -5.99137731e-02 -3.37030813e-02 -1.53488265e-02 -5.77495992e-03
 -5.98265184e-03 -1.70591101e-02 -4.01871353e-02 -7.66555369e-02 -1.27870440e-01
 -1.95367709e-01 -2.80826360e-01 -3.86083454e-01 -5.13150156e-01 -6.64229453e-01
 -1.24953975e+06 -1.12053075e+06 -1.00106812e+06 -8.90678688e+05 -7.88909312e+05
 -6.95325875e+05 -6.09512125e+05 -5.31069062e+05 -4.59613625e+05 -3.94778406e+05
 -3.36210281e+05 -2.83570125e+05 -2.36531641e+05 -1.94781000e+05 -1.58015891e+05
 -1.25945031e+05 -9.82873906e+04 -7.47716875e+04 -5.51357227e+04 -3.91258125e+04
 -2.64962637e+04 -1.70088008e+04 -1.04320547e+04 -6.54105322e+03 -5.11672705e+03
 -5.94542725e+03 -8.81845801e+03 -1.35316133e+04 -1.98847344e+04 -2.76812617e+04
 -3.67278164e+04 -4.68337578e+04 -5.78107773e+04 -6.94724766e+04 -8.16339766e+04
 -9.41114766e+04 -1.06721883e+05 -1.19282391e+05 -1.31610094e+05 -1.43521547e+05
 -1.54832422e+05 -1.65357047e+05 -1.74908047e+05 -1.83295891e+05 -1.90328500e+05
 -1.95810797e+05 -1.99544312e+05 -2.01326734e+05 -2.00951469e+05 -1.98207188e+05
 -1.92877297e+05 -1.84739609e+05 -1.73565703e+05 -1.59120500e+05 -1.41161734e+05
 -1.19439438e+05 -9.36953359e+04 -6.36623438e+04 -2.90639355e+04  1.03864414e+04
  5.49860039e+04  1.05043289e+05  1.60878812e+05  2.22825812e+05  2.91230969e+05
 -1.17253348e-01 -1.22279465e-01 -1.27605423e-01 -1.33158118e-01 -1.38823166e-01
 -1.44426137e-01 -1.49557441e-01 -1.54073596e-01 -1.59520313e-01 -1.50172159e-01
 -1.44828618e-01 -1.40942410e-01 -1.38513610e-01 -1.35395423e-01 -1.30599439e-01
 -1.27548561e-01 -1.23333573e-01 -1.17501438e-01 -1.13255493e-01 -1.07018821e-01
 -9.88670662e-02 -9.13838819e-02 -8.41071233e-02 -7.67703503e-02 -6.91746771e-02
 -6.11314997e-02 -5.24225868e-02 -4.27568220e-02 -3.17096375e-02 -1.87756270e-02
 -6.60048285e-03  2.37718617e-04  6.72122790e-03  7.77278980e-03  8.48104712e-03
  3.02054128e-03 -2.89058778e-03 -6.93275547e-03 -9.57725570e-03 -1.12036625e-02
 -1.20650865e-02 -1.23371230e-02 -1.21461637e-02 -1.15857366e-02 -1.07269725e-02
 -9.62575153e-03 -8.32765736e-03 -6.87136268e-03 -5.29089244e-03 -3.61711765e-03
 -1.87868637e-03 -1.02557024e-04  1.68577174e-03  3.46225547e-03  5.20446524e-03
  6.89186063e-03  8.50612111e-03  1.00314841e-02  1.14550432e-02  1.27669591e-02
  1.39605599e-02  1.50323007e-02  1.59816016e-02  1.68105531e-02  1.75235290e-02
 -1.21578731e-01 -1.27504021e-01 -1.34150162e-01 -1.41596496e-01 -1.49645805e-01
 -1.57756865e-01 -1.67655498e-01 -1.67287454e-01 -1.66344002e-01 -1.57736182e-01
 -1.50468707e-01 -1.44943491e-01 -1.40585959e-01 -1.36361107e-01 -1.31893605e-01
 -1.27772376e-01 -1.23225547e-01 -1.18090868e-01 -1.12996444e-01 -1.07073732e-01
 -1.00275345e-01 -9.33729112e-02 -8.63920078e-02 -7.92258754e-02 -7.17406124e-02
 -6.37778267e-02 -5.51373288e-02 -4.55440618e-02 -3.45891416e-02 -2.17211805e-02
 -9.36948881e-03 -2.76725297e-03  4.08970844e-03  5.00063226e-03  6.21947786e-03
  7.43622193e-04 -4.90230927e-03 -8.69107433e-03 -1.11290421e-02 -1.25767216e-02
 -1.32691469e-02 -1.33682257e-02 -1.29910512e-02 -1.22258281e-02 -1.11415070e-02
 -9.79400054e-03 -8.23039468e-03 -6.49187388e-03 -4.61575622e-03 -2.63688201e-03
 -5.88492316e-04  1.49730127e-03  3.58939101e-03  5.65783447e-03  7.67424842e-03
  9.61236656e-03  1.14486851e-02  1.31631158e-02  1.47395525e-02  1.61662884e-02
  1.74362045e-02  1.85467228e-02  1.94995105e-02  2.02999581e-02  2.09565125e-02
 -1.24382749e-01 -1.30857334e-01 -1.38419241e-01 -1.47574723e-01 -1.59140363e-01
 -1.65778264e-01 -1.69694796e-01 -1.67256787e-01 -1.62783176e-01 -1.56047136e-01
 -1.49736896e-01 -1.44323081e-01 -1.39526621e-01 -1.35059953e-01 -1.30716413e-01
 -1.26361579e-01 -1.21869981e-01 -1.17151804e-01 -1.12150922e-01 -1.06805943e-01
 -1.01108126e-01 -9.51103345e-02 -8.88492912e-02 -8.23152140e-02 -7.54625797e-02
 -6.82233498e-02 -6.05160259e-02 -5.22571206e-02 -4.33960781e-02 -3.40987556e-02
 -2.55839564e-02 -1.90992225e-02 -1.41220540e-02 -1.14305327e-02 -1.03274975e-02
 -1.15074180e-02 -1.35016972e-02 -1.51024619e-02 -1.61228962e-02 -1.65812783e-02
 -1.65332165e-02 -1.60390828e-02 -1.51554681e-02 -1.39332861e-02 -1.24181127e-02
 -1.06512615e-02 -8.67104251e-03 -6.51395135e-03 -4.21568053e-03 -1.81190169e-03
  6.61235361e-04  3.16692959e-03  5.66790253e-03  8.12693126e-03  1.05077121e-02
  1.27759809e-02  1.49007859e-02  1.68557651e-02  1.86202694e-02  2.01801769e-02
  2.15282999e-02  2.26643048e-02  2.35941578e-02  2.43291631e-02  2.48847306e-02
 -1.25176013e-01 -1.31342217e-01 -1.38380319e-01 -1.46669418e-01 -1.56210646e-01
 -1.60266176e-01 -1.59988374e-01 -1.57328203e-01 -1.53484657e-01 -1.49404019e-01
 -1.45230547e-01 -1.41105726e-01 -1.37080193e-01 -1.33125871e-01 -1.29181862e-01
 -1.25181347e-01 -1.21062085e-01 -1.16771489e-01 -1.12269089e-01 -1.07527860e-01
 -1.02536045e-01 -9.72942561e-02 -9.18065608e-02 -8.60732272e-02 -8.00903141e-02
 -7.38559142e-02 -6.73827231e-02 -6.07196651e-02 -5.39869070e-02 -4.74163927e-02
 -4.13403027e-02 -3.60674001e-02 -3.17868739e-02 -2.85768081e-02 -2.63977908e-02
 -2.50838641e-02 -2.43238304e-02 -2.37701982e-02 -2.31718570e-02 -2.23888159e-02
 -2.13549174e-02 -2.00457107e-02 -1.84593480e-02 -1.66062806e-02 -1.45039121e-02
 -1.21740000e-02 -9.64155607e-03 -6.93458878e-03 -4.08426486e-03 -1.12522778e-03
  1.90415618e-03  4.96181240e-03  8.00240878e-03  1.09783579e-02  1.38414120e-02
  1.65447611e-02  1.90454721e-02  2.13069674e-02  2.33012624e-02  2.50106174e-02
  2.64283437e-02  2.75586806e-02  2.84156837e-02  2.90213414e-02  2.94031594e-02
 -1.24453336e-01 -1.29637480e-01 -1.34979934e-01 -1.40409797e-01 -1.45364970e-01
 -1.47811428e-01 -1.47865102e-01 -1.46833450e-01 -1.45036444e-01 -1.42699569e-01
 -1.40009210e-01 -1.37093037e-01 -1.34026691e-01 -1.30843922e-01 -1.27549380e-01
 -1.24130689e-01 -1.20567806e-01 -1.16839387e-01 -1.12926781e-01 -1.08816504e-01
 -1.04501255e-01 -9.99796614e-02 -9.52553004e-02 -9.03362110e-02 -8.52362961e-02
 -7.99792036e-02 -7.46046752e-02 -6.91764951e-02 -6.37891963e-02 -5.85675873e-02
 -5.36524318e-02 -4.91736270e-02 -4.52235192e-02 -4.18402962e-02 -3.90012152e-02
 -3.66244949e-02 -3.45831551e-02 -3.27320248e-02 -3.09369080e-02 -2.90917140e-02
 -2.71215327e-02 -2.49780305e-02 -2.26330440e-02 -2.00730320e-02 -1.72951333e-02
 -1.43046752e-02 -1.11138700e-02 -7.74138840e-03 -4.21255874e-03 -5.59957465e-04
  3.17590544e-03  6.94616325e-03  1.06938584e-02  1.43552879e-02  1.78626254e-02
  2.11476982e-02  2.41465867e-02  2.68045217e-02  2.90804170e-02  3.09502780e-02
  3.24089080e-02  3.34696099e-02  3.41619775e-02  3.45279723e-02  3.46168727e-02
 -1.23657741e-01 -1.27975225e-01 -1.31569475e-01 -1.34524435e-01 -1.36876255e-01
 -1.38433725e-01 -1.39103130e-01 -1.38978213e-01 -1.38210297e-01 -1.36937201e-01
 -1.35272235e-01 -1.33303031e-01 -1.31092146e-01 -1.28679693e-01 -1.26087829e-01
 -1.23325631e-01 -1.20393947e-01 -1.17289394e-01 -1.14007428e-01 -1.10544644e-01
 -1.06900208e-01 -1.03076808e-01 -9.90813449e-02 -9.49257687e-02 -9.06283632e-02
 -8.62155482e-02 -8.17239508e-02 -7.72019550e-02 -7.27095529e-02 -6.83150068e-02
 -6.40879124e-02 -6.00894652e-02 -5.63625842e-02 -5.29244877e-02 -4.97633293e-02
 -4.68396433e-02 -4.40924615e-02 -4.14488278e-02 -3.88340130e-02 -3.61796059e-02
 -3.34280729e-02 -3.05341668e-02 -2.74643358e-02 -2.41953228e-02 -2.07127370e-02
 -1.70100145e-02 -1.30880028e-02 -8.95524584e-03 -4.62904759e-03 -1.37282579e-04
  4.47919825e-03  9.16407630e-03  1.38440281e-02  1.84295978e-02  2.28194278e-02
  2.69072205e-02  3.05901691e-02  3.37786525e-02  3.64062302e-02  3.84371802e-02
  3.98696363e-02  4.07347865e-02  4.10929695e-02  4.10257876e-02  4.06242050e-02
 -1.24379851e-01 -1.29284099e-01 -1.29916042e-01 -1.30609706e-01 -1.31719142e-01
 -1.32635713e-01 -1.33185208e-01 -1.33316964e-01 -1.33040518e-01 -1.32392794e-01
 -1.31418809e-01 -1.30161643e-01 -1.28657535e-01 -1.26934111e-01 -1.25010639e-01
 -1.22899257e-01 -1.20606847e-01 -1.18136920e-01 -1.15491375e-01 -1.12672046e-01
 -1.09681882e-01 -1.06525987e-01 -1.03212394e-01 -9.97528881e-02 -9.61637050e-02
 -9.24662128e-02 -8.86873007e-02 -8.48591551e-02 -8.10181499e-02 -7.72024542e-02
 -7.34485239e-02 -6.97868466e-02 -6.62378073e-02 -6.28085509e-02 -5.94914667e-02
 -5.62647469e-02 -5.30948117e-02 -4.99400608e-02 -4.67551202e-02 -4.34947014e-02
 -4.01164442e-02 -3.65826376e-02 -3.28609347e-02 -2.89244521e-02 -2.47515626e-02
 -2.03257762e-02 -1.56359226e-02 -1.06770173e-02 -5.45212906e-03  2.42142632e-05
  5.72046125e-03  1.15798861e-02  1.75109208e-02  2.33816076e-02  2.90291179e-02
  3.42802703e-02  3.89588587e-02  4.29006182e-02  4.59851325e-02  4.81566228e-02
  4.94236127e-02  4.98475209e-02  4.95462902e-02  4.86914366e-02  4.74652350e-02
 -1.20088823e-01 -1.23384550e-01 -1.25489458e-01 -1.26754314e-01 -1.27655163e-01
 -1.28354877e-01 -1.28853768e-01 -1.29124343e-01 -1.29149333e-01 -1.28925741e-01
 -1.28460586e-01 -1.27766058e-01 -1.26855627e-01 -1.25741765e-01 -1.24434642e-01
 -1.22941956e-01 -1.21269099e-01 -1.19419850e-01 -1.17397092e-01 -1.15203656e-01
 -1.12843029e-01 -1.10320024e-01 -1.07641391e-01 -1.04816243e-01 -1.01856463e-01
 -9.87768099e-02 -9.55948755e-02 -9.23305452e-02 -8.90050679e-02 -8.56396109e-02
 -8.22533518e-02 -7.88614824e-02 -7.54732564e-02 -7.20905513e-02 -6.87071085e-02
 -6.53087050e-02 -6.18740506e-02 -5.83763830e-02 -5.47852777e-02 -5.10684662e-02
 -4.71933410e-02 -4.31280136e-02 -3.88418920e-02 -3.43058668e-02 -2.94922348e-02
 -2.43744850e-02 -1.89271588e-02 -1.31260548e-02 -6.94921333e-03 -3.79531150e-04
  6.58918917e-03  1.39387120e-02  2.15961579e-02  2.93689258e-02  3.68614532e-02
  4.38965596e-02  5.01790084e-02  5.53004444e-02  5.89981973e-02  6.12068437e-02
  6.20567910e-02  6.16284572e-02  5.99388927e-02  5.75789884e-02  5.49652614e-02
 -1.19488344e-01 -1.23592705e-01 -1.23686552e-01 -1.23690180e-01 -1.24232255e-01
 -1.24838106e-01 -1.25390753e-01 -1.25836521e-01 -1.26142949e-01 -1.26289874e-01
 -1.26265913e-01 -1.26065806e-01 -1.25688165e-01 -1.25133634e-01 -1.24403737e-01
 -1.23499990e-01 -1.22423694e-01 -1.21175855e-01 -1.19757392e-01 -1.18169419e-01
 -1.16413616e-01 -1.14492588e-01 -1.12410136e-01 -1.10171579e-01 -1.07783809e-01
 -1.05255388e-01 -1.02596283e-01 -9.98174995e-02 -9.69304368e-02 -9.39460099e-02
 -9.08736289e-02 -8.77201110e-02 -8.44886974e-02 -8.11783001e-02 -7.77830407e-02
 -7.42922202e-02 -7.06906095e-02 -6.69590831e-02 -6.30753264e-02 -5.90146072e-02
 -5.47504053e-02 -5.02548143e-02 -4.54986431e-02 -4.04512174e-02 -3.50798294e-02
 -2.93488372e-02 -2.32183784e-02 -1.66426282e-02 -9.56750195e-03 -1.92757358e-03
  6.35807635e-03  1.53916832e-02  2.53053065e-02  3.62718366e-02  4.84670736e-02
  6.07954338e-02  6.92609623e-02  7.68730491e-02  8.12292248e-02  8.29800814e-02
  8.27623531e-02  7.77957886e-02  7.22110197e-02  6.70223683e-02  6.23202212e-02
 -1.14471003e-01 -1.17350280e-01 -1.19073361e-01 -1.20063506e-01 -1.20852463e-01
 -1.21621296e-01 -1.22378789e-01 -1.23094141e-01 -1.23734564e-01 -1.24273404e-01
 -1.24690905e-01 -1.24973074e-01 -1.25110239e-01 -1.25095695e-01 -1.24924645e-01
 -1.24593459e-01 -1.24099158e-01 -1.23439148e-01 -1.22611195e-01 -1.21613391e-01
 -1.20444350e-01 -1.19103312e-01 -1.17590331e-01 -1.15906388e-01 -1.14053451e-01
 -1.12034507e-01 -1.09853394e-01 -1.07514538e-01 -1.05022617e-01 -1.02381989e-01
 -9.95961204e-02 -9.66669768e-02 -9.35944021e-02 -9.03756693e-02 -8.70051533e-02
 -8.34742114e-02 -7.97711983e-02 -7.58816153e-02 -7.17883036e-02 -6.74716532e-02
 -6.29096925e-02 -5.80780655e-02 -5.29496968e-02 -4.74942513e-02 -4.16771062e-02
 -3.54578644e-02 -2.87881065e-02 -2.16080714e-02 -1.38416812e-02 -5.38877165e-03
  3.88761656e-03  1.41832698e-02  2.57932562e-02  3.91846560e-02  5.50258234e-02
  7.22955987e-02  8.41908529e-02  9.37823206e-02  9.97051522e-02  1.01091638e-01
  1.00284487e-01  9.23703238e-02  8.27468112e-02  7.44829848e-02  6.76694810e-02
 -1.12192839e-01 -1.15599878e-01 -1.16298966e-01 -1.16622314e-01 -1.17463030e-01
 -1.18494228e-01 -1.19592167e-01 -1.20691612e-01 -1.21750101e-01 -1.22737519e-01
 -1.23631701e-01 -1.24416009e-01 -1.25077665e-01 -1.25606567e-01 -1.25994414e-01
 -1.26234084e-01 -1.26319125e-01 -1.26243621e-01 -1.26001924e-01 -1.25588655e-01
 -1.24998756e-01 -1.24227583e-01 -1.23270936e-01 -1.22125253e-01 -1.20787650e-01
 -1.19256005e-01 -1.17528945e-01 -1.15605764e-01 -1.13486215e-01 -1.11170247e-01
 -1.08657606e-01 -1.05947413e-01 -1.03037722e-01 -9.99251455e-02 -9.66046080e-02
 -9.30692106e-02 -8.93101394e-02 -8.53165910e-02 -8.10756832e-02 -7.65723363e-02
 -7.17891678e-02 -6.67061806e-02 -6.13003336e-02 -5.55448383e-02 -4.94081043e-02
 -4.28522564e-02 -3.58309634e-02 -2.82863732e-02 -2.01447159e-02 -1.13099702e-02
 -1.65488361e-03  8.99134018e-03  2.08581835e-02  3.42497341e-02  4.95756418e-02
  6.74257129e-02  8.39657634e-02  9.26964134e-02  1.01873092e-01  1.02891088e-01
  1.02910012e-01  9.76428688e-02  8.64301920e-02  7.65607506e-02  6.87056035e-02
 -1.06132768e-01 -1.08737543e-01 -1.10599928e-01 -1.12119541e-01 -1.13674380e-01
 -1.15294330e-01 -1.16932847e-01 -1.18550986e-01 -1.20121107e-01 -1.21622652e-01
 -1.23039432e-01 -1.24358036e-01 -1.25566915e-01 -1.26655772e-01 -1.27615094e-01
 -1.28435805e-01 -1.29109025e-01 -1.29625887e-01 -1.29977494e-01 -1.30154848e-01
 -1.30148947e-01 -1.29950851e-01 -1.29551768e-01 -1.28943235e-01 -1.28117338e-01
 -1.27066910e-01 -1.25785738e-01 -1.24268666e-01 -1.22511610e-01 -1.20511435e-01
 -1.18265703e-01 -1.15772232e-01 -1.13028556e-01 -1.10031426e-01 -1.06776640e-01
 -1.03259258e-01 -9.94734690e-02 -9.54122990e-02 -9.10672843e-02 -8.64282921e-02
 -8.14833045e-02 -7.62180910e-02 -7.06158802e-02 -6.46567866e-02 -5.83171658e-02
 -5.15686758e-02 -4.43770736e-02 -3.67007256e-02 -2.84887962e-02 -1.96791701e-02
 -1.01964464e-02  4.94591077e-05  1.11631714e-02  2.32618712e-02  3.64798233e-02
  5.10779731e-02  6.82902783e-02  7.81468675e-02  8.42318833e-02  9.16160047e-02
  8.80800933e-02  9.00313631e-02  7.98090324e-02  7.05241039e-02  6.38329908e-02
 -9.98487622e-02 -1.02004595e-01 -1.04584366e-01 -1.07264049e-01 -1.09806120e-01
 -1.12212256e-01 -1.14516802e-01 -1.16737545e-01 -1.18879348e-01 -1.20940305e-01
 -1.22915097e-01 -1.24796644e-01 -1.26576826e-01 -1.28246814e-01 -1.29797146e-01
 -1.31217718e-01 -1.32497758e-01 -1.33625790e-01 -1.34589627e-01 -1.35376483e-01
 -1.35973126e-01 -1.36365980e-01 -1.36541083e-01 -1.36484355e-01 -1.36182085e-01
 -1.35621443e-01 -1.34791061e-01 -1.33681357e-01 -1.32284865e-01 -1.30596414e-01
 -1.28612921e-01 -1.26332834e-01 -1.23754874e-01 -1.20876431e-01 -1.17693499e-01
 -1.14203379e-01 -1.10404268e-01 -1.06294006e-01 -1.01869173e-01 -9.71252248e-02
 -9.20563787e-02 -8.66554081e-02 -8.09134319e-02 -7.48197809e-02 -6.83617666e-02
 -6.15245216e-02 -5.42909503e-02 -4.66418453e-02 -3.85565050e-02 -3.00141666e-02
 -2.09970586e-02 -1.14961565e-02 -1.52192463e-03  8.87557305e-03  1.95655860e-02
  3.02414112e-02  4.02423926e-02  4.86557409e-02  5.50813861e-02  5.94075546e-02
  6.15387969e-02  6.16746545e-02  5.99678643e-02  5.71418293e-02  5.40783629e-02
 -9.44036916e-02 -9.61046293e-02 -9.97060761e-02 -1.03386000e-01 -1.06642321e-01
 -1.09687135e-01 -1.12594217e-01 -1.15396217e-01 -1.18108720e-01 -1.20738126e-01
 -1.23285174e-01 -1.25746936e-01 -1.28117815e-01 -1.30390227e-01 -1.32554814e-01
 -1.34600595e-01 -1.36514992e-01 -1.38283849e-01 -1.39891386e-01 -1.41320542e-01
 -1.42553195e-01 -1.43571541e-01 -1.44355357e-01 -1.44883290e-01 -1.45134002e-01
 -1.45087346e-01 -1.44725367e-01 -1.44033104e-01 -1.42999440e-01 -1.41617790e-01
 -1.39886677e-01 -1.37809470e-01 -1.35391861e-01 -1.32632107e-01 -1.29516527e-01
 -1.26046434e-01 -1.22228310e-01 -1.18067950e-01 -1.13566503e-01 -1.08725198e-01
 -1.03545278e-01 -9.80270505e-02 -9.21701267e-02 -8.59736204e-02 -7.94363916e-02
 -7.25574046e-02 -6.53363764e-02 -5.77748343e-02 -4.98778522e-02 -4.16568704e-02
 -3.31339985e-02 -2.43486054e-02 -1.53670935e-02 -6.29676227e-03  2.69667129e-03
  1.13745462e-02  1.94343291e-02  2.65658349e-02  3.25280502e-02  3.71831954e-02
  4.04978879e-02  4.25430909e-02  4.34923880e-02  4.36100662e-02  4.31901254e-02
 -9.23862532e-02 -9.44890603e-02 -9.74449217e-02 -1.00887887e-01 -1.04418620e-01
 -1.07894890e-01 -1.11292131e-01 -1.14613406e-01 -1.17864713e-01 -1.21049613e-01
 -1.24168493e-01 -1.27218872e-01 -1.30195707e-01 -1.33091599e-01 -1.35896876e-01
 -1.38599485e-01 -1.41184911e-01 -1.43636495e-01 -1.45933539e-01 -1.48053855e-01
 -1.49969697e-01 -1.51668370e-01 -1.53119236e-01 -1.54289216e-01 -1.55145392e-01
 -1.55656978e-01 -1.55796558e-01 -1.55541286e-01 -1.54874027e-01 -1.53785184e-01
 -1.52275801e-01 -1.50363609e-01 -1.48095533e-01 -1.45485938e-01 -1.42416462e-01
 -1.38927385e-01 -1.35054573e-01 -1.30825624e-01 -1.26229137e-01 -1.21272624e-01
 -1.15967512e-01 -1.10320821e-01 -1.04339935e-01 -9.80329588e-02 -9.14091095e-02
 -8.44791457e-02 -7.72561356e-02 -6.97566569e-02 -6.20025434e-02 -5.40233478e-02
 -4.58595306e-02 -3.75665389e-02 -2.92194411e-02 -2.09174231e-02 -1.27862906e-02
 -4.97592334e-03  2.35051895e-03  9.03576612e-03  1.49503564e-02  2.00097207e-02
  2.41832044e-02  2.74957549e-02  3.00227348e-02  3.18768620e-02  3.31878848e-02
 -8.84190723e-02 -9.01146457e-02 -9.45073143e-02 -9.88581553e-02 -1.02844626e-01
 -1.06734738e-01 -1.10574976e-01 -1.14375867e-01 -1.18139945e-01 -1.21867031e-01
 -1.25555143e-01 -1.29200637e-01 -1.32798046e-01 -1.36339918e-01 -1.39816314e-01
 -1.43214256e-01 -1.46516278e-01 -1.49709627e-01 -1.52759388e-01 -1.55648977e-01
 -1.58346191e-01 -1.60812899e-01 -1.63006812e-01 -1.64885357e-01 -1.66408151e-01
 -1.67538673e-01 -1.68245152e-01 -1.68501094e-01 -1.68285623e-01 -1.67583719e-01
 -1.66386545e-01 -1.64691448e-01 -1.62500367e-01 -1.59812480e-01 -1.56625137e-01
 -1.52971312e-01 -1.48929685e-01 -1.44657105e-01 -1.39923930e-01 -1.34797707e-01
 -1.29329428e-01 -1.23515837e-01 -1.17370866e-01 -1.10910356e-01 -1.04152456e-01
 -9.71171707e-02 -8.98269266e-02 -8.23074803e-02 -7.45892152e-02 -6.67087883e-02
 -5.87109774e-02 -5.06506115e-02 -4.25941683e-02 -3.46205197e-02 -2.68200301e-02
 -1.92912761e-02 -1.21350475e-02 -5.44617185e-03  6.95274852e-04  6.23146538e-03
  1.11315632e-02  1.53929926e-02  1.90391298e-02  2.21137609e-02  2.46734247e-02
 -8.82731155e-02 -9.05530527e-02 -9.38158482e-02 -9.77225900e-02 -1.01873241e-01
 -1.06098838e-01 -1.10350698e-01 -1.14613429e-01 -1.18879817e-01 -1.23144858e-01
 -1.27404153e-01 -1.31653175e-01 -1.35886729e-01 -1.40098482e-01 -1.44280478e-01
 -1.48423240e-01 -1.52474165e-01 -1.56439170e-01 -1.60291702e-01 -1.63990363e-01
 -1.67485088e-01 -1.70722738e-01 -1.73650965e-01 -1.76220983e-01 -1.78389192e-01
 -1.80117995e-01 -1.81375936e-01 -1.82137311e-01 -1.82381719e-01 -1.82093292e-01
 -1.81260094e-01 -1.79873258e-01 -1.77926302e-01 -1.75414756e-01 -1.72338426e-01
 -1.68707639e-01 -1.64545968e-01 -1.59887925e-01 -1.54760599e-01 -1.49269551e-01
 -1.43636659e-01 -1.37594745e-01 -1.31218597e-01 -1.24530651e-01 -1.17559589e-01
 -1.10332802e-01 -1.02878958e-01 -9.52284858e-02 -8.74146819e-02 -7.94747472e-02
 -7.14509040e-02 -6.33913279e-02 -5.53506948e-02 -4.73899916e-02 -3.95754687e-02
 -3.19765508e-02 -2.46627610e-02 -1.76999830e-02 -1.11466190e-02 -5.05023682e-03
  5.54728031e-04  5.64792100e-03  1.02226222e-02  1.42841125e-02  1.78472847e-02
 -8.49331245e-02 -8.68522227e-02 -9.16964933e-02 -9.65569243e-02 -1.01172060e-01
 -1.05808489e-01 -1.10496588e-01 -1.15232259e-01 -1.20007478e-01 -1.24815725e-01
 -1.29652232e-01 -1.34513348e-01 -1.39395788e-01 -1.44295722e-01 -1.49206862e-01
 -1.54073074e-01 -1.58901900e-01 -1.63667232e-01 -1.68320760e-01 -1.72802374e-01
 -1.77047998e-01 -1.80995122e-01 -1.84586376e-01 -1.87771559e-01 -1.90508306e-01
 -1.92762047e-01 -1.94505200e-01 -1.95716217e-01 -1.96378440e-01 -1.96478948e-01
 -1.96007520e-01 -1.94955796e-01 -1.93316653e-01 -1.91083997e-01 -1.88253358e-01
 -1.84823155e-01 -1.80795997e-01 -1.76180348e-01 -1.70994401e-01 -1.65279552e-01
 -1.59105539e-01 -1.52556568e-01 -1.45859018e-01 -1.38832673e-01 -1.31543919e-01
 -1.24018170e-01 -1.16288632e-01 -1.08386517e-01 -1.00344323e-01 -9.21958014e-02
 -8.39771777e-02 -7.57280365e-02 -6.74916655e-02 -5.93148731e-02 -5.12473658e-02
 -4.33407016e-02 -3.56469899e-02 -2.82174349e-02 -2.11008992e-02 -1.43427039e-02
 -7.98369478e-03 -2.05953885e-03  3.39985499e-03  8.37093033e-03  1.28371650e-02
 -8.52312297e-02 -8.77436399e-02 -9.14001539e-02 -9.58646312e-02 -1.00720808e-01
 -1.05764724e-01 -1.10918328e-01 -1.16151020e-01 -1.21449888e-01 -1.26809344e-01
 -1.32227302e-01 -1.37703747e-01 -1.43240616e-01 -1.48843005e-01 -1.54439688e-01
 -1.60049245e-01 -1.65646598e-01 -1.71178311e-01 -1.76575229e-01 -1.81762531e-01
 -1.86667204e-01 -1.91222742e-01 -1.95371792e-01 -1.99067071e-01 -2.02271104e-01
 -2.04955235e-01 -2.07098171e-01 -2.08684370e-01 -2.09702566e-01 -2.10144281e-01
 -2.10002735e-01 -2.09271953e-01 -2.07946137e-01 -2.06019446e-01 -2.03485936e-01
 -2.00339839e-01 -1.96575999e-01 -1.92190766e-01 -1.87184110e-01 -1.81563586e-01
 -1.75349161e-01 -1.68580860e-01 -1.61336124e-01 -1.53726980e-01 -1.46023870e-01
 -1.38076425e-01 -1.29957125e-01 -1.21686228e-01 -1.13295510e-01 -1.04810856e-01
 -9.62592959e-02 -8.76706392e-02 -7.90774301e-02 -7.05146194e-02 -6.20191135e-02
 -5.36294915e-02 -4.53858152e-02 -3.73297222e-02 -2.95047872e-02 -2.19571181e-02
 -1.47360023e-02 -7.89402891e-03 -1.48606952e-03  4.43332316e-03  9.81375389e-03
 -8.23222250e-02 -8.46361592e-02 -8.91561136e-02 -9.46435556e-02 -1.00241005e-01
 -1.05877213e-01 -1.11568876e-01 -1.17327094e-01 -1.23158477e-01 -1.29068032e-01
 -1.35060132e-01 -1.41138539e-01 -1.47305995e-01 -1.53563872e-01 -1.59862489e-01
 -1.66194558e-01 -1.72509387e-01 -1.78732127e-01 -1.84778348e-01 -1.90564185e-01
 -1.96012974e-01 -2.01059014e-01 -2.05649003e-01 -2.09741831e-01 -2.13307440e-01
 -2.16325089e-01 -2.18781263e-01 -2.20667556e-01 -2.21978799e-01 -2.22711399e-01
 -2.22862050e-01 -2.22426921e-01 -2.21401200e-01 -2.19778985e-01 -2.17553392e-01
 -2.14716807e-01 -2.11261079e-01 -2.07177803e-01 -2.02458784e-01 -1.97097063e-01
 -1.91089064e-01 -1.84438959e-01 -1.77166969e-01 -1.69322014e-01 -1.61004946e-01
 -1.52374551e-01 -1.43791303e-01 -1.35037944e-01 -1.26207113e-01 -1.17291667e-01
 -1.08303823e-01 -9.92636755e-02 -9.01944786e-02 -8.11208412e-02 -7.20681846e-02
 -6.30628392e-02 -5.41326962e-02 -4.53085676e-02 -3.66263092e-02 -2.81299856e-02
 -1.98759008e-02 -1.19364820e-02 -4.40129638e-03  2.62892456e-03  9.05471202e-03
 -8.02735090e-02 -8.24513286e-02 -8.77369270e-02 -9.40019041e-02 -1.00174025e-01
 -1.06326960e-01 -1.12517320e-01 -1.18773751e-01 -1.25114441e-01 -1.31553039e-01
 -1.38100743e-01 -1.44766569e-01 -1.51555464e-01 -1.58418134e-01 -1.65364474e-01
 -1.72349125e-01 -1.79293722e-01 -1.86104730e-01 -1.92686766e-01 -1.98951453e-01
 -2.04822689e-01 -2.10238978e-01 -2.15153739e-01 -2.19534189e-01 -2.23359481e-01
 -2.26618230e-01 -2.29305908e-01 -2.31422216e-01 -2.32968733e-01 -2.33946905e-01
 -2.34356672e-01 -2.34195560e-01 -2.33458459e-01 -2.32137844e-01 -2.30224267e-01
 -2.27707148e-01 -2.24575341e-01 -2.20817611e-01 -2.16422677e-01 -2.11379096e-01
 -2.05675393e-01 -1.99300855e-01 -1.92248777e-01 -1.84523225e-01 -1.76151961e-01
 -1.67206317e-01 -1.57833904e-01 -1.48269296e-01 -1.39025182e-01 -1.29636928e-01
 -1.20143697e-01 -1.10572606e-01 -1.00944199e-01 -9.12749097e-02 -8.15784782e-02
 -7.18668774e-02 -6.21515810e-02 -5.24453111e-02 -4.27652486e-02 -3.31384987e-02
 -2.36116629e-02 -1.42670199e-02 -5.24609769e-03  3.23854946e-03  1.09943822e-02
 -8.07827935e-02 -8.34209770e-02 -8.82512406e-02 -9.43046510e-02 -1.00699872e-01
 -1.07209913e-01 -1.13804810e-01 -1.20493323e-01 -1.27291292e-01 -1.34215549e-01
 -1.41283810e-01 -1.48516759e-01 -1.55827180e-01 -1.63262293e-01 -1.70793653e-01
 -1.78345725e-01 -1.85818806e-01 -1.93106279e-01 -2.00106606e-01 -2.06730843e-01
 -2.12906435e-01 -2.18578324e-01 -2.23708376e-01 -2.28273645e-01 -2.32263803e-01
 -2.35678136e-01 -2.38522217e-01 -2.40804791e-01 -2.42534831e-01 -2.43719101e-01
 -2.44360551e-01 -2.44457424e-01 -2.44003177e-01 -2.42987052e-01 -2.41395071e-01
 -2.39211336e-01 -2.36419395e-01 -2.33003393e-01 -2.28948727e-01 -2.24242091e-01
 -2.18870729e-01 -2.12821543e-01 -2.06080750e-01 -1.98635638e-01 -1.90480441e-01
 -1.81629419e-01 -1.72140568e-01 -1.62152246e-01 -1.51939437e-01 -1.41939059e-01
 -1.31845236e-01 -1.21672407e-01 -1.11429311e-01 -1.01119474e-01 -9.07414705e-02
 -8.02891627e-02 -6.97517544e-02 -5.91140948e-02 -4.83575165e-02 -3.74622196e-02
 -2.64129899e-02 -1.52136637e-02 -3.92911118e-03  7.16256211e-03  1.73680075e-02
 -7.91675225e-02 -8.13853517e-02 -8.76666754e-02 -9.47635695e-02 -1.01603404e-01
 -1.08452491e-01 -1.15388364e-01 -1.22441389e-01 -1.29631445e-01 -1.36975691e-01
 -1.44490346e-01 -1.52191535e-01 -1.60013512e-01 -1.67973414e-01 -1.76015228e-01
 -1.84041888e-01 -1.91939220e-01 -1.99592918e-01 -2.06899419e-01 -2.13772088e-01
 -2.20143795e-01 -2.25967422e-01 -2.31214538e-01 -2.35873193e-01 -2.39944786e-01
 -2.43440375e-01 -2.46376753e-01 -2.48772308e-01 -2.50643641e-01 -2.52002537e-01
 -2.52854139e-01 -2.53196359e-01 -2.53020406e-01 -2.52311498e-01 -2.51050353e-01
 -2.49214664e-01 -2.46780694e-01 -2.43725285e-01 -2.40027785e-01 -2.35670865e-01
 -2.30640396e-01 -2.24924326e-01 -2.18510583e-01 -2.11385339e-01 -2.03533173e-01
 -1.94941878e-01 -1.85615361e-01 -1.75598413e-01 -1.65016711e-01 -1.54128954e-01
 -1.43384561e-01 -1.32580549e-01 -1.21712066e-01 -1.10768400e-01 -9.97323170e-02
 -8.85792151e-02 -7.72753805e-02 -6.57754019e-02 -5.40184006e-02 -4.19224016e-02
 -2.93749291e-02 -1.62143800e-02 -2.18151067e-03  1.32719502e-02  3.26173417e-02
 -8.17280859e-02 -8.47401023e-02 -8.98036435e-02 -9.61527452e-02 -1.02981679e-01
 -1.10015862e-01 -1.17205173e-01 -1.24552876e-01 -1.32072389e-01 -1.39777929e-01
 -1.47681937e-01 -1.55791894e-01 -1.64059058e-01 -1.72465339e-01 -1.80928022e-01
 -1.89331740e-01 -1.97551653e-01 -2.05468997e-01 -2.12980583e-01 -2.20003664e-01
 -2.26477847e-01 -2.32364908e-01 -2.37647206e-01 -2.42324948e-01 -2.46412531e-01
 -2.49934092e-01 -2.52918690e-01 -2.55394250e-01 -2.57383108e-01 -2.58899659e-01
 -2.59949297e-01 -2.60528326e-01 -2.60624707e-01 -2.60219127e-01 -2.59286821e-01
 -2.57799357e-01 -2.55726784e-01 -2.53039509e-01 -2.49709830e-01 -2.45713070e-01
 -2.41029650e-01 -2.35645995e-01 -2.29552299e-01 -2.22739190e-01 -2.15194106e-01
 -2.06899762e-01 -1.97837740e-01 -1.88001454e-01 -1.77423298e-01 -1.66220874e-01
 -1.54663488e-01 -1.43247411e-01 -1.31792694e-01 -1.20276384e-01 -1.08668104e-01
 -9.69302654e-02 -8.50146860e-02 -7.28576854e-02 -6.03735633e-02 -4.74454425e-02
 -3.39119919e-02 -1.95487887e-02 -4.04470880e-03  1.30325044e-02  3.23982388e-02
 -7.98767805e-02 -8.22172984e-02 -8.96597952e-02 -9.73264650e-02 -1.04519658e-01
 -1.11756757e-01 -1.19150519e-01 -1.26736522e-01 -1.34533182e-01 -1.42556295e-01
 -1.50824249e-01 -1.59259930e-01 -1.67890534e-01 -1.76657155e-01 -1.85450435e-01
 -1.94138914e-01 -2.02589497e-01 -2.10681006e-01 -2.18311965e-01 -2.25404590e-01
 -2.31906042e-01 -2.37787932e-01 -2.43044496e-01 -2.47689411e-01 -2.51751631e-01
 -2.55269378e-01 -2.58281618e-01 -2.60822356e-01 -2.62917221e-01 -2.64581889e-01
 -2.65821368e-01 -2.66629994e-01 -2.66992331e-01 -2.66884238e-01 -2.66274780e-01
 -2.65128702e-01 -2.63408810e-01 -2.61078835e-01 -2.58105516e-01 -2.54460037e-01
 -2.50118494e-01 -2.45061815e-01 -2.39277437e-01 -2.32758760e-01 -2.25499794e-01
 -2.17489347e-01 -2.08707809e-01 -1.99130341e-01 -1.88741714e-01 -1.77568927e-01
 -1.65737748e-01 -1.53554574e-01 -1.41596809e-01 -1.29615501e-01 -1.17565669e-01
 -1.05408087e-01 -9.30961221e-02 -8.05690214e-02 -6.77459836e-02 -5.45188375e-02
 -4.07413617e-02 -2.62138452e-02 -1.06642479e-02  6.22572331e-03  2.41947826e-02
 -8.46933797e-02 -8.81611407e-02 -9.32263434e-02 -9.94684398e-02 -1.06344603e-01
 -1.13585941e-01 -1.21103920e-01 -1.28875211e-01 -1.36897728e-01 -1.45177230e-01
 -1.53723523e-01 -1.62467822e-01 -1.71410233e-01 -1.80468380e-01 -1.89515963e-01
 -1.98411152e-01 -2.07016140e-01 -2.15209380e-01 -2.22892419e-01 -2.29993269e-01
 -2.36467421e-01 -2.42297202e-01 -2.47489765e-01 -2.52073526e-01 -2.56092250e-01
 -2.59594381e-01 -2.62625307e-01 -2.65222996e-01 -2.67415285e-01 -2.69218743e-01
 -2.70638078e-01 -2.71666110e-01 -2.72284389e-01 -2.72464275e-01 -2.72168815e-01
 -2.71355182e-01 -2.69977897e-01 -2.67992228e-01 -2.65357763e-01 -2.62040704e-01
 -2.58015066e-01 -2.53261924e-01 -2.47767612e-01 -2.41522968e-01 -2.34525129e-01
 -2.26771533e-01 -2.18251765e-01 -2.08943203e-01 -1.98815495e-01 -1.87849790e-01
 -1.76079929e-01 -1.63662031e-01 -1.50969610e-01 -1.38684377e-01 -1.26331151e-01
 -1.13915034e-01 -1.01414077e-01 -8.87896419e-02 -7.59898350e-02 -6.29495531e-02
 -4.95887548e-02 -3.58088054e-02 -2.14830935e-02 -6.43178495e-03  9.43990797e-03
 -8.43292177e-02 -8.75159279e-02 -9.35431868e-02 -1.00589976e-01 -1.07787840e-01
 -1.15213968e-01 -1.22900613e-01 -1.30855903e-01 -1.39084026e-01 -1.47588357e-01
 -1.56368256e-01 -1.65368780e-01 -1.74562678e-01 -1.83847368e-01 -1.93083227e-01
 -2.02121109e-01 -2.10820556e-01 -2.19060957e-01 -2.26747662e-01 -2.33815089e-01
 -2.40227610e-01 -2.45978877e-01 -2.51089513e-01 -2.55602747e-01 -2.59573072e-01
 -2.63055772e-01 -2.66100556e-01 -2.68748075e-01 -2.71028042e-01 -2.72957921e-01
 -2.74542481e-01 -2.75773734e-01 -2.76631087e-01 -2.77082413e-01 -2.77085334e-01
 -2.76589841e-01 -2.75541663e-01 -2.73886353e-01 -2.71574050e-01 -2.68563628e-01
 -2.64825225e-01 -2.60340393e-01 -2.55099565e-01 -2.49097914e-01 -2.42332637e-01
 -2.34805331e-01 -2.26516366e-01 -2.17454925e-01 -2.07595259e-01 -1.96905553e-01
 -1.85376719e-01 -1.73080280e-01 -1.60262764e-01 -1.47471935e-01 -1.34798989e-01
 -1.22203283e-01 -1.09649695e-01 -9.71090719e-02 -8.45576301e-02 -7.19784126e-02
 -5.93667887e-02 -4.67433371e-02 -3.41822244e-02 -2.18712576e-02 -1.02029368e-02
 -8.56784508e-02 -8.91924798e-02 -9.48862359e-02 -1.01765364e-01 -1.09056056e-01
 -1.16630845e-01 -1.24481365e-01 -1.32614717e-01 -1.41041994e-01 -1.49778515e-01
 -1.58722252e-01 -1.67917848e-01 -1.77304387e-01 -1.86758563e-01 -1.96128771e-01
 -2.05259949e-01 -2.14010105e-01 -2.22260237e-01 -2.29919925e-01 -2.36930206e-01
 -2.43264496e-01 -2.48927698e-01 -2.53953844e-01 -2.58397698e-01 -2.62321055e-01
 -2.65783727e-01 -2.68838465e-01 -2.71528006e-01 -2.73883522e-01 -2.75923491e-01
 -2.77653277e-01 -2.79064685e-01 -2.80136079e-01 -2.80832887e-01 -2.81108588e-01
 -2.80907094e-01 -2.80165821e-01 -2.78820425e-01 -2.76810378e-01 -2.74084896e-01
 -2.70607471e-01 -2.66357869e-01 -2.61330366e-01 -2.55528212e-01 -2.48956889e-01
 -2.41620481e-01 -2.33525142e-01 -2.24672049e-01 -2.15046525e-01 -2.04617336e-01
 -1.93352714e-01 -1.81261063e-01 -1.68464512e-01 -1.55306622e-01 -1.42468587e-01
 -1.29827052e-01 -1.17333047e-01 -1.04970239e-01 -9.27397534e-02 -8.06576312e-02
 -6.87588081e-02 -5.71056157e-02 -4.57995348e-02 -3.49918231e-02 -2.48816125e-02
 -8.60826597e-02 -8.96158516e-02 -9.55593735e-02 -1.02668449e-01 -1.10112652e-01
 -1.17824636e-01 -1.25813812e-01 -1.34092301e-01 -1.42672390e-01 -1.51566744e-01
 -1.60682350e-01 -1.70049176e-01 -1.79591537e-01 -1.89174935e-01 -1.98640868e-01
 -2.07831159e-01 -2.16603637e-01 -2.24841550e-01 -2.32458919e-01 -2.39403307e-01
 -2.45656714e-01 -2.51234680e-01 -2.56182849e-01 -2.60563999e-01 -2.64444739e-01
 -2.67888039e-01 -2.70948797e-01 -2.73671329e-01 -2.76088089e-01 -2.78218567e-01
 -2.80068934e-01 -2.81631351e-01 -2.82883883e-01 -2.83790618e-01 -2.84302324e-01
 -2.84358233e-01 -2.83888876e-01 -2.82820910e-01 -2.81083345e-01 -2.78614670e-01
 -2.75369674e-01 -2.71323740e-01 -2.66472548e-01 -2.60826945e-01 -2.54403621e-01
 -2.47216567e-01 -2.39274949e-01 -2.30587706e-01 -2.21151978e-01 -2.10944369e-01
 -1.99927002e-01 -1.88075125e-01 -1.75434828e-01 -1.62216708e-01 -1.48917422e-01
 -1.36418805e-01 -1.24057055e-01 -1.11884229e-01 -9.99369323e-02 -8.82518440e-02
 -7.68745393e-02 -6.58651665e-02 -5.53016588e-02 -4.52793241e-02 -3.59049141e-02
 -8.64773244e-02 -9.00346786e-02 -9.61639136e-02 -1.03433125e-01 -1.10983603e-01
 -1.18794143e-01 -1.26885965e-01 -1.35273859e-01 -1.43970311e-01 -1.52987063e-01
 -1.62241578e-01 -1.71744838e-01 -1.81407958e-01 -1.91087872e-01 -2.00621277e-01
 -2.09848210e-01 -2.18626991e-01 -2.26843253e-01 -2.34415188e-01 -2.41296262e-01
 -2.47476175e-01 -2.52979755e-01 -2.57861346e-01 -2.62189120e-01 -2.66033024e-01
 -2.69458115e-01 -2.72520721e-01 -2.75266409e-01 -2.77728558e-01 -2.79927701e-01
 -2.81870693e-01 -2.83550352e-01 -2.84944922e-01 -2.86017984e-01 -2.86718667e-01
 -2.86982983e-01 -2.86736459e-01 -2.85898447e-01 -2.84388870e-01 -2.82136202e-01
 -2.79086083e-01 -2.75207877e-01 -2.70496428e-01 -2.64967829e-01 -2.58649200e-01
 -2.51566559e-01 -2.43737072e-01 -2.35173240e-01 -2.25881934e-01 -2.15850666e-01
 -2.05046684e-01 -1.93436742e-01 -1.81035817e-01 -1.67993605e-01 -1.54720381e-01
 -1.42023623e-01 -1.29624590e-01 -1.17529273e-01 -1.05754189e-01 -9.43251252e-02
 -8.32772106e-02 -7.26548806e-02 -6.25110716e-02 -5.29048517e-02 -4.38972190e-02
 -8.74282047e-02 -9.12048668e-02 -9.70678702e-02 -1.04137674e-01 -1.11674845e-01
 -1.19527638e-01 -1.27681911e-01 -1.36144385e-01 -1.44924760e-01 -1.54032961e-01
 -1.63391620e-01 -1.72996819e-01 -1.82749242e-01 -1.92499205e-01 -2.02079833e-01
 -2.11329952e-01 -2.20108420e-01 -2.28302956e-01 -2.35835224e-01 -2.42663562e-01
 -2.48783886e-01 -2.54228383e-01 -2.59057343e-01 -2.63342470e-01 -2.67155856e-01
 -2.70563960e-01 -2.73624122e-01 -2.76382595e-01 -2.78873563e-01 -2.81118155e-01
 -2.83123910e-01 -2.84884155e-01 -2.86377519e-01 -2.87567347e-01 -2.88401991e-01
 -2.88815498e-01 -2.88729966e-01 -2.88059711e-01 -2.86717743e-01 -2.84624696e-01
 -2.81718373e-01 -2.77962357e-01 -2.73349464e-01 -2.67898768e-01 -2.61645079e-01
 -2.54624903e-01 -2.46864662e-01 -2.38380343e-01 -2.29184672e-01 -2.19274029e-01
 -2.08622336e-01 -1.97195038e-01 -1.84990332e-01 -1.72116458e-01 -1.58908799e-01
 -1.46066144e-01 -1.33627877e-01 -1.21571071e-01 -1.09896407e-01 -9.86186787e-02
 -8.77621770e-02 -7.73581043e-02 -6.74424022e-02 -5.80532663e-02 -4.92282473e-02
 -8.68525282e-02 -9.03500840e-02 -9.69269499e-02 -1.04461379e-01 -1.12094186e-01
 -1.19979180e-01 -1.28168866e-01 -1.36678934e-01 -1.45517185e-01 -1.54690742e-01
 -1.64123178e-01 -1.73800454e-01 -1.83616042e-01 -1.93415597e-01 -2.03029767e-01
 -2.12296396e-01 -2.21074790e-01 -2.29254097e-01 -2.36758471e-01 -2.43549749e-01
 -2.49628216e-01 -2.55031139e-01 -2.59822488e-01 -2.64076144e-01 -2.67865479e-01
 -2.71257758e-01 -2.74310887e-01 -2.77071536e-01 -2.79574245e-01 -2.81840444e-01
 -2.83878058e-01 -2.85680681e-01 -2.87227035e-01 -2.88480431e-01 -2.89388746e-01
 -2.89884895e-01 -2.89889067e-01 -2.89312541e-01 -2.88064271e-01 -2.86060005e-01
 -2.83232659e-01 -2.79541850e-01 -2.74978817e-01 -2.69564092e-01 -2.63337076e-01
 -2.56340802e-01 -2.48608261e-01 -2.40158707e-01 -2.31007472e-01 -2.21155763e-01
 -2.10581437e-01 -1.99249089e-01 -1.87146336e-01 -1.74353912e-01 -1.61154315e-01
 -1.48163363e-01 -1.35789439e-01 -1.23789795e-01 -1.12183765e-01 -1.00991495e-01
 -9.02358741e-02 -7.99426064e-02 -7.01393709e-02 -6.08542301e-02 -5.21137454e-02
 -8.86197761e-02 -9.26550776e-02 -9.81854722e-02 -1.04873501e-01 -1.12258822e-01
 -1.20096877e-01 -1.28301203e-01 -1.36846498e-01 -1.45727992e-01 -1.54948398e-01
 -1.64430365e-01 -1.74155191e-01 -1.84012845e-01 -1.93846494e-01 -2.03485280e-01
 -2.12766439e-01 -2.21549362e-01 -2.29723945e-01 -2.37215653e-01 -2.43988246e-01
 -2.50044376e-01 -2.55423993e-01 -2.60192931e-01 -2.64426082e-01 -2.68197507e-01
 -2.71574795e-01 -2.74616003e-01 -2.77367860e-01 -2.79864877e-01 -2.82128483e-01
 -2.84166485e-01 -2.85972357e-01 -2.87524611e-01 -2.88786352e-01 -2.89705038e-01
 -2.90213078e-01 -2.90229887e-01 -2.89665729e-01 -2.88428396e-01 -2.86432296e-01
 -2.83609182e-01 -2.79917896e-01 -2.75349617e-01 -2.69925535e-01 -2.63686478e-01
 -2.56677359e-01 -2.48932838e-01 -2.40473300e-01 -2.31314823e-01 -2.21459791e-01
 -2.10887179e-01 -1.99562103e-01 -1.87471434e-01 -1.74693093e-01 -1.61503807e-01
 -1.48510560e-01 -1.36135817e-01 -1.24145463e-01 -1.12557307e-01 -1.01390004e-01
 -9.06646401e-02 -8.04046839e-02 -7.06351027e-02 -6.13809042e-02 -5.26654497e-02
 -8.56998712e-02 -8.89937505e-02 -9.61314812e-02 -1.04000650e-01 -1.11770965e-01
 -1.19756259e-01 -1.28035128e-01 -1.36630133e-01 -1.45551026e-01 -1.54805183e-01
 -1.64316267e-01 -1.74067438e-01 -1.83949009e-01 -1.93803921e-01 -2.03460887e-01
 -2.12756783e-01 -2.21550763e-01 -2.29732677e-01 -2.37228140e-01 -2.44001105e-01
 -2.50054598e-01 -2.55428880e-01 -2.60190040e-01 -2.64413089e-01 -2.68172115e-01
 -2.71534592e-01 -2.74558365e-01 -2.77289897e-01 -2.79763341e-01 -2.81999618e-01
 -2.84006000e-01 -2.85775393e-01 -2.87285775e-01 -2.88499743e-01 -2.89364338e-01
 -2.89811969e-01 -2.89762348e-01 -2.89126784e-01 -2.87814766e-01 -2.85743117e-01
 -2.82846421e-01 -2.79086113e-01 -2.74455130e-01 -2.68974781e-01 -2.62684166e-01
 -2.55625010e-01 -2.47828528e-01 -2.39313334e-01 -2.30094627e-01 -2.20172405e-01
 -2.09523886e-01 -1.98115870e-01 -1.85944125e-01 -1.73107982e-01 -1.59924299e-01
 -1.47062376e-01 -1.34630859e-01 -1.22607656e-01 -1.10992067e-01 -9.97957587e-02
 -8.90381932e-02 -7.87438899e-02 -6.89402595e-02 -5.96555248e-02 -5.09165078e-02
 -8.66424814e-02 -9.04764310e-02 -9.63231400e-02 -1.03439577e-01 -1.11106068e-01
 -1.19115122e-01 -1.27432883e-01 -1.36060774e-01 -1.45006195e-01 -1.54277205e-01
 -1.63795784e-01 -1.73551843e-01 -1.83439285e-01 -1.93302736e-01 -2.02971354e-01
 -2.12281853e-01 -2.21092835e-01 -2.29293376e-01 -2.36808002e-01 -2.43599325e-01
 -2.49668688e-01 -2.55054414e-01 -2.59821266e-01 -2.64043480e-01 -2.67794520e-01
 -2.71141380e-01 -2.74141312e-01 -2.76840180e-01 -2.79271275e-01 -2.81454742e-01
 -2.83396900e-01 -2.85089672e-01 -2.86510140e-01 -2.87620187e-01 -2.88366675e-01
 -2.88682550e-01 -2.88489223e-01 -2.87701011e-01 -2.86232084e-01 -2.84005195e-01
 -2.80961305e-01 -2.77067363e-01 -2.72319019e-01 -2.66736597e-01 -2.60354042e-01
 -2.53205210e-01 -2.45313600e-01 -2.36694768e-01 -2.27360308e-01 -2.17303678e-01
 -2.06497133e-01 -1.94909319e-01 -1.82551309e-01 -1.69558927e-01 -1.56313464e-01
 -1.43575549e-01 -1.31188482e-01 -1.19156539e-01 -1.07493222e-01 -9.62196514e-02
 -8.53635743e-02 -7.49583319e-02 -6.50413558e-02 -5.56520633e-02 -4.68290113e-02
 -8.46833438e-02 -8.81061554e-02 -9.46720690e-02 -1.02332011e-01 -1.10141113e-01
 -1.18194118e-01 -1.26532629e-01 -1.35172173e-01 -1.44121990e-01 -1.53389841e-01
 -1.62892193e-01 -1.72629908e-01 -1.82503372e-01 -1.92360491e-01 -2.02031776e-01
 -2.11354002e-01 -2.20184967e-01 -2.28412285e-01 -2.35958397e-01 -2.42783144e-01
 -2.48884335e-01 -2.54296154e-01 -2.59080380e-01 -2.63309389e-01 -2.67055422e-01
 -2.70384520e-01 -2.73352951e-01 -2.76005566e-01 -2.78374612e-01 -2.80478925e-01
 -2.82323569e-01 -2.83899218e-01 -2.85181940e-01 -2.86132991e-01 -2.86699504e-01
 -2.86815941e-01 -2.86406875e-01 -2.85392076e-01 -2.83693045e-01 -2.81241447e-01
 -2.77987123e-01 -2.73903728e-01 -2.68989444e-01 -2.63261318e-01 -2.56744802e-01
 -2.49462456e-01 -2.41428733e-01 -2.32656330e-01 -2.23149195e-01 -2.12890938e-01
 -2.01848537e-01 -1.89998090e-01 -1.77380204e-01 -1.64190859e-01 -1.50898755e-01
 -1.38336420e-01 -1.25999212e-01 -1.13931000e-01 -1.02165289e-01 -9.07361954e-02
 -7.96834007e-02 -6.90543056e-02 -5.89040630e-02 -4.92935963e-02 -4.02855054e-02
 -8.45225826e-02 -8.81618708e-02 -9.40905362e-02 -1.01308681e-01 -1.09007612e-01
 -1.17031664e-01 -1.25359446e-01 -1.33989662e-01 -1.42925397e-01 -1.52171493e-01
 -1.61633775e-01 -1.71328500e-01 -1.81165442e-01 -1.90997750e-01 -2.00658292e-01
 -2.09984288e-01 -2.18832776e-01 -2.27089539e-01 -2.34674141e-01 -2.41542533e-01
 -2.47687399e-01 -2.53136754e-01 -2.57947356e-01 -2.62188643e-01 -2.65930802e-01
 -2.69238234e-01 -2.72165984e-01 -2.74757475e-01 -2.77043462e-01 -2.79041439e-01
 -2.80754864e-01 -2.82173187e-01 -2.83271492e-01 -2.84011006e-01 -2.84339935e-01
 -2.84195572e-01 -2.83507645e-01 -2.82203436e-01 -2.80214161e-01 -2.77482182e-01
 -2.73967028e-01 -2.69648522e-01 -2.64525354e-01 -2.58608550e-01 -2.51912445e-01
 -2.44447738e-01 -2.36223549e-01 -2.27247089e-01 -2.17510656e-01 -2.06987664e-01
 -1.95645988e-01 -1.83487028e-01 -1.70619488e-01 -1.57374620e-01 -1.44448578e-01
 -1.31796226e-01 -1.19370617e-01 -1.07165761e-01 -9.51959714e-02 -8.34901780e-02
 -7.20920935e-02 -6.10624366e-02 -5.04807420e-02 -4.04443666e-02 -3.10622454e-02
 -8.29824656e-02 -8.64256173e-02 -9.25102755e-02 -9.98582095e-02 -1.07576840e-01
 -1.15597486e-01 -1.23916909e-01 -1.32532433e-01 -1.41443849e-01 -1.50654301e-01
 -1.60054490e-01 -1.69680864e-01 -1.79455742e-01 -1.89239725e-01 -1.98869571e-01
 -2.08183959e-01 -2.17039555e-01 -2.25320294e-01 -2.32942596e-01 -2.39857659e-01
 -2.46051922e-01 -2.51545578e-01 -2.56388068e-01 -2.60644168e-01 -2.64381081e-01
 -2.67661035e-01 -2.70537138e-01 -2.73051143e-01 -2.75232166e-01 -2.77096003e-01
 -2.78644741e-01 -2.79866636e-01 -2.80736476e-01 -2.81216174e-01 -2.81256318e-01
 -2.80798733e-01 -2.79780090e-01 -2.78137028e-01 -2.75811672e-01 -2.72757292e-01
 -2.68942058e-01 -2.64349669e-01 -2.58976430e-01 -2.52825081e-01 -2.45899096e-01
 -2.38202408e-01 -2.29740918e-01 -2.20510796e-01 -2.10490927e-01 -1.99647695e-01
 -1.87959358e-01 -1.75467923e-01 -1.62364990e-01 -1.49105385e-01 -1.36503965e-01
 -1.23946190e-01 -1.11470915e-01 -9.90967751e-02 -8.68397132e-02 -7.47229010e-02
 -6.27854317e-02 -5.10928258e-02 -3.97495739e-02 -2.89102644e-02 -1.87777355e-02
 -8.14506114e-02 -8.47671926e-02 -9.07993689e-02 -9.81299356e-02 -1.05854720e-01
 -1.13894522e-01 -1.22226492e-01 -1.30835444e-01 -1.39716923e-01 -1.48877203e-01
 -1.58197403e-01 -1.67730734e-01 -1.77414343e-01 -1.87119558e-01 -1.96689695e-01
 -2.05966711e-01 -2.14807987e-01 -2.23096251e-01 -2.30744749e-01 -2.37699658e-01
 -2.43940488e-01 -2.49478474e-01 -2.54353255e-01 -2.58622915e-01 -2.62350261e-01
 -2.65594423e-01 -2.68406093e-01 -2.70824939e-01 -2.72878289e-01 -2.74580270e-01
 -2.75931805e-01 -2.76920617e-01 -2.77521908e-01 -2.77699530e-01 -2.77407914e-01
 -2.76594967e-01 -2.75205731e-01 -2.73186982e-01 -2.70491630e-01 -2.67082304e-01
 -2.62933224e-01 -2.58028865e-01 -2.52360970e-01 -2.45924667e-01 -2.38718599e-01
 -2.30745733e-01 -2.22003326e-01 -2.12475091e-01 -2.02132151e-01 -1.90949589e-01
 -1.78945735e-01 -1.66252285e-01 -1.53216437e-01 -1.40512764e-01 -1.27886727e-01
 -1.15296572e-01 -1.02718562e-01 -9.01339576e-02 -7.75263086e-02 -6.48835450e-02
 -5.22043593e-02 -3.95119376e-02 -2.68831216e-02 -1.45095522e-02 -2.79018516e-03
 -7.99476132e-02 -8.32890049e-02 -8.88603106e-02 -9.59753841e-02 -1.03797384e-01
 -1.11962698e-01 -1.20366804e-01 -1.28985032e-01 -1.37815088e-01 -1.46860003e-01
 -1.56119585e-01 -1.65541440e-01 -1.75098538e-01 -1.84683323e-01 -1.94151357e-01
 -2.03350991e-01 -2.12142125e-01 -2.20407128e-01 -2.28056595e-01 -2.35031709e-01
 -2.41304725e-01 -2.46877417e-01 -2.51777887e-01 -2.56054640e-01 -2.59764224e-01
 -2.62961447e-01 -2.65693843e-01 -2.67998666e-01 -2.69901216e-01 -2.71414340e-01
 -2.72538155e-01 -2.73260593e-01 -2.73558438e-01 -2.73398638e-01 -2.72740841e-01
 -2.71540046e-01 -2.69750237e-01 -2.67327785e-01 -2.64234722e-01 -2.60440439e-01
 -2.55922049e-01 -2.50662923e-01 -2.44651273e-01 -2.37881660e-01 -2.30353788e-01
 -2.22064123e-01 -2.12999284e-01 -2.03135818e-01 -1.92452207e-01 -1.80959553e-01
 -1.68758050e-01 -1.56122610e-01 -1.43604502e-01 -1.31112501e-01 -1.18618682e-01
 -1.06088176e-01 -9.34817716e-02 -8.07540938e-02 -6.78509176e-02 -5.47064655e-02
 -4.12403755e-02 -2.73534898e-02 -1.29181854e-02  2.24735332e-03  1.82388537e-02
 -7.13668987e-02 -7.27073103e-02 -8.31200257e-02 -9.29461122e-02 -1.01587906e-01
 -1.10060252e-01 -1.18571959e-01 -1.27192080e-01 -1.35954425e-01 -1.44882113e-01
 -1.53995022e-01 -1.63232774e-01 -1.72595024e-01 -1.81993589e-01 -1.91296861e-01
 -2.00360611e-01 -2.09048167e-01 -2.17242196e-01 -2.24850938e-01 -2.31810868e-01
 -2.38087043e-01 -2.43671685e-01 -2.48581097e-01 -2.52851188e-01 -2.56529540e-01
 -2.59664953e-01 -2.62300789e-01 -2.64471382e-01 -2.66200006e-01 -2.67498344e-01
 -2.68366367e-01 -2.68793136e-01 -2.68757820e-01 -2.68231690e-01 -2.67180204e-01
 -2.65565813e-01 -2.63350695e-01 -2.60499299e-01 -2.56980270e-01 -2.52767205e-01
 -2.47838855e-01 -2.42179587e-01 -2.35781789e-01 -2.28642076e-01 -2.20755160e-01
 -2.12109119e-01 -2.02685475e-01 -1.92469195e-01 -1.81473628e-01 -1.69786975e-01
 -1.57643393e-01 -1.45509735e-01 -1.33364737e-01 -1.21188939e-01 -1.08954608e-01
 -9.66245309e-02 -8.41502920e-02 -7.14689493e-02 -5.84978275e-02 -4.51269746e-02
 -3.12081482e-02 -1.65389627e-02 -8.43663060e-04  1.62004773e-02  3.43283340e-02
 -7.59538859e-02 -7.87878931e-02 -8.45278651e-02 -9.21222791e-02 -1.00343935e-01
 -1.08722106e-01 -1.17165357e-01 -1.25680566e-01 -1.34293541e-01 -1.43031761e-01
 -1.51921481e-01 -1.60894260e-01 -1.69979274e-01 -1.79109767e-01 -1.88168690e-01
 -1.97020769e-01 -2.05533788e-01 -2.13591412e-01 -2.21100032e-01 -2.27991745e-01
 -2.34224811e-01 -2.39782229e-01 -2.44668931e-01 -2.48907596e-01 -2.52533436e-01
 -2.55586773e-01 -2.58105308e-01 -2.60119557e-01 -2.61650652e-01 -2.62709230e-01
 -2.63295650e-01 -2.63400614e-01 -2.63006568e-01 -2.62089342e-01 -2.60620385e-01
 -2.58568823e-01 -2.55903721e-01 -2.52595752e-01 -2.48618588e-01 -2.43950114e-01
 -2.38575026e-01 -2.32484266e-01 -2.25671649e-01 -2.18129814e-01 -2.09847510e-01
 -2.00811103e-01 -1.91014022e-01 -1.80478930e-01 -1.69296905e-01 -1.57686561e-01
 -1.46065742e-01 -1.34410337e-01 -1.22710906e-01 -1.10951498e-01 -9.91080552e-02
 -8.71464610e-02 -7.50198513e-02 -6.26645461e-02 -4.99939919e-02 -3.68897542e-02
 -2.31881402e-02 -8.66135117e-03  7.00640446e-03  2.42537782e-02  4.38066013e-02
 -7.17782974e-02 -7.29914233e-02 -8.17965493e-02 -9.12264511e-02 -9.97335911e-02
 -1.08041212e-01 -1.16311558e-01 -1.24604881e-01 -1.32959768e-01 -1.41409099e-01
 -1.49983406e-01 -1.58599943e-01 -1.67315528e-01 -1.76085025e-01 -1.84807330e-01
 -1.93357661e-01 -2.01609597e-01 -2.09448785e-01 -2.16780439e-01 -2.23532826e-01
 -2.29657888e-01 -2.35130042e-01 -2.39943594e-01 -2.44109094e-01 -2.47648612e-01
 -2.50590771e-01 -2.52965212e-01 -2.54797399e-01 -2.56105453e-01 -2.56898940e-01
 -2.57178664e-01 -2.56937295e-01 -2.56160587e-01 -2.54828870e-01 -2.52919018e-01
 -2.50406027e-01 -2.47264922e-01 -2.43472725e-01 -2.39010915e-01 -2.33865708e-01
 -2.28027016e-01 -2.21486405e-01 -2.14234620e-01 -2.06260860e-01 -1.97555974e-01
 -1.88123047e-01 -1.77998930e-01 -1.67290017e-01 -1.56220436e-01 -1.45188332e-01
 -1.34100437e-01 -1.22959629e-01 -1.11764133e-01 -1.00506589e-01 -8.91728476e-02
 -7.77405798e-02 -6.61774501e-02 -5.44385239e-02 -4.24626134e-02 -3.01666129e-02
 -1.74360909e-02 -4.10642149e-03  1.00862738e-02  2.56988835e-02  4.52382937e-02
 -7.69563541e-02 -7.94987753e-02 -8.50644335e-02 -9.24298242e-02 -1.00289769e-01
 -1.08214892e-01 -1.16135314e-01 -1.24065585e-01 -1.32036507e-01 -1.40081093e-01
 -1.48233786e-01 -1.56401381e-01 -1.64654404e-01 -1.72966316e-01 -1.81252733e-01
 -1.89401388e-01 -1.97293535e-01 -2.04818249e-01 -2.11880609e-01 -2.18405768e-01
 -2.24340022e-01 -2.29649901e-01 -2.34319985e-01 -2.38349646e-01 -2.41749182e-01
 -2.44535565e-01 -2.46728167e-01 -2.48344973e-01 -2.49399707e-01 -2.49899998e-01
 -2.49846697e-01 -2.49234140e-01 -2.48051152e-01 -2.46282414e-01 -2.43910253e-01
 -2.40916610e-01 -2.37284556e-01 -2.32999504e-01 -2.28049397e-01 -2.22424150e-01
 -2.16114342e-01 -2.09110200e-01 -2.01402307e-01 -1.92986354e-01 -1.83874741e-01
 -1.74118608e-01 -1.63842499e-01 -1.53298169e-01 -1.42891988e-01 -1.32398501e-01
 -1.21836044e-01 -1.11218341e-01 -1.00554697e-01 -8.98499787e-02 -7.91044682e-02
 -6.83135912e-02 -5.74677587e-02 -4.65524755e-02 -3.55491675e-02 -2.44375113e-02
 -1.32012125e-02 -1.84260018e-03  9.57502890e-03  2.07739584e-02  3.10544949e-02
 -7.68674016e-02 -7.83935711e-02 -8.55843499e-02 -9.39570069e-02 -1.01709500e-01
 -1.09232999e-01 -1.16676889e-01 -1.24106959e-01 -1.31562382e-01 -1.39071181e-01
 -1.46654218e-01 -1.54323593e-01 -1.62037447e-01 -1.69799998e-01 -1.77550018e-01
 -1.85191810e-01 -1.92617357e-01 -1.99721247e-01 -2.06409901e-01 -2.12606400e-01
 -2.18252242e-01 -2.23306850e-01 -2.27745950e-01 -2.31558755e-01 -2.34744817e-01
 -2.37310469e-01 -2.39265427e-01 -2.40619764e-01 -2.41381481e-01 -2.41554990e-01
 -2.41140351e-01 -2.40133330e-01 -2.38526195e-01 -2.36308694e-01 -2.33469427e-01
 -2.29996949e-01 -2.25880519e-01 -2.21110448e-01 -2.15677872e-01 -2.09574521e-01
 -2.02793047e-01 -1.95329204e-01 -1.87187523e-01 -1.78392619e-01 -1.69009671e-01
 -1.59176692e-01 -1.49119556e-01 -1.39330015e-01 -1.29406497e-01 -1.19388483e-01
 -1.09305181e-01 -9.91803184e-02 -8.90341327e-02 -7.88842365e-02 -6.87461197e-02
 -5.86336032e-02 -4.85596918e-02 -3.85382064e-02 -2.85868272e-02 -1.87325832e-02
 -9.02154204e-03  4.64810320e-04  9.58554260e-03  1.81278922e-02  2.58975811e-02
 -8.35249275e-02 -8.59421641e-02 -9.11209807e-02 -9.76726115e-02 -1.04422726e-01
 -1.11175828e-01 -1.17937639e-01 -1.24727055e-01 -1.31560177e-01 -1.38451338e-01
 -1.45414338e-01 -1.52463555e-01 -1.59535185e-01 -1.66647822e-01 -1.73757687e-01
 -1.80784851e-01 -1.87633038e-01 -1.94204047e-01 -2.00407237e-01 -2.06164956e-01
 -2.11414993e-01 -2.16110751e-01 -2.20220134e-01 -2.23723382e-01 -2.26610482e-01
 -2.28878364e-01 -2.30528072e-01 -2.31562480e-01 -2.31984258e-01 -2.31794640e-01
 -2.30992749e-01 -2.29575440e-01 -2.27537706e-01 -2.24873155e-01 -2.21574664e-01
 -2.17634812e-01 -2.13046327e-01 -2.07802474e-01 -2.01897964e-01 -1.95331052e-01
 -1.88107863e-01 -1.80250093e-01 -1.71807081e-01 -1.62870511e-01 -1.53594330e-01
 -1.44321844e-01 -1.34894580e-01 -1.25392720e-01 -1.15812182e-01 -1.06167786e-01
 -9.64823440e-02 -8.67822766e-02 -7.70955831e-02 -6.74510449e-02 -5.78778014e-02
 -4.84054685e-02 -3.90645824e-02 -2.98877992e-02 -2.09119227e-02 -1.21810567e-02
 -3.75069678e-03  4.30819485e-03  1.19079482e-02  1.89499073e-02  2.53367592e-02
 -9.00889039e-02 -9.28936526e-02 -9.70673412e-02 -1.02225825e-01 -1.07865311e-01
 -1.13735124e-01 -1.19732074e-01 -1.25813782e-01 -1.31964251e-01 -1.38180032e-01
 -1.44464433e-01 -1.50824904e-01 -1.57179624e-01 -1.63559720e-01 -1.69937968e-01
 -1.76250741e-01 -1.82415262e-01 -1.88342780e-01 -1.93947777e-01 -1.99153900e-01
 -2.03896925e-01 -2.08125815e-01 -2.11802140e-01 -2.14898616e-01 -2.17397183e-01
 -2.19286755e-01 -2.20561087e-01 -2.21216843e-01 -2.21252024e-01 -2.20664918e-01
 -2.19453320e-01 -2.17614278e-01 -2.15143993e-01 -2.12038010e-01 -2.08291396e-01
 -2.03899249e-01 -1.98857516e-01 -1.93164885e-01 -1.86826408e-01 -1.79860234e-01
 -1.72307760e-01 -1.64251059e-01 -1.55838445e-01 -1.47287279e-01 -1.38518810e-01
 -1.29584759e-01 -1.20503709e-01 -1.11305937e-01 -1.02018096e-01 -9.26691741e-02
 -8.32917914e-02 -7.39220157e-02 -6.45988658e-02 -5.53636327e-02 -4.62592132e-02
 -3.73294875e-02 -2.86188144e-02 -2.01717988e-02 -1.20334569e-02 -4.24972782e-03
  3.13183758e-03  1.00617632e-02  1.64893903e-02  2.23651659e-02  2.76441853e-02
 -9.37021896e-02 -9.59650502e-02 -1.00761063e-01 -1.06055252e-01 -1.11234747e-01
 -1.16488457e-01 -1.21825859e-01 -1.27232596e-01 -1.32697195e-01 -1.38214573e-01
 -1.43785208e-01 -1.49413586e-01 -1.55001357e-01 -1.60588846e-01 -1.66163594e-01
 -1.71678364e-01 -1.77065432e-01 -1.82247862e-01 -1.87148049e-01 -1.91693559e-01
 -1.95820734e-01 -1.99476197e-01 -2.02617228e-01 -2.05210879e-01 -2.07232758e-01
 -2.08665341e-01 -2.09496364e-01 -2.09717304e-01 -2.09322050e-01 -2.08305970e-01
 -2.06665143e-01 -2.04396009e-01 -2.01495245e-01 -1.97959945e-01 -1.93788171e-01
 -1.88980117e-01 -1.83540449e-01 -1.77482486e-01 -1.70834675e-01 -1.63655043e-01
 -1.56036317e-01 -1.48125619e-01 -1.40252843e-01 -1.32065251e-01 -1.23618022e-01
 -1.14955135e-01 -1.06112592e-01 -9.71253812e-02 -8.80293772e-02 -7.88633898e-02
 -6.96704239e-02 -6.04982302e-02 -5.13991900e-02 -4.24296558e-02 -3.36486958e-02
 -2.51164194e-02 -1.68919358e-02 -9.03127715e-03 -1.58550870e-03  5.40069118e-03
  1.18899038e-02  1.78523343e-02  2.32658461e-02  2.81159133e-02  3.23956311e-02
 -9.93193015e-02 -1.02085076e-01 -1.05790816e-01 -1.10140555e-01 -1.14749432e-01
 -1.19448915e-01 -1.24188982e-01 -1.28954470e-01 -1.33740827e-01 -1.38548255e-01
 -1.43380508e-01 -1.48245335e-01 -1.53038621e-01 -1.57798111e-01 -1.62521586e-01
 -1.67177081e-01 -1.71712711e-01 -1.76065400e-01 -1.80168152e-01 -1.83955476e-01
 -1.87367171e-01 -1.90350369e-01 -1.92860544e-01 -1.94861427e-01 -1.96324259e-01
 -1.97226867e-01 -1.97552413e-01 -1.97288260e-01 -1.96424946e-01 -1.94955513e-01
 -1.92874864e-01 -1.90179676e-01 -1.86868802e-01 -1.82944566e-01 -1.78414375e-01
 -1.73292935e-01 -1.67607114e-01 -1.61403537e-01 -1.54739872e-01 -1.47765875e-01
 -1.40631393e-01 -1.33151367e-01 -1.25399023e-01 -1.17371514e-01 -1.09084532e-01
 -1.00562021e-01 -9.18324962e-02 -8.29287395e-02 -7.38885701e-02 -6.47560507e-02
 -5.55826686e-02 -4.64281850e-02 -3.73608246e-02 -2.84564644e-02 -1.97966099e-02
 -1.14650168e-02 -3.54320812e-03  3.89460102e-03  1.07863583e-02  1.70859825e-02
  2.27655265e-02  2.78153960e-02  3.22427265e-02  3.60683352e-02  3.93229611e-02
 -1.02530517e-01 -1.04429811e-01 -1.09395474e-01 -1.14176489e-01 -1.18524574e-01
 -1.22753106e-01 -1.26919985e-01 -1.31045535e-01 -1.35141492e-01 -1.39215961e-01
 -1.43273830e-01 -1.47315592e-01 -1.51333898e-01 -1.55260473e-01 -1.59111515e-01
 -1.62872642e-01 -1.66508794e-01 -1.69972017e-01 -1.73207849e-01 -1.76160306e-01
 -1.78775534e-01 -1.81004167e-01 -1.82802826e-01 -1.84134617e-01 -1.84969068e-01
 -1.85281634e-01 -1.85053006e-01 -1.84268296e-01 -1.82916597e-01 -1.80990815e-01
 -1.78487614e-01 -1.75407425e-01 -1.71755522e-01 -1.67548150e-01 -1.62815839e-01
 -1.57600835e-01 -1.51965305e-01 -1.46066874e-01 -1.39756963e-01 -1.33085832e-01
 -1.26091078e-01 -1.18772738e-01 -1.11143559e-01 -1.03213899e-01 -9.49969068e-02
 -8.65098909e-02 -7.77749494e-02 -6.88200891e-02 -5.96808046e-02 -5.04021123e-02
 -4.10409011e-02 -3.16681713e-02 -2.23706663e-02 -1.32510224e-02 -4.42541717e-03
  3.98212858e-03  1.18488502e-02  1.90644767e-02  2.55422723e-02  3.12275141e-02
  3.61018442e-02  4.01829444e-02  4.35195826e-02  4.61828671e-02  4.82555069e-02
 -1.09409735e-01 -1.12142429e-01 -1.15520597e-01 -1.19260289e-01 -1.23012520e-01
 -1.26653790e-01 -1.30180016e-01 -1.33614585e-01 -1.36980519e-01 -1.40294552e-01
 -1.43566921e-01 -1.46802247e-01 -1.50001004e-01 -1.53074875e-01 -1.56041577e-01
 -1.58895239e-01 -1.61612645e-01 -1.64158732e-01 -1.66491225e-01 -1.68564737e-01
 -1.70333758e-01 -1.71755135e-01 -1.72789618e-01 -1.73402876e-01 -1.73566088e-01
 -1.73255891e-01 -1.72454000e-01 -1.71146631e-01 -1.69324398e-01 -1.66985184e-01
 -1.64134815e-01 -1.60784826e-01 -1.56941414e-01 -1.52644783e-01 -1.47983789e-01
 -1.43030092e-01 -1.37644216e-01 -1.31873041e-01 -1.25724047e-01 -1.19210541e-01
 -1.12344600e-01 -1.05133004e-01 -9.75814834e-02 -8.96952823e-02 -8.14805403e-02
 -7.29456693e-02 -6.41028211e-02 -5.49697876e-02 -4.55726311e-02 -3.59491445e-02
 -2.61534248e-02 -1.62614118e-02 -6.37695333e-03  3.36306659e-03  1.27874920e-02
  2.16979608e-02  2.98875049e-02  3.71680371e-02  4.33974266e-02  4.84977476e-02
  5.24630919e-02  5.53582609e-02  5.73081598e-02  5.84766045e-02  5.90378232e-02
 -1.14755489e-01 -1.16946235e-01 -1.21154808e-01 -1.25107646e-01 -1.28376424e-01
 -1.31324723e-01 -1.34085357e-01 -1.36728272e-01 -1.39293060e-01 -1.41801357e-01
 -1.44263521e-01 -1.46682665e-01 -1.49056941e-01 -1.51284978e-01 -1.53381988e-01
 -1.55345693e-01 -1.57160506e-01 -1.58801138e-01 -1.60236061e-01 -1.61430329e-01
 -1.62347987e-01 -1.62954032e-01 -1.63215771e-01 -1.63104758e-01 -1.62597939e-01
 -1.61678344e-01 -1.60335034e-01 -1.58560961e-01 -1.56344727e-01 -1.53695777e-01
 -1.50648460e-01 -1.47278056e-01 -1.43470407e-01 -1.39256716e-01 -1.34666011e-01
 -1.29714862e-01 -1.24395236e-01 -1.18709646e-01 -1.12660117e-01 -1.06248461e-01
 -9.94751975e-02 -9.23387930e-02 -8.48359540e-02 -7.69619495e-02 -6.87112808e-02
 -6.00785166e-02 -5.10594770e-02 -4.16530743e-02 -3.18641141e-02 -2.17076205e-02
 -1.12154773e-02 -4.46386024e-04  1.04995538e-02  2.14607697e-02  3.21912207e-02
  4.23489697e-02  5.15294820e-02  5.93583472e-02  6.55768365e-02  7.00626373e-02
  7.28294849e-02  7.40257949e-02  7.39316642e-02  7.29231536e-02  7.13723451e-02
 -1.24765195e-01 -1.27821252e-01 -1.30575478e-01 -1.32961705e-01 -1.35011703e-01
 -1.36864603e-01 -1.38622209e-01 -1.40333638e-01 -1.42017975e-01 -1.43679440e-01
 -1.45315021e-01 -1.46918148e-01 -1.48480475e-01 -1.49890289e-01 -1.51156783e-01
 -1.52277261e-01 -1.53239831e-01 -1.54025897e-01 -1.54612571e-01 -1.54974774e-01
 -1.55086920e-01 -1.54923722e-01 -1.54458866e-01 -1.53671667e-01 -1.52548224e-01
 -1.51084095e-01 -1.49289504e-01 -1.47200182e-01 -1.44722432e-01 -1.41872957e-01
 -1.38666853e-01 -1.35115892e-01 -1.31213188e-01 -1.26961499e-01 -1.22366212e-01
 -1.17430501e-01 -1.12153105e-01 -1.06531344e-01 -1.00560926e-01 -9.42357481e-02
 -8.75475332e-02 -8.04853961e-02 -7.30356127e-02 -6.51814118e-02 -5.69028035e-02
 -4.81765382e-02 -3.89762074e-02 -2.92727277e-02 -1.90355759e-02 -8.23540520e-03
  3.15080862e-03  1.51301892e-02  2.76763197e-02  4.06954996e-02  5.39541319e-02
  6.69103563e-02  7.85106570e-02  8.77174884e-02  9.42936540e-02  9.80350152e-02
  9.90104005e-02  9.74467769e-02  9.37430561e-02  8.90806690e-02  8.44051316e-02
 -1.37254119e-01 -1.41314209e-01 -1.42380863e-01 -1.42295182e-01 -1.42421931e-01
 -1.42839834e-01 -1.43448308e-01 -1.44173205e-01 -1.44965336e-01 -1.45789355e-01
 -1.46617964e-01 -1.47429600e-01 -1.48208693e-01 -1.48844317e-01 -1.49338394e-01
 -1.49684414e-01 -1.49870649e-01 -1.49882123e-01 -1.49702430e-01 -1.49315700e-01
 -1.48709163e-01 -1.47877380e-01 -1.46782517e-01 -1.45413235e-01 -1.43761218e-01
 -1.41821876e-01 -1.39593959e-01 -1.37076378e-01 -1.34257451e-01 -1.31135106e-01
 -1.27711028e-01 -1.23987161e-01 -1.19963266e-01 -1.15638912e-01 -1.11013010e-01
 -1.06082812e-01 -1.00843213e-01 -9.52867270e-02 -8.94033611e-02 -8.31803679e-02
 -7.66019300e-02 -6.96486533e-02 -6.22970089e-02 -5.45186065e-02 -4.62792106e-02
 -3.75375040e-02 -2.82434616e-02 -1.83363594e-02 -7.74239842e-03  3.62785999e-03
  1.58817489e-02  2.91455146e-02  4.35629562e-02  5.92930727e-02  7.65358880e-02
  9.58819762e-02  1.18389562e-01  1.23983257e-01  1.34210050e-01  1.35594055e-01
  1.33009836e-01  1.31603077e-01  1.15454629e-01  1.04262762e-01  9.57075879e-02
 -1.47735849e-01 -1.52891204e-01 -1.52017772e-01 -1.49976254e-01 -1.48854569e-01
 -1.48252577e-01 -1.47961006e-01 -1.47863954e-01 -1.47883758e-01 -1.47963047e-01
 -1.48056731e-01 -1.48127049e-01 -1.48139074e-01 -1.48054346e-01 -1.47848383e-01
 -1.47502780e-01 -1.47001818e-01 -1.46331057e-01 -1.45477101e-01 -1.44427612e-01
 -1.43171579e-01 -1.41698733e-01 -1.39997154e-01 -1.38058513e-01 -1.35877401e-01
 -1.33450881e-01 -1.30777776e-01 -1.27857506e-01 -1.24689132e-01 -1.21272825e-01
 -1.17609449e-01 -1.13699570e-01 -1.09542586e-01 -1.05136372e-01 -1.00476906e-01
 -9.55578089e-02 -9.03700367e-02 -8.49016160e-02 -7.91375190e-02 -7.30594248e-02
 -6.66453689e-02 -5.98692782e-02 -5.27001992e-02 -4.51012515e-02 -3.70280631e-02
 -2.84265652e-02 -1.92298684e-02 -9.35375970e-03  1.30971218e-03  1.29014542e-02
  2.56082863e-02  3.96800898e-02  5.54495566e-02  7.33540058e-02  9.40078869e-02
  1.17836550e-01  1.33885428e-01  1.44822419e-01  1.53312474e-01  1.52000010e-01
  1.51190460e-01  1.38636604e-01  1.23782903e-01  1.11323833e-01  1.01360135e-01
 -1.50438815e-01 -1.54827684e-01 -1.55768231e-01 -1.54846117e-01 -1.53647467e-01
 -1.52625695e-01 -1.51816532e-01 -1.51167542e-01 -1.50616467e-01 -1.50107995e-01
 -1.49596065e-01 -1.49042577e-01 -1.48415416e-01 -1.47687063e-01 -1.46835357e-01
 -1.45842388e-01 -1.44693315e-01 -1.43375501e-01 -1.41878143e-01 -1.40192047e-01
 -1.38309538e-01 -1.36224419e-01 -1.33931935e-01 -1.31429344e-01 -1.28716007e-01
 -1.25793278e-01 -1.22663990e-01 -1.19331926e-01 -1.15801282e-01 -1.12076215e-01
 -1.08160287e-01 -1.04055725e-01 -9.97626856e-02 -9.52786729e-02 -9.05981213e-02
 -8.57120901e-02 -8.06080997e-02 -7.52701610e-02 -6.96787611e-02 -6.38109073e-02
 -5.76400347e-02 -5.11356853e-02 -4.42629345e-02 -3.69813964e-02 -2.92437021e-02
 -2.09932234e-02 -1.21607408e-02 -2.65946682e-03  7.62253022e-03  1.88343227e-02
  3.11821066e-02  4.49644960e-02  6.06376380e-02  7.89194033e-02  1.00533374e-01
  1.20811075e-01  1.33812696e-01  1.45209074e-01  1.49208114e-01  1.50028795e-01
  1.44832373e-01  1.32160023e-01  1.19563885e-01  1.08963937e-01  1.00127771e-01
 -1.58118159e-01 -1.64160818e-01 -1.61969990e-01 -1.59061208e-01 -1.57366022e-01
 -1.56100333e-01 -1.55041575e-01 -1.54087096e-01 -1.53168783e-01 -1.52235731e-01
 -1.51249096e-01 -1.50178984e-01 -1.49001971e-01 -1.47699147e-01 -1.46255046e-01
 -1.44656748e-01 -1.42893344e-01 -1.40955672e-01 -1.38836205e-01 -1.36529148e-01
 -1.34030595e-01 -1.31338671e-01 -1.28453612e-01 -1.25378072e-01 -1.22116975e-01
 -1.18677497e-01 -1.15068570e-01 -1.11300409e-01 -1.07383706e-01 -1.03328772e-01
 -9.91444811e-02 -9.48372185e-02 -9.04098302e-02 -8.58608782e-02 -8.11840743e-02
 -7.63681754e-02 -7.13971257e-02 -6.62504584e-02 -6.09038882e-02 -5.53298704e-02
 -4.94980142e-02 -4.33752947e-02 -3.69259603e-02 -3.01110540e-02 -2.28875559e-02
 -1.52070494e-02 -7.01387599e-03  1.75740907e-03  1.11854551e-02  2.13667974e-02
  3.24224085e-02  4.45072576e-02  5.78245260e-02  7.26356953e-02  8.89923573e-02
  1.03253618e-01  1.13101512e-01  1.21901721e-01  1.24993607e-01  1.26472056e-01
  1.22815281e-01  1.14936106e-01  1.07204095e-01  1.00094199e-01  9.36623961e-02
 -1.55127034e-01 -1.59813941e-01 -1.61283076e-01 -1.60813853e-01 -1.59836546e-01
 -1.58831775e-01 -1.57842278e-01 -1.56818226e-01 -1.55710116e-01 -1.54484361e-01
 -1.53120905e-01 -1.51608095e-01 -1.49938494e-01 -1.48106188e-01 -1.46105483e-01
 -1.43930465e-01 -1.41575173e-01 -1.39034122e-01 -1.36302873e-01 -1.33378610e-01
 -1.30260721e-01 -1.26951203e-01 -1.23454899e-01 -1.19779818e-01 -1.15937166e-01
 -1.11941271e-01 -1.07809268e-01 -1.03560440e-01 -9.92152318e-02 -9.47937444e-02
 -9.03140381e-02 -8.57901499e-02 -8.12303722e-02 -7.66358599e-02 -7.19999000e-02
 -6.73079863e-02 -6.25385791e-02 -5.76644205e-02 -5.26541434e-02 -4.74738441e-02
 -4.20884378e-02 -3.64625752e-02 -3.05611994e-02 -2.43496913e-02 -1.77938193e-02
 -1.08595984e-02 -3.51332966e-03  4.27780300e-03  1.25438906e-02  2.13078093e-02
  3.05750575e-02  4.03110422e-02  5.03904521e-02  6.04947321e-02  7.00995252e-02
  7.89504200e-02  8.64421502e-02  9.21543911e-02  9.58491117e-02  9.75347236e-02
  9.73898694e-02  9.54736471e-02  9.22714993e-02  8.84843916e-02  8.45321715e-02
 -1.61423936e-01 -1.68216899e-01 -1.65039971e-01 -1.62692487e-01 -1.61910489e-01
 -1.61362499e-01 -1.60693005e-01 -1.59777716e-01 -1.58584312e-01 -1.57119840e-01
 -1.55405119e-01 -1.53462350e-01 -1.51309252e-01 -1.48957163e-01 -1.46411061e-01
 -1.43671036e-01 -1.40734121e-01 -1.37596205e-01 -1.34253785e-01 -1.30705327e-01
 -1.26952156e-01 -1.22999229e-01 -1.18855424e-01 -1.14533938e-01 -1.10052563e-01
 -1.05433963e-01 -1.00705706e-01 -9.58998650e-02 -9.10517573e-02 -8.61977190e-02
 -8.13718736e-02 -7.66023546e-02 -7.19076172e-02 -6.72936589e-02 -6.27526790e-02
 -5.82635142e-02 -5.37937731e-02 -4.93031181e-02 -4.47470546e-02 -4.00804169e-02
 -3.52600813e-02 -3.02466732e-02 -2.50054803e-02 -1.95067804e-02 -1.37259746e-02
 -7.64387846e-03 -1.24751322e-03  5.46815852e-03  1.24969957e-02  1.98161695e-02
  2.73774806e-02  3.50951254e-02  4.28323038e-02  5.03961146e-02  5.75534292e-02
  6.40559942e-02  6.96602836e-02  7.41632655e-02  7.74383247e-02  7.94513151e-02
  8.02552179e-02  7.99806640e-02  7.88343847e-02  7.70649090e-02  7.49032870e-02
 -1.51201159e-01 -1.56440616e-01 -1.59967512e-01 -1.62248358e-01 -1.63759500e-01
 -1.64509311e-01 -1.64449334e-01 -1.63670585e-01 -1.62313178e-01 -1.60501197e-01
 -1.58333033e-01 -1.55881003e-01 -1.53192565e-01 -1.50293753e-01 -1.47194043e-01
 -1.43891871e-01 -1.40379846e-01 -1.36649027e-01 -1.32692143e-01 -1.28505692e-01
 -1.24091148e-01 -1.19455308e-01 -1.14610314e-01 -1.09573700e-01 -1.04368933e-01
 -9.90266427e-02 -9.35861319e-02 -8.80964100e-02 -8.26157704e-02 -7.72086084e-02
 -7.19392151e-02 -6.68633580e-02 -6.20197468e-02 -5.74234985e-02 -5.30632176e-02
 -4.89022806e-02 -4.48841937e-02 -4.09408621e-02 -3.70015614e-02 -3.30002643e-02
 -2.88801566e-02 -2.45954525e-02 -2.01113820e-02 -1.54033955e-02 -1.04562659e-02
 -5.26360748e-03  1.71947133e-04  5.83771337e-03  1.17089720e-02  1.77460369e-02
  2.38906443e-02  3.00624873e-02  3.61574888e-02  4.20498475e-02  4.75990362e-02
  5.26609123e-02  5.71014062e-02  6.08112924e-02  6.37191534e-02  6.57993332e-02
  6.70737103e-02  6.76079392e-02  6.75025061e-02  6.68782592e-02  6.58594593e-02
 -1.47120818e-01 -1.52927160e-01 -1.58499405e-01 -1.63830459e-01 -1.68546200e-01
 -1.70853391e-01 -1.70713767e-01 -1.69470176e-01 -1.67468235e-01 -1.64929435e-01
 -1.62031889e-01 -1.58891648e-01 -1.55570716e-01 -1.52088970e-01 -1.48438215e-01
 -1.44595653e-01 -1.40533894e-01 -1.36227950e-01 -1.31659523e-01 -1.26819685e-01
 -1.21709496e-01 -1.16338789e-01 -1.10723667e-01 -1.04884438e-01 -9.88459215e-02
 -9.26407203e-02 -8.63149390e-02 -7.99350515e-02 -7.35929906e-02 -6.74046203e-02
 -6.14970252e-02 -5.59863225e-02 -5.09550534e-02 -4.64371108e-02 -4.24113721e-02
 -3.88039388e-02 -3.55008245e-02 -3.23706791e-02 -2.92891283e-02 -2.61544120e-02
 -2.28918325e-02 -1.94512717e-02 -1.58023722e-02 -1.19299749e-02 -7.83073995e-03
 -3.51105095e-03  1.01394102e-03  5.72037697e-03  1.05750887e-02  1.55346282e-02
  2.05442999e-02  2.55377293e-02  3.04375514e-02  3.51577662e-02  3.96079756e-02
  4.36992571e-02  4.73510511e-02  5.04981056e-02  5.30963168e-02  5.51265366e-02
  5.65956198e-02  5.75346015e-02  5.79942390e-02  5.80386184e-02  5.77379651e-02
 -1.44428149e-01 -1.51051164e-01 -1.58290848e-01 -1.66508883e-01 -1.75844148e-01
 -1.80344179e-01 -1.80235848e-01 -1.77863181e-01 -1.74211830e-01 -1.70295998e-01
 -1.66254908e-01 -1.62213534e-01 -1.58205137e-01 -1.54182374e-01 -1.50067389e-01
 -1.45780817e-01 -1.41252369e-01 -1.36426702e-01 -1.31266519e-01 -1.25754744e-01
 -1.19897939e-01 -1.13721617e-01 -1.07255869e-01 -1.00523531e-01 -9.35387462e-02
 -8.63145366e-02 -7.88769126e-02 -7.12861791e-02 -6.36663213e-02 -5.62313348e-02
 -4.92670871e-02 -4.30413745e-02 -3.77287865e-02 -3.34002040e-02 -3.00171543e-02
 -2.74246912e-02 -2.53545046e-02 -2.35068221e-02 -2.16485932e-02 -1.96366962e-02
 -1.73957776e-02 -1.48928054e-02 -1.21197514e-02 -9.08344612e-03 -5.80002088e-03
 -2.29209987e-03  1.41241588e-03  5.28063858e-03  9.27452091e-03  1.33505464e-02
  1.74595658e-02  2.15470511e-02  2.55540088e-02  2.94186752e-02  3.30790430e-02
  3.64760533e-02  3.95571031e-02  4.22794744e-02  4.46131788e-02  4.65427823e-02
  4.80679348e-02  4.92025279e-02  4.99725826e-02  5.04132509e-02  5.05653284e-02
 -1.41094714e-01 -1.47949636e-01 -1.55705765e-01 -1.64831251e-01 -1.76118851e-01
 -1.83323681e-01 -1.87413976e-01 -1.85731038e-01 -1.81832701e-01 -1.75744787e-01
 -1.69941083e-01 -1.64975777e-01 -1.60539016e-01 -1.56289667e-01 -1.51993990e-01
 -1.47512749e-01 -1.42703339e-01 -1.37472510e-01 -1.31773248e-01 -1.25543430e-01
 -1.18807361e-01 -1.11688063e-01 -1.04280576e-01 -9.66076776e-02 -8.86412412e-02
 -8.03263336e-02 -7.15986863e-02 -6.24059848e-02 -5.27606048e-02 -4.29272018e-02
 -3.38563137e-02 -2.64175925e-02 -2.05779020e-02 -1.66772902e-02 -1.44572621e-02
 -1.40417954e-02 -1.44581515e-02 -1.47244157e-02 -1.45467753e-02 -1.38785550e-02
 -1.27422763e-02 -1.11806644e-02 -9.24097653e-03 -6.96973549e-03 -4.41135513e-03
 -1.60830864e-03  1.39810808e-03  4.56685945e-03  7.85632804e-03  1.12236803e-02
  1.46245575e-02  1.80131458e-02  2.13427097e-02  2.45665815e-02  2.76395548e-02
  3.05195972e-02  3.31696682e-02  3.55594605e-02  3.76668200e-02  3.94786671e-02
  4.09912430e-02  4.22097147e-02  4.31471393e-02  4.38229442e-02  4.42611352e-02
 -1.36359379e-01 -1.42665520e-01 -1.49584815e-01 -1.57200173e-01 -1.65361121e-01
 -1.73544839e-01 -1.83297038e-01 -1.84013054e-01 -1.83929086e-01 -1.76431656e-01
 -1.70034185e-01 -1.65443823e-01 -1.62077129e-01 -1.58430070e-01 -1.54107749e-01
 -1.50182471e-01 -1.45396188e-01 -1.39620379e-01 -1.33928090e-01 -1.26866654e-01
 -1.18485674e-01 -1.10071339e-01 -1.01682752e-01 -9.31933820e-02 -8.44493657e-02
 -7.52788037e-02 -6.54763654e-02 -5.47723956e-02 -4.27682735e-02 -2.87050717e-02
 -1.34160994e-02 -7.77098350e-03  2.60708667e-03  2.02139630e-03  6.72881166e-03
 -1.51498098e-04 -4.93244035e-03 -7.73367193e-03 -9.22551844e-03 -9.75082815e-03
 -9.53020621e-03 -8.71852692e-03 -7.43039558e-03 -5.75418863e-03 -3.76070151e-03
 -1.50887854e-03  9.50223010e-04  3.57064581e-03  6.30959449e-03  9.12615377e-03
  1.19805429e-02  1.48338210e-02  1.76479928e-02  2.03864537e-02  2.30146777e-02
  2.55011078e-02  2.78180931e-02  2.99427751e-02  3.18578184e-02  3.35518681e-02
  3.50196771e-02  3.62618938e-02  3.72845270e-02  3.80981192e-02  3.87167782e-02
 -1.30505741e-01 -1.35939077e-01 -1.41618058e-01 -1.47478372e-01 -1.53421819e-01
 -1.59300864e-01 -1.64762393e-01 -1.69610098e-01 -1.76643267e-01 -1.67859986e-01
 -1.63553908e-01 -1.60946488e-01 -1.60266429e-01 -1.57985926e-01 -1.53059825e-01
 -1.50778711e-01 -1.46315470e-01 -1.39477834e-01 -1.35173574e-01 -1.27459794e-01
 -1.17017835e-01 -1.07718214e-01 -9.88744497e-02 -9.01107788e-02 -8.11656341e-02
 -7.18080401e-02 -6.17842861e-02 -5.07664643e-02 -3.82868052e-02 -2.37012357e-02
 -9.27692465e-03 -1.99349923e-03  6.51516952e-03  7.51911849e-03  9.89450142e-03
  3.98012297e-03 -1.64392055e-03 -5.18716173e-03 -7.23015470e-03 -8.18585791e-03
 -8.33073538e-03 -7.85574224e-03 -6.89769257e-03 -5.55783045e-03 -3.91360652e-03
 -2.02655909e-03  5.23373637e-05  2.27907673e-03  4.61424887e-03  7.02152494e-03
  9.46675427e-03  1.19175157e-02  1.43430047e-02  1.67141836e-02  1.90041121e-02
  2.11883932e-02  2.32456662e-02  2.51580644e-02  2.69116051e-02  2.84964200e-02
  2.99068205e-02  3.11411768e-02  3.22016142e-02  3.30935568e-02  3.38251740e-02
  3.94001579e+00  4.15080976e+00  4.32573462e+00  4.48133850e+00  4.61850357e+00
  4.71537018e+00  4.78983831e+00  4.83144236e+00  4.85281897e+00  4.84975958e+00
  4.83181429e+00  4.80040836e+00  4.75765610e+00  4.70953512e+00  4.65645456e+00
  4.60115910e+00  4.54446507e+00  4.48901320e+00  4.43415737e+00  4.38208485e+00
  4.33330774e+00  4.28852463e+00  4.24800920e+00  4.21164656e+00  4.17908287e+00
  4.15135098e+00  4.12727976e+00  4.10666227e+00  4.08955288e+00  4.07604504e+00
  4.06605530e+00  4.05874872e+00  4.05482769e+00  4.05364227e+00  4.05559683e+00
  4.06060600e+00  4.06869650e+00  4.07982349e+00  4.09403610e+00  4.11148310e+00
  4.13241768e+00  4.15710974e+00  4.18558645e+00  4.21813154e+00  4.25499344e+00
  4.29680347e+00  4.34360886e+00  4.39624786e+00  4.45506716e+00  4.52046871e+00
  4.59345675e+00  4.67430830e+00  4.76493406e+00  4.86548424e+00  4.97897816e+00
  5.10750675e+00  5.25307608e+00  5.42089653e+00  5.61597157e+00  5.84525537e+00
  6.12255383e+00  6.46445179e+00  6.92340755e+00  7.64556074e+00  1.18862944e+01
   89   89
  1.05944943e+00  0.00000000e+00  1.06147957e+00  1.00000001e-01  1.06748152e+00
  2.00000003e-01  1.07692564e+00  3.00000012e-01  1.08273518e+00  3.49999994e-01
  1.09432685e+00  4.49999988e-01  1.10532033e+00  5.50000012e-01  1.11077201e+00
  6.00000024e-01  1.12097609e+00  6.99999988e-01  1.13161397e+00  8.00000012e-01
  1.13763916e+00  8.50000024e-01  1.14849496e+00  9.49999988e-01  1.15710258e+00
  1.04855859e+00  1.16123867e+00  1.09711719e+00  1.21187496e+00  1.09020400e+00
  1.26499999e+00  1.08015776e+00  1.31812501e+00  1.06848538e+00  1.37125003e+00
  1.05513632e+00  1.39781249e+00  1.04813433e+00  1.45093751e+00  1.03348923e+00
  1.50406253e+00  1.01589143e+00  1.54523528e+00  1.00000000e+00  1.58375001e+00
  9.85296071e-01  1.63687503e+00  9.60466743e-01  1.66343749e+00  9.46808100e-01
  1.71656251e+00  9.16822791e-01  1.74312496e+00  8.99472356e-01  1.79624999e+00
  8.63354445e-01  1.82281256e+00  8.43240261e-01  1.87451136e+00  8.00000012e-01
  1.90250003e+00  7.75628209e-01  1.92906249e+00  7.49954462e-01  1.97953773e+00
  6.99999988e-01  2.00874996e+00  6.68089032e-01  2.03531241e+00  6.37147427e-01
  2.06453204e+00  6.00000024e-01  2.10160327e+00  5.50000012e-01  2.13445497e+00
  5.00000000e-01  2.16338301e+00  4.49999988e-01  2.18892884e+00  4.00000006e-01
  2.21162534e+00  3.49999994e-01  2.23186374e+00  3.00000012e-01  2.24984670e+00
  2.50000000e-01  2.27437496e+00  1.71382785e-01  2.29141855e+00  1.00000001e-01
  2.30093741e+00  1.27834482e-02  2.30098701e+00 -5.00000007e-02  2.29664755e+00
 -1.00000001e-01  2.27602649e+00 -2.00000003e-01  2.26264000e+00 -2.50000000e-01
  2.24642444e+00 -3.00000012e-01  2.22125006e+00 -3.65093201e-01  2.19468760e+00
 -4.26264614e-01  2.16812491e+00 -4.78917569e-01  2.14156246e+00 -5.24564028e-01
  2.11500001e+00 -5.64709067e-01  2.08843756e+00 -6.00487471e-01  2.04841614e+00
 -6.49999976e-01  2.00874996e+00 -6.92936301e-01  1.98218751e+00 -7.18754411e-01
  1.94657743e+00 -7.50000000e-01  1.90250003e+00 -7.85442889e-01  1.87593746e+00
 -8.03901553e-01  1.82281256e+00 -8.38565290e-01  1.79624999e+00 -8.52844596e-01
  1.74312496e+00 -8.79857957e-01  1.69000006e+00 -8.99844646e-01  1.66343749e+00
 -9.08854902e-01  1.61031246e+00 -9.23196793e-01  1.55718756e+00 -9.32155311e-01
  1.50406253e+00 -9.35557902e-01  1.45093751e+00 -9.32686388e-01  1.39781249e+00
 -9.21786726e-01  1.34588599e+00 -8.99999976e-01  1.31812501e+00 -8.83835256e-01
  1.27850878e+00 -8.50000024e-01  1.23843753e+00 -8.02715838e-01  1.21187496e+00
 -7.60824978e-01  1.18531251e+00 -7.07726657e-01  1.16229129e+00 -6.49999976e-01
  1.14538765e+00 -6.00000024e-01  1.13080502e+00 -5.50000012e-01  1.10712624e+00
 -4.49999988e-01  1.09700227e+00 -4.00000006e-01  1.08073235e+00 -3.00000012e-01
  1.07408166e+00 -2.50000000e-01  1.06478441e+00 -1.50000006e-01  1.06009543e+00
 -5.00000007e-02  1.05944943e+00  0.00000000e+00
  1.01600003e+00  0.00000000e+00  1.01600003e+00  9.63999987e-01  1.01800001e+00
  9.67999995e-01  1.01800001e+00  1.00100005e+00  1.01800001e+00  1.01900005e+00
  1.01800001e+00  1.07700002e+00  1.01800001e+00  1.07000005e+00  1.01800001e+00
  1.09599996e+00  1.01800001e+00  1.11300004e+00  1.01800001e+00  1.13800001e+00
  1.01600003e+00  1.14699996e+00  1.01199996e+00  1.16499996e+00  1.00100005e+00
  1.21700001e+00  1.02900004e+00  1.21700001e+00  1.04200006e+00  1.16240001e+00
  1.04600000e+00  1.16237998e+00  1.05599999e+00  1.16260004e+00  1.09700000e+00
  1.16450000e+00  1.10800004e+00  1.16594005e+00  1.11600006e+00  1.16591001e+00
  1.13399994e+00  1.16895998e+00  1.14800000e+00  1.17174995e+00  1.16199994e+00
  1.17556000e+00  1.18099999e+00  1.18299997e+00  1.18200004e+00  1.18350005e+00
  1.18499994e+00  1.18499994e+00  1.19000006e+00  1.18799996e+00  1.19500005e+00
  1.19099998e+00  1.20099998e+00  1.19599998e+00  1.20899999e+00  1.20200002e+00
  1.21500003e+00  1.20799994e+00  1.22200000e+00  1.21399999e+00  1.22800004e+00
  1.22099996e+00  1.23399997e+00  1.23099995e+00  1.23899996e+00  1.23800004e+00
  1.24199998e+00  1.24399996e+00  1.24800003e+00  1.25399995e+00  1.25800002e+00
  1.27800000e+00  1.26300001e+00  1.28999996e+00  1.27999997e+00  1.33099997e+00
  1.27999997e+00  1.34700000e+00  1.27999997e+00  1.34800005e+00  1.30999994e+00
  1.34800005e+00  1.32799995e+00  1.34800005e+00  1.36099994e+00  1.34800005e+00
  1.38000000e+00  1.34800005e+00  1.41900003e+00  1.34800005e+00  1.41900003e+00
  1.30999994e+00  1.37199998e+00  1.30999994e+00  1.37199998e+00  1.29200006e+00
  1.60800004e+00  1.09500003e+00  1.64699996e+00  1.07700002e+00  1.78499997e+00
  1.07700002e+00  2.06999993e+00  1.03999996e+00  2.12800002e+00  9.92999971e-01
  2.24499989e+00  7.08999991e-01  2.32299995e+00  5.18999994e-01  2.37700009e+00
  3.88999999e-01  2.35200000e+00  4.00000006e-01  2.35100007e+00  3.37000012e-01
  2.35100007e+00  2.04999998e-01  2.35400009e+00  6.80000037e-02  2.35400009e+00
  0.00000000e+00  2.35400009e+00 -6.80000037e-02  2.35299993e+00 -2.04999998e-01
  2.35100007e+00 -3.37000012e-01  2.35299993e+00 -4.00000006e-01  2.37700009e+00
 -3.88999999e-01  2.13400006e+00 -9.72999990e-01  1.78600001e+00 -1.17400002e+00
  1.76800001e+00 -1.21099997e+00  1.76800001e+00 -1.25399995e+00  1.68200004e+00
 -1.25399995e+00  1.67400002e+00 -1.26199996e+00  1.67400002e+00 -1.32900000e+00
  1.68099999e+00 -1.33899999e+00  1.75399995e+00 -1.33899999e+00  1.75399995e+00
 -1.36800003e+00  1.68900001e+00 -1.36800003e+00  1.68900001e+00 -1.36600006e+00
  1.55499995e+00 -1.36600006e+00  1.41199994e+00 -1.36600006e+00  1.27300000e+00
 -1.36600006e+00  1.15300000e+00 -1.36600006e+00  1.01600003e+00 -1.22899997e+00
  1.01600003e+00 -8.00000012e-01  1.01600003e+00 -4.14999992e-01  1.01600003e+00
 -4.00000006e-01  1.01600003e+00  0.00000000e+00
    0 0.000000000e+00    0
  0.00000000e+00  1.16278261e-01  1.66489035e-01  2.06102833e-01  2.38992766e-01
  2.69682705e-01  2.97806859e-01  3.23644012e-01  3.47826660e-01  3.70396495e-01
  3.91718358e-01  4.11727220e-01  4.30759817e-01  4.48742598e-01  4.65896040e-01
  4.82231170e-01  4.97860074e-01  5.12803078e-01  5.27190208e-01  5.40998816e-01
  5.54289341e-01  5.67220092e-01  5.79690397e-01  5.91760159e-01  6.03527904e-01
  6.14982843e-01  6.26183808e-01  6.37127101e-01  6.47800505e-01  6.58256531e-01
  6.68552101e-01  6.78734243e-01  6.88665569e-01  6.98442280e-01  7.08102226e-01
  7.17666328e-01  7.27138519e-01  7.36484706e-01  7.45710552e-01  7.54897833e-01
  7.64007092e-01  7.73053169e-01  7.82085478e-01  7.91055381e-01  7.99990237e-01
  8.08923721e-01  8.17840636e-01  8.26767564e-01  8.35721254e-01  8.44694316e-01
  8.53718698e-01  8.62784028e-01  8.71950209e-01  8.81162643e-01  8.90518129e-01
  9.00007129e-01  9.09623086e-01  9.19441402e-01  9.29492831e-01  9.39792812e-01
  9.50447798e-01  9.61438477e-01  9.73073959e-01  9.85535502e-01  1.00000000e+00
    0
