   EFIT?   05/12/98      #102940  1171             3  65  65
  1.70000005e+00  3.20000005e+00  1.69550002e+00  8.39999974e-01  0.00000000e+00
  1.77817094e+00  2.35194955e-02 -2.70412982e-01 -9.65691358e-03 -2.00210643e+00
  1.47887688e+06 -2.70412982e-01  0.00000000e+00  1.77817094e+00  0.00000000e+00
  2.35194955e-02  0.00000000e+00 -9.65691358e-03  0.00000000e+00  0.00000000e+00
 -3.43269467e+00 -3.44118333e+00 -3.44823790e+00 -3.45400620e+00 -3.45862007e+00
 -3.46219921e+00 -3.46485162e+00 -3.46667504e+00 -3.46775842e+00 -3.46818209e+00
 -3.46801972e+00 -3.46733832e+00 -3.46619940e+00 -3.46465921e+00 -3.46276951e+00
 -3.46057796e+00 -3.45812869e+00 -3.45546293e+00 -3.45261884e+00 -3.44963217e+00
 -3.44653702e+00 -3.44336462e+00 -3.44014382e+00 -3.43690038e+00 -3.43365836e+00
 -3.43043923e+00 -3.42726207e+00 -3.42414451e+00 -3.42110276e+00 -3.41815042e+00
 -3.41530061e+00 -3.41256452e+00 -3.40995216e+00 -3.40747213e+00 -3.40513206e+00
 -3.40293860e+00 -3.40089703e+00 -3.39901161e+00 -3.39728594e+00 -3.39572239e+00
 -3.39432216e+00 -3.39308619e+00 -3.39201355e+00 -3.39110351e+00 -3.39035296e+00
 -3.38975930e+00 -3.38931751e+00 -3.38902259e+00 -3.38886809e+00 -3.38884592e+00
 -3.38894749e+00 -3.38916230e+00 -3.38947916e+00 -3.38988471e+00 -3.39036441e+00
 -3.39090204e+00 -3.39147878e+00 -3.39207506e+00 -3.39266801e+00 -3.39323282e+00
 -3.39374232e+00 -3.39416599e+00 -3.39447069e+00 -3.39461923e+00 -3.39457154e+00
  8.29020547e+04  7.38277500e+04  6.57532422e+04  5.86048945e+04  5.23126719e+04
  4.68100117e+04  4.20336602e+04  3.79235391e+04  3.44226172e+04  3.14767793e+04
  2.90347070e+04  2.70477715e+04  2.54699258e+04  2.42575938e+04  2.33695898e+04
  2.27670195e+04  2.24131875e+04  2.22735352e+04  2.23155488e+04  2.25086895e+04
  2.28243379e+04  2.32357188e+04  2.37178477e+04  2.42474727e+04  2.48030293e+04
  2.53645859e+04  2.59138086e+04  2.64339102e+04  2.69096230e+04  2.73271602e+04
  2.76741836e+04  2.79397832e+04  2.81144473e+04  2.81900449e+04  2.81598086e+04
  2.80183125e+04  2.77614688e+04  2.73865195e+04  2.68920176e+04  2.62778418e+04
  2.55451797e+04  2.46965449e+04  2.37357695e+04  2.26680215e+04  2.14998145e+04
  2.02390176e+04  1.88948770e+04  1.74780371e+04  1.60005605e+04  1.44759541e+04
  1.29192031e+04  1.13468018e+04  9.77678809e+03  8.22878418e+03  6.72404199e+03
  5.28548633e+03  3.93776733e+03  2.70731445e+03  1.62239404e+03  7.13171692e+02
  1.17787294e+01 -4.47617523e+02 -6.28738403e+02 -4.93114288e+02  0.00000000e+00
  7.78925467e+00  6.53194904e+00  5.39727354e+00  4.37444782e+00  3.45367408e+00
  2.62605286e+00  1.88350427e+00  1.21869600e+00  6.24979854e-01  9.63330641e-02
 -3.72695118e-01 -7.87030876e-01 -1.15111935e+00 -1.46896398e+00 -1.74416101e+00
 -1.97993207e+00 -2.17915154e+00 -2.34437275e+00 -2.47784972e+00 -2.58155751e+00
 -2.65730906e+00 -2.70741177e+00 -2.73427939e+00 -2.74012256e+00 -2.72696710e+00
 -2.69667172e+00 -2.65094423e+00 -2.59135699e+00 -2.51936007e+00 -2.43629503e+00
 -2.34340525e+00 -2.24184871e+00 -2.13270593e+00 -2.01699162e+00 -1.89566255e+00
 -1.76962578e+00 -1.63974726e+00 -1.50685906e+00 -1.37176681e+00 -1.23525655e+00
 -1.09810221e+00 -9.61071730e-01 -8.24934363e-01 -6.90467000e-01 -5.58461428e-01
 -4.29730952e-01 -3.05117786e-01 -1.85500279e-01 -7.18007460e-02  3.50064598e-02
  1.33886337e-01  2.23734200e-01  3.03365856e-01  3.71507347e-01  4.26783562e-01
  4.67706263e-01  4.92661029e-01  4.99892890e-01  4.87491071e-01  4.53372091e-01
  3.95261437e-01  3.10673565e-01  1.96890116e-01  5.09358607e-02 -1.30447328e-01
 -2.35452650e+06 -2.09987150e+06 -1.86374450e+06 -1.64523925e+06 -1.44348788e+06
 -1.25765925e+06 -1.08695725e+06 -9.30619312e+05 -7.87914000e+05 -6.58140188e+05
 -5.40624875e+05 -4.34722250e+05 -3.39811875e+05 -2.55297516e+05 -1.80605797e+05
 -1.15184914e+05 -5.85034297e+04 -1.00491289e+04  3.06721309e+04  6.41374961e+04
  9.08081719e+04  1.11130422e+05  1.25536562e+05  1.34445906e+05  1.38265688e+05
  1.37391969e+05  1.32210469e+05  1.23097469e+05  1.10420578e+05  9.45396172e+04
  7.58073125e+04  5.45701719e+04  3.11691680e+04  5.94053125e+03 -2.07835273e+04
 -4.86740859e+04 -7.74047812e+04 -1.06651102e+05 -1.36089656e+05 -1.65397500e+05
 -1.94251391e+05 -2.22327062e+05 -2.49298578e+05 -2.74837562e+05 -2.98612438e+05
 -3.20287875e+05 -3.39523812e+05 -3.55974875e+05 -3.69289562e+05 -3.79109500e+05
 -3.85068562e+05 -3.86792219e+05 -3.83896625e+05 -3.75987750e+05 -3.62660531e+05
 -3.43498062e+05 -3.18070562e+05 -2.85934469e+05 -2.46631547e+05 -1.99687734e+05
 -1.44612219e+05 -8.08963203e+04 -8.01234082e+03  7.45875469e+04  1.67472516e+05
  3.85747552e-02  3.12031377e-02  2.32694354e-02  1.47942863e-02  5.92674362e-03
 -3.04820575e-03 -1.14952587e-02 -1.91827845e-02 -2.83481609e-02 -1.64237041e-02
 -1.05929552e-02 -7.44392490e-03 -7.49881659e-03 -4.85855900e-03  3.12254694e-03
  6.43217005e-03  1.33244684e-02  2.50008274e-02  3.21480110e-02  4.49923314e-02
  6.32509068e-02  7.94255212e-02  9.47938859e-02  1.10068761e-01  1.25759527e-01
  1.42326087e-01  1.60277560e-01  1.80270419e-01  2.03240722e-01  2.30289236e-01
  2.55677313e-01  2.69464523e-01  2.82406360e-01  2.83451527e-01  2.83568799e-01
  2.70089030e-01  2.55368829e-01  2.44424090e-01  2.36248493e-01  2.30057105e-01
  2.25355133e-01  2.21821174e-01  2.19234809e-01  2.17435002e-01  2.16296747e-01
  2.15717986e-01  2.15612143e-01  2.15903386e-01  2.16523588e-01  2.17410207e-01
  2.18504906e-01  2.19752803e-01  2.21102044e-01  2.22503871e-01  2.23912954e-01
  2.25287944e-01  2.26592138e-01  2.27794081e-01  2.28868142e-01  2.29794815e-01
  2.30560824e-01  2.31158853e-01  2.31587037e-01  2.31848314e-01  2.31949478e-01
  3.09153255e-02  2.18439791e-02  1.17371147e-02  4.35546768e-04 -1.18042855e-02
 -2.42158808e-02 -3.92881744e-02 -3.96828316e-02 -3.93640958e-02 -2.81639807e-02
 -1.90886799e-02 -1.27641456e-02 -8.28267541e-03 -3.15327290e-03  3.38470866e-03
  9.41371825e-03  1.69946346e-02  2.64697298e-02  3.59296910e-02  4.77921292e-02
  6.21210299e-02  7.66285136e-02  9.11778435e-02  1.06010750e-01  1.21437669e-01
  1.37820527e-01  1.55607760e-01  1.75405309e-01  1.98103547e-01  2.24895418e-01
  2.50509322e-01  2.63592005e-01  2.77129412e-01  2.77661592e-01  2.78711170e-01
  2.65084505e-01  2.50902414e-01  2.40552768e-01  2.32946068e-01  2.27319539e-01
  2.23190293e-01  2.20238119e-01  2.18240201e-01  2.17033699e-01  2.16493338e-01
  2.16517761e-01  2.17020959e-01  2.17926830e-01  2.19165519e-01  2.20671117e-01
  2.22380191e-01  2.24230960e-01  2.26163283e-01  2.28118986e-01  2.30042800e-01
  2.31883600e-01  2.33595848e-01  2.35140979e-01  2.36488536e-01  2.37616912e-01
  2.38513529e-01  2.39174485e-01  2.39603579e-01  2.39811063e-01  2.39812106e-01
  2.51797270e-02  1.51363816e-02  3.60242464e-03 -1.01733105e-02 -2.73900032e-02
 -3.75103243e-02 -4.37275320e-02 -4.08272147e-02 -3.50327566e-02 -2.60169394e-02
 -1.76286548e-02 -1.04875257e-02 -4.07516025e-03  2.17350107e-03  8.64707306e-03
  1.55714219e-02  2.31797099e-02  3.16266529e-02  4.09873687e-02  5.13648763e-02
  6.27195463e-02  7.48404488e-02  8.75664800e-02  1.00871421e-01  1.14830375e-01
  1.29579738e-01  1.45290613e-01  1.62139952e-01  1.80232763e-01  1.99203268e-01
  2.16401890e-01  2.29114130e-01  2.38458127e-01  2.42733344e-01  2.43436024e-01
  2.39050001e-01  2.32749656e-01  2.27149934e-01  2.22659722e-01  2.19249249e-01
  2.16812536e-01  2.15236500e-01  2.14417830e-01  2.14265689e-01  2.14700148e-01
  2.15649202e-01  2.17046127e-01  2.18826890e-01  2.20928237e-01  2.23286122e-01
  2.25834683e-01  2.28505865e-01  2.31229722e-01  2.33935505e-01  2.36553609e-01
  2.39018053e-01  2.41269574e-01  2.43258491e-01  2.44947165e-01  2.46311575e-01
  2.47341692e-01  2.48040766e-01  2.48423368e-01  2.48512954e-01  2.48338923e-01
  2.19152793e-02  1.22131947e-02  1.41970604e-03 -1.10281259e-02 -2.51650978e-02
 -3.13321762e-02 -3.12183518e-02 -2.76505984e-02 -2.23607924e-02 -1.67030599e-02
 -1.08614853e-02 -4.99885064e-03  8.67468130e-04  6.83877943e-03  1.30568519e-02
  1.96597315e-02  2.67669614e-02  3.44713926e-02  4.28346507e-02  5.18840067e-02
  6.16070926e-02  7.19600022e-02  8.28927755e-02  9.43705887e-02  1.06376216e-01
  1.18895195e-01  1.31886348e-01  1.45232916e-01  1.58665136e-01  1.71671420e-01
  1.83522701e-01  1.93540245e-01  2.01304093e-01  2.06635281e-01  2.09610388e-01
  2.10581988e-01  2.10219935e-01  2.09275857e-01  2.08296001e-01  2.07589328e-01
  2.07307741e-01  2.07515329e-01  2.08228946e-01  2.09440038e-01  2.11125761e-01
  2.13254288e-01  2.15787172e-01  2.18679801e-01  2.21881062e-01  2.25332513e-01
  2.28967518e-01  2.32710779e-01  2.36478716e-01  2.40181163e-01  2.43724793e-01
  2.47018009e-01  2.49977157e-01  2.52532721e-01  2.54634589e-01  2.56255418e-01
  2.57391304e-01  2.58060127e-01  2.58297265e-01  2.58150309e-01  2.57673204e-01
  2.01406032e-02  1.17483307e-02  3.47455451e-03 -4.62514115e-03 -1.18410140e-02
 -1.53351026e-02 -1.53294671e-02 -1.37314089e-02 -1.10072168e-02 -7.47314887e-03
 -3.37854330e-03  1.12018560e-03  5.94710791e-03  1.10884532e-02  1.65704228e-02
  2.24385057e-02  2.87420470e-02  3.55238654e-02  4.28136624e-02  5.06242886e-02
  5.89508712e-02  6.77731037e-02  7.70595148e-02  8.67703930e-02  9.68559682e-02
  1.07248299e-01  1.17847197e-01  1.28502399e-01  1.38998479e-01  1.49055287e-01
  1.58358738e-01  1.66618660e-01  1.73626795e-01  1.79292843e-01  1.83659583e-01
  1.86899096e-01  1.89283088e-01  1.91124693e-01  1.92715481e-01  1.94288239e-01
  1.96010366e-01  1.97993577e-01  2.00307608e-01  2.02992097e-01  2.06065074e-01
  2.09528416e-01  2.13370755e-01  2.17568755e-01  2.22086623e-01  2.26874858e-01
  2.31868088e-01  2.36982793e-01  2.42116019e-01  2.47146174e-01  2.51937807e-01
  2.56351024e-01  2.60254562e-01  2.63539881e-01  2.66132742e-01  2.68000543e-01
  2.69153684e-01  2.69641131e-01  2.69540489e-01  2.68945217e-01  2.67952532e-01
  1.71977449e-02  9.74399690e-03  4.37061675e-03  5.52693615e-04 -2.24720500e-03
 -3.91870271e-03 -4.35040984e-03 -3.66921024e-03 -2.07765703e-03  2.44446710e-04
  3.15525918e-03  6.55210763e-03  1.03696575e-02  1.45745529e-02  1.91575252e-02
  2.41246596e-02  2.94892732e-02  3.52652296e-02  4.14619595e-02  4.80811149e-02
  5.51147424e-02  6.25445545e-02  7.03416765e-02  7.84659311e-02  8.68638381e-02
  9.54651982e-02  1.04178742e-01  1.12888806e-01  1.21455550e-01  1.29721940e-01
  1.37528807e-01  1.44735768e-01  1.51242673e-01  1.57005832e-01  1.62045345e-01
  1.66442245e-01  1.70325294e-01  1.73850566e-01  1.77179366e-01  1.80460781e-01
  1.83821738e-01  1.87364057e-01  1.91165626e-01  1.95283681e-01  1.99758053e-01
  2.04613820e-01  2.09862888e-01  2.15504155e-01  2.21522138e-01  2.27883875e-01
  2.34533757e-01  2.41386279e-01  2.48317599e-01  2.55158842e-01  2.61697501e-01
  2.67694712e-01  2.72918105e-01  2.77177006e-01  2.80348003e-01  2.82389015e-01
  2.83343464e-01  2.83331364e-01  2.82523602e-01  2.81106681e-01  2.79254049e-01
  9.76973679e-03 -4.26312385e-04  1.48631667e-03  2.95073539e-03  2.77777296e-03
  2.55568000e-03  2.69617047e-03  3.33674881e-03  4.50172368e-03  6.16694940e-03
  8.29278119e-03  1.08404960e-02  1.37797035e-02  1.70906130e-02  2.07632221e-02
  2.47948170e-02  2.91867703e-02  3.39412950e-02  3.90585959e-02  4.45345789e-02
  5.03591597e-02  5.65150268e-02  6.29766583e-02  6.97094277e-02  7.66685456e-02
  8.37980732e-02  9.10303891e-02  9.82867554e-02  1.05479904e-01  1.12519160e-01
  1.19318113e-01  1.25803784e-01  1.31925642e-01  1.37662455e-01  1.43025592e-01
  1.48057893e-01  1.52828470e-01  1.57424599e-01  1.61942542e-01  1.66479245e-01
  1.71126127e-01  1.75965413e-01  1.81068689e-01  1.86496794e-01  1.92300752e-01
  1.98522553e-01  2.05195844e-01  2.12345719e-01  2.19987035e-01  2.28120700e-01
  2.36726135e-01  2.45747745e-01  2.55071729e-01  2.64488846e-01  2.73650199e-01
  2.82076925e-01  2.89289385e-01  2.94930845e-01  2.98788369e-01  3.00792396e-01
  3.01043034e-01  2.99836963e-01  2.97593892e-01  2.94704497e-01  2.91461736e-01
  1.70196295e-02  1.07860714e-02  7.85615668e-03  7.13899545e-03  7.18370127e-03
  7.44659407e-03  7.87228905e-03  8.51398055e-03  9.42296721e-03  1.06302174e-02
  1.21500501e-02  1.39870318e-02  1.61415190e-02  1.86130572e-02  2.14019604e-02
  2.45095138e-02  2.79373433e-02  3.16863172e-02  3.57553065e-02  4.01399881e-02
  4.48317900e-02  4.98170257e-02  5.50761744e-02  6.05833791e-02  6.63060918e-02
  7.22050667e-02  7.82348737e-02  8.43451247e-02  9.04827043e-02  9.65950042e-02
  1.02633998e-01  1.08560719e-01  1.14349425e-01  1.19990796e-01  1.25493482e-01
  1.30883858e-01  1.36203930e-01  1.41507968e-01  1.46858424e-01  1.52322024e-01
  1.57966375e-01  1.63857669e-01  1.70059368e-01  1.76631853e-01  1.83632791e-01
  1.91117942e-01  1.99142382e-01  2.07761496e-01  2.17031896e-01  2.27011204e-01
  2.37755761e-01  2.49313474e-01  2.61705488e-01  2.74884701e-01  2.88598299e-01
  3.01318854e-01  3.11689675e-01  3.19373161e-01  3.24123651e-01  3.25752109e-01
  3.24115723e-01  3.19831938e-01  3.14695388e-01  3.09308887e-01  3.03986847e-01
  1.41487606e-02  5.22245001e-03  7.71382265e-03  1.03579862e-02  1.13023641e-02
  1.18538160e-02  1.23051293e-02  1.27807911e-02  1.33583006e-02  1.40923103e-02
  1.50218075e-02  1.61743667e-02  1.75695755e-02  1.92216802e-02  2.11414136e-02
  2.33370215e-02  2.58146990e-02  2.85785682e-02  3.16303931e-02  3.49691585e-02
  3.85906063e-02  4.24868278e-02  4.66459058e-02  5.10517322e-02  5.56839854e-02
  6.05183989e-02  6.55273795e-02  7.06810653e-02  7.59488568e-02  8.13013613e-02
  8.67126957e-02  9.21628177e-02  9.76397023e-02  1.03140920e-01  1.08674638e-01
  1.14259563e-01  1.19924277e-01  1.25705793e-01  1.31647825e-01  1.37799010e-01
  1.44211337e-01  1.50939107e-01  1.58038318e-01  1.65566996e-01  1.73585892e-01
  1.82160184e-01  1.91361830e-01  2.01273069e-01  2.11991236e-01  2.23635688e-01
  2.36358225e-01  2.50359058e-01  2.65912920e-01  2.83399194e-01  3.03115308e-01
  3.22666436e-01  3.36011052e-01  3.47164333e-01  3.52987796e-01  3.54263484e-01
  3.51691782e-01  3.42114449e-01  3.32181722e-01  3.23283523e-01  3.15378726e-01
  2.42503956e-02  1.85947381e-02  1.62681695e-02  1.60239097e-02  1.62975732e-02
  1.65261831e-02  1.66432392e-02  1.67028997e-02  1.67741124e-02  1.69171002e-02
  1.71799660e-02  1.76000223e-02  1.82060320e-02  1.90202966e-02  2.00602990e-02
  2.13398784e-02  2.28699706e-02  2.46590320e-02  2.67131925e-02  2.90362798e-02
  3.16297263e-02  3.44924368e-02  3.76206823e-02  4.10080105e-02  4.46453132e-02
  4.85210642e-02  5.26217371e-02  5.69325238e-02  6.14382960e-02  6.61247522e-02
  7.09797442e-02  7.59946406e-02  8.11655000e-02  8.64941105e-02  9.19885263e-02
  9.76633355e-02  1.03539400e-01  1.09643437e-01  1.16007373e-01  1.22667626e-01
  1.29664645e-01  1.37042612e-01  1.44849569e-01  1.53138116e-01  1.61966652e-01
  1.71401486e-01  1.81520060e-01  1.92415461e-01  2.04203367e-01  2.17032179e-01
  2.31098861e-01  2.46674150e-01  2.64144927e-01  2.84083784e-01  3.07246327e-01
  3.32070500e-01  3.49361926e-01  3.63043308e-01  3.71258020e-01  3.72865856e-01
  3.71043712e-01  3.59488189e-01  3.45544875e-01  3.33413094e-01  3.23270053e-01
  2.66206227e-02  1.93086192e-02  1.98794678e-02  2.16264706e-02  2.19395440e-02
  2.16935389e-02  2.11887062e-02  2.05689371e-02  1.99239254e-02  1.93172134e-02
  1.87965930e-02  1.83992237e-02  1.81546733e-02  1.80869382e-02  1.82158463e-02
  1.85580570e-02  1.91277321e-02  1.99370179e-02  2.09963378e-02  2.23145951e-02
  2.38992944e-02  2.57565230e-02  2.78908592e-02  3.03052515e-02  3.30009386e-02
  3.59774567e-02  3.92328314e-02  4.27638851e-02  4.65667546e-02  5.06375656e-02
  5.49732037e-02  5.95721714e-02  6.44354150e-02  6.95670247e-02  7.49746934e-02
  8.06699321e-02  8.66680816e-02  9.29882899e-02  9.96534228e-02  1.06689952e-01
  1.14127934e-01  1.22001231e-01  1.30347848e-01  1.39210746e-01  1.48639083e-01
  1.58689961e-01  1.69431120e-01  1.80944547e-01  1.93331599e-01  2.06720024e-01
  2.21273497e-01  2.37204000e-01  2.54786104e-01  2.74371654e-01  2.96428323e-01
  3.21645439e-01  3.44873399e-01  3.57464671e-01  3.70283723e-01  3.71971935e-01
  3.72019589e-01  3.64833176e-01  3.49619508e-01  3.36070031e-01  3.25118750e-01
  3.95257510e-02  3.43885832e-02  3.17490362e-02  3.03795543e-02  2.90597435e-02
  2.75880694e-02  2.60229129e-02  2.44298112e-02  2.28582341e-02  2.13463027e-02
  1.99250914e-02  1.86209958e-02  1.74570419e-02  1.64537095e-02  1.56294778e-02
  1.50012504e-02  1.45846764e-02  1.43944295e-02  1.44444667e-02  1.47483321e-02
  1.53195783e-02  1.61717646e-02  1.73181668e-02  1.87713448e-02  2.05427259e-02
  2.26422716e-02  2.50782818e-02  2.78573465e-02  3.09844706e-02  3.44633795e-02
  3.82970013e-02  4.24881279e-02  4.70402092e-02  5.19581772e-02  5.72488941e-02
  6.29209131e-02  6.89844862e-02  7.54518136e-02  8.23372975e-02  8.96577463e-02
  9.74325612e-02  1.05684027e-01  1.14437714e-01  1.23722993e-01  1.33573756e-01
  1.44029364e-01  1.55135855e-01  1.66947290e-01  1.79527476e-01  1.92951456e-01
  2.07306862e-01  2.22693935e-01  2.39223912e-01  2.57015586e-01  2.76202768e-01
  2.97082692e-01  3.21239769e-01  3.35475624e-01  3.44500452e-01  3.55003744e-01
  3.50864202e-01  3.53766799e-01  3.40425193e-01  3.28179568e-01  3.19242954e-01
  5.19835539e-02  4.78247032e-02  4.37419713e-02  3.99942882e-02  3.66688371e-02
  3.36336643e-02  3.07790544e-02  2.80515291e-02  2.54317261e-02  2.29176804e-02
  2.05161460e-02  1.82383619e-02  1.60979182e-02  1.41096599e-02  1.22891013e-02
  1.06521221e-02  9.21480078e-03  7.99334794e-03  7.00414879e-03  6.26390055e-03
  5.79219544e-03  5.61112305e-03  5.74412849e-03  6.21481054e-03  7.04587996e-03
  8.25831853e-03  9.87073686e-03  1.18989293e-02  1.43555971e-02  1.72502752e-02
  2.05895286e-02  2.43775863e-02  2.86176335e-02  3.33138742e-02  3.84733193e-02
  4.41016629e-02  5.02033904e-02  5.67829385e-02  6.38457462e-02  7.13983923e-02
  7.94488266e-02  8.80065933e-02  9.70830917e-02  1.06691740e-01  1.16848081e-01
  1.27569780e-01  1.38876289e-01  1.50788233e-01  1.63325995e-01  1.76507115e-01
  1.90341711e-01  2.04824194e-01  2.19918922e-01  2.35533983e-01  2.51468033e-01
  2.67286628e-01  2.82089621e-01  2.94648349e-01  3.04417551e-01  3.11240196e-01
  3.14988256e-01  3.15929532e-01  3.14274281e-01  3.10988098e-01  3.07245880e-01
  6.16853721e-02  5.81040680e-02  5.27925827e-02  4.76148166e-02  4.30512279e-02
  3.88396271e-02  3.48653309e-02  3.10667995e-02  2.74104308e-02  2.38800608e-02
  2.04708222e-02  1.71852820e-02  1.40309827e-02  1.10189253e-02  8.16260278e-03
  5.47734834e-03  2.97983014e-03  6.87611289e-04 -1.38101086e-03 -3.21524404e-03
 -4.78790700e-03 -6.06422545e-03 -7.00633042e-03 -7.57595105e-03 -7.73624051e-03
 -7.45310588e-03 -6.69621816e-03 -5.43982629e-03 -3.66348075e-03 -1.35272974e-03
  1.50023901e-03  4.89639165e-03  8.83135945e-03  1.33024352e-02  1.83314197e-02
  2.39207465e-02  3.00649833e-02  3.67572233e-02  4.39934358e-02  5.17694205e-02
  6.00807741e-02  6.89236075e-02  7.82945678e-02  8.81907567e-02  9.86094922e-02
  1.09547533e-01  1.20999895e-01  1.32957950e-01  1.45406723e-01  1.58320770e-01
  1.71658173e-01  1.85351714e-01  1.99296013e-01  2.13329539e-01  2.27212206e-01
  2.40607157e-01  2.53093868e-01  2.64243573e-01  2.73721516e-01  2.81332642e-01
  2.87023127e-01  2.90880114e-01  2.93128788e-01  2.94116169e-01  2.94229716e-01
  6.69217482e-02  6.29511103e-02  5.81988469e-02  5.30441329e-02  4.78905961e-02
  4.28720452e-02  3.80000770e-02  3.32596041e-02  2.86356844e-02  2.41192076e-02
  1.97072532e-02  1.54022221e-02  1.12109138e-02  7.14383181e-03  3.21470178e-03
 -5.59912180e-04 -4.16122051e-03 -7.56975729e-03 -1.07364263e-02 -1.37407230e-02
 -1.65159293e-02 -1.89983770e-02 -2.11262088e-02 -2.28401404e-02 -2.40847040e-02
 -2.48093922e-02 -2.49696001e-02 -2.45274082e-02 -2.34525073e-02 -2.17236560e-02
 -1.93314385e-02 -1.62838306e-02 -1.26176095e-02 -8.42257682e-03 -3.50654172e-03
  2.08820519e-03  8.32350086e-03  1.51656996e-02  2.26122607e-02  3.06483153e-02
  3.92546095e-02  4.84137461e-02  5.81078827e-02  6.83186874e-02  7.90276825e-02
  9.02148262e-02  1.01856776e-01  1.13924734e-01  1.26381665e-01  1.39178813e-01
  1.52251303e-01  1.65512711e-01  1.78849071e-01  1.92113027e-01  2.05121011e-01
  2.17656836e-01  2.29486495e-01  2.40383938e-01  2.50160307e-01  2.58686811e-01
  2.65906870e-01  2.71838337e-01  2.76566893e-01  2.80229002e-01  2.82985389e-01
  7.36546814e-02  7.00878948e-02  6.37637600e-02  5.75010851e-02  5.16344793e-02
  4.58904468e-02  4.02221046e-02  3.46191451e-02  2.90795565e-02  2.36045681e-02
  1.81978848e-02  1.28657017e-02  7.61690084e-03  2.46337475e-03 -2.57939566e-03
 -7.49135111e-03 -1.22460676e-02 -1.69237424e-02 -2.14702748e-02 -2.58357450e-02
 -2.99522933e-02 -3.37449946e-02 -3.71381491e-02 -4.00592163e-02 -4.24413532e-02
 -4.42248583e-02 -4.53579426e-02 -4.57969941e-02 -4.55066264e-02 -4.44597229e-02
 -4.26375568e-02 -4.00299169e-02 -3.66342142e-02 -3.24505679e-02 -2.74637714e-02
 -2.16977466e-02 -1.52244074e-02 -8.19730759e-03 -4.63076576e-04  7.92425778e-03
  1.69083811e-02  2.64667030e-02  3.65669131e-02  4.71740291e-02  5.82587570e-02
  6.97900951e-02  8.17337558e-02  9.40500423e-02  1.06691703e-01  1.19601734e-01
  1.32710934e-01  1.45935431e-01  1.59174696e-01  1.72310561e-01  1.85208410e-01
  1.97721645e-01  2.09699467e-01  2.20997736e-01  2.31490448e-01  2.41079703e-01
  2.49701932e-01  2.57329851e-01  2.63970017e-01  2.69656330e-01  2.74441242e-01
  7.62318820e-02  7.20324069e-02  6.67629018e-02  6.07776903e-02  5.44992983e-02
  4.81150560e-02  4.16882038e-02  3.52457576e-02  2.88039912e-02  2.23749466e-02
  1.59687363e-02  9.59491450e-03  3.26354243e-03 -3.01384646e-03 -9.22323577e-03
 -1.53470291e-02 -2.14704033e-02 -2.75486521e-02 -3.35129201e-02 -3.92813794e-02
 -4.47645262e-02 -4.98711802e-02 -5.45134097e-02 -5.86100183e-02 -6.20886125e-02
 -6.48865402e-02 -6.69509768e-02 -6.82384595e-02 -6.87140301e-02 -6.83502629e-02
 -6.71261474e-02 -6.50259033e-02 -6.20376952e-02 -5.81523441e-02 -5.33635430e-02
 -4.76752333e-02 -4.11051959e-02 -3.36844511e-02 -2.54424307e-02 -1.64792966e-02
 -7.01512862e-03  3.07692075e-03  1.37247955e-02  2.48473920e-02  3.64309140e-02
  4.84388806e-02  6.08334653e-02  7.35713914e-02  8.66029039e-02  9.98712033e-02
  1.13311537e-01  1.26850292e-01  1.40404373e-01  1.53881356e-01  1.67180613e-01
  1.80195779e-01  1.92818314e-01  2.04941973e-01  2.16467187e-01  2.27305010e-01
  2.37379670e-01  2.46629760e-01  2.55008399e-01  2.62482584e-01  2.69032568e-01
  8.21069777e-02  7.82483295e-02  7.12223947e-02  6.40337244e-02  5.69844544e-02
  4.98372540e-02  4.25912179e-02  3.52723710e-02  2.79037282e-02  2.05020271e-02
  1.30792838e-02  5.64474566e-03 -1.79360434e-03 -9.22792591e-03 -1.66492835e-02
 -2.41498966e-02 -3.16887572e-02 -3.91919650e-02 -4.65645082e-02 -5.37007749e-02
 -6.04927987e-02 -6.68365955e-02 -7.26365075e-02 -7.78078213e-02 -8.22778568e-02
 -8.59859586e-02 -8.88827592e-02 -9.09289345e-02 -9.20937881e-02 -9.23537612e-02
 -9.16909054e-02 -9.00915340e-02 -8.75448585e-02 -8.40421021e-02 -7.95761123e-02
 -7.41421655e-02 -6.77388087e-02 -6.03691265e-02 -5.20441830e-02 -4.27953079e-02
 -3.26812863e-02 -2.17787232e-02 -1.02787726e-02  1.42234936e-03  1.36463344e-02
  2.62751039e-02  3.92818637e-02  5.26232086e-02  6.62488863e-02  8.01054016e-02
  9.41358358e-02  1.08279057e-01  1.22469164e-01  1.36635318e-01  1.50702015e-01
  1.64589718e-01  1.78215742e-01  1.91495031e-01  2.04340577e-01  2.16663480e-01
  2.28372365e-01  2.39372954e-01  2.49568596e-01  2.58862704e-01  2.67164379e-01
  8.46140012e-02  8.01485851e-02  7.41255656e-02  6.69697002e-02  5.92347980e-02
  5.12207374e-02  4.30546440e-02  3.47903259e-02  2.64521465e-02  1.80519857e-02
  9.59609170e-03  1.08805439e-03 -7.47002428e-03 -1.60781983e-02 -2.48394944e-02
 -3.37253436e-02 -4.26612683e-02 -5.15428185e-02 -6.02495261e-02 -6.86563849e-02
 -7.66424611e-02 -8.40967149e-02 -9.09213498e-02 -9.70331803e-02 -1.02363557e-01
 -1.06857307e-01 -1.10471144e-01 -1.13171861e-01 -1.14934482e-01 -1.15740567e-01
 -1.15576699e-01 -1.14433154e-01 -1.12302832e-01 -1.09180272e-01 -1.05060875e-01
 -9.99403223e-02 -9.38140973e-02 -8.66775066e-02 -7.85269812e-02 -6.93637356e-02
 -5.91998510e-02 -4.80690487e-02 -3.60508189e-02 -2.32907049e-02 -9.99444816e-03
  3.35973594e-03  1.71402283e-02  3.12685110e-02  4.56810854e-02  6.03283495e-02
  7.51640499e-02  9.01416168e-02  1.05212830e-01  1.20327294e-01  1.35432035e-01
  1.50471002e-01  1.65384099e-01  1.80105552e-01  1.94561169e-01  2.08664387e-01
  2.22311139e-01  2.35374302e-01  2.47699797e-01  2.59108216e-01  2.69406199e-01
  9.15394574e-02  8.75339955e-02  7.98791796e-02  7.07086027e-02  6.14764355e-02
  5.22756949e-02  4.30578403e-02  3.37929018e-02  2.44640335e-02  1.50602208e-02
  5.57342404e-03 -4.00178973e-03 -1.36665655e-02 -2.35388111e-02 -3.36190537e-02
 -4.38420177e-02 -5.40991575e-02 -6.42577112e-02 -7.41761699e-02 -8.37159827e-02
 -9.27494541e-02 -1.01164311e-01 -1.08865671e-01 -1.15776002e-01 -1.21833831e-01
 -1.26991779e-01 -1.31214172e-01 -1.34474695e-01 -1.36754215e-01 -1.38038978e-01
 -1.38319090e-01 -1.37587562e-01 -1.35839581e-01 -1.33071974e-01 -1.29282832e-01
 -1.24470897e-01 -1.18634723e-01 -1.11771792e-01 -1.03877738e-01 -9.49464068e-02
 -8.49717408e-02 -7.39530772e-02 -6.19060695e-02 -4.88801152e-02 -3.49855050e-02
 -2.04418655e-02 -5.60024846e-03  9.54574440e-03  2.49241590e-02  4.05271463e-02
  5.63323125e-02  7.23122656e-02  8.84383023e-02  1.04681574e-01  1.21013165e-01
  1.37403384e-01  1.53820083e-01  1.70225799e-01  1.86572865e-01  2.02795684e-01
  2.18799025e-01  2.34440953e-01  2.49510795e-01  2.63708502e-01  2.76649058e-01
  9.63528007e-02  9.26303193e-02  8.36284831e-02  7.30418563e-02  6.27242997e-02
  5.25376536e-02  4.23739664e-02  3.21759805e-02  2.19070967e-02  1.15404269e-02
  1.05391815e-03 -9.57300235e-03 -2.03640442e-02 -3.14480066e-02 -4.27753702e-02
 -5.42393140e-02 -6.56982437e-02 -7.69953281e-02 -8.79738182e-02 -9.84876901e-02
 -1.08408086e-01 -1.17626287e-01 -1.26054123e-01 -1.33622706e-01 -1.40280142e-01
 -1.45988658e-01 -1.50721580e-01 -1.54460356e-01 -1.57191917e-01 -1.58906564e-01
 -1.59596473e-01 -1.59254909e-01 -1.57875985e-01 -1.55455023e-01 -1.51988998e-01
 -1.47476837e-01 -1.41919315e-01 -1.35318130e-01 -1.27674356e-01 -1.18986376e-01
 -1.09248206e-01 -9.84491482e-02 -8.65767002e-02 -7.36246109e-02 -5.96090890e-02
 -4.45958152e-02 -2.87361462e-02 -1.23141054e-02  4.05953173e-03  2.06985343e-02
  3.75699811e-02  5.46525903e-02  7.19326884e-02  8.94025490e-02  1.07059538e-01
  1.24905430e-01  1.42945394e-01  1.61186010e-01  1.79631397e-01  1.98276088e-01
  2.17091650e-01  2.36002073e-01  2.54836947e-01  2.73229986e-01  2.90372878e-01
  9.63374227e-02  9.18394923e-02  8.36274549e-02  7.33859092e-02  6.26438186e-02
  5.17921261e-02  4.08789255e-02  2.98855100e-02  1.87824648e-02  7.54132261e-03
 -3.86291952e-03 -1.54501433e-02 -2.73581687e-02 -3.95925529e-02 -5.20691648e-02
 -6.46485984e-02 -7.71636069e-02 -8.94402564e-02 -1.01312853e-01 -1.12633266e-01
 -1.23275749e-01 -1.33138388e-01 -1.42142311e-01 -1.50229514e-01 -1.57359734e-01
 -1.63506880e-01 -1.68655232e-01 -1.72795787e-01 -1.75922781e-01 -1.78031072e-01
 -1.79114208e-01 -1.79163635e-01 -1.78168923e-01 -1.76118925e-01 -1.73003495e-01
 -1.68815300e-01 -1.63551360e-01 -1.57213330e-01 -1.49806514e-01 -1.41337350e-01
 -1.31809548e-01 -1.21220045e-01 -1.09556064e-01 -9.67955291e-02 -8.29137489e-02
 -6.79003075e-02 -5.17910980e-02 -3.47220153e-02 -1.70094818e-02  7.84519536e-04
  1.87988263e-02  3.70328650e-02  5.54942004e-02  7.41991773e-02  9.31736752e-02
  1.12454221e-01  1.32089406e-01  1.52141631e-01  1.72688901e-01  1.93826303e-01
  2.15666592e-01  2.38337249e-01  2.61964053e-01  2.86596149e-01  3.11250061e-01
  9.97089744e-02  9.59501117e-02  8.52200910e-02  7.31590986e-02  6.16292097e-02
  5.01665100e-02  3.86338308e-02  2.69755516e-02  1.51543953e-02  3.13789700e-03
 -9.10572242e-03 -2.16118116e-02 -3.45233195e-02 -4.77880798e-02 -6.12782203e-02
 -7.48220980e-02 -8.82308707e-02 -1.01318412e-01 -1.13914520e-01 -1.25872388e-01
 -1.37071908e-01 -1.47419840e-01 -1.56848311e-01 -1.65311977e-01 -1.72784358e-01
 -1.79253578e-01 -1.84717655e-01 -1.89179823e-01 -1.92643970e-01 -1.95111066e-01
 -1.96576625e-01 -1.97029606e-01 -1.96452767e-01 -1.94824517e-01 -1.92121759e-01
 -1.88323408e-01 -1.83414057e-01 -1.77386686e-01 -1.70243740e-01 -1.61995664e-01
 -1.52657062e-01 -1.42240450e-01 -1.30749151e-01 -1.18171543e-01 -1.04479134e-01
 -8.96325260e-02 -7.35997707e-02 -5.63932098e-02 -3.81302871e-02 -1.91185065e-02
  4.18596828e-05  1.94020327e-02  3.89890224e-02  5.88407964e-02  7.90082812e-02
  9.95579660e-02  1.20576106e-01  1.42174706e-01  1.64500013e-01  1.87744603e-01
  2.12165877e-01  2.38117740e-01  2.66122133e-01  2.97163486e-01  3.35726947e-01
  9.55587476e-02  9.04227197e-02  8.18076432e-02  7.10452199e-02  5.95326833e-02
  4.77433689e-02  3.57603468e-02  2.35742368e-02  1.11585949e-02 -1.51404995e-03
 -1.44681297e-02 -2.78424956e-02 -4.16597985e-02 -5.58282509e-02 -7.01857805e-02
 -8.45354721e-02 -9.86725390e-02 -1.12403020e-01 -1.25555247e-01 -1.37985706e-01
 -1.49581105e-01 -1.60257980e-01 -1.69960707e-01 -1.78658396e-01 -1.86340764e-01
 -1.93013027e-01 -1.98690206e-01 -2.03390777e-01 -2.07130507e-01 -2.09917814e-01
 -2.11750895e-01 -2.12616518e-01 -2.12490261e-01 -2.11338595e-01 -2.09122375e-01
 -2.05801755e-01 -2.01341614e-01 -1.95716754e-01 -1.88915774e-01 -1.80943102e-01
 -1.71817571e-01 -1.61566004e-01 -1.50213882e-01 -1.37774408e-01 -1.24239318e-01
 -1.09574825e-01 -9.37272161e-02 -7.66436756e-02 -5.83152249e-02 -3.88495475e-02
 -1.85782071e-02  1.81382417e-03  2.23954320e-02  4.32198755e-02  6.43547252e-02
  8.58828500e-02  1.07908510e-01  1.30566031e-01  1.54031292e-01  1.78537339e-01
  2.04395860e-01  2.32025191e-01  2.61982977e-01  2.95018196e-01  3.32383931e-01
  9.87970904e-02  9.48148966e-02  8.20742622e-02  6.90403208e-02  5.69149032e-02
  4.47895899e-02  3.24605852e-02  1.98609326e-02  6.95589511e-03 -6.28285808e-03
 -1.98863670e-02 -3.40037197e-02 -4.85962778e-02 -6.35268018e-02 -7.86005035e-02
 -9.35988873e-02 -1.08304821e-01 -1.22519210e-01 -1.36070535e-01 -1.48819417e-01
 -1.60660028e-01 -1.71519443e-01 -1.81355640e-01 -1.90154269e-01 -1.97923973e-01
 -2.04690218e-01 -2.10486680e-01 -2.15347156e-01 -2.19299391e-01 -2.22360358e-01
 -2.24532917e-01 -2.25803867e-01 -2.26143658e-01 -2.25507870e-01 -2.23840803e-01
 -2.21080944e-01 -2.17168316e-01 -2.12052420e-01 -2.05699682e-01 -1.98098302e-01
 -1.89259410e-01 -1.79214358e-01 -1.68007106e-01 -1.55680075e-01 -1.42258555e-01
 -1.27737805e-01 -1.12077489e-01 -9.52086002e-02 -7.70593733e-02 -5.76086193e-02
 -3.69761996e-02 -1.55548826e-02  5.83495153e-03  2.73987595e-02  4.92183566e-02
  7.13727921e-02  9.39558074e-02  1.17086254e-01  1.40918151e-01  1.65653244e-01
  1.91559225e-01  2.18996435e-01  2.48451412e-01  2.80485332e-01  3.14522266e-01
  9.01338458e-02  8.41591358e-02  7.55752772e-02  6.50810972e-02  5.35730869e-02
  4.14908193e-02  2.89771613e-02  1.60691608e-02  2.77007138e-03 -1.09282630e-02
 -2.51313318e-02 -3.98989730e-02 -5.51489592e-02 -7.07085207e-02 -8.63570720e-02
 -1.01859525e-01 -1.16989814e-01 -1.31545663e-01 -1.45356670e-01 -1.58288136e-01
 -1.70242235e-01 -1.81157559e-01 -1.91007346e-01 -1.99795976e-01 -2.07553223e-01
 -2.14323908e-01 -2.20158368e-01 -2.25104943e-01 -2.29203656e-01 -2.32481331e-01
 -2.34947696e-01 -2.36592710e-01 -2.37385347e-01 -2.37274081e-01 -2.36189455e-01
 -2.34049335e-01 -2.30766833e-01 -2.26260543e-01 -2.20465764e-01 -2.13344499e-01
 -2.04891160e-01 -1.95132196e-01 -1.84119269e-01 -1.71918303e-01 -1.58591390e-01
 -1.44175738e-01 -1.28667757e-01 -1.12017751e-01 -9.41412076e-02 -7.49537125e-02
 -5.44391051e-02 -3.27610523e-02 -1.04176318e-02  1.15979575e-02  3.38292383e-02
  5.62904812e-02  7.90293217e-02  1.02116458e-01  1.25643045e-01  1.49721533e-01
  1.74488574e-01  2.00111404e-01  2.26805598e-01  2.54885048e-01  2.84495890e-01
  8.99074972e-02  8.42647105e-02  7.42775872e-02  6.26683682e-02  5.07500768e-02
  3.84259820e-02  2.56606117e-02  1.24487765e-02 -1.21357862e-03 -1.53348949e-02
 -3.00512128e-02 -4.53681387e-02 -6.11615852e-02 -7.72277936e-02 -9.33250412e-02
 -1.09205388e-01 -1.24636240e-01 -1.39413476e-01 -1.53368518e-01 -1.66371852e-01
 -1.78334385e-01 -1.89207420e-01 -1.98980898e-01 -2.07679346e-01 -2.15351298e-01
 -2.22058117e-01 -2.27865025e-01 -2.32833669e-01 -2.37015992e-01 -2.40449056e-01
 -2.43150875e-01 -2.45117188e-01 -2.46319354e-01 -2.46703565e-01 -2.46192083e-01
 -2.44686931e-01 -2.42077157e-01 -2.38249749e-01 -2.33103648e-01 -2.26564899e-01
 -2.18599096e-01 -2.09217131e-01 -1.98471323e-01 -1.86442524e-01 -1.73223019e-01
 -1.58894479e-01 -1.43502146e-01 -1.27038300e-01 -1.09440915e-01 -9.06143636e-02
 -7.04800710e-02 -4.90695424e-02 -2.66714208e-02 -4.02972428e-03  1.85633432e-02
  4.11649235e-02  6.38143122e-02  8.65439475e-02  1.09380305e-01  1.32338509e-01
  1.55409530e-01  1.78533927e-01  2.01546326e-01  2.24059224e-01  2.45287478e-01
  8.74192044e-02  8.12345445e-02  7.17170313e-02  6.03489950e-02  4.82883044e-02
  3.57317515e-02  2.26988178e-02  9.18539613e-03 -4.81844135e-03 -1.93259120e-02
 -3.44873592e-02 -5.02656177e-02 -6.65027276e-02 -8.29701945e-02 -9.94098857e-02
 -1.15564227e-01 -1.31196082e-01 -1.46100581e-01 -1.60111651e-01 -1.73105523e-01
 -1.85002595e-01 -1.95767716e-01 -2.05408454e-01 -2.13967115e-01 -2.21507847e-01
 -2.28106022e-01 -2.33839631e-01 -2.38782004e-01 -2.42995664e-01 -2.46527255e-01
 -2.49403223e-01 -2.51626343e-01 -2.53173083e-01 -2.53991634e-01 -2.54001677e-01
 -2.53096163e-01 -2.51146764e-01 -2.48013437e-01 -2.43559629e-01 -2.37670869e-01
 -2.30274171e-01 -2.21352041e-01 -2.10945681e-01 -1.99144438e-01 -1.86064556e-01
 -1.71825185e-01 -1.56521708e-01 -1.40197754e-01 -1.22831777e-01 -1.04344264e-01
 -8.46318007e-02 -6.36364296e-02 -4.14613001e-02 -1.85355674e-02  4.20388533e-03
  2.67946888e-02  4.92274202e-02  7.14910254e-02  9.35626179e-02  1.15397260e-01
  1.36914611e-01  1.57980487e-01  1.78383738e-01  1.97815970e-01  2.15876013e-01
  8.65299404e-02  8.02732259e-02  7.03456327e-02  5.86001389e-02  4.62751538e-02
  3.34737599e-02  2.01852787e-02  6.39443565e-03 -7.91637227e-03 -2.27702074e-02
 -3.83150168e-02 -5.44779114e-02 -7.10739344e-02 -8.78555328e-02 -1.04552358e-01
 -1.20899953e-01 -1.36658281e-01 -1.51622668e-01 -1.65630132e-01 -1.78563207e-01
 -1.90352157e-01 -2.00975627e-01 -2.10457429e-01 -2.18854338e-01 -2.26243332e-01
 -2.32711375e-01 -2.38346964e-01 -2.43232995e-01 -2.47440740e-01 -2.51024872e-01
 -2.54019380e-01 -2.56434023e-01 -2.58251339e-01 -2.59424180e-01 -2.59873956e-01
 -2.59490758e-01 -2.58136302e-01 -2.55651504e-01 -2.51870364e-01 -2.46640161e-01
 -2.39845797e-01 -2.31432393e-01 -2.21417829e-01 -2.09888786e-01 -1.96979508e-01
 -1.82840779e-01 -1.67610973e-01 -1.51385084e-01 -1.34189248e-01 -1.15976378e-01
 -9.66477022e-02 -7.61068165e-02 -5.43565862e-02 -3.16507556e-02 -8.69767554e-03
  1.38943139e-02  3.61257493e-02  5.79767637e-02  7.94088617e-02  1.00361265e-01
  1.20745346e-01  1.40438780e-01  1.59281984e-01  1.77080378e-01  1.93617016e-01
  8.58181790e-02  7.94936344e-02  6.92507103e-02  5.72216623e-02  4.46870998e-02
  3.16815637e-02  1.81773193e-02  4.15643305e-03 -1.03952810e-02 -2.55713202e-02
 -4.14472334e-02 -5.79285882e-02 -7.48122409e-02 -9.18373764e-02 -1.08725160e-01
 -1.25206575e-01 -1.41039997e-01 -1.56021684e-01 -1.69992149e-01 -1.82840317e-01
 -1.94506124e-01 -2.04981223e-01 -2.14302763e-01 -2.22539067e-01 -2.29777381e-01
 -2.36113891e-01 -2.41645351e-01 -2.46462017e-01 -2.50641793e-01 -2.54245579e-01
 -2.57313341e-01 -2.59860784e-01 -2.61876255e-01 -2.63317913e-01 -2.64111102e-01
 -2.64147133e-01 -2.63283879e-01 -2.61350989e-01 -2.58161575e-01 -2.53531814e-01
 -2.47308105e-01 -2.39396155e-01 -2.29783237e-01 -2.18543038e-01 -2.05818206e-01
 -1.91785723e-01 -1.76618978e-01 -1.60456851e-01 -1.43371210e-01 -1.25351593e-01
 -1.06316522e-01 -8.61552209e-02 -6.48074448e-02 -4.23921160e-02 -1.93873998e-02
  3.17445816e-03  2.52445117e-02  4.67869230e-02  6.77598044e-02  8.81064758e-02
  1.07752115e-01  1.26603037e-01  1.44548520e-01  1.61465690e-01  1.77228212e-01
  8.44621733e-02  7.77880549e-02  6.79019019e-02  5.61142042e-02  4.35313769e-02
  3.03864181e-02  1.67072471e-02  2.48924876e-03 -1.22784460e-02 -2.77088284e-02
 -4.38484848e-02 -6.05813786e-02 -7.76886418e-02 -9.48988646e-02 -1.11926831e-01
 -1.28500313e-01 -1.44376874e-01 -1.59354120e-01 -1.73276007e-01 -1.86037421e-01
 -1.97587043e-01 -2.07927540e-01 -2.17106313e-01 -2.25200608e-01 -2.32305542e-01
 -2.38524303e-01 -2.43959695e-01 -2.48707250e-01 -2.52849609e-01 -2.56451994e-01
 -2.59558618e-01 -2.62189627e-01 -2.64337927e-01 -2.65966356e-01 -2.67004490e-01
 -2.67346412e-01 -2.66849697e-01 -2.65338570e-01 -2.62613147e-01 -2.58467644e-01
 -2.52718151e-01 -2.45236143e-01 -2.35978380e-01 -2.25000530e-01 -2.12445438e-01
 -1.98507875e-01 -1.83389425e-01 -1.67262018e-01 -1.50234878e-01 -1.32330522e-01
 -1.13487937e-01 -9.35964584e-02 -7.25658536e-02 -5.04438281e-02 -2.75911801e-02
 -4.90216818e-03  1.70998704e-02  3.84476259e-02  5.91269247e-02  7.90973306e-02
  9.83010009e-02  1.16667531e-01  1.34118080e-01  1.50570005e-01  1.65942788e-01
  8.56224969e-02  7.93557242e-02  6.83562607e-02  5.57929911e-02  4.29660529e-02
  2.96661444e-02  1.58288926e-02  1.43847417e-03 -1.35138696e-02 -2.91485209e-02
 -4.54940684e-02 -6.24197721e-02 -7.96958134e-02 -9.70434397e-02 -1.14173114e-01
 -1.30810603e-01 -1.46713287e-01 -1.61680102e-01 -1.75558150e-01 -1.88247308e-01
 -1.99703231e-01 -2.09936991e-01 -2.19003350e-01 -2.26985976e-01 -2.33985633e-01
 -2.40110368e-01 -2.45467082e-01 -2.50154763e-01 -2.54258990e-01 -2.57847637e-01
 -2.60967582e-01 -2.63641596e-01 -2.65865624e-01 -2.67605633e-01 -2.68794358e-01
 -2.69328266e-01 -2.69065827e-01 -2.67829031e-01 -2.65410811e-01 -2.61591971e-01
 -2.56168544e-01 -2.48987734e-01 -2.39982858e-01 -2.29193479e-01 -2.16758907e-01
 -2.02883810e-01 -1.87788948e-01 -1.71668217e-01 -1.54655918e-01 -1.36797547e-01
 -1.18047141e-01 -9.82953683e-02 -7.74319693e-02 -5.54517582e-02 -3.26133855e-02
 -9.64023639e-03  1.21395458e-02  3.33060920e-02  5.37988730e-02  7.35618621e-02
  9.25369188e-02  1.10662401e-01  1.27874404e-01  1.44109517e-01  1.59308404e-01
  8.36729035e-02  7.66405463e-02  6.70931265e-02  5.56068718e-02  4.29637246e-02
  2.95752157e-02  1.55839538e-02  1.02896523e-03 -1.40857091e-02 -2.98824776e-02
 -4.63825352e-02 -6.34484068e-02 -8.08448642e-02 -9.82894376e-02 -1.15490444e-01
 -1.32172838e-01 -1.48094252e-01 -1.63054943e-01 -1.76904336e-01 -1.89545885e-01
 -2.00940058e-01 -2.11103320e-01 -2.20095098e-01 -2.28003085e-01 -2.34931543e-01
 -2.40991369e-01 -2.46291846e-01 -2.50933737e-01 -2.55004108e-01 -2.58571953e-01
 -2.61685222e-01 -2.64367789e-01 -2.66616702e-01 -2.68399149e-01 -2.69649088e-01
 -2.70264030e-01 -2.70102680e-01 -2.68985897e-01 -2.66703248e-01 -2.63029188e-01
 -2.57750183e-01 -2.50701606e-01 -2.41804972e-01 -2.31091484e-01 -2.18698025e-01
 -2.04833493e-01 -1.89727724e-01 -1.73584938e-01 -1.56550810e-01 -1.38681322e-01
 -1.19937666e-01 -1.00212179e-01 -7.93888122e-02 -5.74470945e-02 -3.46210860e-02
 -1.16102826e-02  1.02127381e-02  3.13775726e-02  5.18465377e-02  7.15718865e-02
  9.04999822e-02  1.08573541e-01  1.25733823e-01  1.41923368e-01  1.57089218e-01
  8.95803422e-02  8.39632303e-02  7.13297278e-02  5.74903153e-02  4.39788662e-02
  3.01889852e-02  1.59571245e-02  1.22838840e-03 -1.40254041e-02 -2.99392734e-02
 -4.65406030e-02 -6.36935607e-02 -8.11629444e-02 -9.86659378e-02 -1.15910739e-01
 -1.32622510e-01 -1.48559481e-01 -1.63522854e-01 -1.77363440e-01 -1.89986557e-01
 -2.01354921e-01 -2.11487338e-01 -2.20445275e-01 -2.28318125e-01 -2.35211492e-01
 -2.41237342e-01 -2.46505558e-01 -2.51117319e-01 -2.55159676e-01 -2.58701503e-01
 -2.61790276e-01 -2.64449358e-01 -2.66675025e-01 -2.68433660e-01 -2.69658208e-01
 -2.70245135e-01 -2.70052016e-01 -2.68898726e-01 -2.66574144e-01 -2.62852490e-01
 -2.57520884e-01 -2.50416130e-01 -2.41461977e-01 -2.30691731e-01 -2.18243778e-01
 -2.04327121e-01 -1.89170361e-01 -1.72975689e-01 -1.55885801e-01 -1.37953371e-01
 -1.19136795e-01 -9.93275717e-02 -7.84123540e-02 -5.63785210e-02 -3.34729850e-02
 -1.04046464e-02  1.14805140e-02  3.27410884e-02  5.33191264e-02  7.31602237e-02
  9.22072604e-02  1.10399283e-01  1.27672896e-01  1.43965065e-01  1.59216776e-01
  8.77507851e-02  8.11197609e-02  7.08670095e-02  5.83813973e-02  4.50023822e-02
  3.11084483e-02  1.67520102e-02  1.91946770e-03 -1.34134144e-02 -2.93800998e-02
 -4.60182093e-02 -6.31980896e-02 -8.06881934e-02 -9.82078686e-02 -1.15466669e-01
 -1.32190675e-01 -1.48138821e-01 -1.63112819e-01 -1.76963776e-01 -1.89596951e-01
 -2.00974643e-01 -2.11115003e-01 -2.20078871e-01 -2.27954999e-01 -2.34848276e-01
 -2.40869761e-01 -2.46128455e-01 -2.50724345e-01 -2.54743248e-01 -2.58252442e-01
 -2.61297584e-01 -2.63899803e-01 -2.66052842e-01 -2.67720073e-01 -2.68831342e-01
 -2.69279957e-01 -2.68921226e-01 -2.67574161e-01 -2.65029818e-01 -2.61068642e-01
 -2.55488694e-01 -2.48141721e-01 -2.38967180e-01 -2.28010774e-01 -2.15415567e-01
 -2.01386184e-01 -1.86139479e-01 -1.69863135e-01 -1.52682409e-01 -1.34632632e-01
 -1.15659818e-01 -9.56531242e-02 -7.45143667e-02 -5.22752665e-02 -2.92728674e-02
 -6.37076516e-03  1.58260968e-02  3.73523012e-02  5.81960641e-02  7.83187300e-02
  9.76636559e-02  1.16161287e-01  1.33733436e-01  1.50298089e-01  1.65775269e-01
  9.09184441e-02  8.50379243e-02  7.34224990e-02  5.99033609e-02  4.62427922e-02
  3.22562642e-02  1.78561620e-02  3.00258514e-03 -1.23324320e-02 -2.82738432e-02
 -4.48734611e-02 -6.20114170e-02 -7.94626474e-02 -9.69506130e-02 -1.14187382e-01
 -1.30900472e-01 -1.46849558e-01 -1.61836356e-01 -1.75711185e-01 -1.88377470e-01
 -1.99794516e-01 -2.09976763e-01 -2.18981788e-01 -2.26895317e-01 -2.33819321e-01
 -2.39862144e-01 -2.45130047e-01 -2.49720395e-01 -2.53716171e-01 -2.57181734e-01
 -2.60159373e-01 -2.62666285e-01 -2.64691889e-01 -2.66194671e-01 -2.67099500e-01
 -2.67295241e-01 -2.66634494e-01 -2.64937162e-01 -2.62000680e-01 -2.57619441e-01
 -2.51613408e-01 -2.43861526e-01 -2.34330118e-01 -2.23083571e-01 -2.10269377e-01
 -1.96080998e-01 -1.80713251e-01 -1.64327368e-01 -1.47016898e-01 -1.28786951e-01
 -1.09561920e-01 -8.92254040e-02 -6.76995292e-02 -4.50757444e-02 -2.18053199e-02
  1.07482309e-03  2.34216489e-02  4.52177897e-02  6.64274320e-02  8.69957209e-02
  1.06848419e-01  1.25892192e-01  1.44016758e-01  1.61099851e-01  1.77015960e-01
  9.03020948e-02  8.39853287e-02  7.35498890e-02  6.08650669e-02  4.74351682e-02
  3.35388482e-02  1.92015693e-02  4.41157119e-03 -1.08487410e-02 -2.66819671e-02
 -4.31615338e-02 -6.01817183e-02 -7.75268450e-02 -9.49264392e-02 -1.12096205e-01
 -1.28765747e-01 -1.44695565e-01 -1.59687132e-01 -1.73589066e-01 -1.86301515e-01
 -1.97778508e-01 -2.08027840e-01 -2.17101052e-01 -2.25078419e-01 -2.32056782e-01
 -2.38139659e-01 -2.43428722e-01 -2.48016939e-01 -2.51982868e-01 -2.55386263e-01
 -2.58264422e-01 -2.60629088e-01 -2.62463599e-01 -2.63720214e-01 -2.64317811e-01
 -2.64140815e-01 -2.63040692e-01 -2.60842055e-01 -2.57355511e-01 -2.52398670e-01
 -2.45824069e-01 -2.37547502e-01 -2.27567941e-01 -2.15968594e-01 -2.02895954e-01
 -1.88523680e-01 -1.73016027e-01 -1.56496286e-01 -1.39014974e-01 -1.20539226e-01
 -1.00969821e-01 -8.01911727e-02 -5.81633449e-02 -3.50673944e-02 -1.15017891e-02
  1.13230189e-02  3.38463150e-02  5.60039170e-02  7.77378157e-02  9.89785120e-02
  1.19633585e-01  1.39579371e-01  1.58656254e-01  1.76670432e-01  1.93406194e-01
  9.17659327e-02  8.57648030e-02  7.50413984e-02  6.21655919e-02  4.87834997e-02
  3.49943861e-02  2.07758471e-02  6.10848796e-03 -9.02769715e-03 -2.46586092e-02
 -4.09320034e-02 -5.77538908e-02 -7.49190003e-02 -9.21645761e-02 -1.09211512e-01
 -1.25792429e-01 -1.41669214e-01 -1.56643093e-01 -1.70560658e-01 -1.83317691e-01
 -1.94861263e-01 -2.05189839e-01 -2.14346096e-01 -2.22402275e-01 -2.29447752e-01
 -2.35578999e-01 -2.40891024e-01 -2.45470390e-01 -2.49389425e-01 -2.52701491e-01
 -2.55437285e-01 -2.57601589e-01 -2.59170651e-01 -2.60089874e-01 -2.60272712e-01
 -2.59601235e-01 -2.57929981e-01 -2.55094945e-01 -2.50928760e-01 -2.45282069e-01
 -2.38048255e-01 -2.29184300e-01 -2.18720317e-01 -2.06751585e-01 -1.93414316e-01
 -1.78854272e-01 -1.63198248e-01 -1.46521509e-01 -1.28826231e-01 -1.10043019e-01
 -9.00606737e-02 -6.87922910e-02 -4.62898724e-02 -2.29162388e-02  4.43880621e-04
  2.35534161e-02  4.64515463e-02  6.91438094e-02  9.16126892e-02  1.13815017e-01
  1.35671288e-01  1.57048285e-01  1.77736238e-01  1.97428793e-01  2.15727463e-01
  9.25203785e-02  8.66678283e-02  7.60961995e-02  6.34158552e-02  5.02354167e-02
  3.66271399e-02  2.25820802e-02  8.09826422e-03 -6.83128461e-03 -2.22202819e-02
 -3.82233523e-02 -5.47718927e-02 -7.16793090e-02 -8.86959732e-02 -1.05551317e-01
 -1.21983148e-01 -1.37755930e-01 -1.52671248e-01 -1.66573748e-01 -1.79354429e-01
 -1.90952390e-01 -2.01354712e-01 -2.10592195e-01 -2.18726397e-01 -2.25836754e-01
 -2.32010320e-01 -2.37333208e-01 -2.41883472e-01 -2.45725155e-01 -2.48903573e-01
 -2.51441389e-01 -2.53335565e-01 -2.54554987e-01 -2.55039364e-01 -2.54699320e-01
 -2.53419220e-01 -2.51063675e-01 -2.47488841e-01 -2.42558628e-01 -2.36164257e-01
 -2.28242919e-01 -2.18789592e-01 -2.07856759e-01 -1.95540383e-01 -1.81956932e-01
 -1.67219445e-01 -1.51408330e-01 -1.34545892e-01 -1.16588101e-01 -9.74393710e-02
 -7.69981369e-02 -5.52442260e-02 -3.23815867e-02 -9.03842226e-03  1.42323561e-02
  3.74629460e-02  6.06904700e-02  8.39502364e-02  1.07271850e-01  1.30672932e-01
  1.54146433e-01  1.77634716e-01  2.00974509e-01  2.23781481e-01  2.45275632e-01
  9.20318812e-02  8.58954415e-02  7.64906853e-02  6.47711977e-02  5.19209057e-02
  3.84735577e-02  2.45902874e-02  1.03096394e-02 -4.36845189e-03 -1.94582641e-02
 -3.51164006e-02 -5.13061285e-02 -6.78656772e-02 -8.45634788e-02 -1.01141192e-01
 -1.17344245e-01 -1.32941186e-01 -1.47734851e-01 -1.61568329e-01 -1.74327895e-01
 -1.85944334e-01 -1.96392372e-01 -2.05688015e-01 -2.13879257e-01 -2.21033007e-01
 -2.27224514e-01 -2.32528731e-01 -2.37013087e-01 -2.40731597e-01 -2.43720070e-01
 -2.45992362e-01 -2.47537732e-01 -2.48319238e-01 -2.48273805e-01 -2.47314259e-01
 -2.45334327e-01 -2.42217183e-01 -2.37847790e-01 -2.32127875e-01 -2.24991098e-01
 -2.16414109e-01 -2.06419617e-01 -1.95069373e-01 -1.82449102e-01 -1.68650404e-01
 -1.53745875e-01 -1.37764663e-01 -1.20679773e-01 -1.02413148e-01 -8.28651413e-02
 -6.19775951e-02 -3.98421995e-02 -1.68596674e-02  6.07442809e-03  2.91270074e-02
  5.23329079e-02  7.57501870e-02  9.94557589e-02  1.23544857e-01  1.48132741e-01
  1.73357993e-01  1.99389070e-01  2.26442218e-01  2.54831284e-01  2.84703076e-01
  1.01814620e-01  9.82678235e-02  8.26835781e-02  6.76659793e-02  5.40139265e-02
  4.04250547e-02  2.66430862e-02  1.25870751e-02 -1.78388006e-03 -1.65013652e-02
 -3.17236707e-02 -4.74524163e-02 -6.35561720e-02 -7.98260868e-02 -9.60196108e-02
 -1.11892223e-01 -1.27218112e-01 -1.41802266e-01 -1.55486688e-01 -1.68153316e-01
 -1.79724723e-01 -1.90163314e-01 -1.99468657e-01 -2.07672000e-01 -2.14825079e-01
 -2.20988989e-01 -2.26225466e-01 -2.30589584e-01 -2.34124050e-01 -2.36854598e-01
 -2.38786638e-01 -2.39903376e-01 -2.40165204e-01 -2.39511311e-01 -2.37863407e-01
 -2.35132277e-01 -2.31227130e-01 -2.26066872e-01 -2.19591767e-01 -2.11772591e-01
 -2.02614650e-01 -1.92154810e-01 -1.80452630e-01 -1.67577565e-01 -1.53588101e-01
 -1.38511449e-01 -1.22330561e-01 -1.04984656e-01 -8.63891318e-02 -6.64832518e-02
 -4.53160629e-02 -2.31791716e-02 -7.77192938e-04  2.17413995e-02  4.44489643e-02
  6.74235150e-02  9.07603130e-02  1.14580348e-01  1.39039636e-01  1.64341539e-01
  1.90754741e-01  2.18639866e-01  2.48482764e-01  2.80843288e-01  3.15149784e-01
  9.49277207e-02  8.94580856e-02  8.00531060e-02  6.80829212e-02  5.51518165e-02
  4.18799892e-02  2.83930544e-02  1.46870753e-02  7.31508771e-04 -1.35082351e-02
 -2.81802732e-02 -4.33255099e-02 -5.88459037e-02 -7.45587945e-02 -9.02404860e-02
 -1.05658762e-01 -1.20594859e-01 -1.34856626e-01 -1.48285493e-01 -1.60759330e-01
 -1.72192991e-01 -1.82537109e-01 -1.91775337e-01 -1.99919820e-01 -2.07004279e-01
 -2.13073522e-01 -2.18174443e-01 -2.22348750e-01 -2.25627512e-01 -2.28026971e-01
 -2.29545906e-01 -2.30164558e-01 -2.29845345e-01 -2.28535518e-01 -2.26172075e-01
 -2.22688586e-01 -2.18023658e-01 -2.12129414e-01 -2.04978675e-01 -1.96568772e-01
 -1.86920837e-01 -1.76075444e-01 -1.64082304e-01 -1.50984287e-01 -1.36801749e-01
 -1.21521905e-01 -1.05097830e-01 -8.74630436e-02 -6.85685202e-02 -4.84511852e-02
 -2.73417048e-02 -5.80754038e-03  1.58582665e-02  3.77041921e-02  5.97941205e-02
  8.22091922e-02  1.05053380e-01  1.28461555e-01  1.52610511e-01  1.77734286e-01
  2.04145238e-01  2.32261792e-01  2.62640536e-01  2.96027958e-01  3.33671182e-01
  9.97737050e-02  9.64623988e-02  8.31374377e-02  6.88839778e-02  5.57200760e-02
  4.27032746e-02  2.96235457e-02  1.64042227e-02  2.99717207e-03 -1.06372442e-02
 -2.46244762e-02 -3.90462279e-02 -5.38392588e-02 -6.88492432e-02 -8.38736445e-02
 -9.86945108e-02 -1.13101408e-01 -1.26905784e-01 -1.39948741e-01 -1.52104408e-01
 -1.63280368e-01 -1.73416361e-01 -1.82481423e-01 -1.90469712e-01 -1.97394952e-01
 -2.03283653e-01 -2.08166748e-01 -2.12072402e-01 -2.15020776e-01 -2.17020407e-01
 -2.18066290e-01 -2.18139678e-01 -2.17209563e-01 -2.15236038e-01 -2.12175071e-01
 -2.07984492e-01 -2.02630177e-01 -1.96091250e-01 -1.88363403e-01 -1.79459855e-01
 -1.69408143e-01 -1.58241704e-01 -1.45988807e-01 -1.32661596e-01 -1.18248299e-01
 -1.02713123e-01 -8.60081911e-02 -6.81038424e-02 -4.90444526e-02 -2.90362556e-02
 -8.56447592e-03  1.20368246e-02  3.27939168e-02  5.37437387e-02  7.49362707e-02
  9.64375064e-02  1.18333749e-01  1.40737593e-01  1.63796335e-01  1.87703907e-01
  2.12719262e-01  2.39197746e-01  2.67661840e-01  2.99092710e-01  3.37950587e-01
  9.26139355e-02  8.76221508e-02  7.86020309e-02  6.71468973e-02  5.49569428e-02
  4.25903685e-02  3.01368032e-02  1.75759532e-02  4.86635976e-03 -8.03655665e-03
 -2.11798474e-02 -3.47267725e-02 -4.86404896e-02 -6.27931654e-02 -7.70043656e-02
 -9.10720974e-02 -1.04795717e-01 -1.17991187e-01 -1.30499810e-01 -1.42192230e-01
 -1.52969301e-01 -1.62760720e-01 -1.71522498e-01 -1.79232940e-01 -1.85888007e-01
 -1.91495717e-01 -1.96070299e-01 -1.99626669e-01 -2.02175424e-01 -2.03719676e-01
 -2.04253569e-01 -2.03762591e-01 -2.02225357e-01 -1.99616551e-01 -1.95910946e-01
 -1.91087618e-01 -1.85133860e-01 -1.78048089e-01 -1.69839829e-01 -1.60526931e-01
 -1.50130063e-01 -1.38665333e-01 -1.26137212e-01 -1.12534113e-01 -9.78301018e-02
 -8.19965154e-02 -6.50285035e-02 -4.69919220e-02 -2.80954186e-02 -8.78501404e-03
  1.06543247e-02  3.02274711e-02  4.99449037e-02  6.98242933e-02  8.98920745e-02
  1.10185109e-01  1.30752519e-01  1.51657611e-01  1.72979891e-01  1.94816738e-01
  2.17284024e-01  2.40513712e-01  2.64638513e-01  2.89721012e-01  3.14792871e-01
  9.24328044e-02  8.88264775e-02  7.77715743e-02  6.51124343e-02  5.31953685e-02
  4.15056311e-02  2.98442226e-02  1.81216244e-02  6.28288463e-03 -5.71363373e-03
 -1.79033838e-02 -3.04493438e-02 -4.33449931e-02 -5.64917848e-02 -6.97343275e-02
 -8.28895047e-02 -9.57690254e-02 -1.08195156e-01 -1.20010540e-01 -1.31083116e-01
 -1.41307652e-01 -1.50604934e-01 -1.58919394e-01 -1.66215792e-01 -1.72475100e-01
 -1.77690044e-01 -1.81860521e-01 -1.84989408e-01 -1.87078908e-01 -1.88128248e-01
 -1.88132450e-01 -1.87082604e-01 -1.84967250e-01 -1.81774676e-01 -1.77495390e-01
 -1.72124580e-01 -1.65663376e-01 -1.58118799e-01 -1.49501756e-01 -1.39823303e-01
 -1.29090205e-01 -1.17300987e-01 -1.04444616e-01 -9.05046090e-02 -7.54718781e-02
 -5.93703911e-02 -4.22994755e-02 -2.44919043e-02 -6.38766168e-03  1.18657621e-02
  3.02520245e-02  4.87572104e-02  6.73706308e-02  8.60854238e-02  1.04898937e-01
  1.23812772e-01  1.42832190e-01  1.61964491e-01  1.81215376e-01  2.00581938e-01
  2.20039561e-01  2.39517391e-01  2.58851737e-01  2.77683526e-01  2.95206338e-01
  8.34829882e-02  7.87743479e-02  7.04379752e-02  6.02791496e-02  4.98177707e-02
  3.92986462e-02  2.87079178e-02  1.80173088e-02  7.20348721e-03 -3.75414034e-03
 -1.48754409e-02 -2.63042543e-02 -3.80564295e-02 -5.00605069e-02 -6.21871874e-02
 -7.42748603e-02 -8.61505568e-02 -9.76456031e-02 -1.08606085e-01 -1.18898824e-01
 -1.28413871e-01 -1.37064397e-01 -1.44785106e-01 -1.51529402e-01 -1.57266065e-01
 -1.61975652e-01 -1.65646926e-01 -1.68273628e-01 -1.69851884e-01 -1.70378342e-01
 -1.69849351e-01 -1.68260947e-01 -1.65609464e-01 -1.61892638e-01 -1.57110453e-01
 -1.51265591e-01 -1.44363016e-01 -1.36408523e-01 -1.27406448e-01 -1.17357336e-01
 -1.06256381e-01 -9.40947086e-02 -8.08655620e-02 -6.65785074e-02 -5.12854420e-02
 -3.51208821e-02 -1.83655526e-02 -1.48437778e-03  1.56017775e-02  3.28529440e-02
  5.02317511e-02  6.77027479e-02  8.52319747e-02  1.02786623e-01  1.20334610e-01
  1.37843862e-01  1.55280814e-01  1.72607735e-01  1.89777970e-01  2.06728369e-01
  2.23367468e-01  2.39558294e-01  2.55095959e-01  2.69686222e-01  2.82949418e-01
  7.45809898e-02  6.94018677e-02  6.25078157e-02  5.43467812e-02  4.55189161e-02
  3.63366120e-02  2.69341078e-02  1.73685271e-02  7.66286440e-03 -2.17602006e-03
 -1.21496590e-02 -2.23745517e-02 -3.28832828e-02 -4.36293967e-02 -5.45103252e-02
 -6.53884858e-02 -7.61096627e-02 -8.65177959e-02 -9.64656696e-02 -1.05821714e-01
 -1.14473499e-01 -1.22328728e-01 -1.29314438e-01 -1.35375038e-01 -1.40469775e-01
 -1.44569844e-01 -1.47655606e-01 -1.49714068e-01 -1.50736839e-01 -1.50718555e-01
 -1.49655968e-01 -1.47547454e-01 -1.44392848e-01 -1.40193284e-01 -1.34950951e-01
 -1.28668398e-01 -1.21347539e-01 -1.12988569e-01 -1.03589147e-01 -9.31450650e-02
 -8.16534534e-02 -6.91205710e-02 -5.55767119e-02 -4.10992950e-02 -2.58511994e-02
 -1.00973062e-02  5.58174169e-03  2.15605032e-02  3.77690084e-02  5.41475974e-02
  7.06403106e-02  8.71918052e-02  1.03745960e-01  1.20245203e-01  1.36630327e-01
  1.52840137e-01  1.68810949e-01  1.84475139e-01  1.99758753e-01  2.14577571e-01
  2.28831872e-01  2.42400631e-01  2.55137175e-01  2.66870290e-01  2.77415216e-01
  6.94247633e-02  6.48952723e-02  5.74785098e-02  4.94074896e-02  4.13664840e-02
  3.31643112e-02  2.48042699e-02  1.63127109e-02  7.71045499e-03 -9.89819295e-04
 -9.78083443e-03 -1.87488683e-02 -2.79444698e-02 -3.73452045e-02 -4.68752459e-02
 -5.64227626e-02 -6.58554658e-02 -7.50337914e-02 -8.38212371e-02 -9.20915753e-02
 -9.97332409e-02 -1.06651358e-01 -1.12767972e-01 -1.18020989e-01 -1.22362465e-01
 -1.25756428e-01 -1.28176719e-01 -1.29604876e-01 -1.30028337e-01 -1.29438996e-01
 -1.27831921e-01 -1.25204504e-01 -1.21555611e-01 -1.16884857e-01 -1.11191824e-01
 -1.04475513e-01 -9.67340916e-02 -8.79656374e-02 -7.81706721e-02 -6.73578829e-02
 -5.55532463e-02 -4.28145044e-02 -2.92588267e-02 -1.50711546e-02 -6.69331697e-04
  1.41175147e-02  2.91852523e-02  4.45119888e-02  6.00538999e-02  7.57555142e-02
  9.15533975e-02  1.07377395e-01  1.23151273e-01  1.38793454e-01  1.54218107e-01
  1.69336647e-01  1.84059426e-01  1.98297217e-01  2.11962223e-01  2.24968195e-01
  2.37229824e-01  2.48661742e-01  2.59178340e-01  2.68695414e-01  2.77134836e-01
  6.22549802e-02  5.72470501e-02  5.11490814e-02  4.42887656e-02  3.70931923e-02
  2.97537465e-02  2.23321542e-02  1.48514081e-02  7.32213631e-03 -2.51044752e-04
 -7.86823127e-03 -1.55355260e-02 -2.33722646e-02 -3.13695930e-02 -3.94738428e-02
 -4.75979857e-02 -5.56331947e-02 -6.34595901e-02 -7.09553659e-02 -7.80038908e-02
 -8.44985247e-02 -9.03455094e-02 -9.54651162e-02 -9.97915268e-02 -1.03271902e-01
 -1.05864897e-01 -1.07539006e-01 -1.08270824e-01 -1.08043380e-01 -1.06844664e-01
 -1.04666263e-01 -1.01502270e-01 -9.73484144e-02 -9.22013298e-02 -8.60582516e-02
 -7.89175183e-02 -7.07807690e-02 -6.16564304e-02 -5.15663289e-02 -4.05619182e-02
 -2.87380833e-02 -1.62289422e-02 -3.35549680e-03  1.00228740e-02  2.38267183e-02
  3.80209759e-02  5.25574610e-02  6.73884898e-02  8.24593529e-02  9.77056101e-02
  1.13051765e-01  1.28410593e-01  1.43683106e-01  1.58759505e-01  1.73521712e-01
  1.87847331e-01  2.01614887e-01  2.14709908e-01  2.27030352e-01  2.38491043e-01
  2.49025807e-01  2.58587897e-01  2.67148346e-01  2.74693847e-01  2.81224221e-01
  5.77251241e-02  5.37328571e-02  4.63672727e-02  3.91901098e-02  3.24760675e-02
  2.58846451e-02  1.93547532e-02  1.28665539e-02  6.40986487e-03 -2.13993444e-05
 -6.43008994e-03 -1.28156347e-02 -1.92917157e-02 -2.58662961e-02 -3.25073786e-02
 -3.91519330e-02 -4.57148999e-02 -5.20978719e-02 -5.81968278e-02 -6.39085844e-02
 -6.91356584e-02 -7.37895444e-02 -7.77925253e-02 -8.10783505e-02 -8.35919380e-02
 -8.52885842e-02 -8.61328468e-02 -8.60972181e-02 -8.51607919e-02 -8.33078176e-02
 -8.05264786e-02 -7.68081322e-02 -7.21474215e-02 -6.65423572e-02 -5.99946380e-02
 -5.25115170e-02 -4.41147164e-02 -3.48447971e-02 -2.47522444e-02 -1.39681809e-02
 -2.77298316e-03  9.03582014e-03  2.13861056e-02  3.42490040e-02  4.75881733e-02
  6.13672622e-02  7.55456015e-02  9.00764689e-02  1.04903802e-01  1.19958781e-01
  1.35156453e-01  1.50392771e-01  1.65542468e-01  1.80458903e-01  1.94977090e-01
  2.08921015e-01  2.22115278e-01  2.34399423e-01  2.45641962e-01  2.55751193e-01
  2.64680833e-01  2.72429675e-01  2.79035896e-01  2.84566641e-01  2.89105624e-01
  4.90443222e-02  4.41951379e-02  3.86696383e-02  3.27818245e-02  2.69124713e-02
  2.11932957e-02  1.56252962e-02  1.01808365e-02  4.83479165e-03 -4.28807049e-04
 -5.61623462e-03 -1.07241562e-02 -1.58455893e-02 -2.10016556e-02 -2.61761472e-02
 -3.13248374e-02 -3.63830924e-02 -4.12727483e-02 -4.59083579e-02 -5.02025969e-02
 -5.40706106e-02 -5.74332103e-02 -6.02189265e-02 -6.23650327e-02 -6.38177693e-02
 -6.45320117e-02 -6.44708201e-02 -6.36051670e-02 -6.19131029e-02 -5.93784638e-02
 -5.59893772e-02 -5.17378598e-02 -4.66250218e-02 -4.06631231e-02 -3.38739268e-02
 -2.62751207e-02 -1.79385412e-02 -9.02656838e-03  5.60252811e-04  1.07807843e-02
  2.15849504e-02  3.29682082e-02  4.49136086e-02  5.74034341e-02  7.04178512e-02
  8.39343593e-02  9.79258716e-02  1.12357982e-01  1.27185240e-01  1.42346203e-01
  1.57757401e-01  1.73306018e-01  1.88842222e-01  2.04172730e-01  2.19059587e-01
  2.33229563e-01  2.46398464e-01  2.58306742e-01  2.68754452e-01  2.77624816e-01
  2.84894377e-01  2.90631294e-01  2.94981897e-01  2.98143685e-01  3.00329119e-01
  4.17488068e-02  3.75256948e-02  3.11936494e-02  2.52388511e-02  2.01147273e-02
  1.54049899e-02  1.09500000e-02  6.66516740e-03  2.50470429e-03 -1.55345188e-03
 -5.51650720e-03 -9.38303769e-03 -1.31489681e-02 -1.69112142e-02 -2.06511952e-02
 -2.43323855e-02 -2.79034320e-02 -3.13021354e-02 -3.44598852e-02 -3.73056792e-02
 -3.97695415e-02 -4.17851768e-02 -4.32918221e-02 -4.42352593e-02 -4.45679091e-02
 -4.42482866e-02 -4.32407670e-02 -4.15196419e-02 -3.90693657e-02 -3.58831361e-02
 -3.19581032e-02 -2.72801183e-02 -2.18667127e-02 -1.57734528e-02 -9.12027154e-03
 -1.76910998e-03  6.24273764e-03  1.48790786e-02  2.41318662e-02  3.39890532e-02
  4.44388390e-02  5.54757975e-02  6.70965835e-02  7.92991892e-02  9.20820907e-02
  1.05443157e-01  1.19377971e-01  1.33877173e-01  1.48922518e-01  1.64480954e-01
  1.80495739e-01  1.96873635e-01  2.13466227e-01  2.30044693e-01  2.46271089e-01
  2.61684656e-01  2.75745749e-01  2.87955612e-01  2.97966808e-01  3.05610299e-01
  3.10894638e-01  3.14004034e-01  3.15293610e-01  3.15243185e-01  3.14328462e-01
  2.88251322e-02  2.36360840e-02  1.90334618e-02  1.50457816e-02  1.15578724e-02
  8.35925899e-03  5.31144114e-03  2.35262350e-03 -5.36410778e-04 -3.35356104e-03
 -6.08548522e-03 -8.71202163e-03 -1.12076746e-02 -1.36584565e-02 -1.60458852e-02
 -1.83386635e-02 -2.04943959e-02 -2.24620420e-02 -2.41869688e-02 -2.56137978e-02
 -2.66886465e-02 -2.73611136e-02 -2.75859479e-02 -2.73240712e-02 -2.65422426e-02
 -2.52091624e-02 -2.32821535e-02 -2.07447056e-02 -1.76006332e-02 -1.38792032e-02
 -9.65284556e-03 -4.76703048e-03  7.45258003e-04  6.85560005e-03  1.35412281e-02
  2.08072104e-02  2.86499895e-02  3.70646082e-02  4.60501313e-02  5.56084439e-02
  6.57445714e-02  7.64675513e-02  8.77902880e-02  9.97294709e-02  1.12305477e-01
  1.25542179e-01  1.39466420e-01  1.54106900e-01  1.69492066e-01  1.85645998e-01
  2.02581227e-01  2.20285907e-01  2.38701180e-01  2.57678509e-01  2.76888043e-01
  2.95605093e-01  3.12452018e-01  3.26077044e-01  3.36161166e-01  3.42435539e-01
  3.44988257e-01  3.44115734e-01  3.40338051e-01  3.35179299e-01  3.29860687e-01
  1.21300779e-02  5.61506441e-03  3.32313171e-03  2.69349059e-03  1.81976787e-03
  5.84949565e-04 -8.73758399e-04 -2.45179678e-03 -4.07671137e-03 -5.69323730e-03
 -7.25470437e-03 -8.71806778e-03 -1.00398278e-02 -1.12824822e-02 -1.24284336e-02
 -1.34497397e-02 -1.43094156e-02 -1.49559220e-02 -1.53457159e-02 -1.54386973e-02
 -1.51978042e-02 -1.45903220e-02 -1.35902502e-02 -1.21820755e-02 -1.03675760e-02
 -8.17980524e-03 -5.44535462e-03 -2.18790281e-03  1.57716696e-03  5.83643606e-03
  1.05811134e-02  1.58243738e-02  2.15659011e-02  2.78012417e-02  3.45272161e-02
  4.17456515e-02  4.94609550e-02  5.76802827e-02  6.64143786e-02  7.56779760e-02
  8.54902118e-02  9.58751813e-02  1.06862463e-01  1.18487872e-01  1.30794406e-01
  1.43833518e-01  1.57666728e-01  1.72367543e-01  1.88023612e-01  2.04738796e-01
  2.22634420e-01  2.41848946e-01  2.62534797e-01  2.84855336e-01  3.09020191e-01
  3.35738033e-01  3.66322041e-01  3.75012308e-01  3.89406562e-01  3.92234862e-01
  3.89759839e-01  3.88602048e-01  3.68390083e-01  3.54397267e-01  3.43673468e-01
 -2.06674729e-03 -1.00822560e-02 -9.68016684e-03 -7.61067681e-03 -6.77299919e-03
 -6.60939049e-03 -6.82737678e-03 -7.26375636e-03 -7.80805619e-03 -8.37794971e-03
 -8.90888646e-03 -9.34852380e-03 -9.65347514e-03 -9.78789106e-03 -9.81229823e-03
 -9.69938003e-03 -9.43946652e-03 -8.90455488e-03 -8.08349997e-03 -6.95829745e-03
 -5.50970854e-03 -3.72026954e-03 -1.57605216e-03  9.32543713e-04  3.81156360e-03
  7.06806732e-03  1.07247997e-02  1.47855040e-02  1.92460343e-02  2.40996331e-02
  2.93405112e-02  3.49663831e-02  4.09759395e-02  4.73695099e-02  5.41504622e-02
  6.13263138e-02  6.89089969e-02  7.69150257e-02  8.53657350e-02  9.42874551e-02
  1.03711843e-01  1.13676347e-01  1.24225028e-01  1.35409713e-01  1.47291884e-01
  1.59945235e-01  1.73459411e-01  1.87945276e-01  2.03542218e-01  2.20428318e-01
  2.38834098e-01  2.59059846e-01  2.81494796e-01  3.06639463e-01  3.35199237e-01
  3.67627084e-01  3.89801383e-01  4.05084819e-01  4.16870713e-01  4.15747315e-01
  4.14970964e-01  3.98918271e-01  3.79768372e-01  3.63598198e-01  3.50575924e-01
 -5.65545494e-03 -1.26117356e-02 -1.47449505e-02 -1.42507106e-02 -1.33266645e-02
 -1.25972209e-02 -1.21073518e-02 -1.17804473e-02 -1.15272393e-02 -1.12694316e-02
 -1.09433532e-02 -1.04989689e-02 -9.89839155e-03 -9.11546312e-03 -8.13756138e-03
 -6.94619445e-03 -5.51850023e-03 -3.82125797e-03 -1.83258310e-03  4.63683391e-04
  3.07962624e-03  6.02352526e-03  9.29980259e-03  1.29091647e-02  1.68492310e-02
  2.11157296e-02  2.57034972e-02  3.06034908e-02  3.58037539e-02  4.12914231e-02
  4.70548533e-02  5.30853793e-02  5.93783557e-02  6.59341291e-02  7.27589056e-02
  7.98652694e-02  8.72723609e-02  9.50056463e-02  1.03096664e-01  1.11582652e-01
  1.20506406e-01  1.29916385e-01  1.39867246e-01  1.50421068e-01  1.61649272e-01
  1.73635632e-01  1.86480790e-01  2.00308934e-01  2.15277553e-01  2.31592610e-01
  2.49532402e-01  2.69486874e-01  2.92025208e-01  3.17995608e-01  3.48159999e-01
  3.76307338e-01  3.94638449e-01  4.10320848e-01  4.15899009e-01  4.16810423e-01
  4.09538209e-01  3.92422378e-01  3.75342190e-01  3.60867620e-01  3.48733634e-01
 -1.63339097e-02 -2.56227870e-02 -2.34405696e-02 -2.02219263e-02 -1.86412465e-02
 -1.75996572e-02 -1.67803690e-02 -1.60350911e-02 -1.52654778e-02 -1.43989017e-02
 -1.33812362e-02 -1.21724950e-02 -1.07432576e-02 -9.07175709e-03 -7.14122690e-03
 -4.93614562e-03 -2.44101859e-03  3.59481375e-04  3.47753940e-03  6.92132441e-03
  1.06945951e-02  1.47964237e-02  1.92210395e-02  2.39578504e-02  2.89917272e-02
  3.43034938e-02  3.98705415e-02  4.56673838e-02  5.16670011e-02  5.78428358e-02
  6.41711429e-02  7.06333369e-02  7.72181377e-02  8.39231387e-02  9.07558575e-02
  9.77339745e-02  1.04884863e-01  1.12244569e-01  1.19856425e-01  1.27769649e-01
  1.36038169e-01  1.44719809e-01  1.53876230e-01  1.63573354e-01  1.73882708e-01
  1.84883580e-01  1.96666241e-01  2.09336534e-01  2.23022357e-01  2.37883225e-01
  2.54124522e-01  2.72020340e-01  2.91948825e-01  3.14405113e-01  3.39259773e-01
  3.60635877e-01  3.75255853e-01  3.87502342e-01  3.91386241e-01  3.92039835e-01
  3.84902388e-01  3.72160763e-01  3.60176593e-01  3.49438250e-01  3.39872271e-01
 -1.23388637e-02 -1.98135581e-02 -2.27886885e-02 -2.30275281e-02 -2.25029662e-02
 -2.18693297e-02 -2.11751666e-02 -2.03438792e-02 -1.93025600e-02 -1.80028602e-02
 -1.64166838e-02 -1.45283174e-02 -1.23281097e-02 -9.80848167e-03 -6.96180249e-03
 -3.77960270e-03 -2.52992264e-04  3.62608116e-03  7.86307920e-03  1.24593759e-02
  1.74111370e-02  2.27085389e-02  2.83352807e-02  3.42683271e-02  4.04778868e-02
  4.69276644e-02  5.35755046e-02  6.03746437e-02  6.72758445e-02  7.42304325e-02
  8.11941102e-02  8.81310776e-02  9.50178355e-02  1.01846144e-01  1.08624518e-01
  1.15378119e-01  1.22147068e-01  1.28983557e-01  1.35948360e-01  1.43107295e-01
  1.50528386e-01  1.58279657e-01  1.66427985e-01  1.75038829e-01  1.84176520e-01
  1.93905115e-01  2.04289407e-01  2.15395689e-01  2.27291882e-01  2.40045875e-01
  2.53719598e-01  2.68353671e-01  2.83931494e-01  3.00298929e-01  3.16761672e-01
  3.31164002e-01  3.42595071e-01  3.50683063e-01  3.55079472e-01  3.55625063e-01
  3.52322400e-01  3.46648484e-01  3.40152889e-01  3.33439916e-01  3.26857179e-01
 -2.14072149e-02 -3.19239944e-02 -2.85594389e-02 -2.63019204e-02 -2.61486489e-02
 -2.62248106e-02 -2.60196086e-02 -2.53530964e-02 -2.41800379e-02 -2.25127228e-02
 -2.03826111e-02 -1.78215224e-02 -1.48532391e-02 -1.14909410e-02 -7.73804309e-03
 -3.59088858e-03  9.57731681e-04  5.91498893e-03  1.12848384e-02  1.70655604e-02
  2.32480913e-02  2.98150331e-02  3.67400758e-02  4.39875759e-02  5.15120924e-02
  5.92579134e-02  6.71589598e-02  7.51396641e-02  8.31175894e-02  9.10081789e-02
  9.87317115e-02  1.06221423e-01  1.13431439e-01  1.20342895e-01  1.26966804e-01
  1.33343220e-01  1.39536709e-01  1.45629317e-01  1.51712492e-01  1.57879621e-01
  1.64220199e-01  1.70816258e-01  1.77740604e-01  1.85056388e-01  1.92817435e-01
  2.01068535e-01  2.09845364e-01  2.19173029e-01  2.29062945e-01  2.39506155e-01
  2.50461489e-01  2.61835068e-01  2.73447156e-01  2.84984708e-01  2.95965374e-01
  3.05801988e-01  3.13971460e-01  3.20111245e-01  3.24026942e-01  3.25704247e-01
  3.25345695e-01  3.23370337e-01  3.20280582e-01  3.16510111e-01  3.12379867e-01
 -7.65978592e-03 -1.61793288e-02 -2.23241020e-02 -2.67043449e-02 -2.99223345e-02
 -3.19259614e-02 -3.26186530e-02 -3.21374908e-02 -3.06986179e-02 -2.84911059e-02
 -2.56609712e-02 -2.23109443e-02 -1.85031407e-02 -1.42653873e-02 -9.60025564e-03
 -4.49495390e-03  1.06951362e-03  7.11084250e-03  1.36398869e-02  2.06571091e-02
  2.81508937e-02  3.60973626e-02  4.44609486e-02  5.31946309e-02  6.22389652e-02
  7.15195984e-02  8.09439942e-02  9.03990045e-02  9.97518301e-02  1.08856656e-01
  1.17567994e-01  1.25758812e-01  1.33339092e-01  1.40269831e-01  1.46569729e-01
  1.52312443e-01  1.57615334e-01  1.62621811e-01  1.67482138e-01  1.72337741e-01
  1.77311584e-01  1.82504356e-01  1.87994614e-01  1.93840876e-01  2.00083911e-01
  2.06748635e-01  2.13844672e-01  2.21365586e-01  2.29286179e-01  2.37557650e-01
  2.46100470e-01  2.54795045e-01  2.63472319e-01  2.71909148e-01  2.79836774e-01
  2.86968976e-01  2.93043613e-01  2.97860712e-01  3.01307529e-01  3.03371310e-01
  3.04139346e-01  3.03781629e-01  3.02515268e-01  3.00564200e-01  2.98130512e-01
 -2.48248014e-03 -1.20130805e-02 -2.13114899e-02 -3.03524919e-02 -3.85066867e-02
 -4.28805128e-02 -4.33879308e-02 -4.21522036e-02 -3.97071801e-02 -3.63877080e-02
 -3.24567035e-02 -2.80748811e-02 -2.33145673e-02 -1.81806721e-02 -1.26358224e-02
 -6.62376732e-03 -8.68187708e-05  7.02236220e-03  1.47332232e-02  2.30531320e-02
  3.19667049e-02  4.14392836e-02  5.14231622e-02  6.18624985e-02  7.26929605e-02
  8.38346854e-02  9.51796845e-02  1.06576689e-01  1.17819905e-01  1.28652066e-01
  1.38791680e-01  1.47980779e-01  1.56033844e-01  1.62870452e-01  1.68529421e-01
  1.73164353e-01  1.77016795e-01  1.80367514e-01  1.83484346e-01  1.86588690e-01
  1.89845756e-01  1.93369970e-01  1.97235227e-01  2.01484725e-01  2.06138417e-01
  2.11197793e-01  2.16648370e-01  2.22460404e-01  2.28587940e-01  2.34966964e-01
  2.41512761e-01  2.48117730e-01  2.54650772e-01  2.60960013e-01  2.66880870e-01
  2.72248983e-01  2.76916742e-01  2.80769169e-01  2.83736080e-01  2.85798520e-01
  2.86987811e-01  2.87378073e-01  2.87072778e-01  2.86189795e-01  2.84847498e-01
  9.31516523e-04 -9.94117931e-03 -2.18838472e-02 -3.54822390e-02 -5.09564169e-02
 -5.88001572e-02 -5.93630672e-02 -5.63704111e-02 -5.13771363e-02 -4.59790826e-02
 -4.03684452e-02 -3.47049907e-02 -2.89934780e-02 -2.31081098e-02 -1.68812238e-02
 -1.01534305e-02 -2.78965617e-03  5.31106861e-03  1.42099671e-02  2.39241496e-02
  3.44191790e-02  4.56195176e-02  5.74414618e-02  6.98201060e-02  8.27126130e-02
  9.60812047e-02  1.09861754e-01  1.23916984e-01  1.37972459e-01  1.51559472e-01
  1.64053783e-01  1.74869284e-01  1.83620095e-01  1.90143764e-01  1.94514230e-01
  1.97057903e-01  1.98347852e-01  1.99028030e-01  1.99602202e-01  2.00384051e-01
  2.01544419e-01  2.03165770e-01  2.05278799e-01  2.07883939e-01  2.10962921e-01
  2.14484811e-01  2.18408644e-01  2.22684190e-01  2.27251709e-01  2.32041225e-01
  2.36971900e-01  2.41951942e-01  2.46879861e-01  2.51647353e-01  2.56144136e-01
  2.60264665e-01  2.63915658e-01  2.67023146e-01  2.69538194e-01  2.71439880e-01
  2.72735000e-01  2.73454964e-01  2.73650259e-01  2.73383737e-01  2.72723943e-01
  5.58583299e-03 -5.62933506e-03 -1.83605179e-02 -3.33775319e-02 -5.19579612e-02
 -6.41401336e-02 -7.14645013e-02 -6.96801916e-02 -6.44529089e-02 -5.58084175e-02
 -4.76670489e-02 -4.08591591e-02 -3.47921997e-02 -2.87995208e-02 -2.24365219e-02
 -1.54557582e-02 -7.58728106e-03  1.33665453e-03  1.13863302e-02  2.26733256e-02
  3.51165161e-02  4.84127887e-02  6.23265654e-02  7.67902210e-02  9.18542296e-02
  1.07631229e-01  1.24255568e-01  1.41835779e-01  1.60339862e-01  1.79190651e-01
  1.96331993e-01  2.09879339e-01  2.19889566e-01  2.25615531e-01  2.27599397e-01
  2.25562721e-01  2.21592277e-01  2.17800140e-01  2.14823216e-01  2.12772131e-01
  2.11613372e-01  2.11273223e-01  2.11670101e-01  2.12724581e-01  2.14361608e-01
  2.16509700e-01  2.19099358e-01  2.22061306e-01  2.25324884e-01  2.28816822e-01
  2.32460663e-01  2.36176729e-01  2.39882976e-01  2.43496910e-01  2.46938184e-01
  2.50132024e-01  2.53012866e-01  2.55527794e-01  2.57639080e-01  2.59325713e-01
  2.60583311e-01  2.61422724e-01  2.61867583e-01  2.61950999e-01  2.61712104e-01
  1.26221515e-02  2.41988059e-03 -8.86433199e-03 -2.14093979e-02 -3.49971615e-02
 -4.87942807e-02 -6.52566701e-02 -6.74530193e-02 -6.85236081e-02 -5.79286553e-02
 -4.92800064e-02 -4.37373742e-02 -4.03041430e-02 -3.57586704e-02 -2.93428022e-02
 -2.36152131e-02 -1.57668199e-02 -5.55945281e-03  4.50387085e-03  1.77173298e-02
  3.39396968e-02  5.02020083e-02  6.63515106e-02  8.26635659e-02  9.94764939e-02
  1.17167689e-01  1.36185065e-01  1.57112464e-01  1.80807516e-01  2.08898529e-01
  2.39580438e-01  2.49437690e-01  2.69394577e-01  2.65635759e-01  2.73129255e-01
  2.55515277e-01  2.42242649e-01  2.33050540e-01  2.26504281e-01  2.21884757e-01
  2.18743950e-01  2.16779545e-01  2.15776354e-01  2.15573370e-01  2.16043770e-01
  2.17082515e-01  2.18598425e-01  2.20509052e-01  2.22737253e-01  2.25209102e-01
  2.27852553e-01  2.30597004e-01  2.33373538e-01  2.36115649e-01  2.38760680e-01
  2.41251379e-01  2.43537709e-01  2.45578498e-01  2.47342616e-01  2.48809725e-01
  2.49970257e-01  2.50824660e-01  2.51382262e-01  2.51659453e-01  2.51677901e-01
  2.15793941e-02  1.31499311e-02  4.11447417e-03 -5.51351346e-03 -1.55885592e-02
 -2.58295760e-02 -3.56109627e-02 -4.45755199e-02 -5.71814552e-02 -4.47399803e-02
 -3.97251733e-02 -3.78958806e-02 -4.00266908e-02 -3.81657556e-02 -3.00122723e-02
 -2.77632102e-02 -2.04162151e-02 -7.57971639e-03 -5.40535490e-04  1.42876934e-02
  3.53194065e-02  5.36682941e-02  7.08970949e-02  8.78607333e-02  1.05153590e-01
  1.23297267e-01  1.42857477e-01  1.64554879e-01  1.89405054e-01  2.18794882e-01
  2.47833341e-01  2.61471182e-01  2.77677238e-01  2.77607471e-01  2.80313730e-01
  2.64952421e-01  2.49963254e-01  2.39192799e-01  2.31407553e-01  2.25756943e-01
  2.21699789e-01  2.18883798e-01  2.17067599e-01  2.16074973e-01  2.15769127e-01
  2.16038212e-01  2.16786996e-01  2.17931524e-01  2.19395906e-01  2.21109942e-01
  2.23007828e-01  2.25027397e-01  2.27109909e-01  2.29200274e-01  2.31247544e-01
  2.33205780e-01  2.35034734e-01  2.36700743e-01  2.38177225e-01  2.39445001e-01
  2.40492299e-01  2.41314292e-01  2.41912499e-01  2.42293775e-01  2.42469296e-01
  2.84744167e+00  2.91443205e+00  2.91994286e+00  2.90569043e+00  2.86158824e+00
  2.80402756e+00  2.74640775e+00  2.68661857e+00  2.63096833e+00  2.57808566e+00
  2.53057504e+00  2.48779249e+00  2.44914365e+00  2.41465855e+00  2.38473582e+00
  2.35774016e+00  2.33471060e+00  2.31414819e+00  2.29694366e+00  2.28199315e+00
  2.26955128e+00  2.25953031e+00  2.25169396e+00  2.24564719e+00  2.24188566e+00
  2.23965502e+00  2.23902273e+00  2.24002743e+00  2.24246264e+00  2.24632382e+00
  2.25141382e+00  2.25779700e+00  2.26550603e+00  2.27443647e+00  2.28462243e+00
  2.29614377e+00  2.30893660e+00  2.32314849e+00  2.33891106e+00  2.35622191e+00
  2.37526536e+00  2.39611673e+00  2.41895223e+00  2.44405746e+00  2.47161412e+00
  2.50181079e+00  2.53505206e+00  2.57164907e+00  2.61185813e+00  2.65652061e+00
  2.70566249e+00  2.76009536e+00  2.82079959e+00  2.88800097e+00  2.96380544e+00
  3.04860258e+00  3.14553213e+00  3.25678468e+00  3.38645768e+00  3.53944373e+00
  3.72300076e+00  3.95639610e+00  4.27031040e+00  4.76045895e+00  8.30463409e+00
   91   89
  1.04477417e+00  0.00000000e+00  1.04604876e+00  1.00000001e-01  1.05048227e+00
  2.00000003e-01  1.05362463e+00  2.50000000e-01  1.06186664e+00  3.49999994e-01
  1.07193911e+00  4.49999988e-01  1.07906246e+00  5.18220782e-01  1.08772624e+00
  6.00000024e-01  1.09907293e+00  6.99999988e-01  1.10562503e+00  7.52387404e-01
  1.11918354e+00  8.50000024e-01  1.13218749e+00  9.38573897e-01  1.14259148e+00
  1.00000000e+00  1.15629685e+00  1.08020747e+00  1.16088378e+00  1.11041498e+00
  1.21187496e+00  1.10366583e+00  1.23944592e+00  1.10000002e+00  1.29156256e+00
  1.09351420e+00  1.34468746e+00  1.08389688e+00  1.39781249e+00  1.07254267e+00
  1.45093751e+00  1.05950296e+00  1.48573256e+00  1.04999995e+00  1.53062499e+00
  1.03810275e+00  1.58375001e+00  1.02062571e+00  1.63664460e+00  1.00000000e+00
  1.66343749e+00  9.89067495e-01  1.71656251e+00  9.63442743e-01  1.74312496e+00
  9.48850214e-01  1.79624999e+00  9.17056620e-01  1.82281256e+00  8.98716152e-01
  1.87593746e+00  8.58644128e-01  1.90250003e+00  8.36681128e-01  1.94255567e+00
  8.00000012e-01  1.98218751e+00  7.60722935e-01  2.00874996e+00  7.32089937e-01
  2.03600335e+00  6.99999988e-01  2.07552671e+00  6.49999976e-01  2.11015558e+00
  6.00000024e-01  2.14031839e+00  5.50000012e-01  2.16666532e+00  5.00000000e-01
  2.18989897e+00  4.49999988e-01  2.21068239e+00  4.00000006e-01  2.22955465e+00
  3.49999994e-01  2.24781251e+00  2.97654212e-01  2.27437496e+00  2.07585499e-01
  2.28844070e+00  1.50000006e-01  2.30093741e+00  5.88640869e-02  2.30327535e+00
  0.00000000e+00  2.30088043e+00 -5.00000007e-02  2.28579259e+00 -1.50000006e-01
  2.27322721e+00 -2.00000003e-01  2.24781251e+00 -2.80491352e-01  2.22212839e+00
 -3.49999994e-01  2.20197129e+00 -4.00000006e-01  2.17970324e+00 -4.49999988e-01
  2.15463424e+00 -5.00000000e-01  2.12592697e+00 -5.50000012e-01  2.09269524e+00
 -6.00000024e-01  2.06187510e+00 -6.41162515e-01  2.03531241e+00 -6.72587454e-01
  2.00874996e+00 -7.00644910e-01  1.95696270e+00 -7.50000000e-01  1.92906249e+00
 -7.74318874e-01  1.89499402e+00 -8.00000012e-01  1.84937501e+00 -8.31531882e-01
  1.81717193e+00 -8.50000024e-01  1.76968753e+00 -8.75242293e-01  1.71656251e+00
 -8.97363603e-01  1.69000006e+00 -9.06825721e-01  1.63687503e+00 -9.23142433e-01
  1.58375001e+00 -9.34774339e-01  1.53062499e+00 -9.41809714e-01  1.47749996e+00
 -9.44026113e-01  1.42437506e+00 -9.40498590e-01  1.37125003e+00 -9.29103017e-01
  1.31812501e+00 -9.05595243e-01  1.29156256e+00 -8.88669252e-01  1.25071764e+00
 -8.50000024e-01  1.21389747e+00 -8.00000012e-01  1.18696463e+00 -7.50000000e-01
  1.16559875e+00 -6.99999988e-01  1.14781952e+00 -6.49999976e-01  1.13218749e+00
 -5.99008799e-01  1.10686493e+00 -5.00000000e-01  1.09582639e+00 -4.49999988e-01
  1.07906246e+00 -3.63333076e-01  1.06844342e+00 -3.00000012e-01  1.05567086e+00
 -2.00000003e-01  1.05121171e+00 -1.50000006e-01  1.04570615e+00 -5.00000007e-02
  1.04477417e+00  0.00000000e+00
  1.01600003e+00  0.00000000e+00  1.01600003e+00  9.63999987e-01  1.01800001e+00
  9.67999995e-01  1.01800001e+00  1.00100005e+00  1.01800001e+00  1.01900005e+00
  1.01800001e+00  1.07700002e+00  1.01800001e+00  1.07000005e+00  1.01800001e+00
  1.09599996e+00  1.01800001e+00  1.11300004e+00  1.01800001e+00  1.13800001e+00
  1.01600003e+00  1.14699996e+00  1.01199996e+00  1.16499996e+00  1.00100005e+00
  1.21700001e+00  1.02900004e+00  1.21700001e+00  1.04200006e+00  1.16240001e+00
  1.04600000e+00  1.16237998e+00  1.05599999e+00  1.16260004e+00  1.09700000e+00
  1.16450000e+00  1.10800004e+00  1.16594005e+00  1.11600006e+00  1.16591001e+00
  1.13399994e+00  1.16895998e+00  1.14800000e+00  1.17174995e+00  1.16199994e+00
  1.17556000e+00  1.18099999e+00  1.18299997e+00  1.18200004e+00  1.18350005e+00
  1.18499994e+00  1.18499994e+00  1.19000006e+00  1.18799996e+00  1.19500005e+00
  1.19099998e+00  1.20099998e+00  1.19599998e+00  1.20899999e+00  1.20200002e+00
  1.21500003e+00  1.20799994e+00  1.22200000e+00  1.21399999e+00  1.22800004e+00
  1.22099996e+00  1.23399997e+00  1.23099995e+00  1.23899996e+00  1.23800004e+00
  1.24199998e+00  1.24399996e+00  1.24800003e+00  1.25399995e+00  1.25800002e+00
  1.27800000e+00  1.26300001e+00  1.28999996e+00  1.27999997e+00  1.33099997e+00
  1.27999997e+00  1.34700000e+00  1.27999997e+00  1.34800005e+00  1.30999994e+00
  1.34800005e+00  1.32799995e+00  1.34800005e+00  1.36099994e+00  1.34800005e+00
  1.38000000e+00  1.34800005e+00  1.41900003e+00  1.34800005e+00  1.41900003e+00
  1.30999994e+00  1.37199998e+00  1.30999994e+00  1.37199998e+00  1.29200006e+00
  1.60800004e+00  1.09500003e+00  1.64699996e+00  1.07700002e+00  1.78499997e+00
  1.07700002e+00  2.06999993e+00  1.03999996e+00  2.12800002e+00  9.92999971e-01
  2.24499989e+00  7.08999991e-01  2.32299995e+00  5.18999994e-01  2.37700009e+00
  3.88999999e-01  2.35200000e+00  4.00000006e-01  2.35100007e+00  3.37000012e-01
  2.35100007e+00  2.04999998e-01  2.35400009e+00  6.80000037e-02  2.35400009e+00
  0.00000000e+00  2.35400009e+00 -6.80000037e-02  2.35299993e+00 -2.04999998e-01
  2.35100007e+00 -3.37000012e-01  2.35299993e+00 -4.00000006e-01  2.37700009e+00
 -3.88999999e-01  2.13400006e+00 -9.72999990e-01  1.78600001e+00 -1.17400002e+00
  1.76800001e+00 -1.21099997e+00  1.76800001e+00 -1.25399995e+00  1.68200004e+00
 -1.25399995e+00  1.67400002e+00 -1.26199996e+00  1.67400002e+00 -1.32900000e+00
  1.68099999e+00 -1.33899999e+00  1.75399995e+00 -1.33899999e+00  1.75399995e+00
 -1.36800003e+00  1.68900001e+00 -1.36800003e+00  1.68900001e+00 -1.36600006e+00
  1.55499995e+00 -1.36600006e+00  1.41199994e+00 -1.36600006e+00  1.27300000e+00
 -1.36600006e+00  1.15300000e+00 -1.36600006e+00  1.01600003e+00 -1.22899997e+00
  1.01600003e+00 -8.00000012e-01  1.01600003e+00 -4.14999992e-01  1.01600003e+00
 -4.00000006e-01  1.01600003e+00  0.00000000e+00
    0 0.000000000e+00    0
  0.00000000e+00  1.29859164e-01  1.84201106e-01  2.24315852e-01  2.59079427e-01
  2.89104372e-01  3.15965295e-01  3.40006113e-01  3.62183571e-01  3.82544726e-01
  4.01605427e-01  4.19468224e-01  4.36270654e-01  4.52321112e-01  4.67543840e-01
  4.82158333e-01  4.96163636e-01  5.09716868e-01  5.22766888e-01  5.35404205e-01
  5.47739625e-01  5.59688270e-01  5.71344972e-01  5.82784534e-01  5.93931079e-01
  6.04875326e-01  6.15614712e-01  6.26179755e-01  6.36574090e-01  6.46808982e-01
  6.56923711e-01  6.66888595e-01  6.76736712e-01  6.86498344e-01  6.96163177e-01
  7.05729961e-01  7.15209126e-01  7.24630117e-01  7.34004915e-01  7.43314028e-01
  7.52572000e-01  7.61807740e-01  7.71001518e-01  7.80194402e-01  7.89372742e-01
  7.98545718e-01  8.07740152e-01  8.16961408e-01  8.26191604e-01  8.35503101e-01
  8.44847858e-01  8.54270756e-01  8.63821626e-01  8.73444140e-01  8.83233070e-01
  8.93132687e-01  9.03251410e-01  9.13611233e-01  9.24230516e-01  9.35150027e-01
  9.46417272e-01  9.58265483e-01  9.70766425e-01  9.84176278e-01  1.00000000e+00
    0
