   EFIT?   05/12/98      #102940   696             3  65  65
  1.70000005e+00  3.20000005e+00  1.69550002e+00  8.39999974e-01  0.00000000e+00
  1.77447009e+00  5.38609643e-03 -2.86824197e-01 -1.15463570e-01 -2.00322080e+00
  1.03081712e+06 -2.86824197e-01  0.00000000e+00  1.77447009e+00  0.00000000e+00
  5.38609643e-03  0.00000000e+00 -1.15463570e-01  0.00000000e+00  0.00000000e+00
 -3.41844630e+00 -3.42172122e+00 -3.42448807e+00 -3.42679048e+00 -3.42866755e+00
 -3.43015575e+00 -3.43128800e+00 -3.43209481e+00 -3.43260431e+00 -3.43284273e+00
 -3.43283415e+00 -3.43260145e+00 -3.43216586e+00 -3.43154764e+00 -3.43076587e+00
 -3.42983866e+00 -3.42878413e+00 -3.42761946e+00 -3.42636132e+00 -3.42502689e+00
 -3.42363286e+00 -3.42219520e+00 -3.42072868e+00 -3.41924691e+00 -3.41776204e+00
 -3.41628504e+00 -3.41482592e+00 -3.41339350e+00 -3.41199541e+00 -3.41063929e+00
 -3.40933084e+00 -3.40807629e+00 -3.40687990e+00 -3.40574598e+00 -3.40467811e+00
 -3.40367913e+00 -3.40275145e+00 -3.40189672e+00 -3.40111661e+00 -3.40041137e+00
 -3.39978123e+00 -3.39922595e+00 -3.39874434e+00 -3.39833546e+00 -3.39799690e+00
 -3.39772630e+00 -3.39752030e+00 -3.39737511e+00 -3.39728642e+00 -3.39724898e+00
 -3.39725685e+00 -3.39730334e+00 -3.39738083e+00 -3.39748096e+00 -3.39759421e+00
 -3.39771008e+00 -3.39781690e+00 -3.39790154e+00 -3.39794993e+00 -3.39794588e+00
 -3.39787197e+00 -3.39770889e+00 -3.39743567e+00 -3.39702821e+00 -3.39646101e+00
  3.30524766e+04  2.93865449e+04  2.61307227e+04  2.32539551e+04  2.07267266e+04
  1.85210020e+04  1.66101582e+04  1.49689326e+04  1.35733623e+04  1.24007324e+04
  1.14295283e+04  1.06393857e+04  1.00110469e+04  9.52632031e+03  9.16803613e+03
  8.92001367e+03  8.76702246e+03  8.69474902e+03  8.68976758e+03  8.73950879e+03
  8.83223047e+03  8.95699512e+03  9.10364648e+03  9.26278027e+03  9.42573438e+03
  9.58455957e+03  9.73200781e+03  9.86151465e+03  9.96718652e+03  1.00437832e+04
  1.00867129e+04  1.00920156e+04  1.00563604e+04  9.97703223e+03  9.85193066e+03
  9.67956348e+03  9.45904297e+03  9.19008496e+03  8.87300684e+03  8.50872852e+03
  8.09877734e+03  7.64528711e+03  7.15100537e+03  6.61929883e+03  6.05416113e+03
  5.46022070e+03  4.84275195e+03  4.20768604e+03  3.56162451e+03  2.91185327e+03
  2.26635962e+03  1.63384827e+03  1.02376184e+03  4.46300751e+02 -8.75538635e+01
 -5.66016296e+02 -9.76470276e+02 -1.30544116e+03 -1.53856653e+03 -1.66056445e+03
 -1.65519983e+03 -1.50524902e+03 -1.19246155e+03 -6.97520630e+02  0.00000000e+00
  4.51971102e+00  3.84620523e+00  3.22869897e+00  2.66258621e+00  2.14371276e+00
  1.66833997e+00  1.23311162e+00  8.35024953e-01  4.71403569e-01  1.39874399e-01
 -1.61653459e-01 -4.35006976e-01 -6.81765318e-01 -9.03273821e-01 -1.10065556e+00
 -1.27482164e+00 -1.42647874e+00 -1.55613565e+00 -1.66410768e+00 -1.75051951e+00
 -1.81550515e+00 -1.86048388e+00 -1.88735878e+00 -1.89787722e+00 -1.89364243e+00
 -1.87612796e+00 -1.84669065e+00 -1.80658221e+00 -1.75696099e+00 -1.69890106e+00
 -1.63340271e+00 -1.56140065e+00 -1.48377240e+00 -1.40134585e+00 -1.31490707e+00
 -1.22520638e+00 -1.13296568e+00 -1.03888452e+00 -9.43646193e-01 -8.47923875e-01
 -7.52386391e-01 -6.57704294e-01 -5.64555645e-01 -4.73631829e-01 -3.85644078e-01
 -3.01329225e-01 -2.21456513e-01 -1.46834224e-01 -7.83168375e-02 -1.68125033e-02
  3.67089249e-02  8.12073871e-02  1.15563460e-01  1.38568521e-01  1.48914084e-01
  1.45180359e-01  1.25823677e-01  8.91629979e-02  3.33650485e-02 -4.35717441e-02
 -1.43834889e-01 -2.69817054e-01 -4.24137145e-01 -6.09663248e-01 -8.29538047e-01
 -1.44871400e+06 -1.28959962e+06 -1.14237812e+06 -1.00646094e+06 -8.81284812e+05
 -7.66309938e+05 -6.61018812e+05 -5.64915375e+05 -4.77523688e+05 -3.98386938e+05
 -3.27066438e+05 -2.63140781e+05 -2.06204703e+05 -1.55868359e+05 -1.11756383e+05
 -7.35070938e+04 -4.07717109e+04 -1.32135469e+04  9.49269141e+03  2.76616406e+04
  4.15979648e+04  5.15970273e+04  5.79455352e+04  6.09221758e+04  6.07982305e+04
  5.78381523e+04  5.23001758e+04  4.44368672e+04  3.44956758e+04  2.27194922e+04
  9.34716895e+03 -5.38594580e+03 -2.12474961e+04 -3.80076055e+04 -5.54383750e+04
 -7.33133750e+04 -9.14071484e+04 -1.09494734e+05 -1.27351148e+05 -1.44750891e+05
 -1.61467469e+05 -1.77272875e+05 -1.91937141e+05 -2.05227719e+05 -2.16909109e+05
 -2.26742250e+05 -2.34484000e+05 -2.39886641e+05 -2.42697328e+05 -2.42657484e+05
 -2.39502297e+05 -2.32960094e+05 -2.22751766e+05 -2.08590156e+05 -1.90179375e+05
 -1.67214250e+05 -1.39379578e+05 -1.06349445e+05 -6.77865312e+04 -2.33413438e+04
  2.73485156e+04  8.46591875e+04  1.48981344e+05  2.20721109e+05  3.00300844e+05
 -8.36215019e-02 -8.97785574e-02 -9.63450745e-02 -1.03251360e-01 -1.10353328e-01
 -1.17414445e-01 -1.23895735e-01 -1.29597768e-01 -1.36461064e-01 -1.24626391e-01
 -1.17831476e-01 -1.12867132e-01 -1.09748691e-01 -1.05696477e-01 -9.94341969e-02
 -9.54163969e-02 -8.98687392e-02 -8.22073519e-02 -7.65980482e-02 -6.83947578e-02
 -5.76954149e-02 -4.78543714e-02 -3.82656008e-02 -2.85745375e-02 -1.85112767e-02
 -7.81557430e-03  3.81633011e-03  1.67905949e-02  3.16992030e-02  4.92455065e-02
  6.57314360e-02  7.47577921e-02  8.32675546e-02  8.41575265e-02  8.45151693e-02
  7.61941522e-02  6.71677142e-02  6.06709756e-02  5.60497381e-02  5.27841672e-02
  5.05355410e-02  4.90749516e-02  4.82408069e-02  4.79142927e-02  4.80046012e-02
  4.84396033e-02  4.91598211e-02  5.01144193e-02  5.12585230e-02  5.25514558e-02
  5.39555736e-02  5.54356165e-02  5.69583848e-02  5.84927015e-02  6.00095987e-02
  6.14826418e-02  6.28883243e-02  6.42064735e-02  6.54205978e-02  6.65181205e-02
  6.74904659e-02  6.83329627e-02  6.90445825e-02  6.96275383e-02  7.00867400e-02
 -8.94187689e-02 -9.68281627e-02 -1.05138883e-01 -1.14462249e-01 -1.24554023e-01
 -1.34729892e-01 -1.47164479e-01 -1.46632805e-01 -1.45366848e-01 -1.34413660e-01
 -1.25142202e-01 -1.18060701e-01 -1.12442151e-01 -1.06955282e-01 -1.01121940e-01
 -9.57144052e-02 -8.97349790e-02 -8.29767510e-02 -7.62583986e-02 -6.84524328e-02
 -5.94968200e-02 -5.03919572e-02 -4.11668904e-02 -3.16765197e-02 -2.17378810e-02
 -1.11328484e-02  4.15696442e-04  1.32895755e-02  2.80570425e-02  4.54844162e-02
  6.21757098e-02  7.08192661e-02  7.97893628e-02  8.04214403e-02  8.14377815e-02
  7.30558261e-02  6.43793195e-02  5.82367219e-02  5.39229177e-02  5.09394817e-02
  4.89654914e-02  4.77834046e-02  4.72384840e-02  4.72157635e-02  4.76261899e-02
  4.83978987e-02  4.94705141e-02  5.07912859e-02  5.23124710e-02  5.39895855e-02
  5.57802618e-02  5.76436445e-02  5.95402159e-02  6.14319891e-02  6.32830113e-02
  6.50600716e-02  6.67335391e-02  6.82781860e-02  6.96739182e-02  7.09062591e-02
  7.19665065e-02  7.28516057e-02  7.35637024e-02  7.41093606e-02  7.44987279e-02
 -9.33721513e-02 -1.01529755e-01 -1.11032799e-01 -1.22525886e-01 -1.37044996e-01
 -1.45328984e-01 -1.50165826e-01 -1.46969333e-01 -1.41192853e-01 -1.32549793e-01
 -1.24433801e-01 -1.17437750e-01 -1.11206777e-01 -1.05374485e-01 -9.96783450e-02
 -9.39484015e-02 -8.80253837e-02 -8.17953572e-02 -7.51872882e-02 -6.81222975e-02
 -6.05889671e-02 -5.26548363e-02 -4.43654247e-02 -3.57046686e-02 -2.66089924e-02
 -1.69845428e-02 -6.71926839e-03  4.30121971e-03  1.61448848e-02  2.85770167e-02
  3.98923792e-02  4.83450107e-02  5.46594895e-02  5.77446669e-02  5.85691482e-02
  5.61596528e-02  5.25638312e-02  4.94669788e-02  4.71307673e-02  4.55322415e-02
  4.45977375e-02  4.42479625e-02  4.44094874e-02  4.50170413e-02  4.60127965e-02
  4.73447479e-02  4.89649586e-02  5.08279577e-02  5.28893732e-02  5.51049225e-02
  5.74297048e-02  5.98179437e-02  6.22231402e-02  6.45987540e-02  6.68993071e-02
  6.90818727e-02  7.11077824e-02  7.29443431e-02  7.45662674e-02  7.59567022e-02
  7.71076307e-02  7.80195668e-02  7.87006989e-02  7.91654512e-02  7.94328675e-02
 -9.49031338e-02 -1.02703944e-01 -1.11558154e-01 -1.21948741e-01 -1.33884996e-01
 -1.38868317e-01 -1.38361067e-01 -1.34831801e-01 -1.29797623e-01 -1.24454997e-01
 -1.18986696e-01 -1.13571063e-01 -1.08271241e-01 -1.03050709e-01 -9.78316590e-02
 -9.25290361e-02 -8.70637372e-02 -8.13690200e-02 -7.53935426e-02 -6.91030771e-02
 -6.24827817e-02 -5.55335097e-02 -4.82603163e-02 -4.06631939e-02 -3.27368826e-02
 -2.44796034e-02 -1.59105025e-02 -7.09975092e-03  1.78262347e-03  1.04101989e-02
  1.83162931e-02  2.50666644e-02  3.03939022e-02  3.41857597e-02  3.64943258e-02
  3.75489146e-02  3.77823673e-02  3.76791321e-02  3.75901461e-02  3.77122499e-02
  3.81401479e-02  3.89111154e-02  4.00315262e-02  4.14910838e-02  4.32702079e-02
  4.53436002e-02  4.76818234e-02  5.02516702e-02  5.30159920e-02  5.59332408e-02
  5.89570738e-02  6.20362237e-02  6.51149228e-02  6.81340769e-02  7.10333213e-02
  7.37538785e-02  7.62419403e-02  7.84521475e-02  8.03506300e-02  8.19170699e-02
  8.31455216e-02  8.40437859e-02  8.46315399e-02  8.49374756e-02  8.49960595e-02
 -9.46967900e-02 -1.01288147e-01 -1.07990928e-01 -1.14726730e-01 -1.20809443e-01
 -1.23692408e-01 -1.23536110e-01 -1.21999241e-01 -1.19489923e-01 -1.16294749e-01
 -1.12649769e-01 -1.08716175e-01 -1.04589060e-01 -1.00310527e-01 -9.58858654e-02
 -9.12990421e-02 -8.65245014e-02 -8.15351978e-02 -7.63077438e-02 -7.08254501e-02
 -6.50797337e-02 -5.90697750e-02 -5.28013594e-02 -4.62864973e-02 -3.95455211e-02
 -3.26126218e-02 -2.55447514e-02 -1.84327215e-02 -1.14105130e-02 -4.65457560e-03
  1.63619092e-03  7.27796089e-03  1.21393427e-02  1.61646549e-02  1.93835348e-02
  2.19084062e-02  2.39152852e-02  2.56061740e-02  2.71684024e-02  2.87507251e-02
  3.04590296e-02  3.23627330e-02  3.45036946e-02  3.69039550e-02  3.95712666e-02
  4.25026231e-02  4.56862114e-02  4.91021238e-02  5.27222194e-02  5.65093607e-02
  6.04163893e-02  6.43852353e-02  6.83467463e-02  7.22219199e-02  7.59250671e-02
  7.93690830e-02  8.24723169e-02  8.51658434e-02  8.73998925e-02  8.91482756e-02
  9.04100314e-02  9.12079364e-02  9.15843248e-02  9.15947482e-02  9.13011134e-02
 -9.47047472e-02 -1.00278988e-01 -1.04691654e-01 -1.08142912e-01 -1.10791661e-01
 -1.12435922e-01 -1.12964600e-01 -1.12496451e-01 -1.11221857e-01 -1.09313980e-01
 -1.06915079e-01 -1.04135007e-01 -1.01051949e-01 -9.77159739e-02 -9.41545144e-02
 -9.03787687e-02 -8.63897279e-02 -8.21832716e-02 -7.77541623e-02 -7.30988458e-02
 -6.82174116e-02 -6.31148294e-02 -5.78019246e-02 -5.22966087e-02 -4.66257073e-02
 -4.08275500e-02 -3.49548645e-02 -2.90769730e-02 -2.32794881e-02 -1.76597368e-02
 -1.23169385e-02 -7.33862026e-03 -2.78676697e-03  1.31263584e-03  4.97434568e-03
  8.25193524e-03  1.12293037e-02  1.40074538e-02  1.66902635e-02  1.93732250e-02
  2.21370757e-02  2.50458699e-02  2.81478260e-02  3.14773321e-02  3.50570604e-02
  3.88995856e-02  4.30082157e-02  4.73769493e-02  5.19893914e-02  5.68166822e-02
  6.18143752e-02  6.69187307e-02  7.20433742e-02  7.70781040e-02  8.18924382e-02
  8.63452405e-02  9.02996287e-02  9.36395079e-02  9.62836221e-02  9.81948078e-02
  9.93834138e-02  9.99043286e-02  9.98472422e-02  9.93215069e-02  9.84398276e-02
 -9.71736982e-02 -1.03931256e-01 -1.03907943e-01 -1.04038179e-01 -1.04927368e-01
 -1.05643868e-01 -1.05932422e-01 -1.05716445e-01 -1.05001912e-01 -1.03831798e-01
 -1.02260567e-01 -1.00340880e-01 -9.81172025e-02 -9.56235528e-02 -9.28836688e-02
 -8.99126455e-02 -8.67192075e-02 -8.33081231e-02 -7.96824992e-02 -7.58456886e-02
 -7.18028843e-02 -6.75623938e-02 -6.31368086e-02 -5.85440136e-02 -5.38082235e-02
 -4.89609055e-02 -4.40413319e-02 -3.90962660e-02 -3.41783576e-02 -2.93428265e-02
 -2.46425029e-02 -2.01218817e-02 -1.58113111e-02 -1.17225507e-02 -7.84666184e-03
 -4.15472873e-03 -6.01211854e-04  2.87081720e-03  6.32376364e-03  9.82015021e-03
  1.34186279e-02  1.71716101e-02  2.11242847e-02  2.53145695e-02  2.97734924e-02
  3.45256142e-02  3.95890996e-02  4.49750945e-02  5.06859981e-02  5.67119867e-02
  6.30250126e-02  6.95692673e-02  7.62479678e-02  8.29093754e-02  8.93419534e-02
  9.52919126e-02  1.00503005e-01  1.04760550e-01  1.07920170e-01  1.09922841e-01
  1.10801741e-01  1.10681020e-01  1.09758876e-01  1.08264767e-01  1.06409892e-01
 -9.16021988e-02 -9.59485918e-02 -9.84144360e-02 -9.95789021e-02 -1.00221366e-01
 -1.00620680e-01 -1.00791991e-01 -1.00699849e-01 -1.00318998e-01 -9.96423587e-02
 -9.86762121e-02 -9.74339321e-02 -9.59311426e-02 -9.41825658e-02 -9.22005177e-02
 -8.99944827e-02 -8.75714347e-02 -8.49366337e-02 -8.20945799e-02 -7.90500641e-02
 -7.58090839e-02 -7.23797530e-02 -6.87730089e-02 -6.50032759e-02 -6.10889122e-02
 -5.70524000e-02 -5.29201888e-02 -4.87219989e-02 -4.44894433e-02 -4.02539968e-02
 -3.60443778e-02 -3.18836682e-02 -2.77866181e-02 -2.37576067e-02 -1.97896045e-02
 -1.58643592e-02 -1.19537078e-02 -8.02175235e-03 -4.02745372e-03  7.28274608e-05
  4.32320125e-03  8.76674708e-03  1.34446751e-02  1.83960609e-02  2.36580055e-02
  2.92660240e-02  3.52544747e-02  4.16567251e-02  4.85046878e-02  5.58269061e-02
  6.36435449e-02  7.19546378e-02  8.07132050e-02  8.97667781e-02  9.87600461e-02
  1.07156463e-01  1.14379011e-01  1.20040372e-01  1.23883903e-01  1.25811785e-01
  1.25881195e-01  1.24315925e-01  1.21607840e-01  1.18348680e-01  1.14926144e-01
 -9.18200240e-02 -9.75402892e-02 -9.68791395e-02 -9.60874707e-02 -9.61796939e-02
 -9.64142531e-02 -9.66170952e-02 -9.67122018e-02 -9.66542885e-02 -9.64148715e-02
 -9.59772393e-02 -9.53330174e-02 -9.44791734e-02 -9.34157372e-02 -9.21441540e-02
 -9.06663239e-02 -8.89841691e-02 -8.70996043e-02 -8.50147828e-02 -8.27324688e-02
 -8.02564770e-02 -7.75921494e-02 -7.47467056e-02 -7.17295781e-02 -6.85525313e-02
 -6.52296618e-02 -6.17770478e-02 -5.82122058e-02 -5.45531213e-02 -5.08170538e-02
 -4.70190831e-02 -4.31706198e-02 -3.92780043e-02 -3.53414677e-02 -3.13545354e-02
 -2.73039583e-02 -2.31701974e-02 -1.89282857e-02 -1.45489173e-02 -9.99956485e-03
 -5.24543412e-03 -2.50123558e-04  5.02411369e-03  1.06165269e-02  1.65684782e-02
  2.29245145e-02  2.97339596e-02  3.70531045e-02  4.49481942e-02  5.34995496e-02
  6.28073439e-02  7.30001852e-02  8.42482299e-02  9.67793092e-02  1.10801473e-01
  1.24877505e-01  1.34483159e-01  1.42883733e-01  1.47491187e-01  1.48988768e-01
  1.48027897e-01  1.41739890e-01  1.34910509e-01  1.28650308e-01  1.23014450e-01
 -8.49584788e-02 -8.87812003e-02 -9.07418355e-02 -9.15232599e-02 -9.19838101e-02
 -9.24249589e-02 -9.28735435e-02 -9.32917520e-02 -9.36363861e-02 -9.38718095e-02
 -9.39714313e-02 -9.39163342e-02 -9.36934724e-02 -9.32938904e-02 -9.27114114e-02
 -9.19415951e-02 -9.09811929e-02 -8.98277536e-02 -8.84795636e-02 -8.69357362e-02
 -8.51963088e-02 -8.32624733e-02 -8.11367407e-02 -7.88230300e-02 -7.63267204e-02
 -7.36545622e-02 -7.08144307e-02 -6.78149313e-02 -6.46648332e-02 -6.13723435e-02
 -5.79442792e-02 -5.43852262e-02 -5.06967418e-02 -4.68767323e-02 -4.29190286e-02
 -3.88132446e-02 -3.45448591e-02 -3.00954655e-02 -2.54431553e-02 -2.05628704e-02
 -1.54266860e-02 -1.00038843e-02 -4.26074723e-03  1.84001657e-03  8.34031776e-03
  1.52883343e-02  2.27409843e-02  3.07675730e-02  3.94552574e-02  4.89174351e-02
  5.93072288e-02  7.08402917e-02  8.38355869e-02  9.87869725e-02  1.16383828e-01
  1.35465622e-01  1.48620978e-01  1.59135342e-01  1.65519059e-01  1.66835994e-01
  1.65641934e-01  1.56674281e-01  1.45827755e-01  1.36460289e-01  1.28685638e-01
 -8.24760497e-02 -8.71702135e-02 -8.74963999e-02 -8.71759579e-02 -8.76475051e-02
 -8.84103402e-02 -8.92852172e-02 -9.01827067e-02 -9.10463333e-02 -9.18365568e-02
 -9.25245360e-02 -9.30887088e-02 -9.35126841e-02 -9.37836990e-02 -9.38914940e-02
 -9.38275009e-02 -9.35843512e-02 -9.31554809e-02 -9.25350562e-02 -9.17179286e-02
 -9.06997025e-02 -8.94768462e-02 -8.80467370e-02 -8.64077210e-02 -8.45591202e-02
 -8.25011954e-02 -8.02350715e-02 -7.77625218e-02 -7.50856623e-02 -7.22065717e-02
 -6.91267997e-02 -6.58468306e-02 -6.23655654e-02 -5.86798415e-02 -5.47841080e-02
 -5.06702550e-02 -4.63275276e-02 -4.17424962e-02 -3.68990600e-02 -3.17784362e-02
 -2.63590869e-02 -2.06165183e-02 -1.45228636e-02 -8.04619770e-03 -1.14946638e-03
  6.21108105e-03  1.40881520e-02  2.25466248e-02  3.16681154e-02  4.15574722e-02
  5.23518734e-02  6.42330945e-02  7.74423778e-02  9.22959745e-02  1.09217927e-01
  1.28822759e-01  1.46942481e-01  1.56533152e-01  1.66511565e-01  1.67575881e-01
  1.67477489e-01  1.61599860e-01  1.49251342e-01  1.38331026e-01  1.29577771e-01
 -7.41196945e-02 -7.75667205e-02 -7.96933025e-02 -8.11634734e-02 -8.26261118e-02
 -8.41682553e-02 -8.57411772e-02 -8.72984752e-02 -8.88063461e-02 -9.02394578e-02
 -9.15777981e-02 -9.28048193e-02 -9.39063504e-02 -9.48698968e-02 -9.56840590e-02
 -9.63380858e-02 -9.68216434e-02 -9.71245766e-02 -9.72369090e-02 -9.71489772e-02
 -9.68516618e-02 -9.63364840e-02 -9.55955610e-02 -9.46216062e-02 -9.34080184e-02
 -9.19489935e-02 -9.02396217e-02 -8.82759243e-02 -8.60548168e-02 -8.35739747e-02
 -8.08315352e-02 -7.78257400e-02 -7.45543838e-02 -7.10143074e-02 -6.72010332e-02
 -6.31088391e-02 -5.87306544e-02 -5.40578179e-02 -4.90798689e-02 -4.37843613e-02
 -3.81566845e-02 -3.21798027e-02 -2.58338880e-02 -1.90958399e-02 -1.19385840e-02
 -4.33017360e-03  3.76739353e-03  1.23996511e-02  2.16214173e-02  3.14987376e-02
  4.21106741e-02  5.35503961e-02  6.59245700e-02  7.93510899e-02  9.39642712e-02
  1.10034443e-01  1.28884554e-01  1.39726982e-01  1.46431774e-01  1.54480547e-01
  1.50666371e-01  1.52734965e-01  1.41601190e-01  1.31448910e-01  1.24076590e-01
 -6.58247322e-02 -6.86555877e-02 -7.17049092e-02 -7.46895149e-02 -7.74375126e-02
 -7.99952522e-02 -8.24208111e-02 -8.47429931e-02 -8.69712606e-02 -8.91051590e-02
 -9.11393240e-02 -9.30658877e-02 -9.48755592e-02 -9.65581387e-02 -9.81026217e-02
 -9.94971916e-02 -1.00729138e-01 -1.01784818e-01 -1.02649756e-01 -1.03308745e-01
 -1.03747822e-01 -1.03953674e-01 -1.03913136e-01 -1.03613049e-01 -1.03040554e-01
 -1.02183469e-01 -1.01030745e-01 -9.95728597e-02 -9.78021026e-02 -9.57127437e-02
 -9.33009759e-02 -9.05645788e-02 -8.75020996e-02 -8.41115415e-02 -8.03892165e-02
 -7.63320401e-02 -7.19373003e-02 -6.72018379e-02 -6.21212684e-02 -5.66900149e-02
 -5.09011634e-02 -4.47462425e-02 -3.82150710e-02 -3.12955752e-02 -2.39736773e-02
 -1.62331555e-02 -8.05568043e-03  5.78909763e-04  9.69181675e-03  1.93035379e-02
  2.94304285e-02  4.00783084e-02  5.12308143e-02  6.28277287e-02  7.47208968e-02
  8.65717083e-02  9.76594090e-02  1.06991813e-01  1.14132836e-01  1.18960142e-01
  1.21371023e-01  1.21583402e-01  1.19765684e-01  1.16703749e-01  1.13354638e-01
 -5.90178110e-02 -6.13717400e-02 -6.54514804e-02 -6.95268288e-02 -7.31321424e-02
 -7.64839873e-02 -7.96656311e-02 -8.27175900e-02 -8.56606364e-02 -8.85041580e-02
 -9.12503675e-02 -9.38967690e-02 -9.64375883e-02 -9.88645628e-02 -1.01167217e-01
 -1.03332937e-01 -1.05346777e-01 -1.07191287e-01 -1.08846977e-01 -1.10286273e-01
 -1.11492425e-01 -1.12449266e-01 -1.13138661e-01 -1.13540776e-01 -1.13635048e-01
 -1.13401443e-01 -1.12821467e-01 -1.11879118e-01 -1.10561624e-01 -1.08860135e-01
 -1.06770255e-01 -1.04292206e-01 -1.01429917e-01 -9.81866419e-02 -9.45511982e-02
 -9.05239135e-02 -8.61095488e-02 -8.13128203e-02 -7.61354417e-02 -7.05790594e-02
 -6.46451190e-02 -5.83342463e-02 -5.16463704e-02 -4.45809588e-02 -3.71372849e-02
 -2.93148831e-02 -2.11143363e-02 -1.25385048e-02 -3.59453424e-03  5.70305111e-03
  1.53275998e-02  2.52331812e-02  3.53440493e-02  4.55397405e-02  5.56363203e-02
  6.53709546e-02  7.44119883e-02  8.24200809e-02  8.91314596e-02  9.43949148e-02
  9.81730521e-02  1.00542143e-01  1.01690084e-01  1.01903304e-01  1.01500608e-01
 -5.58190681e-02 -5.85434996e-02 -6.20443597e-02 -6.59722313e-02 -6.99493662e-02
 -7.38444254e-02 -7.76384771e-02 -8.13383386e-02 -8.49526301e-02 -8.84866118e-02
 -9.19416770e-02 -9.53158066e-02 -9.86040607e-02 -1.01798959e-01 -1.04890481e-01
 -1.07865751e-01 -1.10708050e-01 -1.13394387e-01 -1.15921460e-01 -1.18182391e-01
 -1.20194457e-01 -1.21947534e-01 -1.23417728e-01 -1.24574691e-01 -1.25386059e-01
 -1.25820234e-01 -1.25848204e-01 -1.25444934e-01 -1.24590486e-01 -1.23271219e-01
 -1.21481746e-01 -1.19228356e-01 -1.16535693e-01 -1.13460816e-01 -1.09892741e-01
 -1.05861068e-01 -1.01393573e-01 -9.65135023e-02 -9.12180617e-02 -8.55165496e-02
 -7.94210061e-02 -7.29405507e-02 -6.60845563e-02 -5.88630512e-02 -5.12871593e-02
 -4.33696732e-02 -3.51260118e-02 -2.65755989e-02 -1.77438427e-02 -8.66481103e-03
  6.15241355e-04  1.00334957e-02  1.95055678e-02  2.89207175e-02  3.81392352e-02
  4.69952933e-02  5.53087629e-02  6.29060417e-02  6.96438402e-02  7.54277408e-02
  8.02219287e-02  8.40510726e-02  8.69946405e-02  8.91728476e-02  9.07246619e-02
 -5.09580374e-02 -5.32977208e-02 -5.81975468e-02 -6.30516559e-02 -6.75519258e-02
 -7.19521120e-02 -7.62957186e-02 -8.05922896e-02 -8.48438516e-02 -8.90498459e-02
 -9.32079926e-02 -9.73144174e-02 -1.01363651e-01 -1.05348654e-01 -1.09260894e-01
 -1.13090605e-01 -1.16827518e-01 -1.20351590e-01 -1.23693593e-01 -1.26836374e-01
 -1.29752979e-01 -1.32406935e-01 -1.34755954e-01 -1.36755645e-01 -1.38362616e-01
 -1.39536723e-01 -1.40242368e-01 -1.40449390e-01 -1.40133485e-01 -1.39276519e-01
 -1.37866735e-01 -1.35899052e-01 -1.33374795e-01 -1.30299017e-01 -1.26670510e-01
 -1.22515276e-01 -1.17893562e-01 -1.12922467e-01 -1.07459202e-01 -1.01554103e-01
 -9.52499583e-02 -8.85530412e-02 -8.14807564e-02 -7.40522519e-02 -6.62885159e-02
 -5.82124889e-02 -4.98497710e-02 -4.12297323e-02 -3.23869847e-02 -2.33631525e-02
 -1.42089045e-02 -4.98600537e-03  4.23096772e-03  1.33538535e-02  2.22818945e-02
  3.09053008e-02  3.91117632e-02  4.67952751e-02  5.38656414e-02  6.02565482e-02
  6.59306869e-02  7.08811656e-02  7.51290619e-02  7.87176117e-02  8.17041472e-02
 -4.98168468e-02 -5.27209044e-02 -5.65839857e-02 -6.10813871e-02 -6.58282340e-02
 -7.06584677e-02 -7.55206123e-02 -8.03956538e-02 -8.52733403e-02 -9.01463553e-02
 -9.50085595e-02 -9.98540893e-02 -1.04676709e-01 -1.09469399e-01 -1.14224121e-01
 -1.18931606e-01 -1.23486578e-01 -1.27910018e-01 -1.32190496e-01 -1.36292055e-01
 -1.40165001e-01 -1.43753007e-01 -1.46998361e-01 -1.49845630e-01 -1.52244270e-01
 -1.54150024e-01 -1.55525476e-01 -1.56340063e-01 -1.56569630e-01 -1.56195819e-01
 -1.55205399e-01 -1.53589562e-01 -1.51343182e-01 -1.48464441e-01 -1.44955248e-01
 -1.40826195e-01 -1.36099011e-01 -1.30805716e-01 -1.24976695e-01 -1.18699789e-01
 -1.12149991e-01 -1.05161257e-01 -9.77926105e-02 -9.00719315e-02 -8.20299387e-02
 -7.36971721e-02 -6.51056468e-02 -5.62896356e-02 -4.72867563e-02 -3.81391086e-02
 -2.88943928e-02 -1.96068827e-02 -1.03379637e-02 -1.15594978e-03  7.86502659e-03
  1.66472197e-02  2.51125097e-02  3.31863165e-02  4.08016406e-02  4.79025282e-02
  5.44464290e-02  6.04051761e-02  6.57645836e-02  7.05229640e-02  7.46890530e-02
 -4.56297100e-02 -4.81991954e-02 -5.36134094e-02 -5.91007322e-02 -6.43996596e-02
 -6.97494969e-02 -7.51674548e-02 -8.06413218e-02 -8.61579254e-02 -9.17073637e-02
 -9.72824320e-02 -1.02877371e-01 -1.08486608e-01 -1.14103846e-01 -1.19722173e-01
 -1.25242472e-01 -1.30696103e-01 -1.36069611e-01 -1.41319573e-01 -1.46384180e-01
 -1.51192889e-01 -1.55673772e-01 -1.59758672e-01 -1.63386375e-01 -1.66504368e-01
 -1.69069231e-01 -1.71046272e-01 -1.72408640e-01 -1.73136145e-01 -1.73213989e-01
 -1.72631666e-01 -1.71381816e-01 -1.69459537e-01 -1.66861802e-01 -1.63587525e-01
 -1.59638554e-01 -1.55020580e-01 -1.49744838e-01 -1.43831387e-01 -1.37319282e-01
 -1.30271628e-01 -1.22767121e-01 -1.14991173e-01 -1.06859088e-01 -9.84221920e-02
 -8.97125527e-02 -8.07659701e-02 -7.16176257e-02 -6.23042695e-02 -5.28643429e-02
 -4.33390811e-02 -3.37732770e-02 -2.42155846e-02 -1.47183742e-02 -5.33713307e-03
  3.87051143e-03  1.28460368e-02  2.15313733e-02  2.98701283e-02  3.78085226e-02
  4.52959836e-02  5.22855073e-02  5.87341264e-02  6.46038279e-02  6.98631927e-02
 -4.47567850e-02 -4.78852279e-02 -5.22508100e-02 -5.75032085e-02 -6.31977022e-02
 -6.91053942e-02 -7.51340613e-02 -8.12462866e-02 -8.74259695e-02 -9.36660096e-02
 -9.99634266e-02 -1.06316932e-01 -1.12724796e-01 -1.19180851e-01 -1.25577897e-01
 -1.31969586e-01 -1.38348624e-01 -1.44666985e-01 -1.50851920e-01 -1.56818748e-01
 -1.62480727e-01 -1.67755991e-01 -1.72571912e-01 -1.76867172e-01 -1.80592373e-01
 -1.83709294e-01 -1.86189577e-01 -1.88012928e-01 -1.89165398e-01 -1.89637631e-01
 -1.89423442e-01 -1.88518703e-01 -1.86920509e-01 -1.84626684e-01 -1.81635514e-01
 -1.77945837e-01 -1.73557267e-01 -1.68470964e-01 -1.62691265e-01 -1.56229079e-01
 -1.49106339e-01 -1.41362876e-01 -1.33070886e-01 -1.24335535e-01 -1.15382373e-01
 -1.06163129e-01 -9.67326537e-02 -8.71194154e-02 -7.73585364e-02 -6.74810037e-02
 -5.75187877e-02 -4.75060865e-02 -3.74794155e-02 -2.74773799e-02 -1.75404456e-02
 -7.71078700e-03  1.96766714e-03  1.14488555e-02  2.06837449e-02  2.96190009e-02
  3.81953344e-02  4.63460460e-02  5.39967604e-02  6.10675029e-02  6.74780682e-02
 -4.03965637e-02 -4.32316139e-02 -4.87036332e-02 -5.52994125e-02 -6.19804040e-02
 -6.86713830e-02 -7.54008070e-02 -8.21869671e-02 -8.90408754e-02 -9.59710181e-02
 -1.02985740e-01 -1.10095181e-01 -1.17315091e-01 -1.24490127e-01 -1.31708518e-01
 -1.38979316e-01 -1.46256834e-01 -1.53461039e-01 -1.60494462e-01 -1.67255312e-01
 -1.73646972e-01 -1.79583877e-01 -1.84994653e-01 -1.89822987e-01 -1.94026843e-01
 -1.97576731e-01 -2.00453341e-01 -2.02645063e-01 -2.04145521e-01 -2.04951465e-01
 -2.05061123e-01 -2.04473138e-01 -2.03185871e-01 -2.01197222e-01 -1.98504716e-01
 -1.95105612e-01 -1.90997049e-01 -1.86176226e-01 -1.80640608e-01 -1.74388722e-01
 -1.67422011e-01 -1.59748688e-01 -1.51391283e-01 -1.42398015e-01 -1.32862702e-01
 -1.22933447e-01 -1.12915136e-01 -1.02710865e-01 -9.23924446e-02 -8.19650516e-02
 -7.14470297e-02 -6.08617291e-02 -5.02343513e-02 -3.95907350e-02 -2.89570522e-02
 -1.83600821e-02 -7.82803725e-03  2.60785501e-03  1.29107339e-02  2.30340939e-02
  3.29161696e-02  4.24731337e-02  5.15929945e-02  6.01345822e-02  6.79370239e-02
 -3.73312905e-02 -3.99766713e-02 -4.63900380e-02 -5.39602153e-02 -6.13746829e-02
 -6.87279999e-02 -7.60935619e-02 -8.35096017e-02 -9.10004228e-02 -9.85837430e-02
 -1.06273048e-01 -1.14077166e-01 -1.21995293e-01 -1.29944354e-01 -1.37986571e-01
 -1.46097884e-01 -1.54201090e-01 -1.62190482e-01 -1.69950411e-01 -1.77368581e-01
 -1.84344560e-01 -1.90794617e-01 -1.96653366e-01 -2.01873451e-01 -2.06423670e-01
 -2.10286126e-01 -2.13453010e-01 -2.15923160e-01 -2.17698976e-01 -2.18783766e-01
 -2.19179854e-01 -2.18887478e-01 -2.17904449e-01 -2.16226414e-01 -2.13847592e-01
 -2.10761502e-01 -2.06961855e-01 -2.02442884e-01 -1.97199285e-01 -1.91225991e-01
 -1.84517756e-01 -1.77069798e-01 -1.68880388e-01 -1.59957096e-01 -1.50328591e-01
 -1.40063018e-01 -1.29296333e-01 -1.18245795e-01 -1.07352205e-01 -9.63113084e-02
 -8.51568058e-02 -7.39127472e-02 -6.25973940e-02 -5.12250178e-02 -3.98067832e-02
 -2.83514764e-02 -1.68665089e-02 -5.35960542e-03  6.15812792e-03  1.76667012e-02
  2.91274618e-02  4.04660739e-02  5.15449867e-02  6.21306151e-02  7.18950927e-02
 -3.75564210e-02 -4.07521203e-02 -4.66014445e-02 -5.39147183e-02 -6.16110787e-02
 -6.94133118e-02 -7.72862509e-02 -8.52420703e-02 -9.33009833e-02 -1.01483613e-01
 -1.09810770e-01 -1.18307047e-01 -1.26833826e-01 -1.35494411e-01 -1.44289732e-01
 -1.53151065e-01 -1.61968499e-01 -1.70613915e-01 -1.78958461e-01 -1.86884433e-01
 -1.94292322e-01 -2.01104179e-01 -2.07264096e-01 -2.12736771e-01 -2.17504606e-01
 -2.21563861e-01 -2.24920362e-01 -2.27585122e-01 -2.29570359e-01 -2.30886295e-01
 -2.31539026e-01 -2.31529340e-01 -2.30852842e-01 -2.29500592e-01 -2.27460504e-01
 -2.24719062e-01 -2.21262962e-01 -2.17080578e-01 -2.12162688e-01 -2.06502259e-01
 -2.00093389e-01 -1.92929894e-01 -1.85004324e-01 -1.76309079e-01 -1.66841701e-01
 -1.56616852e-01 -1.45688325e-01 -1.34182185e-01 -1.22345567e-01 -1.10571787e-01
 -9.86969173e-02 -8.67314935e-02 -7.46805519e-02 -6.25435561e-02 -5.03141992e-02
 -3.79801355e-02 -2.55226400e-02 -1.29163917e-02 -1.29682216e-04  1.28743295e-02
  2.61338018e-02  3.96776460e-02  5.34929298e-02  6.74029812e-02  8.06962177e-02
 -3.52932550e-02 -3.79634537e-02 -4.55867089e-02 -5.41770905e-02 -6.24185316e-02
 -7.06384480e-02 -7.89329782e-02 -8.73403773e-02 -9.58854556e-02 -1.04588054e-01
 -1.13462672e-01 -1.22512244e-01 -1.31664425e-01 -1.40991747e-01 -1.50457829e-01
 -1.59960806e-01 -1.69365659e-01 -1.78528145e-01 -1.87311456e-01 -1.95596799e-01
 -2.03289077e-01 -2.10319072e-01 -2.16643080e-01 -2.22240433e-01 -2.27109611e-01
 -2.31263235e-01 -2.34722510e-01 -2.37511590e-01 -2.39652798e-01 -2.41162643e-01
 -2.42049605e-01 -2.42313698e-01 -2.41947040e-01 -2.40935117e-01 -2.39258513e-01
 -2.36894906e-01 -2.33821154e-01 -2.30015919e-01 -2.25462049e-01 -2.20147371e-01
 -2.14064389e-01 -2.07208544e-01 -1.99575305e-01 -1.91157505e-01 -1.81944713e-01
 -1.71927363e-01 -1.61108866e-01 -1.49529353e-01 -1.37303337e-01 -1.24668479e-01
 -1.12037390e-01 -9.93344784e-02 -8.65515321e-02 -7.36736581e-02 -6.06779829e-02
 -4.75321040e-02 -3.41920368e-02 -2.05991734e-02 -6.67586224e-03  7.68129062e-03
  2.26122830e-02  3.83141451e-02  5.50914370e-02  7.35584721e-02  9.64939669e-02
 -3.82595509e-02 -4.18980494e-02 -4.80206721e-02 -5.56869097e-02 -6.39087930e-02
 -7.23508075e-02 -8.09533447e-02 -8.97227973e-02 -9.86791477e-02 -1.07846580e-01
 -1.17255196e-01 -1.26735061e-01 -1.36422828e-01 -1.46323144e-01 -1.56352535e-01
 -1.66376263e-01 -1.76237881e-01 -1.85781270e-01 -1.94865495e-01 -2.03373760e-01
 -2.11218059e-01 -2.18340397e-01 -2.24711686e-01 -2.30328321e-01 -2.35207304e-01
 -2.39379764e-01 -2.42883727e-01 -2.45755494e-01 -2.48024344e-01 -2.49709591e-01
 -2.50819623e-01 -2.51351923e-01 -2.51294076e-01 -2.50625402e-01 -2.49319181e-01
 -2.47345075e-01 -2.44671732e-01 -2.41269052e-01 -2.37110078e-01 -2.32172564e-01
 -2.26441950e-01 -2.19911739e-01 -2.12580472e-01 -2.04447195e-01 -1.95506498e-01
 -1.85746089e-01 -1.75149709e-01 -1.63709998e-01 -1.51455209e-01 -1.38493925e-01
 -1.25077650e-01 -1.11668378e-01 -9.82072875e-02 -8.46693441e-02 -7.10199922e-02
 -5.72134256e-02 -4.31900956e-02 -2.88722795e-02 -1.41572868e-02  1.09249935e-03
  1.70639157e-02  3.40126529e-02  5.22873327e-02  7.23657683e-02  9.50416178e-02
 -3.59194465e-02 -3.87323685e-02 -4.77659404e-02 -5.70361391e-02 -6.56902343e-02
 -7.43666291e-02 -8.32063183e-02 -9.22542661e-02 -1.01532727e-01 -1.11058518e-01
 -1.20847970e-01 -1.30781889e-01 -1.40961826e-01 -1.51354820e-01 -1.61845326e-01
 -1.72274962e-01 -1.82472378e-01 -1.92274302e-01 -2.01539055e-01 -2.10154593e-01
 -2.18042314e-01 -2.25157753e-01 -2.31488869e-01 -2.37051770e-01 -2.41884544e-01
 -2.46037200e-01 -2.49560073e-01 -2.52496779e-01 -2.54880399e-01 -2.56731510e-01
 -2.58057535e-01 -2.58853048e-01 -2.59100854e-01 -2.58773714e-01 -2.57836968e-01
 -2.56251305e-01 -2.53976315e-01 -2.50973463e-01 -2.47208714e-01 -2.42654100e-01
 -2.37288177e-01 -2.31096417e-01 -2.24073932e-01 -2.16223493e-01 -2.07548484e-01
 -1.98045388e-01 -1.87699512e-01 -1.76487744e-01 -1.64393678e-01 -1.51440412e-01
 -1.37746289e-01 -1.23602331e-01 -1.09553784e-01 -9.54781324e-02 -8.13344121e-02
 -6.70713335e-02 -5.26280887e-02 -3.79298888e-02 -2.28814483e-02 -7.35827908e-03
  8.80546868e-03  2.58343853e-02  4.40329835e-02  6.37554526e-02  8.46836269e-02
 -4.18887436e-02 -4.60912883e-02 -5.21907061e-02 -5.96819632e-02 -6.79153427e-02
 -7.65705928e-02 -8.55427682e-02 -9.48037431e-02 -1.04348801e-01 -1.14177823e-01
 -1.24283135e-01 -1.34604946e-01 -1.45198017e-01 -1.55991763e-01 -1.66842461e-01
 -1.77572653e-01 -1.88000217e-01 -1.97957933e-01 -2.07305983e-01 -2.15939179e-01
 -2.23790362e-01 -2.30830729e-01 -2.37067401e-01 -2.42538467e-01 -2.47301713e-01
 -2.51419783e-01 -2.54950851e-01 -2.57943183e-01 -2.60432333e-01 -2.62439668e-01
 -2.63971865e-01 -2.65021086e-01 -2.65565962e-01 -2.65573204e-01 -2.65000105e-01
 -2.63797700e-01 -2.61915028e-01 -2.59303242e-01 -2.55919605e-01 -2.51730293e-01
 -2.46711224e-01 -2.40846962e-01 -2.34128922e-01 -2.26555839e-01 -2.18135431e-01
 -2.08875284e-01 -1.98772728e-01 -1.87809244e-01 -1.75954759e-01 -1.63187563e-01
 -1.49536490e-01 -1.35150433e-01 -1.20391779e-01 -1.05926044e-01 -9.14691836e-02
 -7.69609734e-02 -6.23539388e-02 -4.75978032e-02 -3.26331779e-02 -1.73880495e-02
 -1.77468697e-03  1.43147754e-02  3.10191605e-02  4.85376716e-02  6.69707134e-02
 -4.17116359e-02 -4.56198752e-02 -5.27978614e-02 -6.11683391e-02 -6.97355270e-02
 -7.85812959e-02 -8.77390727e-02 -9.72183272e-02 -1.07028976e-01 -1.17189519e-01
 -1.27506688e-01 -1.38129562e-01 -1.49049789e-01 -1.60155416e-01 -1.71275690e-01
 -1.82216913e-01 -1.92788914e-01 -2.02822834e-01 -2.12182596e-01 -2.20771506e-01
 -2.28535339e-01 -2.35462397e-01 -2.41580397e-01 -2.46947750e-01 -2.51635581e-01
 -2.55714834e-01 -2.59248793e-01 -2.62289017e-01 -2.64872998e-01 -2.67022967e-01
 -2.68745422e-01 -2.70031095e-01 -2.70855606e-01 -2.71180779e-01 -2.70956695e-01
 -2.70125121e-01 -2.68623829e-01 -2.66391903e-01 -2.63375372e-01 -2.59531856e-01
 -2.54833192e-01 -2.49264792e-01 -2.42822334e-01 -2.35507101e-01 -2.27324799e-01
 -2.18288705e-01 -2.08409682e-01 -1.97683737e-01 -1.86086819e-01 -1.73583329e-01
 -1.60154372e-01 -1.45852804e-01 -1.30888224e-01 -1.15729913e-01 -1.01177871e-01
 -8.65947530e-02 -7.20016435e-02 -5.73949665e-02 -4.27632183e-02 -2.80964728e-02
 -1.33963544e-02  1.30736793e-03  1.59232542e-02  3.02286223e-02  4.37644906e-02
 -4.33965586e-02 -4.76916842e-02 -5.44930063e-02 -6.26674965e-02 -7.13318810e-02
 -8.03383961e-02 -8.96749794e-02 -9.93473902e-02 -1.09365553e-01 -1.19741619e-01
 -1.30320176e-01 -1.41226143e-01 -1.52423292e-01 -1.63775921e-01 -1.75096244e-01
 -1.86180308e-01 -1.96833640e-01 -2.06888199e-01 -2.16213241e-01 -2.24721700e-01
 -2.32373163e-01 -2.39173353e-01 -2.45169863e-01 -2.50435621e-01 -2.55050570e-01
 -2.59091228e-01 -2.62624413e-01 -2.65704095e-01 -2.68369436e-01 -2.70643741e-01
 -2.72533923e-01 -2.74030238e-01 -2.75106668e-01 -2.75721550e-01 -2.75819451e-01
 -2.75334001e-01 -2.74192333e-01 -2.72321105e-01 -2.69653291e-01 -2.66135186e-01
 -2.61731327e-01 -2.56425917e-01 -2.50219643e-01 -2.43123025e-01 -2.35148937e-01
 -2.26311266e-01 -2.16629192e-01 -2.06114605e-01 -1.94759145e-01 -1.82533219e-01
 -1.69403225e-01 -1.55374914e-01 -1.40570313e-01 -1.25340179e-01 -1.10392258e-01
 -9.56667736e-02 -8.11089203e-02 -6.67030364e-02 -5.24536259e-02 -3.83822620e-02
 -2.45323405e-02 -1.09790582e-02  2.15701526e-03  1.46977324e-02  2.64097452e-02
 -4.39551920e-02 -4.82827388e-02 -5.53758964e-02 -6.38168231e-02 -7.26586655e-02
 -8.18229839e-02 -9.13183242e-02 -1.01155989e-01 -1.11347258e-01 -1.21903591e-01
 -1.32709026e-01 -1.43853471e-01 -1.55274585e-01 -1.66817755e-01 -1.78282872e-01
 -1.89459339e-01 -2.00150847e-01 -2.10191697e-01 -2.19457343e-01 -2.27870718e-01
 -2.35404894e-01 -2.42082343e-01 -2.47966483e-01 -2.53139973e-01 -2.57688791e-01
 -2.61693031e-01 -2.65222132e-01 -2.68331826e-01 -2.71062732e-01 -2.73439258e-01
 -2.75469184e-01 -2.77143002e-01 -2.78434068e-01 -2.79298842e-01 -2.79677957e-01
 -2.79498816e-01 -2.78679609e-01 -2.77135432e-01 -2.74786174e-01 -2.71565348e-01
 -2.67427534e-01 -2.62352556e-01 -2.56344020e-01 -2.49421820e-01 -2.41611525e-01
 -2.32935771e-01 -2.23415986e-01 -2.13075131e-01 -2.01920956e-01 -1.89936191e-01
 -1.77085534e-01 -1.63345709e-01 -1.48765251e-01 -1.33556858e-01 -1.18207984e-01
 -1.03551865e-01 -8.91019106e-02 -7.48997256e-02 -6.09784722e-02 -4.73763980e-02
 -3.41447853e-02 -2.13533826e-02 -9.09345224e-03  2.52315844e-03  1.33712161e-02
 -4.44651246e-02 -4.88289557e-02 -5.61429337e-02 -6.47759512e-02 -7.37488791e-02
 -8.30356777e-02 -9.26580653e-02 -1.02630123e-01 -1.12963296e-01 -1.23668700e-01
 -1.34657189e-01 -1.45989880e-01 -1.57583177e-01 -1.69267595e-01 -1.80833817e-01
 -1.92066818e-01 -2.02769741e-01 -2.12779790e-01 -2.21978620e-01 -2.30298489e-01
 -2.37724707e-01 -2.44294241e-01 -2.50081599e-01 -2.55176067e-01 -2.59667486e-01
 -2.63638556e-01 -2.67160356e-01 -2.70290017e-01 -2.73069233e-01 -2.75523543e-01
 -2.77661532e-01 -2.79474437e-01 -2.80935615e-01 -2.82000631e-01 -2.82607853e-01
 -2.82680303e-01 -2.82129377e-01 -2.80860692e-01 -2.78782547e-01 -2.75816023e-01
 -2.71904975e-01 -2.67022699e-01 -2.61172771e-01 -2.54382282e-01 -2.46689290e-01
 -2.38129467e-01 -2.28730217e-01 -2.18519017e-01 -2.07516000e-01 -1.95717365e-01
 -1.83094382e-01 -1.69614807e-01 -1.55293211e-01 -1.40276447e-01 -1.24962024e-01
 -1.10118881e-01 -9.56484005e-02 -8.15532655e-02 -6.78474084e-02 -5.45571409e-02
 -4.17214185e-02 -2.93913949e-02 -1.76289659e-02 -6.50366722e-03  3.91255086e-03
 -4.55695651e-02 -5.01907580e-02 -5.72129302e-02 -6.56339079e-02 -7.46096149e-02
 -8.39643106e-02 -9.36782882e-02 -1.03755020e-01 -1.14200778e-01 -1.25022769e-01
 -1.36149406e-01 -1.47621349e-01 -1.59339517e-01 -1.71123579e-01 -1.82757556e-01
 -1.94023311e-01 -2.04723999e-01 -2.14699566e-01 -2.23837018e-01 -2.32076436e-01
 -2.39413217e-01 -2.45895475e-01 -2.51605093e-01 -2.56635606e-01 -2.61079550e-01
 -2.65021145e-01 -2.68532604e-01 -2.71671921e-01 -2.74481654e-01 -2.76988059e-01
 -2.79200554e-01 -2.81110883e-01 -2.82692820e-01 -2.83901602e-01 -2.84674317e-01
 -2.84931272e-01 -2.84579128e-01 -2.83516675e-01 -2.81643242e-01 -2.78869808e-01
 -2.75130600e-01 -2.70392209e-01 -2.64656454e-01 -2.57954806e-01 -2.50334978e-01
 -2.41844535e-01 -2.32519805e-01 -2.22390220e-01 -2.11483076e-01 -1.99804515e-01
 -1.87332600e-01 -1.74032256e-01 -1.59898430e-01 -1.45034194e-01 -1.29765645e-01
 -1.14772893e-01 -1.00295834e-01 -8.62818286e-02 -7.27214515e-02 -5.96283637e-02
 -4.70303185e-02 -3.49644907e-02 -2.34741587e-02 -1.26054715e-02 -2.40377872e-03
 -4.48842086e-02 -4.91921790e-02 -5.70425913e-02 -6.60169795e-02 -7.51316994e-02
 -8.45565796e-02 -9.43465605e-02 -1.04513749e-01 -1.15056418e-01 -1.25958100e-01
 -1.37175038e-01 -1.48738369e-01 -1.60538927e-01 -1.72388494e-01 -1.84065908e-01
 -1.95350617e-01 -2.06045642e-01 -2.15992913e-01 -2.25083381e-01 -2.33262897e-01
 -2.40534186e-01 -2.46952817e-01 -2.52605289e-01 -2.57587880e-01 -2.61994541e-01
 -2.65910536e-01 -2.69408643e-01 -2.72547334e-01 -2.75369585e-01 -2.77902037e-01
 -2.80154526e-01 -2.82119125e-01 -2.83769786e-01 -2.85061568e-01 -2.85930872e-01
 -2.86296368e-01 -2.86061972e-01 -2.85122186e-01 -2.83370703e-01 -2.80711859e-01
 -2.77073413e-01 -2.72417009e-01 -2.66742706e-01 -2.60084242e-01 -2.52495259e-01
 -2.44031236e-01 -2.34735429e-01 -2.24639148e-01 -2.13772371e-01 -2.02146113e-01
 -1.89741433e-01 -1.76519662e-01 -1.62459776e-01 -1.47628561e-01 -1.32285431e-01
 -1.17002480e-01 -1.02732547e-01 -8.88581648e-02 -7.54190385e-02 -6.24484867e-02
 -4.99798320e-02 -3.80480923e-02 -2.66895629e-02 -1.59403179e-02 -5.83407003e-03
 -4.67811897e-02 -5.16958423e-02 -5.83837889e-02 -6.64434582e-02 -7.53283724e-02
 -8.47507641e-02 -9.46128890e-02 -1.04893059e-01 -1.15600698e-01 -1.26478761e-01
 -1.37721166e-01 -1.49328679e-01 -1.61175758e-01 -1.73064932e-01 -1.84770003e-01
 -1.96068019e-01 -2.06761509e-01 -2.16693416e-01 -2.25756958e-01 -2.33901411e-01
 -2.41133764e-01 -2.47513682e-01 -2.53130138e-01 -2.58080751e-01 -2.62460291e-01
 -2.66354352e-01 -2.69835949e-01 -2.72963583e-01 -2.75780201e-01 -2.78312445e-01
 -2.80570030e-01 -2.82544941e-01 -2.84210891e-01 -2.85522670e-01 -2.86416084e-01
 -2.86808997e-01 -2.86604106e-01 -2.85694152e-01 -2.83970743e-01 -2.81335860e-01
 -2.77714998e-01 -2.73068279e-01 -2.67395377e-01 -2.60730982e-01 -2.53130943e-01
 -2.44653478e-01 -2.35344231e-01 -2.25235313e-01 -2.14357153e-01 -2.02721819e-01
 -1.90310687e-01 -1.77083850e-01 -1.63016468e-01 -1.48169041e-01 -1.32794946e-01
 -1.17471993e-01 -1.03203155e-01 -8.93504396e-02 -7.59377405e-02 -6.29951060e-02
 -5.05554006e-02 -3.86529863e-02 -2.73226127e-02 -1.65979974e-02 -6.51001930e-03
 -4.31347601e-02 -4.71303947e-02 -5.58184385e-02 -6.53680116e-02 -7.47622699e-02
 -8.43949988e-02 -9.43713114e-02 -1.04729839e-01 -1.15499601e-01 -1.26428083e-01
 -1.37714058e-01 -1.49359688e-01 -1.61239415e-01 -1.73155263e-01 -1.84880555e-01
 -1.96192145e-01 -2.06892669e-01 -2.16825530e-01 -2.25884706e-01 -2.34020486e-01
 -2.41241023e-01 -2.47607037e-01 -2.53208101e-01 -2.58142114e-01 -2.62504011e-01
 -2.66379237e-01 -2.69840628e-01 -2.72946268e-01 -2.75738716e-01 -2.78244078e-01
 -2.80471444e-01 -2.82412171e-01 -2.84039289e-01 -2.85306990e-01 -2.86150575e-01
 -2.86487728e-01 -2.86221236e-01 -2.85244733e-01 -2.83451229e-01 -2.80744880e-01
 -2.77053684e-01 -2.72340119e-01 -2.66605407e-01 -2.59884268e-01 -2.52231032e-01
 -2.43701130e-01 -2.34337404e-01 -2.24171087e-01 -2.13231757e-01 -2.01529056e-01
 -1.89042315e-01 -1.75731972e-01 -1.61578417e-01 -1.46654353e-01 -1.31231591e-01
 -1.15901299e-01 -1.01634704e-01 -8.77421275e-02 -7.42725432e-02 -6.12648465e-02
 -4.87560481e-02 -3.67838293e-02 -2.53865812e-02 -1.46021070e-02 -4.46559442e-03
 -4.43841219e-02 -4.90454435e-02 -5.61488010e-02 -6.47789016e-02 -7.40507096e-02
 -8.37106854e-02 -9.37187076e-02 -1.04075722e-01 -1.14783876e-01 -1.25831112e-01
 -1.37175798e-01 -1.48851871e-01 -1.60749406e-01 -1.72678277e-01 -1.84415758e-01
 -1.95740566e-01 -2.06455991e-01 -2.16405272e-01 -2.25481629e-01 -2.33633950e-01
 -2.40868509e-01 -2.47244075e-01 -2.52849072e-01 -2.57780731e-01 -2.62133271e-01
 -2.65991718e-01 -2.69428164e-01 -2.72500008e-01 -2.75248885e-01 -2.77699888e-01
 -2.79861033e-01 -2.81722516e-01 -2.83256292e-01 -2.84415692e-01 -2.85135716e-01
 -2.85334527e-01 -2.84916788e-01 -2.83779383e-01 -2.81820476e-01 -2.78950661e-01
 -2.75104851e-01 -2.70251244e-01 -2.64393836e-01 -2.57566035e-01 -2.49816656e-01
 -2.41193280e-01 -2.31731668e-01 -2.21461609e-01 -2.10409507e-01 -1.98579013e-01
 -1.85945600e-01 -1.72473788e-01 -1.58163592e-01 -1.43133029e-01 -1.27738044e-01
 -1.12707607e-01 -9.81762782e-02 -8.40923861e-02 -7.04509616e-02 -5.72703481e-02
 -4.45824787e-02 -3.24282572e-02 -2.08543632e-02 -9.91007965e-03  3.56362259e-04
 -4.21803445e-02 -4.63397764e-02 -5.43308072e-02 -6.36288822e-02 -7.30707049e-02
 -8.27741101e-02 -9.27915350e-02 -1.03142723e-01 -1.13838628e-01 -1.24888428e-01
 -1.36220202e-01 -1.47875920e-01 -1.59753323e-01 -1.71667904e-01 -1.83400407e-01
 -1.94731176e-01 -2.05463633e-01 -2.15439856e-01 -2.24550575e-01 -2.32740954e-01
 -2.40012333e-01 -2.46418461e-01 -2.52044678e-01 -2.56986290e-01 -2.61336207e-01
 -2.65178353e-01 -2.68583685e-01 -2.71608531e-01 -2.74293184e-01 -2.76661307e-01
 -2.78719306e-01 -2.80455947e-01 -2.81841844e-01 -2.82829583e-01 -2.83354342e-01
 -2.83335954e-01 -2.82682717e-01 -2.81297684e-01 -2.79087543e-01 -2.75973082e-01
 -2.71899194e-01 -2.66841650e-01 -2.60806918e-01 -2.53824711e-01 -2.45934427e-01
 -2.37171933e-01 -2.27564737e-01 -2.17141226e-01 -2.05920115e-01 -1.93894729e-01
 -1.81034580e-01 -1.67310238e-01 -1.52748242e-01 -1.37520283e-01 -1.22057959e-01
 -1.07146613e-01 -9.25602615e-02 -7.83272907e-02 -6.44729361e-02 -5.10297678e-02
 -3.80413048e-02 -2.55629644e-02 -1.36610521e-02 -2.40972568e-03  8.11441429e-03
 -4.23198976e-02 -4.67555076e-02 -5.39627820e-02 -6.27096966e-02 -7.20019266e-02
 -8.16508159e-02 -9.16334689e-02 -1.01951383e-01 -1.12610936e-01 -1.23620495e-01
 -1.34888649e-01 -1.46474883e-01 -1.58288926e-01 -1.70154229e-01 -1.81856155e-01
 -1.93177134e-01 -2.03920528e-01 -2.13926420e-01 -2.23081648e-01 -2.31325552e-01
 -2.38651842e-01 -2.45105907e-01 -2.50767708e-01 -2.55729169e-01 -2.60081053e-01
 -2.63905436e-01 -2.67271787e-01 -2.70234764e-01 -2.72833019e-01 -2.75088429e-01
 -2.77005643e-01 -2.78571725e-01 -2.79756188e-01 -2.80511290e-01 -2.80773461e-01
 -2.80465752e-01 -2.79502422e-01 -2.77795434e-01 -2.75262922e-01 -2.71838218e-01
 -2.67477572e-01 -2.62163818e-01 -2.55903959e-01 -2.48720646e-01 -2.40641028e-01
 -2.31688410e-01 -2.21886083e-01 -2.11257577e-01 -1.99808940e-01 -1.87521130e-01
 -1.74360976e-01 -1.60317704e-01 -1.45472616e-01 -1.30105749e-01 -1.14826292e-01
 -9.98380929e-02 -8.51184428e-02 -7.06698075e-02 -5.65104410e-02 -4.26738970e-02
 -2.92116571e-02 -1.61965210e-02 -3.72489705e-03  8.08459055e-03  1.90989114e-02
 -4.09195684e-02 -4.51300479e-02 -5.25271967e-02 -6.14151768e-02 -7.07015470e-02
 -8.03106725e-02 -9.02468488e-02 -1.00513071e-01 -1.11112975e-01 -1.22052416e-01
 -1.33214608e-01 -1.44684270e-01 -1.56388760e-01 -1.68163344e-01 -1.79800510e-01
 -1.91086084e-01 -2.01823890e-01 -2.11851865e-01 -2.21052036e-01 -2.29356453e-01
 -2.36748964e-01 -2.43263364e-01 -2.48971254e-01 -2.53959447e-01 -2.58315235e-01
 -2.62118131e-01 -2.65435517e-01 -2.68320024e-01 -2.70808339e-01 -2.72920310e-01
 -2.74658829e-01 -2.76009560e-01 -2.76941448e-01 -2.77407467e-01 -2.77346760e-01
 -2.76687652e-01 -2.75352746e-01 -2.73265183e-01 -2.70356268e-01 -2.66572505e-01
 -2.61880487e-01 -2.56267726e-01 -2.49738365e-01 -2.42305517e-01 -2.33983859e-01
 -2.24789605e-01 -2.14744210e-01 -2.03859523e-01 -1.92125857e-01 -1.79513857e-01
 -1.65996283e-01 -1.51596725e-01 -1.36470005e-01 -1.21009015e-01 -1.05942167e-01
 -9.09785703e-02 -7.61379525e-02 -6.14308976e-02 -4.68709841e-02 -3.24834771e-02
 -1.83147788e-02 -4.44453489e-03  8.99939146e-03  2.18277965e-02  3.37926410e-02
 -3.97549681e-02 -4.38397303e-02 -5.11545837e-02 -5.99669777e-02 -6.91905990e-02
 -7.87532404e-02 -8.86437595e-02 -9.88527834e-02 -1.09378085e-01 -1.20223820e-01
 -1.31240115e-01 -1.42544612e-01 -1.54088259e-01 -1.65722489e-01 -1.77250117e-01
 -1.88462526e-01 -1.99165210e-01 -2.09194377e-01 -2.18427211e-01 -2.26787552e-01
 -2.34247983e-01 -2.40828142e-01 -2.46587530e-01 -2.51605302e-01 -2.55963773e-01
 -2.59738892e-01 -2.62995273e-01 -2.65783072e-01 -2.68136770e-01 -2.70074368e-01
 -2.71597236e-01 -2.72690266e-01 -2.73322850e-01 -2.73450196e-01 -2.73015946e-01
 -2.71955818e-01 -2.70202577e-01 -2.67691910e-01 -2.64368385e-01 -2.60190159e-01
 -2.55131304e-01 -2.49180377e-01 -2.42336020e-01 -2.34601974e-01 -2.25986630e-01
 -2.16506481e-01 -2.06173986e-01 -1.94985420e-01 -1.82918638e-01 -1.69946656e-01
 -1.56074032e-01 -1.41401872e-01 -1.26220718e-01 -1.11108251e-01 -9.60744545e-02
 -8.10799599e-02 -6.60971701e-02 -5.11024371e-02 -3.60751376e-02 -2.10008491e-02
 -5.87934908e-03  9.25880205e-03  2.43169814e-02  3.90586630e-02  5.29956967e-02
 -3.90194803e-02 -4.32156622e-02 -4.98606749e-02 -5.82207553e-02 -6.73939958e-02
 -7.69824982e-02 -8.68703350e-02 -9.70317870e-02 -1.07469097e-01 -1.18194744e-01
 -1.29021719e-01 -1.40107408e-01 -1.51431143e-01 -1.62864864e-01 -1.74225211e-01
 -1.85311809e-01 -1.95933729e-01 -2.05926701e-01 -2.15163529e-01 -2.23559946e-01
 -2.31076613e-01 -2.37717852e-01 -2.43526816e-01 -2.48571724e-01 -2.52927661e-01
 -2.56665736e-01 -2.59846836e-01 -2.62518376e-01 -2.64712512e-01 -2.66445607e-01
 -2.67718107e-01 -2.68515199e-01 -2.68808067e-01 -2.68555760e-01 -2.67708331e-01
 -2.66210377e-01 -2.64005840e-01 -2.61042625e-01 -2.57276863e-01 -2.52675414e-01
 -2.47216150e-01 -2.40886107e-01 -2.33678952e-01 -2.25596130e-01 -2.16648474e-01
 -2.06845671e-01 -1.96185663e-01 -1.84651047e-01 -1.72218025e-01 -1.58884391e-01
 -1.44723713e-01 -1.29969493e-01 -1.15121908e-01 -1.00295275e-01 -8.54443982e-02
 -7.05261976e-02 -5.54945543e-02 -4.02961485e-02 -2.48672105e-02 -9.13055614e-03
  7.00757559e-03  2.36622859e-02  4.09815647e-02  5.91776520e-02  7.83576295e-02
 -3.05578392e-02 -3.26773077e-02 -4.43168208e-02 -5.54190688e-02 -6.53558224e-02
 -7.51773342e-02 -8.50972384e-02 -9.51875374e-02 -1.05488688e-01 -1.16038449e-01
 -1.26626641e-01 -1.37435585e-01 -1.48472592e-01 -1.59633815e-01 -1.70754045e-01
 -1.81644768e-01 -1.92121312e-01 -2.02020794e-01 -2.11212948e-01 -2.19606116e-01
 -2.27149427e-01 -2.33831763e-01 -2.39677668e-01 -2.44739607e-01 -2.49082446e-01
 -2.52770424e-01 -2.55859703e-01 -2.58394301e-01 -2.60404199e-01 -2.61904418e-01
 -2.62895405e-01 -2.63363749e-01 -2.63283819e-01 -2.62620121e-01 -2.61330158e-01
 -2.59368211e-01 -2.56688893e-01 -2.53250688e-01 -2.49018490e-01 -2.43964672e-01
 -2.38068998e-01 -2.31318459e-01 -2.23710269e-01 -2.15250239e-01 -2.05943912e-01
 -1.95788294e-01 -1.84768468e-01 -1.72863796e-01 -1.60069093e-01 -1.46436185e-01
 -1.32138491e-01 -1.17551140e-01 -1.03313908e-01 -8.89391750e-02 -7.44275600e-02
 -5.97505420e-02 -4.48579118e-02 -2.96780299e-02 -1.41138667e-02  1.96466176e-03
  1.87327471e-02  3.64287309e-02  5.53763844e-02  7.59525672e-02  9.78186578e-02
 -3.56257930e-02 -3.92910019e-02 -4.60363701e-02 -5.47676906e-02 -6.42061234e-02
 -7.38593489e-02 -8.36295187e-02 -9.35207307e-02 -1.03555314e-01 -1.13752723e-01
 -1.24118544e-01 -1.34607166e-01 -1.45285234e-01 -1.56088382e-01 -1.66878045e-01
 -1.77482933e-01 -1.87728077e-01 -1.97454289e-01 -2.06529930e-01 -2.14857236e-01
 -2.22374827e-01 -2.29057029e-01 -2.34910309e-01 -2.39967421e-01 -2.44278446e-01
 -2.47897938e-01 -2.50875622e-01 -2.53251433e-01 -2.55052865e-01 -2.56294161e-01
 -2.56976485e-01 -2.57088840e-01 -2.56609976e-01 -2.55510628e-01 -2.53756285e-01
 -2.51310229e-01 -2.48136356e-01 -2.44201541e-01 -2.39477277e-01 -2.33940855e-01
 -2.27577701e-01 -2.20383570e-01 -2.12360233e-01 -2.03509256e-01 -1.93826199e-01
 -1.83298573e-01 -1.71911582e-01 -1.59666508e-01 -1.46616533e-01 -1.32922560e-01
 -1.18921727e-01 -1.05188958e-01 -9.13775414e-02 -7.74511918e-02 -6.33769482e-02
 -4.91131432e-02 -3.46028991e-02 -1.97684765e-02 -4.50403150e-03  1.13346633e-02
  2.79451143e-02  4.55987230e-02  6.46662042e-02  8.56559500e-02  1.09412640e-01
 -3.14607956e-02 -3.34230214e-02 -4.33322601e-02 -5.39358631e-02 -6.36226237e-02
 -7.31446594e-02 -8.26693922e-02 -9.22572836e-02 -1.01945288e-01 -1.11763269e-01
 -1.21738464e-01 -1.31777450e-01 -1.41979098e-01 -1.52309403e-01 -1.62654817e-01
 -1.72862113e-01 -1.82767749e-01 -1.92217886e-01 -2.01080933e-01 -2.09254429e-01
 -2.16667905e-01 -2.23282561e-01 -2.29088396e-01 -2.34099314e-01 -2.38346323e-01
 -2.41869867e-01 -2.44710624e-01 -2.46902898e-01 -2.48471245e-01 -2.49429077e-01
 -2.49778703e-01 -2.49512210e-01 -2.48613134e-01 -2.47058555e-01 -2.44821459e-01
 -2.41873220e-01 -2.38185748e-01 -2.33733684e-01 -2.28497192e-01 -2.22464591e-01
 -2.15630919e-01 -2.07995072e-01 -1.99555650e-01 -1.90307289e-01 -1.80240303e-01
 -1.69346735e-01 -1.57636806e-01 -1.45169973e-01 -1.32104233e-01 -1.18763395e-01
 -1.05674446e-01 -9.25068557e-02 -7.92504251e-02 -6.58875033e-02 -5.23938611e-02
 -3.87365110e-02 -2.48705931e-02 -1.07355788e-02  3.74976988e-03  1.86946150e-02
  3.42475884e-02  5.06184697e-02  6.81317747e-02  8.74416754e-02  1.11505501e-01
 -3.69610898e-02 -4.02883142e-02 -4.67977189e-02 -5.52162826e-02 -6.41857088e-02
 -7.32592121e-02 -8.23638663e-02 -9.15141925e-02 -1.00740790e-01 -1.10075131e-01
 -1.19547032e-01 -1.29022181e-01 -1.38630390e-01 -1.48367226e-01 -1.58144668e-01
 -1.67829320e-01 -1.77271038e-01 -1.86323255e-01 -1.94856092e-01 -2.02763990e-01
 -2.09968939e-01 -2.16420799e-01 -2.22095087e-01 -2.26988912e-01 -2.31115729e-01
 -2.34499052e-01 -2.37166330e-01 -2.39143446e-01 -2.40450516e-01 -2.41099387e-01
 -2.41093293e-01 -2.40427256e-01 -2.39089534e-01 -2.37063289e-01 -2.34328717e-01
 -2.30865672e-01 -2.26656422e-01 -2.21687257e-01 -2.15949237e-01 -2.09437579e-01
 -2.02149719e-01 -1.94082811e-01 -1.85232326e-01 -1.75593391e-01 -1.65167928e-01
 -1.53980047e-01 -1.42101869e-01 -1.29687697e-01 -1.17011145e-01 -1.04617082e-01
 -9.21306163e-02 -7.95661509e-02 -6.69280067e-02 -5.42136617e-02 -4.14148495e-02
 -2.85175350e-02 -1.55013595e-02 -2.33913003e-03  1.10032056e-02  2.45653838e-02
  3.83888744e-02  5.25057390e-02  6.69040903e-02  8.13990310e-02  9.52357575e-02
 -3.69321704e-02 -3.91807742e-02 -4.73535918e-02 -5.67846633e-02 -6.55993000e-02
 -7.42062852e-02 -8.27627182e-02 -9.13389251e-02 -9.99782979e-02 -1.08714432e-01
 -1.17576927e-01 -1.26386479e-01 -1.35295600e-01 -1.44325495e-01 -1.53413370e-01
 -1.62447244e-01 -1.71292812e-01 -1.79813281e-01 -1.87882796e-01 -1.95394650e-01
 -2.02265233e-01 -2.08434999e-01 -2.13866964e-01 -2.18543664e-01 -2.22462937e-01
 -2.25633129e-01 -2.28068188e-01 -2.29783297e-01 -2.30791464e-01 -2.31101140e-01
 -2.30715320e-01 -2.29631662e-01 -2.27843344e-01 -2.25340724e-01 -2.22113043e-01
 -2.18150169e-01 -2.13443890e-01 -2.07988441e-01 -2.01780036e-01 -1.94816098e-01
 -1.87094346e-01 -1.78613156e-01 -1.69375077e-01 -1.59395173e-01 -1.48717284e-01
 -1.37440860e-01 -1.25761479e-01 -1.13996372e-01 -1.02137938e-01 -9.02487859e-02
 -7.83160552e-02 -6.63417950e-02 -5.43332249e-02 -4.22986746e-02 -3.02459486e-02
 -1.81818251e-02 -6.11237995e-03  5.95564581e-03  1.80118717e-02  3.00366115e-02
  4.19905670e-02  5.37967533e-02  6.53111786e-02  7.62876198e-02  8.63781124e-02
 -4.39055189e-02 -4.70611565e-02 -5.31080291e-02 -6.06024340e-02 -6.83256239e-02
 -7.60774761e-02 -8.38664547e-02 -9.17144790e-02 -9.96414647e-02 -1.07668228e-01
 -1.15821280e-01 -1.23889402e-01 -1.32019565e-01 -1.40249461e-01 -1.48539901e-01
 -1.56802163e-01 -1.64920941e-01 -1.72772571e-01 -1.80238351e-01 -1.87213168e-01
 -1.93610281e-01 -1.99363038e-01 -2.04424307e-01 -2.08764404e-01 -2.12367818e-01
 -2.15229645e-01 -2.17351750e-01 -2.18739361e-01 -2.19398364e-01 -2.19333306e-01
 -2.18546465e-01 -2.17037648e-01 -2.14804605e-01 -2.11843908e-01 -2.08151758e-01
 -2.03724727e-01 -1.98560074e-01 -1.92655772e-01 -1.86010599e-01 -1.78624734e-01
 -1.70501962e-01 -1.61654800e-01 -1.52113736e-01 -1.41941801e-01 -1.31253436e-01
 -1.20231576e-01 -1.09247327e-01 -9.81033891e-02 -8.68448317e-02 -7.55107254e-02
 -6.41286001e-02 -5.27232513e-02 -4.13193479e-02 -2.99421139e-02 -1.86174475e-02
 -7.37218419e-03  3.76521377e-03  1.47631858e-02  2.55844370e-02  3.61817591e-02
  4.64920811e-02  5.64291514e-02  6.58769161e-02  7.46882111e-02  8.26947168e-02
 -5.07933944e-02 -5.43386824e-02 -5.92960380e-02 -6.52818680e-02 -7.17890784e-02
 -7.85609633e-02 -8.54897872e-02 -9.25300121e-02 -9.96625125e-02 -1.06878988e-01
 -1.14172690e-01 -1.21527940e-01 -1.28851384e-01 -1.36219621e-01 -1.43626422e-01
 -1.51011541e-01 -1.58282995e-01 -1.65334344e-01 -1.72057822e-01 -1.78353429e-01
 -1.84134409e-01 -1.89329997e-01 -1.93885759e-01 -1.97762489e-01 -2.00934067e-01
 -2.03384787e-01 -2.05106527e-01 -2.06096157e-01 -2.06353337e-01 -2.05878913e-01
 -2.04673901e-01 -2.02739015e-01 -2.00074509e-01 -1.96680337e-01 -1.92556351e-01
 -1.87702417e-01 -1.82118803e-01 -1.75806880e-01 -1.68771029e-01 -1.61022589e-01
 -1.52586862e-01 -1.43513694e-01 -1.33893922e-01 -1.23880960e-01 -1.13717005e-01
 -1.03335768e-01 -9.27956402e-02 -8.21133852e-02 -7.13182762e-02 -6.04449473e-02
 -4.95299213e-02 -3.86113226e-02 -2.77290866e-02 -1.69249717e-02 -6.24239398e-03
  4.27380856e-03  1.45774744e-02  2.46208794e-02  3.43539491e-02  4.37228605e-02
  5.26682250e-02  6.11233599e-02  6.90137818e-02  7.62591884e-02  8.27789083e-02
 -5.46281822e-02 -5.76238967e-02 -6.31379634e-02 -6.91809580e-02 -7.51499683e-02
 -8.12243447e-02 -8.74084681e-02 -9.36839804e-02 -1.00035422e-01 -1.06453098e-01
 -1.12931736e-01 -1.19469471e-01 -1.25916198e-01 -1.32357225e-01 -1.38805807e-01
 -1.45225018e-01 -1.51545435e-01 -1.57679632e-01 -1.63533866e-01 -1.69016838e-01
 -1.74045473e-01 -1.78548396e-01 -1.82467252e-01 -1.85756549e-01 -1.88382521e-01
 -1.90321371e-01 -1.91557199e-01 -1.92080110e-01 -1.91884458e-01 -1.90967396e-01
 -1.89327881e-01 -1.86965972e-01 -1.83882400e-01 -1.80078506e-01 -1.75556347e-01
 -1.70319244e-01 -1.64372891e-01 -1.57727808e-01 -1.50404021e-01 -1.42438173e-01
 -1.33897886e-01 -1.24889024e-01 -1.15572289e-01 -1.06171437e-01 -9.64719057e-02
 -8.65223631e-02 -7.63666257e-02 -6.60429075e-02 -5.55904545e-02 -4.50517461e-02
 -3.44732814e-02 -2.39058957e-02 -1.34047661e-02 -3.02896160e-03  7.15953438e-03
  1.70972478e-02  2.67209373e-02  3.59693430e-02  4.47846837e-02  5.31136356e-02
  6.09077625e-02  6.81235641e-02  7.47224689e-02  8.06713477e-02  8.59438479e-02
 -6.03505448e-02 -6.38126582e-02 -6.82212785e-02 -7.32863098e-02 -7.86299482e-02
 -8.40851590e-02 -8.96004364e-02 -9.51583534e-02 -1.00751825e-01 -1.06378332e-01
 -1.12038188e-01 -1.17733680e-01 -1.23277523e-01 -1.28759742e-01 -1.34207413e-01
 -1.39602944e-01 -1.44897953e-01 -1.50024876e-01 -1.54906452e-01 -1.59463525e-01
 -1.63620636e-01 -1.67309791e-01 -1.70472592e-01 -1.73060909e-01 -1.75036579e-01
 -1.76370472e-01 -1.77041203e-01 -1.77033767e-01 -1.76338077e-01 -1.74947932e-01
 -1.72860056e-01 -1.70073494e-01 -1.66589394e-01 -1.62411422e-01 -1.57546952e-01
 -1.52008772e-01 -1.45817250e-01 -1.39003858e-01 -1.31619513e-01 -1.23728849e-01
 -1.15476206e-01 -1.07019268e-01 -9.81955826e-02 -8.90701190e-02 -7.96564072e-02
 -6.99795336e-02 -6.00709356e-02 -4.99665886e-02 -3.97077277e-02 -2.93420143e-02
 -1.89246498e-02 -8.51917919e-03  1.80229254e-03  1.19598275e-02  2.18675733e-02
  3.14370096e-02  4.05813083e-02  4.92202677e-02  5.72850145e-02  6.47216961e-02
  7.14935213e-02  7.75810257e-02  8.29806179e-02  8.77019688e-02  9.17649269e-02
 -6.37045056e-02 -6.62960485e-02 -7.18991980e-02 -7.73376077e-02 -8.23677108e-02
 -8.72944891e-02 -9.21734795e-02 -9.70236510e-02 -1.01856068e-01 -1.06679529e-01
 -1.11502692e-01 -1.16337195e-01 -1.20981172e-01 -1.25508040e-01 -1.29949212e-01
 -1.34301499e-01 -1.38535261e-01 -1.42602369e-01 -1.46443382e-01 -1.49993911e-01
 -1.53189555e-01 -1.55969739e-01 -1.58280060e-01 -1.60073653e-01 -1.61311597e-01
 -1.61962688e-01 -1.62002757e-01 -1.61413863e-01 -1.60183400e-01 -1.58303350e-01
 -1.55769944e-01 -1.52583420e-01 -1.48748159e-01 -1.44273847e-01 -1.39180556e-01
 -1.33502811e-01 -1.27291024e-01 -1.20602719e-01 -1.13577917e-01 -1.06111169e-01
 -9.82487872e-02 -9.00298581e-02 -8.14594254e-02 -7.25542456e-02 -6.33314252e-02
 -5.38115539e-02 -4.40200306e-02 -3.39882523e-02 -2.37552822e-02 -1.33699495e-02
 -2.89321993e-03  7.59954052e-03  1.80169065e-02  2.82512177e-02  3.81809250e-02
  4.76762913e-02  5.66085540e-02  6.48612007e-02  7.23410845e-02  7.89869279e-02
  8.47737640e-02  8.97126347e-02  9.38457698e-02  9.72380489e-02  9.99665111e-02
 -7.06600472e-02 -7.40443096e-02 -7.80638829e-02 -8.24403763e-02 -8.68326649e-02
 -9.11202505e-02 -9.52992141e-02 -9.93922055e-02 -1.03420943e-01 -1.07400142e-01
 -1.11336216e-01 -1.15225658e-01 -1.19048402e-01 -1.22665741e-01 -1.26130104e-01
 -1.29456460e-01 -1.32633507e-01 -1.35631487e-01 -1.38408542e-01 -1.40915975e-01
 -1.43102661e-01 -1.44918412e-01 -1.46316543e-01 -1.47255465e-01 -1.47699490e-01
 -1.47619188e-01 -1.46991342e-01 -1.45798683e-01 -1.44029379e-01 -1.41676962e-01
 -1.38741598e-01 -1.35230541e-01 -1.31156743e-01 -1.26531616e-01 -1.21391423e-01
 -1.15807913e-01 -1.09912187e-01 -1.03538468e-01 -9.67337787e-02 -8.95116255e-02
 -8.18883330e-02 -7.38785565e-02 -6.54920489e-02 -5.67379668e-02 -4.76259477e-02
 -3.81676331e-02 -2.83783693e-02 -1.82792731e-02 -7.89995398e-03  2.71787541e-03
  1.35157751e-02  2.44129542e-02  3.53001691e-02  4.60345745e-02  5.64385466e-02
  6.63069040e-02  7.54257292e-02  8.36002380e-02  9.06821117e-02  9.65879783e-02
  1.01307310e-01  1.04901172e-01  1.07491493e-01  1.09239824e-01  1.10318661e-01
 -7.61746690e-02 -7.90137351e-02 -8.38128030e-02 -8.83511528e-02 -9.22127441e-02
 -9.57556218e-02 -9.91117135e-02 -1.02350451e-01 -1.05510525e-01 -1.08612128e-01
 -1.11663520e-01 -1.14664890e-01 -1.17611393e-01 -1.20318353e-01 -1.22830078e-01
 -1.25164717e-01 -1.27320439e-01 -1.29280329e-01 -1.31016627e-01 -1.32494733e-01
 -1.33676693e-01 -1.34524152e-01 -1.35000795e-01 -1.35074034e-01 -1.34715378e-01
 -1.33901343e-01 -1.32614329e-01 -1.30842805e-01 -1.28580615e-01 -1.25823274e-01
 -1.22580074e-01 -1.18878491e-01 -1.14775620e-01 -1.10201821e-01 -1.05181761e-01
 -9.97420847e-02 -9.39045921e-02 -8.76602978e-02 -8.10115039e-02 -7.39609674e-02
 -6.65112138e-02 -5.86634576e-02 -5.04169688e-02 -4.17695194e-02 -3.27180102e-02
 -2.32594106e-02 -1.33920750e-02 -3.11769731e-03  7.55574228e-03  1.86095051e-02
  3.00073307e-02  4.16853502e-02  5.35373949e-02  6.53948560e-02  7.70036504e-02
  8.80129337e-02  9.80089828e-02  1.06609002e-01  1.13547623e-01  1.18697949e-01
  1.22071125e-01  1.23814896e-01  1.24210432e-01  1.23636119e-01  1.22466646e-01
 -8.63529518e-02 -9.00322124e-02 -9.33741778e-02 -9.63215604e-02 -9.89195853e-02
 -1.01314440e-01 -1.03610314e-01 -1.05856769e-01 -1.08072586e-01 -1.10261612e-01
 -1.12420566e-01 -1.14542857e-01 -1.16620518e-01 -1.18442886e-01 -1.20043688e-01
 -1.21439748e-01 -1.22635022e-01 -1.23621128e-01 -1.24380380e-01 -1.24889076e-01
 -1.25120431e-01 -1.25047252e-01 -1.24644674e-01 -1.23894021e-01 -1.22776181e-01
 -1.21276073e-01 -1.19385414e-01 -1.17105938e-01 -1.14454933e-01 -1.11391969e-01
 -1.07925020e-01 -1.04064293e-01 -9.98194516e-02 -9.51882154e-02 -9.01745111e-02
 -8.47839713e-02 -7.90200233e-02 -7.28808120e-02 -6.63626119e-02 -5.94598837e-02
 -5.21650687e-02 -4.44681682e-02 -3.63563821e-02 -2.78138947e-02 -1.88217442e-02
 -9.35783703e-03  6.02847023e-04  1.10876272e-02  2.21247263e-02  3.37404460e-02
  4.59538251e-02  5.87668493e-02  7.21466318e-02  8.59915093e-02  1.00058138e-01
  1.13792151e-01  1.26123592e-01  1.35999888e-01  1.43177718e-01  1.47448927e-01
  1.48882568e-01  1.47708625e-01  1.44331306e-01  1.39944732e-01  1.35504872e-01
 -9.91673693e-02 -1.03863336e-01 -1.05462208e-01 -1.05862059e-01 -1.06471218e-01
 -1.07371539e-01 -1.08459480e-01 -1.09658569e-01 -1.10918462e-01 -1.12203851e-01
 -1.13488674e-01 -1.14753723e-01 -1.15985639e-01 -1.16958365e-01 -1.17693350e-01
 -1.18204027e-01 -1.18507482e-01 -1.18600078e-01 -1.18468732e-01 -1.18095919e-01
 -1.17462032e-01 -1.16546512e-01 -1.15327522e-01 -1.13827810e-01 -1.12026028e-01
 -1.09909132e-01 -1.07470050e-01 -1.04706220e-01 -1.01617232e-01 -9.81990024e-02
 -9.44521278e-02 -9.03791487e-02 -8.59824568e-02 -8.12624767e-02 -7.62187392e-02
 -7.08494335e-02 -6.51504472e-02 -5.91146387e-02 -5.27319275e-02 -4.59891930e-02
 -3.88700590e-02 -3.13545056e-02 -2.34183557e-02 -1.50325522e-02 -6.16226904e-03
  3.23427538e-03  1.32073211e-02  2.38174237e-02  3.51376273e-02  4.72557433e-02
  6.02762438e-02  7.43208677e-02  8.95269290e-02  1.06044926e-01  1.24065131e-01
  1.44171506e-01  1.67421013e-01  1.73550159e-01  1.84294984e-01  1.86058506e-01
  1.83762491e-01  1.82604834e-01  1.66530624e-01  1.55421540e-01  1.46942198e-01
 -1.09992437e-01 -1.15812041e-01 -1.15404874e-01 -1.13781378e-01 -1.13092788e-01
 -1.12924650e-01 -1.13059878e-01 -1.13378361e-01 -1.13800399e-01 -1.14268780e-01
 -1.14741817e-01 -1.15190856e-01 -1.15601741e-01 -1.15756005e-01 -1.15655370e-01
 -1.15277082e-01 -1.14744119e-01 -1.14020906e-01 -1.13084555e-01 -1.11918047e-01
 -1.10507675e-01 -1.08842567e-01 -1.06915385e-01 -1.04724646e-01 -1.02266975e-01
 -9.95401368e-02 -9.65438634e-02 -9.32797119e-02 -8.97502750e-02 -8.59582424e-02
 -8.19065720e-02 -7.75978416e-02 -7.30333477e-02 -6.82123229e-02 -6.31315187e-02
 -5.77848479e-02 -5.21629974e-02 -4.62531745e-02 -4.00389917e-02 -3.35003324e-02
 -2.66131498e-02 -1.93490684e-02 -1.16747310e-02 -3.55079072e-03  5.06958365e-03
  1.42428642e-02  2.40382459e-02  3.45420390e-02  4.58639450e-02  5.81459254e-02
  7.15746060e-02  8.63974467e-02  1.02941155e-01  1.21632360e-01  1.43070921e-01
  1.67663381e-01  1.84336573e-01  1.95768341e-01  2.04641938e-01  2.03539193e-01
  2.02869803e-01  1.90294027e-01  1.75359249e-01  1.62816629e-01  1.52777091e-01
 -1.12868875e-01 -1.17902845e-01 -1.19369470e-01 -1.18899480e-01 -1.18124500e-01
 -1.17508344e-01 -1.17084727e-01 -1.16797164e-01 -1.16579674e-01 -1.16373904e-01
 -1.16130799e-01 -1.15807652e-01 -1.15361921e-01 -1.14739262e-01 -1.13911703e-01
 -1.12866864e-01 -1.11610845e-01 -1.10138707e-01 -1.08442761e-01 -1.06515661e-01
 -1.04351655e-01 -1.01947241e-01 -9.93015692e-02 -9.64165702e-02 -9.32960510e-02
 -8.99456367e-02 -8.63725767e-02 -8.25853646e-02 -7.85930380e-02 -7.44043663e-02
 -7.00270757e-02 -6.54669106e-02 -6.07267804e-02 -5.58059886e-02 -5.06996997e-02
 -4.53986414e-02 -3.98889966e-02 -3.41525003e-02 -2.81666126e-02 -2.19047200e-02
 -1.53362220e-02 -8.42638873e-03 -1.13589596e-03  6.58008968e-03  1.47734089e-02
  2.35052016e-02  3.28493193e-02  4.28974070e-02  5.37665822e-02  6.56114891e-02
  7.86440521e-02  9.31676403e-02  1.09638929e-01  1.28764763e-01  1.51234791e-01
  1.72282815e-01  1.85869902e-01  1.97693139e-01  2.01900318e-01  2.02755496e-01
  1.97423860e-01  1.84484512e-01  1.71606123e-01  1.60752431e-01  1.51696712e-01
 -1.20955959e-01 -1.27715617e-01 -1.25969321e-01 -1.23461515e-01 -1.22177504e-01
 -1.21302284e-01 -1.20601073e-01 -1.19963959e-01 -1.19317800e-01 -1.18607879e-01
 -1.17791966e-01 -1.16836406e-01 -1.15712792e-01 -1.14396378e-01 -1.12869434e-01
 -1.11120842e-01 -1.09144762e-01 -1.06936663e-01 -1.04493000e-01 -1.01811647e-01
 -9.88925621e-02 -9.57382545e-02 -9.23541710e-02 -8.87487903e-02 -8.49335194e-02
 -8.09224397e-02 -7.67318755e-02 -7.23796785e-02 -6.78842664e-02 -6.32633492e-02
 -5.85325323e-02 -5.37038259e-02 -4.87842970e-02 -4.37749960e-02 -3.86703201e-02
 -3.34578343e-02 -2.81186122e-02 -2.26278901e-02 -1.69559810e-02 -1.10691804e-02
 -4.93054045e-03  1.49965927e-03  8.26382730e-03  1.54074365e-02  2.29798928e-02
  3.10359709e-02  3.96378897e-02  4.88582179e-02  5.87838665e-02  6.95216879e-02
  8.12065750e-02  9.40136909e-02  1.08177058e-01  1.23999745e-01  1.41485974e-01
  1.56665996e-01  1.67125821e-01  1.76278114e-01  1.79416224e-01  1.80643305e-01
  1.76394090e-01  1.67838067e-01  1.59570053e-01  1.52039543e-01  1.45267248e-01
 -1.18120484e-01 -1.23524226e-01 -1.25592202e-01 -1.25633091e-01 -1.25110924e-01
 -1.24511287e-01 -1.23870455e-01 -1.23132057e-01 -1.22242607e-01 -1.21166751e-01
 -1.19883843e-01 -1.18381888e-01 -1.16652854e-01 -1.14690162e-01 -1.12488113e-01
 -1.10041857e-01 -1.07347541e-01 -1.04402378e-01 -1.01205125e-01 -9.77567509e-02
 -9.40611735e-02 -9.01258290e-02 -8.59620944e-02 -8.15856010e-02 -7.70162791e-02
 -7.22782612e-02 -6.73994422e-02 -6.24106005e-02 -5.73439971e-02 -5.22313379e-02
 -4.71013226e-02 -4.19769809e-02 -3.68731655e-02 -3.17946747e-02 -2.67352685e-02
 -2.16777530e-02 -1.65951308e-02 -1.14524970e-02 -6.20934274e-03 -8.21857189e-04
  4.75512957e-03  1.05667440e-02  1.66572649e-02  2.30698455e-02  2.98466291e-02
  3.70290466e-02  4.46580723e-02  5.27740642e-02  6.14155531e-02  7.06157610e-02
  8.03941414e-02  9.07368734e-02  1.01552866e-01  1.12582885e-01  1.23292357e-01
  1.32976934e-01  1.40992671e-01  1.46956056e-01  1.50615990e-01  1.51939124e-01
  1.51050016e-01  1.48350701e-01  1.44557491e-01  1.40305430e-01  1.35971293e-01
 -1.24952734e-01 -1.32603124e-01 -1.29954323e-01 -1.28126889e-01 -1.27859265e-01
 -1.27759218e-01 -1.27447754e-01 -1.26792565e-01 -1.25762299e-01 -1.24368891e-01
 -1.22638829e-01 -1.20599002e-01 -1.18270308e-01 -1.15665779e-01 -1.12791196e-01
 -1.09647050e-01 -1.06230997e-01 -1.02540135e-01 -9.85730737e-02 -9.43315178e-02
 -8.98214653e-02 -8.50539580e-02 -8.00456032e-02 -7.48189688e-02 -6.94030225e-02
 -6.38334528e-02 -5.81527986e-02 -5.24098203e-02 -4.66578081e-02 -4.09514010e-02
 -3.53420563e-02 -2.98727229e-02 -2.45726518e-02 -1.94534324e-02 -1.45071242e-02
 -9.70687065e-03 -5.00986865e-03 -3.62028833e-04  4.29670233e-03  9.02741589e-03
  1.38884382e-02  1.89329162e-02  2.42076274e-02  2.97526233e-02  3.56012732e-02
  4.17802483e-02  4.83090505e-02  5.51985875e-02  6.24482296e-02  7.00404420e-02
  7.79319182e-02  8.60401466e-02  9.42259654e-02  1.02278486e-01  1.09917387e-01
  1.16826087e-01  1.22706987e-01  1.27329826e-01  1.30558640e-01  1.32365808e-01
  1.32837340e-01  1.32166237e-01  1.30618811e-01  1.28473625e-01  1.25969574e-01
 -1.14822119e-01 -1.20988972e-01 -1.25392020e-01 -1.28480956e-01 -1.30698413e-01
 -1.32001668e-01 -1.32318467e-01 -1.31753802e-01 -1.30473360e-01 -1.28623560e-01
 -1.26319572e-01 -1.23644918e-01 -1.20653160e-01 -1.17372259e-01 -1.13810815e-01
 -1.09965071e-01 -1.05825320e-01 -1.01381168e-01 -9.66254994e-02 -9.15569961e-02
 -8.61815214e-02 -8.05124715e-02 -7.45706856e-02 -6.83845207e-02 -6.19906634e-02
 -5.54358214e-02 -4.87788953e-02 -4.20924760e-02 -3.54622081e-02 -2.89823338e-02
 -2.27469262e-02 -1.68379918e-02 -1.13133676e-02 -6.19751029e-03 -1.47729297e-03
  2.89624161e-03  7.00036902e-03  1.09290713e-02  1.47804515e-02  1.86464097e-02
  2.26063225e-02  2.67245658e-02  3.10505927e-02  3.56202424e-02  4.04572450e-02
  4.55742702e-02  5.09732291e-02  5.66445328e-02  6.25652298e-02  6.86958879e-02
  7.49764219e-02  8.13214779e-02  8.76169726e-02  9.37204063e-02  9.94678587e-02
  1.04688585e-01  1.09224737e-01  1.12950951e-01  1.15789488e-01  1.17718920e-01
  1.18775353e-01  1.19045593e-01  1.18652210e-01  1.17733650e-01  1.16425380e-01
 -1.11031607e-01 -1.17954083e-01 -1.24703437e-01 -1.31258294e-01 -1.37142390e-01
 -1.40178993e-01 -1.40303001e-01 -1.39111668e-01 -1.37010053e-01 -1.34256005e-01
 -1.31055698e-01 -1.27540782e-01 -1.23778015e-01 -1.19783930e-01 -1.15542337e-01
 -1.11020885e-01 -1.06183432e-01 -1.00998513e-01 -9.54446942e-02 -8.95136669e-02
 -8.32109600e-02 -7.65541568e-02 -6.95693269e-02 -6.22883551e-02 -5.47494367e-02
 -4.70017456e-02 -3.91135626e-02 -3.11819818e-02 -2.33400725e-02 -1.57547109e-02
 -8.60867742e-03 -2.06925510e-03  3.74367181e-03  8.77900328e-03  1.30635118e-02
  1.66988093e-02  1.98435895e-02  2.26816721e-02  2.53877491e-02  2.81054042e-02
  3.09408400e-02  3.39664184e-02  3.72274891e-02  4.07489203e-02  4.45400178e-02
  4.85977009e-02  5.29081710e-02  5.74473701e-02  6.21805266e-02  6.70611262e-02
  7.20296800e-02  7.70129412e-02  8.19242448e-02  8.66658762e-02  9.11339298e-02
  9.52256620e-02  9.88482311e-02  1.01927482e-01  1.04414962e-01  1.06292114e-01
  1.07570849e-01  1.08290330e-01  1.08510725e-01  1.08304948e-01  1.07750416e-01
 -1.08530991e-01 -1.16458215e-01 -1.25183776e-01 -1.35141879e-01 -1.46493137e-01
 -1.52090922e-01 -1.52197063e-01 -1.49612397e-01 -1.45509526e-01 -1.41095296e-01
 -1.36526376e-01 -1.31940603e-01 -1.27364233e-01 -1.22726776e-01 -1.17923126e-01
 -1.12849332e-01 -1.07414924e-01 -1.01550035e-01 -9.52092707e-02 -8.83745104e-02
 -8.10593963e-02 -7.33030811e-02 -6.51504695e-02 -5.66361398e-02 -4.77826074e-02
 -3.86110134e-02 -2.91610267e-02 -1.95209142e-02 -9.86892637e-03 -5.10463084e-04
  8.14750139e-03  1.57233141e-02  2.19667312e-02  2.67738830e-02  3.01954933e-02
  3.24471518e-02  3.39051634e-02  3.49912569e-02  3.60342152e-02  3.72372046e-02
  3.87089290e-02  4.04994562e-02  4.26245220e-02  4.50797752e-02  4.78486270e-02
  5.09062856e-02  5.42215966e-02  5.77576235e-02  6.14715703e-02  6.53144196e-02
  6.92307055e-02  7.31586590e-02  7.70311430e-02  8.07775483e-02  8.43267217e-02
  8.76107737e-02  9.05694142e-02  9.31540281e-02  9.53310430e-02  9.70838964e-02
  9.84133780e-02  9.93362442e-02  9.98824090e-02  1.00091182e-01  1.00007251e-01
 -1.05068557e-01 -1.13274030e-01 -1.22602992e-01 -1.33622453e-01 -1.47284284e-01
 -1.56098053e-01 -1.61219776e-01 -1.59455463e-01 -1.55064732e-01 -1.48071498e-01
 -1.41432598e-01 -1.35796875e-01 -1.30766556e-01 -1.25900656e-01 -1.20899811e-01
 -1.15589745e-01 -1.09787956e-01 -1.03377029e-01 -9.63008702e-02 -8.84808823e-02
 -7.99555704e-02 -7.08976686e-02 -6.14403076e-02 -5.16164675e-02 -4.13885117e-02
 -3.06814592e-02 -1.94074512e-02 -7.49571901e-03  5.03294682e-03  1.78015102e-02
  2.94652730e-02  3.87930386e-02  4.58261892e-02  5.00798784e-02  5.19136414e-02
  5.11486493e-02  4.91538905e-02  4.73130494e-02  4.60414663e-02  4.54078466e-02
  4.53849100e-02  4.59181257e-02  4.69474122e-02  4.84142676e-02  5.02635390e-02
  5.24431430e-02  5.49030527e-02  5.75941168e-02  6.04669824e-02  6.34712800e-02
  6.65551573e-02  6.96652606e-02  7.27472976e-02  7.57471099e-02  7.86122605e-02
  8.12940300e-02  8.37495625e-02  8.59438777e-02  8.78514871e-02  8.94573703e-02
  9.07571241e-02  9.17563736e-02  9.24693868e-02  9.29172263e-02  9.31256860e-02
 -9.98000428e-02 -1.07315697e-01 -1.15609474e-01 -1.24793224e-01 -1.34691328e-01
 -1.44675195e-01 -1.56592920e-01 -1.57723427e-01 -1.57939032e-01 -1.49310395e-01
 -1.42050087e-01 -1.37011856e-01 -1.33478105e-01 -1.29439190e-01 -1.24388427e-01
 -1.19821616e-01 -1.14029355e-01 -1.06848143e-01 -9.97603312e-02 -9.07792747e-02
 -7.99780414e-02 -6.91247731e-02 -5.83017543e-02 -4.73347567e-02 -3.60105485e-02
 -2.40895078e-02 -1.12844212e-02  2.78267940e-03  1.86710861e-02  3.74472253e-02
  5.79310879e-02  6.47896901e-02  7.82869533e-02  7.62814879e-02  8.16876665e-02
  7.06961453e-02  6.26017377e-02  5.72345592e-02  5.36517203e-02  5.13752922e-02
  5.01022078e-02  4.96235266e-02  4.97875065e-02  5.04790694e-02  5.16072586e-02
  5.30971661e-02  5.48845381e-02  5.69121130e-02  5.91271073e-02  6.14795685e-02
  6.39213696e-02  6.64057806e-02  6.88874871e-02  7.13230148e-02  7.36715123e-02
  7.58957043e-02  7.79629722e-02  7.98463002e-02  8.15251097e-02  8.29856917e-02
  8.42213258e-02  8.52319002e-02  8.60232636e-02  8.66062120e-02  8.69953409e-02
 -9.30925012e-02 -9.94627625e-02 -1.06197417e-01 -1.13243148e-01 -1.20484203e-01
 -1.27729639e-01 -1.34537160e-01 -1.40657097e-01 -1.49441063e-01 -1.39310390e-01
 -1.34619549e-01 -1.32083312e-01 -1.32076666e-01 -1.29789680e-01 -1.23810329e-01
 -1.21416837e-01 -1.15997970e-01 -1.07300870e-01 -1.02069825e-01 -9.21548828e-02
 -7.84950256e-02 -6.64037243e-02 -5.49377464e-02 -4.35780138e-02 -3.19601521e-02
 -1.97597370e-02 -6.61899988e-03  7.92465918e-03  2.45302971e-02  4.41039018e-02
  6.34438396e-02  7.27001578e-02  8.36568773e-02  8.39889497e-02  8.61958265e-02
  7.66412392e-02  6.74146712e-02  6.10384680e-02  5.66986836e-02  5.38241081e-02
  5.20405993e-02  5.10961786e-02  5.08138798e-02  5.10639437e-02  5.17471246e-02
  5.27843013e-02  5.41098081e-02  5.56670800e-02  5.74057885e-02  5.92799596e-02
  6.12468235e-02  6.32661879e-02  6.53001815e-02  6.73133656e-02  6.92730322e-02
  7.11496174e-02  7.29172826e-02  7.45543242e-02  7.60435984e-02  7.73727298e-02
  7.85341561e-02  7.95248896e-02  8.03461894e-02  8.10029581e-02  8.15031007e-02
  3.54212952e+00  3.71878886e+00  3.86369038e+00  3.98341084e+00  4.07941198e+00
  4.13891268e+00  4.17064667e+00  4.17814970e+00  4.16496420e+00  4.13762474e+00
  4.09762859e+00  4.05022097e+00  3.99820423e+00  3.94263625e+00  3.88716936e+00
  3.83046889e+00  3.77581787e+00  3.72310257e+00  3.67276597e+00  3.62570167e+00
  3.58228517e+00  3.54363656e+00  3.50852633e+00  3.47734737e+00  3.45082307e+00
  3.42797232e+00  3.40892291e+00  3.39284682e+00  3.38039303e+00  3.37123227e+00
  3.36496878e+00  3.36164093e+00  3.36109471e+00  3.36322284e+00  3.36826015e+00
  3.37616754e+00  3.38684630e+00  3.40029263e+00  3.41670513e+00  3.43614674e+00
  3.45886397e+00  3.48504281e+00  3.51480436e+00  3.54830909e+00  3.58609843e+00
  3.62832212e+00  3.67543674e+00  3.72802258e+00  3.78636122e+00  3.85141134e+00
  3.92349672e+00  4.00345898e+00  4.09271574e+00  4.19149017e+00  4.30329275e+00
  4.42783117e+00  4.56999540e+00  4.73117018e+00  4.91862488e+00  5.13652563e+00
  5.39536142e+00  5.71494627e+00  6.13260889e+00  6.75686646e+00  1.05435457e+01
   91   89
  1.05222321e+00  0.00000000e+00  1.05250001e+00  5.07332720e-02  1.05646753e+00
  1.50000006e-01  1.06312585e+00  2.50000000e-01  1.07236183e+00  3.49999994e-01
  1.07906246e+00  4.12016779e-01  1.08898389e+00  5.00000000e-01  1.09936738e+00
  6.00000024e-01  1.10562503e+00  6.60074472e-01  1.11601543e+00  7.50000000e-01
  1.12752783e+00  8.50000024e-01  1.13401806e+00  8.99999976e-01  1.14428508e+00
  1.00000000e+00  1.14895391e+00  1.08622539e+00  1.14986408e+00  1.12245083e+00
  1.21187496e+00  1.10476768e+00  1.23843753e+00  1.09637809e+00  1.29156256e+00
  1.08396864e+00  1.34468746e+00  1.07109797e+00  1.39781249e+00  1.05686271e+00
  1.42437506e+00  1.04913282e+00  1.47749996e+00  1.03389287e+00  1.53062499e+00
  1.01634991e+00  1.57338774e+00  1.00000000e+00  1.61031246e+00  9.85804677e-01
  1.66343749e+00  9.61439669e-01  1.69000006e+00  9.47822213e-01  1.74312496e+00
  9.18206155e-01  1.77112389e+00  8.99999976e-01  1.82281256e+00  8.64983380e-01
  1.84937501e+00  8.44703376e-01  1.90245843e+00  8.00000012e-01  1.92906249e+00
  7.76301205e-01  1.95586002e+00  7.50000000e-01  2.00411868e+00  6.99999988e-01
  2.03531241e+00  6.64034486e-01  2.06187510e+00  6.31101727e-01  2.08843756e+00
  5.95243454e-01  2.11826205e+00  5.50000012e-01  2.14820719e+00  5.00000000e-01
  2.17476463e+00  4.49999988e-01  2.19853473e+00  4.00000006e-01  2.22125006e+00
  3.48345786e-01  2.24781251e+00  2.77876168e-01  2.27322268e+00  2.00000003e-01
  2.28607655e+00  1.50000006e-01  2.30093741e+00  5.64532168e-02  2.30462885e+00
  0.00000000e+00  2.30093741e+00 -8.39384645e-02  2.29132724e+00 -1.50000006e-01
  2.27437496e+00 -2.17393622e-01  2.24825215e+00 -3.00000012e-01  2.23025250e+00
 -3.49999994e-01  2.21002769e+00 -4.00000006e-01  2.18711901e+00 -4.49999988e-01
  2.16086626e+00 -5.00000000e-01  2.13046861e+00 -5.50000012e-01  2.09515929e+00
 -6.00000024e-01  2.06187510e+00 -6.42143488e-01  2.03531241e+00 -6.72195017e-01
  2.00843334e+00 -6.99999988e-01  1.95562506e+00 -7.48622954e-01  1.92906249e+00
 -7.70669281e-01  1.88895833e+00 -8.00000012e-01  1.84937501e+00 -8.27080309e-01
  1.80909801e+00 -8.50000024e-01  1.76968753e+00 -8.71094286e-01  1.71656251e+00
 -8.93977106e-01  1.69000006e+00 -9.03464198e-01  1.63687503e+00 -9.20367181e-01
  1.58375001e+00 -9.32438076e-01  1.53062499e+00 -9.39760923e-01  1.47749996e+00
 -9.42111075e-01  1.42437506e+00 -9.38566864e-01  1.37125003e+00 -9.27035928e-01
  1.31812501e+00 -9.03055727e-01  1.29156256e+00 -8.84945691e-01  1.25548637e+00
 -8.50000024e-01  1.21901286e+00 -8.00000012e-01  1.19186175e+00 -7.50000000e-01
  1.17012334e+00 -6.99999988e-01  1.15203214e+00 -6.49999976e-01  1.13218749e+00
 -5.83309948e-01  1.11157310e+00 -5.00000000e-01  1.10063899e+00 -4.49999988e-01
  1.08250928e+00 -3.49999994e-01  1.07461715e+00 -3.00000012e-01  1.06292200e+00
 -2.00000003e-01  1.05566216e+00 -1.00000001e-01  1.05250001e+00 -1.02511365e-02
  1.05222321e+00  0.00000000e+00
  1.01600003e+00  0.00000000e+00  1.01600003e+00  9.63999987e-01  1.01800001e+00
  9.67999995e-01  1.01800001e+00  1.00100005e+00  1.01800001e+00  1.01900005e+00
  1.01800001e+00  1.07700002e+00  1.01800001e+00  1.07000005e+00  1.01800001e+00
  1.09599996e+00  1.01800001e+00  1.11300004e+00  1.01800001e+00  1.13800001e+00
  1.01600003e+00  1.14699996e+00  1.01199996e+00  1.16499996e+00  1.00100005e+00
  1.21700001e+00  1.02900004e+00  1.21700001e+00  1.04200006e+00  1.16240001e+00
  1.04600000e+00  1.16237998e+00  1.05599999e+00  1.16260004e+00  1.09700000e+00
  1.16450000e+00  1.10800004e+00  1.16594005e+00  1.11600006e+00  1.16591001e+00
  1.13399994e+00  1.16895998e+00  1.14800000e+00  1.17174995e+00  1.16199994e+00
  1.17556000e+00  1.18099999e+00  1.18299997e+00  1.18200004e+00  1.18350005e+00
  1.18499994e+00  1.18499994e+00  1.19000006e+00  1.18799996e+00  1.19500005e+00
  1.19099998e+00  1.20099998e+00  1.19599998e+00  1.20899999e+00  1.20200002e+00
  1.21500003e+00  1.20799994e+00  1.22200000e+00  1.21399999e+00  1.22800004e+00
  1.22099996e+00  1.23399997e+00  1.23099995e+00  1.23899996e+00  1.23800004e+00
  1.24199998e+00  1.24399996e+00  1.24800003e+00  1.25399995e+00  1.25800002e+00
  1.27800000e+00  1.26300001e+00  1.28999996e+00  1.27999997e+00  1.33099997e+00
  1.27999997e+00  1.34700000e+00  1.27999997e+00  1.34800005e+00  1.30999994e+00
  1.34800005e+00  1.32799995e+00  1.34800005e+00  1.36099994e+00  1.34800005e+00
  1.38000000e+00  1.34800005e+00  1.41900003e+00  1.34800005e+00  1.41900003e+00
  1.30999994e+00  1.37199998e+00  1.30999994e+00  1.37199998e+00  1.29200006e+00
  1.60800004e+00  1.09500003e+00  1.64699996e+00  1.07700002e+00  1.78499997e+00
  1.07700002e+00  2.06999993e+00  1.03999996e+00  2.12800002e+00  9.92999971e-01
  2.24499989e+00  7.08999991e-01  2.32299995e+00  5.18999994e-01  2.37700009e+00
  3.88999999e-01  2.35200000e+00  4.00000006e-01  2.35100007e+00  3.37000012e-01
  2.35100007e+00  2.04999998e-01  2.35400009e+00  6.80000037e-02  2.35400009e+00
  0.00000000e+00  2.35400009e+00 -6.80000037e-02  2.35299993e+00 -2.04999998e-01
  2.35100007e+00 -3.37000012e-01  2.35299993e+00 -4.00000006e-01  2.37700009e+00
 -3.88999999e-01  2.13400006e+00 -9.72999990e-01  1.78600001e+00 -1.17400002e+00
  1.76800001e+00 -1.21099997e+00  1.76800001e+00 -1.25399995e+00  1.68200004e+00
 -1.25399995e+00  1.67400002e+00 -1.26199996e+00  1.67400002e+00 -1.32900000e+00
  1.68099999e+00 -1.33899999e+00  1.75399995e+00 -1.33899999e+00  1.75399995e+00
 -1.36800003e+00  1.68900001e+00 -1.36800003e+00  1.68900001e+00 -1.36600006e+00
  1.55499995e+00 -1.36600006e+00  1.41199994e+00 -1.36600006e+00  1.27300000e+00
 -1.36600006e+00  1.15300000e+00 -1.36600006e+00  1.01600003e+00 -1.22899997e+00
  1.01600003e+00 -8.00000012e-01  1.01600003e+00 -4.14999992e-01  1.01600003e+00
 -4.00000006e-01  1.01600003e+00  0.00000000e+00
    0 0.000000000e+00    0
  0.00000000e+00  1.19370714e-01  1.70799583e-01  2.11249441e-01  2.44749159e-01
  2.75764048e-01  3.03948462e-01  3.29836696e-01  3.53857696e-01  3.76217544e-01
  3.97106856e-01  4.16863382e-01  4.35346484e-01  4.52954918e-01  4.69672531e-01
  4.85520452e-01  5.00649214e-01  5.15268326e-01  5.29138803e-01  5.42487681e-01
  5.55458426e-01  5.67970812e-01  5.80029368e-01  5.91774046e-01  6.03159130e-01
  6.14314973e-01  6.25217855e-01  6.35827601e-01  6.46199584e-01  6.56404376e-01
  6.66496575e-01  6.76375091e-01  6.86074615e-01  6.95662498e-01  7.05136597e-01
  7.14508891e-01  7.23799706e-01  7.32979417e-01  7.42098808e-01  7.51146138e-01
  7.60127783e-01  7.69100487e-01  7.78044283e-01  7.86941767e-01  7.95837283e-01
  8.04730654e-01  8.13634634e-01  8.22575688e-01  8.31539810e-01  8.40562344e-01
  8.49641979e-01  8.58800590e-01  8.68068397e-01  8.77421260e-01  8.86962533e-01
  8.96604180e-01  9.06468451e-01  9.16533530e-01  9.26887929e-01  9.37536478e-01
  9.48507965e-01  9.59975302e-01  9.72084939e-01  9.84994054e-01  1.00000000e+00
    0
