   EFIT?   05/12/98      #102940   596             3  65  65
  1.70000005e+00  3.20000005e+00  1.69550002e+00  8.39999974e-01  0.00000000e+00
  1.78132534e+00 -4.19403287e-03 -2.89702266e-01 -1.38126805e-01 -2.00478840e+00
  9.11620062e+05 -2.89702266e-01  0.00000000e+00  1.78132534e+00  0.00000000e+00
 -4.19403287e-03  0.00000000e+00 -1.38126805e-01  0.00000000e+00  0.00000000e+00
 -3.41332388e+00 -3.41603184e+00 -3.41833949e+00 -3.42028117e+00 -3.42188787e+00
 -3.42318821e+00 -3.42420840e+00 -3.42497230e+00 -3.42550254e+00 -3.42581940e+00
 -3.42594194e+00 -3.42588806e+00 -3.42567444e+00 -3.42531705e+00 -3.42483068e+00
 -3.42422938e+00 -3.42352724e+00 -3.42273760e+00 -3.42187309e+00 -3.42094660e+00
 -3.41997123e+00 -3.41895866e+00 -3.41792083e+00 -3.41686726e+00 -3.41580749e+00
 -3.41474962e+00 -3.41370153e+00 -3.41266942e+00 -3.41165972e+00 -3.41067743e+00
 -3.40972757e+00 -3.40881419e+00 -3.40794110e+00 -3.40711117e+00 -3.40632701e+00
 -3.40559125e+00 -3.40490532e+00 -3.40427065e+00 -3.40368819e+00 -3.40315866e+00
 -3.40268183e+00 -3.40225768e+00 -3.40188551e+00 -3.40156412e+00 -3.40129232e+00
 -3.40106797e+00 -3.40088868e+00 -3.40075183e+00 -3.40065384e+00 -3.40059114e+00
 -3.40055919e+00 -3.40055275e+00 -3.40056682e+00 -3.40059447e+00 -3.40062904e+00
 -3.40066242e+00 -3.40068603e+00 -3.40069032e+00 -3.40066433e+00 -3.40059614e+00
 -3.40047312e+00 -3.40028071e+00 -3.40000272e+00 -3.39962173e+00 -3.39911866e+00
  2.91273770e+04  2.61226836e+04  2.34436465e+04  2.10655293e+04  1.89648301e+04
  1.71192285e+04  1.55075361e+04  1.41096504e+04  1.29065117e+04  1.18800615e+04
  1.10132012e+04  1.02897559e+04  9.69443555e+03  9.21280762e+03  8.83125977e+03
  8.53697168e+03  8.31788770e+03  8.16268994e+03  8.06077246e+03  8.00222021e+03
  7.97778369e+03  7.97886182e+03  7.99748242e+03  8.02628320e+03  8.05849609e+03
  8.08793506e+03  8.10897754e+03  8.11655664e+03  8.10614746e+03  8.07375830e+03
  8.01592090e+03  7.92968359e+03  7.81260498e+03  7.66274805e+03  7.47867529e+03
  7.25944727e+03  7.00461963e+03  6.71424072e+03  6.38885449e+03  6.02949951e+03
  5.63771289e+03  5.21553125e+03  4.76549854e+03  4.29066846e+03  3.79461255e+03
  3.28142871e+03  2.75574951e+03  2.22275122e+03  1.68816785e+03  1.15830103e+03
  6.40035706e+02  1.40854431e+02 -3.31145996e+02 -7.67236816e+02 -1.15803784e+03
 -1.49349731e+03 -1.76286926e+03 -1.95469055e+03 -2.05675488e+03 -2.05608691e+03
 -1.93891260e+03 -1.69063000e+03 -1.29577673e+03 -7.37995850e+02  0.00000000e+00
  4.20395851e+00  3.60436749e+00  3.05493140e+00  2.55149317e+00  2.09030056e+00
  1.66797304e+00  1.28147137e+00  9.28072155e-01  6.05342507e-01  3.11119676e-01
  4.34915237e-02 -1.99220181e-01 -4.18474495e-01 -6.15524173e-01 -7.91426659e-01
 -9.47053373e-01 -1.08309746e+00 -1.20007980e+00 -1.29835355e+00 -1.37810743e+00
 -1.43953037e+00 -1.48385727e+00 -1.51271319e+00 -1.52759016e+00 -1.52985680e+00
 -1.52077103e+00 -1.50149083e+00 -1.47308481e+00 -1.43654072e+00 -1.39277530e+00
 -1.34264159e+00 -1.28693640e+00 -1.22640789e+00 -1.16176164e+00 -1.09366679e+00
 -1.02276266e+00 -9.49663341e-01 -8.74963939e-01 -7.99245298e-01 -7.23079443e-01
 -6.47034466e-01 -5.71679294e-01 -4.97589260e-01 -4.25350577e-01 -3.55565786e-01
 -2.88859099e-01 -2.25881726e-01 -1.67317703e-01 -1.13889866e-01 -6.63662478e-02
 -2.55667958e-02  7.62938848e-03  3.22763324e-02  4.73528728e-02  5.17536663e-02
  4.42794710e-02  2.36266013e-02 -1.16245449e-02 -6.30219653e-02 -1.32255688e-01
 -2.21172586e-01 -3.31792682e-01 -4.66326892e-01 -6.27196431e-01 -8.17054212e-01
 -1.34010700e+06 -1.19724875e+06 -1.06510125e+06 -9.43132188e+05 -8.30831938e+05
 -7.27712125e+05 -6.33304438e+05 -5.47159750e+05 -4.68847125e+05 -3.97952812e+05
 -3.34079312e+05 -2.76844688e+05 -2.25881438e+05 -1.80835969e+05 -1.41367641e+05
 -1.07148039e+05 -7.78603438e+04 -5.31985352e+04 -3.28667773e+04 -1.65787422e+04
 -4.05698730e+03  4.96764746e+03  1.07566396e+04  1.35643545e+04  1.36386074e+04
  1.12212051e+04  6.54847754e+03 -1.48199692e+02 -8.64190039e+03 -1.87096465e+04
 -3.01319199e+04 -4.26921797e+04 -5.61763867e+04 -7.03725234e+04 -8.50701562e+04
 -1.00059938e+05 -1.15133164e+05 -1.30081312e+05 -1.44695609e+05 -1.58766500e+05
 -1.72083281e+05 -1.84433578e+05 -1.95602891e+05 -2.05374109e+05 -2.13527062e+05
 -2.19838031e+05 -2.24079250e+05 -2.26018391e+05 -2.25418047e+05 -2.22035297e+05
 -2.15621031e+05 -2.05919516e+05 -1.92667797e+05 -1.75595109e+05 -1.54422266e+05
 -1.28861109e+05 -9.86138281e+04 -6.33722891e+04 -2.28174102e+04  2.33815840e+04
  7.55678672e+04  1.34097766e+05  1.99341562e+05  2.71684281e+05  3.51526531e+05
 -1.08838513e-01 -1.14245743e-01 -1.19979344e-01 -1.25966296e-01 -1.32083535e-01
 -1.38138771e-01 -1.43683136e-01 -1.48557574e-01 -1.54439524e-01 -1.44251704e-01
 -1.38413399e-01 -1.34164169e-01 -1.31516084e-01 -1.28077030e-01 -1.22747526e-01
 -1.19356506e-01 -1.14656255e-01 -1.08143076e-01 -1.03398480e-01 -9.64266062e-02
 -8.73124376e-02 -7.89426491e-02 -7.07994327e-02 -6.25827163e-02 -5.40669113e-02
 -4.50366922e-02 -3.52420546e-02 -2.43491028e-02 -1.18709421e-02  2.77162809e-03
  1.65406112e-02  2.41791364e-02  3.14011201e-02  3.23745087e-02  3.29340398e-02
  2.63894536e-02  1.93002578e-02  1.43276043e-02  1.09318616e-02  8.68074782e-03
  7.28863105e-03  6.55939290e-03  6.35297224e-03  6.56605279e-03  7.12000299e-03
  7.95288570e-03  9.01406724e-03  1.02605624e-02  1.16545986e-02  1.31619982e-02
  1.47511531e-02  1.63924340e-02  1.80579107e-02  1.97213255e-02  2.13582441e-02
  2.29463298e-02  2.44656801e-02  2.58991774e-02  2.72327848e-02  2.84557734e-02
  2.95607988e-02  3.05438563e-02  3.14040892e-02  3.21434624e-02  3.27663571e-02
 -1.13581225e-01 -1.19995244e-01 -1.27184033e-01 -1.35236979e-01 -1.43941745e-01
 -1.52711138e-01 -1.63419276e-01 -1.62974879e-01 -1.61902815e-01 -1.52504966e-01
 -1.44561678e-01 -1.38510734e-01 -1.33726701e-01 -1.29064113e-01 -1.24110937e-01
 -1.19530424e-01 -1.14463732e-01 -1.08732320e-01 -1.03040010e-01 -9.64174867e-02
 -8.88123587e-02 -8.10867846e-02 -7.32685104e-02 -6.52366281e-02 -5.68390489e-02
 -4.78952043e-02 -3.81763391e-02 -2.73676757e-02 -1.50009617e-02 -4.44653473e-04
  1.35115441e-02  2.08595581e-02  2.84876358e-02  2.92765759e-02  3.04011032e-02
  2.38222443e-02  1.70265716e-02  1.23401796e-02  9.18252673e-03  7.14149745e-03
  5.94977243e-03  5.42441290e-03  5.43403020e-03  5.88025106e-03  6.68653613e-03
  7.79103627e-03  9.14181769e-03  1.06935911e-02  1.24054467e-02  1.42393215e-02
  1.61590204e-02  1.81296840e-02  2.01176256e-02  2.20904909e-02  2.40176544e-02
  2.58708149e-02  2.76246648e-02  2.92575937e-02  3.07522714e-02  3.20960842e-02
  3.32813188e-02  3.43050919e-02  3.51690054e-02  3.58785950e-02  3.64425667e-02
 -1.16712637e-01 -1.23736635e-01 -1.31929025e-01 -1.41841128e-01 -1.54361472e-01
 -1.61522597e-01 -1.65721968e-01 -1.63014933e-01 -1.58092633e-01 -1.50709137e-01
 -1.43783897e-01 -1.37827083e-01 -1.32533476e-01 -1.27587765e-01 -1.22763835e-01
 -1.17915168e-01 -1.12904474e-01 -1.07633613e-01 -1.02041550e-01 -9.60608274e-02
 -8.96824077e-02 -8.29655975e-02 -7.59512782e-02 -6.86278939e-02 -6.09435961e-02
 -5.28209843e-02 -4.41673659e-02 -3.48878764e-02 -2.49255709e-02 -1.44720171e-02
 -4.92740748e-03  2.27491697e-03  7.73290638e-03  1.05518615e-02  1.15302932e-02
  9.86987352e-03  7.25519750e-03  5.07218484e-03  3.53552005e-03  2.62508681e-03
  2.27840897e-03  2.42791721e-03  3.01061012e-03  3.97012522e-03  5.25628449e-03
  6.82382332e-03  8.63096491e-03  1.06380824e-02  1.28065683e-02  1.50979646e-02
  1.74734034e-02  1.98933855e-02  2.23179478e-02  2.47072168e-02  2.70223171e-02
  2.92265788e-02  3.12869065e-02  3.31751443e-02  3.48692797e-02  3.63543071e-02
  3.76226269e-02  3.86739150e-02  3.95144932e-02  4.01562676e-02  4.06153947e-02
 -1.17709078e-01 -1.24406084e-01 -1.32031515e-01 -1.40998349e-01 -1.51310474e-01
 -1.55653551e-01 -1.55281797e-01 -1.52316004e-01 -1.48059562e-01 -1.43540844e-01
 -1.38916641e-01 -1.34340197e-01 -1.29865676e-01 -1.25461563e-01 -1.21060811e-01
 -1.16590150e-01 -1.11981444e-01 -1.07177258e-01 -1.02133520e-01 -9.68209878e-02
 -9.12272707e-02 -8.53536054e-02 -7.92049393e-02 -7.27819055e-02 -6.60804510e-02
 -5.90990074e-02 -5.18529192e-02 -4.43992205e-02 -3.68768163e-02 -2.95529701e-02
 -2.28100810e-02 -1.70037299e-02 -1.23522747e-02 -8.94652866e-03 -6.74233073e-03
 -5.55008510e-03 -5.01324050e-03 -4.73326258e-03 -4.42187395e-03 -3.91796138e-03
 -3.14482441e-03 -2.07332708e-03 -7.00028264e-04  9.64612991e-04  2.90234946e-03
  5.09013934e-03  7.50142243e-03  1.01064555e-02  1.28721595e-02  1.57617852e-02
  1.87346302e-02  2.17460319e-02  2.47478001e-02  2.76892744e-02  3.05190198e-02
  3.31870988e-02  3.56477387e-02  3.78620252e-02  3.98003384e-02  4.14440967e-02
  4.27865759e-02  4.38326597e-02  4.45975736e-02  4.51047644e-02  4.53832932e-02
 -1.17126070e-01 -1.22764803e-01 -1.28543258e-01 -1.34388134e-01 -1.39697060e-01
 -1.42268404e-01 -1.42232955e-01 -1.41013339e-01 -1.38958514e-01 -1.36313990e-01
 -1.33282319e-01 -1.30001977e-01 -1.26554713e-01 -1.22976720e-01 -1.19272545e-01
 -1.15428381e-01 -1.11422233e-01 -1.07230797e-01 -1.02833934e-01 -9.82172787e-02
 -9.33733955e-02 -8.83014873e-02 -8.30063224e-02 -7.74977729e-02 -7.17924461e-02
 -6.59181997e-02 -5.99214248e-02 -5.38761988e-02 -4.78919297e-02 -4.21128124e-02
 -3.67013998e-02 -3.18077877e-02 -2.75389422e-02 -2.39396300e-02 -2.09845807e-02
 -1.85806416e-02 -1.65825970e-02 -1.48241529e-02 -1.31513793e-02 -1.14423716e-02
 -9.61077213e-03 -7.60049885e-03 -5.37838321e-03 -2.92781671e-03 -2.44187540e-04
  2.66800704e-03  5.79672353e-03  9.12293978e-03  1.26205059e-02  1.62555557e-02
  1.99857540e-02  2.37597879e-02  2.75175460e-02  3.11914552e-02  3.47092338e-02
  3.79980318e-02  4.09895368e-02  4.36254181e-02  4.58623245e-02  4.76755053e-02
  4.90605235e-02  5.00327013e-02  5.06244637e-02  5.08808643e-02  5.08541204e-02
 -1.16574563e-01 -1.21296473e-01 -1.25146240e-01 -1.28247187e-01 -1.30677283e-01
 -1.32242307e-01 -1.32842973e-01 -1.32581204e-01 -1.31621063e-01 -1.30111903e-01
 -1.28176436e-01 -1.25909477e-01 -1.23378560e-01 -1.20626941e-01 -1.17678374e-01
 -1.14542551e-01 -1.11220337e-01 -1.07708149e-01 -1.04001328e-01 -1.00096621e-01
 -9.59937721e-02 -9.16966051e-02 -8.72137621e-02 -8.25596899e-02 -7.77561143e-02
 -7.28341565e-02 -6.78366721e-02 -6.28200620e-02 -5.78540452e-02 -5.30178919e-02
 -4.83923778e-02 -4.40486409e-02 -4.00368199e-02 -3.63774858e-02 -3.30578089e-02
 -3.00331414e-02 -2.72340570e-02 -2.45772358e-02 -2.19771862e-02 -1.93555169e-02
 -1.66461747e-02 -1.37970457e-02 -1.07692648e-02 -7.53559079e-03 -4.07871325e-03
 -3.89997585e-04  3.53110838e-03  7.67689105e-03  1.20303510e-02  1.65633485e-02
  2.12340597e-02  2.59842258e-02  3.07372138e-02  3.53984796e-02  3.98596525e-02
  4.40061465e-02  4.77270409e-02  5.09263314e-02  5.35338707e-02  5.55133149e-02
  5.68653531e-02  5.76264150e-02  5.78635037e-02  5.76646440e-02  5.71259819e-02
 -1.17862143e-01 -1.23371243e-01 -1.23764120e-01 -1.24248333e-01 -1.25262558e-01
 -1.26089856e-01 -1.26528919e-01 -1.26520380e-01 -1.26072481e-01 -1.25224054e-01
 -1.24023154e-01 -1.22515939e-01 -1.20741278e-01 -1.18728861e-01 -1.16499387e-01
 -1.14066005e-01 -1.11436233e-01 -1.08614109e-01 -1.05602093e-01 -1.02402747e-01
 -9.90200490e-02 -9.54605192e-02 -9.17341262e-02 -8.78551602e-02 -8.38430822e-02
 -7.97232538e-02 -7.55273923e-02 -7.12933466e-02 -6.70637414e-02 -6.28832802e-02
 -5.87946810e-02 -5.48338108e-02 -5.10248952e-02 -4.73769195e-02 -4.38818932e-02
 -4.05154675e-02 -3.72397080e-02 -3.40074115e-02 -3.07669863e-02 -2.74668522e-02
 -2.40587387e-02 -2.04996336e-02 -1.67526212e-02 -1.27869472e-02 -8.57777614e-03
 -4.10594372e-03  6.41931954e-04  5.67267975e-03  1.09847505e-02  1.65648069e-02
  2.23820452e-02  2.83797234e-02  3.44646648e-02  4.04998660e-02  4.63109389e-02
  5.17061204e-02  5.64907081e-02  6.04884550e-02  6.35729656e-02  6.56873733e-02
  6.68455437e-02  6.71228692e-02  6.66553676e-02  6.56281188e-02  6.42306879e-02
 -1.13123111e-01 -1.16753913e-01 -1.18960775e-01 -1.20171294e-01 -1.20963506e-01
 -1.21539325e-01 -1.21904120e-01 -1.22027785e-01 -1.21890366e-01 -1.21487483e-01
 -1.20825879e-01 -1.19918108e-01 -1.18778355e-01 -1.17419839e-01 -1.15853496e-01
 -1.14087664e-01 -1.12128377e-01 -1.09980054e-01 -1.07646309e-01 -1.05130866e-01
 -1.02438331e-01 -9.95749608e-02 -9.65492800e-02 -9.33726206e-02 -9.00594890e-02
 -8.66277590e-02 -8.30985531e-02 -7.94956237e-02 -7.58443102e-02 -7.21697956e-02
 -6.84950054e-02 -6.48382232e-02 -6.12109154e-02 -5.76160140e-02 -5.40471002e-02
 -5.04885577e-02 -4.69166487e-02 -4.33013178e-02 -3.96083109e-02 -3.58012691e-02
 -3.18434648e-02 -2.76990514e-02 -2.33337302e-02 -1.87149905e-02 -1.38120148e-02
 -8.59541353e-03 -3.03702545e-03  2.88998778e-03  9.21027549e-03  1.59438383e-02
  2.31001824e-02  3.06651182e-02  3.85711044e-02  4.66332398e-02  5.44624776e-02
  6.18023649e-02  6.82945698e-02  7.35329390e-02  7.72545636e-02  7.93865472e-02
  8.00440684e-02  7.93391839e-02  7.73924291e-02  7.47982562e-02  7.19692782e-02
 -1.12783134e-01 -1.17411733e-01 -1.17232002e-01 -1.16947033e-01 -1.17315106e-01
 -1.17771991e-01 -1.18181624e-01 -1.18482888e-01 -1.18639104e-01 -1.18627340e-01
 -1.18434474e-01 -1.18054241e-01 -1.17484763e-01 -1.16726555e-01 -1.15781188e-01
 -1.14650428e-01 -1.13335937e-01 -1.11839212e-01 -1.10161796e-01 -1.08305626e-01
 -1.06273368e-01 -1.04068868e-01 -1.01697437e-01 -9.91661400e-02 -9.64839309e-02
 -9.36616510e-02 -9.07117873e-02 -8.76480043e-02 -8.44843760e-02 -8.12343881e-02
 -7.79097825e-02 -7.45192468e-02 -7.10673556e-02 -6.75536394e-02 -6.39721081e-02
 -6.03112057e-02 -5.65542020e-02 -5.26798777e-02 -4.86634187e-02 -4.44773138e-02
 -4.00921181e-02 -3.54769528e-02 -3.05996966e-02 -2.54268013e-02 -1.99227501e-02
 -1.40491100e-02 -7.76317948e-03 -1.01612974e-03  6.24946877e-03  1.41029702e-02
  2.26302017e-02  3.19399275e-02  4.21734191e-02  5.35166413e-02  6.61535114e-02
  7.89077207e-02  8.76450315e-02  9.54480916e-02  9.98600274e-02  1.01542339e-01
  1.01138607e-01  9.58331451e-02  8.99232477e-02  8.44500735e-02  7.94968233e-02
 -1.07135393e-01 -1.10312372e-01 -1.12094298e-01 -1.12991653e-01 -1.13645971e-01
 -1.14278860e-01 -1.14905290e-01 -1.15492232e-01 -1.16003491e-01 -1.16409510e-01
 -1.16688319e-01 -1.16824374e-01 -1.16806954e-01 -1.16628714e-01 -1.16284542e-01
 -1.15770690e-01 -1.15084268e-01 -1.14222966e-01 -1.13184974e-01 -1.11969002e-01
 -1.10574439e-01 -1.09001487e-01 -1.07251361e-01 -1.05326362e-01 -1.03229985e-01
 -1.00966848e-01 -9.85425487e-02 -9.59633291e-02 -9.32356417e-02 -9.03655216e-02
 -8.73579308e-02 -8.42160136e-02 -8.09404179e-02 -7.75287896e-02 -7.39753842e-02
 -7.02709556e-02 -6.64028376e-02 -6.23550937e-02 -5.81088625e-02 -5.36425672e-02
 -4.89321277e-02 -4.39509600e-02 -3.86697315e-02 -3.30557711e-02 -2.70721093e-02
 -2.06758995e-02 -1.38161378e-02 -6.43025339e-03  1.56101247e-03  1.02615608e-02
  1.98128875e-02  3.04164216e-02  4.23742905e-02  5.61622232e-02  7.24571198e-02
  9.02015865e-02  1.02420479e-01  1.12249181e-01  1.18287727e-01  1.19648457e-01
  1.18734092e-01  1.10526621e-01  1.00563318e-01  9.19939727e-02  8.49147588e-02
 -1.04781836e-01 -1.08601309e-01 -1.09153010e-01 -1.09235816e-01 -1.09926254e-01
 -1.10839278e-01 -1.11832723e-01 -1.12833403e-01 -1.13794297e-01 -1.14682242e-01
 -1.15472950e-01 -1.16148248e-01 -1.16694249e-01 -1.17100097e-01 -1.17356993e-01
 -1.17457516e-01 -1.17395170e-01 -1.17164053e-01 -1.16758779e-01 -1.16174355e-01
 -1.15406282e-01 -1.14450559e-01 -1.13303848e-01 -1.11963511e-01 -1.10427737e-01
 -1.08695552e-01 -1.06766768e-01 -1.04641892e-01 -1.02321878e-01 -9.98077691e-02
 -9.71003026e-02 -9.41993669e-02 -9.11035538e-02 -8.78096595e-02 -8.43124539e-02
 -8.06045309e-02 -7.66762942e-02 -7.25158975e-02 -6.81092069e-02 -6.34397566e-02
 -5.84886409e-02 -5.32342456e-02 -4.76518534e-02 -4.17129211e-02 -3.53840664e-02
 -2.86255181e-02 -2.13889461e-02 -1.36143342e-02 -5.22551732e-03  3.87621531e-03
  1.38211939e-02  2.47837398e-02  3.69973406e-02  5.07705882e-02  6.65187165e-02
  8.48403722e-02  1.01806417e-01  1.10761091e-01  1.20151870e-01  1.21172167e-01
  1.21152118e-01  1.15708008e-01  1.04169510e-01  9.40007046e-02  8.58912766e-02
 -9.79497433e-02 -1.00816779e-01 -1.02743976e-01 -1.04220092e-01 -1.05714738e-01
 -1.07277505e-01 -1.08861476e-01 -1.10425383e-01 -1.11939661e-01 -1.13382258e-01
 -1.14735797e-01 -1.15985908e-01 -1.17120273e-01 -1.18127987e-01 -1.18999071e-01
 -1.19724087e-01 -1.20293945e-01 -1.20699689e-01 -1.20932467e-01 -1.20983496e-01
 -1.20844074e-01 -1.20505698e-01 -1.19960122e-01 -1.19199522e-01 -1.18216679e-01
 -1.17005177e-01 -1.15559563e-01 -1.13875456e-01 -1.11949526e-01 -1.09779395e-01
 -1.07363299e-01 -1.04699671e-01 -1.01786472e-01 -9.86206010e-02 -9.51975659e-02
 -9.15118232e-02 -8.75568315e-02 -8.33247826e-02 -7.88062960e-02 -7.39902556e-02
 -6.88635856e-02 -6.34109899e-02 -5.76145463e-02 -5.14532328e-02 -4.49022129e-02
 -3.79319191e-02 -3.05068567e-02 -2.25841049e-02 -1.41114909e-02 -5.02554607e-03
  4.75047948e-03  1.53079517e-02  2.67526191e-02  3.92025448e-02  5.27928285e-02
  6.77879900e-02  8.54485631e-02  9.55686048e-02  1.01815350e-01  1.09378479e-01
  1.05752632e-01  1.07731968e-01  9.72427502e-02  8.77058804e-02  8.08183476e-02
 -9.09986272e-02 -9.33611691e-02 -9.60706770e-02 -9.88202021e-02 -1.01397268e-01
 -1.03819162e-01 -1.06128223e-01 -1.08345911e-01 -1.10478662e-01 -1.12525083e-01
 -1.14479885e-01 -1.16335787e-01 -1.18084349e-01 -1.19716369e-01 -1.21221967e-01
 -1.22590631e-01 -1.23811215e-01 -1.24871947e-01 -1.25760630e-01 -1.26464531e-01
 -1.26970500e-01 -1.27265140e-01 -1.27334818e-01 -1.27165914e-01 -1.26745135e-01
 -1.26060084e-01 -1.25099763e-01 -1.23854965e-01 -1.22318640e-01 -1.20486051e-01
 -1.18354648e-01 -1.15923569e-01 -1.13192365e-01 -1.10159039e-01 -1.06818482e-01
 -1.03166908e-01 -9.92016345e-02 -9.49197859e-02 -9.03172940e-02 -8.53889883e-02
 -8.01284909e-02 -7.45279863e-02 -6.85779974e-02 -6.22672811e-02 -5.55825755e-02
 -4.85084951e-02 -4.10274491e-02 -3.31198201e-02 -2.47645956e-02 -1.59409083e-02
 -6.63114525e-03  3.17309122e-03  1.34600047e-02  2.41770335e-02  3.51888724e-02
  4.61800806e-02  5.64730540e-02  6.51323944e-02  7.17478469e-02  7.62046725e-02
  7.84052685e-02  7.85543248e-02  7.68088624e-02  7.39100948e-02  7.07613379e-02
 -8.51096138e-02 -8.70128646e-02 -9.07374993e-02 -9.45095718e-02 -9.78441462e-02
 -1.00953005e-01 -1.03912607e-01 -1.06758051e-01 -1.09506607e-01 -1.12165652e-01
 -1.14736430e-01 -1.17216170e-01 -1.19599253e-01 -1.21877849e-01 -1.24042220e-01
 -1.26080766e-01 -1.27980098e-01 -1.29725158e-01 -1.31300479e-01 -1.32689282e-01
 -1.33873075e-01 -1.34833649e-01 -1.35551274e-01 -1.36005044e-01 -1.36173934e-01
 -1.36037886e-01 -1.35578901e-01 -1.34781927e-01 -1.33635730e-01 -1.32133722e-01
 -1.30274639e-01 -1.28062695e-01 -1.25505939e-01 -1.22609019e-01 -1.19350359e-01
 -1.15728714e-01 -1.11749873e-01 -1.07419394e-01 -1.02738120e-01 -9.77070928e-02
 -9.23274383e-02 -8.65993723e-02 -8.05224404e-02 -7.40957335e-02 -6.73181340e-02
 -6.01887181e-02 -5.27073890e-02 -4.48759869e-02 -3.67001183e-02 -2.81920042e-02
 -1.93749201e-02 -1.02899419e-02 -1.00594410e-03  8.36623274e-03  1.76558960e-02
  2.66176872e-02  3.49409357e-02  4.23072614e-02  4.84692715e-02  5.32854162e-02
  5.67212366e-02  5.88492341e-02  5.98471165e-02  5.99855036e-02  5.95655106e-02
 -8.26848075e-02 -8.49746838e-02 -8.80820751e-02 -9.16499570e-02 -9.52900201e-02
 -9.88650993e-02 -1.02352820e-01 -1.05757542e-01 -1.09086148e-01 -1.12342753e-01
 -1.15528107e-01 -1.18639871e-01 -1.21673055e-01 -1.24620214e-01 -1.27471417e-01
 -1.30213901e-01 -1.32831141e-01 -1.35300875e-01 -1.37606949e-01 -1.39730379e-01
 -1.41639918e-01 -1.43319145e-01 -1.44740865e-01 -1.45873234e-01 -1.46683514e-01
 -1.47140473e-01 -1.47215992e-01 -1.46886364e-01 -1.46133557e-01 -1.44946963e-01
 -1.43326283e-01 -1.41287029e-01 -1.38871253e-01 -1.36170357e-01 -1.32981017e-01
 -1.29352421e-01 -1.25324875e-01 -1.20927975e-01 -1.16149813e-01 -1.10998295e-01
 -1.05485365e-01 -9.96184349e-02 -9.34053138e-02 -8.68546069e-02 -7.99760893e-02
 -7.27811605e-02 -6.52836487e-02 -5.75010031e-02 -4.94561382e-02 -4.11799103e-02
 -3.27144265e-02 -2.41171941e-02 -1.54658658e-02 -6.86282245e-03  1.56228058e-03
  9.65513662e-03  1.72478724e-02  2.41786893e-02  3.03143151e-02  3.55675034e-02
  3.99062671e-02  4.33556102e-02  4.59922180e-02  4.79310751e-02  4.93047014e-02
 -7.84308016e-02 -8.03244337e-02 -8.48422199e-02 -8.93157870e-02 -9.34304893e-02
 -9.74470302e-02 -1.01410501e-01 -1.05331041e-01 -1.09211028e-01 -1.13050163e-01
 -1.16846398e-01 -1.20596029e-01 -1.24293692e-01 -1.27932265e-01 -1.31502748e-01
 -1.34994254e-01 -1.38393939e-01 -1.41630322e-01 -1.44718528e-01 -1.47642791e-01
 -1.50370300e-01 -1.52861580e-01 -1.55073464e-01 -1.56962186e-01 -1.58485934e-01
 -1.59606621e-01 -1.60290971e-01 -1.60511121e-01 -1.60245046e-01 -1.59476921e-01
 -1.58197656e-01 -1.56405181e-01 -1.54103860e-01 -1.51299730e-01 -1.47982880e-01
 -1.44185126e-01 -1.39987022e-01 -1.35549918e-01 -1.30631298e-01 -1.25302404e-01
 -1.19616389e-01 -1.13570228e-01 -1.07178673e-01 -1.00458570e-01 -9.34291184e-02
 -8.61114487e-02 -7.85291791e-02 -7.07093477e-02 -6.26837537e-02 -5.44906259e-02
 -4.61765379e-02 -3.77983525e-02 -2.94248834e-02 -2.11376399e-02 -1.30299116e-02
 -5.20340307e-03  2.23790691e-03  9.19612963e-03  1.55884568e-02  2.13548299e-02
  2.64627878e-02  3.09087764e-02  3.47157866e-02  3.79277319e-02  4.06016521e-02
 -7.79322982e-02 -8.03979263e-02 -8.38277638e-02 -8.78909081e-02 -9.21962336e-02
 -9.65774357e-02 -1.00985423e-01 -1.05403796e-01 -1.09824412e-01 -1.14241540e-01
 -1.18650176e-01 -1.23045273e-01 -1.27421215e-01 -1.31771401e-01 -1.36087984e-01
 -1.40361547e-01 -1.44525036e-01 -1.48588091e-01 -1.52532309e-01 -1.56319454e-01
 -1.59899667e-01 -1.63218319e-01 -1.66220784e-01 -1.68855667e-01 -1.71076804e-01
 -1.72844246e-01 -1.74124524e-01 -1.74890384e-01 -1.75120294e-01 -1.74797758e-01
 -1.73910663e-01 -1.72450468e-01 -1.70411438e-01 -1.67789891e-01 -1.64585024e-01
 -1.60806760e-01 -1.56478837e-01 -1.51636243e-01 -1.46305874e-01 -1.40596002e-01
 -1.34734184e-01 -1.28443882e-01 -1.21802852e-01 -1.14835285e-01 -1.07571475e-01
 -1.00040391e-01 -9.22722593e-02 -8.42990726e-02 -7.61557445e-02 -6.78811446e-02
 -5.95192686e-02 -5.11201918e-02 -4.27405946e-02 -3.44436169e-02 -2.62977835e-02
 -1.83748696e-02 -1.07467864e-02 -3.48178367e-03  3.35945934e-03  9.72722191e-03
  1.55850668e-02  2.09107958e-02  2.56960131e-02  2.99445074e-02  3.36699225e-02
 -7.43242279e-02 -7.64410645e-02 -8.14270079e-02 -8.64467919e-02 -9.12415758e-02
 -9.60664600e-02 -1.00947291e-01 -1.05877399e-01 -1.10847190e-01 -1.15849048e-01
 -1.20877311e-01 -1.25927329e-01 -1.30994558e-01 -1.36073768e-01 -1.41159162e-01
 -1.46183774e-01 -1.51164293e-01 -1.56079322e-01 -1.60882682e-01 -1.65513948e-01
 -1.69906810e-01 -1.73995450e-01 -1.77718744e-01 -1.81022838e-01 -1.83862135e-01
 -1.86199337e-01 -1.88004851e-01 -1.89255729e-01 -1.89934477e-01 -1.90027818e-01
 -1.89525634e-01 -1.88419893e-01 -1.86703920e-01 -1.84372038e-01 -1.81419834e-01
 -1.77845687e-01 -1.73652053e-01 -1.68847203e-01 -1.63449258e-01 -1.57500148e-01
 -1.51070714e-01 -1.44246504e-01 -1.37258813e-01 -1.29926756e-01 -1.22318067e-01
 -1.14460334e-01 -1.06388479e-01 -9.81354862e-02 -8.97355601e-02 -8.12241435e-02
 -7.26391450e-02 -6.40218183e-02 -5.54171391e-02 -4.68736291e-02 -3.84427309e-02
 -3.01777739e-02 -2.21326873e-02 -1.43605508e-02 -6.91221515e-03  1.64852841e-04
  6.82742940e-03  1.30371600e-02  1.87611151e-02  2.39724535e-02  2.86513250e-02
 -7.42153451e-02 -7.69085288e-02 -8.07640851e-02 -8.54447186e-02 -9.05292407e-02
 -9.58077759e-02 -1.01198569e-01 -1.06669202e-01 -1.12205982e-01 -1.17803007e-01
 -1.23457924e-01 -1.29169911e-01 -1.34938002e-01 -1.40758067e-01 -1.46554679e-01
 -1.52361155e-01 -1.58159345e-01 -1.63897723e-01 -1.69505700e-01 -1.74904868e-01
 -1.80017427e-01 -1.84771731e-01 -1.89105511e-01 -1.92967221e-01 -1.96315944e-01
 -1.99120462e-01 -2.01357767e-01 -2.03011349e-01 -2.04069570e-01 -2.04524040e-01
 -2.04368442e-01 -2.03597441e-01 -2.02205971e-01 -2.00188890e-01 -1.97540790e-01
 -1.94256186e-01 -1.90329969e-01 -1.85758278e-01 -1.80540591e-01 -1.74683779e-01
 -1.68207228e-01 -1.61150694e-01 -1.53592333e-01 -1.45646140e-01 -1.37587801e-01
 -1.29274234e-01 -1.20778143e-01 -1.12121999e-01 -1.03339322e-01 -9.44576263e-02
 -8.55054930e-02 -7.65141323e-02 -6.75174296e-02 -5.85515760e-02 -4.96546663e-02
 -4.08664420e-02 -3.22281532e-02 -2.37827133e-02 -1.55751668e-02 -7.65348040e-03
 -6.94003757e-05  7.12111639e-03  1.38586434e-02  2.00827885e-02  2.57363804e-02
 -7.08427578e-02 -7.33091161e-02 -7.80980736e-02 -8.38952959e-02 -8.97937566e-02
 -9.57217216e-02 -1.01699598e-01 -1.07740864e-01 -1.13853782e-01 -1.20045044e-01
 -1.26321509e-01 -1.32691637e-01 -1.39168307e-01 -1.45638973e-01 -1.52164191e-01
 -1.58737525e-01 -1.65307552e-01 -1.71796277e-01 -1.78113937e-01 -1.84170157e-01
 -1.89881489e-01 -1.95175901e-01 -1.99994579e-01 -2.04292119e-01 -2.08035335e-01
 -2.11201370e-01 -2.13775590e-01 -2.15749159e-01 -2.17117071e-01 -2.17876256e-01
 -2.18024194e-01 -2.17557982e-01 -2.16473803e-01 -2.14766771e-01 -2.12430894e-01
 -2.09459305e-01 -2.05844343e-01 -2.01577783e-01 -1.96651146e-01 -1.91056713e-01
 -1.84789702e-01 -1.77852735e-01 -1.70264557e-01 -1.62073195e-01 -1.53380424e-01
 -1.44348666e-01 -1.35346100e-01 -1.26166880e-01 -1.16903991e-01 -1.07551962e-01
 -9.81243998e-02 -8.86425003e-02 -7.91304037e-02 -6.96134418e-02 -6.01175725e-02
 -5.06695285e-02 -4.12975177e-02 -3.20326425e-02 -2.29111593e-02 -1.39778759e-02
 -5.29054878e-03  3.07554286e-03  1.10254698e-02  1.84491239e-02  2.52330843e-02
 -6.84621856e-02 -7.07763955e-02 -7.63800740e-02 -8.30109715e-02 -8.95304009e-02
 -9.60180461e-02 -1.02535352e-01 -1.09113775e-01 -1.15773238e-01 -1.22528501e-01
 -1.29391208e-01 -1.36369660e-01 -1.43465295e-01 -1.50614172e-01 -1.57850400e-01
 -1.65137887e-01 -1.72398999e-01 -1.79535776e-01 -1.86445773e-01 -1.93032593e-01
 -1.99212417e-01 -2.04917029e-01 -2.10094512e-01 -2.14708239e-01 -2.18734905e-01
 -2.22161815e-01 -2.24984005e-01 -2.27201417e-01 -2.28816286e-01 -2.29830921e-01
 -2.30246261e-01 -2.30060831e-01 -2.29270563e-01 -2.27868959e-01 -2.25847602e-01
 -2.23196909e-01 -2.19906628e-01 -2.15966210e-01 -2.11364701e-01 -2.06090540e-01
 -2.00131357e-01 -1.93474904e-01 -1.86112180e-01 -1.78044602e-01 -1.69297576e-01
 -1.59941569e-01 -1.50126427e-01 -1.40094057e-01 -1.30371764e-01 -1.20502636e-01
 -1.10526733e-01 -1.00471817e-01 -9.03587788e-02 -8.02041814e-02 -7.00215474e-02
 -5.98223731e-02 -4.96172942e-02 -3.94179448e-02 -2.92401370e-02 -1.91094168e-02
 -9.07076057e-03  7.94952095e-04  1.03463307e-02  1.93650238e-02  2.76278313e-02
 -6.88482821e-02 -7.16469437e-02 -7.67650604e-02 -8.31724852e-02 -8.99326280e-02
 -9.68046114e-02 -1.03757046e-01 -1.10799588e-01 -1.17949009e-01 -1.25222653e-01
 -1.32638156e-01 -1.40216261e-01 -1.47852987e-01 -1.55616567e-01 -1.63490176e-01
 -1.71401352e-01 -1.79247081e-01 -1.86913446e-01 -1.94289953e-01 -2.01278582e-01
 -2.07798615e-01 -2.13788494e-01 -2.19205350e-01 -2.24023238e-01 -2.28230298e-01
 -2.31825441e-01 -2.34814718e-01 -2.37207800e-01 -2.39014789e-01 -2.40243569e-01
 -2.40898088e-01 -2.40977436e-01 -2.40475863e-01 -2.39383340e-01 -2.37686649e-01
 -2.35370800e-01 -2.32420281e-01 -2.28820294e-01 -2.24557191e-01 -2.19618320e-01
 -2.13991016e-01 -2.07661450e-01 -2.00614065e-01 -1.92833275e-01 -1.84309632e-01
 -1.75053611e-01 -1.65120631e-01 -1.54649973e-01 -1.43923789e-01 -1.33395270e-01
 -1.22773789e-01 -1.12073906e-01 -1.01304293e-01 -9.04680192e-02 -7.95627907e-02
 -6.85810372e-02 -5.75099736e-02 -4.63318229e-02 -3.50246243e-02 -2.35643629e-02
 -1.19303921e-02 -1.19112512e-04  1.18157994e-02  2.36168485e-02  3.45824324e-02
 -6.70117512e-02 -6.93601519e-02 -7.60186240e-02 -8.35346878e-02 -9.07682925e-02
 -9.80027542e-02 -1.05320804e-01 -1.12755015e-01 -1.20326445e-01 -1.28052145e-01
 -1.35945186e-01 -1.44009903e-01 -1.52186006e-01 -1.60513163e-01 -1.68943211e-01
 -1.77377626e-01 -1.85695067e-01 -1.93771258e-01 -2.01491997e-01 -2.08760798e-01
 -2.15502456e-01 -2.21663833e-01 -2.27212653e-01 -2.32135028e-01 -2.36432001e-01
 -2.40115404e-01 -2.43203416e-01 -2.45716110e-01 -2.47671604e-01 -2.49082878e-01
 -2.49955863e-01 -2.50289023e-01 -2.50073731e-01 -2.49295503e-01 -2.47935236e-01
 -2.45971024e-01 -2.43379831e-01 -2.40139440e-01 -2.36230478e-01 -2.31636941e-01
 -2.26345852e-01 -2.20345661e-01 -2.13623792e-01 -2.06164509e-01 -1.97948992e-01
 -1.88960344e-01 -1.79197311e-01 -1.68700710e-01 -1.57596290e-01 -1.46150723e-01
 -1.34833366e-01 -1.23459645e-01 -1.12024516e-01 -1.00516632e-01 -8.89174268e-02
 -7.72000775e-02 -6.53278083e-02 -5.32513186e-02 -4.09050062e-02 -2.82010790e-02
 -1.50198182e-02 -1.19041454e-03  1.35582937e-02  2.97928266e-02  5.00678681e-02
 -6.96445331e-02 -7.28341565e-02 -7.81958625e-02 -8.49153623e-02 -9.21364352e-02
 -9.95676890e-02 -1.07156605e-01 -1.14907883e-01 -1.22838132e-01 -1.30967572e-01
 -1.39321253e-01 -1.47767916e-01 -1.56401038e-01 -1.65205210e-01 -1.74095035e-01
 -1.82947278e-01 -1.91625863e-01 -1.99999660e-01 -2.07953557e-01 -2.15394706e-01
 -2.22254947e-01 -2.28490844e-01 -2.34081998e-01 -2.39028022e-01 -2.43344277e-01
 -2.47056991e-01 -2.50197619e-01 -2.52796173e-01 -2.54876673e-01 -2.56454468e-01
 -2.57535517e-01 -2.58116126e-01 -2.58183897e-01 -2.57718980e-01 -2.56696135e-01
 -2.55086601e-01 -2.52860546e-01 -2.49989077e-01 -2.46445626e-01 -2.42207184e-01
 -2.37256020e-01 -2.31580257e-01 -2.25171164e-01 -2.18019083e-01 -2.10109413e-01
 -2.01420769e-01 -1.91928878e-01 -1.81620643e-01 -1.70523494e-01 -1.58755288e-01
 -1.46596044e-01 -1.34568602e-01 -1.22509666e-01 -1.10396326e-01 -9.81970504e-02
 -8.58710334e-02 -7.33657181e-02 -6.06124513e-02 -4.75200713e-02 -3.39655019e-02
 -1.97801273e-02 -4.73075267e-03  1.15043130e-02  2.93703489e-02  4.96046804e-02
 -6.76159710e-02 -7.00897574e-02 -7.79772475e-02 -8.60938132e-02 -9.36985686e-02
 -1.01342164e-01 -1.09144948e-01 -1.17144711e-01 -1.25360176e-01 -1.33805752e-01
 -1.42495796e-01 -1.51331767e-01 -1.60376653e-01 -1.69584498e-01 -1.78845271e-01
 -1.88018903e-01 -1.96959853e-01 -2.05533594e-01 -2.13626519e-01 -2.21150905e-01
 -2.28046849e-01 -2.34281853e-01 -2.39848763e-01 -2.44762167e-01 -2.49053597e-01
 -2.52764404e-01 -2.55936414e-01 -2.58605897e-01 -2.60800183e-01 -2.62535900e-01
 -2.63818204e-01 -2.64641076e-01 -2.64988065e-01 -2.64833659e-01 -2.64145583e-01
 -2.62887299e-01 -2.61020869e-01 -2.58509994e-01 -2.55322307e-01 -2.51430690e-01
 -2.46813610e-01 -2.41454646e-01 -2.35343590e-01 -2.28475392e-01 -2.20843866e-01
 -2.12435275e-01 -2.03224853e-01 -1.93180427e-01 -1.82278827e-01 -1.70541450e-01
 -1.58096164e-01 -1.45266101e-01 -1.32667050e-01 -1.20060407e-01 -1.07403465e-01
 -9.46494117e-02 -8.17438737e-02 -6.86197281e-02 -5.51907420e-02 -4.13434394e-02
 -2.69257743e-02 -1.17309447e-02  4.52218670e-03  2.21619848e-02  4.09131870e-02
 -7.27057308e-02 -7.63771832e-02 -8.17328617e-02 -8.83279517e-02 -9.55886692e-02
 -1.03231162e-01 -1.11162096e-01 -1.19356506e-01 -1.27810463e-01 -1.36524543e-01
 -1.45493612e-01 -1.54658616e-01 -1.64044887e-01 -1.73577130e-01 -1.83124438e-01
 -1.92533702e-01 -2.01653048e-01 -2.10346818e-01 -2.18504310e-01 -2.26044074e-01
 -2.32915446e-01 -2.39097953e-01 -2.44598866e-01 -2.49449253e-01 -2.53696591e-01
 -2.57392943e-01 -2.60586828e-01 -2.63318688e-01 -2.65618175e-01 -2.67502666e-01
 -2.68976927e-01 -2.70033032e-01 -2.70650923e-01 -2.70799994e-01 -2.70440817e-01
 -2.69528300e-01 -2.68014997e-01 -2.65855193e-01 -2.63008505e-01 -2.59442717e-01
 -2.55134463e-01 -2.50068307e-01 -2.44234174e-01 -2.37625957e-01 -2.30242640e-01
 -2.22081095e-01 -2.13127241e-01 -2.03351438e-01 -1.92713782e-01 -1.81185439e-01
 -1.68794259e-01 -1.55701756e-01 -1.42309502e-01 -1.29363492e-01 -1.16414711e-01
 -1.03421725e-01 -9.03460160e-02 -7.71428496e-02 -6.37575835e-02 -5.01231775e-02
 -3.61575522e-02 -2.17595547e-02 -6.79918006e-03  8.90875980e-03  2.54608858e-02
 -7.23347366e-02 -7.57146105e-02 -8.20715651e-02 -8.94996226e-02 -9.70890746e-02
 -1.04920149e-01 -1.13027036e-01 -1.21420436e-01 -1.30110234e-01 -1.39112905e-01
 -1.48270637e-01 -1.57688722e-01 -1.67342424e-01 -1.77124590e-01 -1.86884567e-01
 -1.96458325e-01 -2.05689460e-01 -2.14442566e-01 -2.22610742e-01 -2.30119571e-01
 -2.36928329e-01 -2.43029192e-01 -2.48444632e-01 -2.53221840e-01 -2.57419527e-01
 -2.61096954e-01 -2.64307231e-01 -2.67093748e-01 -2.69487977e-01 -2.71508336e-01
 -2.73159593e-01 -2.74432719e-01 -2.75305271e-01 -2.75742412e-01 -2.75698513e-01
 -2.75120109e-01 -2.73949742e-01 -2.72130549e-01 -2.69611746e-01 -2.66352892e-01
 -2.62326807e-01 -2.57519186e-01 -2.51925319e-01 -2.45545000e-01 -2.38378957e-01
 -2.30430499e-01 -2.21698433e-01 -2.12166190e-01 -2.01798096e-01 -1.90549061e-01
 -1.78395599e-01 -1.65396839e-01 -1.51792586e-01 -1.38127714e-01 -1.25037655e-01
 -1.11944050e-01 -9.88563299e-02 -8.57650265e-02 -7.26554170e-02 -5.95151111e-02
 -4.63423766e-02 -3.31607126e-02 -2.00489443e-02 -7.20392028e-03  4.96470090e-03
 -7.37457946e-02 -7.74681196e-02 -8.34737346e-02 -9.07220840e-02 -9.84031782e-02
 -1.06383331e-01 -1.14653483e-01 -1.23220578e-01 -1.32094964e-01 -1.41288608e-01
 -1.50668249e-01 -1.60319984e-01 -1.70197517e-01 -1.80176064e-01 -1.90093145e-01
 -1.99778304e-01 -2.09073201e-01 -2.17844024e-01 -2.25988597e-01 -2.33439893e-01
 -2.40167379e-01 -2.46175945e-01 -2.51502961e-01 -2.56207824e-01 -2.60356873e-01
 -2.64014244e-01 -2.67236263e-01 -2.70068616e-01 -2.72544384e-01 -2.74683118e-01
 -2.76490122e-01 -2.77956158e-01 -2.79057503e-01 -2.79756457e-01 -2.80002624e-01
 -2.79735386e-01 -2.78887749e-01 -2.77391583e-01 -2.75183916e-01 -2.72213638e-01
 -2.68446356e-01 -2.63866335e-01 -2.58473843e-01 -2.52278537e-01 -2.45291322e-01
 -2.37519979e-01 -2.28971764e-01 -2.19644845e-01 -2.09516957e-01 -1.98545814e-01
 -1.86687797e-01 -1.73944518e-01 -1.60446852e-01 -1.46580443e-01 -1.33129612e-01
 -1.19909301e-01 -1.06851310e-01 -9.39336196e-02 -8.11564773e-02 -6.85368776e-02
 -5.61118461e-02 -4.39469889e-02 -3.21486592e-02 -2.08749957e-02 -1.03339031e-02
 -7.41648078e-02 -7.79063851e-02 -8.41714144e-02 -9.16573256e-02 -9.94949266e-02
 -1.07613385e-01 -1.16022021e-01 -1.24732740e-01 -1.33757234e-01 -1.43107116e-01
 -1.52675748e-01 -1.62521631e-01 -1.72578529e-01 -1.82707876e-01 -1.92738757e-01
 -2.02496812e-01 -2.11823285e-01 -2.20586792e-01 -2.28690073e-01 -2.36073509e-01
 -2.42716283e-01 -2.48635277e-01 -2.53880471e-01 -2.58519590e-01 -2.62624174e-01
 -2.66261697e-01 -2.69490808e-01 -2.72358924e-01 -2.74900556e-01 -2.77136415e-01
 -2.79072672e-01 -2.80700535e-01 -2.81995833e-01 -2.82919347e-01 -2.83417463e-01
 -2.83424169e-01 -2.82864511e-01 -2.81659991e-01 -2.79735655e-01 -2.77028382e-01
 -2.73494214e-01 -2.69112915e-01 -2.63887048e-01 -2.57835388e-01 -2.50982225e-01
 -2.43347034e-01 -2.34942287e-01 -2.25776643e-01 -2.15842187e-01 -2.05106303e-01
 -1.93519920e-01 -1.81049660e-01 -1.67742640e-01 -1.53829977e-01 -1.39855817e-01
 -1.26766995e-01 -1.13832474e-01 -1.01104572e-01 -8.86195824e-02 -7.64143392e-02
 -6.45354837e-02 -5.30452132e-02 -4.20246087e-02 -3.15730199e-02 -2.18018256e-02
 -7.45745972e-02 -7.83400759e-02 -8.47976729e-02 -9.24488977e-02 -1.00394890e-01
 -1.08613081e-01 -1.17125154e-01 -1.25946000e-01 -1.35088012e-01 -1.44562751e-01
 -1.54280856e-01 -1.64278179e-01 -1.74472138e-01 -1.84713289e-01 -1.94824427e-01
 -2.04628602e-01 -2.13967264e-01 -2.22711593e-01 -2.30768964e-01 -2.38086447e-01
 -2.44651869e-01 -2.50492513e-01 -2.55667657e-01 -2.60250628e-01 -2.64316499e-01
 -2.67934978e-01 -2.71166384e-01 -2.74059385e-01 -2.76649684e-01 -2.78958976e-01
 -2.80994415e-01 -2.82747835e-01 -2.84195274e-01 -2.85296887e-01 -2.85997152e-01
 -2.86226451e-01 -2.85903871e-01 -2.84942567e-01 -2.83257186e-01 -2.80773163e-01
 -2.77436435e-01 -2.73220301e-01 -2.68126935e-01 -2.62181699e-01 -2.55420953e-01
 -2.47878194e-01 -2.39575148e-01 -2.30526060e-01 -2.20734656e-01 -2.10180283e-01
 -1.98818877e-01 -1.86606422e-01 -1.73553839e-01 -1.59822837e-01 -1.45862520e-01
 -1.32552549e-01 -1.19572096e-01 -1.06923699e-01 -9.46203917e-02 -8.26858878e-02
 -7.11547658e-02 -6.00722171e-02 -4.94929180e-02 -3.94783281e-02 -3.00921127e-02
 -7.55679160e-02 -7.95614645e-02 -8.57391730e-02 -9.31804404e-02 -1.01111092e-01
 -1.09371811e-01 -1.17947243e-01 -1.26843944e-01 -1.36071593e-01 -1.45640284e-01
 -1.55469805e-01 -1.65579006e-01 -1.75872967e-01 -1.86194062e-01 -1.96360543e-01
 -2.06193581e-01 -2.15535089e-01 -2.24258438e-01 -2.32274845e-01 -2.39536867e-01
 -2.46039286e-01 -2.51817584e-01 -2.56937116e-01 -2.61475056e-01 -2.65508711e-01
 -2.69109279e-01 -2.72338122e-01 -2.75244802e-01 -2.77865797e-01 -2.80223608e-01
 -2.82326072e-01 -2.84165651e-01 -2.85718799e-01 -2.86945462e-01 -2.87789166e-01
 -2.88177997e-01 -2.88027197e-01 -2.87243992e-01 -2.85735130e-01 -2.83417106e-01
 -2.80227095e-01 -2.76132017e-01 -2.71132290e-01 -2.65257001e-01 -2.58551568e-01
 -2.51061261e-01 -2.42818117e-01 -2.33840659e-01 -2.24139646e-01 -2.13703662e-01
 -2.02494681e-01 -1.90465331e-01 -1.77606359e-01 -1.64033577e-01 -1.50118753e-01
 -1.36638895e-01 -1.23624533e-01 -1.11030251e-01 -9.88454446e-02 -8.70800316e-02
 -7.57570118e-02 -6.49081767e-02 -5.45710362e-02 -4.47858199e-02 -3.55921872e-02
 -7.49646202e-02 -7.86646605e-02 -8.55889395e-02 -9.35167298e-02 -1.01547919e-01
 -1.09842472e-01 -1.18454561e-01 -1.27400130e-01 -1.36687085e-01 -1.46322757e-01
 -1.56230345e-01 -1.66417256e-01 -1.76780269e-01 -1.87156260e-01 -1.97360307e-01
 -2.07212433e-01 -2.16554850e-01 -2.25262478e-01 -2.33249366e-01 -2.40471914e-01
 -2.46929824e-01 -2.52664030e-01 -2.57743776e-01 -2.62248367e-01 -2.66256541e-01
 -2.69840330e-01 -2.73061723e-01 -2.75970697e-01 -2.78604180e-01 -2.80984998e-01
 -2.83121407e-01 -2.85006166e-01 -2.86615908e-01 -2.87910551e-01 -2.88833022e-01
 -2.89310217e-01 -2.89255142e-01 -2.88571507e-01 -2.87161499e-01 -2.84936011e-01
 -2.81826675e-01 -2.77796209e-01 -2.72843331e-01 -2.66999096e-01 -2.60314167e-01
 -2.52841145e-01 -2.44619086e-01 -2.35669926e-01 -2.26007313e-01 -2.15624362e-01
 -2.04485551e-01 -1.92539841e-01 -1.79762259e-01 -1.66233435e-01 -1.52262688e-01
 -1.38538912e-01 -1.25676095e-01 -1.13196217e-01 -1.01116516e-01 -8.94599929e-02
 -7.82533810e-02 -6.75261319e-02 -5.73092699e-02 -4.76338267e-02 -3.85288708e-02
 -7.68104047e-02 -8.10701475e-02 -8.69016871e-02 -9.39486101e-02 -1.01725034e-01
 -1.09972961e-01 -1.18601255e-01 -1.27583325e-01 -1.36914283e-01 -1.46597192e-01
 -1.56555414e-01 -1.66791305e-01 -1.77197695e-01 -1.87608689e-01 -1.97837740e-01
 -2.07704142e-01 -2.17050239e-01 -2.25751802e-01 -2.33724326e-01 -2.40926340e-01
 -2.47360110e-01 -2.53069431e-01 -2.58125305e-01 -2.62608200e-01 -2.66597480e-01
 -2.70165443e-01 -2.73374230e-01 -2.76273936e-01 -2.78901398e-01 -2.81279445e-01
 -2.83416182e-01 -2.85304308e-01 -2.86920249e-01 -2.88223624e-01 -2.89157033e-01
 -2.89646715e-01 -2.89604813e-01 -2.88934112e-01 -2.87535340e-01 -2.85318017e-01
 -2.82212496e-01 -2.78180659e-01 -2.73221195e-01 -2.67365932e-01 -2.60667115e-01
 -2.53179193e-01 -2.44943038e-01 -2.35981464e-01 -2.26308763e-01 -2.15918750e-01
 -2.04776049e-01 -1.92828119e-01 -1.80045098e-01 -1.66495472e-01 -1.52461246e-01
 -1.38570651e-01 -1.25862405e-01 -1.13456950e-01 -1.01422057e-01 -8.98008272e-02
 -7.86274299e-02 -6.79331571e-02 -5.77482022e-02 -4.81014587e-02 -3.90192941e-02
 -7.37304017e-02 -7.72003457e-02 -8.47407728e-02 -9.30456817e-02 -1.01233728e-01
 -1.09639041e-01 -1.18345834e-01 -1.27378672e-01 -1.36748463e-01 -1.46463558e-01
 -1.56448305e-01 -1.66707322e-01 -1.77134171e-01 -1.87562943e-01 -1.97806850e-01
 -2.07684979e-01 -2.17039526e-01 -2.25746274e-01 -2.33720869e-01 -2.40922019e-01
 -2.47352272e-01 -2.53055602e-01 -2.58103162e-01 -2.62575448e-01 -2.66551733e-01
 -2.70104200e-01 -2.73294777e-01 -2.76173085e-01 -2.78775603e-01 -2.81124622e-01
 -2.83227682e-01 -2.85076797e-01 -2.86647826e-01 -2.87899822e-01 -2.88775027e-01
 -2.89199680e-01 -2.89086491e-01 -2.88339347e-01 -2.86861211e-01 -2.84564376e-01
 -2.81382471e-01 -2.77280390e-01 -2.72258610e-01 -2.66348869e-01 -2.59601176e-01
 -2.52066314e-01 -2.43781149e-01 -2.34766677e-01 -2.25035965e-01 -2.14580640e-01
 -2.03364730e-01 -1.91340536e-01 -1.78494230e-01 -1.64930925e-01 -1.51004717e-01
 -1.37473881e-01 -1.24471657e-01 -1.11919209e-01 -9.97966006e-02 -8.81104767e-02
 -7.68806040e-02 -6.61337450e-02 -5.59001304e-02 -4.62108739e-02 -3.70954871e-02
 -7.47928321e-02 -7.88363069e-02 -8.50051418e-02 -9.25098956e-02 -1.00586303e-01
 -1.09014452e-01 -1.17759027e-01 -1.26822278e-01 -1.36212781e-01 -1.45939872e-01
 -1.55924916e-01 -1.66180372e-01 -1.76604316e-01 -1.87033251e-01 -1.97281450e-01
 -2.07168132e-01 -2.16535106e-01 -2.25257367e-01 -2.33249351e-01 -2.40468174e-01
 -2.46914297e-01 -2.52629340e-01 -2.57682949e-01 -2.62154579e-01 -2.66122818e-01
 -2.69659162e-01 -2.72824883e-01 -2.75668859e-01 -2.78226674e-01 -2.80519664e-01
 -2.82554328e-01 -2.84321636e-01 -2.85796374e-01 -2.86936969e-01 -2.87685484e-01
 -2.87968874e-01 -2.87701905e-01 -2.86792189e-01 -2.85148084e-01 -2.82688856e-01
 -2.79355466e-01 -2.75118709e-01 -2.69981980e-01 -2.63975322e-01 -2.57142603e-01
 -2.49525532e-01 -2.41152391e-01 -2.32040584e-01 -2.22198606e-01 -2.11611137e-01
 -2.00237945e-01 -1.88035220e-01 -1.75008178e-01 -1.61303416e-01 -1.47342563e-01
 -1.33965403e-01 -1.20974578e-01 -1.08368993e-01 -9.61571112e-02 -8.43575448e-02
 -7.29978085e-02 -6.21125922e-02 -5.17416969e-02 -4.19273898e-02 -3.27111930e-02
 -7.28133395e-02 -7.64210299e-02 -8.33529904e-02 -9.14324448e-02 -9.96560380e-02
 -1.08125076e-01 -1.16884671e-01 -1.25952348e-01 -1.35338932e-01 -1.45053655e-01
 -1.55009732e-01 -1.65232301e-01 -1.75627396e-01 -1.86036140e-01 -1.96274981e-01
 -2.06163764e-01 -2.15543717e-01 -2.24288344e-01 -2.32309684e-01 -2.39561573e-01
 -2.46040300e-01 -2.51782626e-01 -2.56854773e-01 -2.61334121e-01 -2.65297711e-01
 -2.68815964e-01 -2.71948904e-01 -2.74744391e-01 -2.77236640e-01 -2.79445708e-01
 -2.81376570e-01 -2.83018887e-01 -2.84346342e-01 -2.85316765e-01 -2.85872668e-01
 -2.85942852e-01 -2.85445988e-01 -2.84295976e-01 -2.82409877e-01 -2.79717177e-01
 -2.76168793e-01 -2.71742880e-01 -2.66445011e-01 -2.60300994e-01 -2.53344595e-01
 -2.45604604e-01 -2.37099096e-01 -2.27841258e-01 -2.17830196e-01 -2.07039833e-01
 -1.95424795e-01 -1.82950333e-01 -1.69654459e-01 -1.55748740e-01 -1.41746014e-01
 -1.28553838e-01 -1.15600489e-01 -1.02933519e-01 -9.05877501e-02 -7.85983428e-02
 -6.70066997e-02 -5.58628887e-02 -4.52256240e-02 -3.51600908e-02 -2.57334411e-02
 -7.27904513e-02 -7.66304582e-02 -8.28840584e-02 -9.04891118e-02 -9.85875130e-02
 -1.07015453e-01 -1.15751959e-01 -1.24797307e-01 -1.34156168e-01 -1.43834829e-01
 -1.53731793e-01 -1.63889825e-01 -1.74226612e-01 -1.84590280e-01 -1.94800928e-01
 -2.04679623e-01 -2.14067072e-01 -2.22834855e-01 -2.30891749e-01 -2.38186970e-01
 -2.44710743e-01 -2.50492573e-01 -2.55593151e-01 -2.60086298e-01 -2.64046788e-01
 -2.67543167e-01 -2.70633906e-01 -2.73365259e-01 -2.75769919e-01 -2.77866185e-01
 -2.79657513e-01 -2.81132072e-01 -2.82262743e-01 -2.83007264e-01 -2.83309639e-01
 -2.83102185e-01 -2.82309592e-01 -2.80854642e-01 -2.78665602e-01 -2.75684088e-01
 -2.71871746e-01 -2.67213255e-01 -2.61714011e-01 -2.55392313e-01 -2.48268902e-01
 -2.40358934e-01 -2.31673732e-01 -2.22218558e-01 -2.11978912e-01 -2.00917557e-01
 -1.88990712e-01 -1.76191881e-01 -1.62633985e-01 -1.48675665e-01 -1.35074854e-01
 -1.21767581e-01 -1.08701527e-01 -9.58692357e-02 -8.32852274e-02 -7.09798113e-02
 -5.89993224e-02 -4.74085137e-02 -3.62925157e-02 -2.57557482e-02 -1.59151591e-02
 -7.13622943e-02 -7.49987513e-02 -8.14146698e-02 -8.91470015e-02 -9.72507372e-02
 -1.05656900e-01 -1.14365749e-01 -1.23377301e-01 -1.32692978e-01 -1.42316669e-01
 -1.52125254e-01 -1.62185237e-01 -1.72430038e-01 -1.82717785e-01 -1.92874089e-01
 -2.02722341e-01 -2.12103188e-01 -2.20886230e-01 -2.28976503e-01 -2.36317649e-01
 -2.42892474e-01 -2.48721287e-01 -2.53856480e-01 -2.58366644e-01 -2.62323081e-01
 -2.65791774e-01 -2.68829077e-01 -2.71479309e-01 -2.73773253e-01 -2.75727510e-01
 -2.77343929e-01 -2.78609574e-01 -2.79497027e-01 -2.79965162e-01 -2.79960841e-01
 -2.79421836e-01 -2.78281003e-01 -2.76471943e-01 -2.73935407e-01 -2.70625234e-01
 -2.66512424e-01 -2.61585385e-01 -2.55846024e-01 -2.49302700e-01 -2.41963252e-01
 -2.33834505e-01 -2.24922046e-01 -2.15217471e-01 -2.04690993e-01 -1.93297938e-01
 -1.81006312e-01 -1.67854443e-01 -1.54045537e-01 -1.40071079e-01 -1.26811832e-01
 -1.13594234e-01 -1.00460485e-01 -8.74305516e-02 -7.45213479e-02 -6.17575236e-02
 -4.91809584e-02 -3.68619747e-02 -2.49128696e-02 -1.34997601e-02 -2.84060091e-03
 -7.00321048e-02 -7.35435784e-02 -7.98932314e-02 -8.75811949e-02 -9.56585035e-02
 -1.04051799e-01 -1.12744287e-01 -1.21724278e-01 -1.30988747e-01 -1.40541986e-01
 -1.50233507e-01 -1.60159513e-01 -1.70273513e-01 -1.80446848e-01 -1.90513179e-01
 -2.00299874e-01 -2.09648564e-01 -2.18427330e-01 -2.26537481e-01 -2.33916640e-01
 -2.40539402e-01 -2.46415615e-01 -2.51586407e-01 -2.56112903e-01 -2.60061324e-01
 -2.63494134e-01 -2.66464978e-01 -2.69015849e-01 -2.71175504e-01 -2.72958845e-01
 -2.74366498e-01 -2.75385141e-01 -2.75988072e-01 -2.76136577e-01 -2.75782228e-01
 -2.74869949e-01 -2.73342341e-01 -2.71144658e-01 -2.68229753e-01 -2.64561802e-01
 -2.60118037e-01 -2.54887044e-01 -2.48864904e-01 -2.42050573e-01 -2.34445497e-01
 -2.26053089e-01 -2.16867507e-01 -2.06865624e-01 -1.96009010e-01 -1.84262633e-01
 -1.71638489e-01 -1.58272669e-01 -1.44536570e-01 -1.31156519e-01 -1.17856361e-01
 -1.04590058e-01 -9.13314670e-02 -7.80601054e-02 -6.47581294e-02 -5.14125936e-02
 -3.80223654e-02 -2.46128086e-02 -1.12670641e-02  1.80845521e-03  1.41849834e-02
 -6.88915998e-02 -7.24587440e-02 -7.82729685e-02 -8.56509283e-02 -9.37564522e-02
 -1.02224149e-01 -1.10949188e-01 -1.19909294e-01 -1.29108638e-01 -1.38564900e-01
 -1.48111165e-01 -1.57865897e-01 -1.67804480e-01 -1.77815467e-01 -1.87744126e-01
 -1.97424531e-01 -2.06700996e-01 -2.15441167e-01 -2.23543122e-01 -2.30938658e-01
 -2.37593830e-01 -2.43507460e-01 -2.48707473e-01 -2.53244132e-01 -2.57176638e-01
 -2.60562599e-01 -2.63452053e-01 -2.65884370e-01 -2.67886192e-01 -2.69471020e-01
 -2.70638883e-01 -2.71376938e-01 -2.71660447e-01 -2.71454662e-01 -2.70717233e-01
 -2.69401491e-01 -2.67460257e-01 -2.64849663e-01 -2.61532634e-01 -2.57480592e-01
 -2.52673447e-01 -2.47097775e-01 -2.40744889e-01 -2.33611763e-01 -2.25698605e-01
 -2.16999575e-01 -2.07495809e-01 -1.97155833e-01 -1.85949028e-01 -1.73879504e-01
 -1.61047965e-01 -1.47744864e-01 -1.34559527e-01 -1.21398024e-01 -1.08229339e-01
 -9.50151309e-02 -8.17125738e-02 -6.82724640e-02 -5.46364114e-02 -4.07339707e-02
 -2.64794901e-02 -1.17676239e-02  3.53699480e-03  1.96273904e-02  3.66040431e-02
 -6.06366135e-02 -6.22322969e-02 -7.27899894e-02 -8.27985927e-02 -9.16671380e-02
 -1.00392058e-01 -1.09176762e-01 -1.18087642e-01 -1.27155840e-01 -1.36399016e-01
 -1.45821899e-01 -1.55377075e-01 -1.65088937e-01 -1.74876541e-01 -1.84604004e-01
 -1.94116265e-01 -2.03262806e-01 -2.11912259e-01 -2.19960317e-01 -2.27333382e-01
 -2.33989313e-01 -2.39915922e-01 -2.45127648e-01 -2.49660566e-01 -2.53563762e-01
 -2.56888121e-01 -2.59679079e-01 -2.61972755e-01 -2.63793766e-01 -2.65154451e-01
 -2.66054988e-01 -2.66484022e-01 -2.66419977e-01 -2.65833169e-01 -2.64688194e-01
 -2.62946874e-01 -2.60571420e-01 -2.57526934e-01 -2.53783524e-01 -2.49316797e-01
 -2.44107902e-01 -2.38143697e-01 -2.31418431e-01 -2.23928958e-01 -2.15668008e-01
 -2.06619084e-01 -1.96756989e-01 -1.86058789e-01 -1.74531296e-01 -1.62261516e-01
 -1.49493665e-01 -1.36722416e-01 -1.23934112e-01 -1.11106671e-01 -9.82091129e-02
 -8.52003917e-02 -7.20276013e-02 -5.86224236e-02 -4.48957048e-02 -3.07294559e-02
 -1.59652419e-02 -3.87400651e-04  1.62973609e-02  3.44316103e-02  5.37269078e-02
 -6.52769580e-02 -6.83354139e-02 -7.42752627e-02 -8.20612907e-02 -9.04845521e-02
 -9.90805030e-02 -1.07757881e-01 -1.16522111e-01 -1.25397056e-01 -1.34407908e-01
 -1.43578827e-01 -1.52833313e-01 -1.62226334e-01 -1.71701849e-01 -1.81142196e-01
 -1.90404058e-01 -1.99343204e-01 -2.07830146e-01 -2.15758905e-01 -2.23051086e-01
 -2.29656816e-01 -2.35553488e-01 -2.40742728e-01 -2.45245770e-01 -2.49097824e-01
 -2.52340257e-01 -2.55012214e-01 -2.57145733e-01 -2.58763105e-01 -2.59875894e-01
 -2.60484904e-01 -2.60581017e-01 -2.60146618e-01 -2.59157479e-01 -2.57585108e-01
 -2.55399019e-01 -2.52568990e-01 -2.49067023e-01 -2.44868398e-01 -2.39953056e-01
 -2.34307706e-01 -2.27924585e-01 -2.20797434e-01 -2.12917015e-01 -2.04268217e-01
 -1.94831729e-01 -1.84594467e-01 -1.73573509e-01 -1.61858395e-01 -1.49674833e-01
 -1.37461364e-01 -1.25205755e-01 -1.12896293e-01 -1.00514300e-01 -8.80324319e-02
 -7.54125938e-02 -6.26030713e-02 -4.95342091e-02 -3.61120068e-02 -2.22085547e-02
 -7.64803821e-03  7.81297404e-03  2.45102495e-02  4.29083258e-02  6.37765229e-02
 -6.12496287e-02 -6.27017170e-02 -7.16437325e-02 -8.12156871e-02 -8.98936614e-02
 -9.83893871e-02 -1.06862061e-01 -1.15370423e-01 -1.23951927e-01 -1.32638589e-01
 -1.41460553e-01 -1.50316343e-01 -1.59291536e-01 -1.68355033e-01 -1.77408502e-01
 -1.86321959e-01 -1.94959000e-01 -2.03193232e-01 -2.10917905e-01 -2.18050539e-01
 -2.24534303e-01 -2.30336964e-01 -2.35448301e-01 -2.39876047e-01 -2.43641004e-01
 -2.46771470e-01 -2.49297619e-01 -2.51245886e-01 -2.52635449e-01 -2.53476918e-01
 -2.53771842e-01 -2.53513604e-01 -2.52688617e-01 -2.51277864e-01 -2.49259070e-01
 -2.46608257e-01 -2.43301809e-01 -2.39318490e-01 -2.34641597e-01 -2.29258850e-01
 -2.23161012e-01 -2.16339350e-01 -2.08783031e-01 -2.00478107e-01 -1.91410974e-01
 -1.81579635e-01 -1.71016634e-01 -1.59827486e-01 -1.48241982e-01 -1.36674181e-01
 -1.25041887e-01 -1.13346189e-01 -1.01583302e-01 -8.97434205e-02 -7.78094754e-02
 -6.57555982e-02 -5.35451025e-02 -4.11276743e-02 -2.84353700e-02 -1.53765138e-02
 -1.82555977e-03  1.23968124e-02  2.75748186e-02  4.43002582e-02  6.52399808e-02
 -6.64094090e-02 -6.91591352e-02 -7.48959258e-02 -8.24151635e-02 -9.04316977e-02
 -9.85226035e-02 -1.06618889e-01 -1.14734694e-01 -1.22900322e-01 -1.31148681e-01
 -1.39515117e-01 -1.47879556e-01 -1.56342000e-01 -1.64892867e-01 -1.73454136e-01
 -1.81911618e-01 -1.90139145e-01 -1.98015392e-01 -2.05434233e-01 -2.12310225e-01
 -2.18580425e-01 -2.24203959e-01 -2.29159817e-01 -2.33443499e-01 -2.37062871e-01
 -2.40033627e-01 -2.42374733e-01 -2.44104430e-01 -2.45237052e-01 -2.45781124e-01
 -2.45738506e-01 -2.45104656e-01 -2.43869558e-01 -2.42019162e-01 -2.39537314e-01
 -2.36407533e-01 -2.32614532e-01 -2.28145152e-01 -2.22988501e-01 -2.17135027e-01
 -2.10575014e-01 -2.03297511e-01 -1.95291087e-01 -1.86548710e-01 -1.77079797e-01
 -1.66932851e-01 -1.56232372e-01 -1.45235404e-01 -1.34360865e-01 -1.23388700e-01
 -1.12336203e-01 -1.01215906e-01 -9.00356919e-02 -7.87986815e-02 -6.75030351e-02
 -5.61416261e-02 -4.47017774e-02 -3.31652835e-02 -2.15090681e-02 -9.70731676e-03
  2.26307334e-03  1.44084888e-02  2.66774409e-02  3.88104320e-02  5.00807837e-02
 -6.63741827e-02 -6.81116804e-02 -7.54330978e-02 -8.39245990e-02 -9.18118805e-02
 -9.94800925e-02 -1.07076198e-01 -1.14664696e-01 -1.22283675e-01 -1.29959911e-01
 -1.37712464e-01 -1.45550117e-01 -1.53428331e-01 -1.61374643e-01 -1.69339344e-01
 -1.77229151e-01 -1.84931949e-01 -1.92334294e-01 -1.99332789e-01 -2.05840439e-01
 -2.11789444e-01 -2.17131376e-01 -2.21835583e-01 -2.25886539e-01 -2.29280412e-01
 -2.32021376e-01 -2.34118044e-01 -2.35580087e-01 -2.36415803e-01 -2.36630261e-01
 -2.36224562e-01 -2.35195756e-01 -2.33537480e-01 -2.31241032e-01 -2.28296533e-01
 -2.24693954e-01 -2.20423788e-01 -2.15477124e-01 -2.09845439e-01 -2.03520149e-01
 -1.96493134e-01 -1.88759223e-01 -1.80322424e-01 -1.71208218e-01 -1.61483914e-01
 -1.51287496e-01 -1.40847459e-01 -1.30666554e-01 -1.20338082e-01 -1.09901763e-01
 -9.93867069e-02 -8.88162702e-02 -7.82100856e-02 -6.75849169e-02 -5.69551587e-02
 -4.63333465e-02 -3.57310139e-02 -2.51603983e-02 -1.46375811e-02 -4.18818556e-03
  6.14257576e-03  1.62727609e-02  2.60578953e-02  3.52725834e-02  4.36798371e-02
 -7.29845539e-02 -7.55883455e-02 -8.09131712e-02 -8.75917524e-02 -9.44684446e-02
 -1.01351202e-01 -1.08245693e-01 -1.15170240e-01 -1.22140124e-01 -1.29168659e-01
 -1.36268377e-01 -1.43452227e-01 -1.50641859e-01 -1.57881662e-01 -1.65142894e-01
 -1.72351837e-01 -1.79411694e-01 -1.86219066e-01 -1.92675382e-01 -1.98694065e-01
 -2.04203993e-01 -2.09150642e-01 -2.13495106e-01 -2.17212275e-01 -2.20288068e-01
 -2.22716540e-01 -2.24497035e-01 -2.25631490e-01 -2.26122454e-01 -2.25971565e-01
 -2.25178704e-01 -2.23741814e-01 -2.21657023e-01 -2.18919128e-01 -2.15522036e-01
 -2.11459190e-01 -2.06723839e-01 -2.01309457e-01 -1.95210606e-01 -1.88425124e-01
 -1.80958599e-01 -1.72832742e-01 -1.64099455e-01 -1.54859453e-01 -1.45290628e-01
 -1.35724515e-01 -1.25987038e-01 -1.16158552e-01 -1.06235355e-01 -9.62330103e-02
 -8.61750171e-02 -7.60881752e-02 -6.60006851e-02 -5.59413098e-02 -4.59390767e-02
 -3.60234454e-02 -2.62249056e-02 -1.65763255e-02 -7.11522950e-03  2.11269339e-03
  1.10489102e-02  1.96170695e-02  2.77203694e-02  3.52456272e-02  4.20752428e-02
 -7.95191303e-02 -8.24965537e-02 -8.68138894e-02 -9.20970961e-02 -9.78546292e-02
 -1.03840515e-01 -1.09952785e-01 -1.16149075e-01 -1.22412942e-01 -1.28740221e-01
 -1.35133207e-01 -1.41598135e-01 -1.48027837e-01 -1.54480770e-01 -1.60947323e-01
 -1.67373419e-01 -1.73679233e-01 -1.79773927e-01 -1.85566619e-01 -1.90973729e-01
 -1.95923224e-01 -2.00356483e-01 -2.04228327e-01 -2.07505807e-01 -2.10166335e-01
 -2.12195516e-01 -2.13584766e-01 -2.14329377e-01 -2.14426741e-01 -2.13875040e-01
 -2.12672353e-01 -2.10816234e-01 -2.08303422e-01 -2.05129877e-01 -2.01291010e-01
 -1.96782127e-01 -1.91599414e-01 -1.85741886e-01 -1.79215267e-01 -1.72038808e-01
 -1.64254874e-01 -1.55943334e-01 -1.47248328e-01 -1.38375863e-01 -1.29461080e-01
 -1.20324001e-01 -1.11004338e-01 -1.01542763e-01 -9.19713303e-02 -8.23220685e-02
 -7.26294443e-02 -6.29307032e-02 -5.32656461e-02 -4.36761491e-02 -3.42056416e-02
 -2.48985924e-02 -1.58001874e-02 -6.95625879e-03  1.58632267e-03  9.77885351e-03
  1.75697822e-02  2.49040220e-02  3.17233987e-02  3.79689448e-02  4.35850099e-02
 -8.31721127e-02 -8.56169686e-02 -9.05165970e-02 -9.59032178e-02 -1.01182945e-01
 -1.06536716e-01 -1.11972228e-01 -1.17474467e-01 -1.23031422e-01 -1.28637478e-01
 -1.34292439e-01 -1.40000015e-01 -1.45626262e-01 -1.51238739e-01 -1.56843722e-01
 -1.62405849e-01 -1.67863384e-01 -1.73140541e-01 -1.78157225e-01 -1.82836190e-01
 -1.87107593e-01 -1.90911606e-01 -1.94199279e-01 -1.96932122e-01 -1.99081123e-01
 -2.00625062e-01 -2.01548994e-01 -2.01842502e-01 -2.01498345e-01 -2.00511262e-01
 -1.98877081e-01 -1.96592078e-01 -1.93652689e-01 -1.90055683e-01 -1.85798734e-01
 -1.80881843e-01 -1.75310448e-01 -1.69099525e-01 -1.62280723e-01 -1.54919729e-01
 -1.47125289e-01 -1.39037833e-01 -1.30997896e-01 -1.22624956e-01 -1.13999091e-01
 -1.05146728e-01 -9.60991383e-02 -8.68909508e-02 -7.75589868e-02 -6.81432411e-02
 -5.86877875e-02 -4.92412820e-02 -3.98568660e-02 -3.05915624e-02 -2.15051435e-02
 -1.26585364e-02 -4.11193166e-03  4.07715701e-03  1.18556172e-02  1.91760063e-02
  2.59972923e-02  3.22851278e-02  3.80119309e-02  4.31570336e-02  4.77071069e-02
 -8.87662992e-02 -9.16881785e-02 -9.55185518e-02 -9.99705419e-02 -1.04671374e-01
 -1.09457389e-01 -1.14279538e-01 -1.19122609e-01 -1.23981714e-01 -1.28856763e-01
 -1.33751377e-01 -1.38674036e-01 -1.43479139e-01 -1.48226917e-01 -1.52932912e-01
 -1.57578051e-01 -1.62118703e-01 -1.66495875e-01 -1.70643091e-01 -1.74492776e-01
 -1.77980855e-01 -1.81049749e-01 -1.83649823e-01 -1.85739949e-01 -1.87287003e-01
 -1.88265130e-01 -1.88654557e-01 -1.88440487e-01 -1.87612072e-01 -1.86161503e-01
 -1.84083194e-01 -1.81373432e-01 -1.78030521e-01 -1.74055919e-01 -1.69455603e-01
 -1.64242804e-01 -1.58447236e-01 -1.52117804e-01 -1.45308971e-01 -1.38169944e-01
 -1.30984560e-01 -1.23408213e-01 -1.15535133e-01 -1.07369915e-01 -9.89341289e-02
 -9.02519971e-02 -8.13516453e-02 -7.22658187e-02 -6.30326569e-02 -5.36967181e-02
 -4.43100519e-02 -3.49329486e-02 -2.56341100e-02 -1.64898559e-02 -7.58216158e-03
  1.00462581e-03  9.18816123e-03  1.68930441e-02  2.40555443e-02  3.06273177e-02
  3.65775004e-02  4.18929607e-02  4.65767719e-02  5.06453700e-02  5.41250743e-02
 -9.20602828e-02 -9.41375643e-02 -9.91722345e-02 -1.04021363e-01 -1.08444631e-01
 -1.12744853e-01 -1.16978057e-01 -1.21163897e-01 -1.25313535e-01 -1.29434258e-01
 -1.33529574e-01 -1.37597337e-01 -1.41625017e-01 -1.45521015e-01 -1.49322048e-01
 -1.53028443e-01 -1.56615391e-01 -1.60041422e-01 -1.63255319e-01 -1.66201770e-01
 -1.68825582e-01 -1.71074837e-01 -1.72902808e-01 -1.74268991e-01 -1.75139293e-01
 -1.75485879e-01 -1.75286576e-01 -1.74524441e-01 -1.73187524e-01 -1.71268553e-01
 -1.68764517e-01 -1.65676385e-01 -1.62009805e-01 -1.57781109e-01 -1.53017119e-01
 -1.47743002e-01 -1.42042845e-01 -1.36093289e-01 -1.29705250e-01 -1.22944728e-01
 -1.15865551e-01 -1.08455479e-01 -1.00724630e-01 -9.26834792e-02 -8.43460858e-02
 -7.57302716e-02 -6.68584555e-02 -5.77589087e-02 -4.84674275e-02 -3.90293710e-02
 -2.95019373e-02 -1.99563727e-02 -1.04795452e-02 -1.17409648e-03  7.84386788e-03
  1.64503884e-02  2.45226100e-02  3.19498330e-02  3.86443883e-02  4.45499718e-02
  4.96459715e-02  5.39471582e-02  5.74988723e-02  6.03685193e-02  6.26351088e-02
 -9.89457518e-02 -1.01824142e-01 -1.05312094e-01 -1.09134674e-01 -1.12955175e-01
 -1.16655521e-01 -1.20233141e-01 -1.23711780e-01 -1.27114445e-01 -1.30457535e-01
 -1.33750662e-01 -1.36997446e-01 -1.40197158e-01 -1.43226787e-01 -1.46121755e-01
 -1.48889855e-01 -1.51518270e-01 -1.53979361e-01 -1.56235829e-01 -1.58245042e-01
 -1.59962520e-01 -1.61344782e-01 -1.62351355e-01 -1.62946090e-01 -1.63097873e-01
 -1.62780702e-01 -1.61973506e-01 -1.60660028e-01 -1.58831552e-01 -1.56487882e-01
 -1.53637543e-01 -1.50294960e-01 -1.46467999e-01 -1.42209351e-01 -1.37634680e-01
 -1.32596374e-01 -1.27140090e-01 -1.21303879e-01 -1.15087122e-01 -1.08502164e-01
 -1.01562008e-01 -9.42720771e-02 -8.66371393e-02 -7.86620975e-02 -7.03531653e-02
 -6.17189556e-02 -5.27719222e-02 -4.35301922e-02 -3.40201780e-02 -2.42800210e-02
 -1.43640777e-02 -4.34838142e-03  5.66340191e-03  1.55349281e-02  2.50959843e-02
  3.41494679e-02  4.24897298e-02  4.99296710e-02  5.63274361e-02  6.16043918e-02
  6.57528564e-02  6.88348413e-02  7.09715933e-02  7.23228306e-02  7.30586573e-02
 -1.04422316e-01 -1.06776923e-01 -1.11054212e-01 -1.15057558e-01 -1.18376806e-01
 -1.21368058e-01 -1.24163620e-01 -1.26833901e-01 -1.29418880e-01 -1.31940529e-01
 -1.34409487e-01 -1.36829093e-01 -1.39197841e-01 -1.41373873e-01 -1.43387362e-01
 -1.45247951e-01 -1.46949485e-01 -1.48474082e-01 -1.49795741e-01 -1.50883481e-01
 -1.51704028e-01 -1.52224019e-01 -1.52411953e-01 -1.52239889e-01 -1.51684582e-01
 -1.50727853e-01 -1.49354801e-01 -1.47546634e-01 -1.45301312e-01 -1.42634049e-01
 -1.39585331e-01 -1.36239693e-01 -1.32441521e-01 -1.28230527e-01 -1.23634413e-01
 -1.18650720e-01 -1.13286763e-01 -1.07551038e-01 -1.01447523e-01 -9.49789360e-02
 -8.81463438e-02 -8.09482560e-02 -7.33812749e-02 -6.54406622e-02 -5.71210347e-02
 -4.84171845e-02 -3.93252932e-02 -2.98447348e-02 -1.99808590e-02 -9.74926818e-03
  8.17632186e-04  1.16608236e-02  2.26803198e-02  3.37154232e-02  4.45221253e-02
  5.47618940e-02  6.40345514e-02  7.19696432e-02  7.83107877e-02  8.29361007e-02
  8.58578458e-02  8.72211009e-02  8.73007625e-02  8.64663795e-02  8.50836858e-02
 -1.14525348e-01 -1.17726490e-01 -1.20575681e-01 -1.23018987e-01 -1.25105143e-01
 -1.26982108e-01 -1.28755167e-01 -1.30474955e-01 -1.32161245e-01 -1.33818924e-01
 -1.35445848e-01 -1.37036815e-01 -1.38585493e-01 -1.39937505e-01 -1.41114473e-01
 -1.42123654e-01 -1.42961204e-01 -1.43615052e-01 -1.44067556e-01 -1.44297749e-01
 -1.44283190e-01 -1.44001067e-01 -1.43429667e-01 -1.42551512e-01 -1.41356453e-01
 -1.39846429e-01 -1.38044760e-01 -1.35864884e-01 -1.33317664e-01 -1.30414039e-01
 -1.27166525e-01 -1.23584151e-01 -1.19653061e-01 -1.15373082e-01 -1.10747099e-01
 -1.05775528e-01 -1.00458294e-01 -9.47942436e-02 -8.87801647e-02 -8.24106559e-02
 -7.56777897e-02 -6.85708821e-02 -6.10762611e-02 -5.31772450e-02 -4.48540077e-02
 -3.60835902e-02 -2.68400591e-02 -1.70949902e-02 -6.81874203e-03  4.01693117e-03
  1.54337864e-02  2.74376292e-02  4.00009416e-02  5.30296750e-02  6.62918240e-02
  7.92516917e-02  9.08697098e-02  1.00122273e-01  1.06774405e-01  1.10624075e-01
  1.11738458e-01  1.10340789e-01  1.06823824e-01  1.02351181e-01  9.78541225e-02
 -1.27255276e-01 -1.31480634e-01 -1.32604033e-01 -1.32523507e-01 -1.32648051e-01
 -1.33061305e-01 -1.33661389e-01 -1.34372935e-01 -1.35146201e-01 -1.35945842e-01
 -1.36745259e-01 -1.37524784e-01 -1.38272882e-01 -1.38839379e-01 -1.39236480e-01
 -1.39465272e-01 -1.39520094e-01 -1.39391020e-01 -1.39065906e-01 -1.38532341e-01
 -1.37780204e-01 -1.36796847e-01 -1.35564923e-01 -1.34071633e-01 -1.32308364e-01
 -1.30269870e-01 -1.27951503e-01 -1.25340447e-01 -1.22433253e-01 -1.19230889e-01
 -1.15735821e-01 -1.11949399e-01 -1.07869796e-01 -1.03495032e-01 -9.88226980e-02
 -9.38489959e-02 -8.85684714e-02 -8.29736516e-02 -7.70545825e-02 -7.07985386e-02
 -6.41896054e-02 -5.72082661e-02 -4.98308651e-02 -4.20289338e-02 -3.37682776e-02
 -2.50077993e-02 -1.56979542e-02 -5.77881606e-03  4.82219923e-03  1.61927938e-02
  2.84379274e-02  4.16807421e-02  5.60611412e-02  7.17334896e-02  8.88921693e-02
  1.08116098e-01  1.30445018e-01  1.36103332e-01  1.46312818e-01  1.47799760e-01
  1.45365745e-01  1.44079968e-01  1.28263697e-01  1.17320061e-01  1.08964823e-01
 -1.37980148e-01 -1.43332452e-01 -1.42460853e-01 -1.40373081e-01 -1.39220640e-01
 -1.38591707e-01 -1.38271302e-01 -1.38140604e-01 -1.38120189e-01 -1.38151482e-01
 -1.38188466e-01 -1.38192281e-01 -1.38125822e-01 -1.37945265e-01 -1.37625888e-01
 -1.37151167e-01 -1.36508107e-01 -1.35685280e-01 -1.34672180e-01 -1.33459181e-01
 -1.32037625e-01 -1.30399242e-01 -1.28536284e-01 -1.26442567e-01 -1.24113895e-01
 -1.21547736e-01 -1.18742518e-01 -1.15696885e-01 -1.12411112e-01 -1.08886696e-01
 -1.05125368e-01 -1.01127982e-01 -9.68937501e-02 -9.24200788e-02 -8.77023488e-02
 -8.27335343e-02 -7.75040016e-02 -7.20012113e-02 -6.62095770e-02 -6.01101741e-02
 -5.36804274e-02 -4.68936563e-02 -3.97183634e-02 -3.21172066e-02 -2.40455270e-02
 -1.54491877e-02 -6.26152381e-03  3.60103673e-03  1.42452596e-02  2.58100890e-02
  3.84792611e-02  5.24979793e-02  6.81920201e-02  8.59889910e-02  1.06489725e-01
  1.30108237e-01  1.46050170e-01  1.56940088e-01  1.65401399e-01  1.64189562e-01
  1.63457185e-01  1.51144549e-01  1.36557594e-01  1.24323010e-01  1.14541665e-01
 -1.40733704e-01 -1.45298734e-01 -1.46300480e-01 -1.45371601e-01 -1.44145697e-01
 -1.43089458e-01 -1.42239526e-01 -1.41541928e-01 -1.40932694e-01 -1.40355125e-01
 -1.39762089e-01 -1.39114514e-01 -1.38379321e-01 -1.37528077e-01 -1.36538625e-01
 -1.35394022e-01 -1.34080991e-01 -1.32588834e-01 -1.30908906e-01 -1.29034191e-01
 -1.26959309e-01 -1.24680333e-01 -1.22194968e-01 -1.19502634e-01 -1.16604581e-01
 -1.13503672e-01 -1.10204063e-01 -1.06710806e-01 -1.03029549e-01 -9.91658941e-02
 -9.51246545e-02 -9.09089297e-02 -8.65193680e-02 -8.19535926e-02 -7.72057846e-02
 -7.22664595e-02 -6.71223626e-02 -6.17565028e-02 -5.61482534e-02 -5.02734073e-02
 -4.41041403e-02 -3.76087688e-02 -3.07512190e-02 -2.34900936e-02 -1.57771856e-02
 -7.55526079e-03  1.24523928e-03  1.07110972e-02  2.09537968e-02  3.21213268e-02
  4.44177836e-02  5.81378378e-02  7.37300664e-02  9.18978602e-02  1.13345318e-01
  1.33462295e-01  1.46388456e-01  1.57703996e-01  1.61701977e-01  1.62539214e-01
  1.57425553e-01  1.44934580e-01  1.32514894e-01  1.22062929e-01  1.13351159e-01
 -1.48651764e-01 -1.54927239e-01 -1.52709454e-01 -1.49740458e-01 -1.48008972e-01
 -1.46705940e-01 -1.45601273e-01 -1.44588828e-01 -1.43598497e-01 -1.42578140e-01
 -1.41488329e-01 -1.40298933e-01 -1.38986558e-01 -1.37532577e-01 -1.35922164e-01
 -1.34143397e-01 -1.32186681e-01 -1.30044416e-01 -1.27710834e-01 -1.25182047e-01
 -1.22456215e-01 -1.19533613e-01 -1.16416827e-01 -1.13110803e-01 -1.09622888e-01
 -1.05962604e-01 -1.02141313e-01 -9.81716365e-02 -9.40667093e-02 -8.98391381e-02
 -8.54998529e-02 -8.10568929e-02 -7.65142366e-02 -7.18709603e-02 -6.71207234e-02
 -6.22516125e-02 -5.72463758e-02 -5.20829745e-02 -4.67352308e-02 -4.11735438e-02
 -3.53654213e-02 -2.92758029e-02 -2.28670146e-02 -1.60983708e-02 -8.92533176e-03
 -1.29818730e-03  6.83981646e-03  1.55550484e-02  2.49269847e-02  3.50530148e-02
  4.60552163e-02  5.80903254e-02  7.13646412e-02  8.61439556e-02  1.02468990e-01
  1.16691157e-01  1.26511380e-01  1.35248110e-01  1.38309687e-01  1.39723241e-01
  1.36017203e-01  1.28142715e-01  1.20442554e-01  1.13378078e-01  1.06996670e-01
 -1.45609617e-01 -1.50499970e-01 -1.52065098e-01 -1.51620612e-01 -1.50637671e-01
 -1.49609327e-01 -1.48578197e-01 -1.47492409e-01 -1.46301150e-01 -1.44970626e-01
 -1.43481359e-01 -1.41822636e-01 -1.39988154e-01 -1.37973174e-01 -1.35773182e-01
 -1.33383483e-01 -1.30799428e-01 -1.28016874e-01 -1.25032917e-01 -1.21846408e-01
 -1.18458629e-01 -1.14873648e-01 -1.11098707e-01 -1.07144423e-01 -1.03024915e-01
 -9.87577066e-02 -9.43633839e-02 -8.98649320e-02 -8.52865577e-02 -8.06520805e-02
 -7.59829283e-02 -7.12959766e-02 -6.66014925e-02 -6.19016662e-02 -5.71897291e-02
 -5.24501093e-02 -4.76592779e-02 -4.27873060e-02 -3.77997160e-02 -3.26592810e-02
 -2.73276046e-02 -2.17662118e-02 -1.59371831e-02 -9.80337523e-03 -3.32834502e-03
  3.52381263e-03  1.07885087e-02  1.85001809e-02  2.66906340e-02  3.53848599e-02
  4.45914157e-02  5.42808026e-02  6.43370822e-02  7.44595528e-02  8.41305330e-02
  9.30051431e-02  1.00480095e-01  1.06149741e-01  1.09777167e-01  1.11361638e-01
  1.11067191e-01  1.09023869e-01  1.05757244e-01  1.01942345e-01  9.79826599e-02
 -1.52170226e-01 -1.59250319e-01 -1.56048447e-01 -1.53687522e-01 -1.52920961e-01
 -1.52372524e-01 -1.51673362e-01 -1.50695086e-01 -1.49405792e-01 -1.47814929e-01
 -1.45946473e-01 -1.43825620e-01 -1.41472697e-01 -1.38901159e-01 -1.36117622e-01
 -1.33123487e-01 -1.29916891e-01 -1.26494795e-01 -1.22854844e-01 -1.18996792e-01
 -1.14923619e-01 -1.10642195e-01 -1.06163792e-01 -1.01504453e-01 -9.66854021e-02
 -9.17333364e-02 -8.66805464e-02 -8.15644413e-02 -7.64261335e-02 -7.13079050e-02
 -6.62495345e-02 -6.12839684e-02 -5.64331524e-02 -5.17048165e-02 -4.70909774e-02
 -4.25684415e-02 -3.81012000e-02 -3.36442143e-02 -2.91477107e-02 -2.45611593e-02
 -1.98363494e-02 -1.49293626e-02 -9.80155449e-03 -4.41990281e-03  1.24292471e-03
  7.20838038e-03  1.34913670e-02  2.00986397e-02  2.70257201e-02  3.42515483e-02
  4.17299233e-02  4.93772514e-02  5.70585541e-02  6.45803586e-02  7.17034340e-02
  7.81692266e-02  8.37267935e-02  8.81706327e-02  9.13740918e-02  9.33047831e-02
  9.40215290e-02  9.36656520e-02  9.24527049e-02  9.06331539e-02  8.84355679e-02
 -1.41738847e-01 -1.47248581e-01 -1.50989056e-01 -1.53433189e-01 -1.55059740e-01
 -1.55864805e-01 -1.55793339e-01 -1.54942691e-01 -1.53463483e-01 -1.51489392e-01
 -1.49126574e-01 -1.46453351e-01 -1.43521473e-01 -1.40359670e-01 -1.36979029e-01
 -1.33378789e-01 -1.29551932e-01 -1.25489786e-01 -1.21185474e-01 -1.16636179e-01
 -1.11844458e-01 -1.06818713e-01 -1.01573229e-01 -9.61283743e-02 -9.05113071e-02
 -8.47574249e-02 -7.89120793e-02 -7.30318576e-02 -6.71839491e-02 -6.14426099e-02
 -5.58820255e-02 -5.05667031e-02 -4.55417037e-02 -4.08252142e-02 -3.64051796e-02
 -3.22407261e-02 -2.82682832e-02 -2.44109612e-02 -2.05887519e-02 -1.67268831e-02
 -1.27609288e-02 -8.63885321e-03 -4.32096515e-03  2.21063689e-04  5.00530982e-03
  1.00403056e-02  1.53250499e-02  2.08481289e-02  2.65858471e-02  3.24993506e-02
  3.85309942e-02  4.46007028e-02  5.06039523e-02  5.64134046e-02  6.18858114e-02
  6.68736771e-02  7.12399855e-02  7.48737380e-02  7.77031705e-02  7.97037333e-02
  8.08996931e-02  8.13598260e-02  8.11873451e-02  8.05045515e-02  7.94357583e-02
 -1.37647912e-01 -1.43784717e-01 -1.49691910e-01 -1.55358642e-01 -1.60376757e-01
 -1.62816405e-01 -1.62632152e-01 -1.61261767e-01 -1.59074545e-01 -1.56307384e-01
 -1.53151125e-01 -1.49730355e-01 -1.46111935e-01 -1.42317638e-01 -1.38339281e-01
 -1.34152949e-01 -1.29729822e-01 -1.25043541e-01 -1.20074905e-01 -1.14814632e-01
 -1.09264150e-01 -1.03434324e-01 -9.73428562e-02 -9.10123214e-02 -8.44706967e-02
 -7.77551234e-02 -7.09184855e-02 -6.40371367e-02 -5.72166257e-02 -5.05899228e-02
 -4.43028882e-02 -3.84889059e-02 -3.32431383e-02 -2.86052842e-02 -2.45522913e-02
 -2.10008547e-02 -1.78218298e-02 -1.48660820e-02 -1.19922012e-02 -9.08426382e-03
 -6.05691131e-03 -2.85249832e-03  5.64428512e-04  4.21236688e-03  8.09678622e-03
  1.22126099e-02  1.65454522e-02  2.10718494e-02  2.57587750e-02  3.05626988e-02
  3.54286283e-02  4.02896143e-02  4.50673811e-02  4.96746413e-02  5.40193990e-02
  5.80110475e-02  6.15675338e-02  6.46225587e-02  6.71315864e-02  6.90756589e-02
  7.04623237e-02  7.13235661e-02  7.17110336e-02  7.16893673e-02  7.13289157e-02
 -1.34961963e-01 -1.41981274e-01 -1.49670452e-01 -1.58417463e-01 -1.68369785e-01
 -1.73140496e-01 -1.72970548e-01 -1.70372128e-01 -1.66400865e-01 -1.62143499e-01
 -1.57748729e-01 -1.53350443e-01 -1.48984477e-01 -1.44600481e-01 -1.40115350e-01
 -1.35444343e-01 -1.30512327e-01 -1.25259995e-01 -1.19647205e-01 -1.13655284e-01
 -1.07290544e-01 -1.00579455e-01 -9.35533270e-02 -8.62358883e-02 -7.86420181e-02
 -7.07862154e-02 -6.26984760e-02 -5.44482954e-02 -4.61780019e-02 -3.81326117e-02
 -3.06391418e-02 -2.40040831e-02 -1.84277538e-02 -1.39922835e-02 -1.06550911e-02
 -8.24070815e-03 -6.44424325e-03 -4.92461445e-03 -3.41635570e-03 -1.75602851e-03
  1.42994773e-04  2.31950986e-03  4.78418125e-03  7.53110088e-03  1.05441362e-02
  1.38001814e-02  1.72706079e-02  2.09216774e-02  2.47144327e-02  2.86043976e-02
  3.25414091e-02  3.64698619e-02  4.03295904e-02  4.40575890e-02  4.75905761e-02
  5.08682653e-02  5.38369678e-02  5.64531237e-02  5.86861819e-02  6.05204478e-02
  6.19555339e-02  6.30054474e-02  6.36963323e-02  6.40634075e-02  6.41473755e-02
 -1.31553665e-01 -1.38821915e-01 -1.47060215e-01 -1.56771928e-01 -1.68807477e-01
 -1.76467672e-01 -1.80789575e-01 -1.78919673e-01 -1.74672425e-01 -1.68074086e-01
 -1.61777183e-01 -1.56375870e-01 -1.51538461e-01 -1.46900266e-01 -1.42211199e-01
 -1.37321994e-01 -1.32079959e-01 -1.26384914e-01 -1.20185763e-01 -1.13415167e-01
 -1.06097378e-01 -9.83612761e-02 -9.03055444e-02 -8.19515586e-02 -7.32661039e-02
 -6.41870797e-02 -5.46425097e-02 -4.45743352e-02 -3.39983255e-02 -2.32177414e-02
 -1.33171584e-02 -5.28912107e-03  9.02090338e-04  4.86719562e-03  6.89886324e-03
  6.85445778e-03  5.84101724e-03  4.97661345e-03  4.59618075e-03  4.75377031e-03
  5.42515749e-03  6.56354055e-03  8.11729301e-03  1.00358715e-02  1.22713558e-02
  1.47782508e-02  1.75126530e-02  2.04312596e-02  2.34904494e-02  2.66455971e-02
  2.98507009e-02  3.30584273e-02  3.62206027e-02  3.92892100e-02  4.22177836e-02
  4.49631326e-02  4.74872068e-02  4.97588515e-02  5.17552346e-02  5.34627587e-02
  5.48773110e-02  5.60037829e-02  5.68550117e-02  5.74502014e-02  5.78131080e-02
 -1.26627028e-01 -1.33298993e-01 -1.40631035e-01 -1.48715004e-01 -1.57390296e-01
 -1.66095182e-01 -1.76485449e-01 -1.77183822e-01 -1.77021965e-01 -1.68904021e-01
 -1.61959678e-01 -1.56946018e-01 -1.53237551e-01 -1.49231836e-01 -1.44506842e-01
 -1.40201062e-01 -1.34975702e-01 -1.28692910e-01 -1.22492149e-01 -1.14827223e-01
 -1.05748683e-01 -9.66209695e-02 -8.75030905e-02 -7.82554150e-02 -6.87077045e-02
 -5.86682111e-02 -4.79062833e-02 -3.61173972e-02 -2.28498653e-02 -7.24154012e-03
  9.75598395e-03  1.57592725e-02  2.71409135e-02  2.60189734e-02  3.09075546e-02
  2.25766804e-02  1.66147649e-02  1.28850453e-02  1.06246471e-02  9.44472663e-03
  9.09648649e-03  9.40650608e-03  1.02474364e-02  1.15217883e-02  1.31519884e-02
  1.50738573e-02  1.72321666e-02  1.95775423e-02  2.20643301e-02  2.46491712e-02
  2.72901673e-02  2.99465172e-02  3.25785689e-02  3.51482294e-02  3.76196466e-02
  3.99600826e-02  4.21408452e-02  4.41381820e-02  4.59339954e-02  4.75162826e-02
  4.88792658e-02  5.00231460e-02  5.09535298e-02  5.16805947e-02  5.22180945e-02
 -1.20496660e-01 -1.26207933e-01 -1.32190958e-01 -1.38382837e-01 -1.44678503e-01
 -1.50915518e-01 -1.56709254e-01 -1.61843792e-01 -1.69317633e-01 -1.59818903e-01
 -1.55112192e-01 -1.52214184e-01 -1.51364550e-01 -1.48811102e-01 -1.43441677e-01
 -1.40880331e-01 -1.35994464e-01 -1.28578901e-01 -1.23850361e-01 -1.15488999e-01
 -1.04216903e-01 -9.41457823e-02 -8.45412984e-02 -7.49979019e-02 -6.52294457e-02
 -5.49794175e-02 -4.39628176e-02 -3.18088047e-02 -1.79866850e-02 -1.76492857e-03
  1.42715629e-02  2.21694652e-02  3.14536169e-02  3.21752504e-02  3.44392844e-02
  2.72370297e-02  2.03386191e-02  1.57826394e-02  1.29091684e-02  1.12511721e-02
  1.04985246e-02  1.04390448e-02  1.09218881e-02  1.18359188e-02  1.30962702e-02
  1.46355806e-02  1.63981747e-02  1.83361676e-02  2.04069130e-02  2.25713421e-02
  2.47929636e-02  2.70373337e-02  2.92718858e-02  3.14660370e-02  3.35914828e-02
  3.56226340e-02  3.75370719e-02  3.93160097e-02  4.09446657e-02  4.24124636e-02
  4.37131152e-02  4.48444486e-02  4.58081141e-02  4.66091000e-02  4.72551621e-02
  3.71697378e+00  3.90738106e+00  4.07088423e+00  4.21479464e+00  4.34001541e+00
  4.42766047e+00  4.49287081e+00  4.52814960e+00  4.54414511e+00  4.53842926e+00
  4.51968908e+00  4.48859835e+00  4.44781113e+00  4.40231562e+00  4.35279274e+00
  4.30114937e+00  4.24878788e+00  4.19788027e+00  4.14704323e+00  4.09970188e+00
  4.05497026e+00  4.01417542e+00  3.97692060e+00  3.94397879e+00  3.91450453e+00
  3.88929558e+00  3.86780238e+00  3.84939861e+00  3.83438420e+00  3.82265401e+00
  3.81403637e+00  3.80824876e+00  3.80559587e+00  3.80558109e+00  3.80848742e+00
  3.81424618e+00  3.82314777e+00  3.83489513e+00  3.84980297e+00  3.86777925e+00
  3.88925624e+00  3.91431451e+00  3.94331241e+00  3.97639871e+00  4.01377487e+00
  4.05613613e+00  4.10365391e+00  4.15682602e+00  4.21659994e+00  4.28277302e+00
  4.35683727e+00  4.43918943e+00  4.53081179e+00  4.63350344e+00  4.74851036e+00
  4.87938643e+00  5.02757978e+00  5.19951534e+00  5.39655781e+00  5.63029623e+00
  5.90980673e+00  6.25313520e+00  6.71010876e+00  7.42553043e+00  1.13680429e+01
   89   89
  1.05585837e+00  0.00000000e+00  1.05775869e+00  1.00000001e-01  1.06342924e+00
  2.00000003e-01  1.07237971e+00  3.00000012e-01  1.07906246e+00  3.59843493e-01
  1.08986771e+00  4.49999988e-01  1.10125446e+00  5.50000012e-01  1.10706890e+00
  6.00000024e-01  1.11797285e+00  6.99999988e-01  1.12929785e+00  8.00000012e-01
  1.13575661e+00  8.50000024e-01  1.14687097e+00  9.49999988e-01  1.15422189e+00
  1.04632199e+00  1.15736032e+00  1.09264386e+00  1.21187496e+00  1.08408570e+00
  1.26499999e+00  1.07293475e+00  1.31812501e+00  1.06055367e+00  1.35859621e+00
  1.04999995e+00  1.39781249e+00  1.04068840e+00  1.45093751e+00  1.02602041e+00
  1.50406253e+00  1.00891721e+00  1.53062499e+00  9.99585569e-01  1.58375001e+00
  9.79885697e-01  1.63687503e+00  9.55825090e-01  1.66343749e+00  9.43245173e-01
  1.71656251e+00  9.14560735e-01  1.74312496e+00  8.98362339e-01  1.79624999e+00
  8.63099396e-01  1.82281256e+00  8.43618453e-01  1.87593746e+00  8.00103247e-01
  1.90250003e+00  7.77838826e-01  1.93203366e+00  7.50000000e-01  1.98218751e+00
  7.00753450e-01  2.00874996e+00  6.72591031e-01  2.03531241e+00  6.42244399e-01
  2.06894279e+00  6.00000024e-01  2.10577250e+00  5.50000012e-01  2.13820004e+00
  5.00000000e-01  2.16665220e+00  4.49999988e-01  2.19174218e+00  4.00000006e-01
  2.21404004e+00  3.49999994e-01  2.23395157e+00  3.00000012e-01  2.25168395e+00
  2.50000000e-01  2.27437496e+00  1.77038088e-01  2.29265118e+00  1.00000001e-01
  2.30093741e+00  1.97004098e-02  2.30176449e+00 -5.00000007e-02  2.29798245e+00
 -1.00000001e-01  2.27786016e+00 -2.00000003e-01  2.26448345e+00 -2.50000000e-01
  2.24779153e+00 -3.00000012e-01  2.22125006e+00 -3.71628284e-01  2.19468760e+00
 -4.33314264e-01  2.16812491e+00 -4.85950738e-01  2.14156246e+00 -5.31406999e-01
  2.11500001e+00 -5.71344674e-01  2.08843756e+00 -6.07020617e-01  2.05363584e+00
 -6.49999976e-01  2.00874996e+00 -6.98256433e-01  1.98218751e+00 -7.23880172e-01
  1.95228100e+00 -7.50000000e-01  1.90250003e+00 -7.89580643e-01  1.87593746e+00
 -8.08034420e-01  1.82281256e+00 -8.41954052e-01  1.79624999e+00 -8.56303692e-01
  1.74312496e+00 -8.82810473e-01  1.69720626e+00 -8.99999976e-01  1.66343749e+00
 -9.11904216e-01  1.61031246e+00 -9.26568031e-01  1.55718756e+00 -9.36134934e-01
  1.50406253e+00 -9.40539956e-01  1.45093751e+00 -9.39190209e-01  1.39781249e+00
 -9.30526435e-01  1.34468746e+00 -9.11304176e-01  1.31812501e+00 -8.96262705e-01
  1.26499999e+00 -8.52295876e-01  1.23843753e+00 -8.20709109e-01  1.21187496e+00
 -7.79782593e-01  1.18531251e+00 -7.27961004e-01  1.15875006e+00 -6.62171602e-01
  1.13880920e+00 -6.00000024e-01  1.12490463e+00 -5.50000012e-01  1.10562503e+00
 -4.67516541e-01  1.09230626e+00 -4.00000006e-01  1.07906246e+00 -3.18822712e-01
  1.06996119e+00 -2.50000000e-01  1.06105208e+00 -1.50000006e-01  1.05650115e+00
 -5.00000007e-02  1.05585837e+00  0.00000000e+00
  1.01600003e+00  0.00000000e+00  1.01600003e+00  9.63999987e-01  1.01800001e+00
  9.67999995e-01  1.01800001e+00  1.00100005e+00  1.01800001e+00  1.01900005e+00
  1.01800001e+00  1.07700002e+00  1.01800001e+00  1.07000005e+00  1.01800001e+00
  1.09599996e+00  1.01800001e+00  1.11300004e+00  1.01800001e+00  1.13800001e+00
  1.01600003e+00  1.14699996e+00  1.01199996e+00  1.16499996e+00  1.00100005e+00
  1.21700001e+00  1.02900004e+00  1.21700001e+00  1.04200006e+00  1.16240001e+00
  1.04600000e+00  1.16237998e+00  1.05599999e+00  1.16260004e+00  1.09700000e+00
  1.16450000e+00  1.10800004e+00  1.16594005e+00  1.11600006e+00  1.16591001e+00
  1.13399994e+00  1.16895998e+00  1.14800000e+00  1.17174995e+00  1.16199994e+00
  1.17556000e+00  1.18099999e+00  1.18299997e+00  1.18200004e+00  1.18350005e+00
  1.18499994e+00  1.18499994e+00  1.19000006e+00  1.18799996e+00  1.19500005e+00
  1.19099998e+00  1.20099998e+00  1.19599998e+00  1.20899999e+00  1.20200002e+00
  1.21500003e+00  1.20799994e+00  1.22200000e+00  1.21399999e+00  1.22800004e+00
  1.22099996e+00  1.23399997e+00  1.23099995e+00  1.23899996e+00  1.23800004e+00
  1.24199998e+00  1.24399996e+00  1.24800003e+00  1.25399995e+00  1.25800002e+00
  1.27800000e+00  1.26300001e+00  1.28999996e+00  1.27999997e+00  1.33099997e+00
  1.27999997e+00  1.34700000e+00  1.27999997e+00  1.34800005e+00  1.30999994e+00
  1.34800005e+00  1.32799995e+00  1.34800005e+00  1.36099994e+00  1.34800005e+00
  1.38000000e+00  1.34800005e+00  1.41900003e+00  1.34800005e+00  1.41900003e+00
  1.30999994e+00  1.37199998e+00  1.30999994e+00  1.37199998e+00  1.29200006e+00
  1.60800004e+00  1.09500003e+00  1.64699996e+00  1.07700002e+00  1.78499997e+00
  1.07700002e+00  2.06999993e+00  1.03999996e+00  2.12800002e+00  9.92999971e-01
  2.24499989e+00  7.08999991e-01  2.32299995e+00  5.18999994e-01  2.37700009e+00
  3.88999999e-01  2.35200000e+00  4.00000006e-01  2.35100007e+00  3.37000012e-01
  2.35100007e+00  2.04999998e-01  2.35400009e+00  6.80000037e-02  2.35400009e+00
  0.00000000e+00  2.35400009e+00 -6.80000037e-02  2.35299993e+00 -2.04999998e-01
  2.35100007e+00 -3.37000012e-01  2.35299993e+00 -4.00000006e-01  2.37700009e+00
 -3.88999999e-01  2.13400006e+00 -9.72999990e-01  1.78600001e+00 -1.17400002e+00
  1.76800001e+00 -1.21099997e+00  1.76800001e+00 -1.25399995e+00  1.68200004e+00
 -1.25399995e+00  1.67400002e+00 -1.26199996e+00  1.67400002e+00 -1.32900000e+00
  1.68099999e+00 -1.33899999e+00  1.75399995e+00 -1.33899999e+00  1.75399995e+00
 -1.36800003e+00  1.68900001e+00 -1.36800003e+00  1.68900001e+00 -1.36600006e+00
  1.55499995e+00 -1.36600006e+00  1.41199994e+00 -1.36600006e+00  1.27300000e+00
 -1.36600006e+00  1.15300000e+00 -1.36600006e+00  1.01600003e+00 -1.22899997e+00
  1.01600003e+00 -8.00000012e-01  1.01600003e+00 -4.14999992e-01  1.01600003e+00
 -4.00000006e-01  1.01600003e+00  0.00000000e+00
    0 0.000000000e+00    0
  0.00000000e+00  1.16076306e-01  1.66189164e-01  2.05713227e-01  2.38507226e-01
  2.69073457e-01  2.97100693e-01  3.22806418e-01  3.46875519e-01  3.69260699e-01
  3.90469164e-01  4.10338134e-01  4.29200798e-01  4.47114646e-01  4.64117885e-01
  4.80336249e-01  4.95892048e-01  5.10735869e-01  5.25028110e-01  5.38763940e-01
  5.51997960e-01  5.64841151e-01  5.77228129e-01  5.89279175e-01  6.00996554e-01
  6.12394691e-01  6.23534501e-01  6.34463191e-01  6.45094454e-01  6.55517340e-01
  6.65782869e-01  6.75912976e-01  6.85838401e-01  6.95596159e-01  7.05237150e-01
  7.14787304e-01  7.24225104e-01  7.33567595e-01  7.42797852e-01  7.51979351e-01
  7.61081934e-01  7.70131588e-01  7.79162586e-01  7.88157284e-01  7.97104120e-01
  8.06062579e-01  8.15013349e-01  8.23963046e-01  8.32972825e-01  8.41983736e-01
  8.51071775e-01  8.60226095e-01  8.69446397e-01  8.78778875e-01  8.88223469e-01
  8.97833049e-01  9.07593310e-01  9.17601883e-01  9.27782476e-01  9.38319683e-01
  9.49180067e-01  9.60455000e-01  9.72379863e-01  9.85175848e-01  1.00000000e+00
    0
