   EFIT?   05/12/98      #102940  1084             3  65  65
  1.70000005e+00  3.20000005e+00  1.69550002e+00  8.39999974e-01  0.00000000e+00
  1.77255428e+00  1.75355896e-02 -2.77871132e-01 -2.82655992e-02 -2.00063491e+00
  1.45175338e+06 -2.77871132e-01  0.00000000e+00  1.77255428e+00  0.00000000e+00
  1.75355896e-02  0.00000000e+00 -2.82655992e-02  0.00000000e+00  0.00000000e+00
 -3.43165231e+00 -3.43850493e+00 -3.44420934e+00 -3.44888258e+00 -3.45263052e+00
 -3.45554852e+00 -3.45772386e+00 -3.45923424e+00 -3.46015120e+00 -3.46053934e+00
 -3.46045780e+00 -3.45995998e+00 -3.45909524e+00 -3.45790839e+00 -3.45644069e+00
 -3.45473003e+00 -3.45281124e+00 -3.45071650e+00 -3.44847560e+00 -3.44611645e+00
 -3.44366527e+00 -3.44114566e+00 -3.43857980e+00 -3.43598747e+00 -3.43338680e+00
 -3.43079424e+00 -3.42822456e+00 -3.42569089e+00 -3.42320538e+00 -3.42077899e+00
 -3.41842127e+00 -3.41614079e+00 -3.41394520e+00 -3.41184139e+00 -3.40983486e+00
 -3.40793085e+00 -3.40613341e+00 -3.40444613e+00 -3.40287161e+00 -3.40141153e+00
 -3.40006757e+00 -3.39884019e+00 -3.39772940e+00 -3.39673400e+00 -3.39585280e+00
 -3.39508343e+00 -3.39442301e+00 -3.39386773e+00 -3.39341307e+00 -3.39305377e+00
 -3.39278316e+00 -3.39259458e+00 -3.39247918e+00 -3.39242816e+00 -3.39243102e+00
 -3.39247584e+00 -3.39254999e+00 -3.39263844e+00 -3.39272547e+00 -3.39279318e+00
 -3.39282179e+00 -3.39278984e+00 -3.39267302e+00 -3.39244509e+00 -3.39207649e+00
  7.11706406e+04  6.35424844e+04  5.67268203e+04  5.06643516e+04  4.52986914e+04
  4.05762461e+04  3.64460898e+04  3.28598555e+04  2.97716250e+04  2.71378359e+04
  2.49171777e+04  2.30705078e+04  2.15607578e+04  2.03528594e+04  1.94136641e+04
  1.87118691e+04  1.82179492e+04  1.79040977e+04  1.77441562e+04  1.77135586e+04
  1.77892832e+04  1.79498008e+04  1.81750195e+04  1.84462520e+04  1.87461621e+04
  1.90587402e+04  1.93692559e+04  1.96642344e+04  1.99314199e+04  2.01597559e+04
  2.03393555e+04  2.04614766e+04  2.05185176e+04  2.05039824e+04  2.04124746e+04
  2.02396895e+04  1.99823984e+04  1.96384414e+04  1.92067266e+04  1.86872266e+04
  1.80809746e+04  1.73900762e+04  1.66176992e+04  1.57680947e+04  1.48465996e+04
  1.38596475e+04  1.28147861e+04  1.17206934e+04  1.05871943e+04  9.42528418e+03
  8.24715332e+03  7.06621045e+03  5.89711816e+03  4.75581934e+03  3.65957544e+03
  2.62700342e+03  1.67811658e+03  8.34368835e+02  1.18701828e+02 -4.44404724e+02
 -8.28879333e+02 -1.00700122e+03 -9.49339600e+02 -6.24688843e+02  0.00000000e+00
  6.56264830e+00  5.50870991e+00  4.55802011e+00  3.70145559e+00  2.93072343e+00
  2.23828459e+00  1.61728859e+00  1.06151342e+00  5.65310955e-01  1.23556793e-01
 -2.68394411e-01 -6.14750087e-01 -9.19316471e-01 -1.18553245e+00 -1.41649950e+00
 -1.61500895e+00 -1.78356683e+00 -1.92441559e+00 -2.03955412e+00 -2.13075495e+00
 -2.19964266e+00 -2.24810696e+00 -2.27806425e+00 -2.29126930e+00 -2.28933001e+00
 -2.27372050e+00 -2.24579477e+00 -2.20679855e+00 -2.15788007e+00 -2.10010076e+00
 -2.03444362e+00 -1.96182227e+00 -1.88308966e+00 -1.79904449e+00 -1.71043897e+00
 -1.61798501e+00 -1.52236092e+00 -1.42421699e+00 -1.32418120e+00 -1.22286510e+00
 -1.12086904e+00 -1.01878715e+00 -9.17212903e-01 -8.16744268e-01 -7.17989028e-01
 -6.21569812e-01 -5.28129995e-01 -4.38339055e-01 -3.52898598e-01 -2.72548437e-01
 -1.98073268e-01 -1.30309373e-01 -7.01520890e-02 -1.85636580e-02  2.34183185e-02
  5.46717346e-02  7.39801303e-02  8.00219700e-02  7.13590533e-02  4.64238226e-02
  3.50561226e-03 -5.92644215e-02 -1.43929720e-01 -2.52726316e-01 -3.88102502e-01
 -2.06395275e+06 -1.84783400e+06 -1.64730050e+06 -1.46158925e+06 -1.28996988e+06
 -1.13174312e+06 -9.86238938e+05 -8.52815438e+05 -7.30857250e+05 -6.19774062e+05
 -5.18999531e+05 -4.27990094e+05 -3.46223438e+05 -2.73197750e+05 -2.08430328e+05
 -1.51456609e+05 -1.01829195e+05 -5.91168281e+04 -2.29034434e+04  7.21274463e+03
  3.16201191e+04  5.06945195e+04  6.48000625e+04  7.42899453e+04  7.95072188e+04
  8.07855547e+04  7.84499531e+04  7.28174844e+04  6.41979688e+04  5.28946602e+04
  3.92049141e+04  2.34208457e+04  5.82996582e+03 -1.32841875e+04 -3.36414219e+04
 -5.49642773e+04 -7.69774141e+04 -9.94070156e+04 -1.21980172e+05 -1.44424297e+05
 -1.66466516e+05 -1.87833062e+05 -2.08248719e+05 -2.27436125e+05 -2.45115266e+05
 -2.61002797e+05 -2.74811438e+05 -2.86249312e+05 -2.95019406e+05 -3.00818750e+05
 -3.03337875e+05 -3.02260188e+05 -2.97261094e+05 -2.88007375e+05 -2.74156500e+05
 -2.55355891e+05 -2.31241969e+05 -2.01439578e+05 -1.65561000e+05 -1.23205195e+05
 -7.39568906e+04 -1.73856465e+04  4.69550586e+04  1.19528820e+05  2.00817328e+05
  2.27391198e-02  1.53505942e-02  7.41696265e-03 -1.03386969e-03 -9.85036325e-03
 -1.87483169e-02 -2.70938799e-02 -3.46538350e-02 -4.36563082e-02 -3.15506905e-02
 -2.54613515e-02 -2.19370890e-02 -2.14097630e-02 -1.84743274e-02 -1.07007734e-02
 -7.21008936e-03 -4.62515862e-04  1.06463870e-02  1.76283494e-02  2.98191085e-02
  4.69674729e-02  6.22404367e-02  7.68113583e-02  9.13395137e-02  1.06300853e-01
  1.22129768e-01  1.39311314e-01  1.58474624e-01  1.80519789e-01  2.06506833e-01
  2.30899170e-01  2.44107902e-01  2.56509185e-01  2.57444292e-01  2.57496059e-01
  2.44445160e-01  2.30212286e-01  2.19636068e-01  2.11744800e-01  2.05779314e-01
  2.01259688e-01  1.97872937e-01  1.95403874e-01  1.93695128e-01  1.92624673e-01
  1.92093134e-01  1.92016408e-01  1.92320958e-01  1.92940831e-01  1.93815529e-01
  1.94888651e-01  1.96107179e-01  1.97420985e-01  1.98783010e-01  2.00149491e-01
  2.01480508e-01  2.02740625e-01  2.03899533e-01  2.04932541e-01  2.05820888e-01
  2.06551835e-01  2.07118437e-01  2.07519099e-01  2.07756817e-01  2.07838416e-01
  1.50959762e-02  6.03353186e-03 -4.05651052e-03 -1.53286653e-02 -2.75235213e-02
 -3.98730934e-02 -5.48606329e-02 -5.51675335e-02 -5.47348969e-02 -4.34013456e-02
 -3.41469795e-02 -2.75884885e-02 -2.28333902e-02 -1.75672248e-02 -1.10686859e-02
 -5.06808283e-03  2.32852018e-03  1.14442948e-02  2.05466393e-02  3.18490714e-02
  4.54176180e-02  5.91729097e-02  7.29984716e-02  8.71242508e-02  1.01844952e-01
  1.17505543e-01  1.34535357e-01  1.53516442e-01  1.75305933e-01  2.01053411e-01
  2.25673094e-01  2.38213032e-01  2.51200289e-01  2.51651496e-01  2.52611756e-01
  2.39425331e-01  2.25713909e-01  2.15710074e-01  2.08362207e-01  2.02933386e-01
  1.98956370e-01  1.96120694e-01  1.94209859e-01  1.93065330e-01  1.92565098e-01
  1.92610428e-01  1.93117574e-01  1.94012538e-01  1.95227459e-01  1.96698368e-01
  1.98363751e-01  2.00163767e-01  2.02040166e-01  2.03936636e-01  2.05799729e-01
  2.07580015e-01  2.09233493e-01  2.10722879e-01  2.12018758e-01  2.13100299e-01
  2.13955417e-01  2.14580432e-01  2.14979157e-01  2.15161741e-01  2.15143055e-01
  9.36849508e-03 -6.60511607e-04 -1.21769160e-02 -2.59284936e-02 -4.31103781e-02
 -5.31968474e-02 -5.93748875e-02 -5.64352609e-02 -5.05920239e-02 -4.15186509e-02
 -3.30623575e-02 -2.58518867e-02 -1.93896983e-02 -1.31375594e-02 -6.72306214e-03
  7.39165771e-05  7.47739011e-03  1.56378821e-02  2.46319938e-02  3.45609449e-02
  4.53953408e-02  5.69493733e-02  6.90827742e-02  8.17786902e-02  9.51133221e-02
  1.09219536e-01  1.24262549e-01  1.40412793e-01  1.57771215e-01  1.75984636e-01
  1.92496970e-01  2.04689696e-01  2.13641495e-01  2.17712164e-01  2.18345240e-01
  2.14078292e-01  2.07973391e-01  2.02552766e-01  1.98210374e-01  1.94916770e-01
  1.92568824e-01  1.91056475e-01  1.90278992e-01  1.90147787e-01  1.90584764e-01
  1.91519678e-01  1.92887351e-01  1.94625393e-01  1.96672156e-01  1.98965356e-01
  2.01440990e-01  2.04033017e-01  2.06673592e-01  2.09294185e-01  2.11827397e-01
  2.14209422e-01  2.16382906e-01  2.18299806e-01  2.19923690e-01  2.21231312e-01
  2.22212970e-01  2.22871810e-01  2.23222032e-01  2.23286495e-01  2.23093912e-01
  6.11280371e-03 -3.57903889e-03 -1.43658649e-02 -2.68082973e-02 -4.09388207e-02
 -4.71088476e-02 -4.70034070e-02 -4.34449576e-02 -3.81636135e-02 -3.25139463e-02
 -2.66842898e-02 -2.08443776e-02 -1.50210885e-02 -9.12357215e-03 -3.01932939e-03
  3.42261209e-03  1.03168814e-02  1.77537352e-02  2.57947259e-02  3.44697796e-02
  4.37723957e-02  5.36670387e-02  6.41123429e-02  7.50803724e-02  8.65585282e-02
  9.85354856e-02  1.10973135e-01  1.23759776e-01  1.36635721e-01  1.49107769e-01
  1.60472870e-01  1.70076370e-01  1.77513301e-01  1.82611093e-01  1.85443640e-01
  1.86351031e-01  1.85979262e-01  1.85053110e-01  1.84099138e-01  1.83414832e-01
  1.83146134e-01  1.83354154e-01  1.84054419e-01  1.85237929e-01  1.86881900e-01
  1.88954890e-01  1.91419125e-01  1.94230884e-01  1.97340190e-01  2.00690016e-01
  2.04215512e-01  2.07843438e-01  2.11492717e-01  2.15076014e-01  2.18502939e-01
  2.21684977e-01  2.24541232e-01  2.27004424e-01  2.29026034e-01  2.30579421e-01
  2.31660649e-01  2.32286826e-01  2.32492104e-01  2.32322633e-01  2.31830925e-01
  4.36586887e-03 -4.02369117e-03 -1.23107471e-02 -2.04371214e-02 -2.76888777e-02
 -3.12273670e-02 -3.12718749e-02 -2.97265463e-02 -2.70578992e-02 -2.35839561e-02
 -1.95571519e-02 -1.51382368e-02 -1.04083689e-02 -5.38686011e-03 -5.27054617e-05
  5.63527830e-03  1.17233740e-02  1.82528123e-02  2.52532903e-02  3.27392891e-02
  4.07090485e-02  4.91464883e-02  5.80248982e-02  6.73093647e-02  7.69547373e-02
  8.68977383e-02  9.70434025e-02  1.07247978e-01  1.17304459e-01  1.26943216e-01
  1.35861576e-01  1.43779904e-01  1.50497377e-01  1.55926988e-01  1.60109937e-01
  1.63212121e-01  1.65495440e-01  1.67261720e-01  1.68791860e-01  1.70310050e-01
  1.71977296e-01  1.73900828e-01  1.76147416e-01  1.78754702e-01  1.81739524e-01
  1.85103014e-01  1.88833624e-01  1.92908093e-01  1.97291210e-01  2.01934412e-01
  2.06773803e-01  2.11728066e-01  2.16697171e-01  2.21563354e-01  2.26195678e-01
  2.30459124e-01  2.34227017e-01  2.37394482e-01  2.39889562e-01  2.41680264e-01
  2.42776036e-01  2.43223548e-01  2.43097380e-01  2.42487878e-01  2.41489515e-01
  1.50594523e-03 -5.94328204e-03 -1.13664493e-02 -1.52676692e-02 -1.81595571e-02
 -1.99238844e-02 -2.04486530e-02 -1.98616460e-02 -1.83668807e-02 -1.61461588e-02
 -1.33438446e-02 -1.00655863e-02 -6.37997361e-03 -2.32365867e-03  2.09103781e-03
  6.86765881e-03  1.20177064e-02  1.75541118e-02  2.34863199e-02  2.98169646e-02
  3.65399420e-02  4.36395369e-02  5.10899872e-02  5.88545725e-02  6.68835863e-02
  7.51109123e-02  8.34498256e-02  9.17897448e-02  9.99965295e-02  1.07919224e-01
  1.15404621e-01  1.22317493e-01  1.28561303e-01  1.34093896e-01  1.38934553e-01
  1.43161282e-01  1.46898061e-01  1.50295213e-01  1.53508037e-01  1.56680003e-01
  1.59933254e-01  1.63365573e-01  1.67051792e-01  1.71046674e-01  1.75388217e-01
  1.80100158e-01  1.85193434e-01  1.90666303e-01  1.96503043e-01  2.02670842e-01
  2.09114835e-01  2.15751231e-01  2.22459316e-01  2.29075387e-01  2.35394433e-01
  2.41186693e-01  2.46228680e-01  2.50336677e-01  2.53391117e-01  2.55350232e-01
  2.56254256e-01  2.56217182e-01  2.55402476e-01  2.53990024e-01  2.52148479e-01
 -5.72695443e-03 -1.58322696e-02 -1.41430181e-02 -1.28845945e-02 -1.32108470e-02
 -1.35713508e-02 -1.35633228e-02 -1.30531723e-02 -1.20192077e-02 -1.04878424e-02
 -8.50093644e-03 -6.09944528e-03 -3.31597053e-03 -1.72404223e-04  3.31938779e-03
  7.15518929e-03  1.13353338e-02  1.58615448e-02  2.07341295e-02  2.59496775e-02
  3.14993411e-02  3.73675190e-02  4.35308293e-02  4.99570891e-02  5.66042624e-02
  6.34194165e-02  7.03381896e-02  7.72852972e-02  8.41770470e-02  9.09262970e-02
  9.74498615e-02  1.03677392e-01  1.09560065e-01  1.15077265e-01  1.20239742e-01
  1.25088573e-01  1.29690126e-01  1.34128347e-01  1.38495773e-01  1.42885685e-01
  1.47385985e-01  1.52075797e-01  1.57023907e-01  1.62288874e-01  1.67919651e-01
  1.73956543e-01  1.80431709e-01  1.87368840e-01  1.94781601e-01  2.02669680e-01
  2.11011484e-01  2.19750822e-01  2.28774652e-01  2.37878159e-01  2.46725008e-01
  2.54857957e-01  2.61818796e-01  2.67263889e-01  2.70986140e-01  2.72916704e-01
  2.73149163e-01  2.71963269e-01  2.69757390e-01  2.66908109e-01  2.63702750e-01
  1.32187270e-03 -4.92033456e-03 -7.94464070e-03 -8.81128944e-03 -8.93118326e-03
 -8.83203279e-03 -8.56664870e-03 -8.08290020e-03 -7.33127119e-03 -6.28262805e-03
 -4.92441840e-03 -3.25373141e-03 -1.27173681e-03  1.01976935e-03  3.61998216e-03
  6.52935868e-03  9.74902138e-03  1.32796941e-02  1.71204731e-02  2.12676078e-02
  2.57134307e-02  3.04454397e-02  3.54455560e-02  4.06895541e-02  4.61466946e-02
  5.17796874e-02  5.75451478e-02  6.33947924e-02  6.92775548e-02  7.51427338e-02
  8.09439197e-02  8.66433159e-02  9.22158137e-02  9.76520628e-02  1.02960013e-01
  1.08164698e-01  1.13306262e-01  1.18436672e-01  1.23615898e-01  1.28908053e-01
  1.34378180e-01  1.40090033e-01  1.46104842e-01  1.52480870e-01  1.59273863e-01
  1.66537821e-01  1.74325973e-01  1.82691872e-01  1.91689983e-01  2.01375365e-01
  2.11800933e-01  2.23009571e-01  2.35014498e-01  2.47755036e-01  2.60962039e-01
  2.73210913e-01  2.83223659e-01  2.90651798e-01  2.95245171e-01  2.96823949e-01
  2.95268893e-01  2.91157514e-01  2.86147177e-01  2.80848712e-01  2.75591075e-01
 -1.49938173e-03 -1.03668869e-02 -8.11592396e-03 -5.71645983e-03 -4.97148791e-03
 -4.60703112e-03 -4.33697365e-03 -4.03944869e-03 -3.63872456e-03 -3.08164558e-03
 -2.33055209e-03 -1.35902804e-03 -1.48462059e-04  1.31462596e-03  3.04042199e-03
  5.03687793e-03  7.31014041e-03  9.86452494e-03  1.27022080e-02  1.58227682e-02
  1.92226842e-02  2.28948742e-02  2.68283226e-02  3.10078580e-02  3.54141444e-02
  4.00239341e-02  4.48106751e-02  4.97455187e-02  5.47988005e-02  5.99418953e-02
  6.51494265e-02  7.04015568e-02  7.56860599e-02  8.09999555e-02  8.63504186e-02
  9.17548761e-02  9.72403139e-02  1.02841951e-01  1.08601592e-01  1.14565924e-01
  1.20784998e-01  1.27311215e-01  1.34198830e-01  1.41504109e-01  1.49286225e-01
  1.57608658e-01  1.66541725e-01  1.76165774e-01  1.86575904e-01  1.97888672e-01
  2.10251972e-01  2.23860443e-01  2.38980189e-01  2.55977631e-01  2.75143951e-01
  2.94169992e-01  3.07115883e-01  3.17962974e-01  3.23595792e-01  3.24796289e-01
  3.22269887e-01  3.12847942e-01  3.03045630e-01  2.94238895e-01  2.86398739e-01
  8.30260571e-03  2.61504529e-03  1.65284247e-04 -2.60084518e-04 -1.83503289e-04
 -1.52020846e-04 -2.29234822e-04 -3.61434533e-04 -4.80741204e-04 -5.27990633e-04
 -4.55987465e-04 -2.28123346e-04  1.83879412e-04  8.02068040e-04  1.64391589e-03
  2.72349035e-03  4.05217987e-03  5.63906459e-03  7.49102328e-03  9.61265899e-03
  1.20061263e-02  1.46709289e-02  1.76037550e-02  2.07984280e-02  2.42460016e-02
  2.79350858e-02  3.18523310e-02  3.59831005e-02  4.03123535e-02  4.48257029e-02
  4.95106652e-02  5.43579720e-02  5.93627878e-02  6.45257011e-02  6.98533952e-02
  7.53589123e-02  8.10615495e-02  8.69864002e-02  9.31637809e-02  9.96285751e-02
  1.06419757e-01  1.13580108e-01  1.21156387e-01  1.29199937e-01  1.37767956e-01
  1.46925628e-01  1.56749099e-01  1.67330176e-01  1.78783014e-01  1.91254258e-01
  2.04938769e-01  2.20104963e-01  2.37137541e-01  2.56608367e-01  2.79276788e-01
  3.03608716e-01  3.20497721e-01  3.33845705e-01  3.41815233e-01  3.43275636e-01
  3.41373742e-01  3.29843730e-01  3.15958887e-01  3.03875983e-01  2.93767482e-01
  1.05729671e-02  3.26530077e-03  3.62586486e-03  5.12398314e-03  5.21945814e-03
  4.76632360e-03  4.05876897e-03  3.23833525e-03  2.39344523e-03  1.58681488e-03
  8.65699083e-04  2.66969495e-04 -1.79832699e-04 -4.50458261e-04 -5.24528557e-04
 -3.84548155e-04 -1.52487301e-05  5.96806756e-04  1.46341324e-03  2.59475061e-03
  3.99928307e-03  5.68358274e-03  7.65214767e-03  9.90730897e-03  1.24493474e-02
  1.52769051e-02  1.83873829e-02  2.17772555e-02  2.54422333e-02  2.93777324e-02
  3.35795842e-02  3.80448624e-02  4.27727550e-02  4.77653518e-02  5.30282706e-02
  5.85710667e-02  6.44072965e-02  7.05545247e-02  7.70341977e-02  8.38715732e-02
  9.10956860e-02  9.87394825e-02  1.06840208e-01  1.15440145e-01  1.24587826e-01
  1.34339809e-01  1.44763306e-01  1.55939788e-01  1.67970136e-01  1.80981696e-01
  1.95137888e-01  2.10650757e-01  2.27795497e-01  2.46925607e-01  2.68511057e-01
  2.93242991e-01  3.16019386e-01  3.28266412e-01  3.40766519e-01  3.42251420e-01
  3.42135072e-01  3.34864348e-01  3.19647878e-01  3.06096971e-01  2.95135796e-01
  2.31164414e-02  1.79196037e-02  1.51372673e-02  1.35768652e-02  1.20550031e-02
  1.03796497e-02  8.61027837e-03  6.81223301e-03  5.03465207e-03  3.31539405e-03
  1.68541609e-03  1.71213163e-04 -1.20380265e-03 -2.41842703e-03 -3.45304771e-03
 -4.28919075e-03 -4.90919501e-03 -5.29600400e-03 -5.43305930e-03 -5.30430954e-03
 -4.89442842e-03 -4.18921420e-03 -3.17612337e-03 -1.84482033e-03 -1.87341677e-04
  1.80352712e-03  4.13477747e-03  6.81332499e-03  9.84394271e-03  1.32293049e-02
  1.69705860e-02  2.10682098e-02  2.55226865e-02  3.03355362e-02  3.55101973e-02
  4.10526097e-02  4.69710454e-02  5.32761328e-02  5.99810593e-02  6.71018139e-02
  7.46572837e-02  8.26694965e-02  9.11638662e-02  1.00169733e-01  1.09721020e-01
  1.19857229e-01  1.30624577e-01  1.42077476e-01  1.54280171e-01  1.67308465e-01
  1.81250960e-01  1.96209386e-01  2.12296948e-01  2.29635119e-01  2.48360723e-01
  2.68773228e-01  2.92448848e-01  3.06296736e-01  3.14992845e-01  3.25175703e-01
  3.20851296e-01  3.23533714e-01  3.10118765e-01  2.97809303e-01  2.88800180e-01
  3.52658182e-02  3.10234707e-02  2.68010497e-02  2.28771176e-02  1.93598736e-02
  1.61254313e-02  1.30669102e-02  1.01318695e-02  7.30128493e-03  4.57327673e-03
  1.95469987e-03 -5.42937254e-04 -2.90546077e-03 -5.11699542e-03 -7.16040982e-03
 -9.01749078e-03 -1.06689958e-02 -1.20946607e-02 -1.32731711e-02 -1.41818840e-02
 -1.47972452e-02 -1.50956213e-02 -1.50546087e-02 -1.46554122e-02 -1.38882380e-02
 -1.27391852e-02 -1.11922119e-02 -9.22271516e-03 -6.81716483e-03 -3.96787515e-03
 -6.71062560e-04  3.07404413e-03  7.26604648e-03  1.19027803e-02  1.69835873e-02
  2.25115325e-02  2.84897145e-02  3.49212848e-02  4.18105572e-02  4.91639450e-02
  5.69897741e-02  6.52982146e-02  7.41013214e-02  8.34131986e-02  9.32501182e-02
  1.03630468e-01  1.14574596e-01  1.26104116e-01  1.38240635e-01  1.51003212e-01
  1.64403811e-01  1.78439230e-01  1.93076789e-01  2.08228350e-01  2.23697484e-01
  2.39056572e-01  2.53415972e-01  2.65559852e-01  2.74949998e-01  2.81432807e-01
  2.84883022e-01  2.85567641e-01  2.83696115e-01  2.80227244e-01  2.76327133e-01
  4.47411723e-02  4.10808288e-02  3.55850346e-02  3.02028265e-02  2.54398808e-02
  2.10264083e-02  1.68461129e-02  1.28370123e-02  8.96520354e-03  5.21422178e-03
  1.57898862e-03 -1.93794328e-03 -5.32867946e-03 -8.58132541e-03 -1.16807157e-02
 -1.46087660e-02 -1.73446406e-02 -1.98649708e-02 -2.21446306e-02 -2.41528787e-02
 -2.58549973e-02 -2.72133816e-02 -2.81875040e-02 -2.87314709e-02 -2.88802441e-02
 -2.86061019e-02 -2.79063638e-02 -2.66693141e-02 -2.48917099e-02 -2.25680433e-02
 -1.96952783e-02 -1.62754077e-02 -1.23167718e-02 -7.83322472e-03 -2.83718132e-03
  2.68474570e-03  8.73046461e-03  1.52917961e-02  2.23609526e-02  2.99355872e-02
  3.80138569e-02  4.65939231e-02  5.56740575e-02  6.52527511e-02  7.53285885e-02
  8.58995840e-02  9.69620720e-02  1.08508930e-01  1.20526887e-01  1.32992491e-01
  1.45866245e-01  1.59083724e-01  1.72542959e-01  1.86086521e-01  1.99479207e-01
  2.12389961e-01  2.24404782e-01  2.35101402e-01  2.44150788e-01  2.51362294e-01
  2.56685257e-01  2.60208517e-01  2.62157798e-01  2.62879342e-01  2.62759358e-01
  4.96469960e-02  4.55679186e-02  4.06607576e-02  3.53209898e-02  2.99704764e-02
  2.47494299e-02  1.96702667e-02  1.47172427e-02  9.87438299e-03  5.13151055e-03
  4.84710734e-04 -4.06442350e-03 -8.50959402e-03 -1.28403213e-02 -1.70421358e-02
 -2.10964214e-02 -2.49798968e-02 -2.86632944e-02 -3.21311653e-02 -3.53386141e-02
 -3.82357612e-02 -4.07710448e-02 -4.28943150e-02 -4.45603132e-02 -4.57347035e-02
 -4.63811420e-02 -4.64632660e-02 -4.59383130e-02 -4.47771214e-02 -4.29596156e-02
 -4.04745936e-02 -3.73224318e-02 -3.35216820e-02 -2.91225240e-02 -2.42346879e-02
 -1.86878629e-02 -1.25231575e-02 -5.78313367e-03  1.49460905e-03  9.31664929e-03
  1.76727902e-02  2.65487451e-02  3.59285995e-02  4.57956865e-02  5.61329722e-02
  6.69218227e-02  7.81404451e-02  8.97617489e-02  1.01750672e-01  1.14060707e-01
  1.26629576e-01  1.39373824e-01  1.52182892e-01  1.64913356e-01  1.77385986e-01
  1.89389482e-01  2.00694978e-01  2.11081654e-01  2.20365733e-01  2.28423104e-01
  2.35201240e-01  2.40721583e-01  2.45072648e-01  2.48393193e-01  2.50845730e-01
  5.61594889e-02  5.24964519e-02  4.59514856e-02  3.94699834e-02  3.34001034e-02
  2.74540279e-02  2.15806514e-02  1.57670025e-02  1.00087496e-02  4.30493196e-03
 -1.34283467e-03 -6.93035359e-03 -1.24506764e-02 -1.78938191e-02 -2.32463162e-02
 -2.84906495e-02 -3.36054415e-02 -3.85572501e-02 -4.32985947e-02 -4.77707423e-02
 -5.19099124e-02 -5.56518957e-02 -5.89354187e-02 -6.17044456e-02 -6.39092326e-02
 -6.55050054e-02 -6.64514527e-02 -6.67124242e-02 -6.62580132e-02 -6.50648102e-02
 -6.31159395e-02 -6.04016148e-02 -5.69199547e-02 -5.26771545e-02 -4.76836786e-02
 -4.19367403e-02 -3.54758427e-02 -2.84004211e-02 -2.09154822e-02 -1.27888089e-02
 -4.08443995e-03  5.16207237e-03  1.49174230e-02  2.51484197e-02  3.58265527e-02
  4.69220206e-02  5.84019981e-02  7.02285320e-02  8.23564380e-02  9.47310477e-02
  1.07285790e-01  1.19939759e-01  1.32595658e-01  1.45138934e-01  1.57439023e-01
  1.69353649e-01  1.80736780e-01  1.91449240e-01  2.01370284e-01  2.10407317e-01
  2.18502149e-01  2.25632817e-01  2.31810987e-01  2.37075433e-01  2.41482928e-01
  5.83298616e-02  5.40022776e-02  4.85694222e-02  4.24000099e-02  3.59321460e-02
  2.93570627e-02  2.27360409e-02  1.60927363e-02  9.43998899e-03  2.78656883e-03
 -3.86054209e-03 -1.04948925e-02 -1.71096008e-02 -2.36964580e-02 -3.02447919e-02
 -3.67296338e-02 -4.31190394e-02 -4.93581183e-02 -5.53778708e-02 -6.11020774e-02
 -6.64530396e-02 -7.13558868e-02 -7.57415220e-02 -7.95482174e-02 -8.27221870e-02
 -8.52171853e-02 -8.69939029e-02 -8.80192742e-02 -8.82660672e-02 -8.77122730e-02
 -8.63405541e-02 -8.41376260e-02 -8.10937360e-02 -7.72021860e-02 -7.24589825e-02
 -6.68642148e-02 -6.04311414e-02 -5.31925298e-02 -4.52022702e-02 -3.65196355e-02
 -2.73199473e-02 -1.75661836e-02 -7.30137667e-03  3.40871396e-03  1.45453755e-02
  2.60737147e-02  3.79571468e-02  5.01541384e-02  6.26171455e-02  7.52918348e-02
  8.81160796e-02  1.01019062e-01  1.13920696e-01  1.26731828e-01  1.39355466e-01
  1.51689276e-01  1.63629249e-01  1.75074205e-01  1.85930267e-01  1.96114749e-01
  2.05558822e-01  2.14208603e-01  2.22025052e-01  2.28983149e-01  2.35070750e-01
  6.39058724e-02  5.99303506e-02  5.26791476e-02  4.52885702e-02  3.80651280e-02
  3.07502970e-02  2.33339835e-02  1.58361401e-02  8.27511586e-03  6.63649640e-04
 -6.98998477e-03 -1.46803344e-02 -2.24035885e-02 -3.01570967e-02 -3.79137248e-02
 -4.56469990e-02 -5.32989502e-02 -6.07914627e-02 -6.80359304e-02 -7.49409944e-02
 -8.14182162e-02 -8.73859897e-02 -9.27717388e-02 -9.75127891e-02 -1.01556271e-01
 -1.04858421e-01 -1.07383452e-01 -1.09102488e-01 -1.09992392e-01 -1.10034771e-01
 -1.09215006e-01 -1.07521318e-01 -1.04943991e-01 -1.01474695e-01 -9.71061364e-02
 -9.18325260e-02 -8.56512487e-02 -7.85648823e-02 -7.05836564e-02 -6.17298894e-02
 -5.20514622e-02 -4.16191705e-02 -3.05963755e-02 -1.93279684e-02 -7.59801129e-03
  4.50183451e-03  1.69427190e-02  2.96831653e-02  4.26760428e-02  5.58707714e-02
  6.92130551e-02  8.26442465e-02  9.61009637e-02  1.09515049e-01  1.22814007e-01
  1.35921806e-01  1.48759872e-01  1.61248073e-01  1.73305437e-01  1.84850261e-01
  1.95799902e-01  2.06070334e-01  2.15576574e-01  2.24234745e-01  2.31966749e-01
  6.58412203e-02  6.12195544e-02  5.50584048e-02  4.77807671e-02  3.99322063e-02
  3.18018161e-02  2.35090256e-02  1.51026780e-02  6.60341466e-03 -1.98019319e-03
 -1.06452145e-02 -1.93914305e-02 -2.82197390e-02 -3.71311978e-02 -4.60865907e-02
 -5.50339483e-02 -6.38909042e-02 -7.25585744e-02 -8.09324533e-02 -8.89102966e-02
 -9.63974968e-02 -1.03310078e-01 -1.09576002e-01 -1.15135156e-01 -1.19938470e-01
 -1.23946659e-01 -1.27128646e-01 -1.29460156e-01 -1.30922303e-01 -1.31500408e-01
 -1.31183028e-01 -1.29961118e-01 -1.27827287e-01 -1.24775134e-01 -1.20798670e-01
 -1.15891919e-01 -1.10048644e-01 -1.03262506e-01 -9.55279395e-02 -8.68428573e-02
 -7.72147030e-02 -6.66703135e-02 -5.52760288e-02 -4.31573503e-02 -3.04978248e-02
 -1.77159104e-02 -4.56413161e-03  8.89112335e-03  2.25952864e-02  3.65024917e-02
  5.05685396e-02  6.47484139e-02  7.89953768e-02  9.32606533e-02  1.07493185e-01
  1.21639267e-01  1.35641858e-01  1.49439260e-01  1.62962794e-01  1.76133379e-01
  1.88857004e-01  2.01019838e-01  2.12484747e-01  2.23092660e-01  2.32672736e-01
  7.20905587e-02  6.78736717e-02  6.01868369e-02  5.10371923e-02  4.17958759e-02
  3.25539671e-02  2.32675187e-02  1.39083788e-02  4.45951615e-03 -5.09162713e-03
 -1.47558758e-02 -2.45431513e-02 -3.44621353e-02 -4.44894396e-02 -5.45864105e-02
 -6.46717548e-02 -7.46393725e-02 -8.43727812e-02 -9.37558562e-02 -1.02680176e-01
 -1.11049294e-01 -1.18780695e-01 -1.25805989e-01 -1.32069990e-01 -1.37529194e-01
 -1.42149791e-01 -1.45905927e-01 -1.48777768e-01 -1.50750101e-01 -1.51811033e-01
 -1.51951134e-01 -1.51162848e-01 -1.49440050e-01 -1.46777779e-01 -1.43171921e-01
 -1.38618723e-01 -1.33114174e-01 -1.26653194e-01 -1.19229026e-01 -1.10833272e-01
 -1.01457752e-01 -9.10991281e-02 -7.97682628e-02 -6.75052479e-02 -5.44027798e-02
 -4.06476185e-02 -2.65424587e-02 -1.21746520e-02  2.40543368e-03  1.71819516e-02
  3.21296714e-02  4.72203195e-02  6.24249801e-02  7.77148381e-02  9.30611789e-02
  1.08434714e-01  1.23804241e-01  1.39134049e-01  1.54379666e-01  1.69481009e-01
  1.84351876e-01  1.98864728e-01  2.12831140e-01  2.25983456e-01  2.37978905e-01
  7.64431283e-02  7.24766329e-02  6.35162815e-02  5.30337095e-02  4.27715890e-02
  3.26006860e-02  2.24198811e-02  1.21751213e-02  1.83112884e-03 -8.63885973e-03
 -1.92575455e-02 -3.00464481e-02 -4.09855284e-02 -5.20671085e-02 -6.32218570e-02
 -7.43427128e-02 -8.53041261e-02 -9.59767550e-02 -1.06237620e-01 -1.15976349e-01
 -1.25098228e-01 -1.33524999e-01 -1.41194031e-01 -1.48056701e-01 -1.54076159e-01
 -1.59224987e-01 -1.63482949e-01 -1.66834831e-01 -1.69268742e-01 -1.70774654e-01
 -1.71343654e-01 -1.70967519e-01 -1.69638723e-01 -1.67350829e-01 -1.64098814e-01
 -1.59879357e-01 -1.54690519e-01 -1.48531020e-01 -1.41398862e-01 -1.33289680e-01
 -1.24195457e-01 -1.14104442e-01 -1.03003711e-01 -9.08861607e-02 -7.77642652e-02
 -6.36932403e-02 -4.88029681e-02 -3.33417058e-02 -1.78285800e-02 -2.09324923e-03
  1.38352402e-02  2.99368128e-02  4.61975224e-02  6.26084134e-02  7.91650116e-02
  9.58668515e-02  1.12716645e-01  1.29718572e-01  1.46874875e-01  1.64179385e-01
  1.81605548e-01  1.99084133e-01  2.16461301e-01  2.33408079e-01  2.49203503e-01
  7.63158500e-02  7.16103390e-02  6.33842424e-02  5.32197692e-02  4.25533615e-02
  3.17521207e-02  2.08609514e-02  9.86177567e-03 -1.27388840e-03 -1.25740422e-02
 -2.40639187e-02 -3.57646234e-02 -4.76571433e-02 -5.97043894e-02 -7.18101263e-02
 -8.38459581e-02 -9.56716463e-02 -1.07149579e-01 -1.18153870e-01 -1.28575370e-01
 -1.38323441e-01 -1.47325784e-01 -1.55526876e-01 -1.62885696e-01 -1.69373155e-01
 -1.74969286e-01 -1.79660559e-01 -1.83437303e-01 -1.86291456e-01 -1.88214943e-01
 -1.89198524e-01 -1.89231485e-01 -1.88302070e-01 -1.86398461e-01 -1.83510125e-01
 -1.79629251e-01 -1.74751699e-01 -1.68877065e-01 -1.62007779e-01 -1.54146820e-01
 -1.45294741e-01 -1.35446340e-01 -1.24588527e-01 -1.12700813e-01 -9.97609720e-02
 -8.57591182e-02 -7.07240924e-02 -5.47680035e-02 -3.81535068e-02 -2.13554725e-02
 -4.37511783e-03  1.27860149e-02  3.01331300e-02  4.76789884e-02  6.54448494e-02
  8.34616050e-02  1.01771183e-01  1.20428108e-01  1.39501140e-01  1.59074590e-01
  1.79248556e-01  2.00136229e-01  2.21848235e-01  2.44423300e-01  2.66974807e-01
  7.94212893e-02  7.54041746e-02  6.48052916e-02  5.29246368e-02  4.15117219e-02
  3.01302616e-02  1.86511241e-02  7.02169864e-03 -4.79360251e-03 -1.68261118e-02
 -2.91065443e-02 -4.16130796e-02 -5.43526746e-02 -6.72507361e-02 -8.01833346e-02
 -9.30031016e-02 -1.05558500e-01 -1.17706835e-01 -1.29321873e-01 -1.40297428e-01
 -1.50548130e-01 -1.60008416e-01 -1.68630570e-01 -1.76382110e-01 -1.83242828e-01
 -1.89201772e-01 -1.94253847e-01 -1.98396757e-01 -2.01627955e-01 -2.03942388e-01
 -2.05330878e-01 -2.05779627e-01 -2.05270708e-01 -2.03783572e-01 -2.01297432e-01
 -1.97793990e-01 -1.93260103e-01 -1.87689766e-01 -1.81084529e-01 -1.73452139e-01
 -1.64803207e-01 -1.55146092e-01 -1.44481301e-01 -1.32796943e-01 -1.20067395e-01
 -1.06258154e-01 -9.13408473e-02 -7.53230825e-02 -5.82982600e-02 -4.05172110e-02
 -2.24795938e-02 -4.27708775e-03  1.41120907e-02  3.27194333e-02  5.15881926e-02
  7.07759932e-02  9.03586224e-02  1.10435441e-01  1.31136864e-01  1.52635187e-01
  1.75161123e-01  1.99032351e-01  2.24717841e-01  2.53103286e-01  2.88221776e-01
  7.55076259e-02  7.01927543e-02  6.15766421e-02  5.09102233e-02  3.95067297e-02
  2.78114583e-02  1.59029346e-02  3.77258938e-03 -8.60465411e-03 -2.12558322e-02
 -3.42077911e-02 -4.74387221e-02 -6.09214716e-02 -7.45521411e-02 -8.81846994e-02
 -1.01657242e-01 -1.14810318e-01 -1.27498552e-01 -1.39596790e-01 -1.51002571e-01
 -1.61636040e-01 -1.71438649e-01 -1.80370867e-01 -1.88409612e-01 -1.95545003e-01
 -2.01776892e-01 -2.07110941e-01 -2.11554602e-01 -2.15112984e-01 -2.17785642e-01
 -2.19564497e-01 -2.20433101e-01 -2.20366970e-01 -2.19335318e-01 -2.17304051e-01
 -2.14239672e-01 -2.10113585e-01 -2.04906151e-01 -1.98609531e-01 -1.91228792e-01
 -1.82780027e-01 -1.73284978e-01 -1.62763342e-01 -1.51224136e-01 -1.38658464e-01
 -1.25036359e-01 -1.10311493e-01 -9.44378451e-02 -7.74043575e-02 -5.92941903e-02
 -4.03738096e-02 -2.12069247e-02 -1.88526569e-03  1.76346973e-02  3.74098532e-02
  5.75121194e-02  7.80336857e-02  9.90944505e-02  1.20852076e-01  1.43515915e-01
  1.67366207e-01  1.92779303e-01  2.20257029e-01  2.50473768e-01  2.84557194e-01
  7.85925314e-02  7.43624344e-02  6.18642718e-02  4.90543097e-02  3.70643400e-02
  2.50431132e-02  1.28010521e-02  2.76757142e-04 -1.25605222e-02 -2.57333200e-02
 -3.92602012e-02 -5.31116277e-02 -6.72245398e-02 -8.14676583e-02 -9.56759676e-02
 -1.09675929e-01 -1.23302430e-01 -1.36408687e-01 -1.48871168e-01 -1.60591111e-01
 -1.71494037e-01 -1.81528375e-01 -1.90663278e-01 -1.98885992e-01 -2.06198588e-01
 -2.12613925e-01 -2.18150392e-01 -2.22826302e-01 -2.26655468e-01 -2.29643539e-01
 -2.31785536e-01 -2.33064324e-01 -2.33450487e-01 -2.32903585e-01 -2.31375262e-01
 -2.28813842e-01 -2.25170314e-01 -2.20404789e-01 -2.14492232e-01 -2.07426146e-01
 -1.99218974e-01 -1.89899087e-01 -1.79503709e-01 -1.68067276e-01 -1.55609190e-01
 -1.42123654e-01 -1.27575457e-01 -1.11905672e-01 -9.50524732e-02 -7.69939795e-02
 -5.78214340e-02 -3.78484577e-02 -1.77476481e-02  2.48756283e-03  2.29227673e-02
  4.36269641e-02  6.46843389e-02  8.62023309e-02  1.08320132e-01  1.31219894e-01
  1.55142963e-01  1.80414006e-01  2.07471192e-01  2.36819848e-01  2.67943919e-01
  7.05646351e-02  6.44690320e-02  5.58665842e-02  4.54222523e-02  3.39905545e-02
  2.19914690e-02  9.56141390e-03 -3.26520344e-03 -1.64877363e-02 -3.01193614e-02
 -4.41219993e-02 -5.84910512e-02 -7.31256008e-02 -8.78685191e-02 -1.02538265e-01
 -1.16951913e-01 -1.30940065e-01 -1.44355208e-01 -1.57075405e-01 -1.69005334e-01
 -1.80075705e-01 -1.90242022e-01 -1.99482635e-01 -2.07796305e-01 -2.15198576e-01
 -2.21715868e-01 -2.27378786e-01 -2.32216716e-01 -2.36253098e-01 -2.39501476e-01
 -2.41962299e-01 -2.43620664e-01 -2.44445309e-01 -2.44388998e-01 -2.43390933e-01
 -2.41381288e-01 -2.38288030e-01 -2.34045461e-01 -2.28603333e-01 -2.21934706e-01
 -2.14040011e-01 -2.04946190e-01 -1.94700271e-01 -1.83359176e-01 -1.70974478e-01
 -1.57575741e-01 -1.43158227e-01 -1.27679035e-01 -1.11066341e-01 -9.32474360e-02
 -7.42036179e-02 -5.40607311e-02 -3.32187451e-02 -1.25001455e-02  8.35529715e-03
  2.93727741e-02  5.06013185e-02  7.21082315e-02  9.39779878e-02  1.16313443e-01
  1.39238790e-01  1.62905380e-01  1.87507957e-01  2.13329509e-01  2.40502283e-01
  7.06015080e-02  6.48574010e-02  5.48627898e-02  4.32930253e-02  3.14338878e-02
  1.91844031e-02  6.50543673e-03 -6.61103800e-03 -2.01713201e-02 -3.41860764e-02
 -4.86169159e-02 -6.34287372e-02 -7.84955323e-02 -9.36419591e-02 -1.08674698e-01
 -1.23404257e-01 -1.37658447e-01 -1.51289463e-01 -1.64177045e-01 -1.76229089e-01
 -1.87381431e-01 -1.97596863e-01 -2.06863597e-01 -2.15192810e-01 -2.22613037e-01
 -2.29162768e-01 -2.34884098e-01 -2.39817277e-01 -2.43995786e-01 -2.47442067e-01
 -2.50163823e-01 -2.52151042e-01 -2.53374100e-01 -2.53782988e-01 -2.53308564e-01
 -2.51866192e-01 -2.49362111e-01 -2.45703042e-01 -2.40808129e-01 -2.34621093e-01
 -2.27120027e-01 -2.18321145e-01 -2.08274767e-01 -1.97053805e-01 -1.84738383e-01
 -1.71396762e-01 -1.57065198e-01 -1.41735271e-01 -1.25353366e-01 -1.07837364e-01
 -8.91173780e-02 -6.92100823e-02 -4.83375564e-02 -2.70923488e-02 -5.90785965e-03
  1.52491685e-02  3.64132188e-02  5.76160327e-02  7.88838640e-02  1.00232050e-01
  1.21653706e-01  1.43096313e-01  1.64412007e-01  1.85253397e-01  2.04915807e-01
  6.83116317e-02  6.20490983e-02  5.25227860e-02  4.11909297e-02  2.91913580e-02
  1.67159773e-02  3.78255220e-03 -9.61361639e-03 -2.34820694e-02 -3.78352888e-02
 -5.26343435e-02 -6.78166375e-02 -8.32358748e-02 -9.87028033e-02 -1.14015497e-01
 -1.28979877e-01 -1.43421948e-01 -1.57193989e-01 -1.70177311e-01 -1.82283059e-01
 -1.93452209e-01 -2.03655079e-01 -2.12890118e-01 -2.21180320e-01 -2.28565291e-01
 -2.35094190e-01 -2.40819499e-01 -2.45791510e-01 -2.50053316e-01 -2.53636271e-01
 -2.56556004e-01 -2.58808970e-01 -2.60369807e-01 -2.61189580e-01 -2.61195689e-01
 -2.60293841e-01 -2.58373290e-01 -2.55315989e-01 -2.51009762e-01 -2.45364144e-01
 -2.38326043e-01 -2.29890093e-01 -2.20100090e-01 -2.09039062e-01 -1.96810663e-01
 -1.83517888e-01 -1.69240221e-01 -1.54012084e-01 -1.37812883e-01 -1.20573632e-01
 -1.02204762e-01 -8.26525912e-02 -6.19944222e-02 -4.05787826e-02 -1.91962235e-02
  1.96565920e-03  2.29399409e-02  4.37307730e-02  6.43219575e-02  8.46742317e-02
  1.04715578e-01  1.24325454e-01  1.43314242e-01  1.61405087e-01  1.78237945e-01
  6.75244033e-02  6.12020008e-02  5.12814857e-02  3.95864472e-02  2.73350906e-02
  1.46284560e-02  1.45603635e-03 -1.21957380e-02 -2.63392087e-02 -4.09839563e-02
 -5.60903400e-02 -7.15749338e-02 -8.72756094e-02 -1.02992326e-01 -1.18516661e-01
 -1.33651137e-01 -1.48220465e-01 -1.62077218e-01 -1.75104290e-01 -1.87215984e-01
 -1.98358417e-01 -2.08509430e-01 -2.17677370e-01 -2.25895077e-01 -2.33211532e-01
 -2.39685029e-01 -2.45377019e-01 -2.50346512e-01 -2.54644990e-01 -2.58311838e-01
 -2.61370182e-01 -2.63823181e-01 -2.65651107e-01 -2.66808540e-01 -2.67223328e-01
 -2.66796827e-01 -2.65407383e-01 -2.62918025e-01 -2.59189337e-01 -2.54097313e-01
 -2.47553691e-01 -2.39523619e-01 -2.30034187e-01 -2.19169378e-01 -2.07050979e-01
 -1.93811983e-01 -1.79570675e-01 -1.64405137e-01 -1.48334086e-01 -1.31314456e-01
 -1.13259308e-01 -9.40809846e-02 -7.37678781e-02 -5.25037684e-02 -3.08283642e-02
 -9.80121922e-03  1.09452503e-02  3.13551165e-02  5.13768792e-02  7.09481388e-02
  8.99855569e-02  1.08377501e-01  1.25979841e-01  1.42617539e-01  1.58095807e-01
  6.68499693e-02  6.04679286e-02  5.02463207e-02  3.82830985e-02  2.58373637e-02
  1.29415113e-02 -4.34092508e-04 -1.43105770e-02 -2.87079625e-02 -4.35747504e-02
 -5.89230247e-02 -7.46459365e-02 -9.05660838e-02 -1.06473938e-01 -1.22155599e-01
 -1.37410879e-01 -1.52063504e-01 -1.65966362e-01 -1.79003894e-01 -1.91093475e-01
 -2.02186152e-01 -2.12266847e-01 -2.21352443e-01 -2.29483679e-01 -2.36717269e-01
 -2.43119001e-01 -2.48757645e-01 -2.53699273e-01 -2.58002192e-01 -2.61712313e-01
 -2.64858991e-01 -2.67451465e-01 -2.69475371e-01 -2.70889848e-01 -2.71625370e-01
 -2.71582693e-01 -2.70634681e-01 -2.68631965e-01 -2.65414625e-01 -2.60830283e-01
 -2.54757613e-01 -2.47129843e-01 -2.37951115e-01 -2.27297857e-01 -2.15302140e-01
 -2.02121705e-01 -1.87907413e-01 -1.72775939e-01 -1.56784713e-01 -1.39921606e-01
 -1.22115746e-01 -1.03272654e-01 -8.33407342e-02 -6.24192953e-02 -4.09150831e-02
 -1.97315346e-02  9.58563876e-04  2.11403165e-02  4.07813191e-02  5.98319247e-02
  7.82250762e-02  9.58765894e-02  1.12687029e-01  1.28546178e-01  1.43340856e-01
  6.54727519e-02  5.87509423e-02  4.88906391e-02  3.71806324e-02  2.47071013e-02
  1.16959335e-02 -1.82896876e-03 -1.58755612e-02 -3.04576065e-02 -4.55229469e-02
 -6.10714182e-02 -7.69843757e-02 -9.30752754e-02 -1.09128445e-01 -1.24926366e-01
 -1.40267015e-01 -1.54973581e-01 -1.68899402e-01 -1.81930438e-01 -1.93986833e-01
 -2.05024049e-01 -2.15033203e-01 -2.24037796e-01 -2.32084811e-01 -2.39236966e-01
 -2.45565847e-01 -2.51145840e-01 -2.56048352e-01 -2.60336667e-01 -2.64061511e-01
 -2.67256945e-01 -2.69936770e-01 -2.72091061e-01 -2.73683071e-01 -2.74646312e-01
 -2.74882883e-01 -2.74263531e-01 -2.72631913e-01 -2.69814491e-01 -2.65638113e-01
 -2.59954900e-01 -2.52669930e-01 -2.43764132e-01 -2.33302087e-01 -2.21419170e-01
 -2.08290488e-01 -1.94092721e-01 -1.78972319e-01 -1.63018480e-01 -1.46246523e-01
 -1.28602937e-01 -1.09994590e-01 -9.03473198e-02 -6.97025955e-02 -4.83614802e-02
 -2.70679202e-02 -6.41376106e-03  1.36220744e-02  3.30251046e-02  5.17592281e-02
  6.97731823e-02  8.70044604e-02  1.03382915e-01  1.18834928e-01  1.33288711e-01
  6.64804801e-02  6.01591952e-02  4.92189638e-02  3.67738903e-02  2.40949020e-02
  1.09679168e-02 -2.67638592e-03 -1.68572627e-02 -3.15852314e-02 -4.68081422e-02
 -6.25131354e-02 -7.85722360e-02 -9.47924405e-02 -1.10953920e-01 -1.26836807e-01
 -1.42238021e-01 -1.56980529e-01 -1.70918196e-01 -1.83938354e-01 -1.95963502e-01
 -2.06952646e-01 -2.16901705e-01 -2.25838944e-01 -2.33815879e-01 -2.40899518e-01
 -2.47165620e-01 -2.52692401e-01 -2.57554799e-01 -2.61819452e-01 -2.65540153e-01
 -2.68753916e-01 -2.71477401e-01 -2.73703605e-01 -2.75398463e-01 -2.76497900e-01
 -2.76905268e-01 -2.76490837e-01 -2.75094628e-01 -2.72535205e-01 -2.68626511e-01
 -2.63202995e-01 -2.56149977e-01 -2.47430772e-01 -2.37099290e-01 -2.25290596e-01
 -2.12189987e-01 -1.97991252e-01 -1.82860345e-01 -1.66907385e-01 -1.50166199e-01
 -1.32595137e-01 -1.14102192e-01 -9.45976302e-02 -7.40816370e-02 -5.27752712e-02
 -3.12894285e-02 -1.07818786e-02  9.12468042e-03  2.83834990e-02  4.69487458e-02
  6.47710189e-02  8.17968175e-02  9.79700536e-02  1.13234699e-01  1.27538204e-01
  6.42850995e-02  5.71951382e-02  4.77219783e-02  3.64042930e-02  2.39744559e-02
  1.08188698e-02 -2.92800367e-03 -1.72289070e-02 -3.20792869e-02 -4.74246182e-02
 -6.32461011e-02 -7.94112831e-02 -9.57238972e-02 -1.11962043e-01 -1.27904728e-01
 -1.43348396e-01 -1.58116162e-01 -1.72062412e-01 -1.85075581e-01 -1.97079837e-01
 -2.08036646e-01 -2.17945039e-01 -2.26836249e-01 -2.34764591e-01 -2.41799697e-01
 -2.48019785e-01 -2.53505200e-01 -2.58332819e-01 -2.62570918e-01 -2.66274661e-01
 -2.69482285e-01 -2.72211641e-01 -2.74456739e-01 -2.76184529e-01 -2.77331591e-01
 -2.77801633e-01 -2.77464420e-01 -2.76158214e-01 -2.73697913e-01 -2.69891649e-01
 -2.64566064e-01 -2.57597655e-01 -2.48941764e-01 -2.38647446e-01 -2.26849541e-01
 -2.13737637e-01 -1.99513018e-01 -1.84349880e-01 -1.68366954e-01 -1.51605442e-01
 -1.34028465e-01 -1.15544945e-01 -9.60609391e-02 -7.55662322e-02 -5.42658344e-02
 -3.27563845e-02 -1.22102834e-02  7.69894244e-03  2.69418396e-02  4.54789102e-02
  6.32643923e-02  8.02484602e-02  9.63794515e-02  1.11606501e-01  1.25882596e-01
  6.94887117e-02  6.36724457e-02  5.14246151e-02  3.80165242e-02  2.48442478e-02
  1.13632493e-02 -2.57039932e-03 -1.70032829e-02 -3.19585577e-02 -4.73918915e-02
 -6.32896349e-02 -7.95209706e-02 -9.58899781e-02 -1.12174697e-01 -1.28154114e-01
 -1.43624812e-01 -1.58410192e-01 -1.72365174e-01 -1.85378820e-01 -1.97376296e-01
 -2.08320126e-01 -2.18210682e-01 -2.27080375e-01 -2.34984621e-01 -2.41993979e-01
 -2.48187363e-01 -2.53645718e-01 -2.58446127e-01 -2.62656927e-01 -2.66333073e-01
 -2.69512445e-01 -2.72212118e-01 -2.74425358e-01 -2.76117980e-01 -2.77225524e-01
 -2.77650446e-01 -2.77261436e-01 -2.75895983e-01 -2.73368895e-01 -2.69489199e-01
 -2.64085591e-01 -2.57037759e-01 -2.48304665e-01 -2.37938449e-01 -2.26075500e-01
 -2.12904856e-01 -1.98625326e-01 -1.83407605e-01 -1.67365909e-01 -1.50536805e-01
 -1.32879794e-01 -1.14302635e-01 -9.47143957e-02 -7.41140321e-02 -5.27225137e-02
 -3.11532319e-02 -1.05701834e-02  9.41151753e-03  2.87439041e-02  4.73802797e-02
  6.52705207e-02  8.23604614e-02  9.85933840e-02  1.13912627e-01  1.28265098e-01
  6.78310618e-02  6.10967763e-02  5.10186143e-02  3.88557613e-02  2.58242264e-02
  1.22694336e-02 -1.75860221e-03 -1.62698012e-02 -3.12838852e-02 -4.67566736e-02
 -6.26825914e-02 -7.89354146e-02 -9.53216478e-02 -1.11620635e-01 -1.27612069e-01
 -1.43093005e-01 -1.57887250e-01 -1.71850085e-01 -1.84870824e-01 -1.96874693e-01
 -2.07824007e-01 -2.17718586e-01 -2.26590276e-01 -2.34493837e-01 -2.41499037e-01
 -2.47683853e-01 -2.53128052e-01 -2.57907420e-01 -2.62088716e-01 -2.65725106e-01
 -2.68852323e-01 -2.71485090e-01 -2.73613870e-01 -2.75201559e-01 -2.76180714e-01
 -2.76451200e-01 -2.75880247e-01 -2.74305910e-01 -2.71546751e-01 -2.67419696e-01
 -2.61765599e-01 -2.54479080e-01 -2.45533735e-01 -2.34991893e-01 -2.22992465e-01
 -2.09718481e-01 -1.95356250e-01 -1.80061221e-01 -1.63930148e-01 -1.46983236e-01
 -1.29168674e-01 -1.10392436e-01 -9.05778781e-02 -6.97644055e-02 -4.82540950e-02
 -2.67985854e-02 -5.98613406e-03  1.42042330e-02  3.37573476e-02  5.26361391e-02
  7.07882419e-02  8.81499350e-02  1.04649767e-01  1.20212816e-01  1.34766042e-01
  7.08315820e-02  6.47844449e-02  5.34780361e-02  4.03863564e-02  2.71082874e-02
  1.34779299e-02 -5.82310953e-04 -1.51068931e-02 -3.01198456e-02 -4.55735065e-02
 -6.14724606e-02 -7.76965916e-02 -9.40560773e-02 -1.10332385e-01 -1.26306430e-01
 -1.41776010e-01 -1.56565398e-01 -1.70530081e-01 -1.83559284e-01 -1.95577458e-01
 -2.06545472e-01 -2.16460794e-01 -2.25352943e-01 -2.33274236e-01 -2.40291983e-01
 -2.46481434e-01 -2.51919508e-01 -2.56679058e-01 -2.60823548e-01 -2.64402747e-01
 -2.67448515e-01 -2.69971490e-01 -2.71957636e-01 -2.73365259e-01 -2.74122566e-01
 -2.74126351e-01 -2.73242921e-01 -2.71313578e-01 -2.68165886e-01 -2.63632476e-01
 -2.57576317e-01 -2.49917254e-01 -2.40651444e-01 -2.29854941e-01 -2.17666969e-01
 -2.04257473e-01 -1.89790666e-01 -1.74395621e-01 -1.58139661e-01 -1.41016349e-01
 -1.22955978e-01 -1.03861630e-01 -8.36775154e-02 -6.24999180e-02 -4.07382175e-02
 -1.93096511e-02  1.62162399e-03  2.20394842e-02  4.19102013e-02  6.11826703e-02
  7.97881782e-02  9.76406410e-02  1.14638507e-01  1.30669266e-01  1.45617425e-01
  7.05223829e-02  6.40903786e-02  5.38606085e-02  4.15280983e-02  2.84589045e-02
  1.49087058e-02  9.03714332e-04 -1.35647561e-02 -2.85139512e-02 -4.38909046e-02
 -5.97073063e-02 -7.58499429e-02 -9.21342000e-02 -1.08344935e-01 -1.24265172e-01
 -1.39693961e-01 -1.54456303e-01 -1.68407917e-01 -1.81437626e-01 -1.93468571e-01
 -2.04459071e-01 -2.14402661e-01 -2.23324656e-01 -2.31273279e-01 -2.38311544e-01
 -2.44510278e-01 -2.49941826e-01 -2.54674226e-01 -2.58766055e-01 -2.62261838e-01
 -2.65188068e-01 -2.67549574e-01 -2.69326448e-01 -2.70471424e-01 -2.70908117e-01
 -2.70530939e-01 -2.69207954e-01 -2.66788274e-01 -2.63115287e-01 -2.58045942e-01
 -2.51474023e-01 -2.43351266e-01 -2.33699337e-01 -2.22605988e-01 -2.10204706e-01
 -1.96644217e-01 -1.82058722e-01 -1.66540891e-01 -1.50119901e-01 -1.32757515e-01
 -1.14366032e-01 -9.48529318e-02 -7.42002726e-02 -5.25883511e-02 -3.05624474e-02
 -9.20340605e-03  1.18711218e-02  3.26029509e-02  5.29387966e-02  7.28145018e-02
  9.21446979e-02  1.10815205e-01  1.28678724e-01  1.45556435e-01  1.61249310e-01
  7.22386017e-02  6.61092326e-02  5.56210987e-02  4.31067906e-02  3.00655756e-02
  1.65960528e-02  2.68700114e-03 -1.16697829e-02 -2.64811292e-02 -4.17526625e-02
 -5.74399568e-02 -7.34480694e-02 -8.96035284e-02 -1.05697952e-01 -1.21518336e-01
 -1.36866048e-01 -1.51567325e-01 -1.65478393e-01 -1.78487569e-01 -1.90516323e-01
 -2.01519653e-01 -2.11485848e-01 -2.20434204e-01 -2.28407040e-01 -2.35461354e-01
 -2.41661772e-01 -2.47074232e-01 -2.51760244e-01 -2.55771697e-01 -2.59146243e-01
 -2.61903495e-01 -2.64041275e-01 -2.65533149e-01 -2.66326338e-01 -2.66341090e-01
 -2.65472353e-01 -2.63594687e-01 -2.60571718e-01 -2.56270438e-01 -2.50579804e-01
 -2.43429661e-01 -2.34804943e-01 -2.24749282e-01 -2.13354900e-01 -2.00741082e-01
 -1.87028423e-01 -1.72314197e-01 -1.56647563e-01 -1.40016839e-01 -1.22355171e-01
 -1.03568994e-01 -8.35967511e-02 -6.25078827e-02 -4.06495593e-02 -1.88267082e-02
  2.76631000e-03  2.41630580e-02  4.53674458e-02  6.63626641e-02  8.71084556e-02
  1.07531212e-01  1.27507791e-01  1.46844476e-01  1.65258333e-01  1.82381392e-01
  7.35002607e-02  6.75313249e-02  5.71693331e-02  4.47923541e-02  3.18815075e-02
  1.85233690e-02  4.72496776e-03 -9.50521510e-03 -2.41660476e-02 -3.92644666e-02
 -5.47566898e-02 -7.05639496e-02 -8.65250304e-02 -1.02440000e-01 -1.18101269e-01
 -1.33313507e-01 -1.47904798e-01 -1.61732063e-01 -1.74683273e-01 -1.86677963e-01
 -1.97667375e-01 -2.07633704e-01 -2.16588423e-01 -2.24566132e-01 -2.31616065e-01
 -2.37794951e-01 -2.43160561e-01 -2.47766152e-01 -2.51655340e-01 -2.54857600e-01
 -2.57384479e-01 -2.59226590e-01 -2.60351300e-01 -2.60702014e-01 -2.60198891e-01
 -2.58742362e-01 -2.56220043e-01 -2.52517462e-01 -2.47532204e-01 -2.41189301e-01
 -2.33454555e-01 -2.24340886e-01 -2.13904873e-01 -2.02233195e-01 -1.89423352e-01
 -1.75562829e-01 -1.60705507e-01 -1.44855335e-01 -1.27963811e-01 -1.09946616e-01
 -9.07255188e-02 -7.03059882e-02 -4.89015579e-02 -2.71076784e-02 -5.38429013e-03
  1.63007248e-02  3.79818156e-02  5.96911423e-02  8.14555362e-02  1.03290863e-01
  1.25190422e-01  1.47100911e-01  1.68871596e-01  1.90147594e-01  2.10208386e-01
  7.39539787e-02  6.77919760e-02  5.84084243e-02  4.67558354e-02  3.40093561e-02
  2.06921920e-02  6.95989328e-03 -7.15040602e-03 -2.16379911e-02 -3.65153924e-02
 -5.17475568e-02 -6.72803074e-02 -8.29699785e-02 -9.86285955e-02 -1.14056289e-01
 -1.29062384e-01 -1.43477589e-01 -1.57159880e-01 -1.69996902e-01 -1.81906268e-01
 -1.92835182e-01 -2.02759340e-01 -2.11681098e-01 -2.19625428e-01 -2.26632133e-01
 -2.32748345e-01 -2.38022193e-01 -2.42497310e-01 -2.46207833e-01 -2.49174282e-01
 -2.51400173e-01 -2.52869517e-01 -2.53545612e-01 -2.53371418e-01 -2.52271920e-01
 -2.50159442e-01 -2.46941432e-01 -2.42531240e-01 -2.36860096e-01 -2.29887918e-01
 -2.21610069e-01 -2.12057203e-01 -2.01287568e-01 -1.89373896e-01 -1.76386997e-01
 -1.62375286e-01 -1.47348508e-01 -1.31271258e-01 -1.14071213e-01 -9.56678092e-02
 -7.60294273e-02 -5.52687272e-02 -3.37805636e-02 -1.24024367e-02  9.09386203e-03
  3.07355318e-02  5.25734462e-02  7.46769607e-02  9.71329883e-02  1.20047376e-01
  1.43547878e-01  1.67790249e-01  1.92974702e-01  2.19391912e-01  2.47178391e-01
  8.45117867e-02  8.10053125e-02  6.52545914e-02  5.01406677e-02  3.64727490e-02
  2.29114052e-02  9.18831583e-03 -4.78325738e-03 -1.90472249e-02 -3.36366221e-02
 -4.85279262e-02 -6.36973083e-02 -7.90229216e-02 -9.43319947e-02 -1.09434657e-01
 -1.24146335e-01 -1.38301075e-01 -1.51758254e-01 -1.64405212e-01 -1.76157489e-01
 -1.86958194e-01 -1.96776435e-01 -2.05605119e-01 -2.13457868e-01 -2.20363319e-01
 -2.26357639e-01 -2.31478229e-01 -2.35758200e-01 -2.39221901e-01 -2.41881147e-01
 -2.43732452e-01 -2.44755447e-01 -2.44912788e-01 -2.44151682e-01 -2.42407709e-01
 -2.39610702e-01 -2.35692665e-01 -2.30596662e-01 -2.24285275e-01 -2.16746315e-01
 -2.07994133e-01 -1.98065639e-01 -1.87012047e-01 -1.74886212e-01 -1.61726102e-01
 -1.47540972e-01 -1.32304162e-01 -1.15957290e-01 -9.84309241e-02 -7.96890557e-02
 -5.98062500e-02 -3.90843898e-02 -1.82011612e-02  2.79212696e-03  2.39620246e-02
  4.53792289e-02  6.71302453e-02  8.93255696e-02  1.12108313e-01  1.35665715e-01
  1.60245791e-01  1.86181992e-01  2.13924080e-01  2.43990719e-01  2.75855184e-01
  7.78400302e-02  7.23590329e-02  6.28927350e-02  5.08421510e-02  3.78455706e-02
  2.45342869e-02  1.10338395e-02 -2.66248453e-03 -1.65885426e-02 -3.07830367e-02
 -4.52284552e-02 -5.99267147e-02 -7.47783184e-02 -8.96276236e-02 -1.04296632e-01
 -1.18608192e-01 -1.32400379e-01 -1.45534113e-01 -1.57896295e-01 -1.69400275e-01
 -1.79984897e-01 -1.89612716e-01 -1.98267579e-01 -2.05951408e-01 -2.12680116e-01
 -2.18477845e-01 -2.23370612e-01 -2.27381021e-01 -2.30524167e-01 -2.32804537e-01
 -2.34213933e-01 -2.34730914e-01 -2.34321564e-01 -2.32942104e-01 -2.30543047e-01
 -2.27074966e-01 -2.22494856e-01 -2.16772363e-01 -2.09894285e-01 -2.01866254e-01
 -1.92711025e-01 -1.82463288e-01 -1.71159491e-01 -1.58825800e-01 -1.45467490e-01
 -1.31062895e-01 -1.15566209e-01 -9.89234596e-02 -8.11080635e-02 -6.21834770e-02
 -4.23992388e-02 -2.23164558e-02 -2.11107684e-03  1.82608608e-02  3.88573743e-02
  5.97521998e-02  8.10400918e-02  1.02844395e-01  1.25327334e-01  1.48704216e-01
  1.73263162e-01  1.99390844e-01  2.27602616e-01  2.58590668e-01  2.93511361e-01
  8.30468386e-02  7.97553658e-02  6.62532523e-02  5.18275797e-02  3.85410637e-02
  2.54298300e-02  1.22784823e-02 -9.91961337e-04 -1.44309988e-02 -2.80791372e-02
 -4.19707634e-02 -5.60791455e-02 -7.03331679e-02 -8.45979676e-02 -9.87097919e-02
 -1.12500399e-01 -1.25812605e-01 -1.38509005e-01 -1.50475860e-01 -1.61623985e-01
 -1.71887785e-01 -1.81223378e-01 -1.89606041e-01 -1.97026983e-01 -2.03489646e-01
 -2.09005401e-01 -2.13588759e-01 -2.17252508e-01 -2.20003933e-01 -2.21842304e-01
 -2.22757667e-01 -2.22730845e-01 -2.21734956e-01 -2.19738171e-01 -2.16707617e-01
 -2.12613806e-01 -2.07435027e-01 -2.01160654e-01 -1.93792954e-01 -1.85346365e-01
 -1.75843015e-01 -1.65305793e-01 -1.53749928e-01 -1.41175598e-01 -1.27563953e-01
 -1.12880148e-01 -9.70872343e-02 -8.01760182e-02 -6.22169264e-02 -4.34391424e-02
 -2.43339241e-02 -5.10710664e-03  1.42638627e-02  3.38114835e-02  5.35803474e-02
  7.36298710e-02  9.40382257e-02  1.14907905e-01  1.36373445e-01  1.58612490e-01
  1.81862727e-01  2.06451088e-01  2.32859686e-01  2.61997491e-01  2.97995746e-01
  7.59079978e-02  7.08787888e-02  6.17475510e-02  5.01436032e-02  3.78051028e-02
  2.53027510e-02  1.27284434e-02  6.22805455e-05 -1.27360197e-02 -2.57074814e-02
 -3.88907567e-02 -5.22659272e-02 -6.57832250e-02 -7.93265775e-02 -9.27465409e-02
 -1.05884351e-01 -1.18588030e-01 -1.30721971e-01 -1.42171666e-01 -1.52845025e-01
 -1.62671849e-01 -1.71601936e-01 -1.79602534e-01 -1.86655328e-01 -1.92753002e-01
 -1.97895661e-01 -2.02087045e-01 -2.05331013e-01 -2.07628697e-01 -2.08976448e-01
 -2.09364995e-01 -2.08779827e-01 -2.07202792e-01 -2.04614356e-01 -2.00996622e-01
 -1.96336284e-01 -1.90627083e-01 -1.83870748e-01 -1.76076069e-01 -1.67256027e-01
 -1.57422990e-01 -1.46583289e-01 -1.34732589e-01 -1.21854186e-01 -1.07923195e-01
 -9.29200575e-02 -7.68577680e-02 -5.98273203e-02 -4.20624167e-02 -2.40227263e-02
 -5.85915009e-03  1.24297207e-02  3.08509506e-02  4.94185984e-02  6.81550577e-02
  8.70924965e-02  1.06274493e-01  1.25757739e-01  1.45613819e-01  1.65930524e-01
  1.86812252e-01  2.08376914e-01  2.30740026e-01  2.53943056e-01  2.77080983e-01
  7.58582056e-02  7.22221583e-02  6.09808415e-02  4.81081381e-02  3.60021293e-02
  2.41363607e-02  1.23071829e-02  4.23081830e-04 -1.15717389e-02 -2.37190928e-02
 -3.60545181e-02 -4.85596620e-02 -6.12036474e-02 -7.38885179e-02 -8.64797160e-02
 -9.88290012e-02 -1.10790581e-01 -1.22231290e-01 -1.33036077e-01 -1.43110111e-01
 -1.52378589e-01 -1.60785258e-01 -1.68290019e-01 -1.74866214e-01 -1.80497527e-01
 -1.85175017e-01 -1.88894019e-01 -1.91651583e-01 -1.93444371e-01 -1.94267273e-01
 -1.94112912e-01 -1.92972094e-01 -1.90834850e-01 -1.87692091e-01 -1.83537260e-01
 -1.78367555e-01 -1.72184438e-01 -1.64992824e-01 -1.56799033e-01 -1.47607863e-01
 -1.37419268e-01 -1.26226231e-01 -1.14015147e-01 -1.00771405e-01 -8.64928812e-02
 -7.12153837e-02 -5.50552420e-02 -3.82739678e-02 -2.13329103e-02 -4.24523791e-03
  1.29686417e-02  3.02919727e-02  4.77118567e-02  6.52194619e-02  8.28101635e-02
  1.00483470e-01  1.18242435e-01  1.36092022e-01  1.54035762e-01  1.72069147e-01
  1.90167412e-01  2.08262607e-01  2.26200595e-01  2.43648484e-01  2.59873331e-01
  6.68229163e-02  6.20358475e-02  5.35434000e-02  4.31898236e-02  3.25271897e-02
  2.18042415e-02  1.10054705e-02  1.00684949e-04 -1.09353028e-02 -2.21250374e-02
 -3.34905796e-02 -4.50054333e-02 -5.66530377e-02 -6.83523193e-02 -7.99842477e-02
 -9.14126635e-02 -1.02499686e-01 -1.13116086e-01 -1.23147406e-01 -1.32496789e-01
 -1.41085505e-01 -1.48851857e-01 -1.55749336e-01 -1.61744192e-01 -1.66812852e-01
 -1.70939282e-01 -1.74112678e-01 -1.76325381e-01 -1.77571312e-01 -1.77844942e-01
 -1.77140966e-01 -1.75454348e-01 -1.72780856e-01 -1.69117600e-01 -1.64463550e-01
 -1.58819348e-01 -1.52186736e-01 -1.44567207e-01 -1.35960326e-01 -1.26362339e-01
 -1.15766071e-01 -1.04163535e-01 -9.15532112e-02 -7.79541656e-02 -6.34292290e-02
 -4.81158569e-02 -3.22671868e-02 -1.64158922e-02 -3.64614243e-04  1.58405807e-02
  3.21606994e-02  4.85602282e-02  6.50056154e-02  8.14645886e-02  9.79056209e-02
  1.14297301e-01  1.30606934e-01  1.46798149e-01  1.62826553e-01  1.78632811e-01
  1.94131821e-01  2.09197134e-01  2.23640710e-01  2.37194136e-01  2.49512538e-01
  5.78284189e-02  5.25363386e-02  4.54928167e-02  3.71508449e-02  2.81185471e-02
  1.87126491e-02  9.06849466e-03 -7.57668109e-04 -1.07450308e-02 -2.08900254e-02
 -3.11984662e-02 -4.16311547e-02 -5.21823913e-02 -6.27871156e-02 -7.33428448e-02
 -8.37276205e-02 -9.38140005e-02 -1.03479125e-01 -1.12611212e-01 -1.21113084e-01
 -1.28903389e-01 -1.35916248e-01 -1.42099932e-01 -1.47414982e-01 -1.51832029e-01
 -1.55329674e-01 -1.57892540e-01 -1.59509555e-01 -1.60172671e-01 -1.59875914e-01
 -1.58614814e-01 -1.56386077e-01 -1.53187439e-01 -1.49017423e-01 -1.43875003e-01
 -1.37758940e-01 -1.30667135e-01 -1.22595899e-01 -1.13540225e-01 -1.03495412e-01
 -9.24616754e-02 -8.04534182e-02 -6.75158426e-02 -5.37501946e-02 -3.93570103e-02
 -2.46576592e-02 -9.70104337e-03  5.45072183e-03  2.07744874e-02  3.62326726e-02
  5.17806597e-02  6.73696622e-02  8.29478875e-02  9.84611362e-02  1.13853134e-01
  1.29065633e-01  1.44038096e-01  1.58706605e-01  1.73001796e-01  1.86845332e-01
  2.00145319e-01  2.12790951e-01  2.24648744e-01  2.35563517e-01  2.45368436e-01
  5.26767112e-02  4.80207577e-02  4.04319838e-02  3.21615152e-02  2.38988213e-02
  1.54502997e-02  6.81801140e-03 -1.97353400e-03 -1.09065631e-02 -1.99733414e-02
 -2.91750077e-02 -3.84665057e-02 -4.78490070e-02 -5.72729520e-02 -6.66537881e-02
 -7.58862570e-02 -8.48563835e-02 -9.34507996e-02 -1.01563290e-01 -1.09098859e-01
 -1.15975656e-01 -1.22125402e-01 -1.27492726e-01 -1.32033855e-01 -1.35714933e-01
 -1.38510317e-01 -1.40400931e-01 -1.41372740e-01 -1.41415507e-01 -1.40521750e-01
 -1.38685986e-01 -1.35903969e-01 -1.32172108e-01 -1.27486899e-01 -1.21844493e-01
 -1.15240335e-01 -1.07669599e-01 -9.91284922e-02 -8.96176398e-02 -7.91486725e-02
 -6.77539110e-02 -5.55010252e-02 -4.25203741e-02 -2.90073939e-02 -1.54069671e-02
 -1.42917817e-03  1.28565691e-02  2.73901001e-02  4.21176068e-02  5.69834001e-02
  7.19269514e-02  8.68818909e-02  1.01775959e-01  1.16531588e-01  1.31067023e-01
  1.45297900e-01  1.59139037e-01  1.72506109e-01  1.85316667e-01  1.97490543e-01
  2.08949387e-01  2.19615802e-01  2.29413047e-01  2.38266528e-01  2.46107772e-01
  4.55521680e-02  4.04000618e-02  3.41253988e-02  2.70566903e-02  1.96230505e-02
  1.20159741e-02  4.29610582e-03 -3.51514621e-03 -1.14088878e-02 -1.93817653e-02
 -2.74330582e-02 -3.55618820e-02 -4.37305756e-02 -5.19103631e-02 -6.00375384e-02
 -6.80261105e-02 -7.57784247e-02 -8.31937045e-02 -9.01744589e-02 -9.66308117e-02
 -1.02483086e-01 -1.07662871e-01 -1.12113059e-01 -1.15787119e-01 -1.18647963e-01
 -1.20666578e-01 -1.21820599e-01 -1.22093014e-01 -1.21470891e-01 -1.19944304e-01
 -1.17505364e-01 -1.14147440e-01 -1.09864533e-01 -1.04651041e-01 -9.85018536e-02
 -9.14134234e-02 -8.33864510e-02 -7.44301081e-02 -6.45693466e-02 -5.38619272e-02
 -4.24122773e-02 -3.03648282e-02 -1.80674661e-02 -5.30098332e-03  7.84683321e-03
  2.13554483e-02  3.51868942e-02  4.92936373e-02  6.36207610e-02  7.81050697e-02
  9.26736370e-02  1.07242726e-01  1.21717438e-01  1.35992572e-01  1.49954960e-01
  1.63487375e-01  1.76473722e-01  1.88804999e-01  2.00384781e-01  2.11133420e-01
  2.20990419e-01  2.29914561e-01  2.37882480e-01  2.44886115e-01  2.50930250e-01
  4.11542207e-02  3.70197929e-02  2.94551812e-02  2.20508389e-02  1.50821051e-02
  8.20397865e-03  1.35321857e-03 -5.49212797e-03 -1.23447850e-02 -1.92140099e-02
 -2.61067227e-02 -3.30280960e-02 -3.99391949e-02 -4.68244068e-02 -5.36372103e-02
 -6.03097342e-02 -6.67612180e-02 -7.29052424e-02 -7.86555111e-02 -8.39300677e-02
 -8.86541978e-02 -9.27619487e-02 -9.61967781e-02 -9.89113450e-02 -1.00866832e-01
 -1.02031969e-01 -1.02381907e-01 -1.01897083e-01 -1.00562178e-01 -9.83651727e-02
 -9.52964947e-02 -9.13484842e-02 -8.65155458e-02 -8.07949603e-02 -7.41880387e-02
 -6.67027012e-02 -5.83622083e-02 -4.92104068e-02 -3.93032879e-02 -2.87824962e-02
 -1.79494452e-02 -6.55546552e-03  5.32213785e-03  1.76640097e-02  3.04397680e-02
  4.36197519e-02  5.71690537e-02  7.10448921e-02  8.51943865e-02  9.95519236e-02
  1.14036232e-01  1.28547505e-01  1.42965376e-01  1.57148719e-01  1.70938581e-01
  1.84165373e-01  1.96660236e-01  2.08269030e-01  2.18866155e-01  2.28365049e-01
  2.36723706e-01  2.43944347e-01  2.50067741e-01  2.55162895e-01  2.59314805e-01
  3.26484740e-02  2.76496802e-02  2.19345223e-02  1.58178266e-02  9.68275126e-03
  3.66163766e-03 -2.24524504e-03 -8.06724280e-03 -1.38322869e-02 -1.95605867e-02
 -2.52647605e-02 -3.09513379e-02 -3.65790166e-02 -4.21408676e-02 -4.76035215e-02
 -5.29144928e-02 -5.80087751e-02 -6.28145859e-02 -6.72582239e-02 -7.12678432e-02
 -7.47762695e-02 -7.77227730e-02 -8.00540969e-02 -8.17246661e-02 -8.26963112e-02
 -8.29376280e-02 -8.24231431e-02 -8.11326280e-02 -7.90507421e-02 -7.61665851e-02
 -7.24730864e-02 -6.79666698e-02 -6.26492500e-02 -5.65331765e-02 -4.96419296e-02
 -4.19997014e-02 -3.36820520e-02 -2.48584170e-02 -1.54302325e-02 -5.43678692e-03
  5.07373828e-03  1.61050055e-02  2.76451912e-02  3.96819487e-02  5.22004366e-02
  6.51828945e-02  7.86065757e-02  9.24410075e-02  1.06644422e-01  1.21159188e-01
  1.35906026e-01  1.50776967e-01  1.65627897e-01  1.80272281e-01  1.94479927e-01
  2.07986221e-01  2.20515817e-01  2.31817439e-01  2.41698176e-01  2.50046372e-01
  2.56841570e-01  2.62152970e-01  2.66126007e-01  2.68956035e-01  2.70852864e-01
  2.56416462e-02  2.12824140e-02  1.47501808e-02  8.55217874e-03  3.14827380e-03
 -1.87837379e-03 -6.68689562e-03 -1.13624763e-02 -1.59528479e-02 -2.04831790e-02
 -2.49644723e-02 -2.93986127e-02 -3.37365344e-02 -3.79725620e-02 -4.20804136e-02
 -4.60185781e-02 -4.97350469e-02 -5.31715453e-02 -5.62671795e-02 -5.89615069e-02
 -6.11969829e-02 -6.29208162e-02 -6.40861839e-02 -6.46527931e-02 -6.45869449e-02
 -6.38609827e-02 -6.24524504e-02 -6.03435822e-02 -5.75240925e-02 -5.39920293e-02
 -4.97529209e-02 -4.48138267e-02 -3.91859487e-02 -3.29203792e-02 -2.61331014e-02
 -1.87284388e-02 -1.07323835e-02 -2.17629666e-03  6.93467306e-03  1.65910255e-02
  2.67837290e-02  3.75109091e-02  4.87727560e-02  6.05707951e-02  7.29069114e-02
  8.57822746e-02  9.91956070e-02  1.13140605e-01  1.27602115e-01  1.42550364e-01
  1.57932475e-01  1.73659861e-01  1.89590037e-01  2.05501974e-01  2.21067861e-01
  2.35839799e-01  2.49292552e-01  2.60940760e-01  2.70446956e-01  2.77647734e-01
  2.82553434e-01  2.85345793e-01  2.86373645e-01  2.86107570e-01  2.85014004e-01
  1.30999284e-02  7.78875826e-03  2.99166399e-03 -1.25299359e-03 -5.04361605e-03
 -8.57992377e-03 -1.19963037e-02 -1.53544294e-02 -1.86756589e-02 -2.19616499e-02
 -2.52044555e-02 -2.83916388e-02 -3.14632617e-02 -3.44046056e-02 -3.71898524e-02
 -3.97838242e-02 -4.21443954e-02 -4.42250557e-02 -4.59772646e-02 -4.73525450e-02
 -4.83042262e-02 -4.87897582e-02 -4.87721562e-02 -4.82210144e-02 -4.71130572e-02
 -4.54318188e-02 -4.31647561e-02 -4.02931571e-02 -3.68174538e-02 -3.27589437e-02
 -2.81713512e-02 -2.30821855e-02 -1.74096879e-02 -1.11826174e-02 -4.42584930e-03
  2.85960454e-03  1.06690936e-02  1.89980771e-02  2.78465915e-02  3.72177958e-02
  4.71182838e-02  5.75588979e-02  6.85544759e-02  8.01236853e-02  9.22888517e-02
  1.05075702e-01  1.18512869e-01  1.32630810e-01  1.47459686e-01  1.63025528e-01
  1.79343179e-01  1.96403816e-01  2.14152843e-01  2.32448116e-01  2.50970215e-01
  2.69013405e-01  2.85233021e-01  2.98309356e-01  3.07932407e-01  3.13840777e-01
  3.16121757e-01  3.15065891e-01  3.11182350e-01  3.05962294e-01  3.00600588e-01
 -2.99283885e-03 -9.57124121e-03 -1.21199302e-02 -1.30978283e-02 -1.43340053e-02
 -1.59393381e-02 -1.77815892e-02 -1.97607912e-02 -2.18085498e-02 -2.38736775e-02
 -2.59140655e-02 -2.78921891e-02 -2.97715068e-02 -3.14895809e-02 -3.30223404e-02
 -3.43398862e-02 -3.54085080e-02 -3.61925662e-02 -3.66560556e-02 -3.67632881e-02
 -3.64772417e-02 -3.57669890e-02 -3.46081071e-02 -3.29842791e-02 -3.08903083e-02
 -2.83379368e-02 -2.53680460e-02 -2.18816679e-02 -1.78962108e-02 -1.34286964e-02
 -8.49654805e-03 -3.10918572e-03  2.73690186e-03  9.03830957e-03  1.57912988e-02
  2.29962561e-02  3.06565482e-02  3.87788080e-02  4.73736711e-02  5.64560369e-02
  6.60454556e-02  7.61665702e-02  8.68496150e-02  9.81310457e-02  1.10054471e-01
  1.22671828e-01  1.36044964e-01  1.50247529e-01  1.65367171e-01  1.81507498e-01
  1.98789626e-01  2.17351779e-01  2.37346381e-01  2.58937091e-01  2.82333165e-01
  3.08232248e-01  3.37922841e-01  3.46208304e-01  3.60088319e-01  3.62669468e-01
  3.60078037e-01  3.58789712e-01  3.38874906e-01  3.25056225e-01  3.14446807e-01
 -1.66312195e-02 -2.46373229e-02 -2.45763678e-02 -2.29317062e-02 -2.24873591e-02
 -2.27068290e-02 -2.33084690e-02 -2.41349526e-02 -2.50797532e-02 -2.60634590e-02
 -2.70237233e-02 -2.79098954e-02 -2.86800545e-02 -2.92650815e-02 -2.96390709e-02
 -2.97748353e-02 -2.96453889e-02 -2.92256754e-02 -2.84951627e-02 -2.74423156e-02
 -2.60193963e-02 -2.42119599e-02 -2.20090467e-02 -1.94046982e-02 -1.63985677e-02
 -1.29952785e-02 -9.20068100e-03 -5.00983000e-03 -4.28241678e-04  4.53415932e-03
  9.86675639e-03  1.55614018e-02  2.16138717e-02  2.80226152e-02  3.47894095e-02
  4.19203043e-02  4.94259484e-02  5.73218092e-02  6.56283796e-02  7.43713528e-02
  8.35818648e-02  9.32969376e-02  1.03560232e-01  1.14423156e-01  1.25946626e-01
  1.38203606e-01  1.51282713e-01  1.65293381e-01  1.80373073e-01  1.96697310e-01
  2.14493290e-01  2.34057218e-01  2.55773336e-01  2.80136287e-01  3.07842582e-01
  3.39342505e-01  3.60827863e-01  3.75592917e-01  3.86959493e-01  3.85720313e-01
  3.84840995e-01  3.69033724e-01  3.50208521e-01  3.34306717e-01  3.21490794e-01
 -2.00527534e-02 -2.70261560e-02 -2.93795709e-02 -2.92212330e-02 -2.86610443e-02
 -2.82976329e-02 -2.81729344e-02 -2.82119308e-02 -2.83271652e-02 -2.84411702e-02
 -2.84895059e-02 -2.84189470e-02 -2.81844251e-02 -2.77452879e-02 -2.70699617e-02
 -2.61321235e-02 -2.49091033e-02 -2.33813822e-02 -2.15324983e-02 -1.93484891e-02
 -1.68152079e-02 -1.39247226e-02 -1.06744757e-02 -7.06696091e-03 -3.10930074e-03
  1.18764257e-03  5.81075391e-03  1.07462751e-02  1.59786846e-02  2.14918237e-02
  2.72707306e-02  3.33035290e-02  3.95829082e-02  4.61069904e-02  5.28800339e-02
  5.99128678e-02  6.72229677e-02  7.48342872e-02  8.27769414e-02  9.10868496e-02
  9.98055562e-02  1.08980320e-01  1.18664607e-01  1.28919214e-01  1.39814138e-01
  1.51431531e-01  1.63870022e-01  1.77251145e-01  1.91729009e-01  2.07505077e-01
  2.24851564e-01  2.44150370e-01  2.65960217e-01  2.91116506e-01  3.20376515e-01
  3.47680241e-01  3.65411431e-01  3.80589157e-01  3.85922939e-01  3.86730611e-01
  3.79564434e-01  3.62787068e-01  3.46050143e-01  3.31860989e-01  3.19958627e-01
 -3.02704629e-02 -3.94702591e-02 -3.76606211e-02 -3.48624326e-02 -3.36428545e-02
 -3.29447910e-02 -3.24622206e-02 -3.20508182e-02 -3.16140242e-02 -3.10795289e-02
 -3.03920787e-02 -2.95089204e-02 -2.83960830e-02 -2.70256102e-02 -2.53743567e-02
 -2.34228205e-02 -2.11545527e-02 -1.85560565e-02 -1.56170018e-02 -1.23305153e-02
 -8.69354233e-03 -4.70796460e-03 -3.81041726e-04  4.27451869e-03  9.24080983e-03
  1.44953337e-02  2.00119670e-02  2.57621743e-02  3.17163169e-02  3.78454700e-02
  4.41236682e-02  5.05302213e-02  5.70518188e-02  6.36841282e-02  7.04327598e-02
  7.73134455e-02  8.43516290e-02  9.15813819e-02  9.90440920e-02  1.06787041e-01
  1.14862286e-01  1.23325832e-01  1.32237524e-01  1.41661450e-01  1.51667252e-01
  1.62332103e-01  1.73743844e-01  1.86005324e-01  1.99240670e-01  2.13604301e-01
  2.29294538e-01  2.46575207e-01  2.65809119e-01  2.87470609e-01  3.11446905e-01
  3.32070380e-01  3.46155882e-01  3.57986808e-01  3.61705959e-01  3.62342298e-01
  3.55437994e-01  3.43064904e-01  3.31395924e-01  3.20917338e-01  3.11567396e-01
 -2.63922233e-02 -3.38394530e-02 -3.69697288e-02 -3.74744795e-02 -3.72461937e-02
 -3.69109139e-02 -3.65130454e-02 -3.59770730e-02 -3.52312028e-02 -3.42271924e-02
 -3.29359956e-02 -3.13399956e-02 -2.94269193e-02 -2.71861684e-02 -2.46072412e-02
 -2.16795709e-02 -1.83932148e-02 -1.47399940e-02 -1.07147619e-02 -6.31659245e-03
 -1.54979574e-03  3.57521838e-03  9.04137362e-03  1.48246372e-02  2.08940078e-02
  2.72118449e-02  3.37346345e-02  4.04143967e-02  4.72008139e-02  5.40442504e-02
  6.08994663e-02  6.77296072e-02  7.45099857e-02  8.12308863e-02  8.78990740e-02
  9.45376605e-02  1.01184458e-01  1.07889161e-01  1.14709958e-01  1.21710129e-01
  1.28955156e-01  1.36510700e-01  1.44441381e-01  1.52810529e-01  1.61680385e-01
  1.71112955e-01  1.81170836e-01  1.91917911e-01  2.03419328e-01  2.15739504e-01
  2.28935987e-01  2.43043453e-01  2.58036554e-01  2.73748130e-01  2.89501041e-01
  3.03309172e-01  3.14291030e-01  3.22072297e-01  3.26315373e-01  3.26876372e-01
  3.23773354e-01  3.18358034e-01  3.12084675e-01  3.05564493e-01  2.99150586e-01
 -3.50673161e-02 -4.54321057e-02 -4.24672104e-02 -4.05646861e-02 -4.06779945e-02
 -4.10023592e-02 -4.10442352e-02 -4.06292602e-02 -3.97134572e-02 -3.83084640e-02
 -3.64442542e-02 -3.41508202e-02 -3.14500518e-02 -2.83533596e-02 -2.48626731e-02
 -2.09732559e-02 -1.66772436e-02 -1.19671598e-02 -6.83894567e-03 -1.29427982e-03
  4.65781614e-03  1.09999990e-02  1.77060198e-02  2.47402992e-02  3.20574790e-02
  3.96020152e-02  4.73081470e-02  5.51008210e-02  6.28982782e-02  7.06167594e-02
  7.81772137e-02  8.55132788e-02  9.25789475e-02  9.93545204e-02  1.05849408e-01
  1.12101309e-01  1.18171819e-01  1.24139637e-01  1.30092651e-01  1.36120766e-01
  1.42310187e-01  1.48739979e-01  1.55480325e-01  1.62592128e-01  1.70127198e-01
  1.78128660e-01  1.86630651e-01  1.95657060e-01  2.05218196e-01  2.15304404e-01
  2.25874484e-01  2.36835957e-01  2.48013720e-01  2.59106308e-01  2.69654542e-01
  2.79102415e-01  2.86952734e-01  2.92858005e-01  2.96630591e-01  2.98254907e-01
  2.97920436e-01  2.96020657e-01  2.93031543e-01  2.89369851e-01  2.85348296e-01
 -2.18357611e-02 -3.02883089e-02 -3.64640467e-02 -4.09427434e-02 -4.42933738e-02
 -4.64559123e-02 -4.73329909e-02 -4.70578223e-02 -4.58414555e-02 -4.38685380e-02
 -4.12815958e-02 -3.81807685e-02 -3.46264429e-02 -3.06454562e-02 -2.62399241e-02
 -2.13969648e-02 -1.60976555e-02 -1.03243766e-02 -4.06621536e-03  2.67757452e-03
  9.89591237e-03  1.75656751e-02  2.56522093e-02  3.41095366e-02  4.28794026e-02
  5.18888682e-02  6.10471815e-02  7.02434927e-02  7.93478042e-02  8.82174447e-02
  9.67101008e-02  1.04701385e-01  1.12102807e-01  1.18875489e-01  1.25036493e-01
  1.30656302e-01  1.35847822e-01  1.40749276e-01  1.45505622e-01  1.50253281e-01
  1.55110851e-01  1.60175398e-01  1.65522560e-01  1.71208590e-01  1.77272603e-01
  1.83738321e-01  1.90614685e-01  1.97895080e-01  2.05554679e-01  2.13545918e-01
  2.21791521e-01  2.30175897e-01  2.38536328e-01  2.46658862e-01  2.54286796e-01
  2.61147201e-01  2.66989946e-01  2.71623641e-01  2.74939746e-01  2.76924670e-01
  2.77660102e-01  2.77306855e-01  2.76071697e-01  2.74169296e-01  2.71794736e-01
 -1.68360341e-02 -2.62772851e-02 -3.55093963e-02 -4.45048846e-02 -5.26419804e-02
 -5.70810474e-02 -5.77343069e-02 -5.66796139e-02 -5.44386394e-02 -5.13387285e-02
 -4.76372503e-02 -4.34918739e-02 -3.89739498e-02 -3.40889394e-02 -2.88008321e-02
 -2.30549816e-02 -1.67951081e-02 -9.97480657e-03 -2.56490801e-03  5.44242142e-03
  1.40329869e-02  2.31738538e-02  3.28192860e-02  4.29154187e-02  5.33998534e-02
  6.41948655e-02  7.51951858e-02  8.62534344e-02  9.71692502e-02  1.07692324e-01
  1.17548786e-01  1.26487672e-01  1.34328231e-01  1.40991673e-01  1.46514833e-01
  1.51045918e-01  1.54818326e-01  1.58103585e-01  1.61160663e-01  1.64203480e-01
  1.67391583e-01  1.70835242e-01  1.74605489e-01  1.78743646e-01  1.83268547e-01
  1.88181192e-01  1.93467200e-01  1.99097455e-01  2.05027282e-01  2.11194634e-01
  2.17517674e-01  2.23892704e-01  2.30193660e-01  2.36274928e-01  2.41978824e-01
  2.47148111e-01  2.51641482e-01  2.55348712e-01  2.58202255e-01  2.60183334e-01
  2.61321336e-01  2.61686593e-01  2.61377990e-01  2.60508537e-01  2.59192407e-01
 -1.35099599e-02 -2.42580883e-02 -3.60633992e-02 -4.94981259e-02 -6.47755712e-02
 -7.25802556e-02 -7.32524991e-02 -7.04401731e-02 -6.56655505e-02 -6.04916438e-02
 -5.51071502e-02 -4.96699139e-02 -4.41867039e-02 -3.85366865e-02 -3.25576663e-02
 -2.60949340e-02 -1.90170538e-02 -1.12254079e-02 -2.65968614e-03  6.69790478e-03
  1.68155078e-02  2.76216343e-02  3.90367024e-02  5.09988740e-02  6.34671152e-02
  7.64048323e-02  8.97495374e-02  1.03367575e-01  1.16992265e-01  1.30168498e-01
  1.42290384e-01  1.52789071e-01  1.61289886e-01  1.67634815e-01  1.71894982e-01
  1.74386367e-01  1.75664023e-01  1.76351652e-01  1.76936999e-01  1.77723438e-01
  1.78875878e-01  1.80473462e-01  1.82545230e-01  1.85090899e-01  1.88092187e-01
  1.91518605e-01  1.95330039e-01  1.99477598e-01  2.03903288e-01  2.08539352e-01
  2.13307738e-01  2.18119979e-01  2.22878426e-01  2.27479041e-01  2.31816009e-01
  2.35788077e-01  2.39305750e-01  2.42298052e-01  2.44717896e-01  2.46544972e-01
  2.47785538e-01  2.48469576e-01  2.48645425e-01  2.48373508e-01  2.47719899e-01
 -8.94395262e-03 -2.00223774e-02 -3.25896367e-02 -4.73979302e-02 -6.56969845e-02
 -7.77259097e-02 -8.49924311e-02 -8.33308697e-02 -7.82908201e-02 -6.98969811e-02
 -6.19904660e-02 -5.53872623e-02 -4.95126806e-02 -4.37212959e-02 -3.75817157e-02
 -3.08525003e-02 -2.32714862e-02 -1.46750668e-02 -4.99350158e-03  5.88210812e-03
  1.78757347e-02  3.06984410e-02  4.41257991e-02  5.80941774e-02  7.26530179e-02
  8.79112706e-02  1.03998609e-01  1.21019557e-01  1.38942391e-01  1.57206908e-01
  1.73819125e-01  1.86951578e-01  1.96659222e-01  2.02217519e-01  2.04151973e-01
  2.02192500e-01  1.98361918e-01  1.94707483e-01  1.91845998e-01  1.89883888e-01
  1.88787684e-01  1.88484907e-01  1.88895479e-01  1.89941496e-01  1.91549435e-01
  1.93649396e-01  1.96173593e-01  1.99054614e-01  2.02223852e-01  2.05610424e-01
  2.09140390e-01  2.12736920e-01  2.16321021e-01  2.19813302e-01  2.23136544e-01
  2.26218939e-01  2.28997499e-01  2.31421381e-01  2.33454332e-01  2.35076100e-01
  2.36282408e-01  2.37083673e-01  2.37502620e-01  2.37571120e-01  2.37327024e-01
 -2.03453074e-03 -1.21225361e-02 -2.32689492e-02 -3.56459357e-02 -4.90378328e-02
 -6.26273304e-02 -7.88199827e-02 -8.10280219e-02 -8.21234211e-02 -7.17784092e-02
 -6.33250028e-02 -5.78960255e-02 -5.45188114e-02 -5.00949807e-02 -4.38901335e-02
 -3.83496881e-02 -3.07782311e-02 -2.09441893e-02 -1.12426523e-02  1.48447673e-03
  1.71038806e-02  3.27730775e-02  4.83473800e-02  6.40923083e-02  8.03339705e-02
  9.74364951e-02  1.15832604e-01  1.36087060e-01  1.59030333e-01  1.86240450e-01
  2.15966970e-01  2.25507960e-01  2.44845524e-01  2.41195410e-01  2.48460501e-01
  2.31389552e-01  2.18534008e-01  2.09640682e-01  2.03317851e-01  1.98867172e-01
  1.95852846e-01  1.93980202e-01  1.93039149e-01  1.92872345e-01  1.93355814e-01
  1.94387019e-01  1.95877120e-01  1.97745934e-01  1.99918628e-01  2.02323616e-01
  2.04891294e-01  2.07553551e-01  2.10243955e-01  2.12898508e-01  2.15456933e-01
  2.17864186e-01  2.20072210e-01  2.22041413e-01  2.23741919e-01  2.25154221e-01
  2.26269096e-01  2.27087080e-01  2.27617159e-01  2.27875262e-01  2.27882370e-01
  6.75447984e-03 -1.61336421e-03 -1.05643142e-02 -2.00795364e-02 -3.00155301e-02
 -4.00992520e-02 -4.97209728e-02 -5.85325807e-02 -7.09010884e-02 -5.87172359e-02
 -5.37875257e-02 -5.19424453e-02 -5.39108552e-02 -5.20677008e-02 -4.42035310e-02
 -4.19987030e-02 -3.49095874e-02 -2.25581061e-02 -1.57543849e-02 -1.48064969e-03
  1.87460110e-02  3.64142284e-02  5.30225970e-02  6.93917200e-02  8.60929117e-02
  1.03628546e-01  1.22544624e-01  1.43537924e-01  1.67591676e-01  1.96049601e-01
  2.24169418e-01  2.37360999e-01  2.53046691e-01  2.52958596e-01  2.55569816e-01
  2.40673766e-01  2.26149067e-01  2.15725034e-01  2.08204731e-01  2.02761516e-01
  1.98868081e-01  1.96180090e-01  1.94461092e-01  1.93538412e-01  1.93278208e-01
  1.93571374e-01  1.94325209e-01  1.95458278e-01  1.96897075e-01  1.98573783e-01
  2.00424880e-01  2.02390447e-01  2.04413906e-01  2.06442237e-01  2.08426505e-01
  2.10322499e-01  2.12091595e-01  2.13701457e-01  2.15126574e-01  2.16348588e-01
  2.17356250e-01  2.18144983e-01  2.18716383e-01  2.19077170e-01  2.19238222e-01
  2.76633596e+00  2.80621552e+00  2.80316067e+00  2.79431963e+00  2.76230359e+00
  2.72748899e+00  2.69058228e+00  2.65346313e+00  2.61810136e+00  2.58625793e+00
  2.55641651e+00  2.53029537e+00  2.50706482e+00  2.48642516e+00  2.46891069e+00
  2.45393920e+00  2.44084239e+00  2.43042803e+00  2.42204809e+00  2.41545129e+00
  2.41054344e+00  2.40752840e+00  2.40628958e+00  2.40661025e+00  2.40795588e+00
  2.41111040e+00  2.41532040e+00  2.42073536e+00  2.42729878e+00  2.43479896e+00
  2.44359374e+00  2.45319605e+00  2.46390748e+00  2.47563291e+00  2.48834777e+00
  2.50231051e+00  2.51727104e+00  2.53349280e+00  2.55106258e+00  2.57005739e+00
  2.59062433e+00  2.61282253e+00  2.63692307e+00  2.66312814e+00  2.69157958e+00
  2.72261167e+00  2.75652027e+00  2.79354978e+00  2.83429742e+00  2.87901044e+00
  2.92813349e+00  2.98253226e+00  3.04240632e+00  3.10933566e+00  3.18344831e+00
  3.26726174e+00  3.36211634e+00  3.47111773e+00  3.59694862e+00  3.74503136e+00
  3.92541027e+00  4.15120506e+00  4.45339584e+00  4.93633413e+00  7.68365717e+00
   92   89
  1.04574060e+00  0.00000000e+00  1.04722142e+00  1.00000001e-01  1.05212033e+00
  2.00000003e-01  1.05566406e+00  2.50000000e-01  1.06439495e+00  3.49999994e-01
  1.07441640e+00  4.49999988e-01  1.07948530e+00  5.00000000e-01  1.08892739e+00
  6.00000024e-01  1.09815693e+00  6.99999988e-01  1.10562503e+00  7.75108278e-01
  1.11404324e+00  8.50000024e-01  1.12560785e+00  9.49999988e-01  1.13218749e+00
  1.00914788e+00  1.14364207e+00  1.09326661e+00  1.14932895e+00  1.13653314e+00
  1.21187496e+00  1.12605596e+00  1.26499999e+00  1.11420023e+00  1.31812501e+00
  1.10139966e+00  1.34468746e+00  1.09539771e+00  1.39781249e+00  1.08230948e+00
  1.45093751e+00  1.06724656e+00  1.50406253e+00  1.05012274e+00  1.53062499e+00
  1.04176188e+00  1.58375001e+00  1.02250695e+00  1.63612854e+00  1.00000000e+00
  1.66343749e+00  9.87994313e-01  1.71656251e+00  9.60626960e-01  1.74312496e+00
  9.45390761e-01  1.79624999e+00  9.11725223e-01  1.82281256e+00  8.92933130e-01
  1.87593746e+00  8.51032794e-01  1.90250003e+00  8.28843772e-01  1.93352199e+00
  8.00000012e-01  1.98218751e+00  7.51491427e-01  2.00874996e+00  7.23082960e-01
  2.03531241e+00  6.92235947e-01  2.06852245e+00  6.49999976e-01  2.10407567e+00
  6.00000024e-01  2.13526416e+00  5.50000012e-01  2.16261053e+00  5.00000000e-01
  2.18677306e+00  4.49999988e-01  2.20840430e+00  4.00000006e-01  2.22805929e+00
  3.49999994e-01  2.24781251e+00  2.95596689e-01  2.27437496e+00  2.09638029e-01
  2.28979278e+00  1.50000006e-01  2.30093741e+00  8.27577785e-02  2.30669856e+00
  0.00000000e+00  2.30093741e+00 -8.54040310e-02  2.29019308e+00 -1.50000006e-01
  2.27437496e+00 -2.10866883e-01  2.24781251e+00 -2.95521736e-01  2.22755575e+00
 -3.49999994e-01  2.20730519e+00 -4.00000006e-01  2.18485713e+00 -4.49999988e-01
  2.15955329e+00 -5.00000000e-01  2.13058090e+00 -5.50000012e-01  2.09706974e+00
 -6.00000024e-01  2.06187510e+00 -6.46051764e-01  2.03531241e+00 -6.76922023e-01
  2.00874996e+00 -7.04798222e-01  1.96103752e+00 -7.50000000e-01  1.92906249e+00
 -7.77686596e-01  1.89966953e+00 -8.00000012e-01  1.84937501e+00 -8.34796727e-01
  1.82281256e+00 -8.50221395e-01  1.76968753e+00 -8.79327178e-01  1.72103107e+00
 -8.99999976e-01  1.69000006e+00 -9.12311792e-01  1.63687503e+00 -9.29294348e-01
  1.58375001e+00 -9.41429496e-01  1.53062499e+00 -9.48938668e-01  1.50406253e+00
 -9.50963795e-01  1.45093751e+00 -9.51531708e-01  1.42437506e+00 -9.49616671e-01
  1.37125003e+00 -9.40124750e-01  1.31812501e+00 -9.19180334e-01  1.28894448e+00
 -8.99999976e-01  1.23843753e+00 -8.51287425e-01  1.21187496e+00 -8.13892543e-01
  1.18531251e+00 -7.64370382e-01  1.15899003e+00 -6.99999988e-01  1.14224887e+00
 -6.49999976e-01  1.12788832e+00 -6.00000024e-01  1.10562503e+00 -5.07994711e-01
  1.09350955e+00 -4.49999988e-01  1.07906246e+00 -3.70737404e-01  1.06790698e+00
 -3.00000012e-01  1.05605698e+00 -2.00000003e-01  1.05174780e+00 -1.50000006e-01
  1.04657543e+00 -5.00000007e-02  1.04574060e+00  0.00000000e+00
  1.01600003e+00  0.00000000e+00  1.01600003e+00  9.63999987e-01  1.01800001e+00
  9.67999995e-01  1.01800001e+00  1.00100005e+00  1.01800001e+00  1.01900005e+00
  1.01800001e+00  1.07700002e+00  1.01800001e+00  1.07000005e+00  1.01800001e+00
  1.09599996e+00  1.01800001e+00  1.11300004e+00  1.01800001e+00  1.13800001e+00
  1.01600003e+00  1.14699996e+00  1.01199996e+00  1.16499996e+00  1.00100005e+00
  1.21700001e+00  1.02900004e+00  1.21700001e+00  1.04200006e+00  1.16240001e+00
  1.04600000e+00  1.16237998e+00  1.05599999e+00  1.16260004e+00  1.09700000e+00
  1.16450000e+00  1.10800004e+00  1.16594005e+00  1.11600006e+00  1.16591001e+00
  1.13399994e+00  1.16895998e+00  1.14800000e+00  1.17174995e+00  1.16199994e+00
  1.17556000e+00  1.18099999e+00  1.18299997e+00  1.18200004e+00  1.18350005e+00
  1.18499994e+00  1.18499994e+00  1.19000006e+00  1.18799996e+00  1.19500005e+00
  1.19099998e+00  1.20099998e+00  1.19599998e+00  1.20899999e+00  1.20200002e+00
  1.21500003e+00  1.20799994e+00  1.22200000e+00  1.21399999e+00  1.22800004e+00
  1.22099996e+00  1.23399997e+00  1.23099995e+00  1.23899996e+00  1.23800004e+00
  1.24199998e+00  1.24399996e+00  1.24800003e+00  1.25399995e+00  1.25800002e+00
  1.27800000e+00  1.26300001e+00  1.28999996e+00  1.27999997e+00  1.33099997e+00
  1.27999997e+00  1.34700000e+00  1.27999997e+00  1.34800005e+00  1.30999994e+00
  1.34800005e+00  1.32799995e+00  1.34800005e+00  1.36099994e+00  1.34800005e+00
  1.38000000e+00  1.34800005e+00  1.41900003e+00  1.34800005e+00  1.41900003e+00
  1.30999994e+00  1.37199998e+00  1.30999994e+00  1.37199998e+00  1.29200006e+00
  1.60800004e+00  1.09500003e+00  1.64699996e+00  1.07700002e+00  1.78499997e+00
  1.07700002e+00  2.06999993e+00  1.03999996e+00  2.12800002e+00  9.92999971e-01
  2.24499989e+00  7.08999991e-01  2.32299995e+00  5.18999994e-01  2.37700009e+00
  3.88999999e-01  2.35200000e+00  4.00000006e-01  2.35100007e+00  3.37000012e-01
  2.35100007e+00  2.04999998e-01  2.35400009e+00  6.80000037e-02  2.35400009e+00
  0.00000000e+00  2.35400009e+00 -6.80000037e-02  2.35299993e+00 -2.04999998e-01
  2.35100007e+00 -3.37000012e-01  2.35299993e+00 -4.00000006e-01  2.37700009e+00
 -3.88999999e-01  2.13400006e+00 -9.72999990e-01  1.78600001e+00 -1.17400002e+00
  1.76800001e+00 -1.21099997e+00  1.76800001e+00 -1.25399995e+00  1.68200004e+00
 -1.25399995e+00  1.67400002e+00 -1.26199996e+00  1.67400002e+00 -1.32900000e+00
  1.68099999e+00 -1.33899999e+00  1.75399995e+00 -1.33899999e+00  1.75399995e+00
 -1.36800003e+00  1.68900001e+00 -1.36800003e+00  1.68900001e+00 -1.36600006e+00
  1.55499995e+00 -1.36600006e+00  1.41199994e+00 -1.36600006e+00  1.27300000e+00
 -1.36600006e+00  1.15300000e+00 -1.36600006e+00  1.01600003e+00 -1.22899997e+00
  1.01600003e+00 -8.00000012e-01  1.01600003e+00 -4.14999992e-01  1.01600003e+00
 -4.00000006e-01  1.01600003e+00  0.00000000e+00
    0 0.000000000e+00    0
  0.00000000e+00  1.24340780e-01  1.76146641e-01  2.14362159e-01  2.47491777e-01
  2.76538938e-01  3.02409768e-01  3.25969785e-01  3.47652048e-01  3.67874146e-01
  3.86693895e-01  4.04594928e-01  4.21494126e-01  4.37597275e-01  4.53053057e-01
  4.67916876e-01  4.82193142e-01  4.95995045e-01  5.09457886e-01  5.22455692e-01
  5.35106897e-01  5.47488868e-01  5.59568465e-01  5.71388185e-01  5.82992136e-01
  5.94329953e-01  6.05519950e-01  6.16530478e-01  6.27355635e-01  6.38021469e-01
  6.48547173e-01  6.58980906e-01  6.69255674e-01  6.79428160e-01  6.89512372e-01
  6.99495494e-01  7.09393263e-01  7.19217598e-01  7.28980660e-01  7.38684416e-01
  7.48323500e-01  7.57920027e-01  7.67498434e-01  7.77043521e-01  7.86558330e-01
  7.96064079e-01  8.05593491e-01  8.15108895e-01  8.24665010e-01  8.34242284e-01
  8.43858004e-01  8.53564203e-01  8.63314211e-01  8.73192251e-01  8.83142710e-01
  8.93251956e-01  9.03535426e-01  9.14023161e-01  9.24721718e-01  9.35674489e-01
  9.47030187e-01  9.58841801e-01  9.71205056e-01  9.84530270e-01  1.00000000e+00
    0
