   EFIT?   05/12/98      #102940  1196             3  65  65
  1.70000005e+00  3.20000005e+00  1.69550002e+00  8.39999974e-01  0.00000000e+00
  1.77994502e+00  2.16846298e-02 -2.71516532e-01 -5.85328881e-03 -1.99969506e+00
  1.47068862e+06 -2.71516532e-01  0.00000000e+00  1.77994502e+00  0.00000000e+00
  2.16846298e-02  0.00000000e+00 -5.85328881e-03  0.00000000e+00  0.00000000e+00
 -3.42633247e+00 -3.43581891e+00 -3.44369912e+00 -3.45014048e+00 -3.45529342e+00
 -3.45929337e+00 -3.46226287e+00 -3.46431208e+00 -3.46554184e+00 -3.46604276e+00
 -3.46589780e+00 -3.46518254e+00 -3.46396589e+00 -3.46231151e+00 -3.46027708e+00
 -3.45791602e+00 -3.45527840e+00 -3.45240951e+00 -3.44935203e+00 -3.44614625e+00
 -3.44282961e+00 -3.43943644e+00 -3.43599892e+00 -3.43254590e+00 -3.42910337e+00
 -3.42569518e+00 -3.42234254e+00 -3.41906500e+00 -3.41587949e+00 -3.41280174e+00
 -3.40984535e+00 -3.40702271e+00 -3.40434432e+00 -3.40181971e+00 -3.39945650e+00
 -3.39726162e+00 -3.39524007e+00 -3.39339614e+00 -3.39173293e+00 -3.39025211e+00
 -3.38895440e+00 -3.38783932e+00 -3.38690495e+00 -3.38614893e+00 -3.38556671e+00
 -3.38515353e+00 -3.38490224e+00 -3.38480544e+00 -3.38485360e+00 -3.38503575e+00
 -3.38533974e+00 -3.38575125e+00 -3.38625479e+00 -3.38683224e+00 -3.38746381e+00
 -3.38812733e+00 -3.38879824e+00 -3.38944936e+00 -3.39005065e+00 -3.39056849e+00
 -3.39096642e+00 -3.39120388e+00 -3.39123607e+00 -3.39101386e+00 -3.39048290e+00
  8.86599688e+04  7.86621172e+04  6.97823750e+04  6.19372227e+04  5.50472656e+04
  4.90370469e+04  4.38348945e+04  3.93727695e+04  3.55860938e+04  3.24136289e+04
  2.97973281e+04  2.76822207e+04  2.60162832e+04  2.47503203e+04  2.38378750e+04
  2.32351055e+04  2.29007012e+04  2.27957910e+04  2.28838516e+04  2.31306348e+04
  2.35040879e+04  2.39742832e+04  2.45133535e+04  2.50954297e+04  2.56965898e+04
  2.62947949e+04  2.68698496e+04  2.74033555e+04  2.78786738e+04  2.82808789e+04
  2.85967363e+04  2.88146680e+04  2.89247285e+04  2.89185840e+04  2.87894941e+04
  2.85322891e+04  2.81433730e+04  2.76207051e+04  2.69637969e+04  2.61737168e+04
  2.52530801e+04  2.42060723e+04  2.30384434e+04  2.17575254e+04  2.03722520e+04
  1.88931719e+04  1.73324766e+04  1.57040293e+04  1.40233867e+04  1.23078398e+04
  1.05764521e+04  8.85009961e+03  7.15151416e+03  5.50534082e+03  3.93818311e+03
  2.47866895e+03  1.15750867e+03  7.56479406e+00 -9.36076172e+02 -1.63602698e+03
 -2.05251685e+03 -2.14330518e+03 -1.86358691e+03 -1.16589600e+03  0.00000000e+00
  8.53064632e+00  7.15159130e+00  5.90843630e+00  4.78921270e+00  3.78304052e+00
  2.88003445e+00  2.07121706e+00  1.34843874e+00  7.04307079e-01  1.32121071e-01
 -3.74187261e-01 -8.20106566e-01 -1.21059430e+00 -1.55012035e+00 -1.84270656e+00
 -2.09196162e+00 -2.30111337e+00 -2.47303653e+00 -2.61027908e+00 -2.71508312e+00
 -2.78950858e+00 -2.83610582e+00 -2.85752034e+00 -2.85617757e+00 -2.83430266e+00
 -2.79394031e+00 -2.73697281e+00 -2.66513610e+00 -2.58003545e+00 -2.48315954e+00
 -2.37589359e+00 -2.25953078e+00 -2.13528490e+00 -2.00430059e+00 -1.86766243e+00
 -1.72640610e+00 -1.58152604e+00 -1.43398523e+00 -1.28472292e+00 -1.13466358e+00
 -9.84724402e-01 -8.35823596e-01 -6.88888729e-01 -5.44864535e-01 -4.04721349e-01
 -2.69463629e-01 -1.40138820e-01 -1.78465992e-02  9.62515771e-02  2.00922132e-01
  2.94848591e-01  3.76619995e-01  4.44718421e-01  4.97505724e-01  5.33209085e-01
  5.49905479e-01  5.45504570e-01  5.17730594e-01  4.64102089e-01  3.81910294e-01
  2.68195212e-01  1.19719520e-01 -6.70598149e-02 -2.96022713e-01 -5.71420133e-01
 -2.54838375e+06 -2.26871025e+06 -2.00966425e+06 -1.77023150e+06 -1.54944050e+06
 -1.34636112e+06 -1.16010188e+06 -9.89808312e+05 -8.34661062e+05 -6.93874188e+05
 -5.66693062e+05 -4.52393094e+05 -3.50278062e+05 -2.59678391e+05 -1.79949906e+05
 -1.10472273e+05 -5.06477148e+04  1.00354744e+02  4.23285586e+04  7.65747969e+04
  1.03359438e+05  1.23186438e+05  1.36544469e+05  1.43908000e+05  1.45738297e+05
  1.42484500e+05  1.34584531e+05  1.22466164e+05  1.06547844e+05  8.72396875e+04
  6.49443711e+04  4.00579883e+04  1.29709502e+04 -1.59311709e+04 -4.62667930e+04
 -7.76574844e+04 -1.09727133e+05 -1.42101109e+05 -1.74405469e+05 -2.06266109e+05
 -2.37307938e+05 -2.67154094e+05 -2.95425062e+05 -3.21737844e+05 -3.45705188e+05
 -3.66934688e+05 -3.85027875e+05 -3.99579406e+05 -4.10176188e+05 -4.16396375e+05
 -4.17808594e+05 -4.13970781e+05 -4.04429438e+05 -3.88718469e+05 -3.66358281e+05
 -3.36854625e+05 -2.99697562e+05 -2.54360312e+05 -2.00298156e+05 -1.36947188e+05
 -6.37230859e+04  1.99801836e+04  1.14791672e+05  2.21364844e+05  3.40379000e+05
  3.99273112e-02  3.26110311e-02  2.47252174e-02  1.62909906e-02  7.45943561e-03
 -1.48094038e-03 -9.88852978e-03 -1.75280198e-02 -2.66501252e-02 -1.45253986e-02
 -8.52375571e-03 -5.20096021e-03 -5.06631145e-03 -2.26893253e-03  5.81625709e-03
  9.26824380e-03  1.62693858e-02  2.80117672e-02  3.52663025e-02  4.81694005e-02
  6.64418489e-02  8.26534405e-02  9.80719253e-02  1.13405466e-01  1.29161105e-01
  1.45797670e-01  1.63823962e-01  1.83896855e-01  2.06953675e-01  2.34097049e-01
  2.59575963e-01  2.73428917e-01  2.86434054e-01  2.87517041e-01  2.87669897e-01
  2.74197042e-01  2.59481221e-01  2.48548880e-01  2.40391523e-01  2.34222278e-01
  2.29545072e-01  2.26037458e-01  2.23478302e-01  2.21706063e-01  2.20595360e-01
  2.20043927e-01  2.19965026e-01  2.20282778e-01  2.20928982e-01  2.21841082e-01
  2.22960770e-01  2.24233121e-01  2.25606322e-01  2.27031633e-01  2.28463739e-01
  2.29861289e-01  2.31187597e-01  2.32411221e-01  2.33506545e-01  2.34454080e-01
  2.35240519e-01  2.35858560e-01  2.36306340e-01  2.36586764e-01  2.36706644e-01
  3.22960168e-02  2.32729111e-02  1.32042682e-02  1.93002797e-03 -1.02909189e-02
 -2.26856712e-02 -3.77593674e-02 -3.80502716e-02 -3.76190953e-02 -2.62244400e-02
 -1.69618074e-02 -1.04596838e-02 -5.80639113e-03 -5.25287294e-04  6.14254363e-03
  1.23000443e-02  1.99922044e-02  2.95601375e-02  3.91130745e-02  5.10484651e-02
  6.54310212e-02  7.99945816e-02  9.46051031e-02  1.09503925e-01  1.25000924e-01
  1.41457766e-01  1.59322962e-01  1.79203078e-01  2.01989874e-01  2.28878409e-01
  2.54585773e-01  2.67734677e-01  2.81338304e-01  2.81908453e-01  2.82996237e-01
  2.69376129e-01  2.55198628e-01  2.44860917e-01  2.37271130e-01  2.31664777e-01
  2.27557883e-01  2.24629417e-01  2.22656012e-01  2.21474379e-01  2.20958978e-01
  2.21008226e-01  2.21535996e-01  2.22466111e-01  2.23728672e-01  2.25257739e-01
  2.26989880e-01  2.28863329e-01  2.30817944e-01  2.32795566e-01  2.34740928e-01
  2.36602932e-01  2.38336042e-01  2.39901692e-01  2.41269439e-01  2.42417693e-01
  2.43333876e-01  2.44014084e-01  2.44462118e-01  2.44688213e-01  2.44707495e-01
  2.66243648e-02  1.66272204e-02  5.12558548e-03 -8.63688905e-03 -2.58672480e-02
 -3.59531902e-02 -4.21093740e-02 -3.90836932e-02 -3.31424102e-02 -2.39554942e-02
 -1.53990975e-02 -8.09874199e-03 -1.53593300e-03  4.85362718e-03  1.14583848e-02
  1.85047258e-02  2.62257103e-02  3.47762667e-02  4.42321748e-02  5.46967164e-02
  6.61317036e-02  7.83291608e-02  9.11305547e-02  1.04511105e-01  1.18546620e-01
  1.33373857e-01  1.49164110e-01  1.66094467e-01  1.84269965e-01  2.03323826e-01
  2.20600769e-01  2.33380482e-01  2.42783397e-01  2.47105375e-01  2.47845843e-01
  2.43485466e-01  2.37205297e-01  2.31625840e-01  2.27156818e-01  2.23768413e-01
  2.21354395e-01  2.19801426e-01  2.19005972e-01  2.18877017e-01  2.19334483e-01
  2.20306307e-01  2.21725672e-01  2.23528549e-01  2.25651652e-01  2.28030950e-01
  2.30600625e-01  2.33292624e-01  2.36037016e-01  2.38763094e-01  2.41401225e-01
  2.43885458e-01  2.46156514e-01  2.48164728e-01  2.49872491e-01  2.51255751e-01
  2.52304554e-01  2.53022134e-01  2.53423035e-01  2.53530741e-01  2.53374606e-01
  2.34657507e-02  1.38178449e-02  3.06480750e-03 -9.35999863e-03 -2.34905072e-02
 -2.95983236e-02 -2.93829497e-02 -2.56902017e-02 -2.02635452e-02 -1.44665483e-02
 -8.48508999e-03 -2.48422241e-03  3.51688638e-03  9.61835124e-03  1.59611907e-02
  2.26830244e-02  2.99031902e-02  3.77145410e-02  4.61789183e-02  5.53240515e-02
  6.51383400e-02  7.55788833e-02  8.65967199e-02  9.81578454e-02  1.10245571e-01
  1.22845702e-01  1.35917082e-01  1.49342731e-01  1.62852243e-01  1.75932899e-01
  1.87854066e-01  1.97935492e-01  2.05756336e-01  2.11137265e-01  2.14155033e-01
  2.15162992e-01  2.14832440e-01  2.13916659e-01  2.12963074e-01  2.12281331e-01
  2.12023750e-01  2.12254554e-01  2.12990731e-01  2.14223772e-01  2.15930864e-01
  2.18080238e-01  2.20633477e-01  2.23546043e-01  2.26766884e-01  2.30237618e-01
  2.33891666e-01  2.37653792e-01  2.41440445e-01  2.45161504e-01  2.48723596e-01
  2.52035171e-01  2.55012482e-01  2.57586092e-01  2.59705842e-01  2.61344433e-01
  2.62498051e-01  2.63184577e-01  2.63439447e-01  2.63310224e-01  2.62850851e-01
  2.18412653e-02  1.35201402e-02  5.30502899e-03 -2.74630496e-03 -9.91507154e-03
 -1.33396490e-02 -1.32413069e-02 -1.15395682e-02 -8.70358385e-03 -5.05195605e-03
 -8.36294086e-04  3.78504861e-03  8.73454288e-03  1.39971487e-02  1.95981041e-02
  2.55821943e-02  3.19982916e-02  3.88889387e-02  4.62837368e-02  5.41956201e-02
  6.26199245e-02  7.15366527e-02  8.09146613e-02  9.07145217e-02  1.00886643e-01
  1.11363135e-01  1.22043677e-01  1.32777750e-01  1.43349469e-01  1.53478101e-01
  1.62848860e-01  1.71170980e-01  1.78235754e-01  1.83952764e-01  1.88364923e-01
  1.91644713e-01  1.94064513e-01  1.95938215e-01  1.97558060e-01  1.99157476e-01
  2.00904280e-01  2.02910542e-01  2.05246255e-01  2.07951292e-01  2.11043835e-01
  2.14525893e-01  2.18386307e-01  2.22601801e-01  2.27136791e-01  2.31941909e-01
  2.36951873e-01  2.42083341e-01  2.47233406e-01  2.52280474e-01  2.57089078e-01
  2.61519253e-01  2.65439630e-01  2.68741637e-01  2.71351010e-01  2.73235261e-01
  2.74404943e-01  2.74909198e-01  2.74825692e-01  2.74247944e-01  2.73273140e-01
  1.90989040e-02  1.17399013e-02  6.43370440e-03  2.66874139e-03 -7.56866575e-05
 -1.68149383e-03 -2.03553378e-03 -1.26589986e-03  4.22848883e-04  2.84895441e-03
  5.86879253e-03  9.37809702e-03  1.33101400e-02  1.76303778e-02  2.23285519e-02
  2.74099391e-02  3.28872241e-02  3.87737751e-02  4.50786687e-02  5.18033169e-02
  5.89396097e-02  6.64691702e-02  7.43630603e-02  8.25810283e-02  9.10695046e-02
  9.97581407e-02  1.08555473e-01  1.17345564e-01  1.25988245e-01  1.34326160e-01
  1.42199770e-01  1.49468452e-01  1.56031892e-01  1.61846355e-01  1.66932106e-01
  1.71370417e-01  1.75290480e-01  1.78848833e-01  1.82207257e-01  1.85515314e-01
  1.88900381e-01  1.92464590e-01  1.96286231e-01  2.00422764e-01  2.04914287e-01
  2.09786117e-01  2.15050384e-01  2.20706210e-01  2.26738319e-01  2.33114004e-01
  2.39777893e-01  2.46644750e-01  2.53590941e-01  2.60447562e-01  2.67002046e-01
  2.73015201e-01  2.78254271e-01  2.82528400e-01  2.85714239e-01  2.87769854e-01
  2.88739026e-01  2.88742334e-01  2.87950933e-01  2.86551565e-01  2.84717530e-01
  1.19405761e-02  1.90494896e-03  3.81243159e-03  5.28616412e-03  5.15738642e-03
  4.99518588e-03  5.20728808e-03  5.92939649e-03  7.18436576e-03  8.94665159e-03
  1.11752609e-02  1.38301989e-02  1.68799069e-02  2.03035362e-02  2.40901373e-02
  2.82361731e-02  3.27422842e-02  3.76100615e-02  4.28391621e-02  4.84250225e-02
  5.43571487e-02  6.06178530e-02  6.71812892e-02  7.40125030e-02  8.10663924e-02
  8.82867426e-02  9.56056118e-02  1.02943987e-01  1.10214323e-01  1.17325723e-01
  1.24191567e-01  1.30738780e-01  1.36916786e-01  1.42704442e-01  1.48113266e-01
  1.53186366e-01  1.57993183e-01  1.62621379e-01  1.67167649e-01  1.71729341e-01
  1.76398277e-01  1.81257099e-01  1.86377689e-01  1.91821262e-01  1.97639108e-01
  2.03873500e-01  2.10558325e-01  2.17718944e-01  2.25370511e-01  2.33514279e-01
  2.42130041e-01  2.51162797e-01  2.60499388e-01  2.69930959e-01  2.79108405e-01
  2.87551433e-01  2.94779092e-01  3.00434291e-01  3.04304242e-01  3.06319594e-01
  3.06581259e-01  3.05387378e-01  3.03159386e-01  3.00288290e-01  2.97066271e-01
  1.92477759e-02  1.31375259e-02  1.02893449e-02  9.62954015e-03  9.72950738e-03
  1.00548305e-02  1.05520170e-02  1.12740006e-02  1.22712627e-02  1.35737965e-02
  1.51949022e-02  1.71381403e-02  1.94028951e-02  2.19877921e-02  2.48922706e-02
  2.81168036e-02  3.16622555e-02  3.55287716e-02  3.97145525e-02  4.42146249e-02
  4.90197949e-02  5.41157909e-02  5.94825335e-02  6.50936216e-02  7.09160194e-02
  7.69100338e-02  8.30298290e-02  8.92246738e-02  9.54411849e-02  1.01626553e-01
  1.07732654e-01  1.13720492e-01  1.19564399e-01  1.25255197e-01  1.30801797e-01
  1.36230856e-01  1.41584739e-01  1.46918118e-01  1.52293891e-01  1.57779187e-01
  1.63442045e-01  1.69349104e-01  1.75564170e-01  1.82147980e-01  1.89158514e-01
  1.96651816e-01  2.04683200e-01  2.13308275e-01  2.22583875e-01  2.32567921e-01
  2.43317232e-01  2.54880488e-01  2.67280400e-01  2.80472964e-01  2.94210374e-01
  3.06953907e-01  3.17339420e-01  3.25033665e-01  3.29793483e-01  3.31429154e-01
  3.29793870e-01  3.25509280e-01  3.20386678e-01  3.15023273e-01  3.09728503e-01
  1.65690910e-02  7.81709608e-03  1.03263212e-02  1.29915448e-02  1.39874006e-02
  1.46033969e-02  1.51290298e-02  1.56875812e-02  1.63557008e-02  1.71872359e-02
  1.82203595e-02  1.94818322e-02  2.09904350e-02  2.27596182e-02  2.47993264e-02
  2.71170288e-02  2.97181495e-02  3.26060317e-02  3.57816555e-02  3.92431989e-02
  4.29856032e-02  4.70001400e-02  5.12740985e-02  5.57906143e-02  6.05286546e-02
  6.54633343e-02  7.05665201e-02  7.58079365e-02  8.11566636e-02  8.65831599e-02
  9.20614824e-02  9.75716636e-02  1.03101857e-01  1.08649924e-01  1.14224359e-01
  1.19844265e-01  1.25538662e-01  1.31345049e-01  1.37307599e-01  1.43475473e-01
  1.49901167e-01  1.56639412e-01  1.63746685e-01  1.71281368e-01  1.79304555e-01
  1.87881649e-01  1.97084829e-01  2.06996396e-01  2.17713743e-01  2.29356214e-01
  2.42075518e-01  2.56071866e-01  2.71620005e-01  2.89099604e-01  3.08807462e-01
  3.28346521e-01  3.41693014e-01  3.52843404e-01  3.58674467e-01  3.59963208e-01
  3.57404500e-01  3.47862303e-01  3.37972075e-01  3.29117507e-01  3.21255296e-01
  2.66741570e-02  2.11566146e-02  1.89244207e-02  1.87491346e-02  1.90892834e-02
  1.93907134e-02  1.95886642e-02  1.97371636e-02  1.99046154e-02  2.01506186e-02
  2.05226336e-02  2.10573245e-02  2.17828024e-02  2.27206983e-02  2.38878112e-02
  2.52972618e-02  2.69592367e-02  2.88813785e-02  3.10689379e-02  3.35247852e-02
  3.62493098e-02  3.92403379e-02  4.24930416e-02  4.59999070e-02  4.97508571e-02
  5.37335016e-02  5.79336062e-02  6.23358302e-02  6.69246912e-02  7.16857314e-02
  7.66068622e-02  8.16796646e-02  8.69005769e-02  9.22718421e-02  9.78020206e-02
  1.03506230e-01  1.09405898e-01  1.15528308e-01  1.21905982e-01  1.28575981e-01
  1.35579348e-01  1.42960846e-01  1.50769070e-01  1.59057051e-01  1.67883575e-01
  1.77315190e-01  1.87429443e-01  1.98319405e-01  2.10100532e-01  2.22920835e-01
  2.36976519e-01  2.52537161e-01  2.69987673e-01  2.89897084e-01  3.13015461e-01
  3.37784886e-01  3.55051756e-01  3.68717879e-01  3.76934469e-01  3.78566623e-01
  3.76777023e-01  3.65294755e-01  3.51433128e-01  3.39373380e-01  3.29292417e-01
  2.91543733e-02  2.20115818e-02  2.26420145e-02  2.44341455e-02  2.48157140e-02
  2.46504098e-02  2.42352746e-02  2.37129722e-02  2.31725182e-02  2.26769336e-02
  2.22735479e-02  2.19990611e-02  2.18825564e-02  2.19475180e-02  2.22132225e-02
  2.26957202e-02  2.34084893e-02  2.43628826e-02  2.55683884e-02  2.70327758e-02
  2.87621934e-02  3.07612233e-02  3.30328867e-02  3.55786271e-02  3.83983105e-02
  4.14902940e-02  4.48516421e-02  4.84784804e-02  5.23665324e-02  5.65118007e-02
  6.09113872e-02  6.55642897e-02  7.04722106e-02  7.56400451e-02  8.10762569e-02
  8.67930055e-02  9.28063095e-02  9.91359875e-02  1.05805658e-01  1.12842590e-01
  1.20277666e-01  1.28145516e-01  1.36484876e-01  1.45339295e-01  1.54758364e-01
  1.64799511e-01  1.75530538e-01  1.87033370e-01  1.99409008e-01  2.12784633e-01
  2.27322996e-01  2.43234739e-01  2.60792553e-01  2.80345649e-01  3.02358180e-01
  3.27514559e-01  3.50688338e-01  3.63272011e-01  3.76077294e-01  3.77799660e-01
  3.77884120e-01  3.70764554e-01  3.55652481e-01  3.42193574e-01  3.31317842e-01
  4.20254767e-02  3.70336436e-02  3.45018283e-02  3.32213119e-02  3.19913886e-02
  3.06154601e-02  2.91524976e-02  2.76680198e-02  2.62113996e-02  2.48206295e-02
  2.35266201e-02  2.23555528e-02  2.13301927e-02  2.04706937e-02  1.97951607e-02
  1.93200652e-02  1.90605447e-02  1.90306492e-02  1.92434974e-02  1.97113976e-02
  2.04459876e-02  2.14585327e-02  2.27599367e-02  2.43605357e-02  2.62698010e-02
  2.84960680e-02  3.10463440e-02  3.39262895e-02  3.71403582e-02  4.06921692e-02
  4.45850901e-02  4.88229692e-02  5.34108877e-02  5.83555140e-02  6.36647418e-02
  6.93477020e-02  7.54152089e-02  8.18801448e-02  8.87578800e-02  9.60663259e-02
  1.03826046e-01  1.12060480e-01  1.20796189e-01  1.30063385e-01  1.39896587e-01
  1.50335550e-01  1.61426395e-01  1.73223138e-01  1.85789198e-01  1.99199125e-01
  2.13539720e-01  2.28910267e-01  2.45420769e-01  2.63188630e-01  2.82345980e-01
  3.03187639e-01  3.27289343e-01  3.41514915e-01  3.50551397e-01  3.61055672e-01
  3.56983364e-01  3.59915644e-01  3.46677601e-01  3.34526539e-01  3.25664997e-01
  5.44729866e-02  5.04552126e-02  4.64947335e-02  4.28582765e-02  3.96419689e-02
  3.67180742e-02  3.39788236e-02  3.13717499e-02  2.88780425e-02  2.64960490e-02
  2.42326837e-02  2.20992360e-02  2.01092474e-02  1.82774365e-02  1.66191328e-02
  1.51500013e-02  1.38859265e-02  1.28429988e-02  1.20375240e-02  1.14857703e-02
  1.12038217e-02  1.12095680e-02  1.15225036e-02  1.21628661e-02  1.31506566e-02
  1.45047400e-02  1.62420981e-02  1.83772799e-02  2.09221002e-02  2.38856841e-02
  2.72750091e-02  3.10961846e-02  3.53564397e-02  4.00656350e-02  4.52310219e-02
  5.08574583e-02  5.69490045e-02  6.35106266e-02  7.05492124e-02  7.80731440e-02
  8.60921815e-02  9.46176350e-02  1.03662431e-01  1.13241233e-01  1.23370416e-01
  1.34068102e-01  1.45353884e-01  1.57248214e-01  1.69771090e-01  1.82939574e-01
  1.96763143e-01  2.11235553e-01  2.26320565e-01  2.41925836e-01  2.57850140e-01
  2.73660094e-01  2.88458973e-01  3.01023185e-01  3.10809225e-01  3.17660183e-01
  3.21448117e-01  3.22439075e-01  3.20841908e-01  3.17617357e-01  3.13934356e-01
  6.42085522e-02  6.07762858e-02  5.55797145e-02  5.05131744e-02  4.60667387e-02
  4.19764146e-02  3.81278135e-02  3.44600677e-02  3.09401844e-02  2.75524948e-02
  2.42925007e-02  2.11630147e-02  1.81717034e-02  1.53295668e-02  1.26499860e-02
  1.01481266e-02  7.84060545e-03  5.74547937e-03  3.88310640e-03  2.27420381e-03
  9.32277122e-04 -1.17341988e-04 -8.43470683e-04 -1.21251948e-03 -1.19084097e-03
 -7.46519247e-04  1.49178522e-04  1.52057211e-03  3.38650448e-03  5.75950462e-03
  8.64558015e-03  1.20459888e-02  1.59649234e-02  2.04339810e-02  2.54588984e-02
  3.10345236e-02  3.71521898e-02  4.38054577e-02  5.09943925e-02  5.87182865e-02
  6.69756532e-02  7.57654384e-02  8.50867182e-02  9.49384272e-02  1.05318919e-01
  1.16225325e-01  1.27652541e-01  1.39591515e-01  1.52026638e-01  1.64931789e-01
  1.78264380e-01  1.91956639e-01  2.05902740e-01  2.19941005e-01  2.33831555e-01
  2.47238189e-01  2.59741455e-01  2.70913690e-01  2.80420899e-01  2.88068086e-01
  2.93800920e-01  2.97705323e-01  3.00004810e-01  3.01044017e-01  3.01208049e-01
  6.94513321e-02  6.56255931e-02  6.10052124e-02  5.59755526e-02  5.09473644e-02
  4.60576080e-02  4.13191728e-02  3.67178097e-02  3.22392769e-02  2.78750882e-02
  2.36228686e-02  1.94854587e-02  1.54699469e-02  1.15869110e-02  7.84983020e-03
  4.27455176e-03  8.78457155e-04 -2.32142047e-03 -5.29376930e-03 -7.98688829e-03
 -1.04571832e-02 -1.26501545e-02 -1.45105179e-02 -1.59830060e-02 -1.70141179e-02
 -1.75539665e-02 -1.75580066e-02 -1.69887245e-02 -1.58176664e-02 -1.40285501e-02
 -1.16229383e-02 -8.63167830e-03 -5.13945194e-03 -9.04164044e-04  4.02436033e-03
  9.60449129e-03  1.57945175e-02  2.25616582e-02  2.99252179e-02  3.78753357e-02
  4.63950373e-02  5.54718859e-02  6.50921613e-02  7.52404258e-02  8.58990923e-02
  9.70477462e-02  1.08662039e-01  1.20711908e-01  1.33159071e-01  1.45953655e-01
  1.59029856e-01  1.72300488e-01  1.85651034e-01  1.98933840e-01  2.11965159e-01
  2.24528849e-01  2.36391008e-01  2.47325644e-01  2.57143766e-01  2.65716195e-01
  2.72985488e-01  2.78968424e-01  2.83749282e-01  2.87462890e-01  2.90268332e-01
  7.62387589e-02  7.28266090e-02  6.66158870e-02  6.04706556e-02  5.47312237e-02
  4.91202362e-02  4.35907431e-02  3.81330028e-02  3.27457637e-02  2.74310503e-02
  2.21933741e-02  1.70397013e-02  1.19795958e-02  7.02543836e-03  2.19283625e-03
 -2.49867095e-03 -7.02431332e-03 -1.14194537e-02 -1.56623274e-02 -1.97116639e-02
 -2.35226750e-02 -2.70335842e-02 -3.01754083e-02 -3.28779928e-02 -3.50739881e-02
 -3.67015079e-02 -3.77058089e-02 -3.80403884e-02 -3.76676135e-02 -3.65591384e-02
 -3.46958004e-02 -3.20660695e-02 -2.86595169e-02 -2.44454630e-02 -1.94334649e-02
 -1.36719439e-02 -7.26718409e-03 -4.29573993e-04  7.16797356e-03  1.54274190e-02
  2.42749136e-02  3.37074734e-02  4.36999016e-02  5.42239174e-02  6.52480796e-02
  7.67382383e-02  8.86566713e-02  1.00960717e-01  1.13600835e-01  1.26518294e-01
  1.39642641e-01  1.52889073e-01  1.66156337e-01  1.79325789e-01  1.92262441e-01
  2.04819337e-01  2.16845378e-01  2.28195980e-01  2.38744587e-01  2.48392463e-01
  2.57075012e-01  2.64763713e-01  2.71463603e-01  2.77207077e-01  2.82044947e-01
  7.88169354e-02  7.47653171e-02  6.96319938e-02  6.37771785e-02  5.76303564e-02
  5.13821542e-02  4.50972430e-02  3.88036557e-02  3.25186700e-02  2.62554120e-02
  2.00251751e-02  1.38388164e-02  7.70780677e-03  1.64516643e-03 -4.33362741e-03
 -1.02096330e-02 -1.60336159e-02 -2.17935257e-02 -2.74446607e-02 -3.29206921e-02
 -3.81429978e-02 -4.30260114e-02 -4.74829152e-02 -5.14302999e-02 -5.47914281e-02
 -5.74981794e-02 -5.94919547e-02 -6.07237406e-02 -6.11535870e-02 -6.07496910e-02
 -5.94870932e-02 -5.73460795e-02 -5.43105304e-02 -5.03678285e-02 -4.55169193e-02
 -3.97720784e-02 -3.31649333e-02 -2.57404745e-02 -1.75311845e-02 -8.67567118e-03
  5.32517850e-04  1.04308808e-02  2.09144671e-02  3.19421627e-02  4.34670672e-02
  5.54441772e-02  6.78271577e-02  8.05673897e-02  9.36120972e-02  1.06902681e-01
  1.20373227e-01  1.33949295e-01  1.47547200e-01  1.61074057e-01  1.74428821e-01
  1.87504739e-01  2.00192779e-01  2.12386072e-01  2.23984197e-01  2.34897152e-01
  2.45047793e-01  2.54373163e-01  2.62824595e-01  2.70367116e-01  2.76979148e-01
  8.47509205e-02  8.10479596e-02  7.41352737e-02  6.70655146e-02  6.01454452e-02
  5.31337894e-02  4.60297465e-02  3.88602242e-02  3.16493772e-02  2.44152509e-02
  1.71714034e-02  9.92892776e-03  2.69808690e-03 -4.51045809e-03 -1.16846664e-02
 -1.88848842e-02 -2.61096004e-02 -3.33130583e-02 -4.04186063e-02 -4.73306701e-02
 -5.39448969e-02 -6.01560026e-02 -6.58636168e-02 -7.09762573e-02 -7.54135102e-02
 -7.91069269e-02 -8.19998011e-02 -8.40462595e-02 -8.52099657e-02 -8.54625776e-02
 -8.47821459e-02 -8.31516534e-02 -8.05578083e-02 -7.69907236e-02 -7.24446476e-02
 -6.69187382e-02 -6.04178421e-02 -5.29539958e-02 -4.45512719e-02 -3.52640934e-02
 -2.51843669e-02 -1.44244703e-02 -3.28451884e-03  8.42978992e-03  2.06288695e-02
  3.32683586e-02  4.62968536e-02  5.96662723e-02  7.33266845e-02  8.72248635e-02
  1.01303786e-01  1.15502089e-01  1.29753679e-01  1.43987566e-01  1.58128083e-01
  1.72095463e-01  1.85806632e-01  1.99175864e-01  2.12115258e-01  2.24534571e-01
  2.36340761e-01  2.47437522e-01  2.57725716e-01  2.67106146e-01  2.75485069e-01
  8.72584805e-02  8.29398856e-02  7.70518482e-02  7.00246319e-02  6.24187775e-02
  5.45377322e-02  4.65104841e-02  3.83922271e-02  3.02086174e-02  2.19729338e-02
  1.36930030e-02  5.37436735e-03 -2.97806459e-03 -1.13592539e-02 -1.98327750e-02
 -2.84184404e-02 -3.70754972e-02 -4.57207263e-02 -5.42444177e-02 -6.25240430e-02
 -7.04351962e-02 -7.78595284e-02 -8.46899152e-02 -9.08331871e-02 -9.62110609e-02
 -1.00759625e-01 -1.04428083e-01 -1.07176997e-01 -1.08976416e-01 -1.09803997e-01
 -1.09643325e-01 -1.08482502e-01 -1.06312953e-01 -1.03128530e-01 -9.89248827e-02
 -9.36988667e-02 -8.74482244e-02 -8.01719725e-02 -7.18725473e-02 -6.25608787e-02
 -5.22632152e-02 -4.10321243e-02 -2.89713070e-02 -1.62358936e-02 -3.19208740e-03
  1.03026479e-02  2.41552051e-02  3.83364670e-02  5.28045855e-02  6.75135702e-02
  8.24171156e-02  9.74684507e-02  1.12619512e-01  1.27820283e-01  1.43018171e-01
  1.58157319e-01  1.73177555e-01  1.88012674e-01  2.02587634e-01  2.16814503e-01
  2.30587259e-01  2.43776068e-01  2.56223440e-01  2.67745882e-01  2.78145522e-01
  9.42344517e-02  9.03776214e-02  8.28470811e-02  7.37927333e-02  6.46804348e-02
  5.56049943e-02  4.65186499e-02  3.73923853e-02  2.82104574e-02  1.89630091e-02
  9.64303315e-03  2.45490228e-04 -9.23239533e-03 -1.88429896e-02 -2.86445301e-02
 -3.86125110e-02 -4.86639887e-02 -5.86788394e-02 -6.85179159e-02 -7.80377090e-02
 -8.71010050e-02 -9.55838338e-02 -1.03379123e-01 -1.10397875e-01 -1.16568543e-01
 -1.21835276e-01 -1.26155674e-01 -1.29498243e-01 -1.31840050e-01 -1.33164659e-01
 -1.33460417e-01 -1.32719263e-01 -1.30935863e-01 -1.28106952e-01 -1.24230780e-01
 -1.19306453e-01 -1.13332987e-01 -1.06308408e-01 -9.82291996e-02 -8.90907794e-02
 -7.88900107e-02 -6.76314831e-02 -5.53401038e-02 -4.20805141e-02 -2.79917400e-02
 -1.33017031e-02  1.48519385e-03  1.66319609e-02  3.20740640e-02  4.77592647e-02
  6.36525601e-02  7.97245577e-02  9.59476531e-02  1.12294704e-01  1.28738239e-01
  1.45249546e-01  1.61797017e-01  1.78343192e-01  1.94839954e-01  2.11220607e-01
  2.27387995e-01  2.43197128e-01  2.58432806e-01  2.72788495e-01  2.85871029e-01
  9.90950242e-02  9.55212265e-02  8.66319612e-02  7.61492848e-02  6.59413263e-02
  5.58698364e-02  4.58271503e-02  3.57568823e-02  2.56236307e-02  1.54020907e-02
  5.07243071e-03 -5.38229151e-03 -1.59784593e-02 -2.68227663e-02 -3.79241966e-02
 -4.92115095e-02 -6.05608709e-02 -7.18196929e-02 -8.28259885e-02 -9.34227332e-02
 -1.03467338e-01 -1.12836853e-01 -1.21429823e-01 -1.29165858e-01 -1.35983646e-01
 -1.41838074e-01 -1.46697044e-01 -1.50538146e-01 -1.53345823e-01 -1.55108854e-01
 -1.55818656e-01 -1.55468240e-01 -1.54051885e-01 -1.51565313e-01 -1.48005947e-01
 -1.43373117e-01 -1.37667745e-01 -1.30891204e-01 -1.23043679e-01 -1.14122063e-01
 -1.04118653e-01 -9.30217281e-02 -8.08204338e-02 -6.75165802e-02 -5.31473309e-02
 -3.78213376e-02 -2.17780769e-02 -5.43109374e-03  1.11734765e-02  2.79603414e-02
  4.49474454e-02  6.21365421e-02  7.95251355e-02  9.71113294e-02  1.14895746e-01
  1.32882044e-01  1.51076451e-01  1.69486150e-01  1.88115478e-01  2.06958741e-01
  2.25986719e-01  2.45121449e-01  2.64188588e-01  2.82813847e-01  3.00172359e-01
  9.91025567e-02  9.47449356e-02  8.66476372e-02  7.65079185e-02  6.58665821e-02
  5.51182963e-02  4.43126075e-02  3.34319398e-02  2.24480219e-02  1.13335131e-02
  6.40939688e-05 -1.13811130e-02 -2.30848994e-02 -3.51182595e-02 -4.74403352e-02
 -5.99351674e-02 -7.24428371e-02 -8.47849771e-02 -9.67840999e-02 -1.08276673e-01
 -1.19120724e-01 -1.29199222e-01 -1.38420224e-01 -1.46715224e-01 -1.54035926e-01
 -1.60350546e-01 -1.65639594e-01 -1.69891745e-01 -1.73100069e-01 -1.75258875e-01
 -1.76361665e-01 -1.76400095e-01 -1.75364077e-01 -1.73242852e-01 -1.70026705e-01
 -1.65708795e-01 -1.60286352e-01 -1.53760970e-01 -1.46137238e-01 -1.37419939e-01
 -1.27610102e-01 -1.16701163e-01 -1.04676910e-01 -9.15138796e-02 -7.71913901e-02
 -6.17131218e-02 -4.51442115e-02 -2.76633836e-02 -9.62867402e-03  8.19595065e-03
  2.62708664e-02  4.45860401e-02  6.31467178e-02  8.19693953e-02  1.01080619e-01
  1.20517470e-01  1.40329108e-01  1.60578579e-01  1.81344882e-01  2.02724412e-01
  2.24831611e-01  2.47795910e-01  2.71744907e-01  2.96727657e-01  3.21739614e-01
  1.02535769e-01  9.89194214e-02  8.82804617e-02  7.63007551e-02  6.48567155e-02
  5.34820408e-02  4.20398228e-02  3.04755140e-02  1.87533516e-02  6.84296712e-03
 -5.28395409e-03 -1.76555961e-02 -3.04001048e-02 -4.35290672e-02 -5.69500923e-02
 -7.05055520e-02 -8.40051547e-02 -9.72513780e-02 -1.10057458e-01 -1.22258522e-01
 -1.33717224e-01 -1.44325480e-01 -1.54003471e-01 -1.62696972e-01 -1.70373484e-01
 -1.77017450e-01 -1.82625130e-01 -1.87199146e-01 -1.90743625e-01 -1.93259984e-01
 -1.94744229e-01 -1.95185557e-01 -1.94566786e-01 -1.92866147e-01 -1.90060243e-01
 -1.86127827e-01 -1.81053445e-01 -1.74830109e-01 -1.67460144e-01 -1.58953384e-01
 -1.49322852e-01 -1.38577998e-01 -1.26717672e-01 -1.13724753e-01 -9.95661020e-02
 -8.42017010e-02 -6.76088110e-02 -4.98276763e-02 -3.10367923e-02 -1.16615901e-02
  7.53892027e-03  2.69639660e-02  4.66412567e-02  6.66105971e-02  8.69228318e-02
  1.07643582e-01  1.28858522e-01  1.50679946e-01  1.73255518e-01  1.96780562e-01
  2.21516848e-01  2.47824818e-01  2.76236475e-01  3.07756066e-01  3.46960396e-01
  9.84125957e-02  9.34053361e-02  8.48898590e-02  7.42079690e-02  6.27681836e-02
  5.10487519e-02  3.91349122e-02  2.70187333e-02  1.46748126e-02  2.07602303e-03
 -1.08038895e-02 -2.40416154e-02 -3.77348252e-02 -5.18384166e-02 -6.62127435e-02
 -8.06643441e-02 -9.49788988e-02 -1.08945511e-01 -1.22372709e-01 -1.35097533e-01
 -1.46989524e-01 -1.57951340e-01 -1.67917192e-01 -1.76849470e-01 -1.84734270e-01
 -1.91575617e-01 -1.97388947e-01 -2.02194244e-01 -2.06008986e-01 -2.08842993e-01
 -2.10695282e-01 -2.11552665e-01 -2.11390123e-01 -2.10172936e-01 -2.07860529e-01
 -2.04411611e-01 -1.99789852e-01 -1.93969265e-01 -1.86938167e-01 -1.78701296e-01
 -1.69277593e-01 -1.58693045e-01 -1.46970540e-01 -1.34118542e-01 -1.20122217e-01
 -1.04941338e-01 -8.85200575e-02 -7.08153099e-02 -5.18515818e-02 -3.18090431e-02
 -1.11413011e-02  9.29793995e-03  2.99554728e-02  5.08987419e-02  7.21906126e-02
  9.39077586e-02  1.16150714e-01  1.39052808e-01  1.62791267e-01  1.87602550e-01
  2.13803858e-01  2.41821513e-01  2.72224128e-01  3.05775791e-01  3.43754888e-01
  1.01763301e-01  9.79155824e-02  8.52349102e-02  7.22496137e-02  6.01730831e-02
  4.80932333e-02  3.58072780e-02  2.32498255e-02  1.03881089e-02 -2.80259410e-03
 -1.63446814e-02 -3.03631518e-02 -4.48924862e-02 -5.98342381e-02 -7.50068948e-02
 -9.01872814e-02 -1.05142690e-01 -1.19653217e-01 -1.33525640e-01 -1.46600768e-01
 -1.58756346e-01 -1.69907197e-01 -1.80003345e-01 -1.89026356e-01 -1.96984097e-01
 -2.03903750e-01 -2.09822014e-01 -2.14775980e-01 -2.18796313e-01 -2.21902043e-01
 -2.24096969e-01 -2.25367650e-01 -2.25683197e-01 -2.24996924e-01 -2.23250210e-01
 -2.20378458e-01 -2.16318846e-01 -2.11018771e-01 -2.04443574e-01 -1.96581468e-01
 -1.87444374e-01 -1.77064955e-01 -1.65487766e-01 -1.52753800e-01 -1.38884053e-01
 -1.23867087e-01 -1.07655682e-01 -9.01789218e-02 -7.13769272e-02 -5.12670539e-02
 -3.00493650e-02 -8.24744441e-03  1.31552136e-02  3.48575488e-02  5.68699054e-02
  7.92458504e-02  1.02071442e-01  1.25464886e-01  1.49582475e-01  1.74630001e-01
  2.00880617e-01  2.28702024e-01  2.58590639e-01  2.91118979e-01  3.25699210e-01
  9.31786746e-02  8.73253047e-02  7.88149983e-02  6.83594719e-02  5.68730682e-02
  4.48052697e-02  3.23024318e-02  1.94019619e-02  6.10531261e-03 -7.60061340e-03
 -2.17314288e-02 -3.64340767e-02 -5.16800582e-02 -6.73218518e-02 -8.31419453e-02
 -9.88932177e-02 -1.14329174e-01 -1.29224077e-01 -1.43384874e-01 -1.56657338e-01
 -1.68928549e-01 -1.80126950e-01 -1.90220490e-01 -1.99212626e-01 -2.07135603e-01
 -2.14038655e-01 -2.19977170e-01 -2.25004092e-01 -2.29163304e-01 -2.32484192e-01
 -2.34977603e-01 -2.36633182e-01 -2.37418085e-01 -2.37277597e-01 -2.36138001e-01
 -2.33912230e-01 -2.30508417e-01 -2.25840911e-01 -2.19842240e-01 -2.12473482e-01
 -2.03730091e-01 -1.93640828e-01 -1.82260141e-01 -1.69656336e-01 -1.55891478e-01
 -1.40999213e-01 -1.24969497e-01 -1.07746728e-01 -8.92481655e-02 -6.94116503e-02
 -4.82841246e-02 -2.61619277e-02 -3.77907301e-03  1.86518077e-02  4.12036292e-02
  6.39471039e-02  8.69571418e-02  1.10318512e-01  1.34130463e-01  1.58510819e-01
  1.83600530e-01  2.09570885e-01  2.36642122e-01  2.65134513e-01  2.95197070e-01
  9.32087451e-02  8.77199620e-02  7.77215734e-02  6.60620108e-02  5.41111119e-02
  4.17626388e-02  2.89759897e-02  1.57435946e-02  2.05982127e-03 -1.20851630e-02
 -2.67638508e-02 -4.20678593e-02 -5.79202808e-02 -7.41348490e-02 -9.04660299e-02
 -1.06648706e-01 -1.22426644e-01 -1.37570754e-01 -1.51889607e-01 -1.65235043e-01
 -1.77504659e-01 -1.88642085e-01 -1.98635146e-01 -2.07510784e-01 -2.15322822e-01
 -2.22139031e-01 -2.28031024e-01 -2.33066171e-01 -2.37300888e-01 -2.40775257e-01
 -2.43508711e-01 -2.45496780e-01 -2.46708870e-01 -2.47087598e-01 -2.46550053e-01
 -2.44991869e-01 -2.42295042e-01 -2.38339663e-01 -2.33019128e-01 -2.26256356e-01
 -2.18016922e-01 -2.08314568e-01 -1.97206229e-01 -1.84777558e-01 -1.71124697e-01
 -1.56329840e-01 -1.40434071e-01 -1.23421676e-01 -1.05222821e-01 -8.57420862e-02
 -6.49217218e-02 -4.28507887e-02 -1.99248027e-02  2.97052856e-03  2.58090422e-02
  4.86558601e-02  7.15549067e-02  9.45416391e-02  1.17644474e-01  1.40879542e-01
  1.64237872e-01  1.87658727e-01  2.10973084e-01  2.33785242e-01  2.55293638e-01
  9.07783732e-02  8.47294033e-02  7.52198994e-02  6.38020858e-02  5.16874082e-02
  3.90805788e-02  2.60009412e-02  1.24438154e-02 -1.60070707e-03 -1.61454305e-02
 -3.13058347e-02 -4.71219569e-02 -6.34751767e-02 -8.01475272e-02 -9.68715101e-02
 -1.13368586e-01 -1.29375800e-01 -1.44662544e-01 -1.59040198e-01 -1.72367677e-01
 -1.84554130e-01 -1.95559591e-01 -2.05392703e-01 -2.14101076e-01 -2.21756145e-01
 -2.28441149e-01 -2.34241471e-01 -2.39236802e-01 -2.43494600e-01 -2.47064888e-01
 -2.49975801e-01 -2.52230197e-01 -2.53802717e-01 -2.54638076e-01 -2.54650563e-01
 -2.53725946e-01 -2.51727223e-01 -2.48505220e-01 -2.43914634e-01 -2.37834632e-01
 -2.30189487e-01 -2.20963523e-01 -2.10203514e-01 -1.98006213e-01 -1.84494570e-01
 -1.69792145e-01 -1.53993785e-01 -1.37136340e-01 -1.19186662e-01 -1.00054160e-01
 -7.96345919e-02 -5.78948669e-02 -3.50098722e-02 -1.15494095e-02  1.13317985e-02
  3.41143869e-02  5.67645356e-02  7.92612880e-02  1.01576850e-01  1.23662889e-01
  1.45435721e-01  1.66757181e-01  1.87410772e-01  2.07080990e-01  2.25357860e-01
  8.99667740e-02  8.38465393e-02  7.39071965e-02  6.20895363e-02  4.96903546e-02
  3.68174314e-02  2.34596971e-02  9.60228220e-03 -4.76967171e-03 -1.96709260e-02
 -3.52435000e-02 -5.14850020e-02 -6.82426170e-02 -8.52730200e-02 -1.02291755e-01
 -1.19010307e-01 -1.35161266e-01 -1.50513798e-01 -1.64883062e-01 -1.78135663e-01
 -1.90192953e-01 -2.01031506e-01 -2.10679129e-01 -2.19199970e-01 -2.26679727e-01
 -2.33214229e-01 -2.38900006e-01 -2.43826702e-01 -2.48070747e-01 -2.51690388e-01
 -2.54721552e-01 -2.57174343e-01 -2.59029865e-01 -2.60237813e-01 -2.60714442e-01
 -2.60342598e-01 -2.58974642e-01 -2.56440639e-01 -2.52563238e-01 -2.47179806e-01
 -2.40168914e-01 -2.31474787e-01 -2.21120283e-01 -2.09201276e-01 -1.95862085e-01
 -1.81261271e-01 -1.65540859e-01 -1.48792624e-01 -1.31032348e-01 -1.12198867e-01
 -9.21841338e-02 -7.09018186e-02 -4.84073274e-02 -2.50803865e-02 -1.85806095e-03
  2.09600627e-02  4.34124023e-02  6.54901862e-02  8.71557444e-02  1.08345501e-01
  1.28966823e-01  1.48892954e-01  1.67959481e-01  1.85966790e-01  2.02692673e-01
  8.93020406e-02  8.31128582e-02  7.28429630e-02  6.07253835e-02  4.81009893e-02
  3.50053906e-02  2.14083716e-02  7.28883268e-03 -7.37293437e-03 -2.25754622e-02
 -3.84895280e-02 -5.50758131e-02 -7.21533373e-02 -8.94587040e-02 -1.06694512e-01
 -1.23565048e-01 -1.39800072e-01 -1.55169562e-01 -1.69492871e-01 -1.82644546e-01
 -1.94557697e-01 -2.05224574e-01 -2.14688405e-01 -2.23026335e-01 -2.30335429e-01
 -2.36721307e-01 -2.42289141e-01 -2.47136056e-01 -2.51345217e-01 -2.54981190e-01
 -2.58085966e-01 -2.60675788e-01 -2.62738049e-01 -2.64228106e-01 -2.65066743e-01
 -2.65138239e-01 -2.64291108e-01 -2.62343407e-01 -2.59095103e-01 -2.54349530e-01
 -2.47943029e-01 -2.39777073e-01 -2.29841903e-01 -2.18220875e-01 -2.05069557e-01
 -1.90576598e-01 -1.74922645e-01 -1.58247635e-01 -1.40616074e-01 -1.22003652e-01
 -1.02314718e-01 -8.14356357e-02 -5.93323819e-02 -3.62022705e-02 -1.26732886e-02
  1.00136427e-02  3.22685763e-02  5.40284552e-02  7.52341747e-02  9.58181322e-02
  1.15698241e-01  1.34775579e-01  1.52935222e-01  1.70050725e-01  1.85992539e-01
  8.79314616e-02  8.13776478e-02  7.14813769e-02  5.96150607e-02  4.69372794e-02
  3.36917005e-02  1.99069232e-02  5.57711255e-03 -9.31035168e-03 -2.47804336e-02
 -4.09782417e-02 -5.78406677e-02 -7.51673132e-02 -9.26807001e-02 -1.10074438e-01
 -1.27048045e-01 -1.43329844e-01 -1.58691242e-01 -1.72955856e-01 -1.86005592e-01
 -1.97784185e-01 -2.08296955e-01 -2.17598870e-01 -2.25777030e-01 -2.32937038e-01
 -2.39191875e-01 -2.44652897e-01 -2.49422565e-01 -2.53588676e-01 -2.57220089e-01
 -2.60363162e-01 -2.63038695e-01 -2.65238881e-01 -2.66924232e-01 -2.68020213e-01
 -2.68414319e-01 -2.67955124e-01 -2.66455054e-01 -2.63700098e-01 -2.59469688e-01
 -2.53567010e-01 -2.45856062e-01 -2.36294180e-01 -2.24946171e-01 -2.11969599e-01
 -1.97574347e-01 -1.81972846e-01 -1.65341735e-01 -1.47786632e-01 -1.29318431e-01
 -1.09861821e-01 -8.92991424e-02 -6.75567314e-02 -4.47447933e-02 -2.13564765e-02
  1.50461739e-03  2.37537231e-02  4.53714319e-02  6.63218945e-02  8.65551680e-02
  1.06008857e-01  1.24609977e-01  1.42277882e-01  1.58928484e-01  1.74479946e-01
  8.91694278e-02  8.30436870e-02  7.19819143e-02  5.93028739e-02  4.63683978e-02
  3.29594910e-02  1.90086924e-02  4.49926173e-03 -1.05780782e-02 -2.62649823e-02
 -4.26857136e-02 -5.97598366e-02 -7.72734657e-02 -9.49396417e-02 -1.12446152e-01
 -1.29489660e-01 -1.45798028e-01 -1.61144301e-01 -1.75355941e-01 -1.88320994e-01
 -1.99991643e-01 -2.10383028e-01 -2.19558463e-01 -2.27612138e-01 -2.34655678e-01
 -2.40807086e-01 -2.46181861e-01 -2.50885814e-01 -2.55009621e-01 -2.58624703e-01
 -2.61779994e-01 -2.64499098e-01 -2.66777307e-01 -2.68578559e-01 -2.69831747e-01
 -2.70427257e-01 -2.70214856e-01 -2.69004703e-01 -2.66575366e-01 -2.62691736e-01
 -2.57135212e-01 -2.49743327e-01 -2.40448013e-01 -2.29297221e-01 -2.16445953e-01
 -2.02116325e-01 -1.86542794e-01 -1.69926599e-01 -1.52401403e-01 -1.34003848e-01
 -1.14675470e-01 -9.43009034e-02 -7.27866367e-02 -5.01911938e-02 -2.69142967e-02
 -3.92316468e-03  1.83523111e-02  3.99184972e-02  6.07541539e-02  8.08212608e-02
  1.00070409e-01  1.18444383e-01  1.35881558e-01  1.52319625e-01  1.67699814e-01
  8.71289074e-02  8.02028477e-02  7.06611201e-02  5.91085106e-02  4.63654362e-02
  3.28635350e-02  1.87522657e-02  4.07242728e-03 -1.11717619e-02 -2.70287339e-02
 -4.36140336e-02 -6.08389936e-02 -7.84828737e-02 -9.62538198e-02 -1.13836698e-01
 -1.30926952e-01 -1.47252649e-01 -1.62588403e-01 -1.76764533e-01 -1.89673424e-01
 -2.01272994e-01 -2.11584583e-01 -2.20676705e-01 -2.28647932e-01 -2.35613540e-01
 -2.41694450e-01 -2.47008458e-01 -2.51663059e-01 -2.55750299e-01 -2.59342611e-01
 -2.62489945e-01 -2.65216857e-01 -2.67519891e-01 -2.69364268e-01 -2.70680189e-01
 -2.71359235e-01 -2.71251500e-01 -2.70166159e-01 -2.67878383e-01 -2.64146298e-01
 -2.58741200e-01 -2.51487851e-01 -2.42305785e-01 -2.31234252e-01 -2.18426272e-01
 -2.04109266e-01 -1.88527986e-01 -1.71895057e-01 -1.54356703e-01 -1.35960907e-01
 -1.16656683e-01 -9.63293016e-02 -7.48757049e-02 -5.23291416e-02 -2.90406365e-02
 -5.89720532e-03  1.63427144e-02  3.78943980e-02  5.87121211e-02  7.87504390e-02
  9.79599059e-02  1.16286859e-01  1.33675188e-01  1.50069222e-01  1.65417179e-01
  9.33007076e-02  8.78618211e-02  7.50789046e-02  6.10549301e-02  4.74007688e-02
  3.34791280e-02  1.91177968e-02  4.25871462e-03 -1.11280074e-02 -2.71041635e-02
 -4.37923931e-02 -6.11057878e-02 -7.88234323e-02 -9.66529101e-02 -1.14278786e-01
 -1.31396666e-01 -1.47735238e-01 -1.63070232e-01 -1.77233607e-01 -1.90119848e-01
 -2.01689437e-01 -2.11966366e-01 -2.21021250e-01 -2.28954464e-01 -2.35882595e-01
 -2.41927549e-01 -2.47207657e-01 -2.51830667e-01 -2.55888551e-01 -2.59453446e-01
 -2.62574732e-01 -2.65276343e-01 -2.67553896e-01 -2.69371659e-01 -2.70658702e-01
 -2.71305442e-01 -2.71160752e-01 -2.70032763e-01 -2.67696023e-01 -2.63908744e-01
 -2.58443356e-01 -2.51126796e-01 -2.41881475e-01 -2.30749413e-01 -2.17885226e-01
 -2.03516170e-01 -1.87885165e-01 -1.71202108e-01 -1.53609410e-01 -1.35150865e-01
 -1.15772083e-01 -9.53574479e-02 -7.38082081e-02 -5.11716902e-02 -2.78300606e-02
 -4.72854171e-03  1.76503081e-02  3.93118672e-02  6.02348149e-02  8.03814977e-02
  9.97030735e-02  1.18143000e-01  1.35640353e-01  1.52133510e-01  1.67564347e-01
  9.13076401e-02  8.48038718e-02  7.45225847e-02  6.19227625e-02  4.84110527e-02
  3.43844332e-02  1.98971722e-02  4.93409857e-03 -1.05310688e-02 -2.65546739e-02
 -4.32719626e-02 -6.06036708e-02 -7.83334970e-02 -9.61718261e-02 -1.13804966e-01
 -1.30929694e-01 -1.47275537e-01 -1.62618726e-01 -1.76791385e-01 -1.89687803e-01
 -2.01267734e-01 -2.11554125e-01 -2.20616788e-01 -2.28555158e-01 -2.35484943e-01
 -2.41527036e-01 -2.46798649e-01 -2.51406342e-01 -2.55440563e-01 -2.58971810e-01
 -2.62047470e-01 -2.64688998e-01 -2.66889215e-01 -2.68609047e-01 -2.69774050e-01
 -2.70271152e-01 -2.69946575e-01 -2.68607587e-01 -2.66031116e-01 -2.61982620e-01
 -2.56247133e-01 -2.48668641e-01 -2.39187449e-01 -2.27859095e-01 -2.14842677e-01
 -2.00359359e-01 -1.84638038e-01 -1.67871878e-01 -1.50183246e-01 -1.31596237e-01
 -1.12042136e-01 -9.14015919e-02 -6.95892125e-02 -4.66918834e-02 -2.31675301e-02
 -7.68497921e-05  2.23821327e-02  4.41905446e-02  6.53139353e-02  8.57039690e-02
  1.05299838e-01  1.24030128e-01  1.41815707e-01  1.58573925e-01  1.74224347e-01
  9.45214853e-02  8.88049304e-02  7.70940855e-02  6.34130239e-02  4.96121384e-02
  3.54964510e-02  2.09723227e-02  5.99590316e-03 -9.46424436e-03 -2.54487153e-02
 -4.21101078e-02 -5.93812428e-02 -7.70541653e-02 -9.48447883e-02 -1.12442903e-01
 -1.29547298e-01 -1.45888433e-01 -1.61242500e-01 -1.75440416e-01 -1.88373983e-01
 -1.99999034e-01 -2.10333973e-01 -2.19444603e-01 -2.27426857e-01 -2.34393135e-01
 -2.40461290e-01 -2.45745689e-01 -2.50349998e-01 -2.54361808e-01 -2.57848442e-01
 -2.60853648e-01 -2.63394713e-01 -2.65459657e-01 -2.67004043e-01 -2.67947882e-01
 -2.68173069e-01 -2.67522812e-01 -2.65805244e-01 -2.62804568e-01 -2.58302003e-01
 -2.52107233e-01 -2.44094938e-01 -2.34235108e-01 -2.22603142e-01 -2.09361404e-01
 -1.94716945e-01 -1.78873137e-01 -1.61993563e-01 -1.44165680e-01 -1.25381589e-01
 -1.05552085e-01 -8.45572799e-02 -6.23420328e-02 -3.90663370e-02 -1.53083643e-02
  7.73503259e-03  3.03035863e-02  5.23437038e-02  7.38015845e-02  9.46131498e-02
  1.14699058e-01  1.33962855e-01  1.52291954e-01  1.69562206e-01  1.85646340e-01
  9.37092751e-02  8.75323266e-02  7.70638511e-02  6.42670617e-02  5.07206134e-02
  3.67148966e-02  2.22736429e-02  7.38076260e-03 -7.98728317e-03 -2.38424186e-02
 -4.03584354e-02 -5.74842989e-02 -7.50240609e-02 -9.27020088e-02 -1.10213317e-01
 -1.27259880e-01 -1.43573433e-01 -1.58929780e-01 -1.73157632e-01 -1.86144441e-01
 -1.97839350e-01 -2.08252579e-01 -2.17442840e-01 -2.25499719e-01 -2.32529864e-01
 -2.38645881e-01 -2.43957236e-01 -2.48562977e-01 -2.52546072e-01 -2.55968958e-01
 -2.58870155e-01 -2.61261016e-01 -2.63123006e-01 -2.64404774e-01 -2.65019774e-01
 -2.64844924e-01 -2.63722181e-01 -2.61464953e-01 -2.57872164e-01 -2.52751201e-01
 -2.45948136e-01 -2.37378463e-01 -2.27047443e-01 -2.15049505e-01 -2.01543480e-01
 -1.86712429e-01 -1.70725465e-01 -1.53704002e-01 -1.35689378e-01 -1.16636053e-01
 -9.64375734e-02 -7.49918073e-02 -5.23168594e-02 -2.87296623e-02 -5.07963682e-03
  1.81500223e-02  4.09844965e-02  6.34119734e-02  8.53953138e-02  1.06872752e-01
  1.27753913e-01  1.47914648e-01  1.67193457e-01  1.85393915e-01  2.02297270e-01
  9.50119272e-02  8.91623050e-02  7.83972368e-02  6.54150844e-02  5.19413725e-02
  3.80758271e-02  2.37905551e-02  9.06164292e-03 -6.13449421e-03 -2.17775367e-02
 -3.80617939e-02 -5.49558848e-02 -7.22801760e-02 -8.97710696e-02 -1.07131854e-01
 -1.24069229e-01 -1.40317112e-01 -1.55651107e-01 -1.69897228e-01 -1.82937264e-01
 -1.94711596e-01 -2.05219001e-01 -2.14507669e-01 -2.22657919e-01 -2.29768038e-01
 -2.35942915e-01 -2.41284862e-01 -2.45886236e-01 -2.49823406e-01 -2.53152162e-01
 -2.55903989e-01 -2.58082867e-01 -2.59662539e-01 -2.60584265e-01 -2.60755599e-01
 -2.60050863e-01 -2.58315623e-01 -2.55376041e-01 -2.51055777e-01 -2.45198965e-01
 -2.37696767e-01 -2.28509322e-01 -2.17674330e-01 -2.05296770e-01 -1.91521257e-01
 -1.76498577e-01 -1.60355732e-01 -1.43161029e-01 -1.24904342e-01 -1.05504312e-01
 -8.48486498e-02 -6.28766045e-02 -3.97145003e-02 -1.58647820e-02  7.59855239e-03
  3.08935493e-02  5.40037900e-02  7.69163743e-02  9.96077135e-02  1.22032240e-01
  1.44108698e-01  1.65701583e-01  1.86597824e-01  2.06486374e-01  2.24962756e-01
  9.54650864e-02  8.97607952e-02  7.91686848e-02  6.64245039e-02  5.32051139e-02
  3.95747535e-02  2.55166348e-02  1.10252798e-02 -3.90674639e-03 -1.92903392e-02
 -3.52692381e-02 -5.18457033e-02 -6.88655153e-02 -8.60833898e-02 -1.03214890e-01
 -1.19974174e-01 -1.36098877e-01 -1.51365131e-01 -1.65596306e-01 -1.78668052e-01
 -1.90510690e-01 -2.01109007e-01 -2.10497051e-01 -2.18742773e-01 -2.25933194e-01
 -2.32162878e-01 -2.37524554e-01 -2.42101550e-01 -2.45961562e-01 -2.49151915e-01
 -2.51695633e-01 -2.53588349e-01 -2.54796147e-01 -2.55254149e-01 -2.54867047e-01
 -2.53512055e-01 -2.51046091e-01 -2.47317970e-01 -2.42186055e-01 -2.35539049e-01
 -2.27315500e-01 -2.17515379e-01 -2.06198081e-01 -1.93466112e-01 -1.79440185e-01
 -1.64234057e-01 -1.47922724e-01 -1.30517319e-01 -1.11960925e-01 -9.21516940e-02
 -7.10026994e-02 -4.85512614e-02 -2.51305215e-02 -1.59578572e-03  2.18339898e-02
  4.52297442e-02  6.86361790e-02  9.20881629e-02  1.15613475e-01  1.39228016e-01
  1.62923113e-01  1.86639190e-01  2.10209742e-01  2.33244196e-01  2.54950643e-01
  9.44243148e-02  8.83862525e-02  7.90730640e-02  6.74333200e-02  5.46493605e-02
  4.12588753e-02  2.74266209e-02  1.31933158e-02 -1.43972971e-03 -1.64860059e-02
 -3.20694223e-02 -4.82289605e-02 -6.48408383e-02 -8.16830397e-02 -9.84873772e-02
 -1.14978328e-01 -1.30899027e-01 -1.46027222e-01 -1.60184175e-01 -1.73239395e-01
 -1.85112759e-01 -1.95773974e-01 -2.05239311e-01 -2.13560879e-01 -2.20811486e-01
 -2.27072597e-01 -2.32424825e-01 -2.36940160e-01 -2.40675732e-01 -2.43668914e-01
 -2.45933548e-01 -2.47457281e-01 -2.48200193e-01 -2.48094857e-01 -2.47048840e-01
 -2.44950116e-01 -2.41676405e-01 -2.37108484e-01 -2.31146008e-01 -2.23723307e-01
 -2.14820266e-01 -2.04464331e-01 -1.92721874e-01 -1.79681748e-01 -1.65436178e-01
 -1.50053039e-01 -1.33551508e-01 -1.15891904e-01 -9.69867781e-02 -7.67409876e-02
 -5.51312156e-02 -3.23355980e-02 -8.91092326e-03  1.40310256e-02  3.71604599e-02
  6.04847111e-02  8.40496123e-02  1.07926078e-01  1.32206351e-01  1.57004461e-01
  1.82458952e-01  2.08739251e-01  2.36063644e-01  2.64749706e-01  2.94945657e-01
  1.03693746e-01  1.00191548e-01  8.48560184e-02  7.00419918e-02  5.65374568e-02
  4.30715643e-02  2.93975957e-02  1.54392030e-02  1.15802838e-03 -1.34760430e-02
 -2.85671763e-02 -4.41989824e-02 -6.02844507e-02 -7.66302198e-02 -9.29887295e-02
 -1.09097846e-01 -1.24708302e-01 -1.39600679e-01 -1.53594881e-01 -1.66554853e-01
 -1.78390309e-01 -1.89055949e-01 -1.98548466e-01 -2.06900194e-01 -2.14166522e-01
 -2.20413134e-01 -2.25706145e-01 -2.30104312e-01 -2.33652830e-01 -2.36378536e-01
 -2.38286674e-01 -2.39358842e-01 -2.39552855e-01 -2.38804430e-01 -2.37031415e-01
 -2.34141007e-01 -2.30039641e-01 -2.24644974e-01 -2.17897788e-01 -2.09771052e-01
 -2.00273201e-01 -1.89444169e-01 -1.77345902e-01 -1.64047822e-01 -1.49604231e-01
 -1.34033754e-01 -1.17308542e-01 -9.93595198e-02 -8.01050588e-02 -5.95124550e-02
 -3.77029181e-02 -1.51041504e-02  7.37386523e-03  2.99693905e-02  5.27714342e-02
  7.58622438e-02  9.93377045e-02  1.23318769e-01  1.47961840e-01  1.73471570e-01
  2.00119123e-01  2.28269175e-01  2.58413702e-01  2.91119903e-01  3.25807124e-01
  9.67454165e-02  9.13657621e-02  8.21072757e-02  7.03128427e-02  5.75560704e-02
  4.44467068e-02  3.11097279e-02  1.75426304e-02  3.71606927e-03 -1.04040252e-02
 -2.48890165e-02 -3.98677588e-02 -5.52930124e-02 -7.10041076e-02 -8.67779851e-02
 -1.02369122e-01 -1.17538005e-01 -1.32069394e-01 -1.45782739e-01 -1.58537120e-01
 -1.70232818e-01 -1.80810437e-01 -1.90247864e-01 -1.98555112e-01 -2.05766603e-01
 -2.11929604e-01 -2.17093870e-01 -2.21303731e-01 -2.24592045e-01 -2.26975918e-01
 -2.28453979e-01 -2.29005381e-01 -2.28590846e-01 -2.27155551e-01 -2.24634588e-01
 -2.20960155e-01 -2.16070428e-01 -2.09918171e-01 -2.02477857e-01 -1.93748906e-01
 -1.83754534e-01 -1.72537014e-01 -1.60145238e-01 -1.46617904e-01 -1.31968096e-01
 -1.16174437e-01 -9.91843045e-02 -8.09358284e-02 -6.14064187e-02 -4.06972431e-02
 -1.91580784e-02  2.46263086e-03  2.42119059e-02  4.61452492e-02  6.83331341e-02
  9.08611417e-02  1.13836125e-01  1.37395144e-01  1.61717162e-01  1.87038958e-01
  2.13676676e-01  2.42054030e-01  2.72735059e-01  3.06476504e-01  3.44543248e-01
  1.01369359e-01  9.81155932e-02  8.50332230e-02  7.10263178e-02  5.80732077e-02
  4.52510267e-02  3.23548019e-02  1.93097871e-02  6.06800616e-03 -7.41293328e-03
 -2.11655237e-02 -3.53564844e-02 -4.99774963e-02 -6.49028793e-02 -7.99375251e-02
 -9.48556960e-02 -1.09430090e-01 -1.23451255e-01 -1.36739090e-01 -1.49148613e-01
 -1.60571620e-01 -1.70935899e-01 -1.80202261e-01 -1.88359991e-01 -1.95420563e-01
 -2.01410204e-01 -2.06360817e-01 -2.10301951e-01 -2.13254869e-01 -2.15228841e-01
 -2.16218993e-01 -2.16206297e-01 -2.15159237e-01 -2.13037401e-01 -2.09796593e-01
 -2.05394998e-01 -1.99799404e-01 -1.92990333e-01 -1.84965178e-01 -1.75738975e-01
 -1.65339768e-01 -1.53799295e-01 -1.41141623e-01 -1.27372488e-01 -1.12473562e-01
 -9.64061618e-02 -7.91300014e-02 -6.06434457e-02 -4.10522670e-02 -2.06707865e-02
 -1.44039339e-04  2.05168743e-02  4.13399860e-02  6.23646677e-02  8.36435109e-02
  1.05244905e-01  1.27257228e-01  1.49795055e-01  1.73007697e-01  1.97091624e-01
  2.22309038e-01  2.49019906e-01  2.77753711e-01  3.09505463e-01  3.48800302e-01
  9.42751244e-02  8.93866345e-02  8.05403739e-02  6.92981035e-02  5.73268272e-02
  4.51747626e-02  3.29313017e-02  2.05786135e-02  8.07903707e-03 -4.60606348e-03
 -1.75126083e-02 -3.07858326e-02 -4.44585755e-02 -5.84430285e-02 -7.25755766e-02
 -8.66538957e-02 -1.00465827e-01 -1.13809764e-01 -1.26507461e-01 -1.38410747e-01
 -1.49403930e-01 -1.59403369e-01 -1.68354824e-01 -1.76229507e-01 -1.83018744e-01
 -1.88727990e-01 -1.93370312e-01 -1.96960330e-01 -1.99508965e-01 -2.01019853e-01
 -2.01487646e-01 -2.00898305e-01 -1.99230954e-01 -1.96461022e-01 -1.92564249e-01
 -1.87521026e-01 -1.81320414e-01 -1.73962414e-01 -1.65457487e-01 -1.55823141e-01
 -1.45077884e-01 -1.33233786e-01 -1.20289989e-01 -1.06230088e-01 -9.10275802e-02
 -7.46638477e-02 -5.71643636e-02 -3.86579484e-02 -1.94570944e-02 -1.53146597e-04
  1.92977209e-02  3.88975330e-02  5.86552732e-02  7.85881206e-02  9.87226889e-02
  1.19096369e-01  1.39759004e-01  1.60774752e-01  1.82224065e-01  2.04205364e-01
  2.26835743e-01  2.50248522e-01  2.74577469e-01  2.99884886e-01  3.25187266e-01
  9.40549821e-02  9.05369744e-02  7.97118321e-02  6.73080832e-02  5.56265414e-02
  4.41643968e-02  3.27286012e-02  2.12337021e-02  9.62853804e-03 -2.12453888e-03
 -1.40568875e-02 -2.62824576e-02 -3.88673581e-02 -5.17594665e-02 -6.48278818e-02
 -7.78965577e-02 -9.07716900e-02 -1.03262298e-01 -1.15194008e-01 -1.26416966e-01
 -1.36809349e-01 -1.46277577e-01 -1.54754445e-01 -1.62195712e-01 -1.68575868e-01
 -1.73883185e-01 -1.78114757e-01 -1.81271896e-01 -1.83356196e-01 -1.84366912e-01
 -1.84299543e-01 -1.83146104e-01 -1.80896297e-01 -1.77539825e-01 -1.73068777e-01
 -1.67479798e-01 -1.60775185e-01 -1.52962312e-01 -1.44051388e-01 -1.34051546e-01
 -1.22966625e-01 -1.10791914e-01 -9.75145474e-02 -8.31204802e-02 -6.76122308e-02
 -5.10420799e-02 -3.35663892e-02 -1.55270919e-02  2.49452819e-03  2.07004808e-02
  3.90656516e-02  5.75704910e-02  7.62007907e-02  9.49475914e-02  1.13807023e-01
  1.32780001e-01  1.51871428e-01  1.71088338e-01  1.90436170e-01  2.09911570e-01
  2.29489118e-01  2.49096408e-01  2.68566698e-01  2.87535220e-01  3.05183649e-01
  8.52675140e-02  8.06817636e-02  7.25334138e-02  6.25933558e-02  5.23540936e-02
  4.20584008e-02  3.16950940e-02  2.12385841e-02  1.06680961e-02 -3.43544343e-05
 -1.08858524e-02 -2.19556205e-02 -3.33338082e-02 -4.49998900e-02 -5.68555407e-02
 -6.87533766e-02 -8.05215314e-02 -9.19833481e-02 -1.02971531e-01 -1.13337167e-01
 -1.22954428e-01 -1.31721944e-01 -1.39561802e-01 -1.46417171e-01 -1.52248815e-01
 -1.57031387e-01 -1.60749510e-01 -1.63394243e-01 -1.64960250e-01 -1.65443674e-01
 -1.64841071e-01 -1.63149223e-01 -1.60365537e-01 -1.56488895e-01 -1.51520327e-01
 -1.45463124e-01 -1.38322234e-01 -1.30102664e-01 -1.20807499e-01 -1.10436127e-01
 -9.89840776e-02 -8.64462629e-02 -7.28258342e-02 -5.81515580e-02 -4.25065942e-02
 -2.60670893e-02 -9.14061069e-03  7.60239130e-03  2.46004146e-02  4.17955630e-02
  5.91416843e-02  7.65985772e-02  9.41294059e-02  1.11699499e-01  1.29275456e-01
  1.46824166e-01  1.64311215e-01  1.81697965e-01  1.98936805e-01  2.15963289e-01
  2.32684255e-01  2.48960301e-01  2.64583081e-01  2.79253691e-01  2.92586565e-01
  7.65554756e-02  7.15245903e-02  6.47934154e-02  5.68114817e-02  4.81783971e-02
  3.92041281e-02  3.00215948e-02  2.06878707e-02  1.12265795e-02  1.64540706e-03
 -8.05654190e-03 -1.78990476e-02 -2.79858988e-02 -3.83228883e-02 -4.88430113e-02
 -5.94292842e-02 -6.99354485e-02 -8.02035928e-02 -9.00779590e-02 -9.94145647e-02
 -1.08087011e-01 -1.15989149e-01 -1.23035304e-01 -1.29158944e-01 -1.34310290e-01
 -1.38453439e-01 -1.41563490e-01 -1.43623725e-01 -1.44623339e-01 -1.44555658e-01
 -1.43416896e-01 -1.41205460e-01 -1.37921497e-01 -1.33566514e-01 -1.28142819e-01
 -1.21652752e-01 -1.14097700e-01 -1.05477273e-01 -9.57895368e-02 -8.50334316e-02
 -7.32152089e-02 -6.03608377e-02 -4.65348102e-02 -3.18677388e-02 -1.66034009e-02
 -1.15600822e-03  1.46083161e-02  3.05868220e-02  4.67671044e-02  6.31134585e-02
  7.95797035e-02  9.61142182e-02  1.12661943e-01  1.29165277e-01  1.45564467e-01
  1.61797553e-01  1.77799925e-01  1.93502918e-01  2.08831325e-01  2.23699510e-01
  2.38005966e-01  2.51627475e-01  2.64414787e-01  2.76193619e-01  2.86775976e-01
  7.15329796e-02  6.71696663e-02  5.98982349e-02  5.19856513e-02  4.41248864e-02
  3.61197554e-02  2.79721208e-02  1.97080653e-02  1.13486871e-02  2.90692691e-03
 -5.61066158e-03 -1.42018078e-02 -2.29545590e-02 -3.18980813e-02 -4.09951806e-02
 -5.01600653e-02 -5.92749752e-02 -6.82051405e-02 -7.68113434e-02 -8.49595517e-02
 -9.25274566e-02 -9.94082540e-02 -1.05512127e-01 -1.10766113e-01 -1.15112767e-01
 -1.18508264e-01 -1.20920166e-01 -1.22325242e-01 -1.22707471e-01 -1.22056343e-01
 -1.20365433e-01 -1.17631286e-01 -1.13852367e-01 -1.09028183e-01 -1.03158467e-01
 -9.62426886e-02 -8.82801265e-02 -7.92711377e-02 -6.92207813e-02 -5.81468865e-02
 -4.60936539e-02 -3.31601016e-02 -1.95229035e-02 -5.42849535e-03  8.74130148e-03
  2.33497843e-02  3.83184478e-02  5.35762869e-02  6.90642819e-02  8.47228691e-02
  1.00487709e-01  1.16288409e-01  1.32048428e-01  1.47685662e-01  1.63113594e-01
  1.78242758e-01  1.92982510e-01  2.07242548e-01  2.20933840e-01  2.33968765e-01
  2.46260479e-01  2.57721961e-01  2.68265724e-01  2.77805656e-01  2.86261678e-01
  6.44125789e-02  5.95653318e-02  5.36273792e-02  4.69319075e-02  3.99126299e-02
  3.27638313e-02  2.55483985e-02  1.82904005e-02  1.10022314e-02  3.69159784e-03
 -3.63591290e-03 -1.09752174e-02 -1.83824766e-02 -2.59046722e-02 -3.35301682e-02
 -4.12023626e-02 -4.88324873e-02 -5.63116260e-02 -6.35213852e-02 -7.03427196e-02
 -7.66625851e-02 -8.23784173e-02 -8.74006301e-02 -9.16535556e-02 -9.50751528e-02
 -9.76159722e-02 -9.92376655e-02 -9.99112427e-02 -9.96153504e-02 -9.83346477e-02
 -9.60585028e-02 -9.27798375e-02 -8.84942710e-02 -8.31994042e-02 -7.68948570e-02
 -6.95835501e-02 -6.12745360e-02 -5.19864708e-02 -4.17531431e-02 -3.06388587e-02
 -1.87288150e-02 -6.24179468e-03  6.37392374e-03  1.95627939e-02  3.32003981e-02
  4.72568460e-02  6.16864748e-02  7.64348581e-02  9.14412662e-02  1.06637344e-01
  1.21945165e-01  1.37275904e-01  1.52529329e-01  1.67594627e-01  1.82352677e-01
  1.96680009e-01  2.10454091e-01  2.23559275e-01  2.35892415e-01  2.47367084e-01
  2.57915914e-01  2.67490894e-01  2.76061803e-01  2.83614069e-01  2.90146440e-01
  5.99442422e-02  5.61272986e-02  4.88962457e-02  4.18679751e-02  3.53220291e-02
  2.89134141e-02  2.25809794e-02  1.63056813e-02  1.00785773e-02  3.89527087e-03
 -2.24495935e-03 -8.33920110e-03 -1.44109484e-02 -2.05162708e-02 -2.66615916e-02
 -3.28140594e-02 -3.89110893e-02 -4.48694192e-02 -5.05935661e-02 -5.59832081e-02
 -6.09392487e-02 -6.53683320e-02 -6.91858828e-02 -7.23177865e-02 -7.47010186e-02
 -7.62835070e-02 -7.70233050e-02 -7.68873394e-02 -7.58500248e-02 -7.38919154e-02
 -7.09989369e-02 -6.71624541e-02 -6.23792820e-02 -5.66516034e-02 -4.99877781e-02
 -4.24073189e-02 -3.39534208e-02 -2.46960744e-02 -1.47145297e-02 -4.24063345e-03
  6.89972192e-03  1.86261926e-02  3.08564883e-02  4.35952917e-02  5.68170138e-02
  7.04913363e-02  8.45803171e-02  9.90370438e-02  1.13804080e-01  1.28810927e-01
  1.43971130e-01  1.59179270e-01  1.74308836e-01  1.89211980e-01  2.03722551e-01
  2.17663378e-01  2.30857864e-01  2.43144378e-01  2.54390329e-01  2.64503002e-01
  2.73435086e-01  2.81184554e-01  2.87788779e-01  2.93314248e-01  2.97844082e-01
  5.12506999e-02  4.65610884e-02  4.11905572e-02  3.54585052e-02  2.97525655e-02
  2.42077224e-02  1.88262854e-02  1.35813896e-02  8.44848249e-03  3.41186509e-03
 -1.53531821e-03 -6.39255764e-03 -1.11552756e-02 -1.58773046e-02 -2.05734242e-02
 -2.52265893e-02 -2.97946241e-02 -3.42166908e-02 -3.84194665e-02 -4.23228294e-02
 -4.58447672e-02 -4.89053354e-02 -5.14295660e-02 -5.33494689e-02 -5.46053275e-02
 -5.51466644e-02 -5.49322441e-02 -5.39293177e-02 -5.21122701e-02 -4.94610332e-02
 -4.59606349e-02 -4.16073054e-02 -3.64104211e-02 -3.03917900e-02 -2.35772841e-02
 -1.59954447e-02 -7.75908539e-03  8.94686847e-04  1.02881212e-02  2.03372035e-02
  3.10150869e-02  4.22902703e-02  5.41336015e-02  6.65267855e-02  7.94516504e-02
  9.28875357e-02  1.06808543e-01  1.21180661e-01  1.35958180e-01  1.51079059e-01
  1.66458949e-01  1.81984097e-01  1.97503626e-01  2.12823108e-01  2.27703348e-01
  2.41869777e-01  2.55036891e-01  2.66943783e-01  2.77389407e-01  2.86256045e-01
  2.93519467e-01  2.99247414e-01  3.03585887e-01  3.06732297e-01  3.08899045e-01
  4.39699963e-02  3.99130732e-02  3.37135233e-02  2.78966110e-02  2.29250230e-02
  1.83786992e-02  1.40977632e-02  9.99796577e-03  6.03401894e-03  2.18463386e-03
 -1.55585713e-03 -5.18243108e-03 -8.68208148e-03 -1.20816240e-02 -1.53959524e-02
 -1.86157282e-02 -2.17122100e-02 -2.46417727e-02 -2.73502283e-02 -2.97768824e-02
 -3.18581462e-02 -3.35304812e-02 -3.47325578e-02 -3.54065560e-02 -3.54994871e-02
 -3.49676497e-02 -3.37776169e-02 -3.19060199e-02 -2.93379650e-02 -2.60613021e-02
 -2.20487211e-02 -1.73086170e-02 -1.18839797e-02 -5.86966099e-03  6.56657445e-04
  7.91055337e-03  1.58187822e-02  2.43315380e-02  3.34628634e-02  4.32068184e-02
  5.35560772e-02  6.45031333e-02  7.60421306e-02  8.81700218e-02  1.00885227e-01
  1.14185996e-01  1.28068313e-01  1.42523035e-01  1.57531932e-01  1.73061639e-01
  1.89055026e-01  2.05418184e-01  2.22001895e-01  2.38576263e-01  2.54801959e-01
  2.70216584e-01  2.84278601e-01  2.96487451e-01  3.06494445e-01  3.14129472e-01
  3.19400698e-01  3.22492272e-01  3.23759824e-01  3.23683828e-01  3.22740853e-01
  3.10048498e-02  2.59671882e-02  2.15078108e-02  1.76607426e-02  1.43176578e-02
  1.12712095e-02  8.38397723e-03  5.59443189e-03  2.88319099e-03  2.51861959e-04
 -2.28703697e-03 -4.71461425e-03 -7.00751413e-03 -9.16467980e-03 -1.11921197e-02
 -1.30802523e-02 -1.48068340e-02 -1.63397882e-02 -1.76400319e-02 -1.86642632e-02
 -1.93675943e-02 -1.97057016e-02 -1.96358059e-02 -1.91146452e-02 -1.80885326e-02
 -1.65251140e-02 -1.44074149e-02 -1.17353834e-02 -8.53404496e-03 -4.87303268e-03
 -5.47576579e-04  4.40070964e-03  9.93910432e-03  1.60388835e-02  2.26875078e-02
  2.99040172e-02  3.76874022e-02  4.60344218e-02  5.49490787e-02  6.44371957e-02
  7.45065138e-02  8.51672068e-02  9.64325592e-02  1.08319506e-01  1.20848708e-01
  1.34044394e-01  1.47933736e-01  1.62545711e-01  1.77908897e-01  1.94047406e-01
  2.10973620e-01  2.28675455e-01  2.47093558e-01  2.66078621e-01  2.85299540e-01
  3.04029375e-01  3.20886642e-01  3.34515810e-01  3.44596714e-01  3.50859374e-01
  3.53391856e-01  3.52491021e-01  3.48677903e-01  3.43480140e-01  3.38121653e-01
  1.42938346e-02  7.92828668e-03  5.76525275e-03  5.25916368e-03  4.51571215e-03
  3.41965957e-03  2.10798020e-03  6.84597122e-04 -7.79087946e-04 -2.22951756e-03
 -3.62281036e-03 -4.92059672e-03 -6.08747127e-03 -7.10196467e-03 -7.95628503e-03
 -8.63568671e-03 -9.11967736e-03 -9.38334595e-03 -9.39897634e-03 -9.13804956e-03
 -8.57382920e-03 -7.68504478e-03 -6.46198727e-03 -4.91832290e-03 -2.89574685e-03
 -4.03508864e-04  2.55550118e-03  5.97796822e-03  9.85899568e-03  1.41976066e-02
  1.90169606e-02  2.43196990e-02  3.01012043e-02  3.63563895e-02  4.30846661e-02
  5.02918512e-02  5.79854809e-02  6.61754385e-02  7.48752877e-02  8.41022879e-02
  9.38776135e-02  1.04226843e-01  1.15180597e-01  1.26775488e-01  1.39055163e-01
  1.52071625e-01  1.65886909e-01  1.80574939e-01  1.96223736e-01  2.12937459e-01
  2.30837703e-01  2.50063092e-01  2.70766199e-01  2.93110371e-01  3.17305297e-01
  3.44061047e-01  3.74693424e-01  3.83378923e-01  3.97782683e-01  4.00592148e-01
  3.98085207e-01  3.96898508e-01  3.76610667e-01  3.62557024e-01  3.51780087e-01
  6.91830428e-05 -7.79631548e-03 -7.28631066e-03 -5.11280214e-03 -4.15821420e-03
 -3.86741594e-03 -3.94929294e-03 -4.24162624e-03 -4.63505602e-03 -5.04873274e-03
 -5.42014046e-03 -5.69976307e-03 -5.84815117e-03 -5.83489193e-03 -5.63636981e-03
 -5.23167849e-03 -4.60076006e-03 -3.72379343e-03 -2.58133584e-03 -1.15490332e-03
  5.72272111e-04  2.61467765e-03  4.98491293e-03  7.69697316e-03  1.07775619e-02
  1.42363068e-02  1.80747379e-02  2.22902354e-02  2.68786401e-02  3.18368189e-02
  3.71646322e-02  4.28611822e-02  4.89256717e-02  5.53592704e-02  6.21668585e-02
  6.93579465e-02  7.69465268e-02  8.49511549e-02  9.33951288e-02  1.02306589e-01
  1.11718774e-01  1.21670470e-01  1.32206827e-01  1.43380612e-01  1.55254081e-01
  1.67901635e-01  1.81413546e-01  1.95901275e-01  2.11504817e-01  2.28402823e-01
  2.46826425e-01  2.67076641e-01  2.89543360e-01  3.14727962e-01  3.43336999e-01
  3.75823945e-01  3.98031771e-01  4.13331002e-01  4.25123006e-01  4.23972845e-01
  4.23169583e-01  4.07051742e-01  3.87828648e-01  3.71592373e-01  3.58511627e-01
 -3.61178396e-03 -1.04322843e-02 -1.24508776e-02 -1.18502984e-02 -1.08153103e-02
 -9.96632781e-03 -9.34773125e-03 -8.88321083e-03 -8.48408043e-03 -8.07268824e-03
 -7.58585846e-03 -6.97349012e-03 -6.19619898e-03 -5.22304466e-03 -4.02934942e-03
 -2.59470521e-03 -9.01628169e-04  1.06513500e-03  3.31879943e-03  5.87042700e-03
  8.72870348e-03  1.18998159e-02  1.53876208e-02  1.91941578e-02  2.33199075e-02
  2.77607236e-02  3.25081982e-02  3.75510044e-02  4.28765528e-02  4.84727323e-02
  5.43293506e-02  6.04389608e-02  6.67979494e-02  7.34077394e-02  8.02757517e-02
  8.74159411e-02  9.48488638e-02  1.02601439e-01  1.10706598e-01  1.19202919e-01
  1.28134415e-01  1.37550622e-01  1.47507176e-01  1.58067018e-01  1.69302344e-01
  1.81297660e-01  1.94154307e-01  2.07997113e-01  2.22984329e-01  2.39322722e-01
  2.57291466e-01  2.77281582e-01  2.99863696e-01  3.25887650e-01  3.56116205e-01
  3.84321600e-01  4.02684361e-01  4.18388903e-01  4.23961103e-01  4.24851894e-01
  4.17536438e-01  4.00351852e-01  3.83202821e-01  3.68666172e-01  3.56476337e-01
 -1.43508855e-02 -2.35008951e-02 -2.12375391e-02 -1.79361273e-02 -1.62551496e-02
 -1.51010919e-02 -1.41583849e-02 -1.32792844e-02 -1.23659680e-02 -1.13463225e-02
 -1.01665985e-02 -8.78684036e-03 -7.17707491e-03 -5.31427749e-03 -3.18015600e-03
 -7.59729941e-04  1.95938977e-03  4.98716859e-03  8.33095517e-03  1.19951013e-02
  1.59805510e-02  2.02844851e-02  2.49001216e-02  2.98165902e-02  3.50188464e-02
  4.04874720e-02  4.61991690e-02  5.21278568e-02  5.82463592e-02  6.45284131e-02
  7.09509104e-02  7.74960592e-02  8.41533914e-02  9.09214094e-02  9.78085622e-02
  1.04833521e-01  1.12024672e-01  1.19419068e-01  1.27061039e-01  1.35000721e-01
  1.43292949e-01  1.51996389e-01  1.61173448e-01  1.70890793e-01  1.81220621e-01
  1.92242876e-01  2.04048470e-01  2.16743901e-01  2.30457783e-01  2.45350435e-01
  2.61628211e-01  2.79566497e-01  2.99545139e-01  3.22061598e-01  3.46984982e-01
  3.68416399e-01  3.83068353e-01  3.95334721e-01  3.99211496e-01  3.99842888e-01
  3.92656565e-01  3.79851013e-01  3.67808193e-01  3.57016861e-01  3.47402394e-01
 -1.05085066e-02 -1.78675354e-02 -2.07451824e-02 -2.08931975e-02 -2.02717595e-02
 -1.95301287e-02 -1.87156722e-02 -1.77519377e-02 -1.65667068e-02 -1.51125612e-02
 -1.33624095e-02 -1.13014588e-02 -8.92083440e-03 -6.21363521e-03 -3.17305303e-03
  2.07996098e-04  3.93629493e-03  8.01724568e-03  1.24536343e-02  1.72444656e-02
  2.23839898e-02  2.78609768e-02  3.36582027e-02  3.97521108e-02  4.61126380e-02
  5.27033284e-02  5.94818927e-02  6.64015636e-02  7.34132677e-02  8.04686770e-02
  8.75240341e-02  9.45441350e-02  1.01506181e-01  1.08402610e-01  1.15242645e-01
  1.22052141e-01  1.28871873e-01  1.35754690e-01  1.42761976e-01  1.49960190e-01
  1.57417893e-01  1.65203705e-01  1.73385039e-01  1.82027891e-01  1.91197127e-01
  2.00957313e-01  2.11373761e-01  2.22513273e-01  2.34444350e-01  2.47235432e-01
  2.60949135e-01  2.75626868e-01  2.91252941e-01  3.07674557e-01  3.24195683e-01
  3.38643998e-01  3.50105643e-01  3.58208984e-01  3.62604350e-01  3.63131136e-01
  3.59790474e-01  3.54071707e-01  3.47533911e-01  3.40781033e-01  3.34160388e-01
 -1.96677726e-02 -3.00697368e-02 -2.66612731e-02 -2.43437868e-02 -2.41054241e-02
 -2.40788292e-02 -2.37544160e-02 -2.29533203e-02 -2.16319375e-02 -1.98045522e-02
 -1.75047256e-02 -1.47663131e-02 -1.16149951e-02 -8.06571450e-03 -4.12357692e-03
  2.13357722e-04  4.95052524e-03  1.00933183e-02  1.56440306e-02  2.15995088e-02
  2.79495623e-02  3.46759818e-02  4.17519547e-02  4.91416007e-02  5.67994304e-02
  6.46698251e-02  7.26869330e-02  8.07755068e-02  8.88535455e-02  9.68370512e-02
  1.04646906e-01  1.12217002e-01  1.19502097e-01  1.26483887e-01  1.33173898e-01
  1.39612556e-01  1.45864785e-01  1.52012914e-01  1.58148661e-01  1.64365619e-01
  1.70753598e-01  1.77394897e-01  1.84362650e-01  1.91720322e-01  1.99522123e-01
  2.07813203e-01  2.16629550e-01  2.25996673e-01  2.35926300e-01  2.46409729e-01
  2.57405996e-01  2.68821329e-01  2.80475587e-01  2.92054713e-01  3.03074151e-01
  3.12943697e-01  3.21137846e-01  3.27292562e-01  3.31212789e-01  3.32884461e-01
  3.32511455e-01  3.30515474e-01  3.27401638e-01  3.23605388e-01  3.19448709e-01
 -6.14744145e-03 -1.45891728e-02 -2.06658095e-02 -2.49785073e-02 -2.81173605e-02
 -3.00213993e-02 -3.05911303e-02 -2.99659502e-02 -2.83660684e-02 -2.59846002e-02
 -2.29712781e-02 -1.94321871e-02 -1.54324062e-02 -1.10023450e-02 -6.14679605e-03
 -8.54873681e-04  4.89080185e-03  1.11065954e-02  1.78023297e-02  2.49777567e-02
  3.26208621e-02  4.07076478e-02  4.92026545e-02  5.80591336e-02  6.72180280e-02
  7.66054466e-02  8.61294121e-02  9.56774428e-02  1.05117485e-01  1.14304572e-01
  1.23094112e-01  1.31359920e-01  1.39012665e-01  1.46013930e-01  1.52382657e-01
  1.58192620e-01  1.63561061e-01  1.68631211e-01  1.73553109e-01  1.78468049e-01
  1.83498889e-01  1.88746348e-01  1.94289088e-01  2.00185776e-01  2.06477419e-01
  2.13189140e-01  2.20330805e-01  2.27896184e-01  2.35860243e-01  2.44174287e-01
  2.52758741e-01  2.61493772e-01  2.70209938e-01  2.78683305e-01  2.86644012e-01
  2.93804705e-01  2.99902141e-01  3.04735571e-01  3.08191985e-01  3.10258746e-01
  3.11023831e-01  3.10658216e-01  3.09380174e-01  3.07414651e-01  3.04964513e-01
 -1.14611594e-03 -1.06284237e-02 -1.98880192e-02 -2.88972799e-02 -3.70134637e-02
 -4.12978567e-02 -4.16607000e-02 -4.02543694e-02 -3.76203619e-02 -3.40992324e-02
 -2.99593806e-02 -2.53662448e-02 -2.03961227e-02 -1.50571745e-02 -9.31459386e-03
 -3.11407959e-03  3.60063859e-03  1.08759813e-02  1.87409613e-02  2.72029880e-02
  3.62471528e-02  4.58396040e-02  5.59336096e-02  6.64743036e-02  7.73982629e-02
  8.86264518e-02  1.00051694e-01  1.11523673e-01  1.22837715e-01  1.33737907e-01
  1.43944204e-01  1.53200045e-01  1.61320910e-01  1.68227017e-01  1.73957229e-01
  1.78664729e-01  1.82590187e-01  1.86013415e-01  1.89201325e-01  1.92374602e-01
  1.95698053e-01  1.99285880e-01  2.03211933e-01  2.07519516e-01  2.12228701e-01
  2.17341155e-01  2.22842604e-01  2.28703409e-01  2.34877765e-01  2.41301641e-01
  2.47890294e-01  2.54535943e-01  2.61107206e-01  2.67451763e-01  2.73404479e-01
  2.78800488e-01  2.83491701e-01  2.87362784e-01  2.90343434e-01  2.92414725e-01
  2.93608397e-01  2.93998957e-01  2.93690532e-01  2.92801470e-01  2.91450769e-01
  2.13040691e-03 -8.71983077e-03 -2.06594206e-02 -3.42819206e-02 -4.98091429e-02
 -5.75980172e-02 -5.80016375e-02 -5.47972880e-02 -4.95618768e-02 -4.39147726e-02
 -3.80530395e-02 -3.21423411e-02 -2.61924397e-02 -2.00811923e-02 -1.36434771e-02
 -6.72155805e-03  8.18604953e-04  9.07753967e-03  1.81166530e-02  2.79539488e-02
  3.85567509e-02  4.98519726e-02  6.17583990e-02  7.42131248e-02  8.71746615e-02
  1.00606091e-01  1.14443950e-01  1.28551781e-01  1.42656490e-01  1.56291619e-01
  1.68835863e-01  1.79705873e-01  1.88517705e-01  1.95109710e-01  1.99555606e-01
  2.02180430e-01  2.03554720e-01  2.04319596e-01  2.04976693e-01  2.05838397e-01
  2.07074985e-01  2.08768710e-01  2.10950360e-01  2.13620499e-01  2.16761068e-01
  2.20341355e-01  2.24320576e-01  2.28648707e-01  2.33266100e-01  2.38102838e-01
  2.43078083e-01  2.48099968e-01  2.53066838e-01  2.57870197e-01  2.62399554e-01
  2.66549051e-01  2.70225227e-01  2.73353964e-01  2.75886327e-01  2.77801394e-01
  2.79106200e-01  2.79832423e-01  2.80030847e-01  2.79764682e-01  2.79102832e-01
  6.69892039e-03 -4.50396491e-03 -1.72447972e-02 -3.23038064e-02 -5.09757511e-02
 -6.31560311e-02 -7.04055652e-02 -6.84116706e-02 -6.29195571e-02 -5.39551042e-02
 -4.54958603e-02 -3.83889340e-02 -3.20436321e-02 -2.57971529e-02 -1.92065593e-02
 -1.20239221e-02 -3.98049131e-03  5.09138498e-03  1.52631858e-02  2.66464781e-02
  3.91636267e-02  5.25191948e-02  6.64839372e-02  8.09933320e-02  9.60987732e-02
  1.11912645e-01  1.28568605e-01  1.46174490e-01  1.64698198e-01  1.83565050e-01
  2.00728387e-01  2.14312404e-01  2.24373609e-01  2.30168357e-01  2.32236236e-01
  2.30300173e-01  2.26437166e-01  2.22749472e-01  2.19871074e-01  2.17912242e-01
  2.16839701e-01  2.16580197e-01  2.17052624e-01  2.18178034e-01  2.19881743e-01
  2.22092599e-01  2.24741444e-01  2.27759168e-01  2.31075302e-01  2.34616727e-01
  2.38306999e-01  2.42066443e-01  2.45813042e-01  2.49464169e-01  2.52939403e-01
  2.56163895e-01  2.59072036e-01  2.61610806e-01  2.63742536e-01  2.65446275e-01
  2.66717762e-01  2.67568022e-01  2.68020898e-01  2.68109739e-01  2.67873883e-01
  1.37046259e-02  3.52306780e-03 -7.75430305e-03 -2.03081220e-02 -3.39159183e-02
 -4.77309041e-02 -6.42418712e-02 -6.62742704e-02 -6.71519935e-02 -5.61814010e-02
 -4.71629947e-02 -4.12684716e-02 -3.74938734e-02 -3.26628350e-02 -2.60209180e-02
 -2.00696867e-02 -1.20495399e-02 -1.72311801e-03  8.45824927e-03  2.17272043e-02
  3.79475579e-02  5.42103276e-02  7.03680813e-02  8.66935104e-02  1.03521533e-01
  1.21226281e-01  1.40252382e-01  1.61180049e-01  1.84862182e-01  2.12918937e-01
  2.43553340e-01  2.53459692e-01  2.73416579e-01  2.69767612e-01  2.77316242e-01
  2.59873599e-01  2.46750042e-01  2.37685904e-01  2.31253326e-01  2.26736605e-01
  2.23689884e-01  2.21812293e-01  2.20889717e-01  2.20761910e-01  2.21302643e-01
  2.22407341e-01  2.23985195e-01  2.25954011e-01  2.28236914e-01  2.30760098e-01
  2.33451664e-01  2.36241058e-01  2.39059404e-01  2.41840228e-01  2.44520843e-01
  2.47044012e-01  2.49359697e-01  2.51426727e-01  2.53214061e-01  2.54701376e-01
  2.55879223e-01  2.56748229e-01  2.57317781e-01  2.57604510e-01  2.57630199e-01
  2.26737559e-02  1.42822852e-02  5.27824368e-03 -4.32345923e-03 -1.43738072e-02
 -2.45859008e-02 -3.43228839e-02 -4.32192609e-02 -5.57919852e-02 -4.29372787e-02
 -3.75790782e-02 -3.53942290e-02 -3.71232182e-02 -3.49593461e-02 -2.66402643e-02
 -2.41211802e-02 -1.66102778e-02 -3.72086023e-03  3.48207494e-03  1.83227435e-02
  3.92484441e-02  5.75478040e-02  7.47555271e-02  9.17127281e-02  1.09005697e-01
  1.27150506e-01  1.46708250e-01  1.68394864e-01  1.93220243e-01  2.22564057e-01
  2.51557767e-01  2.65222549e-01  2.81442404e-01  2.81461775e-01  2.84242690e-01
  2.69039482e-01  2.54205108e-01  2.43567929e-01  2.35900238e-01  2.30355456e-01
  2.26394936e-01  2.23668054e-01  2.21934557e-01  2.21019045e-01  2.20785335e-01
  2.21122056e-01  2.21934319e-01  2.23138526e-01  2.24658966e-01  2.26425648e-01
  2.28372917e-01  2.30438694e-01  2.32564330e-01  2.34694764e-01  2.36779138e-01
  2.38771513e-01  2.40631714e-01  2.42326096e-01  2.43828133e-01  2.45118752e-01
  2.46186227e-01  2.47025877e-01  2.47639298e-01  2.48033509e-01  2.48219773e-01
  2.74489355e+00  2.81481075e+00  2.83161116e+00  2.82527447e+00  2.78647757e+00
  2.73116255e+00  2.67423344e+00  2.61424017e+00  2.55788827e+00  2.50385046e+00
  2.45492482e+00  2.41081166e+00  2.37070441e+00  2.33491349e+00  2.30369043e+00
  2.27545238e+00  2.25115347e+00  2.22944880e+00  2.21110535e+00  2.19500017e+00
  2.18157387e+00  2.17049360e+00  2.16179323e+00  2.15493035e+00  2.15011263e+00
  2.14727497e+00  2.14592099e+00  2.14630103e+00  2.14813423e+00  2.15134430e+00
  2.15605378e+00  2.16196990e+00  2.16931152e+00  2.17792654e+00  2.18786931e+00
  2.19919300e+00  2.21200275e+00  2.22619772e+00  2.24199963e+00  2.25951624e+00
  2.27884531e+00  2.30010653e+00  2.32352972e+00  2.34925270e+00  2.37763166e+00
  2.40885115e+00  2.44319558e+00  2.48121405e+00  2.52307844e+00  2.56940532e+00
  2.62086010e+00  2.67751813e+00  2.74091434e+00  2.81144834e+00  2.89049339e+00
  2.97991848e+00  3.08083844e+00  3.19732237e+00  3.33304191e+00  3.49281645e+00
  3.68696308e+00  3.92647862e+00  4.24850893e+00  4.75163174e+00  7.80509567e+00
   89   89
  1.04322398e+00  0.00000000e+00  1.04445696e+00  1.00000001e-01  1.04880285e+00
  2.00000003e-01  1.05250001e+00  2.56424129e-01  1.06028283e+00  3.49999994e-01
  1.07049227e+00  4.49999988e-01  1.07906246e+00  5.27872086e-01  1.08735192e+00
  6.00000024e-01  1.09957910e+00  6.99999988e-01  1.10635960e+00  7.50000000e-01
  1.12133050e+00  8.50000024e-01  1.13218749e+00  9.22488987e-01  1.14532053e+00
  1.00000000e+00  1.16126025e+00  1.10288560e+00  1.21187496e+00  1.09543312e+00
  1.26499999e+00  1.08619678e+00  1.31812501e+00  1.07604063e+00  1.37125003e+00
  1.06490016e+00  1.42437506e+00  1.05268073e+00  1.45093751e+00  1.04672468e+00
  1.50406253e+00  1.03311348e+00  1.55718756e+00  1.01661777e+00  1.60323668e+00
  1.00000000e+00  1.63687503e+00  9.87673461e-01  1.69000006e+00  9.63828743e-01
  1.71664953e+00  9.49999988e-01  1.76968753e+00  9.21223104e-01  1.80211520e+00
  8.99999976e-01  1.84937501e+00  8.67730618e-01  1.87593746e+00  8.46955061e-01
  1.92906249e+00  8.00791204e-01  1.95562506e+00  7.76402116e-01  1.98218751e+00
  7.49206185e-01  2.02724385e+00  6.99999988e-01  2.06187510e+00  6.56931579e-01
  2.08843756e+00  6.20923102e-01  2.11500001e+00  5.80997288e-01  2.14156246e+00
  5.36121428e-01  2.16812491e+00  4.84999955e-01  2.19468760e+00  4.26344842e-01
  2.22125006e+00  3.59403431e-01  2.24301291e+00  3.00000012e-01  2.25915194e+00
  2.50000000e-01  2.27437496e+00  1.96242779e-01  2.29429841e+00  1.00000001e-01
  2.30093741e+00  2.09374400e-03  2.30093741e+00 -1.23952969e-03  2.29239416e+00
 -1.00000001e-01  2.27437496e+00 -1.81552827e-01  2.25443077e+00 -2.50000000e-01
  2.23758125e+00 -3.00000012e-01  2.21879435e+00 -3.49999994e-01  2.19468760e+00
 -4.06837046e-01  2.16812491e+00 -4.64167476e-01  2.14156246e+00 -5.14637589e-01
  2.11500001e+00 -5.59086561e-01  2.08775973e+00 -6.00000024e-01  2.04870152e+00
 -6.49999976e-01  2.00874996e+00 -6.94644749e-01  1.98218751e+00 -7.21056819e-01
  1.94951189e+00 -7.50000000e-01  1.90250003e+00 -7.87594199e-01  1.87593746e+00
 -8.05865228e-01  1.82281256e+00 -8.39295745e-01  1.79624999e+00 -8.53076339e-01
  1.74312496e+00 -8.78956616e-01  1.69000006e+00 -8.98493171e-01  1.66343749e+00
 -9.06730473e-01  1.61031246e+00 -9.20669734e-01  1.55718756e+00 -9.30094242e-01
  1.50406253e+00 -9.34822977e-01  1.45093751e+00 -9.34307396e-01  1.39781249e+00
 -9.27136302e-01  1.34468746e+00 -9.10421014e-01  1.31812501e+00 -8.97326052e-01
  1.26499999e+00 -8.57440710e-01  1.23843753e+00 -8.28280270e-01  1.21187496e+00
 -7.89697766e-01  1.18531251e+00 -7.40233243e-01  1.15875006e+00 -6.77054286e-01
  1.13335562e+00 -6.00000024e-01  1.11934662e+00 -5.50000012e-01  1.10562503e+00
 -4.94888395e-01  1.08503652e+00 -4.00000006e-01  1.07566643e+00 -3.49999994e-01
  1.06025720e+00 -2.50000000e-01  1.05250001e+00 -1.79283768e-01  1.04632282e+00
 -1.00000001e-01  1.04322398e+00  0.00000000e+00
  1.01600003e+00  0.00000000e+00  1.01600003e+00  9.63999987e-01  1.01800001e+00
  9.67999995e-01  1.01800001e+00  1.00100005e+00  1.01800001e+00  1.01900005e+00
  1.01800001e+00  1.07700002e+00  1.01800001e+00  1.07000005e+00  1.01800001e+00
  1.09599996e+00  1.01800001e+00  1.11300004e+00  1.01800001e+00  1.13800001e+00
  1.01600003e+00  1.14699996e+00  1.01199996e+00  1.16499996e+00  1.00100005e+00
  1.21700001e+00  1.02900004e+00  1.21700001e+00  1.04200006e+00  1.16240001e+00
  1.04600000e+00  1.16237998e+00  1.05599999e+00  1.16260004e+00  1.09700000e+00
  1.16450000e+00  1.10800004e+00  1.16594005e+00  1.11600006e+00  1.16591001e+00
  1.13399994e+00  1.16895998e+00  1.14800000e+00  1.17174995e+00  1.16199994e+00
  1.17556000e+00  1.18099999e+00  1.18299997e+00  1.18200004e+00  1.18350005e+00
  1.18499994e+00  1.18499994e+00  1.19000006e+00  1.18799996e+00  1.19500005e+00
  1.19099998e+00  1.20099998e+00  1.19599998e+00  1.20899999e+00  1.20200002e+00
  1.21500003e+00  1.20799994e+00  1.22200000e+00  1.21399999e+00  1.22800004e+00
  1.22099996e+00  1.23399997e+00  1.23099995e+00  1.23899996e+00  1.23800004e+00
  1.24199998e+00  1.24399996e+00  1.24800003e+00  1.25399995e+00  1.25800002e+00
  1.27800000e+00  1.26300001e+00  1.28999996e+00  1.27999997e+00  1.33099997e+00
  1.27999997e+00  1.34700000e+00  1.27999997e+00  1.34800005e+00  1.30999994e+00
  1.34800005e+00  1.32799995e+00  1.34800005e+00  1.36099994e+00  1.34800005e+00
  1.38000000e+00  1.34800005e+00  1.41900003e+00  1.34800005e+00  1.41900003e+00
  1.30999994e+00  1.37199998e+00  1.30999994e+00  1.37199998e+00  1.29200006e+00
  1.60800004e+00  1.09500003e+00  1.64699996e+00  1.07700002e+00  1.78499997e+00
  1.07700002e+00  2.06999993e+00  1.03999996e+00  2.12800002e+00  9.92999971e-01
  2.24499989e+00  7.08999991e-01  2.32299995e+00  5.18999994e-01  2.37700009e+00
  3.88999999e-01  2.35200000e+00  4.00000006e-01  2.35100007e+00  3.37000012e-01
  2.35100007e+00  2.04999998e-01  2.35400009e+00  6.80000037e-02  2.35400009e+00
  0.00000000e+00  2.35400009e+00 -6.80000037e-02  2.35299993e+00 -2.04999998e-01
  2.35100007e+00 -3.37000012e-01  2.35299993e+00 -4.00000006e-01  2.37700009e+00
 -3.88999999e-01  2.13400006e+00 -9.72999990e-01  1.78600001e+00 -1.17400002e+00
  1.76800001e+00 -1.21099997e+00  1.76800001e+00 -1.25399995e+00  1.68200004e+00
 -1.25399995e+00  1.67400002e+00 -1.26199996e+00  1.67400002e+00 -1.32900000e+00
  1.68099999e+00 -1.33899999e+00  1.75399995e+00 -1.33899999e+00  1.75399995e+00
 -1.36800003e+00  1.68900001e+00 -1.36800003e+00  1.68900001e+00 -1.36600006e+00
  1.55499995e+00 -1.36600006e+00  1.41199994e+00 -1.36600006e+00  1.27300000e+00
 -1.36600006e+00  1.15300000e+00 -1.36600006e+00  1.01600003e+00 -1.22899997e+00
  1.01600003e+00 -8.00000012e-01  1.01600003e+00 -4.14999992e-01  1.01600003e+00
 -4.00000006e-01  1.01600003e+00  0.00000000e+00
    0 0.000000000e+00    0
  0.00000000e+00  1.29401758e-01  1.83775157e-01  2.24017963e-01  2.58889407e-01
  2.89049566e-01  3.16032350e-01  3.40124130e-01  3.62344712e-01  3.82747591e-01
  4.01764840e-01  4.19644475e-01  4.36416388e-01  4.52376604e-01  4.67578501e-01
  4.82125729e-01  4.96026754e-01  5.09519458e-01  5.22465885e-01  5.35031080e-01
  5.47233284e-01  5.59099138e-01  5.70655584e-01  5.81989765e-01  5.93024254e-01
  6.03844762e-01  6.14506602e-01  6.24946952e-01  6.35234773e-01  6.45366132e-01
  6.55364752e-01  6.65242076e-01  6.74981236e-01  6.84639692e-01  6.94214046e-01
  7.03675926e-01  7.13072181e-01  7.22414613e-01  7.31694043e-01  7.40924418e-01
  7.50117838e-01  7.59275854e-01  7.68424571e-01  7.77552605e-01  7.86685765e-01
  7.95817912e-01  8.04972172e-01  8.14173818e-01  8.23409140e-01  8.32700789e-01
  8.42078924e-01  8.51504922e-01  8.61088455e-01  8.70790362e-01  8.80634964e-01
  8.90669465e-01  9.00872886e-01  9.11356151e-01  9.22147393e-01  9.33256805e-01
  9.44833875e-01  9.56860185e-01  9.69688594e-01  9.83508348e-01  1.00000000e+00
    0
