   EFIT?   05/12/98      #102940  1034             3  65  65
  1.70000005e+00  3.20000005e+00  1.69550002e+00  8.39999974e-01  0.00000000e+00
  1.77114677e+00  1.79787241e-02 -2.80374467e-01 -3.99722680e-02 -2.00071311e+00
  1.39874925e+06 -2.80374467e-01  0.00000000e+00  1.77114677e+00  0.00000000e+00
  1.79787241e-02  0.00000000e+00 -3.99722680e-02  0.00000000e+00  0.00000000e+00
 -3.43192673e+00 -3.43802118e+00 -3.44315028e+00 -3.44740200e+00 -3.45085573e+00
 -3.45358348e+00 -3.45565104e+00 -3.45711899e+00 -3.45804238e+00 -3.45847154e+00
 -3.45845366e+00 -3.45803189e+00 -3.45724678e+00 -3.45613599e+00 -3.45473456e+00
 -3.45307684e+00 -3.45119429e+00 -3.44911790e+00 -3.44687724e+00 -3.44450140e+00
 -3.44201899e+00 -3.43945718e+00 -3.43684125e+00 -3.43419385e+00 -3.43153572e+00
 -3.42888522e+00 -3.42625976e+00 -3.42367411e+00 -3.42114234e+00 -3.41867638e+00
 -3.41628718e+00 -3.41398478e+00 -3.41177773e+00 -3.40967321e+00 -3.40767789e+00
 -3.40579700e+00 -3.40403533e+00 -3.40239644e+00 -3.40088296e+00 -3.39949679e+00
 -3.39823914e+00 -3.39710999e+00 -3.39610887e+00 -3.39523411e+00 -3.39448357e+00
 -3.39385390e+00 -3.39334106e+00 -3.39293981e+00 -3.39264393e+00 -3.39244652e+00
 -3.39233947e+00 -3.39231277e+00 -3.39235616e+00 -3.39245749e+00 -3.39260340e+00
 -3.39277840e+00 -3.39296603e+00 -3.39314771e+00 -3.39330244e+00 -3.39340782e+00
 -3.39343810e+00 -3.39336586e+00 -3.39316010e+00 -3.39278698e+00 -3.39220905e+00
  6.36339258e+04  5.67088672e+04  5.05272422e+04  4.50345625e+04  4.01790078e+04
  3.59113398e+04  3.21847676e+04  2.89548516e+04  2.61794180e+04  2.38184512e+04
  2.18340137e+04  2.01901582e+04  1.88528535e+04  1.77899062e+04  1.69708906e+04
  1.63670869e+04  1.59514062e+04  1.56983428e+04  1.55839121e+04  1.55856006e+04
  1.56823125e+04  1.58543301e+04  1.60832637e+04  1.63520137e+04  1.66447344e+04
  1.69467969e+04  1.72447578e+04  1.75263320e+04  1.77803633e+04  1.79967988e+04
  1.81666660e+04  1.82820586e+04  1.83361172e+04  1.83230098e+04  1.82379199e+04
  1.80770449e+04  1.78375742e+04  1.75176953e+04  1.71165762e+04  1.66343809e+04
  1.60722549e+04  1.54323330e+04  1.47177480e+04  1.39326299e+04  1.30821211e+04
  1.21723838e+04  1.12106182e+04  1.02050713e+04  9.16506348e+03  8.10100049e+03
  7.02440332e+03  5.94792969e+03  4.88540186e+03  3.85183936e+03  2.86348999e+03
  1.93786584e+03  1.09378247e+03  3.51399719e+02 -2.67733917e+02 -7.40633911e+02
 -1.04282898e+03 -1.14830774e+03 -1.02946106e+03 -6.57021729e+02  0.00000000e+00
  6.03043413e+00  5.11565161e+00  4.28064108e+00  3.51867890e+00  2.82368469e+00
  2.19016623e+00  1.61317241e+00  1.08824933e+00  6.11400783e-01  1.79053813e-01
 -2.11973429e-01 -5.64499259e-01 -8.81003320e-01 -1.16364849e+00 -1.41429996e+00
 -1.63454115e+00 -1.82568824e+00 -1.98880172e+00 -2.12469506e+00 -2.23394299e+00
 -2.31708908e+00 -2.37595916e+00 -2.41284204e+00 -2.42983603e+00 -2.42886496e+00
 -2.41169477e+00 -2.37994814e+00 -2.33512020e+00 -2.27859116e+00 -2.21163774e+00
 -2.13544536e+00 -2.05111790e+00 -1.95968819e+00 -1.86212599e+00 -1.75934744e+00
 -1.65222275e+00 -1.54158401e+00 -1.42823219e+00 -1.31294453e+00 -1.19648123e+00
 -1.07959211e+00 -9.63023305e-01 -8.47523749e-01 -7.33851731e-01 -6.22781694e-01
 -5.15110910e-01 -4.11666512e-01 -3.13312918e-01 -2.20959216e-01 -1.35567337e-01
 -5.81604056e-02  1.01682050e-02  6.82452768e-02  1.14807434e-01  1.48489997e-01
  1.67815045e-01  1.71178311e-01  1.56835213e-01  1.22885376e-01  6.72559962e-02
 -1.23164169e-02 -1.18305944e-01 -2.53419012e-01 -4.20618236e-01 -6.23148382e-01
 -1.94626925e+06 -1.74091638e+06 -1.55043462e+06 -1.37409512e+06 -1.21120025e+06
 -1.06108162e+06 -9.23099312e+05 -7.96639812e+05 -6.81115000e+05 -5.75960750e+05
 -4.80635812e+05 -3.94620500e+05 -3.17415562e+05 -2.48541109e+05 -1.87535625e+05
 -1.33954797e+05 -8.73706953e+04 -4.73707344e+04 -1.35568057e+04  1.44556016e+04
  3.70382500e+04  5.45509688e+04  6.73424453e+04  7.57510000e+04  8.01052969e+04
  8.07251172e+04  7.79220234e+04  7.20000625e+04  6.32564023e+04  5.19820391e+04
  3.84623984e+04  2.29779648e+04  5.80491016e+03 -1.27843037e+04 -3.25203301e+04
 -5.31363398e+04 -7.43674453e+04 -9.59500938e+04 -1.17621531e+05 -1.39119172e+05
 -1.60180062e+05 -1.80540281e+05 -1.99934375e+05 -2.18094781e+05 -2.34751188e+05
 -2.49630016e+05 -2.62453750e+05 -2.72940375e+05 -2.80802750e+05 -2.85747938e+05
 -2.87476594e+05 -2.85682344e+05 -2.80051031e+05 -2.70260094e+05 -2.55977781e+05
 -2.36862531e+05 -2.12562125e+05 -1.82712953e+05 -1.46939234e+05 -1.04852125e+05
 -5.60489531e+04 -1.12251793e+02  6.33911055e+04  1.34910891e+05  2.14914453e+05
  8.70252028e-03  1.42294518e-03 -6.38586842e-03 -1.46889286e-02 -2.33324487e-02
 -3.20332684e-02 -4.01591882e-02 -4.74759080e-02 -5.62040880e-02 -4.38014828e-02
 -3.73470187e-02 -3.33519690e-02 -3.21643315e-02 -2.88381316e-02 -2.11439077e-02
 -1.73748173e-02 -1.06549682e-02  2.97990282e-05  6.95733028e-03  1.86357982e-02
  3.48431543e-02  4.93640341e-02  6.32744879e-02  7.71837384e-02  9.15362015e-02
  1.06742054e-01  1.23263352e-01  1.41702965e-01  1.62926361e-01  1.87954336e-01
  2.11445719e-01  2.24151671e-01  2.36081868e-01  2.36957237e-01  2.36987978e-01
  2.24389732e-01  2.10662127e-01  2.00472638e-01  1.92883238e-01  1.87159881e-01
  1.82837084e-01  1.79610267e-01  1.77269444e-01  1.75661042e-01  1.74666196e-01
  1.74188480e-01  1.74146518e-01  1.74469426e-01  1.75093770e-01  1.75961465e-01
  1.77018523e-01  1.78214163e-01  1.79500476e-01  1.80832505e-01  1.82168424e-01
  1.83470145e-01  1.84703827e-01  1.85840502e-01  1.86856568e-01  1.87734097e-01
  1.88460857e-01  1.89030200e-01  1.89440489e-01  1.89694583e-01  1.89798936e-01
  1.19977735e-03 -7.72065762e-03 -1.76615659e-02 -2.87733804e-02 -4.07940038e-02
 -5.29540181e-02 -6.77324980e-02 -6.78234547e-02 -6.71515688e-02 -5.55583611e-02
 -4.60044295e-02 -3.90983447e-02 -3.39617953e-02 -2.84444764e-02 -2.18618307e-02
 -1.57704838e-02 -8.43185745e-03  4.59176692e-04  9.33386665e-03  2.02158187e-02
  3.31726149e-02  4.63182405e-02  5.95546812e-02  7.31005669e-02  8.72355327e-02
  1.02288321e-01  1.18669927e-01  1.36939421e-01  1.57921925e-01  1.82725236e-01
  2.06443295e-01  2.18512356e-01  2.31016055e-01  2.31431916e-01  2.32343748e-01
  2.19615936e-01  2.06388041e-01  1.96742743e-01  1.89665273e-01  1.84443951e-01
  1.80626899e-01  1.77913278e-01  1.76092967e-01  1.75011933e-01  1.74551606e-01
  1.74616143e-01  1.75124452e-01  1.76004991e-01  1.77192330e-01  1.78624958e-01
  1.80243805e-01  1.81991503e-01  1.83812320e-01  1.85652390e-01  1.87460646e-01
  1.89189881e-01  1.90798044e-01  1.92249507e-01  1.93516120e-01  1.94577888e-01
  1.95423186e-01  1.96048334e-01  1.96456879e-01  1.96658343e-01  1.96666896e-01
 -4.38002590e-03 -1.42521141e-02 -2.56097075e-02 -3.91977914e-02 -5.62082306e-02
 -6.61225170e-02 -7.21230060e-02 -6.90035969e-02 -6.29720166e-02 -5.37025258e-02
 -4.50424254e-02 -3.76295261e-02 -3.09859179e-02 -2.45985966e-02 -1.81105360e-02
 -1.13073075e-02 -3.97376902e-03  4.03632922e-03  1.28005855e-02  2.24181674e-02
  3.28688212e-02  4.39897068e-02  5.56595586e-02  6.78699017e-02  8.06976035e-02
  9.42719579e-02  1.08752422e-01  1.24303140e-01  1.41021132e-01  1.58565536e-01
  1.74470812e-01  1.86211333e-01  1.94827884e-01  1.98738798e-01  1.99336901e-01
  1.95211962e-01  1.89317778e-01  1.84087232e-01  1.79900080e-01  1.76727459e-01
  1.74469307e-01  1.73018679e-01  1.72277734e-01  1.72160298e-01  1.72590464e-01
  1.73500001e-01  1.74825758e-01  1.76507384e-01  1.78485438e-01  1.80699944e-01
  1.83089465e-01  1.85590684e-01  1.88138708e-01  1.90668046e-01  1.93114340e-01
  1.95416704e-01  1.97520390e-01  1.99379489e-01  2.00959146e-01  2.02236980e-01
  2.03203514e-01  2.03861475e-01  2.04224154e-01  2.04313159e-01  2.04155743e-01
 -7.46856583e-03 -1.69970337e-02 -2.76255235e-02 -3.99128273e-02 -5.38891368e-02
 -5.99120148e-02 -5.96632175e-02 -5.59619702e-02 -5.05374782e-02 -4.47454490e-02
 -3.87786068e-02 -3.28136384e-02 -2.68867500e-02 -2.09173020e-02 -1.47819063e-02
 -8.35665595e-03 -1.53197907e-03  5.77948894e-03  1.36387572e-02  2.20777784e-02
  3.10950819e-02  4.06625234e-02  5.07463887e-02  6.13248162e-02  7.23893046e-02
  8.39312971e-02  9.59154740e-02  1.08234987e-01  1.20639898e-01  1.32654890e-01
  1.43602118e-01  1.52850494e-01  1.60009727e-01  1.64913669e-01  1.67633906e-01
  1.68498725e-01  1.68131381e-01  1.67230994e-01  1.66305363e-01  1.65641174e-01
  1.65378913e-01  1.65577069e-01  1.66250199e-01  1.67389184e-01  1.68971628e-01
  1.70966893e-01  1.73338249e-01  1.76043391e-01  1.79034099e-01  1.82255492e-01
  1.85645282e-01  1.89133391e-01  1.92642272e-01  1.96088612e-01  1.99386299e-01
  2.02450991e-01  2.05205649e-01  2.07586154e-01  2.09546015e-01  2.11059541e-01
  2.12122545e-01  2.12750778e-01  2.12976351e-01  2.12842837e-01  2.12400123e-01
 -9.00911633e-03 -1.72304939e-02 -2.53678355e-02 -3.33602466e-02 -4.04883288e-02
 -4.39106300e-02 -4.38433401e-02 -4.21882123e-02 -3.94123532e-02 -3.58359180e-02
 -3.17148082e-02 -2.72144452e-02 -2.24214941e-02 -1.73610747e-02 -1.20176673e-02
 -6.35473942e-03 -3.29484552e-04  6.09723851e-03  1.29545527e-02  2.02579126e-02
  2.80079674e-02  3.61921303e-02  4.47877683e-02  5.37641309e-02  6.30801842e-02
  7.26769045e-02  8.24642032e-02  9.23045650e-02  1.01999208e-01  1.11288682e-01
  1.19881615e-01  1.27508715e-01  1.33976683e-01  1.39201939e-01  1.43224522e-01
  1.46204665e-01  1.48395181e-01  1.50087237e-01  1.51551783e-01  1.53004974e-01
  1.54601902e-01  1.56445801e-01  1.58600762e-01  1.61102816e-01  1.63967863e-01
  1.67196721e-01  1.70777977e-01  1.74688995e-01  1.78895667e-01  1.83351204e-01
  1.87994182e-01  1.92746729e-01  1.97513312e-01  2.02181712e-01  2.06627503e-01
  2.10722446e-01  2.14346319e-01  2.17399374e-01  2.19812855e-01  2.21555710e-01
  2.22636029e-01  2.23097160e-01  2.23009139e-01  2.22457379e-01  2.21531525e-01
 -1.15831411e-02 -1.88450478e-02 -2.41463855e-02 -2.79651023e-02 -3.07825971e-02
 -3.24707590e-02 -3.29169855e-02 -3.22505161e-02 -3.06774899e-02 -2.83823777e-02
 -2.55127158e-02 -2.21777577e-02 -1.84499640e-02 -1.43698994e-02 -9.95355844e-03
 -5.20058442e-03 -1.01958343e-04  5.35361888e-03  1.11748986e-02  1.73647702e-02
  2.39182711e-02  3.08215786e-02  3.80514078e-02  4.55739647e-02  5.33428565e-02
  6.12956770e-02  6.93499744e-02  7.74000734e-02  8.53174180e-02  9.29570943e-02
  1.00171901e-01  1.06831908e-01  1.12844460e-01  1.18169233e-01  1.22825183e-01
  1.26887783e-01  1.30476877e-01  1.33737519e-01  1.36819616e-01  1.39861539e-01
  1.42981008e-01  1.46272257e-01  1.49807215e-01  1.53638512e-01  1.57802492e-01
  1.62321761e-01  1.67206496e-01  1.72454655e-01  1.78050682e-01  1.83962613e-01
  1.90137357e-01  1.96494281e-01  2.02917814e-01  2.09252059e-01  2.15302631e-01
  2.20852345e-01  2.25689933e-01  2.29641274e-01  2.32592404e-01  2.34502435e-01
  2.35407695e-01  2.35414088e-01  2.34674841e-01  2.33359843e-01  2.31629550e-01
 -1.83787122e-02 -2.81720832e-02 -2.65612137e-02 -2.53551602e-02 -2.56636217e-02
 -2.59839669e-02 -2.59249527e-02 -2.53582839e-02 -2.42659394e-02 -2.26775706e-02
 -2.06381734e-02 -1.81918498e-02 -1.53743196e-02 -1.22104846e-02 -8.71498976e-03
 -4.89447638e-03 -7.50569860e-04  3.71705182e-03  8.50789715e-03  1.36183919e-02
  1.90401226e-02  2.47584917e-02  3.07516139e-02  3.69892493e-02  4.34316993e-02
  5.00287525e-02  5.67191131e-02  6.34308904e-02  7.00840279e-02  7.65950531e-02
  8.28842670e-02  8.88843015e-02  9.45485160e-02  9.98574346e-02  1.04821771e-01
  1.09481446e-01  1.13900766e-01  1.18160859e-01  1.22351147e-01  1.26561657e-01
  1.30877197e-01  1.35374010e-01  1.40118346e-01  1.45166487e-01  1.50565371e-01
  1.56353548e-01  1.62561536e-01  1.69211641e-01  1.76316231e-01  1.83874041e-01
  1.91863015e-01  2.00227618e-01  2.08857805e-01  2.17556924e-01  2.26006493e-01
  2.33777419e-01  2.40439534e-01  2.45667532e-01  2.49263614e-01  2.51160681e-01
  2.51444370e-01  2.50373393e-01  2.48318925e-01  2.45636642e-01  2.42602229e-01
 -1.13846930e-02 -1.74229834e-02 -2.03451104e-02 -2.11732406e-02 -2.12684330e-02
 -2.11387724e-02 -2.08343416e-02 -2.03049146e-02 -1.95038281e-02 -1.84049159e-02
 -1.69985294e-02 -1.52845746e-02 -1.32669155e-02 -1.09498817e-02 -8.33659526e-03
 -5.42863831e-03 -2.22659530e-03  1.26893551e-03  5.05613955e-03  9.13079549e-03
  1.34851923e-02  1.81072038e-02  2.29795221e-02  2.80790497e-02  3.33765075e-02
  3.88363488e-02  4.44171652e-02  5.00728413e-02  5.57545796e-02  6.14139289e-02
  6.70065731e-02  7.24965185e-02  7.78599903e-02  8.30883980e-02  8.81898254e-02
  9.31887776e-02  9.81242955e-02  1.03046790e-01  1.08014293e-01  1.13088802e-01
  1.18333146e-01  1.23808838e-01  1.29574865e-01  1.35687307e-01  1.42199740e-01
  1.49163887e-01  1.56630620e-01  1.64650932e-01  1.73276350e-01  1.82558477e-01
  1.92546025e-01  2.03276530e-01  2.14756131e-01  2.26913899e-01  2.39473090e-01
  2.51126915e-01  2.60691702e-01  2.67817676e-01  2.72256196e-01  2.73838699e-01
  2.72467911e-01  2.68674225e-01  2.63962418e-01  2.58935452e-01  2.53926069e-01
 -1.39447898e-02 -2.25050151e-02 -2.03156825e-02 -1.79762505e-02 -1.72277987e-02
 -1.68382656e-02 -1.65306367e-02 -1.61871575e-02 -1.57352053e-02 -1.51244467e-02
 -1.43199041e-02 -1.32977031e-02 -1.20416284e-02 -1.05404379e-02 -8.78599472e-03
 -6.77218568e-03 -4.49446263e-03 -1.94984081e-03  8.62809364e-04  3.94232012e-03
  7.28473580e-03  1.08828479e-02  1.47258211e-02  1.87989473e-02  2.30836067e-02
  2.75574792e-02  3.21951061e-02  3.69688645e-02  4.18503843e-02  4.68123741e-02
  5.18307388e-02  5.68867698e-02  6.19691573e-02  6.70755282e-02  7.22132772e-02
  7.73996860e-02  8.26611742e-02  8.80320892e-02  9.35530290e-02  9.92692560e-02
  1.05229221e-01  1.11483559e-01  1.18084639e-01  1.25086710e-01  1.32546723e-01
  1.40525758e-01  1.49091318e-01  1.58320427e-01  1.68304175e-01  1.79153934e-01
  1.91010788e-01  2.04059914e-01  2.18553722e-01  2.34839052e-01  2.53194630e-01
  2.71435350e-01  2.83842981e-01  2.94277787e-01  2.99715221e-01  3.00918311e-01
  2.98579633e-01  2.89595187e-01  2.80216128e-01  2.71774501e-01  2.64251381e-01
 -4.31952858e-03 -9.79610253e-03 -1.21399434e-02 -1.25228520e-02 -1.24152629e-02
 -1.23451669e-02 -1.23736057e-02 -1.24485763e-02 -1.25047239e-02 -1.24854380e-02
 -1.23459492e-02 -1.20519297e-02 -1.15772411e-02 -1.09018357e-02 -1.00101046e-02
 -8.88969190e-03 -7.53076840e-03 -5.92564326e-03 -4.06865124e-03 -1.95621350e-03
  4.13010392e-04  3.03794327e-03  5.91494935e-03  9.03777406e-03  1.23976106e-02
  1.59833394e-02  1.97819639e-02  2.37792861e-02  2.79608034e-02  3.23127992e-02
  3.68235707e-02  4.14846577e-02  4.62919809e-02  5.12467586e-02  5.63560762e-02
  6.16331212e-02  6.70970231e-02  7.27724433e-02  7.86890090e-02  8.48806724e-02
  9.13852528e-02  9.82442126e-02  1.05502754e-01  1.13210507e-01  1.21422701e-01
  1.30202204e-01  1.39622495e-01  1.49772123e-01  1.60761207e-01  1.72731295e-01
  1.85870677e-01  2.00439185e-01  2.16810331e-01  2.35541597e-01  2.57377088e-01
  2.80840933e-01  2.97110528e-01  3.09979111e-01  3.17667246e-01  3.19077551e-01
  3.17258209e-01  3.06119412e-01  2.92704850e-01  2.81038821e-01  2.71285176e-01
 -1.98159879e-03 -9.01522208e-03 -8.63644760e-03 -7.15563679e-03 -7.02671893e-03
 -7.42363697e-03 -8.06154404e-03 -8.80339928e-03 -9.56378505e-03 -1.02823963e-02
 -1.09140975e-02 -1.14239678e-02 -1.17843095e-02 -1.19726323e-02 -1.19702388e-02
 -1.17612425e-02 -1.13319131e-02 -1.06702838e-02 -9.76596866e-03 -8.61014053e-03
 -7.19560171e-03 -5.51687134e-03 -3.57025373e-03 -1.35386805e-03  1.13239058e-03
  3.88697442e-03  6.90692337e-03  1.01882350e-02  1.37263639e-02  1.75168477e-02
  2.15560086e-02  2.58417074e-02  3.03740595e-02  3.51560786e-02  4.01941389e-02
  4.54982556e-02  5.10821827e-02  5.69634102e-02  6.31630793e-02  6.97059184e-02
  7.66201913e-02  8.39379132e-02  9.16951820e-02  9.99329686e-02  1.08698264e-01
  1.18045829e-01  1.28040776e-01  1.38762072e-01  1.50307566e-01  1.62800908e-01
  1.76401064e-01  1.91314638e-01  2.07810387e-01  2.26234198e-01  2.47046351e-01
  2.70922571e-01  2.92918086e-01  3.04718405e-01  3.16786706e-01  3.18190336e-01
  3.18060488e-01  3.11005622e-01  2.96253413e-01  2.83124685e-01  2.72513211e-01
  1.02800177e-02  5.29442821e-03  2.64080358e-03  1.16801250e-03 -2.65566632e-04
 -1.84396794e-03 -3.50884954e-03 -5.19669941e-03 -6.86000381e-03 -8.46238714e-03
 -9.97433253e-03 -1.13707846e-02 -1.26297902e-02 -1.37316221e-02 -1.46581568e-02
 -1.53924106e-02 -1.59182139e-02 -1.62200257e-02 -1.62828807e-02 -1.60925016e-02
 -1.56355761e-02 -1.48998946e-02 -1.38744013e-02 -1.25492774e-02 -1.09160217e-02
 -8.96752533e-03 -6.69808453e-03 -4.10333928e-03 -1.18011283e-03  2.07385770e-03
  5.66029781e-03  9.58087854e-03  1.38377883e-02  1.84343308e-02  2.33754199e-02
  2.86677666e-02  3.43200564e-02  4.03431542e-02  4.67502996e-02  5.35572469e-02
  6.07824549e-02  6.84473142e-02  7.65765235e-02  8.51985589e-02  9.43464190e-02
  1.04058504e-01  1.14379801e-01  1.25363335e-01  1.37071788e-01  1.49579197e-01
  1.62972361e-01  1.77351117e-01  1.92826927e-01  2.09519744e-01  2.27564886e-01
  2.47255623e-01  2.70123810e-01  2.83470780e-01  2.91834444e-01  3.01655620e-01
  2.97416389e-01  2.99988180e-01  2.86953598e-01  2.75000989e-01  2.66258210e-01
  2.21702252e-02  1.81170851e-02  1.40695721e-02  1.03061404e-02  6.93951361e-03
  3.85168823e-03  9.39435849e-04 -1.84807531e-03 -4.52944124e-03 -7.10676704e-03
 -9.57381632e-03 -1.19199641e-02 -1.41321132e-02 -1.61956102e-02 -1.80946458e-02
 -1.98123772e-02 -2.13309322e-02 -2.26313975e-02 -2.36939024e-02 -2.44977549e-02
 -2.50231531e-02 -2.52509844e-02 -2.51626503e-02 -2.47401595e-02 -2.39664502e-02
 -2.28257757e-02 -2.13040821e-02 -1.93893090e-02 -1.70715824e-02 -1.43433092e-02
 -1.11991093e-02 -7.63551891e-03 -3.65036773e-03  7.58292561e-04  5.59334876e-03
  1.08577162e-02  1.65544562e-02  2.26872992e-02  2.92612016e-02  3.62825319e-02
  4.37592380e-02  5.17010391e-02  6.01196066e-02  6.90286979e-02  7.84442648e-02
  8.83844048e-02  9.88691524e-02  1.09919883e-01  1.21558063e-01  1.33802846e-01
  1.46666646e-01  1.60147429e-01  1.74214765e-01  1.88784599e-01  2.03668058e-01
  2.18451932e-01  2.32274681e-01  2.43958041e-01  2.52980769e-01  2.59194344e-01
  2.62477338e-01  2.63088435e-01  2.61230320e-01  2.57832527e-01  2.54025757e-01
  3.14754732e-02  2.80001853e-02  2.27048509e-02  1.75188854e-02  1.29441191e-02
  8.71514715e-03  4.71824035e-03  8.92980490e-04 -2.79371720e-03 -6.35806331e-03
 -9.80532728e-03 -1.31335044e-02 -1.63355581e-02 -1.94007196e-02 -2.23151576e-02
 -2.50622090e-02 -2.76223328e-02 -2.99729630e-02 -3.20887938e-02 -3.39367464e-02
 -3.54912728e-02 -3.67271118e-02 -3.76178026e-02 -3.81361395e-02 -3.82552035e-02
 -3.79494093e-02 -3.71954292e-02 -3.59729193e-02 -3.42651680e-02 -3.20596173e-02
 -2.93483883e-02 -2.61285529e-02 -2.24017538e-02 -1.81714837e-02 -1.34336036e-02
 -8.18936341e-03 -2.44313572e-03  3.79980123e-03  1.05355624e-02  1.77606456e-02
  2.54718903e-02  3.36668268e-02  4.23436649e-02  5.15011363e-02  6.11382090e-02
  7.12533668e-02  8.18435028e-02  9.29021761e-02  1.04417056e-01  1.16366029e-01
  1.28711492e-01  1.41391814e-01  1.54309049e-01  1.67311549e-01  1.80172294e-01
  1.92571297e-01  2.04108045e-01  2.14373901e-01  2.23050535e-01  2.29953647e-01
  2.35034600e-01  2.38379925e-01  2.40208760e-01  2.40857065e-01  2.40699530e-01
  3.62845734e-02  3.23999636e-02  2.76970286e-02  2.25673318e-02  1.74288657e-02
  1.24210175e-02  7.55670713e-03  2.82087456e-03 -1.80194085e-03 -6.32167608e-03
 -1.07423104e-02 -1.50626563e-02 -1.92772076e-02 -2.33767349e-02 -2.73485295e-02
 -3.11762299e-02 -3.48390006e-02 -3.83095294e-02 -4.15745936e-02 -4.45346609e-02
 -4.71843332e-02 -4.94975895e-02 -5.14384359e-02 -5.29668629e-02 -5.40424585e-02
 -5.46267293e-02 -5.46846204e-02 -5.41855432e-02 -5.31042442e-02 -5.14217429e-02
 -4.91268262e-02 -4.62187938e-02 -4.27128561e-02 -3.86513583e-02 -3.39826718e-02
 -2.87204385e-02 -2.28843819e-02 -1.64968781e-02 -9.56698600e-03 -2.10790639e-03
  5.86491544e-03  1.43369026e-02  2.32932698e-02  3.27187963e-02  4.25977819e-02
  5.29128201e-02  6.36433065e-02  7.47634545e-02  8.62397403e-02  9.80275795e-02
  1.10067107e-01  1.22278050e-01  1.34553865e-01  1.46756232e-01  1.58712178e-01
  1.70217589e-01  1.81051448e-01  1.91000432e-01  1.99887186e-01  2.07592204e-01
  2.14065403e-01  2.19328344e-01  2.23467693e-01  2.26618662e-01  2.28939503e-01
  4.26960289e-02  3.92287895e-02  3.29136960e-02  2.66661290e-02  2.08308809e-02
  1.51233263e-02  9.49319173e-03  3.92795401e-03 -1.57636695e-03 -7.02046882e-03
 -1.24026155e-02 -1.77187249e-02 -2.29623690e-02 -2.81247646e-02 -3.31947692e-02
 -3.81589644e-02 -4.30020392e-02 -4.76194546e-02 -5.20136692e-02 -5.61491027e-02
 -5.99820204e-02 -6.34616837e-02 -6.65337518e-02 -6.91436678e-02 -7.12393075e-02
 -7.27728531e-02 -7.37019032e-02 -7.39901066e-02 -7.36074150e-02 -7.25302696e-02
 -7.07417503e-02 -6.82318881e-02 -6.49976134e-02 -6.10414706e-02 -5.63650131e-02
 -5.09880371e-02 -4.49579954e-02 -3.83705646e-02 -3.11778374e-02 -2.34095566e-02
 -1.51044847e-02 -6.28546206e-03  3.02049424e-03  1.27843767e-02  2.29799394e-02
  3.35790366e-02  4.45502624e-02  5.58571108e-02  6.74560443e-02  7.92943463e-02
  9.13078189e-02  1.03418395e-01  1.15532212e-01  1.27538741e-01  1.39311969e-01
  1.50714651e-01  1.61605954e-01  1.71851844e-01  1.81336179e-01  1.89970285e-01
  1.97698921e-01  2.04502121e-01  2.10392520e-01  2.15409070e-01  2.19608083e-01
  4.48112451e-02  4.06916253e-02  3.54857147e-02  2.95585264e-02  2.33436581e-02
  1.70303825e-02  1.06794257e-02  4.31443006e-03 -2.05149874e-03 -8.40910897e-03
 -1.47507768e-02 -2.10693181e-02 -2.73571666e-02 -3.36057693e-02 -3.98051031e-02
 -4.59431745e-02 -5.19266091e-02 -5.77477440e-02 -6.33716434e-02 -6.87432513e-02
 -7.37968534e-02 -7.84624666e-02 -8.26705024e-02 -8.63551274e-02 -8.94564763e-02
 -9.19218436e-02 -9.37061608e-02 -9.47718993e-02 -9.50886458e-02 -9.46324691e-02
 -9.33852643e-02 -9.13341045e-02 -8.84705856e-02 -8.47904235e-02 -8.02936628e-02
 -7.49879330e-02 -6.88912123e-02 -6.20328896e-02 -5.44474348e-02 -4.62106131e-02
 -3.74726616e-02 -2.81930920e-02 -1.84190441e-02 -8.21008626e-03  2.41353875e-03
  1.34176882e-02  2.47664619e-02  3.64193358e-02  4.83301282e-02  6.04461543e-02
  7.27072731e-02  8.50449726e-02  9.73818377e-02  1.09631725e-01  1.21701024e-01
  1.33491054e-01  1.44901663e-01  1.55835599e-01  1.66202962e-01  1.75924927e-01
  1.84936345e-01  1.93186894e-01  2.00640857e-01  2.07276210e-01  2.13083446e-01
  5.02884462e-02  4.65222821e-02  3.95251513e-02  3.24012004e-02  2.54531894e-02
  1.84245948e-02  1.13050845e-02  4.11450816e-03 -3.12843570e-03 -1.04101459e-02
 -1.77209228e-02 -2.50532329e-02 -3.24003659e-02 -3.97555754e-02 -4.71114330e-02
 -5.43828085e-02 -6.15682192e-02 -6.86279684e-02 -7.54971281e-02 -8.20960402e-02
 -8.83389637e-02 -9.41406488e-02 -9.94209200e-02 -1.04107559e-01 -1.08137742e-01
 -1.11458488e-01 -1.14026241e-01 -1.15806125e-01 -1.16770804e-01 -1.16899379e-01
 -1.16176233e-01 -1.14590034e-01 -1.12132870e-01 -1.08799659e-01 -1.04587957e-01
 -9.94984359e-02 -9.35357139e-02 -8.67097452e-02 -7.90385380e-02 -7.05556646e-02
 -6.13157861e-02 -5.13902083e-02 -4.09217700e-02 -3.01832687e-02 -1.89996511e-02
 -7.45438179e-03  4.42226138e-03  1.65893398e-02  2.90009025e-02  4.16077338e-02
  5.43570407e-02  6.71918690e-02  8.00507218e-02  9.28675532e-02  1.05572253e-01
  1.18091397e-01  1.30349293e-01  1.42269030e-01  1.53773144e-01  1.64783940e-01
  1.75223336e-01  1.85012490e-01  1.94072232e-01  2.02324986e-01  2.09699020e-01
  5.21424450e-02  4.77393121e-02  4.18311432e-02  3.48344631e-02  2.72855759e-02
  1.94682013e-02  1.14996769e-02  3.42843519e-03 -4.72438848e-03 -1.29490560e-02
 -2.12407261e-02 -2.95963176e-02 -3.80128399e-02 -4.64874581e-02 -5.49373031e-02
 -6.33783266e-02 -7.17736110e-02 -8.00511837e-02 -8.81185755e-02 -9.58744213e-02
 -1.03217259e-01 -1.10051766e-01 -1.16292574e-01 -1.21866219e-01 -1.26711607e-01
 -1.30779430e-01 -1.34031013e-01 -1.36436716e-01 -1.37974337e-01 -1.38627619e-01
 -1.38384789e-01 -1.37237564e-01 -1.35180235e-01 -1.32209092e-01 -1.28321901e-01
 -1.23517826e-01 -1.17797308e-01 -1.11162521e-01 -1.03618681e-01 -9.51768160e-02
 -8.58583599e-02 -7.57026821e-02 -6.47823736e-02 -5.32163605e-02 -4.11657318e-02
 -2.89637707e-02 -1.64077841e-02 -3.55935236e-03  9.52957943e-03  2.28143968e-02
  3.62518206e-02  4.97977622e-02  6.34065419e-02  7.70305544e-02  9.06200930e-02
  1.04123004e-01  1.17484093e-01  1.30643889e-01  1.43536538e-01  1.56086713e-01
  1.68205366e-01  1.79785416e-01  1.90698564e-01  2.00796798e-01  2.09921822e-01
  5.82210757e-02  5.42114228e-02  4.68193889e-02  3.80034074e-02  2.91020479e-02
  2.02052742e-02  1.12711554e-02  2.27299333e-03 -6.80511491e-03 -1.59745887e-02
 -2.52445955e-02 -3.46216336e-02 -4.41058762e-02 -5.36027104e-02 -6.31608516e-02
 -7.27562532e-02 -8.23161229e-02 -9.17382911e-02 -1.00906730e-01 -1.09703459e-01
 -1.18016966e-01 -1.25747457e-01 -1.32809669e-01 -1.39133573e-01 -1.44663855e-01
 -1.49358243e-01 -1.53185531e-01 -1.56123310e-01 -1.58155754e-01 -1.59271732e-01
 -1.59463257e-01 -1.58724442e-01 -1.57050848e-01 -1.54439211e-01 -1.50887296e-01
 -1.46393940e-01 -1.40958831e-01 -1.34582460e-01 -1.27266049e-01 -1.19012073e-01
 -1.09825991e-01 -9.97202620e-02 -8.87219906e-02 -7.68847689e-02 -6.43062592e-02
 -5.11580929e-02 -3.76975648e-02 -2.39794049e-02 -1.00528793e-02  4.06353828e-03
  1.83437709e-02  3.27593870e-02  4.72815521e-02  6.18816279e-02  7.65310898e-02
  9.12009329e-02  1.05860308e-01  1.20474175e-01  1.34999231e-01  1.49377480e-01
  1.63526416e-01  1.77325040e-01  1.90595984e-01  2.03089520e-01  2.14488089e-01
  6.24535717e-02  5.86878806e-02  5.00545129e-02  3.99401337e-02  3.00451294e-02
  2.02440917e-02  1.04389414e-02  5.77284372e-04 -9.37547907e-03 -1.94466971e-02
 -2.96619572e-02 -4.00502607e-02 -5.04558422e-02 -6.09758832e-02 -7.16123953e-02
 -8.23011473e-02 -9.29359794e-02 -1.03388891e-01 -1.13525771e-01 -1.23217851e-01
 -1.32349104e-01 -1.40820384e-01 -1.48550987e-01 -1.55478284e-01 -1.61556125e-01
 -1.66752309e-01 -1.71045616e-01 -1.74422830e-01 -1.76875800e-01 -1.78399011e-01
 -1.78987816e-01 -1.78637356e-01 -1.77342206e-01 -1.75096676e-01 -1.71895385e-01
 -1.67734146e-01 -1.62610367e-01 -1.56523332e-01 -1.49473786e-01 -1.41463146e-01
 -1.32492855e-01 -1.22564666e-01 -1.11682840e-01 -9.98601168e-02 -8.71288180e-02
 -7.35589191e-02 -5.92812933e-02 -4.45162207e-02 -2.96855439e-02 -1.46449842e-02
  5.77764818e-04  1.59629285e-02  3.14962901e-02  4.71682325e-02  6.29733056e-02
  7.89097846e-02  9.49788764e-02  1.11183047e-01  1.27522692e-01  1.43989921e-01
  1.60556927e-01  1.77154660e-01  1.93633035e-01  2.09678262e-01  2.24623740e-01
  6.23170212e-02  5.78294657e-02  4.99115922e-02  4.01070938e-02  2.98175756e-02
  1.94017421e-02  8.90411064e-03 -1.69217144e-03 -1.24141080e-02 -2.32884288e-02
 -3.43398899e-02 -4.55915555e-02 -5.69409020e-02 -6.84558973e-02 -8.01039338e-02
 -9.17880386e-02 -1.03375018e-01 -1.14717185e-01 -1.25668213e-01 -1.36093795e-01
 -1.45878017e-01 -1.54926360e-01 -1.63166150e-01 -1.70545369e-01 -1.77030101e-01
 -1.82601094e-01 -1.87249854e-01 -1.90974668e-01 -1.93776757e-01 -1.95657194e-01
 -1.96614608e-01 -1.96644053e-01 -1.95736915e-01 -1.93881705e-01 -1.91065699e-01
 -1.87276736e-01 -1.82505205e-01 -1.76745176e-01 -1.69994935e-01 -1.62256077e-01
 -1.53531864e-01 -1.43824831e-01 -1.33135214e-01 -1.21461257e-01 -1.08803980e-01
 -9.51785818e-02 -8.06356445e-02 -6.52953312e-02 -4.93962280e-02 -3.33325714e-02
 -1.70974117e-02 -6.93221809e-04  1.58838965e-02  3.26449387e-02  4.96088862e-02
  6.68037757e-02  8.42679963e-02  1.02051705e-01  1.20218232e-01  1.38845086e-01
  1.58023804e-01  1.77856237e-01  1.98437363e-01  2.19780684e-01  2.41031393e-01
  6.53330609e-02  6.15149327e-02  5.12806289e-02  3.98000292e-02  2.87801027e-02
  1.77960061e-02  6.72276970e-03 -4.48944420e-03 -1.58729721e-02 -2.74540838e-02
 -3.92540768e-02 -5.12857810e-02 -6.34986609e-02 -7.59145543e-02 -8.84610116e-02
 -1.01008862e-01 -1.13401197e-01 -1.25474900e-01 -1.37075603e-01 -1.48067206e-01
 -1.58337101e-01 -1.67798147e-01 -1.76388413e-01 -1.84069246e-01 -1.90821812e-01
 -1.96642742e-01 -2.01539025e-01 -2.05522776e-01 -2.08606213e-01 -2.10797787e-01
 -2.12099433e-01 -2.12505341e-01 -2.12002173e-01 -2.10570484e-01 -2.08186969e-01
 -2.04827219e-01 -2.00469121e-01 -1.95095673e-01 -1.88696936e-01 -1.81270674e-01
 -1.72821075e-01 -1.63355634e-01 -1.52880877e-01 -1.41398385e-01 -1.28903344e-01
 -1.15388177e-01 -1.00854687e-01 -8.53383020e-02 -6.89470544e-02 -5.19141182e-02
 -3.46580297e-02 -1.72485858e-02  3.33902455e-04  1.81182232e-02  3.61442640e-02
  5.44655323e-02  7.31527507e-02  9.22989249e-02  1.12026416e-01  1.32497117e-01
  1.53928131e-01  1.76618978e-01  2.01013461e-01  2.27954432e-01  2.61277884e-01
  6.15011677e-02  5.64149655e-02  4.81116325e-02  3.78115959e-02  2.67962124e-02
  1.55003676e-02  4.00130777e-03 -7.70862587e-03 -1.96533743e-02 -3.18598002e-02
 -4.43583392e-02 -5.70475683e-02 -7.00076893e-02 -8.32004398e-02 -9.65094194e-02
 -1.09773993e-01 -1.22816257e-01 -1.35460854e-01 -1.47548333e-01 -1.58943325e-01
 -1.69538632e-01 -1.79256707e-01 -1.88048735e-01 -1.95892036e-01 -2.02785760e-01
 -2.08745360e-01 -2.13795975e-01 -2.17965424e-01 -2.21277028e-01 -2.23745152e-01
 -2.25373104e-01 -2.26152524e-01 -2.26064220e-01 -2.25080013e-01 -2.23165527e-01
 -2.20283642e-01 -2.16398105e-01 -2.11477101e-01 -2.05496252e-01 -1.98442101e-01
 -1.90313756e-01 -1.81120604e-01 -1.70877397e-01 -1.59597516e-01 -1.47286355e-01
 -1.33937702e-01 -1.19536750e-01 -1.04073375e-01 -8.75703767e-02 -7.01303557e-02
 -5.20021617e-02 -3.36572602e-02 -1.51698105e-02  3.50030372e-03  2.24057585e-02
  4.16137464e-02  6.12109005e-02  8.13102871e-02  1.02060892e-01  1.23660885e-01
  1.46375969e-01  1.70563579e-01  1.96701333e-01  2.25432068e-01  2.57830292e-01
  6.44968972e-02  6.04660399e-02  4.83721048e-02  3.59759182e-02  2.43819095e-02
  1.27602676e-02  9.26584762e-04 -1.11783361e-02 -2.35829260e-02 -3.63049507e-02
 -4.93508726e-02 -6.26628250e-02 -7.62847215e-02 -9.01398286e-02 -1.04079023e-01
 -1.17917284e-01 -1.31460756e-01 -1.44525468e-01 -1.56949550e-01 -1.68600366e-01
 -1.79378152e-01 -1.89217001e-01 -1.98083669e-01 -2.05974385e-01 -2.12909564e-01
 -2.18926713e-01 -2.24069402e-01 -2.28377864e-01 -2.31883049e-01 -2.34603256e-01
 -2.36542314e-01 -2.37689197e-01 -2.38018826e-01 -2.37494051e-01 -2.36068800e-01
 -2.33692095e-01 -2.30312794e-01 -2.25884408e-01 -2.20369190e-01 -2.13741153e-01
 -2.05987588e-01 -1.97110698e-01 -1.87127814e-01 -1.76063776e-01 -1.63940921e-01
 -1.50769472e-01 -1.36542082e-01 -1.21236943e-01 -1.04834251e-01 -8.73511657e-02
 -6.89001009e-02 -4.97704260e-02 -3.05196028e-02 -1.11466832e-02  8.40778742e-03
  2.82085110e-02  4.83352020e-02  6.88898191e-02  9.00045410e-02  1.11852422e-01
  1.34662971e-01  1.58745080e-01  1.84515819e-01  2.12456554e-01  2.42080674e-01
  5.66584170e-02  5.08052595e-02  4.25057970e-02  3.24096084e-02  2.13516150e-02
  9.74199176e-03 -2.28669983e-03 -1.47025520e-02 -2.75085121e-02 -4.07250449e-02
 -5.41842096e-02 -6.80122823e-02 -8.21869671e-02 -9.65860486e-02 -1.11028723e-01
 -1.25308931e-01 -1.39220163e-01 -1.52572647e-01 -1.65204212e-01 -1.76986858e-01
 -1.87830120e-01 -1.97681963e-01 -2.06527337e-01 -2.14384392e-01 -2.21297503e-01
 -2.27323219e-01 -2.32518330e-01 -2.36932114e-01 -2.40601584e-01 -2.43548498e-01
 -2.45777622e-01 -2.47276261e-01 -2.48014688e-01 -2.47947901e-01 -2.47018531e-01
 -2.45161295e-01 -2.42308557e-01 -2.38396645e-01 -2.33372062e-01 -2.27196246e-01
 -2.19847962e-01 -2.11323157e-01 -2.01633483e-01 -1.90806657e-01 -1.78879738e-01
 -1.65884763e-01 -1.51836008e-01 -1.36723816e-01 -1.20519750e-01 -1.03198946e-01
 -8.47850144e-02 -6.54221773e-02 -4.54714522e-02 -2.56062038e-02 -5.62796509e-03
  1.44917686e-02  3.48015949e-02  5.53663932e-02  7.62669593e-02  9.76015106e-02
  1.19488567e-01  1.42072648e-01  1.65539578e-01  1.90159097e-01  2.16058120e-01
  5.66994697e-02  5.11913933e-02  4.15206999e-02  3.03125307e-02  1.88278407e-02
  6.96656667e-03 -5.31071052e-03 -1.80130191e-02 -3.11479289e-02 -4.47272733e-02
 -5.86197451e-02 -7.29182735e-02 -8.75654891e-02 -1.02409370e-01 -1.17246740e-01
 -1.31856576e-01 -1.46023899e-01 -1.59555912e-01 -1.72292247e-01 -1.84111372e-01
 -1.94933951e-01 -2.04723805e-01 -2.13486284e-01 -2.21263364e-01 -2.28118852e-01
 -2.34122947e-01 -2.39342093e-01 -2.43832722e-01 -2.47637048e-01 -2.50780314e-01
 -2.53269196e-01 -2.55090773e-01 -2.56212741e-01 -2.56584287e-01 -2.56138742e-01
 -2.54797578e-01 -2.52476364e-01 -2.49092445e-01 -2.44573206e-01 -2.38863647e-01
 -2.31931552e-01 -2.23768502e-01 -2.14386731e-01 -2.03814283e-01 -1.92093104e-01
 -1.79273412e-01 -1.65395558e-01 -1.50475144e-01 -1.34498224e-01 -1.17432207e-01
 -9.92585421e-02 -8.00337642e-02 -5.99833243e-02 -3.96223925e-02 -1.93238985e-02
  9.42163635e-04  2.12074593e-02  4.15017046e-02  6.18498921e-02  8.22669715e-02
  1.02747031e-01  1.23241045e-01  1.43609703e-01  1.63524613e-01  1.82318613e-01
  5.44412397e-02  4.84230854e-02  3.92093100e-02  2.82311887e-02  1.66053604e-02
  4.52011172e-03 -8.00718553e-03 -2.09812168e-02 -3.44114341e-02 -4.83099222e-02
 -6.25841245e-02 -7.72850811e-02 -9.23230350e-02 -1.07521482e-01 -1.22660071e-01
 -1.37506932e-01 -1.51841670e-01 -1.65470600e-01 -1.78236887e-01 -1.90026820e-01
 -2.00773507e-01 -2.10457891e-01 -2.19106823e-01 -2.26782262e-01 -2.33561948e-01
 -2.39525869e-01 -2.44747847e-01 -2.49289989e-01 -2.53199100e-01 -2.56504029e-01
 -2.59214044e-01 -2.61317492e-01 -2.62781411e-01 -2.63551831e-01 -2.63555497e-01
 -2.62703151e-01 -2.60895401e-01 -2.58030683e-01 -2.54015386e-01 -2.48774484e-01
 -2.42260128e-01 -2.34455973e-01 -2.25375235e-01 -2.15053171e-01 -2.03538328e-01
 -1.90889418e-01 -1.77168489e-01 -1.62419438e-01 -1.46653369e-01 -1.29848599e-01
 -1.11970879e-01 -9.30198133e-02 -7.31067136e-02 -5.25638536e-02 -3.20641771e-02
 -1.17762228e-02  8.32671765e-03  2.82474104e-02  4.79705632e-02  6.74594417e-02
  8.66464153e-02  1.05417863e-01  1.23594716e-01  1.40915185e-01  1.57038555e-01
  5.36468513e-02  4.75673303e-02  3.79638225e-02  2.66262647e-02  1.47506325e-02
  2.43673055e-03 -1.03248544e-02 -2.35464238e-02 -3.72397341e-02 -5.14173806e-02
 -6.60133809e-02 -8.10445026e-02 -9.63943750e-02 -1.11866862e-01 -1.27228260e-01
 -1.42238766e-01 -1.56674519e-01 -1.70342460e-01 -1.83090210e-01 -1.94812626e-01
 -2.05455706e-01 -2.15017483e-01 -2.23544389e-01 -2.31112778e-01 -2.37810284e-01
 -2.43724093e-01 -2.48933569e-01 -2.53505379e-01 -2.57490218e-01 -2.60920376e-01
 -2.63808012e-01 -2.66143590e-01 -2.67895103e-01 -2.69007593e-01 -2.69404054e-01
 -2.68987775e-01 -2.67647415e-01 -2.65264839e-01 -2.61726201e-01 -2.56934851e-01
 -2.50823885e-01 -2.43364468e-01 -2.34567061e-01 -2.24474043e-01 -2.13146850e-01
 -2.00654209e-01 -1.87070608e-01 -1.72464162e-01 -1.56873330e-01 -1.40296802e-01
 -1.22703031e-01 -1.04064174e-01 -8.44199508e-02 -6.39743134e-02 -4.32159714e-02
 -2.30222456e-02 -3.11399135e-03  1.64618809e-02  3.56595069e-02  5.44213057e-02
  7.26692602e-02  9.02982280e-02  1.07172139e-01  1.23125583e-01  1.37974322e-01
  5.29528148e-02  4.68114838e-02  3.69086601e-02  2.53036115e-02  1.32326214e-02
  7.28632673e-04 -1.22351525e-02 -2.56746169e-02 -3.95986140e-02 -5.40057607e-02
 -6.88576475e-02 -8.41467306e-02 -9.97357816e-02 -1.15412958e-01 -1.30933985e-01
 -1.46053031e-01 -1.60544023e-01 -1.74215198e-01 -1.86918944e-01 -1.98558569e-01
 -2.09092259e-01 -2.18533874e-01 -2.26944938e-01 -2.34411940e-01 -2.41029561e-01
 -2.46890187e-01 -2.52077281e-01 -2.56661028e-01 -2.60695219e-01 -2.64215112e-01
 -2.67235547e-01 -2.69749433e-01 -2.71726429e-01 -2.73112059e-01 -2.73827761e-01
 -2.73772389e-01 -2.72826165e-01 -2.70857960e-01 -2.67736614e-01 -2.63345361e-01
 -2.57597476e-01 -2.50448942e-01 -2.41903558e-01 -2.32007518e-01 -2.20834732e-01
 -2.08469287e-01 -1.94995418e-01 -1.80497617e-01 -1.65038392e-01 -1.48639336e-01
 -1.31281972e-01 -1.12933092e-01 -9.35994908e-02 -7.34173357e-02 -5.27752154e-02
 -3.24482247e-02 -1.25945415e-02  6.77035796e-03  2.56152321e-02  4.38929126e-02
  6.15399368e-02  7.84767121e-02  9.46092233e-02  1.09833248e-01  1.24041758e-01
  5.15607186e-02  4.50815670e-02  3.55281942e-02  2.41654050e-02  1.20589100e-02
 -5.70155738e-04 -1.36995660e-02 -2.73400433e-02 -4.15123254e-02 -5.60471006e-02
 -7.10751861e-02 -8.65518451e-02 -1.02316320e-01 -1.18141688e-01 -1.33774459e-01
 -1.48963884e-01 -1.63482383e-01 -1.77139699e-01 -1.89792678e-01 -2.01352134e-01
 -2.11786807e-01 -2.21123695e-01 -2.29434878e-01 -2.36813858e-01 -2.43360236e-01
 -2.49170050e-01 -2.54329652e-01 -2.58911669e-01 -2.62972295e-01 -2.66548961e-01
 -2.69658744e-01 -2.72296548e-01 -2.74433792e-01 -2.76017040e-01 -2.76967466e-01
 -2.77181536e-01 -2.76534170e-01 -2.74885148e-01 -2.72090226e-01 -2.68016338e-01
 -2.62559474e-01 -2.55660892e-01 -2.47315943e-01 -2.37571374e-01 -2.26510331e-01
 -2.14231163e-01 -2.00830296e-01 -1.86401457e-01 -1.71024427e-01 -1.54739752e-01
 -1.37542516e-01 -1.19400784e-01 -1.00302771e-01 -8.03377628e-02 -5.98122291e-02
 -3.93856913e-02 -1.95627585e-02 -3.29445233e-04  1.82980057e-02  3.62843461e-02
  5.35806119e-02  7.01274872e-02  8.58584791e-02  1.00703925e-01  1.14595868e-01
  5.25021218e-02  4.64109145e-02  3.57928723e-02  2.37035528e-02  1.13893682e-02
 -1.36081874e-03 -1.46163115e-02 -2.83976253e-02 -4.27169949e-02 -5.74045181e-02
 -7.25882277e-02 -8.82137939e-02 -1.04110703e-01 -1.20044343e-01 -1.35756090e-01
 -1.50992453e-01 -1.65525392e-01 -1.79166213e-01 -1.91775545e-01 -2.03270167e-01
 -2.13627011e-01 -2.22882643e-01 -2.31116042e-01 -2.38425359e-01 -2.44913429e-01
 -2.50678658e-01 -2.55809218e-01 -2.60379404e-01 -2.64446795e-01 -2.68050224e-01
 -2.71208137e-01 -2.73916811e-01 -2.76148885e-01 -2.77851671e-01 -2.78946489e-01
 -2.79328555e-01 -2.78869718e-01 -2.77424186e-01 -2.74839193e-01 -2.70970643e-01
 -2.65702337e-01 -2.58964449e-01 -2.50745267e-01 -2.41090581e-01 -2.30089068e-01
 -2.17849106e-01 -2.04477280e-01 -1.90073207e-01 -1.74726442e-01 -1.58489391e-01
 -1.41366020e-01 -1.23325370e-01 -1.04343027e-01 -8.44748765e-02 -6.39642552e-02
 -4.33693975e-02 -2.36610211e-02 -4.53489041e-03  1.39672672e-02  3.18031162e-02
  4.89263050e-02  6.52863383e-02  8.08301196e-02  9.55045596e-02  1.09259859e-01
  5.02906144e-02  4.34401892e-02  3.42592038e-02  2.32745539e-02  1.12026744e-02
 -1.57863437e-03 -1.49382101e-02 -2.88399812e-02 -4.32795957e-02 -5.80904782e-02
 -7.33933598e-02 -8.91281217e-02 -1.05119392e-01 -1.21128857e-01 -1.36895463e-01
 -1.52164638e-01 -1.66708395e-01 -1.80339411e-01 -1.92920938e-01 -2.04373777e-01
 -2.14680091e-01 -2.23882288e-01 -2.32063323e-01 -2.39324033e-01 -2.45769069e-01
 -2.51498103e-01 -2.56600320e-01 -2.61150658e-01 -2.65207291e-01 -2.68809587e-01
 -2.71976441e-01 -2.74704516e-01 -2.76966691e-01 -2.78710455e-01 -2.79856801e-01
 -2.80300260e-01 -2.79910952e-01 -2.78540373e-01 -2.76031762e-01 -2.72235960e-01
 -2.67031193e-01 -2.60342658e-01 -2.52155453e-01 -2.42514864e-01 -2.31512144e-01
 -2.19260186e-01 -2.05870315e-01 -1.91444919e-01 -1.76077142e-01 -1.59823865e-01
 -1.42692432e-01 -1.24652632e-01 -1.05676822e-01 -8.58127996e-02 -6.52920306e-02
 -4.46641184e-02 -2.49175858e-02 -5.78329898e-03  1.27107650e-02  3.05273421e-02
  4.76231351e-02  6.39508814e-02  7.94614777e-02  9.41065103e-02  1.07841209e-01
  5.53227626e-02  4.97127585e-02  3.78186777e-02  2.47902479e-02  1.19913099e-02
 -1.11022708e-03 -1.46551039e-02 -2.86888797e-02 -4.32339422e-02 -5.81331551e-02
 -7.35126436e-02 -8.93137380e-02 -1.05361015e-01 -1.21415623e-01 -1.37216106e-01
 -1.52507752e-01 -1.67062894e-01 -1.80694923e-01 -1.93268329e-01 -2.04705596e-01
 -2.14990959e-01 -2.24168897e-01 -2.32323855e-01 -2.39557609e-01 -2.45975360e-01
 -2.51677096e-01 -2.56752074e-01 -2.61275142e-01 -2.65304178e-01 -2.68878162e-01
 -2.72015363e-01 -2.74711847e-01 -2.76939720e-01 -2.78645605e-01 -2.79749632e-01
 -2.80145556e-01 -2.79702932e-01 -2.78273076e-01 -2.75699615e-01 -2.71834493e-01
 -2.66557693e-01 -2.59796560e-01 -2.51538128e-01 -2.41828829e-01 -2.30759829e-01
 -2.18442634e-01 -2.04986721e-01 -1.90493375e-01 -1.75053820e-01 -1.58721894e-01
 -1.41502216e-01 -1.23363696e-01 -1.04281567e-01 -8.43121111e-02 -6.37010783e-02
 -4.30122502e-02 -2.32244749e-02 -4.01613396e-03  1.45687098e-02  3.24861184e-02
  4.96884212e-02  6.61238953e-02  8.17382485e-02  9.64772254e-02  1.10289946e-01
  5.36613017e-02  4.71513718e-02  3.73747125e-02  2.55610235e-02  1.28978277e-02
 -2.77921848e-04 -1.39179081e-02 -2.80323103e-02 -4.26406078e-02 -5.75787202e-02
 -7.29836822e-02 -8.88030306e-02 -1.04864754e-01 -1.20931916e-01 -1.36744097e-01
 -1.52047142e-01 -1.66613638e-01 -1.80256993e-01 -1.92841336e-01 -2.04288453e-01
 -2.14581341e-01 -2.23763019e-01 -2.31916890e-01 -2.39144012e-01 -2.45548978e-01
 -2.51231074e-01 -2.56278753e-01 -2.60765940e-01 -2.64749378e-01 -2.68266678e-01
 -2.71334618e-01 -2.73947507e-01 -2.76075602e-01 -2.77663827e-01 -2.78630972e-01
 -2.78870076e-01 -2.78251380e-01 -2.76628703e-01 -2.73850620e-01 -2.69776374e-01
 -2.64294952e-01 -2.57342607e-01 -2.48912975e-01 -2.39054769e-01 -2.27856040e-01
 -2.15421140e-01 -2.01851487e-01 -1.87243789e-01 -1.71681255e-01 -1.55207098e-01
 -1.37817457e-01 -1.19480021e-01 -1.00182571e-01 -8.00161660e-02 -5.92944883e-02
 -3.86929773e-02 -1.86965000e-02  7.09527405e-04  1.95079781e-02  3.76620293e-02
  5.51207550e-02  7.18226135e-02  8.76987129e-02  1.02676913e-01  1.16686866e-01
  5.65563627e-02  5.07163480e-02  3.97388339e-02  2.70172339e-02  1.41128907e-02
  8.62775894e-04 -1.28102088e-02 -2.69414112e-02 -4.15562429e-02 -5.64747788e-02
 -7.18485191e-02 -8.76338631e-02 -1.03664659e-01 -1.19707793e-01 -1.35505214e-01
 -1.50804013e-01 -1.65377110e-01 -1.79037273e-01 -1.91646919e-01 -2.03124821e-01
 -2.13449672e-01 -2.22659379e-01 -2.30833828e-01 -2.38071576e-01 -2.44475245e-01
 -2.50142455e-01 -2.55159914e-01 -2.59599745e-01 -2.63516724e-01 -2.66946167e-01
 -2.69902378e-01 -2.72377044e-01 -2.74337798e-01 -2.75727242e-01 -2.76462704e-01
 -2.76437283e-01 -2.75523812e-01 -2.73581922e-01 -2.70469934e-01 -2.66060412e-01
 -2.60257542e-01 -2.53011614e-01 -2.44325474e-01 -2.34249309e-01 -2.22864300e-01
 -2.10262462e-01 -1.96533710e-01 -1.81766897e-01 -1.66029662e-01 -1.49346948e-01
 -1.31701082e-01 -1.13057777e-01 -9.34229866e-02 -7.29360506e-02 -5.19975573e-02
 -3.14079709e-02 -1.12889260e-02  8.34214967e-03  2.74517201e-02  4.59899865e-02
  6.38904497e-02  8.10699984e-02  9.74306390e-02  1.12863854e-01  1.27258196e-01
  5.62218949e-02  5.00058234e-02  4.00809161e-02  2.81027816e-02  1.54053047e-02
  2.23714020e-03 -1.13779521e-02 -2.54518446e-02 -4.00083177e-02 -5.48550561e-02
 -7.01459497e-02 -8.58461037e-02 -1.01798035e-01 -1.17775366e-01 -1.33524582e-01
 -1.48795381e-01 -1.63361594e-01 -1.77035093e-01 -1.89675614e-01 -2.01197103e-01
 -2.11571217e-01 -2.20827222e-01 -2.29038507e-01 -2.36299187e-01 -2.42708459e-01
 -2.48361051e-01 -2.53340989e-01 -2.57717669e-01 -2.61542946e-01 -2.64849097e-01
 -2.67647207e-01 -2.69925594e-01 -2.71648943e-01 -2.72757620e-01 -2.73168147e-01
 -2.72775412e-01 -2.71457613e-01 -2.69084245e-01 -2.65528321e-01 -2.60680854e-01
 -2.54465371e-01 -2.46848464e-01 -2.37841725e-01 -2.27493837e-01 -2.15875119e-01
 -2.03062460e-01 -1.89135537e-01 -1.74169302e-01 -1.58208415e-01 -1.41254812e-01
 -1.23276711e-01 -1.04244038e-01 -8.41954201e-02 -6.33398443e-02 -4.21829186e-02
 -2.16338281e-02 -1.36162445e-03  1.85817424e-02  3.81467491e-02  5.72723895e-02
  7.58767650e-02  9.38499793e-02  1.11050025e-01  1.27304360e-01  1.42420888e-01
  5.78679107e-02  5.19476645e-02  4.17725220e-02  2.96210460e-02  1.69575494e-02
  3.87809821e-03 -9.62791126e-03 -2.35666614e-02 -3.79396528e-02 -5.27392589e-02
 -6.79217577e-02 -8.34907219e-02 -9.93117765e-02 -1.15172923e-01 -1.30829468e-01
 -1.46036163e-01 -1.60568863e-01 -1.74238950e-01 -1.86902940e-01 -1.98468730e-01
 -2.08898857e-01 -2.18210623e-01 -2.26467490e-01 -2.33756691e-01 -2.40172237e-01
 -2.45804593e-01 -2.50734031e-01 -2.55026221e-01 -2.58729339e-01 -2.61871934e-01
 -2.64461309e-01 -2.66482353e-01 -2.67896980e-01 -2.68644243e-01 -2.68641651e-01
 -2.67788619e-01 -2.65972316e-01 -2.63076514e-01 -2.58993179e-01 -2.53634900e-01
 -2.46945933e-01 -2.38907829e-01 -2.29537591e-01 -2.18878448e-01 -2.06987634e-01
 -1.93929762e-01 -1.79774508e-01 -1.64574459e-01 -1.48346961e-01 -1.31072372e-01
 -1.12714730e-01 -9.32706445e-02 -7.28520676e-02 -5.18023819e-02 -3.08228079e-02
 -1.00557543e-02  1.05274357e-02  3.09295543e-02  5.11343703e-02  7.11033568e-02
  9.07658562e-02  1.10003382e-01  1.28629193e-01  1.46370232e-01  1.62871122e-01
  5.90646900e-02  5.33013865e-02  4.32528816e-02  3.12416870e-02  1.87133811e-02
  5.75146824e-03 -7.63743836e-03 -2.14443877e-02 -3.56667936e-02 -5.03097996e-02
 -6.52977377e-02 -8.06573033e-02 -9.62738469e-02 -1.11950353e-01 -1.27452582e-01
 -1.42541721e-01 -1.56996742e-01 -1.70629025e-01 -1.83291852e-01 -1.94886357e-01
 -2.05364645e-01 -2.14729726e-01 -2.23030940e-01 -2.30345562e-01 -2.36760288e-01
 -2.42359743e-01 -2.47219101e-01 -2.51399457e-01 -2.54944563e-01 -2.57878810e-01
 -2.60205746e-01 -2.61907250e-01 -2.62943566e-01 -2.63254255e-01 -2.62760609e-01
 -2.61370033e-01 -2.58982658e-01 -2.55500168e-01 -2.50835985e-01 -2.44924784e-01
 -2.37729400e-01 -2.29242295e-01 -2.19481289e-01 -2.08481878e-01 -1.96291387e-01
 -1.82967901e-01 -1.68562278e-01 -1.53099105e-01 -1.36569053e-01 -1.18939154e-01
 -1.00187108e-01 -8.03664252e-02 -5.97073399e-02 -3.87468189e-02 -1.78516433e-02
  3.00992210e-03  2.38712486e-02  4.47635837e-02  6.57132342e-02  8.67361128e-02
  1.07826449e-01  1.28933564e-01  1.49912626e-01  1.70421287e-01  1.89763457e-01
  5.94565310e-02  5.35021648e-02  4.44176309e-02  3.31271589e-02  2.07714923e-02
  7.85902794e-03 -5.45881502e-03 -1.91457346e-02 -3.32009196e-02 -4.76365723e-02
 -6.23578243e-02 -7.74261653e-02 -9.27532166e-02 -1.08161353e-01 -1.23429902e-01
 -1.38328776e-01 -1.52641580e-01 -1.66180670e-01 -1.78796619e-01 -1.90383852e-01
 -2.00883552e-01 -2.10283428e-01 -2.18614742e-01 -2.25940868e-01 -2.32338428e-01
 -2.37884209e-01 -2.42646977e-01 -2.46682256e-01 -2.50028938e-01 -2.52707243e-01
 -2.54717410e-01 -2.56039530e-01 -2.56634057e-01 -2.56443769e-01 -2.55396932e-01
 -2.53412515e-01 -2.50406802e-01 -2.46301353e-01 -2.41030902e-01 -2.34549716e-01
 -2.26834670e-01 -2.17884257e-01 -2.07714841e-01 -1.96357653e-01 -1.83857903e-01
 -1.70259327e-01 -1.55587226e-01 -1.39838755e-01 -1.22986667e-01 -1.05002135e-01
 -8.59026462e-02 -6.58299848e-02 -4.51548398e-02 -2.45809238e-02 -3.89577076e-03
  1.69294477e-02  3.79452780e-02  5.92196621e-02  8.08374062e-02  1.02901697e-01
  1.25537112e-01  1.48895577e-01  1.73172280e-01  1.98650241e-01  2.25463346e-01
  6.96704686e-02  6.62899613e-02  5.10424040e-02  3.64065245e-02  2.31665261e-02
  1.00250375e-02 -3.27797420e-03 -1.68271381e-02 -3.06662247e-02 -4.48290482e-02
 -5.92017360e-02 -7.38866404e-02 -8.88262689e-02 -1.03866473e-01 -1.18803591e-01
 -1.33418947e-01 -1.47502810e-01 -1.60869926e-01 -1.73369125e-01 -1.84888884e-01
 -1.95359871e-01 -2.04754665e-01 -2.13084921e-01 -2.20395163e-01 -2.26748303e-01
 -2.32210860e-01 -2.36843601e-01 -2.40695611e-01 -2.43800670e-01 -2.46175170e-01
 -2.47817218e-01 -2.48706758e-01 -2.48806924e-01 -2.48066574e-01 -2.46424064e-01
 -2.43812472e-01 -2.40165681e-01 -2.35424623e-01 -2.29542762e-01 -2.22489566e-01
 -2.14251518e-01 -2.04831347e-01 -1.94248423e-01 -1.82536364e-01 -1.69729918e-01
 -1.55851349e-01 -1.40901610e-01 -1.24861285e-01 -1.07706904e-01 -8.94479826e-02
 -7.01903552e-02 -5.02260514e-02 -3.01345959e-02 -9.93524212e-03  1.04349069e-02
  3.10439449e-02  5.19756600e-02  7.33371899e-02  9.52674001e-02  1.17948040e-01
  1.41619995e-01  1.66607350e-01  1.93347380e-01  2.22344801e-01  2.53093272e-01
  6.32118210e-02  5.79215549e-02  4.87667099e-02  3.71043384e-02  2.45214924e-02
  1.16296345e-02 -1.45007076e-03 -1.47253340e-02 -2.82317847e-02 -4.20132838e-02
 -5.59389889e-02 -7.01369196e-02 -8.45786780e-02 -9.91360918e-02 -1.13625892e-01
 -1.27843902e-01 -1.41589373e-01 -1.54681236e-01 -1.66967973e-01 -1.78333268e-01
 -1.88698381e-01 -1.98021859e-01 -2.06296936e-01 -2.13546321e-01 -2.19814450e-01
 -2.25154355e-01 -2.29616851e-01 -2.33243600e-01 -2.36063153e-01 -2.38088772e-01
 -2.39317715e-01 -2.39731833e-01 -2.39299253e-01 -2.37977341e-01 -2.35716462e-01
 -2.32464746e-01 -2.28172958e-01 -2.22799033e-01 -2.16311514e-01 -2.08691806e-01
 -1.99935809e-01 -1.90056086e-01 -1.79076582e-01 -1.67022943e-01 -1.53912619e-01
 -1.39747962e-01 -1.24516860e-01 -1.08205348e-01 -9.08271521e-02 -7.24749565e-02
 -5.33944443e-02 -3.40711288e-02 -1.46300299e-02  4.97130072e-03  2.47886498e-02
  4.48930413e-02  6.53758794e-02  8.63562450e-02  1.07990891e-01  1.30488083e-01
  1.54126838e-01  1.79282263e-01  2.06455410e-01  2.36320511e-01  2.70003200e-01
  6.82753548e-02  6.51103929e-02  5.20504154e-02  3.80926132e-02  2.52355710e-02
  1.25459712e-02 -1.84165634e-04 -1.30302319e-02 -2.60380730e-02 -3.92423384e-02
 -5.26653975e-02 -6.62797391e-02 -8.01063254e-02 -9.40530375e-02 -1.07963063e-01
 -1.21650696e-01 -1.34926975e-01 -1.47616923e-01 -1.59570187e-01 -1.70666993e-01
 -1.80820599e-01 -1.89977229e-01 -1.98113650e-01 -2.05232784e-01 -2.11357459e-01
 -2.16522902e-01 -2.20767185e-01 -2.24123225e-01 -2.26614013e-01 -2.28250235e-01
 -2.29029536e-01 -2.28937224e-01 -2.27948129e-01 -2.26029322e-01 -2.23143667e-01
 -2.19253629e-01 -2.14325085e-01 -2.08330572e-01 -2.01252609e-01 -1.93087161e-01
 -1.83842421e-01 -1.73534527e-01 -1.62181109e-01 -1.49794430e-01 -1.36377096e-01
 -1.21923536e-01 -1.06431112e-01 -8.99248570e-02 -7.24996105e-02 -5.43803349e-02
 -3.59932110e-02 -1.74908377e-02  1.14873552e-03  1.99569017e-02  3.89765762e-02
  5.82648553e-02  7.78968260e-02  9.79708880e-02  1.18616171e-01  1.40003204e-01
  1.62360281e-01  1.86001882e-01  2.11393669e-01  2.39419162e-01  2.74091303e-01
  6.13929965e-02  5.65483607e-02  4.77267057e-02  3.65066566e-02  2.45726947e-02
  1.24786440e-02  3.14744771e-04 -1.19367708e-02 -2.43130550e-02 -3.68516110e-02
 -4.95877378e-02 -6.24632910e-02 -7.55272359e-02 -8.87160599e-02 -1.01897798e-01
 -1.14905961e-01 -1.27564773e-01 -1.39706761e-01 -1.51183993e-01 -1.61874488e-01
 -1.71684995e-01 -1.80551127e-01 -1.88435465e-01 -1.95323795e-01 -2.01220110e-01
 -2.06140578e-01 -2.10107058e-01 -2.13141173e-01 -2.15259373e-01 -2.16469646e-01
 -2.16770500e-01 -2.16151431e-01 -2.14594498e-01 -2.12076709e-01 -2.08572924e-01
 -2.04059169e-01 -1.98516503e-01 -1.91933617e-01 -1.84307873e-01 -1.75644562e-01
 -1.65954039e-01 -1.55247614e-01 -1.43533304e-01 -1.30814046e-01 -1.17090546e-01
 -1.02372333e-01 -8.67001414e-02 -7.01820776e-02 -5.30420057e-02 -3.56751345e-02
 -1.81916580e-02 -5.90092270e-04  1.71364788e-02  3.50016169e-02  5.30267768e-02
  7.12426528e-02  8.96907076e-02  1.08424738e-01  1.27512395e-01  1.47036180e-01
  1.67093262e-01  1.87791213e-01  2.09229469e-01  2.31418952e-01  2.53465921e-01
  6.13922104e-02  5.79015054e-02  4.70383577e-02  3.45906354e-02  2.28828304e-02
  1.14066033e-02 -3.36179473e-05 -1.15248291e-02 -2.31194906e-02 -3.48565616e-02
 -4.67690527e-02 -5.87693900e-02 -7.09310323e-02 -8.32170770e-02 -9.55203399e-02
 -1.07694723e-01 -1.19579315e-01 -1.31015852e-01 -1.41860381e-01 -1.51990145e-01
 -1.61306947e-01 -1.69737592e-01 -1.77232638e-01 -1.83763325e-01 -1.89317614e-01
 -1.93895414e-01 -1.97503716e-01 -2.00151935e-01 -2.01848075e-01 -2.02596158e-01
 -2.02394888e-01 -2.01237798e-01 -1.99114293e-01 -1.96011662e-01 -1.91917390e-01
 -1.86821461e-01 -1.80718184e-01 -1.73606917e-01 -1.65491536e-01 -1.56378701e-01
 -1.46275550e-01 -1.35187879e-01 -1.23120300e-01 -1.10080719e-01 -9.60913748e-02
 -8.12094435e-02 -6.55599609e-02 -4.93829809e-02 -3.30665261e-02 -1.66129917e-02
 -4.15194299e-05  1.66321434e-02  3.33958156e-02  5.02410717e-02  6.71633705e-02
  8.41619596e-02  1.01239242e-01  1.18399173e-01  1.35643855e-01  1.52967051e-01
  1.70341983e-01  1.87698945e-01  2.04883710e-01  2.21571788e-01  2.37075344e-01
  5.27064390e-02  4.81061712e-02  3.99058275e-02  2.98942272e-02  1.95789952e-02
  9.20469686e-03 -1.24122459e-03 -1.17863771e-02 -2.24539507e-02 -3.32647189e-02
 -4.42388728e-02 -5.52506670e-02 -6.63905963e-02 -7.76449740e-02 -8.89308080e-02
 -1.00123607e-01 -1.11079395e-01 -1.21651463e-01 -1.31702021e-01 -1.41109630e-01
 -1.49773031e-01 -1.57612428e-01 -1.64568663e-01 -1.70601100e-01 -1.75684512e-01
 -1.79805428e-01 -1.82958379e-01 -1.85142413e-01 -1.86358199e-01 -1.86605960e-01
 -1.85884401e-01 -1.84190512e-01 -1.81520194e-01 -1.77869305e-01 -1.73234776e-01
 -1.67615518e-01 -1.61012813e-01 -1.53430045e-01 -1.44871905e-01 -1.35343641e-01
 -1.24851175e-01 -1.13403432e-01 -1.01018295e-01 -8.77339989e-02 -7.36272559e-02
 -5.88360243e-02 -4.35863063e-02 -2.83088032e-02 -1.28465490e-02  2.75860541e-03
  1.84704047e-02  3.42553593e-02  5.00815511e-02  6.59180582e-02  8.17345530e-02
  9.75006148e-02  1.13184474e-01  1.28750607e-01  1.44155622e-01  1.59341589e-01
  1.74225807e-01  1.88686118e-01  2.02542409e-01  2.15539932e-01  2.27354258e-01
  4.41001914e-02  3.90228108e-02  3.22130769e-02  2.41269879e-02  1.53721878e-02
  6.26071077e-03 -3.07557709e-03 -1.25821158e-02 -2.22388227e-02 -3.20424810e-02
 -4.19990122e-02 -5.19422963e-02 -6.19718321e-02 -7.20925257e-02 -8.22442099e-02
 -9.23248976e-02 -1.02209918e-01 -1.11767009e-01 -1.20867588e-01 -1.29394367e-01
 -1.37245849e-01 -1.44338265e-01 -1.50605574e-01 -1.55998200e-01 -1.60480782e-01
 -1.64029479e-01 -1.66629240e-01 -1.68271035e-01 -1.68949783e-01 -1.68662593e-01
 -1.67407766e-01 -1.65184289e-01 -1.61991835e-01 -1.57830879e-01 -1.52702838e-01
 -1.46610126e-01 -1.39555976e-01 -1.31544396e-01 -1.22580580e-01 -1.12672612e-01
 -1.01835690e-01 -9.01000649e-02 -7.75236934e-02 -6.42109066e-02 -5.03428727e-02
 -3.61896455e-02 -2.17888951e-02 -7.19827553e-03  7.55683053e-03  2.24392526e-02
  3.74058299e-02  5.24096452e-02  6.74009547e-02  8.23276713e-02  9.71356481e-02
  1.11768804e-01  1.26168773e-01  1.40273914e-01  1.54017374e-01  1.67323753e-01
  1.80104867e-01  1.92254797e-01  2.03646630e-01  2.14133486e-01  2.23558187e-01
  3.92495357e-02  3.48289758e-02  2.74267700e-02  1.93576720e-02  1.13268560e-02
  3.13022896e-03 -5.23414603e-03 -1.37439221e-02 -2.23829243e-02 -3.11456062e-02
 -4.00380082e-02 -4.88740802e-02 -5.77435754e-02 -6.66634142e-02 -7.55945742e-02
 -8.44585672e-02 -9.31524262e-02 -1.01561643e-01 -1.09570459e-01 -1.17069408e-01
 -1.23960242e-01 -1.30158573e-01 -1.35594785e-01 -1.40213564e-01 -1.43972561e-01
 -1.46840543e-01 -1.48795381e-01 -1.49822026e-01 -1.49910748e-01 -1.49055704e-01
 -1.47253796e-01 -1.44503951e-01 -1.40806586e-01 -1.36163265e-01 -1.30576417e-01
 -1.24049403e-01 -1.16586879e-01 -1.08195938e-01 -9.88887697e-02 -8.86878073e-02
 -7.76340738e-02 -6.58020601e-02 -5.33148125e-02 -4.03426178e-02 -2.72297431e-02
 -1.37638180e-02 -6.64879190e-06  1.39863295e-02  2.81640794e-02  4.24732603e-02
  5.68557568e-02  7.12478161e-02  8.55800137e-02  9.97777954e-02  1.13762558e-01
  1.27453193e-01  1.40767813e-01  1.53625324e-01  1.65946573e-01  1.77654728e-01
  1.88674852e-01  1.98933259e-01  2.08357230e-01  2.16876447e-01  2.24426687e-01
  3.22849900e-02  2.73486264e-02  2.12772377e-02  1.44087831e-02  7.18390662e-03
 -2.01521383e-04 -7.68599799e-03 -1.52476458e-02 -2.28762161e-02 -3.05650569e-02
 -3.83061804e-02 -4.60826978e-02 -5.37914112e-02 -6.14797622e-02 -6.91365004e-02
 -7.67095014e-02 -8.41199085e-02 -9.12737846e-02 -9.80716050e-02 -1.04415454e-01
 -1.10214196e-01 -1.15386650e-01 -1.19863249e-01 -1.23586357e-01 -1.26509801e-01
 -1.28597707e-01 -1.29823133e-01 -1.30166560e-01 -1.29614457e-01 -1.28157958e-01
 -1.25791848e-01 -1.22513667e-01 -1.18323229e-01 -1.13222256e-01 -1.07214622e-01
 -1.00307144e-01 -9.25116390e-02 -8.38478506e-02 -7.43480697e-02 -6.40663728e-02
 -5.30804209e-02 -4.15321887e-02 -2.96921376e-02 -1.74063817e-02 -4.74993559e-03
  8.25355295e-03  2.15665959e-02  3.51434238e-02  4.89313416e-02  6.28696904e-02
  7.68884420e-02  9.09071639e-02  1.04834676e-01  1.18569888e-01  1.32004023e-01
  1.45024374e-01  1.57519415e-01  1.69384420e-01  1.80526793e-01  1.90870255e-01
  2.00357005e-01  2.08947971e-01  2.16621384e-01  2.23370329e-01  2.29200259e-01
  2.80968379e-02  2.41994262e-02  1.67811103e-02  9.53612477e-03  2.74795247e-03
 -3.93798109e-03 -1.05860811e-02 -1.72179174e-02 -2.38450523e-02 -3.04747429e-02
 -3.71109061e-02 -4.37549725e-02 -5.02645336e-02 -5.66915199e-02 -6.30393326e-02
 -6.92754611e-02 -7.53421858e-02 -8.11658055e-02 -8.66645053e-02 -9.17546377e-02
 -9.63556021e-02 -1.00393161e-01 -1.03801526e-01 -1.06524371e-01 -1.08514905e-01
 -1.09735467e-01 -1.10156663e-01 -1.09756291e-01 -1.08518310e-01 -1.06431752e-01
 -1.03489950e-01 -9.96899828e-02 -9.50327218e-02 -8.95232111e-02 -8.31715986e-02
 -7.59952590e-02 -6.80250004e-02 -5.93094230e-02 -4.99112085e-02 -3.99613865e-02
 -2.94848569e-02 -1.85060315e-02 -7.07221683e-03  4.80330084e-03  1.70946717e-02
  2.97743119e-02  4.28089425e-02  5.61575405e-02  6.97693601e-02  8.35814103e-02
  9.75156352e-02  1.11476175e-01  1.25347361e-01  1.38993591e-01  1.52262047e-01
  1.64989710e-01  1.77014217e-01  1.88187420e-01  1.98388621e-01  2.07534775e-01
  2.15585753e-01  2.22544074e-01  2.28449360e-01  2.33368516e-01  2.37383768e-01
  1.96909867e-02  1.48966163e-02  9.36133787e-03  3.40909697e-03 -2.56464584e-03
 -8.42186343e-03 -1.41603407e-02 -1.98086221e-02 -2.53942478e-02 -3.09373364e-02
 -3.64507660e-02 -4.19416949e-02 -4.72441129e-02 -5.24084978e-02 -5.74453324e-02
 -6.23354353e-02 -6.70380071e-02 -7.14975148e-02 -7.56496862e-02 -7.94265643e-02
 -8.27605650e-02 -8.55875909e-02 -8.78492072e-02 -8.94939601e-02 -9.04780552e-02
 -9.07653421e-02 -9.03270468e-02 -8.91411826e-02 -8.71919394e-02 -8.44690874e-02
 -8.09674934e-02 -7.66870826e-02 -7.16347173e-02 -6.58260286e-02 -5.92857115e-02
 -5.20415828e-02 -4.41560969e-02 -3.57517004e-02 -2.67626867e-02 -1.72181074e-02
 -7.14020012e-03  3.45187983e-03  1.45393936e-02  2.61075050e-02  3.81407961e-02
  5.06216474e-02  6.35279119e-02  7.68301487e-02  9.04881805e-02  1.04446657e-01
  1.18629456e-01  1.32932916e-01  1.47218615e-01  1.61307290e-01  1.74977645e-01
  1.87975183e-01  2.00035051e-01  2.10915536e-01  2.20431030e-01  2.28474215e-01
  2.35025555e-01  2.40151778e-01  2.43993074e-01  2.46737674e-01  2.48587728e-01
  1.28770582e-02  8.73692986e-03  2.33889301e-03 -3.73579934e-03 -9.00912099e-03
 -1.39043955e-02 -1.85809266e-02 -2.31236927e-02 -2.75808759e-02 -3.19792219e-02
 -3.63332704e-02 -4.06526290e-02 -4.47634086e-02 -4.86944094e-02 -5.24529889e-02
 -5.60267717e-02 -5.93873039e-02 -6.24942705e-02 -6.52996376e-02 -6.77513108e-02
 -6.97961152e-02 -7.13823587e-02 -7.24618658e-02 -7.29915351e-02 -7.29342476e-02
 -7.22593889e-02 -7.09429234e-02 -6.89672455e-02 -6.63214028e-02 -6.30012751e-02
 -5.90087436e-02 -5.43476939e-02 -4.90353554e-02 -4.31106016e-02 -3.66501287e-02
 -2.95995139e-02 -2.19799671e-02 -1.38154086e-02 -5.11055952e-03  4.12761839e-03
  1.38930306e-02  2.41813436e-02  3.49901058e-02  4.63188328e-02  5.81680760e-02
  7.05381632e-02  8.34273994e-02  9.68295112e-02  1.10729881e-01  1.25100031e-01
  1.39889315e-01  1.55012876e-01  1.70334071e-01  1.85640618e-01  2.00617373e-01
  2.14833528e-01  2.27783561e-01  2.39000306e-01  2.48158857e-01  2.55101889e-01
  2.59839267e-01  2.62545854e-01  2.63557464e-01  2.63327122e-01  2.62303829e-01
  4.80198389e-04 -4.63309372e-03 -9.27965809e-03 -1.34078544e-02 -1.70973800e-02
 -2.05379892e-02 -2.38603037e-02 -2.71250792e-02 -3.03539578e-02 -3.35490406e-02
 -3.67016755e-02 -3.97947542e-02 -4.27991040e-02 -4.55652513e-02 -4.81099673e-02
 -5.04297130e-02 -5.25066443e-02 -5.43131791e-02 -5.58158718e-02 -5.69784120e-02
 -5.77623993e-02 -5.81295043e-02 -5.80436289e-02 -5.74726015e-02 -5.63894548e-02
 -5.47733158e-02 -5.26098162e-02 -4.98893224e-02 -4.66103293e-02 -4.27834578e-02
 -3.84387970e-02 -3.35522518e-02 -2.81311423e-02 -2.21884269e-02 -1.57380737e-02
 -8.78059398e-03 -1.31900981e-03  6.64417539e-03  1.51102645e-02  2.40833517e-02
  3.35704088e-02  4.35815528e-02  5.41303270e-02  6.52338788e-02  7.69130066e-02
  8.91919434e-02  1.02097906e-01  1.15660064e-01  1.29907504e-01  1.44865558e-01
  1.60548955e-01  1.76949918e-01  1.94016799e-01  2.11613759e-01  2.29434237e-01
  2.46799424e-01  2.62414664e-01  2.75008947e-01  2.84283966e-01  2.89987743e-01
  2.92203844e-01  2.91211545e-01  2.87500501e-01  2.82506645e-01  2.77380437e-01
 -1.53222876e-02 -2.16815975e-02 -2.41348632e-02 -2.50704065e-02 -2.62628719e-02
 -2.78177448e-02 -2.96055712e-02 -3.15294378e-02 -3.35240886e-02 -3.55419964e-02
 -3.75458337e-02 -3.95050980e-02 -4.13951576e-02 -4.30329405e-02 -4.44238149e-02
 -4.55617681e-02 -4.64319028e-02 -4.70135286e-02 -4.72844057e-02 -4.72283624e-02
 -4.68204170e-02 -4.60341536e-02 -4.48451675e-02 -4.32330295e-02 -4.11827825e-02
 -3.86864841e-02 -3.57502475e-02 -3.23648527e-02 -2.85285302e-02 -2.42448933e-02
 -1.95200611e-02 -1.43556315e-02 -8.75482615e-03 -2.72125518e-03  3.74299055e-03
  1.06394496e-02  1.79724935e-02  2.57495865e-02  3.39818634e-02  4.26843502e-02
  5.18762656e-02  6.15814142e-02  7.18287230e-02  8.26529860e-02  9.40958485e-02
  1.06206983e-01  1.19045720e-01  1.32682845e-01  1.47202790e-01  1.62705630e-01
  1.79308593e-01  1.97145805e-01  2.16365561e-01  2.37127438e-01  2.59635329e-01
  2.84563750e-01  3.13156337e-01  3.21134508e-01  3.34516168e-01  3.37022036e-01
  3.34554255e-01  3.33351105e-01  3.14205915e-01  3.00939947e-01  2.90769815e-01
 -2.87035648e-02 -3.64566855e-02 -3.63747776e-02 -3.47581133e-02 -3.43116410e-02
 -3.45134959e-02 -3.50898616e-02 -3.58883850e-02 -3.68069634e-02 -3.77710834e-02
 -3.87248211e-02 -3.96272242e-02 -4.04528566e-02 -4.10197154e-02 -4.13264707e-02
 -4.13621478e-02 -4.11091931e-02 -4.05437797e-02 -3.96329388e-02 -3.84374894e-02
 -3.69234383e-02 -3.50677371e-02 -3.28543000e-02 -3.02725807e-02 -2.73170825e-02
 -2.39870250e-02 -2.02856716e-02 -1.62170548e-02 -1.17869200e-02 -7.00224889e-03
 -1.87001936e-03  3.60434502e-03  9.41730849e-03  1.55679248e-02  2.20586844e-02
  2.88962331e-02  3.60916257e-02  4.36605178e-02  5.16232848e-02  6.00051619e-02
  6.88364655e-02  7.81529993e-02  8.79967883e-02  9.84172001e-02  1.09472655e-01
  1.21233135e-01  1.33783683e-01  1.47229418e-01  1.61702529e-01  1.77372068e-01
  1.94457218e-01  2.13244230e-01  2.34105185e-01  2.57519782e-01  2.84163475e-01
  3.14474940e-01  3.35152626e-01  3.49373698e-01  3.60340118e-01  3.59178275e-01
  3.58379066e-01  3.43206406e-01  3.25132489e-01  3.09878886e-01  2.97599614e-01
 -3.21383327e-02 -3.88929695e-02 -4.11594473e-02 -4.09864634e-02 -4.04242054e-02
 -4.00542468e-02 -3.99173088e-02 -3.99407223e-02 -4.00399603e-02 -4.01403122e-02
 -4.01794054e-02 -4.01043333e-02 -3.98659483e-02 -3.94083485e-02 -3.86975259e-02
 -3.77096571e-02 -3.64261344e-02 -3.48320678e-02 -3.29175219e-02 -3.06830462e-02
 -2.81233136e-02 -2.52333116e-02 -2.20107678e-02 -1.84571128e-02 -1.45777129e-02
 -1.03816418e-02 -5.88101288e-03 -1.08985766e-03  3.97681491e-03  9.30417515e-03
  1.48789315e-02  2.06907354e-02  2.67333630e-02  3.30057219e-02  3.95126007e-02
  4.62650955e-02  5.32806776e-02  6.05830178e-02  6.82016164e-02  7.61714876e-02
  8.45329314e-02  9.33316052e-02  1.02619015e-01  1.12453587e-01  1.22902505e-01
  1.34044498e-01  1.45974055e-01  1.58807620e-01  1.72692895e-01  1.87823057e-01
  2.04459518e-01  2.22969696e-01  2.43892640e-01  2.68037170e-01  2.96141982e-01
  3.22380006e-01  3.39422226e-01  3.54037702e-01  3.59202623e-01  3.60039413e-01
  3.53218585e-01  3.37150395e-01  3.21123809e-01  3.07548583e-01  2.96171099e-01
 -4.21699882e-02 -5.10929041e-02 -4.93164621e-02 -4.65784520e-02 -4.53731716e-02
 -4.46729660e-02 -4.41802032e-02 -4.37545739e-02 -4.33023088e-02 -4.27531451e-02
 -4.20530550e-02 -4.11593840e-02 -4.00368497e-02 -3.86550240e-02 -3.69899720e-02
 -3.50231938e-02 -3.27405445e-02 -3.01318448e-02 -2.71910522e-02 -2.39164606e-02
 -2.03092135e-02 -1.63737144e-02 -1.21182967e-02 -7.55567709e-03 -2.70307739e-03
  2.41804100e-03  7.78265996e-03  1.33633204e-02  1.91316102e-02  2.50600111e-02
  3.11239995e-02  3.73042077e-02  4.35883813e-02  4.99728993e-02  5.64637221e-02
  6.30765855e-02  6.98365346e-02  7.67768994e-02  8.39380175e-02  9.13658142e-02
  9.91106927e-02  1.07226774e-01  1.15771703e-01  1.24807104e-01  1.34399727e-01
  1.44623473e-01  1.55562207e-01  1.67314067e-01  1.79997236e-01  1.93758532e-01
  2.08786204e-01  2.25330174e-01  2.43733272e-01  2.64443487e-01  2.87362754e-01
  3.07097316e-01  3.20594698e-01  3.31978381e-01  3.35604817e-01  3.36326271e-01
  3.29849392e-01  3.18113476e-01  3.07024002e-01  2.97055990e-01  2.88157821e-01
 -3.85026932e-02 -4.57277261e-02 -4.87558804e-02 -4.92296331e-02 -4.89868782e-02
 -4.86350134e-02 -4.82166037e-02 -4.76581715e-02 -4.68902476e-02 -4.58664745e-02
 -4.45591398e-02 -4.29514647e-02 -4.10316065e-02 -3.87892537e-02 -3.62145826e-02
 -3.32982577e-02 -3.00321057e-02 -2.64101233e-02 -2.24295761e-02 -1.80919264e-02
 -1.34034194e-02 -8.37567169e-03 -3.02618206e-03  2.62130634e-03  8.53665359e-03
  1.46834990e-02  2.10199021e-02  2.74996404e-02  3.40742916e-02  4.06961478e-02
  4.73218113e-02  5.39160371e-02  6.04553558e-02  6.69307858e-02  7.33493045e-02
  7.97336623e-02  8.61208141e-02  9.25591663e-02  9.91052687e-02  1.05820484e-01
  1.12768248e-01  1.20011978e-01  1.27614006e-01  1.35635227e-01  1.44135341e-01
  1.53173596e-01  1.62809581e-01  1.73103839e-01  1.84117675e-01  1.95911124e-01
  2.08536521e-01  2.22022474e-01  2.36336365e-01  2.51302719e-01  2.66270041e-01
  2.79426724e-01  2.89930612e-01  2.97411382e-01  3.01545918e-01  3.02204818e-01
  2.99417883e-01  2.94408917e-01  2.88527161e-01  2.82377809e-01  2.76311547e-01
 -4.70352992e-02 -5.71047328e-02 -5.42180538e-02 -5.23587056e-02 -5.24504632e-02
 -5.27371392e-02 -5.27379215e-02 -5.22836037e-02 -5.13327606e-02 -4.98985983e-02
 -4.80122864e-02 -4.57049496e-02 -4.29996587e-02 -3.99091430e-02 -3.64368297e-02
 -3.25796269e-02 -2.83313897e-02 -2.36862972e-02 -1.86417419e-02 -1.32005056e-02
 -7.37221399e-03 -1.17424014e-03  5.36772935e-03  1.22192241e-02  1.93364806e-02
  2.66659707e-02  3.41443010e-02  4.16990891e-02  4.92514446e-02  5.67205325e-02
  6.40300885e-02  7.11161196e-02  7.79343843e-02  8.44661146e-02  9.07207653e-02
  9.67351496e-02  1.02569252e-01  1.08299524e-01  1.14011303e-01  1.19791746e-01
  1.25724375e-01  1.31885648e-01  1.38343334e-01  1.45156056e-01  1.52373582e-01
  1.60037085e-01  1.68178946e-01  1.76821470e-01  1.85973719e-01  1.95625320e-01
  2.05735371e-01  2.16213778e-01  2.26891905e-01  2.37482727e-01  2.47553840e-01
  2.56584257e-01  2.64106423e-01  2.69790947e-01  2.73458600e-01  2.75092363e-01
  2.74867088e-01  2.73147553e-01  2.70378888e-01  2.66956061e-01  2.63178706e-01
 -3.42804119e-02 -4.25076522e-02 -4.85209636e-02 -5.28792106e-02 -5.61281778e-02
 -5.82021847e-02 -5.90039343e-02 -5.86656369e-02 -5.73970452e-02 -5.53822294e-02
 -5.27639762e-02 -4.96435054e-02 -4.60829549e-02 -4.21113707e-02 -3.77333201e-02
 -3.29383239e-02 -2.77095828e-02 -2.20311135e-02 -1.58929992e-02 -9.29476228e-03
 -2.24699965e-03  5.22833643e-03  1.30983340e-02  2.13192105e-02  2.98352707e-02
  3.85765284e-02  4.74556126e-02  5.63655496e-02  6.51807040e-02  7.37630725e-02
  8.19749609e-02  8.96960050e-02  9.68406796e-02  1.03371538e-01  1.09305382e-01
  1.14710808e-01  1.19697534e-01  1.24399744e-01  1.28958091e-01  1.33504897e-01
  1.38155043e-01  1.43002510e-01  1.48120388e-01  1.53562918e-01  1.59367681e-01
  1.65557295e-01  1.72140121e-01  1.79109424e-01  1.86441019e-01  1.94088876e-01
  2.01978698e-01  2.09999815e-01  2.17997208e-01  2.25767955e-01  2.33069316e-01
  2.39643738e-01  2.45254904e-01  2.49721512e-01  2.52939850e-01  2.54895389e-01
  2.55663276e-01  2.55393445e-01  2.54279882e-01  2.52525389e-01  2.50315309e-01
 -2.95213405e-02 -3.87326516e-02 -4.77480292e-02 -5.65383397e-02 -6.44854531e-02
 -6.87800124e-02 -6.93333745e-02 -6.81983232e-02 -6.58909455e-02 -6.27363175e-02
 -5.89912944e-02 -5.48150539e-02 -5.02820835e-02 -4.54019569e-02 -4.01430614e-02
 -3.44547629e-02 -2.82839909e-02 -2.15864554e-02 -1.43338107e-02 -6.51766034e-03
  1.84968195e-03  1.07381856e-02  2.01055743e-02  2.99015548e-02  4.00672443e-02
  5.05285114e-02  6.11841716e-02  7.18918815e-02  8.24577138e-02  9.26391408e-02
  1.02170706e-01  1.10809162e-01  1.18379347e-01  1.24805070e-01  1.30122304e-01
  1.34475023e-01  1.38089880e-01  1.41230375e-01  1.44147813e-01  1.47049621e-01
  1.50090426e-01  1.53376952e-01  1.56977847e-01  1.60932869e-01  1.65260032e-01
  1.69960111e-01  1.75019011e-01  1.80408567e-01  1.86085671e-01  1.91990763e-01
  1.98045447e-01  2.04150751e-01  2.10186645e-01  2.16014743e-01  2.21485510e-01
  2.26449892e-01  2.30773881e-01  2.34352693e-01  2.37121686e-01  2.39062160e-01
  2.40200862e-01  2.40603387e-01  2.40362644e-01  2.39585266e-01  2.38379464e-01
 -2.63653509e-02 -3.68699655e-02 -4.84219268e-02 -6.15855083e-02 -7.65698180e-02
 -8.41677338e-02 -8.47143158e-02 -8.18138123e-02 -7.69709721e-02 -7.17320219e-02
 -6.62868246e-02 -6.07966818e-02 -5.52753508e-02 -4.96110581e-02 -4.36502472e-02
 -3.72451805e-02 -3.02696042e-02 -2.26280689e-02 -1.42611926e-02 -5.14964759e-03
  4.67916718e-03  1.51605187e-02  2.62218639e-02  3.78069803e-02  4.98786531e-02
  6.24029562e-02  7.53201321e-02  8.85009468e-02  1.01686835e-01  1.14436261e-01
  1.26161367e-01  1.36310279e-01  1.44519597e-01  1.50636211e-01  1.54729426e-01
  1.57106116e-01  1.58305049e-01  1.58931568e-01  1.59458920e-01  1.60181239e-01
  1.61258265e-01  1.62766367e-01  1.64733350e-01  1.67158529e-01  1.70023844e-01
  1.73299536e-01  1.76946655e-01  1.80917904e-01  1.85157388e-01  1.89600036e-01
  1.94171026e-01  1.98785841e-01  2.03351319e-01  2.07768381e-01  2.11936325e-01
  2.15758875e-01  2.19150811e-01  2.22044483e-01  2.24394783e-01  2.26181835e-01
  2.27411017e-01  2.28110150e-01  2.28324592e-01  2.28111342e-01  2.27532908e-01
 -2.19589230e-02 -3.27939130e-02 -4.50979844e-02 -5.96125498e-02 -7.75706992e-02
 -8.93252268e-02 -9.63646695e-02 -9.45714861e-02 -8.94290805e-02 -8.09622183e-02
 -7.29692504e-02 -6.62639290e-02 -6.02933355e-02 -5.44388443e-02 -4.82853428e-02
 -4.15980555e-02 -3.41245271e-02 -2.57058796e-02 -1.62720289e-02 -5.71678206e-03
  5.89246256e-03  1.82886794e-02  3.12652700e-02  4.47663926e-02  5.88423461e-02
  7.35993981e-02  8.91631469e-02  1.05634555e-01  1.22982383e-01  1.40662581e-01
  1.56739846e-01  1.69440642e-01  1.78818569e-01  1.84170842e-01  1.86007962e-01
  1.84068099e-01  1.80314749e-01  1.76734805e-01  1.73926651e-01  1.71993166e-01
  1.70901194e-01  1.70579731e-01  1.70950338e-01  1.71936825e-01  1.73467353e-01
  1.75473809e-01  1.77890345e-01  1.80651680e-01  1.83691576e-01  1.86941832e-01
  1.90331474e-01  1.93786919e-01  1.97232649e-01  2.00592861e-01  2.03793883e-01
  2.06767201e-01  2.09452748e-01  2.11801887e-01  2.13779867e-01  2.15367049e-01
  2.16559008e-01  2.17365265e-01  2.17807025e-01  2.17914358e-01  2.17722982e-01
 -1.52251283e-02 -2.50921678e-02 -3.59986052e-02 -4.81108427e-02 -6.12132400e-02
 -7.44965300e-02 -9.03365165e-02 -9.23395455e-02 -9.32224840e-02 -8.27748626e-02
 -7.41647705e-02 -6.85052648e-02 -6.48450255e-02 -6.02550097e-02 -5.40300235e-02
 -4.84491102e-02 -4.09785099e-02 -3.13945152e-02 -2.19352785e-02 -9.63738654e-03
  5.37880883e-03  2.04549488e-02  3.54602635e-02  5.06489351e-02  6.63330629e-02
  8.28623325e-02  1.00653768e-01  1.20253287e-01  1.42465353e-01  1.68820500e-01
  1.97619468e-01  2.06829309e-01  2.25549355e-01  2.21962124e-01  2.28972614e-01
  2.12369040e-01  1.99862197e-01  1.91206411e-01  1.85050547e-01  1.80715963e-01
  1.77778453e-01  1.75950736e-01  1.75027668e-01  1.74855471e-01  1.75313115e-01
  1.76300645e-01  1.77731708e-01  1.79528624e-01  1.81619093e-01  1.83934167e-01
  1.86406955e-01  1.88972145e-01  1.91566125e-01  1.94127679e-01  1.96599185e-01
  1.98928073e-01  2.01068357e-01  2.02982187e-01  2.04640895e-01  2.06025645e-01
  2.07127437e-01  2.07946494e-01  2.08491161e-01  2.08776340e-01  2.08821833e-01
 -6.63012313e-03 -1.48253664e-02 -2.35815886e-02 -3.28737423e-02 -4.25581411e-02
 -5.23662530e-02 -6.16973080e-02 -7.02070668e-02 -8.22071508e-02 -6.99115694e-02
 -6.47343174e-02 -6.25233203e-02 -6.39323145e-02 -6.18030317e-02 -5.40551320e-02
 -5.16228415e-02 -4.46223542e-02 -3.26940306e-02 -2.59600617e-02 -1.22209163e-02
  7.10640615e-03  2.40526628e-02  4.00263853e-02  5.58017343e-02  7.19207972e-02
  8.88634846e-02  1.07154593e-01  1.27466798e-01  1.50751904e-01  1.78312525e-01
  2.05545545e-01  2.18291059e-01  2.33459547e-01  2.33323380e-01  2.35813901e-01
  2.21321911e-01  2.07200661e-01  1.97069868e-01  1.89767048e-01  1.84488073e-01
  1.80718571e-01  1.78121626e-01  1.76465377e-01  1.75580561e-01  1.75336272e-01
  1.75626159e-01  1.76360235e-01  1.77459747e-01  1.78853765e-01  1.80477068e-01
  1.82268649e-01  1.84171095e-01  1.86130211e-01  1.88095286e-01  1.90019518e-01
  1.91860631e-01  1.93581700e-01  1.95151761e-01  1.96546391e-01  1.97747886e-01
  1.98745385e-01  1.99534386e-01  2.00116202e-01  2.00497091e-01  2.00687304e-01
  2.64650154e+00  2.73967767e+00  2.79967880e+00  2.84240150e+00  2.87144637e+00
  2.88326430e+00  2.88040757e+00  2.86887574e+00  2.85017896e+00  2.82764149e+00
  2.80079603e+00  2.77273226e+00  2.74358630e+00  2.71419024e+00  2.68590450e+00
  2.65775919e+00  2.63109851e+00  2.60567617e+00  2.58213019e+00  2.56020117e+00
  2.54070830e+00  2.52333307e+00  2.50859118e+00  2.49587202e+00  2.48565102e+00
  2.47775745e+00  2.47199082e+00  2.46824360e+00  2.46640658e+00  2.46664882e+00
  2.46864700e+00  2.47243500e+00  2.47804523e+00  2.48541784e+00  2.49451494e+00
  2.50551867e+00  2.51823735e+00  2.53286982e+00  2.54951072e+00  2.56818128e+00
  2.58905888e+00  2.61219907e+00  2.63779616e+00  2.66611004e+00  2.69730592e+00
  2.73159552e+00  2.76944232e+00  2.81097436e+00  2.85676289e+00  2.90731430e+00
  2.96275282e+00  3.02434063e+00  3.09237194e+00  3.16777134e+00  3.25188637e+00
  3.34590769e+00  3.45205975e+00  3.57366109e+00  3.71257067e+00  3.87670350e+00
  4.07181787e+00  4.31300068e+00  4.63036060e+00  5.13334894e+00  7.61196280e+00
   91   89
  1.04646230e+00  0.00000000e+00  1.04769385e+00  1.00000001e-01  1.05248010e+00
  2.00000003e-01  1.05619335e+00  2.50000000e-01  1.06500602e+00  3.49999994e-01
  1.07517719e+00  4.49999988e-01  1.08055675e+00  5.00000000e-01  1.09052563e+00
  6.00000024e-01  1.10028517e+00  6.99999988e-01  1.10562503e+00  7.51171172e-01
  1.11716521e+00  8.50000024e-01  1.12815833e+00  9.49999988e-01  1.13397956e+00
  1.00000000e+00  1.14319742e+00  1.09394598e+00  1.14728808e+00  1.13789201e+00
  1.21187496e+00  1.12527680e+00  1.26499999e+00  1.11186993e+00  1.30749512e+00
  1.10000002e+00  1.34468746e+00  1.09112740e+00  1.39781249e+00  1.07752359e+00
  1.45093751e+00  1.06248260e+00  1.49011290e+00  1.04999995e+00  1.53062499e+00
  1.03740418e+00  1.58375001e+00  1.01828599e+00  1.62734568e+00  1.00000000e+00
  1.66343749e+00  9.84503329e-01  1.71656251e+00  9.57439840e-01  1.74312496e+00
  9.42606091e-01  1.79624999e+00  9.09376442e-01  1.82281256e+00  8.90988648e-01
  1.87584126e+00  8.50000024e-01  1.90250003e+00  8.27723384e-01  1.93250561e+00
  8.00000012e-01  1.98218751e+00  7.50752449e-01  2.00874996e+00  7.22379982e-01
  2.03531241e+00  6.91592932e-01  2.06811476e+00  6.49999976e-01  2.10371685e+00
  6.00000024e-01  2.13495159e+00  5.50000012e-01  2.16234040e+00  5.00000000e-01
  2.18654108e+00  4.49999988e-01  2.20821047e+00  4.00000006e-01  2.22790861e+00
  3.49999994e-01  2.24781251e+00  2.95210361e-01  2.27437496e+00  2.09619075e-01
  2.28985620e+00  1.50000006e-01  2.30093741e+00  8.48994553e-02  2.30721498e+00
  0.00000000e+00  2.30093741e+00 -9.23218280e-02  2.29107237e+00 -1.50000006e-01
  2.27437496e+00 -2.14430541e-01  2.24781251e+00 -2.98550963e-01  2.22856951e+00
 -3.49999994e-01  2.20817232e+00 -4.00000006e-01  2.18550730e+00 -4.49999988e-01
  2.15990591e+00 -5.00000000e-01  2.13054156e+00 -5.50000012e-01  2.09653091e+00
 -6.00000024e-01  2.06187510e+00 -6.44672215e-01  2.03531241e+00 -6.75143003e-01
  2.00874996e+00 -7.02635288e-01  1.95791137e+00 -7.50000000e-01  1.92906249e+00
 -7.74556398e-01  1.89482486e+00 -8.00000012e-01  1.84937501e+00 -8.31049085e-01
  1.81625247e+00 -8.50000024e-01  1.76968753e+00 -8.74678433e-01  1.71656251e+00
 -8.96993995e-01  1.69000006e+00 -9.06684577e-01  1.63687503e+00 -9.23079133e-01
  1.58375001e+00 -9.34786201e-01  1.53062499e+00 -9.41989303e-01  1.47749996e+00
 -9.44482148e-01  1.42437506e+00 -9.41390991e-01  1.37125003e+00 -9.30731416e-01
  1.31812501e+00 -9.08313215e-01  1.29156256e+00 -8.90934885e-01  1.24852085e+00
 -8.50000024e-01  1.21270740e+00 -8.00000012e-01  1.18618596e+00 -7.50000000e-01
  1.16497052e+00 -6.99999988e-01  1.14724350e+00 -6.49999976e-01  1.13205242e+00
 -6.00000024e-01  1.10726619e+00 -5.00000000e-01  1.09635699e+00 -4.49999988e-01
  1.07906246e+00 -3.58230621e-01  1.06981051e+00 -3.00000012e-01  1.05766666e+00
 -2.00000003e-01  1.05250001e+00 -1.39579713e-01  1.04745519e+00 -5.00000007e-02
  1.04646230e+00  0.00000000e+00
  1.01600003e+00  0.00000000e+00  1.01600003e+00  9.63999987e-01  1.01800001e+00
  9.67999995e-01  1.01800001e+00  1.00100005e+00  1.01800001e+00  1.01900005e+00
  1.01800001e+00  1.07700002e+00  1.01800001e+00  1.07000005e+00  1.01800001e+00
  1.09599996e+00  1.01800001e+00  1.11300004e+00  1.01800001e+00  1.13800001e+00
  1.01600003e+00  1.14699996e+00  1.01199996e+00  1.16499996e+00  1.00100005e+00
  1.21700001e+00  1.02900004e+00  1.21700001e+00  1.04200006e+00  1.16240001e+00
  1.04600000e+00  1.16237998e+00  1.05599999e+00  1.16260004e+00  1.09700000e+00
  1.16450000e+00  1.10800004e+00  1.16594005e+00  1.11600006e+00  1.16591001e+00
  1.13399994e+00  1.16895998e+00  1.14800000e+00  1.17174995e+00  1.16199994e+00
  1.17556000e+00  1.18099999e+00  1.18299997e+00  1.18200004e+00  1.18350005e+00
  1.18499994e+00  1.18499994e+00  1.19000006e+00  1.18799996e+00  1.19500005e+00
  1.19099998e+00  1.20099998e+00  1.19599998e+00  1.20899999e+00  1.20200002e+00
  1.21500003e+00  1.20799994e+00  1.22200000e+00  1.21399999e+00  1.22800004e+00
  1.22099996e+00  1.23399997e+00  1.23099995e+00  1.23899996e+00  1.23800004e+00
  1.24199998e+00  1.24399996e+00  1.24800003e+00  1.25399995e+00  1.25800002e+00
  1.27800000e+00  1.26300001e+00  1.28999996e+00  1.27999997e+00  1.33099997e+00
  1.27999997e+00  1.34700000e+00  1.27999997e+00  1.34800005e+00  1.30999994e+00
  1.34800005e+00  1.32799995e+00  1.34800005e+00  1.36099994e+00  1.34800005e+00
  1.38000000e+00  1.34800005e+00  1.41900003e+00  1.34800005e+00  1.41900003e+00
  1.30999994e+00  1.37199998e+00  1.30999994e+00  1.37199998e+00  1.29200006e+00
  1.60800004e+00  1.09500003e+00  1.64699996e+00  1.07700002e+00  1.78499997e+00
  1.07700002e+00  2.06999993e+00  1.03999996e+00  2.12800002e+00  9.92999971e-01
  2.24499989e+00  7.08999991e-01  2.32299995e+00  5.18999994e-01  2.37700009e+00
  3.88999999e-01  2.35200000e+00  4.00000006e-01  2.35100007e+00  3.37000012e-01
  2.35100007e+00  2.04999998e-01  2.35400009e+00  6.80000037e-02  2.35400009e+00
  0.00000000e+00  2.35400009e+00 -6.80000037e-02  2.35299993e+00 -2.04999998e-01
  2.35100007e+00 -3.37000012e-01  2.35299993e+00 -4.00000006e-01  2.37700009e+00
 -3.88999999e-01  2.13400006e+00 -9.72999990e-01  1.78600001e+00 -1.17400002e+00
  1.76800001e+00 -1.21099997e+00  1.76800001e+00 -1.25399995e+00  1.68200004e+00
 -1.25399995e+00  1.67400002e+00 -1.26199996e+00  1.67400002e+00 -1.32900000e+00
  1.68099999e+00 -1.33899999e+00  1.75399995e+00 -1.33899999e+00  1.75399995e+00
 -1.36800003e+00  1.68900001e+00 -1.36800003e+00  1.68900001e+00 -1.36600006e+00
  1.55499995e+00 -1.36600006e+00  1.41199994e+00 -1.36600006e+00  1.27300000e+00
 -1.36600006e+00  1.15300000e+00 -1.36600006e+00  1.01600003e+00 -1.22899997e+00
  1.01600003e+00 -8.00000012e-01  1.01600003e+00 -4.14999992e-01  1.01600003e+00
 -4.00000006e-01  1.01600003e+00  0.00000000e+00
    0 0.000000000e+00    0
  0.00000000e+00  1.20301284e-01  1.71413764e-01  2.11111367e-01  2.43566379e-01
  2.73520797e-01  3.00438195e-01  3.25182438e-01  3.48008692e-01  3.69340271e-01
  3.89205992e-01  4.08108979e-01  4.25836354e-01  4.42733914e-01  4.58869219e-01
  4.74287957e-01  4.89002466e-01  5.03237545e-01  5.16945302e-01  5.30126035e-01
  5.42928398e-01  5.55367053e-01  5.67413211e-01  5.79188168e-01  5.90653360e-01
  6.01860404e-01  6.12843871e-01  6.23628497e-01  6.34192288e-01  6.44571126e-01
  6.54829800e-01  6.64922833e-01  6.74870908e-01  6.84718549e-01  6.94461763e-01
  7.04098582e-01  7.13645816e-01  7.23124027e-01  7.32551455e-01  7.41912842e-01
  7.51220882e-01  7.60501087e-01  7.69758403e-01  7.79001236e-01  7.88229167e-01
  7.97458589e-01  8.06728125e-01  8.16000521e-01  8.25319529e-01  8.34695995e-01
  8.44111204e-01  8.53642344e-01  8.63270581e-01  8.72998774e-01  8.82875264e-01
  8.92884910e-01  9.03096378e-01  9.13571596e-01  9.24250245e-01  9.35276568e-01
  9.46640015e-01  9.58519995e-01  9.70987499e-01  9.84422088e-01  1.00000000e+00
    0
