   EFIT?   05/12/98      #102940  1134             3  65  65
  1.70000005e+00  3.20000005e+00  1.69550002e+00  8.39999974e-01  0.00000000e+00
  1.77774954e+00  1.95266567e-02 -2.74326712e-01 -1.66531745e-02 -1.99969614e+00
  1.47574850e+06 -2.74326712e-01  0.00000000e+00  1.77774954e+00  0.00000000e+00
  1.95266567e-02  0.00000000e+00 -1.66531745e-02  0.00000000e+00  0.00000000e+00
 -3.42993832e+00 -3.43766069e+00 -3.44403744e+00 -3.44921112e+00 -3.45331025e+00
 -3.45645070e+00 -3.45873690e+00 -3.46026349e+00 -3.46111608e+00 -3.46137261e+00
 -3.46110296e+00 -3.46037173e+00 -3.45923686e+00 -3.45775151e+00 -3.45596409e+00
 -3.45391893e+00 -3.45165634e+00 -3.44921327e+00 -3.44662380e+00 -3.44391918e+00
 -3.44112778e+00 -3.43827605e+00 -3.43538809e+00 -3.43248510e+00 -3.42958736e+00
 -3.42671251e+00 -3.42387676e+00 -3.42109442e+00 -3.41837859e+00 -3.41574121e+00
 -3.41319275e+00 -3.41074228e+00 -3.40839839e+00 -3.40616798e+00 -3.40405726e+00
 -3.40207148e+00 -3.40021515e+00 -3.39849138e+00 -3.39690328e+00 -3.39545250e+00
 -3.39414001e+00 -3.39296603e+00 -3.39192986e+00 -3.39103055e+00 -3.39026523e+00
 -3.38963151e+00 -3.38912487e+00 -3.38874078e+00 -3.38847327e+00 -3.38831592e+00
 -3.38826013e+00 -3.38829756e+00 -3.38841796e+00 -3.38860941e+00 -3.38885951e+00
 -3.38915348e+00 -3.38947582e+00 -3.38980818e+00 -3.39013147e+00 -3.39042354e+00
 -3.39066052e+00 -3.39081597e+00 -3.39086056e+00 -3.39076185e+00 -3.39048481e+00
  7.80129531e+04  6.96684141e+04  6.22416484e+04  5.56645820e+04  4.98724883e+04
  4.48038477e+04  4.04002070e+04  3.66060820e+04  3.33687852e+04  3.06383633e+04
  2.83674453e+04  2.65111602e+04  2.50270352e+04  2.38748965e+04  2.30167891e+04
  2.24168867e+04  2.20414121e+04  2.18585742e+04  2.18384863e+04  2.19530996e+04
  2.21761543e+04  2.24831113e+04  2.28510957e+04  2.32588594e+04  2.36867227e+04
  2.41165352e+04  2.45316387e+04  2.49168203e+04  2.52582949e+04  2.55436621e+04
  2.57618828e+04  2.59032578e+04  2.59594004e+04  2.59232266e+04  2.57889297e+04
  2.55519746e+04  2.52090859e+04  2.47582383e+04  2.41986582e+04  2.35308125e+04
  2.27564199e+04  2.18784492e+04  2.09011250e+04  1.98299375e+04  1.86716582e+04
  1.74343516e+04  1.61273945e+04  1.47614922e+04  1.33487090e+04  1.19024883e+04
  1.04376885e+04  8.97060742e+03  7.51902832e+03  6.10224902e+03  4.74113086e+03
  3.45814282e+03  2.27740942e+03  1.22476562e+03  3.27812744e+02 -3.84020874e+02
 -8.79414917e+02 -1.12508850e+03 -1.08572693e+03 -7.23903992e+02  0.00000000e+00
  7.18483734e+00  5.98765516e+00  4.91172743e+00  3.94625020e+00  3.08138990e+00
  2.30819845e+00  1.61853349e+00  1.00498796e+00  4.60823804e-01 -2.00864952e-02
 -4.43314254e-01 -8.13923419e-01 -1.13651502e+00 -1.41526794e+00 -1.65397525e+00
 -1.85607815e+00 -2.02469540e+00 -2.16265154e+00 -2.27250147e+00 -2.35655284e+00
 -2.41691637e+00 -2.45571709e+00 -2.47498989e+00 -2.47659874e+00 -2.46225190e+00
 -2.43351746e+00 -2.39183712e+00 -2.33853817e+00 -2.27484655e+00 -2.20189571e+00
 -2.12073874e+00 -2.03235579e+00 -1.93766403e+00 -1.83752453e+00 -1.73275089e+00
 -1.62411594e+00 -1.51235819e+00 -1.39818907e+00 -1.28229868e+00 -1.16536200e+00
 -1.04804456e+00 -9.31008875e-01 -8.14919770e-01 -7.00450480e-01 -5.88288367e-01
 -4.79141235e-01 -3.73743296e-01 -2.72861749e-01 -1.77303538e-01 -8.79224688e-02
 -5.62660303e-03  6.86136335e-02  1.33756965e-01  1.88682124e-01  2.32177943e-01
  2.62932748e-01  2.79522806e-01  2.80399770e-01  2.63877094e-01  2.28115246e-01
  1.71105400e-01  9.06518847e-02 -1.56471711e-02 -1.50420979e-01 -3.16549182e-01
 -2.19089825e+06 -1.95427562e+06 -1.73498825e+06 -1.53218538e+06 -1.34505238e+06
 -1.17280938e+06 -1.01470875e+06 -8.70034438e+05 -7.38099500e+05 -6.18245250e+05
 -5.09839344e+05 -4.12274781e+05 -3.24968312e+05 -2.47359203e+05 -1.78908062e+05
 -1.19095609e+05 -6.74215703e+04 -2.34035488e+04  1.34240391e+04  4.35109609e+04
  6.72921797e+04  8.51887891e+04  9.76089688e+04  1.04948844e+05  1.07593383e+05
  1.05917234e+05  1.00285555e+05  9.10548125e+04  7.85735469e+04  6.31831680e+04
  4.52186992e+04  2.50094922e+04  2.87997217e+03 -2.08496562e+04 -4.58627031e+04
 -7.18453047e+04 -9.84857266e+04 -1.25473672e+05 -1.52499609e+05 -1.79254109e+05
 -2.05427109e+05 -2.30707328e+05 -2.54781438e+05 -2.77333562e+05 -2.98044375e+05
 -3.16590562e+05 -3.32644094e+05 -3.45871344e+05 -3.55932594e+05 -3.62481094e+05
 -3.65162375e+05 -3.63613562e+05 -3.57462344e+05 -3.46326406e+05 -3.29812438e+05
 -3.07515250e+05 -2.79017094e+05 -2.43886422e+05 -2.01677250e+05 -1.51927938e+05
 -9.41603359e+04 -2.78786504e+04  4.74316289e+04  1.32304844e+05  2.27296344e+05
  3.39365229e-02  2.65169479e-02  1.85395945e-02  1.00262221e-02  1.12540298e-03
 -7.87974428e-03 -1.63578447e-02 -2.40789130e-02 -3.32686715e-02 -2.14772522e-02
 -1.57449041e-02 -1.26756374e-02 -1.27851162e-02 -1.02249179e-02 -2.37169373e-03
  8.50878423e-04  7.62513699e-03  1.91425141e-02  2.61721015e-02  3.88509333e-02
  5.68991043e-02  7.28847012e-02  8.80747139e-02  1.03176206e-01  1.18694775e-01
  1.35087267e-01  1.52859718e-01  1.72665000e-01  1.95434362e-01  2.22263128e-01
  2.47440219e-01  2.61073142e-01  2.73866087e-01  2.74821401e-01  2.74855703e-01
  2.61361301e-01  2.46635675e-01  2.35670730e-01  2.27464810e-01  2.21236303e-01
  2.16492221e-01  2.12912038e-01  2.10275829e-01  2.08422974e-01  2.07228780e-01
  2.06591621e-01  2.06425339e-01  2.06654534e-01  2.07211554e-01  2.08034307e-01
  2.09064975e-01  2.10249126e-01  2.11535379e-01  2.12875456e-01  2.14224488e-01
  2.15541527e-01  2.16790259e-01  2.17939541e-01  2.18964010e-01  2.19844371e-01
  2.20567480e-01  2.21126065e-01  2.21518308e-01  2.21747071e-01  2.21819118e-01
  2.62189284e-02  1.71084907e-02  6.96849730e-03 -4.35871817e-03 -1.66177005e-02
 -2.90458798e-02 -4.41192426e-02 -4.45903465e-02 -4.43503261e-02 -3.32842991e-02
 -2.43300367e-02 -1.81098636e-02 -1.37213320e-02 -8.69347248e-03 -2.27103778e-03
  3.64621496e-03  1.11018391e-02  2.04357598e-02  2.97560133e-02  4.14595231e-02
  5.56102321e-02  6.99408725e-02  8.43164623e-02  9.89772305e-02  1.14231676e-01
  1.30439579e-01  1.48046896e-01  1.67656377e-01  1.90153956e-01  2.16726750e-01
  2.42128477e-01  2.55060554e-01  2.68446654e-01  2.68891782e-01  2.69853741e-01
  2.56212145e-01  2.42020041e-01  2.31644198e-01  2.24000230e-01  2.18328819e-01
  2.14149103e-01  2.11142063e-01  2.09085658e-01  2.07817554e-01  2.07212940e-01
  2.07170814e-01  2.07605600e-01  2.08441585e-01  2.09609374e-01  2.11043552e-01
  2.12681159e-01  2.14460999e-01  2.16323450e-01  2.18210921e-01  2.20068708e-01
  2.21846223e-01  2.23498389e-01  2.24987045e-01  2.26282060e-01  2.27362022e-01
  2.28214517e-01  2.28835642e-01  2.29229137e-01  2.29405150e-01  2.29378641e-01
  2.04066001e-02  1.03259888e-02 -1.23661652e-03 -1.50280437e-02 -3.22410278e-02
 -4.23934422e-02 -4.86619510e-02 -4.58596125e-02 -4.01773788e-02 -3.12898830e-02
 -2.30260696e-02 -1.60027221e-02 -9.70492419e-03 -3.57154012e-03  2.78351060e-03
  9.58485808e-03  1.70642659e-02  2.53756717e-02  3.45940553e-02  4.48220372e-02
  5.60207926e-02  6.79817125e-02  8.05455744e-02  9.36868712e-02  1.07480586e-01
  1.22062504e-01  1.37602851e-01  1.54277682e-01  1.72191441e-01  1.90980077e-01
  2.08006740e-01  2.20569983e-01  2.29782641e-01  2.33952418e-01  2.34568402e-01
  2.30121806e-01  2.23771691e-01  2.18120411e-01  2.13574767e-01  2.10104987e-01
  2.07605422e-01  2.05963299e-01  2.05075622e-01  2.04851851e-01  2.05212280e-01
  2.06085235e-01  2.07404271e-01  2.09105715e-01  2.11126760e-01  2.13403836e-01
  2.15871647e-01  2.18462765e-01  2.21107930e-01  2.23737136e-01  2.26281479e-01
  2.28675723e-01  2.30861247e-01  2.32788906e-01  2.34421477e-01  2.35735178e-01
  2.36720070e-01  2.37379327e-01  2.37727329e-01  2.37787262e-01  2.37588182e-01
  1.70414951e-02  7.29512703e-03 -3.53491469e-03 -1.60084851e-02 -3.01604830e-02
 -3.63829359e-02 -3.63564678e-02 -3.28936316e-02 -2.77175307e-02 -2.21754331e-02
 -1.64506845e-02 -1.07054655e-02 -4.95735509e-03  8.94141791e-04  6.98984927e-03
  1.34669971e-02  2.04445068e-02  2.80148443e-02  3.62395123e-02  4.51459400e-02
  5.47222346e-02  6.49252310e-02  7.57057145e-02  8.70294571e-02  9.88795981e-02
  1.11241899e-01  1.24075487e-01  1.37264192e-01  1.50539562e-01  1.63392439e-01
  1.75097287e-01  1.84978589e-01  1.92618400e-01  1.97838590e-01  2.00715348e-01
  2.01599509e-01  2.01157615e-01  2.00137600e-01  1.99082971e-01  1.98301017e-01
  1.97942823e-01  1.98071942e-01  1.98705032e-01  1.99833468e-01  2.01434374e-01
  2.03476086e-01  2.05920279e-01  2.08722666e-01  2.11832508e-01  2.15191826e-01
  2.18734622e-01  2.22386330e-01  2.26064250e-01  2.29679212e-01  2.33138919e-01
  2.36352876e-01  2.39238366e-01  2.41726667e-01  2.43768245e-01  2.45335996e-01
  2.46426076e-01  2.47056052e-01  2.47260854e-01  2.47087494e-01  2.46589318e-01
  1.51421428e-02  6.69153873e-03 -1.63573865e-03 -9.78515111e-03 -1.70525182e-02
 -2.06164215e-02 -2.06988193e-02 -1.91975832e-02 -1.65768191e-02 -1.31512554e-02
 -9.16897878e-03 -4.78562200e-03 -7.67401943e-05  4.94395988e-03  1.03025669e-02
  1.60443988e-02  2.22186577e-02  2.88681090e-02  3.60225141e-02  4.36949208e-02
  5.18807806e-02  6.05602078e-02  6.97021931e-02  7.92674944e-02  8.92067999e-02
  9.94526595e-02  1.09905459e-01  1.20415717e-01  1.30769059e-01  1.40686691e-01
  1.49855971e-01  1.57988116e-01  1.64875746e-01  1.70428962e-01  1.74690232e-01
  1.77830681e-01  1.80120572e-01  1.81871414e-01  1.83373183e-01  1.84857443e-01
  1.86490580e-01  1.88383609e-01  1.90605789e-01  1.93196461e-01  1.96173444e-01
  1.99538544e-01  2.03280449e-01  2.07375929e-01  2.11789533e-01  2.16472179e-01
  2.21359119e-01  2.26367742e-01  2.31396198e-01  2.36324325e-01  2.41018265e-01
  2.45339841e-01  2.49159425e-01  2.52369732e-01  2.54897445e-01  2.56710202e-01
  2.57818252e-01  2.58269817e-01  2.58141488e-01  2.57525593e-01  2.56518215e-01
  1.20519083e-02  4.52298205e-03 -9.17244935e-04 -4.79912292e-03 -7.66713545e-03
 -9.41476971e-03 -9.93163325e-03 -9.34377033e-03 -7.85241555e-03 -5.63617842e-03
 -2.83592404e-03  4.46430116e-04  4.14609909e-03  8.23010411e-03  1.26894321e-02
  1.75303519e-02  2.27663387e-02  2.84114275e-02  3.44752446e-02  4.09596972e-02
  4.78571281e-02  5.51495887e-02  6.28085658e-02  7.07942769e-02  7.90536702e-02
  8.75169709e-02  9.60934609e-02  1.04668036e-01  1.13101549e-01  1.21237680e-01
  1.28917962e-01  1.36002585e-01  1.42391771e-01  1.48041874e-01  1.52972773e-01
  1.57264888e-01  1.61046192e-01  1.64471805e-01  1.67702064e-01  1.70885116e-01
  1.74147114e-01  1.77589163e-01  1.81288630e-01  1.85302302e-01  1.89669684e-01
  1.94415644e-01  1.99551925e-01  2.05077425e-01  2.10976765e-01  2.17217237e-01
  2.23743781e-01  2.30471730e-01  2.37278640e-01  2.43997589e-01  2.50418723e-01
  2.56306320e-01  2.61430919e-01  2.65604317e-01  2.68704593e-01  2.70689994e-01
  2.71603167e-01  2.71562397e-01  2.70736188e-01  2.69308746e-01  2.67451555e-01
  4.45099873e-03 -5.85090555e-03 -3.98754422e-03 -2.58003757e-03 -2.82519334e-03
 -3.12828855e-03 -3.07634147e-03 -2.53115199e-03 -1.46769767e-03  9.06235437e-05
  2.10488867e-03  4.53702826e-03  7.35722296e-03  1.05461683e-02  1.40942791e-02
  1.79992095e-02  2.22626589e-02  2.68871523e-02  3.18732001e-02  3.72170098e-02
  4.29087989e-02  4.89315577e-02  5.52600808e-02  6.18600398e-02  6.86869696e-02
  7.56852701e-02  8.27876925e-02  8.99158716e-02  9.69829336e-02  1.03898562e-01
  1.10576659e-01  1.16944440e-01  1.22951426e-01  1.28576279e-01  1.33830070e-01
  1.38755172e-01  1.43420085e-01  1.47911415e-01  1.52324691e-01  1.56756133e-01
  1.61296487e-01  1.66027337e-01  1.71019718e-01  1.76333994e-01  1.82020724e-01
  1.88121542e-01  1.94669783e-01  2.01690227e-01  2.09197551e-01  2.17192560e-01
  2.25654677e-01  2.34528691e-01  2.43701771e-01  2.52966851e-01  2.61979491e-01
  2.70267516e-01  2.77357966e-01  2.82898724e-01  2.86679268e-01  2.88630605e-01
  2.88851261e-01  2.87633270e-01  2.85390079e-01  2.82507539e-01  2.79275656e-01
  1.16046229e-02  5.27182594e-03  2.25496059e-03  1.45684229e-03  1.41853071e-03
  1.59298116e-03  1.92414620e-03  2.46540853e-03  3.26852477e-03  4.36502462e-03
  5.76981576e-03  7.48805655e-03  9.52066667e-03  1.18677299e-02  1.45300599e-02
  1.75094157e-02  2.08078604e-02  2.44266801e-02  2.83651259e-02  3.26192230e-02
  3.71807106e-02  4.20361646e-02  4.71663065e-02  5.25454842e-02  5.81413470e-02
  6.39148578e-02  6.98208064e-02  7.58090094e-02  8.18265602e-02  8.78210068e-02
  9.37443823e-02  9.95576903e-02  1.05235055e-01  1.10766865e-01  1.16161391e-01
  1.21444516e-01  1.26657680e-01  1.31854504e-01  1.37096837e-01  1.42450735e-01
  1.47983208e-01  1.53759837e-01  1.59843549e-01  1.66294187e-01  1.73168883e-01
  1.80522949e-01  1.88410893e-01  1.96887597e-01  2.06009030e-01  2.15832114e-01
  2.26412386e-01  2.37796694e-01  2.50004917e-01  2.62988329e-01  2.76493520e-01
  2.89019525e-01  2.99231291e-01  3.06792080e-01  3.11457276e-01  3.13040763e-01
  3.11404258e-01  3.07154864e-01  3.02053720e-01  2.96700597e-01  2.91409910e-01
  8.59151408e-03 -4.57963761e-04  1.96288433e-03  4.53242147e-03  5.38842380e-03
  5.84400631e-03  6.19328953e-03  6.56140968e-03  7.02641858e-03  7.64353108e-03
  8.45230650e-03  9.48090106e-03  1.07494816e-02  1.22728758e-02  1.40623841e-02
  1.61268208e-02  1.84729230e-02  2.11053286e-02  2.40262747e-02  2.72351447e-02
  3.07280030e-02  3.44971530e-02  3.85308042e-02  4.28128988e-02  4.73231412e-02
  5.20373173e-02  5.69279268e-02  6.19652346e-02  6.71187416e-02  7.23591149e-02
  7.76603818e-02  8.30023214e-02  8.83725435e-02  9.37681869e-02  9.91968438e-02
  1.04676634e-01  1.10235475e-01  1.15909740e-01  1.21742487e-01  1.27781734e-01
  1.34078890e-01  1.40687674e-01  1.47663563e-01  1.55064031e-01  1.62949324e-01
  1.71384037e-01  1.80439517e-01  1.90197259e-01  2.00753704e-01  2.12227046e-01
  2.24767521e-01  2.38573194e-01  2.53915608e-01  2.71169603e-01  2.90629625e-01
  3.09930980e-01  3.23090583e-01  3.34090084e-01  3.39816839e-01  3.41047436e-01
  3.38478118e-01  3.28971595e-01  3.19110483e-01  3.10272664e-01  3.02419186e-01
  1.86208282e-02  1.28495833e-02  1.04192933e-02  1.00766951e-02  1.02494899e-02
  1.03719151e-02  1.03772599e-02  1.03201307e-02  1.02700563e-02  1.02878530e-02
  1.04222065e-02  1.07110189e-02  1.11836568e-02  1.18630454e-02  1.27673233e-02
  1.39110023e-02  1.53057091e-02  1.69605687e-02  1.88823398e-02  2.10753717e-02
  2.35414542e-02  2.62796450e-02  2.92861201e-02  3.25541720e-02  3.60743850e-02
  3.98350284e-02  4.38226126e-02  4.80225272e-02  5.24198450e-02  5.70003502e-02
  6.17517680e-02  6.66650757e-02  7.17357546e-02  7.69648477e-02  8.23595896e-02
  8.79337266e-02  9.37073305e-02  9.97063592e-02  1.05962031e-01  1.12510160e-01
  1.19390599e-01  1.26647040e-01  1.34327024e-01  1.42482713e-01  1.51172027e-01
  1.60460800e-01  1.70425817e-01  1.81159481e-01  1.92776561e-01  2.05424264e-01
  2.19297960e-01  2.34666213e-01  2.51912981e-01  2.71606743e-01  2.94498444e-01
  3.19041461e-01  3.36120367e-01  3.49626899e-01  3.57720673e-01  3.59271169e-01
  3.57428223e-01  3.45939130e-01  3.32086295e-01  3.20032835e-01  3.09954017e-01
  2.08861735e-02  1.34428563e-02  1.39159830e-02  1.55653581e-02  1.57682262e-02
  1.54043054e-02  1.47757996e-02  1.40276849e-02  1.32504068e-02  1.25081064e-02
  1.18491258e-02  1.13111716e-02  1.09244036e-02  1.07134786e-02  1.06989732e-02
  1.08983731e-02  1.13267517e-02  1.19972071e-02  1.29211182e-02  1.41082453e-02
  1.55666647e-02  1.73025709e-02  1.93200577e-02  2.16210317e-02  2.42054705e-02
  2.70721763e-02  3.02192941e-02  3.36444788e-02  3.73446979e-02  4.13164720e-02
  4.55565527e-02  5.00628017e-02  5.48351146e-02  5.98762818e-02  6.51926622e-02
  7.07945600e-02  7.66962990e-02  8.29161406e-02  8.94761756e-02  9.64022428e-02
  1.03723928e-01  1.11474641e-01  1.19692080e-01  1.28418908e-01  1.37703970e-01
  1.47604063e-01  1.58186510e-01  1.69532806e-01  1.81743681e-01  1.94946021e-01
  2.09302485e-01  2.25023642e-01  2.42382377e-01  2.61728436e-01  2.83526599e-01
  3.08461696e-01  3.31428230e-01  3.43851507e-01  3.56506377e-01  3.58128935e-01
  3.58130485e-01  3.50963622e-01  3.35841179e-01  3.22373629e-01  3.11486930e-01
  3.37480903e-02  2.84846034e-02  2.57222317e-02  2.42283531e-02  2.27784663e-02
  2.11715978e-02  1.94672644e-02  1.77317187e-02  1.60148554e-02  1.43551072e-02
  1.27838571e-02  1.13278786e-02  1.00107016e-02  8.85345321e-03  7.87544716e-03
  7.09461328e-03  6.52782340e-03  6.19116705e-03  6.10022666e-03  6.27035974e-03
  6.71654148e-03  7.45280134e-03  8.49136896e-03  9.84175690e-03  1.15106152e-02
  1.35054057e-02  1.58352647e-02  1.85108390e-02  2.15399787e-02  2.49275342e-02
  2.86761746e-02  3.27873863e-02  3.72625291e-02  4.21039462e-02  4.73159924e-02
  5.29055893e-02  5.88818491e-02  6.52559847e-02  7.20415860e-02  7.92548507e-02
  8.69148374e-02  9.50436369e-02  1.03666738e-01  1.12813503e-01  1.22517832e-01
  1.32819057e-01  1.43763110e-01  1.55403942e-01  1.67805105e-01  1.81041405e-01
  1.95200101e-01  2.10381120e-01  2.26695344e-01  2.44261280e-01  2.63212383e-01
  2.83844322e-01  3.07729125e-01  3.21778923e-01  3.30665350e-01  3.41022730e-01
  3.36864084e-01  3.39694262e-01  3.26420486e-01  3.14238876e-01  3.05344105e-01
  4.61800545e-02  4.18985076e-02  3.76694649e-02  3.37646604e-02  3.02817766e-02
  2.70899329e-02  2.40785107e-02  2.11932417e-02  1.84142441e-02  1.57392230e-02
  1.31747983e-02  1.07322643e-02  8.42549931e-03  6.26991224e-03  4.28190315e-03
  2.47858302e-03  8.77581944e-04 -5.03056042e-04 -1.64456107e-03 -2.52544228e-03
 -3.12187267e-03 -3.40904226e-03 -3.36348545e-03 -2.96774181e-03 -2.22155568e-03
 -1.11178716e-03  3.82357306e-04  2.29972485e-03  4.65953909e-03  7.47192884e-03
  1.07418047e-02  1.44704813e-02  1.86568964e-02  2.32993905e-02  2.83984616e-02
  3.39592174e-02  3.99859473e-02  4.64821719e-02  5.34520932e-02  6.09018318e-02
  6.88393041e-02  7.72742629e-02  8.62184912e-02  9.56858844e-02  1.05692439e-01
  1.16256170e-01  1.27396792e-01  1.39135137e-01  1.51491761e-01  1.64484456e-01
  1.78123668e-01  1.92404330e-01  2.07291663e-01  2.22695127e-01  2.38415793e-01
  2.54023463e-01  2.68626273e-01  2.81006455e-01  2.90623963e-01  2.97323614e-01
  3.00978988e-01  3.01856160e-01  3.00163954e-01  2.96860337e-01  2.93110728e-01
  5.58440089e-02  5.21501042e-02  4.66520116e-02  4.12821025e-02  3.65396850e-02
  3.21544670e-02  2.80086957e-02  2.40391195e-02  2.02109441e-02  1.65071022e-02
  1.29220895e-02  9.45808645e-03  6.12257421e-03  2.92689167e-03 -1.14591989e-04
 -2.98501016e-03 -5.66564081e-03 -8.13761447e-03 -1.03859678e-02 -1.23815779e-02
 -1.40868993e-02 -1.54581629e-02 -1.64444316e-02 -1.69813968e-02 -1.71819460e-02
 -1.70080662e-02 -1.64633971e-02 -1.53475124e-02 -1.36680407e-02 -1.14237610e-02
 -8.61351937e-03 -5.24065504e-03 -1.31503073e-03  3.14803096e-03  8.13670643e-03
  1.36735952e-02  1.97580978e-02  2.63808370e-02  3.35323773e-02  4.12093699e-02
  4.94085215e-02  5.81266172e-02  6.73615858e-02  7.71118924e-02  8.73759389e-02
  9.81512368e-02  1.09433293e-01  1.21213883e-01  1.33478418e-01  1.46201983e-01
  1.59343392e-01  1.72836423e-01  1.86577126e-01  2.00405881e-01  2.14085296e-01
  2.27282003e-01  2.39579692e-01  2.50553936e-01  2.59873539e-01  2.67345786e-01
  2.72918105e-01  2.76677608e-01  2.78848290e-01  2.79774904e-01  2.79842317e-01
  6.09145164e-02  5.68111278e-02  5.18954396e-02  4.65600155e-02  4.12229300e-02
  3.60225216e-02  3.09702810e-02  2.60498691e-02  2.12448929e-02  1.65448859e-02
  1.19457422e-02  7.44887581e-03  3.06037255e-03 -1.20957906e-03 -5.34676621e-03
 -9.33227036e-03 -1.31402668e-02 -1.67369284e-02 -2.01747939e-02 -2.33960487e-02
 -2.63412502e-02 -2.89506745e-02 -3.11673358e-02 -3.29423696e-02 -3.42467055e-02
 -3.50409336e-02 -3.52805033e-02 -3.49053554e-02 -3.38781551e-02 -3.21746916e-02
 -2.97820158e-02 -2.67011579e-02 -2.29548533e-02 -1.86038092e-02 -1.37806395e-02
 -8.24077614e-03 -2.04163021e-03  4.76347376e-03  1.21298805e-02  2.00662967e-02
  2.85581779e-02  3.75856534e-02  4.71348278e-02  5.71909137e-02  6.77373856e-02
  7.87550062e-02  9.02206674e-02  1.02105692e-01  1.14373304e-01  1.26975298e-01
  1.39847606e-01  1.52904972e-01  1.66034892e-01  1.79091886e-01  1.91894516e-01
  2.04229176e-01  2.15864614e-01  2.26577491e-01  2.36181438e-01  2.44549707e-01
  2.51627177e-01  2.57432610e-01  2.62051940e-01  2.65621513e-01  2.68301636e-01
  6.75428212e-02  6.38546869e-02  5.73135018e-02  5.08408435e-02  4.47822884e-02
  3.88525464e-02  3.30010317e-02  2.72149649e-02  2.14901827e-02  1.58259477e-02
  1.02241458e-02  4.68923198e-03 -7.71745748e-04 -6.14919886e-03 -1.14312405e-02
 -1.66043621e-02 -2.16390695e-02 -2.65691206e-02 -3.13437060e-02 -3.58973928e-02
 -4.01582643e-02 -4.40535918e-02 -4.75140363e-02 -5.04766069e-02 -5.28859161e-02
 -5.46908341e-02 -5.58436103e-02 -5.62999174e-02 -5.60231693e-02 -5.49849719e-02
 -5.31650223e-02 -5.05513884e-02 -4.71411087e-02 -4.29397672e-02 -3.79558243e-02
 -3.21773589e-02 -2.56463513e-02 -1.84758268e-02 -1.09022986e-02 -2.63274205e-03
  6.24284474e-03  1.56479031e-02  2.55811810e-02  3.60175557e-02  4.69288416e-02
  5.82828298e-02  7.00436383e-02  8.21704343e-02  9.46157128e-02  1.07322872e-01
  1.20223626e-01  1.33235350e-01  1.46258935e-01  1.59177870e-01  1.71859384e-01
  1.84158847e-01  1.95927575e-01  2.07023606e-01  2.17323095e-01  2.26730123e-01
  2.35182986e-01  2.42656082e-01  2.49157354e-01  2.54721880e-01  2.59403020e-01
  6.98427185e-02  6.54962137e-02  6.00557588e-02  5.38874455e-02  4.74264063e-02
  4.08630334e-02  3.42588387e-02  2.76380070e-02  2.10140217e-02  1.43964114e-02
  7.79310800e-03  1.21179142e-03 -5.33907535e-03 -1.18494313e-02 -1.83071773e-02
 -2.47544367e-02 -3.11560836e-02 -3.74622084e-02 -4.36020680e-02 -4.94933836e-02
 -5.50499968e-02 -6.01876043e-02 -6.48277104e-02 -6.88998774e-02 -7.23424628e-02
 -7.51020685e-02 -7.71327540e-02 -7.83954635e-02 -7.88578466e-02 -7.84937292e-02
 -7.72823915e-02 -7.52077252e-02 -7.22573400e-02 -6.84216172e-02 -6.36928976e-02
 -5.80666326e-02 -5.15524037e-02 -4.41798270e-02 -3.59976590e-02 -2.70496793e-02
 -1.74977276e-02 -7.69193796e-03  2.73181894e-03  1.36636840e-02  2.50670873e-02
  3.68954688e-02  4.91044484e-02  6.16471842e-02  7.44735599e-02  8.75279233e-02
  1.00747138e-01  1.14059210e-01  1.27382562e-01  1.40626267e-01  1.53691202e-01
  1.66472614e-01  1.78863734e-01  1.90760210e-01  2.02064589e-01  2.12690115e-01
  2.22563401e-01  2.31625527e-01  2.39832133e-01  2.47152656e-01  2.53569663e-01
  7.55071267e-02  7.15103745e-02  6.42630160e-02  5.68764172e-02  4.96560372e-02
  4.23470922e-02  3.49409878e-02  2.74587367e-02  1.99196339e-02  1.23374462e-02
  4.72176773e-03 -2.91998032e-03 -1.05806105e-02 -1.82509348e-02 -2.59781163e-02
 -3.37438881e-02 -4.14911211e-02 -4.91386279e-02 -5.65911047e-02 -6.37479201e-02
 -7.05100745e-02 -7.67851770e-02 -8.24904069e-02 -8.75539258e-02 -9.19149145e-02
 -9.55228433e-02 -9.83362868e-02 -1.00321680e-01 -1.01452082e-01 -1.01706073e-01
 -1.01066530e-01 -9.95195284e-02 -9.70532373e-02 -9.36569944e-02 -8.93206969e-02
 -8.40352178e-02 -7.77942538e-02 -7.05966577e-02 -6.24495670e-02 -5.33753410e-02
 -4.34330590e-02 -3.27302404e-02 -2.14072242e-02 -9.83494893e-03  2.23834696e-03
  1.47085525e-02  2.75393277e-02  4.06807661e-02  5.40881753e-02  6.77137971e-02
  8.15045759e-02  9.54017267e-02  1.09340779e-01  1.23251945e-01  1.37060702e-01
  1.50688618e-01  1.64054319e-01  1.77074417e-01  1.89663976e-01  2.01736540e-01
  2.13203758e-01  2.23974839e-01  2.33957082e-01  2.43058115e-01  2.51191229e-01
  7.75635466e-02  7.29261935e-02  6.67523965e-02  5.94646782e-02  5.16086109e-02
  4.34742756e-02  3.51820998e-02  2.67817415e-02  1.82945430e-02  9.72969458e-03
  1.09058956e-03 -7.62247946e-03 -1.64112374e-02 -2.52794269e-02 -3.42685655e-02
 -4.33248058e-02 -5.23604080e-02 -6.12678304e-02 -6.99314848e-02 -7.82368779e-02
 -8.60770121e-02 -9.33562964e-02 -9.99923274e-02 -1.05916120e-01 -1.11071311e-01
 -1.15412682e-01 -1.18904516e-01 -1.21518917e-01 -1.23234250e-01 -1.24033786e-01
 -1.23904571e-01 -1.22836359e-01 -1.20820686e-01 -1.17850065e-01 -1.13917150e-01
 -1.09014183e-01 -1.03132665e-01 -9.62634161e-02 -8.83976594e-02 -7.95302019e-02
 -6.96662217e-02 -5.88308200e-02 -4.70837839e-02 -3.45507972e-02 -2.14258805e-02
 -8.17590859e-03  5.46043832e-03  1.93635803e-02  3.35238539e-02  4.79092374e-02
  6.24783263e-02  7.71852359e-02  9.19812992e-02  1.06815621e-01  1.21634997e-01
  1.36383533e-01  1.51001751e-01  1.65425032e-01  1.79580986e-01  1.93385631e-01
  2.06738487e-01  2.19517082e-01  2.31573269e-01  2.42734566e-01  2.52815247e-01
  8.39272216e-02  7.96984807e-02  7.19857737e-02  6.28080219e-02  5.35441078e-02
  4.42853905e-02  3.49877290e-02  2.56231073e-02  1.61748640e-02  6.63091987e-03
 -3.01913382e-03 -1.27852736e-02 -2.26779152e-02 -3.27471048e-02 -4.29627448e-02
 -5.32425568e-02 -6.34729788e-02 -7.35260174e-02 -8.32720473e-02 -9.25888121e-02
 -1.01366803e-01 -1.09511897e-01 -1.16945848e-01 -1.23605393e-01 -1.29440561e-01
 -1.34412527e-01 -1.38491601e-01 -1.41655117e-01 -1.43885776e-01 -1.45170301e-01
 -1.45498395e-01 -1.44861996e-01 -1.43254787e-01 -1.40671730e-01 -1.37108624e-01
 -1.32561475e-01 -1.27025560e-01 -1.20494328e-01 -1.12958476e-01 -1.04405597e-01
 -9.48214456e-02 -8.41939598e-02 -7.25220665e-02 -5.98322824e-02 -4.62036505e-02
 -3.18108164e-02 -1.69386994e-02 -2.23613647e-03  1.27929812e-02  2.80857682e-02
  4.35949154e-02  5.92811629e-02  7.51097500e-02  9.10485461e-02  1.07066795e-01
  1.23133816e-01  1.39217123e-01  1.55279547e-01  1.71274483e-01  1.87138394e-01
  2.02779531e-01  2.18061402e-01  2.32781485e-01  2.46651098e-01  2.59299457e-01
  8.83617848e-02  8.43848437e-02  7.53886849e-02  6.48659021e-02  5.45697287e-02
  4.43703644e-02  3.41663621e-02  2.39037797e-02  1.35477902e-02  3.07252537e-03
 -7.54292915e-03 -1.83160976e-02 -2.93007419e-02 -4.05042507e-02 -5.18609546e-02
 -6.32587299e-02 -7.45611563e-02 -8.56248438e-02 -9.63117927e-02 -1.06497213e-01
 -1.16073497e-01 -1.24951392e-01 -1.33059293e-01 -1.40341386e-01 -1.46755204e-01
 -1.52269050e-01 -1.56859428e-01 -1.60508752e-01 -1.63203418e-01 -1.64932340e-01
 -1.65685952e-01 -1.65455863e-01 -1.64234713e-01 -1.62016556e-01 -1.58797130e-01
 -1.54573888e-01 -1.49345666e-01 -1.43111408e-01 -1.35868475e-01 -1.27610356e-01
 -1.18324637e-01 -1.07992433e-01 -9.65907276e-02 -8.41002613e-02 -7.05221370e-02
 -5.59074283e-02 -4.04029377e-02 -2.43243333e-02 -8.19878373e-03  8.17131344e-03
  2.47599892e-02  4.15474027e-02  5.85193411e-02  7.56668374e-02  9.29858685e-02
  1.10476896e-01  1.28143907e-01  1.45992532e-01  1.64026439e-01  1.82240278e-01
  2.00607061e-01  2.19054401e-01  2.37419516e-01  2.55351216e-01  2.72070229e-01
  8.82776007e-02  8.35555270e-02  7.52949491e-02  6.50878251e-02  5.43794222e-02
  4.35393006e-02  3.26129422e-02  2.15824936e-02  1.04195913e-02 -9.03994951e-04
 -1.24148736e-02 -2.41389442e-02 -3.61384153e-02 -4.83802147e-02 -6.07641414e-02
 -7.31513277e-02 -8.53870288e-02 -9.73175019e-02 -1.08801030e-01 -1.19714096e-01
 -1.29953802e-01 -1.39437720e-01 -1.48102283e-01 -1.55900106e-01 -1.62797183e-01
 -1.68769792e-01 -1.73801586e-01 -1.77880824e-01 -1.80998027e-01 -1.83144152e-01
 -1.84309438e-01 -1.84483007e-01 -1.83653221e-01 -1.81808710e-01 -1.78939804e-01
 -1.75039887e-01 -1.70106351e-01 -1.64140493e-01 -1.57146141e-01 -1.49126828e-01
 -1.40082061e-01 -1.30003244e-01 -1.18870884e-01 -1.06655039e-01 -9.33217183e-02
 -7.88490772e-02 -6.32579401e-02 -4.66613993e-02 -2.93327365e-02 -1.17916120e-02
  5.94761921e-03  2.38865409e-02  4.20329310e-02  6.04021288e-02  7.90183544e-02
  9.79160890e-02  1.17141627e-01  1.36754781e-01  1.56830624e-01  1.77460939e-01
  1.98754787e-01  2.20835879e-01  2.43827209e-01  2.67780751e-01  2.91754812e-01
  9.14372578e-02  8.74045789e-02  7.67532438e-02  6.48147687e-02  5.33492342e-02
  4.19180356e-02  3.03916093e-02  1.87175628e-02  6.86099939e-03 -5.20789856e-03
 -1.75165478e-02 -3.01166698e-02 -4.30347249e-02 -5.62000275e-02 -6.94818497e-02
 -8.27193782e-02 -9.57444757e-02 -1.08397290e-01 -1.20535657e-01 -1.32039562e-01
 -1.42812133e-01 -1.52778581e-01 -1.61883861e-01 -1.70089751e-01 -1.77371696e-01
 -1.83715358e-01 -1.89113289e-01 -1.93561539e-01 -1.97056636e-01 -1.99593052e-01
 -2.01161444e-01 -2.01747954e-01 -2.01334566e-01 -1.99900717e-01 -1.97425678e-01
 -1.93891644e-01 -1.89286605e-01 -1.83606476e-01 -1.76855415e-01 -1.69044003e-01
 -1.60185054e-01 -1.50287539e-01 -1.39349893e-01 -1.27354413e-01 -1.14265293e-01
 -1.00033641e-01 -8.46135989e-02 -6.79954216e-02 -5.02623022e-02 -3.16766649e-02
 -1.27921486e-02  6.27151458e-03  2.55395342e-02  4.50472310e-02  6.48424849e-02
  8.49886537e-02  1.05568603e-01  1.26690343e-01  1.48494989e-01  1.71168312e-01
  1.94958448e-01  2.20206231e-01  2.47413740e-01  2.77526706e-01  3.14851969e-01
  8.75293911e-02  8.21884945e-02  7.35275447e-02  6.28050342e-02  5.13421074e-02
  3.95868197e-02  2.76182424e-02  1.54278222e-02  2.99037551e-03 -9.72119719e-03
 -2.27334090e-02 -3.61100361e-02 -4.98329364e-02 -6.37952238e-02 -7.78392926e-02
 -9.17866677e-02 -1.05459668e-01 -1.18695244e-01 -1.31352574e-01 -1.43315911e-01
 -1.54494613e-01 -1.64821476e-01 -1.74250111e-01 -1.82752058e-01 -1.90313324e-01
 -1.96930811e-01 -2.02608302e-01 -2.07352415e-01 -2.11168438e-01 -2.14056879e-01
 -2.16010973e-01 -2.17015192e-01 -2.17045337e-01 -2.16069952e-01 -2.14053512e-01
 -2.10960776e-01 -2.06761926e-01 -2.01437384e-01 -1.94981232e-01 -1.87402114e-01
 -1.78720638e-01 -1.68962851e-01 -1.58151001e-01 -1.46293178e-01 -1.33374467e-01
 -1.19352914e-01 -1.04163975e-01 -8.77387524e-02 -7.00433180e-02 -5.11480533e-02
 -3.13345604e-02 -1.12349112e-02  9.03213676e-03  2.95139048e-02  5.02724163e-02
  7.13868439e-02  9.29583237e-02  1.15117341e-01  1.38034329e-01  1.61934495e-01
  1.87118337e-01  2.13988498e-01  2.43081152e-01  2.75115877e-01  3.11296016e-01
  9.06600058e-02  8.64069834e-02  7.38364011e-02  6.09518327e-02  4.88918088e-02
  3.67999971e-02  2.44855601e-02  1.18863126e-02 -1.02975324e-03 -1.42880147e-02
 -2.79138573e-02 -4.19628806e-02 -5.63735738e-02 -7.10061491e-02 -8.56801718e-02
 -1.00203320e-01 -1.14391208e-01 -1.28079280e-01 -1.41128644e-01 -1.53427690e-01
 -1.64891571e-01 -1.75460249e-01 -1.85096070e-01 -1.93780839e-01 -2.01512516e-01
 -2.08301097e-01 -2.14163810e-01 -2.19119906e-01 -2.23185852e-01 -2.26371109e-01
 -2.28674531e-01 -2.30082110e-01 -2.30565965e-01 -2.30085209e-01 -2.28588864e-01
 -2.26020873e-01 -2.22327009e-01 -2.17462733e-01 -2.11400524e-01 -2.04134881e-01
 -1.95683032e-01 -1.86080456e-01 -1.75371468e-01 -1.63595349e-01 -1.50771588e-01
 -1.36887789e-01 -1.21894293e-01 -1.05710022e-01 -8.82456750e-02 -6.94528818e-02
 -4.94105332e-02 -2.84567419e-02 -7.35707069e-03  1.38838124e-02  3.53344977e-02
  5.70744202e-02  7.91987702e-02  1.01825945e-01  1.25106856e-01  1.49237424e-01
  1.74476177e-01  2.01170221e-01  2.29787543e-01  2.60867566e-01  2.93857187e-01
  8.26139152e-02  7.64804408e-02  6.78239465e-02  5.73131703e-02  4.58076745e-02
  3.37299742e-02  2.12174784e-02  8.30525905e-03 -5.00490470e-03 -1.87235922e-02
 -3.28878909e-02 -4.75138947e-02 -6.25030026e-02 -7.76881203e-02 -9.28706899e-02
 -1.07847996e-01 -1.22431055e-01 -1.36454687e-01 -1.49781853e-01 -1.62304655e-01
 -1.73943356e-01 -1.84644774e-01 -1.94380060e-01 -2.03142047e-01 -2.10941687e-01
 -2.17803001e-01 -2.23757371e-01 -2.28837892e-01 -2.33074009e-01 -2.36486331e-01
 -2.39082441e-01 -2.40853384e-01 -2.41771683e-01 -2.41791010e-01 -2.40848035e-01
 -2.38866985e-01 -2.35767037e-01 -2.31472403e-01 -2.25923523e-01 -2.19087571e-01
 -2.10964695e-01 -2.01587886e-01 -1.91014856e-01 -1.79313496e-01 -1.66542843e-01
 -1.52733415e-01 -1.37872607e-01 -1.21899828e-01 -1.04716480e-01 -8.62176269e-02
 -6.63554445e-02 -4.52473685e-02 -2.33358219e-02 -1.57822494e-03  2.02883296e-02
  4.23270501e-02  6.46024868e-02  8.71902034e-02  1.10181279e-01  1.33685559e-01
  1.57835364e-01  1.82792023e-01  2.08763078e-01  2.36050397e-01  2.64794558e-01
  8.26839805e-02  7.69015253e-02  6.68399855e-02  5.51910363e-02  4.32481840e-02
  3.09097078e-02  1.81361567e-02  4.91951220e-03 -8.74629524e-03 -2.28714217e-02
 -3.75036523e-02 -5.26187532e-02 -6.80871755e-02 -8.37198719e-02 -9.93043184e-02
 -1.14630163e-01 -1.29505292e-01 -1.43764272e-01 -1.57271728e-01 -1.69922844e-01
 -1.81642637e-01 -1.92384645e-01 -2.02129066e-01 -2.10880265e-01 -2.18662173e-01
 -2.25512519e-01 -2.31476799e-01 -2.36602098e-01 -2.40931213e-01 -2.44496912e-01
 -2.47317076e-01 -2.49390557e-01 -2.50694156e-01 -2.51180977e-01 -2.50780970e-01
 -2.49403730e-01 -2.46945202e-01 -2.43297994e-01 -2.38365248e-01 -2.32076228e-01
 -2.24399716e-01 -2.15351060e-01 -2.04989031e-01 -1.93401769e-01 -1.80685028e-01
 -1.66917086e-01 -1.52135149e-01 -1.36320367e-01 -1.19396828e-01 -1.01249792e-01
 -8.17709789e-02 -6.09431118e-02 -3.89770158e-02 -1.65024158e-02  5.55336801e-03
  2.76625752e-02  4.98250164e-02  7.20580816e-02  9.43822265e-02  1.16810203e-01
  1.39332756e-01  1.61892593e-01  1.84330851e-01  2.06275359e-01  2.26971954e-01
  8.04207176e-02  7.41142556e-02  6.45200238e-02  5.31050265e-02  4.10138257e-02
  2.84391884e-02  1.53985480e-02  1.88652356e-03 -1.21073807e-02 -2.65966188e-02
 -4.16322537e-02 -5.71574382e-02 -7.30179623e-02 -8.90077576e-02 -1.04903832e-01
 -1.20490327e-01 -1.35572955e-01 -1.49986222e-01 -1.63596153e-01 -1.76300779e-01
 -1.88029647e-01 -1.98742986e-01 -2.08430260e-01 -2.17107028e-01 -2.24809423e-01
 -2.31588051e-01 -2.37501532e-01 -2.42610008e-01 -2.46968657e-01 -2.50621796e-01
 -2.53597647e-01 -2.55903870e-01 -2.57523954e-01 -2.58414567e-01 -2.58504450e-01
 -2.57695585e-01 -2.55867720e-01 -2.52887309e-01 -2.48621911e-01 -2.42958978e-01
 -2.35825956e-01 -2.27206171e-01 -2.17144012e-01 -2.05735579e-01 -1.93105638e-01
 -1.79377303e-01 -1.64641485e-01 -1.48931965e-01 -1.32214203e-01 -1.14392720e-01
 -9.53428969e-02 -7.49766454e-02 -5.33562191e-02 -3.08694281e-02 -8.45564809e-03
  1.37142213e-02  3.56900729e-02  5.74813373e-02  7.90725648e-02  1.00422524e-01
  1.21454448e-01  1.42039418e-01  1.61974445e-01  1.80963203e-01  1.98620290e-01
  7.96820372e-02  7.33132064e-02  6.33189678e-02  5.15336879e-02  3.91828157e-02
  2.63677463e-02  1.30773978e-02 -7.03117170e-04 -1.49891609e-02 -2.97973305e-02
 -4.51748893e-02 -6.10389113e-02 -7.72158578e-02 -9.34866369e-02 -1.09620489e-01
 -1.25397563e-01 -1.40622079e-01 -1.55128583e-01 -1.68784425e-01 -1.81490287e-01
 -1.93180203e-01 -2.03821078e-01 -2.13411331e-01 -2.21976772e-01 -2.29564518e-01
 -2.36236677e-01 -2.42063448e-01 -2.47116089e-01 -2.51460344e-01 -2.55150318e-01
 -2.58223385e-01 -2.60695487e-01 -2.62557358e-01 -2.63771385e-01 -2.64269173e-01
 -2.63951123e-01 -2.62688428e-01 -2.60329783e-01 -2.56714284e-01 -2.51691133e-01
 -2.45144039e-01 -2.37015605e-01 -2.27322578e-01 -2.16154709e-01 -2.03654394e-01
 -1.89982161e-01 -1.75278902e-01 -1.59632713e-01 -1.43057644e-01 -1.25491247e-01
 -1.06815346e-01 -8.69056210e-02 -6.57210276e-02 -4.34459411e-02 -2.06844136e-02
  1.34558021e-03  2.30770707e-02  4.44537215e-02  6.54247701e-02  8.59263912e-02
  1.05871022e-01  1.25139982e-01  1.43579260e-01  1.61001608e-01  1.77198440e-01
  7.90725872e-02  7.26435930e-02  6.23438470e-02  5.02841286e-02  3.77316177e-02
  2.47196015e-02  1.12192882e-02 -2.78899423e-03 -1.73224732e-02 -3.24011520e-02
 -4.80617061e-02 -6.42004535e-02 -8.06287900e-02 -9.71177071e-02 -1.13430649e-01
 -1.29344895e-01 -1.44663572e-01 -1.59221455e-01 -1.72887146e-01 -1.85563922e-01
 -1.97190121e-01 -2.07739040e-01 -2.17217177e-01 -2.25659236e-01 -2.33121887e-01
 -2.39676908e-01 -2.45403960e-01 -2.50383228e-01 -2.54688680e-01 -2.58382082e-01
 -2.61507928e-01 -2.64088988e-01 -2.66122580e-01 -2.67576933e-01 -2.68388450e-01
 -2.68459499e-01 -2.67658621e-01 -2.65824765e-01 -2.62777656e-01 -2.58336335e-01
 -2.52345920e-01 -2.44707644e-01 -2.35404029e-01 -2.24507436e-01 -2.12165609e-01
 -1.98566258e-01 -1.83892041e-01 -1.68280125e-01 -1.51792198e-01 -1.34403735e-01
 -1.16016597e-01 -9.64991823e-02 -7.57627338e-02 -5.38881980e-02 -3.13159898e-02
 -9.08358023e-03  1.25749167e-02  3.36856395e-02  5.42286150e-02  7.41554946e-02
  9.33957845e-02  1.11859493e-01  1.29439965e-01  1.46018907e-01  1.61474839e-01
  7.77809918e-02  7.10111260e-02  6.10718131e-02  4.92601693e-02  3.66703495e-02
  2.35314239e-02  9.86929610e-03 -4.32230625e-03 -1.90557223e-02 -3.43583301e-02
 -5.02475128e-02 -6.66041970e-02 -8.32285807e-02 -9.98843834e-02 -1.16330840e-01
 -1.32343173e-01 -1.47723868e-01 -1.62307993e-01 -1.75965413e-01 -1.88601822e-01
 -2.00159505e-01 -2.10617408e-01 -2.19988778e-01 -2.28315681e-01 -2.35662445e-01
 -2.42108524e-01 -2.47740775e-01 -2.52645999e-01 -2.56904066e-01 -2.60582209e-01
 -2.63729870e-01 -2.66374856e-01 -2.68519402e-01 -2.70136744e-01 -2.71167755e-01
 -2.71518081e-01 -2.71056801e-01 -2.69618601e-01 -2.67011642e-01 -2.63034493e-01
 -2.57502884e-01 -2.50283360e-01 -2.41325855e-01 -2.30681211e-01 -2.18493894e-01
 -2.04967901e-01 -1.90317243e-01 -1.74717635e-01 -1.58270523e-01 -1.40984908e-01
 -1.22783586e-01 -1.03536151e-01 -8.31244215e-02 -6.15521744e-02 -3.91110964e-02
 -1.65932626e-02  4.86423960e-03  2.57452391e-02  4.59967703e-02  6.55637383e-02
  8.43838453e-02  1.02386713e-01  1.19495504e-01  1.35630488e-01  1.50714204e-01
  7.89288059e-02  7.25645795e-02  6.15326837e-02  4.89682853e-02  3.61546315e-02
  2.28808429e-02  9.08045191e-03 -5.26390038e-03 -2.01617777e-02 -3.56429256e-02
 -5.17105497e-02 -6.82346076e-02 -8.50075111e-02 -1.01787999e-01 -1.18332513e-01
 -1.34414986e-01 -1.49837628e-01 -1.64435908e-01 -1.78080857e-01 -1.90680295e-01
 -2.02179790e-01 -2.12562770e-01 -2.21847653e-01 -2.30081990e-01 -2.37335801e-01
 -2.43693963e-01 -2.49248341e-01 -2.54090130e-01 -2.58303076e-01 -2.61957675e-01
 -2.65106529e-01 -2.67780393e-01 -2.69984633e-01 -2.71695673e-01 -2.72857577e-01
 -2.73378581e-01 -2.73129076e-01 -2.71942079e-01 -2.69619793e-01 -2.65948653e-01
 -2.60725588e-01 -2.53793508e-01 -2.45078191e-01 -2.34612659e-01 -2.22535342e-01
 -2.09058359e-01 -1.94415346e-01 -1.78807721e-01 -1.62363976e-01 -1.45116702e-01
 -1.27004668e-01 -1.07901715e-01 -8.76768082e-02 -6.62957802e-02 -4.39784825e-02
 -2.14108899e-02  4.22332450e-05  2.08470151e-02  4.09675501e-02  6.03602156e-02
  7.89742470e-02  9.67532098e-02  1.13637306e-01  1.29566550e-01  1.44484580e-01
  7.69229308e-02  6.97964579e-02  6.02218956e-02  4.87568267e-02  3.61584537e-02
  2.28257626e-02  8.89731478e-03 -5.58871264e-03 -2.06279829e-02 -3.62493917e-02
 -5.24503589e-02 -6.90959990e-02 -8.59750137e-02 -1.02843724e-01 -1.19457260e-01
 -1.35589063e-01 -1.51041389e-01 -1.65650249e-01 -1.79287687e-01 -1.91863149e-01
 -2.03324497e-01 -2.13658199e-01 -2.22886041e-01 -2.31059074e-01 -2.38250822e-01
 -2.44549394e-01 -2.50049531e-01 -2.54844785e-01 -2.59020805e-01 -2.62649655e-01
 -2.65785247e-01 -2.68459439e-01 -2.70678788e-01 -2.72420824e-01 -2.73630768e-01
 -2.74217755e-01 -2.74052441e-01 -2.72967070e-01 -2.70760983e-01 -2.67215103e-01
 -2.62117863e-01 -2.55301416e-01 -2.46680334e-01 -2.36279130e-01 -2.24233001e-01
 -2.10757330e-01 -1.96094275e-01 -1.80456489e-01 -1.63984045e-01 -1.46719500e-01
 -1.28608331e-01 -1.09526679e-01 -8.93400759e-02 -6.80037886e-02 -4.57191505e-02
 -2.31480021e-02 -1.63550826e-03  1.91845261e-02  3.92928086e-02  5.86550459e-02
  7.72267878e-02  9.49570760e-02  1.11791760e-01  1.27676889e-01  1.42562255e-01
  8.25346783e-02  7.67570585e-02  6.42496943e-02  5.05603403e-02  3.71556841e-02
  2.34594718e-02  9.31770634e-03 -5.32043492e-03 -2.04806291e-02 -3.62029150e-02
 -5.24909757e-02 -6.92120269e-02 -8.61552805e-02 -1.03077099e-01 -1.19732656e-01
 -1.35895595e-01 -1.51368544e-01 -1.65988103e-01 -1.79627046e-01 -1.92195758e-01
 -2.03643337e-01 -2.13957608e-01 -2.23161787e-01 -2.31308326e-01 -2.38471985e-01
 -2.44741961e-01 -2.50213772e-01 -2.54981428e-01 -2.59130746e-01 -2.62733668e-01
 -2.65843689e-01 -2.68492132e-01 -2.70684600e-01 -2.72397757e-01 -2.73575544e-01
 -2.74125874e-01 -2.73918062e-01 -2.72783190e-01 -2.70519912e-01 -2.66909391e-01
 -2.61741370e-01 -2.54850566e-01 -2.46155187e-01 -2.35683247e-01 -2.23572373e-01
 -2.10038185e-01 -1.95320815e-01 -1.79628998e-01 -1.63097724e-01 -1.45764083e-01
 -1.27568737e-01 -1.08384699e-01 -8.80778581e-02 -6.66097775e-02 -4.41977605e-02
 -2.15336345e-02 -1.02659524e-05  2.08564252e-02  4.10374291e-02  6.04902841e-02
  7.91636184e-02  9.69999954e-02  1.13938674e-01  1.29918873e-01  1.44883588e-01
  8.08250085e-02  7.40817785e-02  6.38536662e-02  5.14664277e-02  3.81994173e-02
  2.44150721e-02  1.01646939e-02 -4.56346665e-03 -1.97913703e-02 -3.55583578e-02
 -5.18775731e-02 -6.86217695e-02 -8.55832696e-02 -1.02520108e-01 -1.19188458e-01
 -1.35362610e-01 -1.50845766e-01 -1.65474996e-01 -1.79123491e-01 -1.91701904e-01
 -2.03159273e-01 -2.13483125e-01 -2.22696126e-01 -2.30849966e-01 -2.38018438e-01
 -2.44289592e-01 -2.49757633e-01 -2.54515201e-01 -2.58646488e-01 -2.62221694e-01
 -2.65292257e-01 -2.67887115e-01 -2.70009100e-01 -2.71631688e-01 -2.72695392e-01
 -2.73104727e-01 -2.72726208e-01 -2.71389782e-01 -2.68895924e-01 -2.65031874e-01
 -2.59598851e-01 -2.52447724e-01 -2.43514627e-01 -2.32842445e-01 -2.20575914e-01
 -2.06927210e-01 -1.92123458e-01 -1.76354527e-01 -1.59734130e-01 -1.42279387e-01
 -1.23915970e-01 -1.04510732e-01 -8.39371011e-02 -6.21846095e-02 -3.95246074e-02
 -1.67224854e-02  4.79141995e-03  2.57715639e-02  4.61398698e-02  6.58293292e-02
  8.47714990e-02  1.02892473e-01  1.20113149e-01  1.36352152e-01  1.51530817e-01
  8.39358568e-02  7.79136717e-02  6.63897470e-02  5.30212969e-02  3.94910686e-02
  2.56237257e-02  1.13366209e-02 -3.40743992e-03 -1.86344553e-02 -3.43780071e-02
 -5.06634712e-02 -6.73714057e-02 -8.42989832e-02 -1.01207092e-01 -1.17853507e-01
 -1.34013504e-01 -1.49490908e-01 -1.64123178e-01 -1.77783623e-01 -1.90382421e-01
 -2.01867491e-01 -2.12224379e-01 -2.21473262e-01 -2.29662985e-01 -2.36864105e-01
 -2.43161321e-01 -2.48645425e-01 -2.53405631e-01 -2.57522732e-01 -2.61063397e-01
 -2.64075220e-01 -2.66582936e-01 -2.68584728e-01 -2.70048857e-01 -2.70910501e-01
 -2.71069348e-01 -2.70388663e-01 -2.68698663e-01 -2.65805721e-01 -2.61510909e-01
 -2.55637795e-01 -2.48066127e-01 -2.38761649e-01 -2.27789432e-01 -2.15301618e-01
 -2.01500192e-01 -1.86587483e-01 -1.70720488e-01 -1.53977424e-01 -1.36344135e-01
 -1.17725730e-01 -9.79869515e-02 -7.70294368e-02 -5.49207591e-02 -3.20888981e-02
 -9.56996437e-03  1.23334117e-02  3.36706415e-02  5.44293039e-02  7.45628104e-02
  9.40003097e-02  1.12650685e-01  1.30405828e-01  1.47145972e-01  1.62748143e-01
  8.34834203e-02  7.70510137e-02  6.66576773e-02  5.40880077e-02  4.07790542e-02
  2.69983783e-02  1.27718691e-02 -1.91070931e-03 -1.70668662e-02 -3.27170528e-02
 -4.89006042e-02 -6.55081868e-02 -8.23437497e-02 -9.91723910e-02 -1.15754351e-01
 -1.31866291e-01 -1.47312865e-01 -1.61931932e-01 -1.75596640e-01 -1.88216239e-01
 -1.99736521e-01 -2.10139617e-01 -2.19441473e-01 -2.27686018e-01 -2.34938443e-01
 -2.41277799e-01 -2.46789247e-01 -2.51556456e-01 -2.55654812e-01 -2.59145349e-01
 -2.62070119e-01 -2.64447659e-01 -2.66269743e-01 -2.67497867e-01 -2.68060893e-01
 -2.67853439e-01 -2.66737223e-01 -2.64546484e-01 -2.61100382e-01 -2.56223321e-01
 -2.49772340e-01 -2.41666287e-01 -2.31906831e-01 -2.20581576e-01 -2.07844153e-01
 -1.93876177e-01 -1.78843275e-01 -1.62857205e-01 -1.45950034e-01 -1.28069207e-01
 -1.09097570e-01 -8.89035314e-02 -6.74322620e-02 -4.48510274e-02 -2.17492394e-02
  6.60384481e-04  2.27413829e-02  4.44444306e-02  6.57233149e-02  8.65164772e-02
  1.06737025e-01  1.26265794e-01  1.44947514e-01  1.62593022e-01  1.78991526e-01
  8.50743428e-02  7.89511651e-02  6.82848096e-02  5.55295646e-02  4.22599912e-02
  2.85750590e-02  1.44578954e-02 -1.05246028e-04 -1.51275629e-02 -3.06243133e-02
 -4.66404520e-02 -6.30813837e-02 -7.97612295e-02 -9.64516252e-02 -1.12916738e-01
 -1.28935486e-01 -1.44313768e-01 -1.58890039e-01 -1.72537237e-01 -1.85163334e-01
 -1.96711376e-01 -2.07158953e-01 -2.16516137e-01 -2.24820107e-01 -2.32128635e-01
 -2.38512933e-01 -2.44050190e-01 -2.48816267e-01 -2.52878815e-01 -2.56291300e-01
 -2.59088069e-01 -2.61279941e-01 -2.62850821e-01 -2.63754904e-01 -2.63915032e-01
 -2.63222992e-01 -2.61543125e-01 -2.58720785e-01 -2.54597038e-01 -2.49029964e-01
 -2.41919115e-01 -2.33227104e-01 -2.22990066e-01 -2.11310521e-01 -1.98332384e-01
 -1.84205100e-01 -1.69047505e-01 -1.52917564e-01 -1.35796770e-01 -1.17595412e-01
 -9.81836617e-02 -7.74579719e-02 -5.54577559e-02 -3.25484388e-02 -9.66580957e-03
  1.29517736e-02  3.53556052e-02  5.75559735e-02  7.95381740e-02  1.01261407e-01
  1.22648805e-01  1.43570572e-01  1.63821846e-01  1.83103129e-01  2.01024726e-01
  8.60674679e-02  8.00981820e-02  6.95715994e-02  5.69847077e-02  4.38835956e-02
  3.03472001e-02  1.63742658e-02  1.96802220e-03 -1.28743183e-02 -2.81628631e-02
 -4.39464524e-02 -6.01503402e-02 -7.66030774e-02 -9.30860415e-02 -1.09369472e-01
 -1.25235841e-01 -1.40493006e-01 -1.54980302e-01 -1.68570563e-01 -1.81170359e-01
 -1.92719549e-01 -2.03190446e-01 -2.12585926e-01 -2.20934793e-01 -2.28285521e-01
 -2.34699383e-01 -2.40243390e-01 -2.44983256e-01 -2.48976648e-01 -2.52267420e-01
 -2.54880488e-01 -2.56817728e-01 -2.58054882e-01 -2.58539766e-01 -2.58191824e-01
 -2.56904900e-01 -2.54553169e-01 -2.51002222e-01 -2.46125072e-01 -2.39821494e-01
 -2.32036829e-01 -2.22774208e-01 -2.12094367e-01 -2.00101197e-01 -1.86915547e-01
 -1.72645003e-01 -1.57354638e-01 -1.41046733e-01 -1.23656072e-01 -1.05066173e-01
 -8.51532221e-02 -6.38697222e-02 -4.13819700e-02 -1.82646830e-02  4.29175887e-03
  2.69106794e-02  4.95754331e-02  7.22966492e-02  9.50922891e-02  1.17974468e-01
  1.40933856e-01  1.63912922e-01  1.86751321e-01  2.09072843e-01  2.30114385e-01
  8.60139653e-02  7.98031166e-02  7.03533888e-02  5.86156622e-02  4.57669944e-02
  3.23351622e-02  1.84786078e-02  4.23545111e-03 -1.03936344e-02 -2.54216958e-02
 -4.09035757e-02 -5.67916855e-02 -7.29345530e-02 -8.91273022e-02 -1.05148926e-01
 -1.20787092e-01 -1.35852486e-01 -1.50185645e-01 -1.63659364e-01 -1.76178694e-01
 -1.87680125e-01 -1.98130250e-01 -2.07523733e-01 -2.15879679e-01 -2.23235682e-01
 -2.29641289e-01 -2.35151380e-01 -2.39819482e-01 -2.43691429e-01 -2.46799782e-01
 -2.49159098e-01 -2.50762254e-01 -2.51578182e-01 -2.51551211e-01 -2.50602663e-01
 -2.48635575e-01 -2.45542914e-01 -2.41219625e-01 -2.35577509e-01 -2.28560120e-01
 -2.20153853e-01 -2.10390732e-01 -1.99340671e-01 -1.87093735e-01 -1.73737094e-01
 -1.59330010e-01 -1.43883705e-01 -1.27352387e-01 -1.09640740e-01 -9.06341523e-02
 -7.02615753e-02 -4.86047529e-02 -2.60647126e-02 -3.57227749e-03  1.89642552e-02
  4.16327491e-02  6.45080879e-02  8.76708180e-02  1.11215129e-01  1.35253489e-01
  1.59920886e-01  1.85381621e-01  2.11846769e-01  2.39622980e-01  2.68853575e-01
  9.61223394e-02  9.25235897e-02  7.68231675e-02  6.17197640e-02  4.80150953e-02
  3.43933366e-02  2.05935668e-02  6.53267046e-03 -7.83114415e-03 -2.25295443e-02
 -3.76248918e-02 -5.31029664e-02 -6.88371509e-02 -8.46401006e-02 -1.00302264e-01
 -1.15618125e-01 -1.30401969e-01 -1.44495830e-01 -1.57772303e-01 -1.70134693e-01
 -1.81515872e-01 -1.91876471e-01 -2.01202571e-01 -2.09502429e-01 -2.16801614e-01
 -2.23136678e-01 -2.28548989e-01 -2.33078614e-01 -2.36758471e-01 -2.39609331e-01
 -2.41635740e-01 -2.42823213e-01 -2.43137047e-01 -2.42523268e-01 -2.40911841e-01
 -2.38223001e-01 -2.34376103e-01 -2.29300663e-01 -2.22947732e-01 -2.15298608e-01
 -2.06368297e-01 -1.96201488e-01 -1.84861183e-01 -1.72411889e-01 -1.58899829e-01
 -1.44335687e-01 -1.28685057e-01 -1.11871578e-01 -9.37986225e-02 -7.43980184e-02
 -5.37168086e-02 -3.20508666e-02 -1.01157073e-02  1.19175147e-02  3.41176540e-02
  5.65690920e-02  7.93719292e-02  1.02648750e-01  1.26554325e-01  1.51288539e-01
  1.77114487e-01  2.04384878e-01  2.33574748e-01  2.65231460e-01  2.98795760e-01
  8.93403441e-02  8.37988555e-02  7.43086562e-02  6.22505732e-02  4.92404178e-02
  3.59019451e-02  2.23604683e-02  8.61091819e-03 -5.37838228e-03 -1.96429379e-02
 -3.42425108e-02 -4.91963737e-02 -6.44048601e-02 -7.97007158e-02 -9.48879868e-02
 -1.09769411e-01 -1.24163538e-01 -1.37913868e-01 -1.50892526e-01 -1.63000613e-01
 -1.74167007e-01 -1.84346154e-01 -1.93515509e-01 -2.01672196e-01 -2.08828971e-01
 -2.15008810e-01 -2.20239192e-01 -2.24546492e-01 -2.27951020e-01 -2.30462790e-01
 -2.32078373e-01 -2.32779264e-01 -2.32531890e-01 -2.31289864e-01 -2.28998229e-01
 -2.25600019e-01 -2.21044034e-01 -2.15293005e-01 -2.08330095e-01 -2.00161815e-01
 -1.90815970e-01 -1.80334434e-01 -1.68761030e-01 -1.56126752e-01 -1.42436340e-01
 -1.27659887e-01 -1.11734286e-01 -9.45797563e-02 -7.61394873e-02 -5.64527661e-02
 -3.57722677e-02 -1.47246867e-02  6.43152464e-03  2.77600680e-02  4.93279994e-02
  7.12166205e-02  9.35288221e-02  1.16397269e-01  1.39995277e-01  1.64551854e-01
  1.90372482e-01  2.17866197e-01  2.47577220e-01  2.80235410e-01  3.17060381e-01
  9.43212435e-02  9.09456015e-02  7.74909854e-02  6.31118119e-02  4.98414151e-02
  3.67298238e-02  2.35648416e-02  1.02684284e-02 -3.20911431e-03 -1.69101190e-02
 -3.08852624e-02 -4.51845713e-02 -5.97354621e-02 -7.43922368e-02 -8.89742747e-02
 -1.03293881e-01 -1.17174536e-01 -1.30461246e-01 -1.43025219e-01 -1.54764771e-01
 -1.65604219e-01 -1.75491631e-01 -1.84395954e-01 -1.92303702e-01 -1.99215084e-01
 -2.05139682e-01 -2.10091636e-01 -2.14084864e-01 -2.17128769e-01 -2.19225138e-01
 -2.20365956e-01 -2.20532909e-01 -2.19698340e-01 -2.17828020e-01 -2.14885503e-01
 -2.10837364e-01 -2.05658779e-01 -1.99337870e-01 -1.91877931e-01 -1.83296338e-01
 -1.73619583e-01 -1.62874654e-01 -1.51078761e-01 -1.38229519e-01 -1.24298796e-01
 -1.09233730e-01 -9.29696113e-02 -7.54609704e-02 -5.67394421e-02 -3.70073766e-02
 -1.67699233e-02  3.13411513e-03  2.32844092e-02  4.36734818e-02  6.43287674e-02
  8.53039101e-02  1.06677651e-01  1.28557056e-01  1.51084483e-01  1.74448550e-01
  1.98901832e-01  2.24791363e-01  2.52627730e-01  2.83370256e-01  3.21381062e-01
  8.71657878e-02  8.20859224e-02  7.29538277e-02  6.13751821e-02  4.90630791e-02
  3.65798511e-02  2.40157731e-02  1.13507016e-02 -1.45598873e-03 -1.44462157e-02
 -2.76601873e-02 -4.11676690e-02 -5.49219027e-02 -6.87994957e-02 -8.26367289e-02
 -9.62569714e-02 -1.09489612e-01 -1.22181498e-01 -1.34202734e-01 -1.45448372e-01
 -1.55837715e-01 -1.65312201e-01 -1.73832551e-01 -1.81375459e-01 -1.87930018e-01
 -1.93493962e-01 -1.98069692e-01 -2.01660648e-01 -2.04268157e-01 -2.05888987e-01
 -2.06514135e-01 -2.06129044e-01 -2.04714835e-01 -2.02250928e-01 -1.98718235e-01
 -1.94102660e-01 -1.88397855e-01 -1.81606531e-01 -1.73739463e-01 -1.64812028e-01
 -1.54838458e-01 -1.43824980e-01 -1.31763607e-01 -1.18628733e-01 -1.04379542e-01
 -8.89721662e-02 -7.23862424e-02 -5.46715409e-02 -3.60197723e-02 -1.68577190e-02
  1.98719022e-03  2.09904443e-02  4.01643999e-02  5.95212243e-02  7.90811181e-02
  9.88756344e-02  1.18949622e-01  1.39362857e-01  1.60191610e-01  1.81530118e-01
  2.03490973e-01  2.26202652e-01  2.49794364e-01  2.74326622e-01  2.98851818e-01
  8.70139897e-02  8.33178684e-02  7.21205771e-02  5.93106560e-02  4.72517647e-02
  3.54247019e-02  2.36284789e-02  1.17726121e-02 -1.98239330e-04 -1.23256911e-02
 -2.46451404e-02 -3.72271203e-02 -5.00480123e-02 -6.30066618e-02 -7.59576261e-02
 -8.87371525e-02 -1.01182126e-01 -1.13142282e-01 -1.24487057e-01 -1.35108277e-01
 -1.44920126e-01 -1.53857410e-01 -1.61873072e-01 -1.68935016e-01 -1.75022885e-01
 -1.80124775e-01 -1.84234053e-01 -1.87346518e-01 -1.89458147e-01 -1.90563425e-01
 -1.90654844e-01 -1.89723030e-01 -1.87757954e-01 -1.84750497e-01 -1.80694327e-01
 -1.75587237e-01 -1.69431627e-01 -1.62233546e-01 -1.54000223e-01 -1.44736394e-01
 -1.34440109e-01 -1.23099409e-01 -1.10691853e-01 -9.71894339e-02 -8.25724080e-02
 -6.68563023e-02 -5.01367636e-02 -3.26526351e-02 -1.48699181e-02  3.04028788e-03
  2.10108496e-02  3.90682109e-02  5.72222210e-02  7.54757077e-02  9.38301608e-02
  1.12288646e-01  1.30856648e-01  1.49541199e-01  1.68347567e-01  1.87272578e-01
  2.06291854e-01  2.25335732e-01  2.44243801e-01  2.62664586e-01  2.79809356e-01
  7.80069903e-02  7.31872544e-02  6.47151545e-02  5.44086546e-02  4.37973626e-02
  3.31261903e-02  2.23797970e-02  1.15285441e-02  5.47849690e-04 -1.05841793e-02
 -2.18889080e-02 -3.34258527e-02 -4.51890938e-02 -5.70983700e-02 -6.90275282e-02
 -8.08278769e-02 -9.23461244e-02 -1.03436910e-01 -1.13970444e-01 -1.23836204e-01
 -1.32943809e-01 -1.41222060e-01 -1.48616791e-01 -1.55088276e-01 -1.60608366e-01
 -1.65157646e-01 -1.68722898e-01 -1.71294779e-01 -1.72866151e-01 -1.73430964e-01
 -1.72983661e-01 -1.71519309e-01 -1.69033989e-01 -1.65525362e-01 -1.60993025e-01
 -1.55438378e-01 -1.48863569e-01 -1.41269848e-01 -1.32655174e-01 -1.23012044e-01
 -1.12326466e-01 -1.00579768e-01 -8.77556130e-02 -7.38550946e-02 -5.89243434e-02
 -4.30974439e-02 -2.66651884e-02 -1.01183252e-02  6.62367698e-03  2.35148128e-02
  4.05115560e-02  5.75832911e-02  7.47027621e-02  9.18428898e-02  1.08975828e-01
  1.26072511e-01  1.43101513e-01  1.60026744e-01  1.76803067e-01  1.93368912e-01
  2.09634915e-01  2.25467056e-01  2.40664855e-01  2.54940450e-01  2.67922401e-01
  6.90298527e-02  6.37206882e-02  5.66935353e-02  4.83924747e-02  3.94143686e-02
  3.00711226e-02  2.04966776e-02  1.07472287e-02  8.44235590e-04 -9.20758210e-03
 -1.94124896e-02 -2.98129842e-02 -4.04170342e-02 -5.11643924e-02 -6.19495027e-02
 -7.26413205e-02 -8.30995217e-02 -9.31866467e-02 -1.02776200e-01 -1.11757316e-01
 -1.20036565e-01 -1.27537891e-01 -1.34201214e-01 -1.39980420e-01 -1.44840986e-01
 -1.48757622e-01 -1.51712105e-01 -1.53691396e-01 -1.54686168e-01 -1.54689744e-01
 -1.53697401e-01 -1.51705965e-01 -1.48713514e-01 -1.44719034e-01 -1.39721841e-01
 -1.33720681e-01 -1.26712516e-01 -1.18691273e-01 -1.09647244e-01 -9.95678455e-02
 -8.84414241e-02 -7.62658194e-02 -6.30643517e-02 -4.89104465e-02 -3.39689776e-02
 -1.85153279e-02 -3.16818012e-03  1.24729900e-02  2.83357110e-02  4.43585850e-02
  6.04851246e-02  7.66617358e-02  9.28353593e-02  1.08951941e-01  1.24955669e-01
  1.40788481e-01  1.56389445e-01  1.71693444e-01  1.86628878e-01  2.01113850e-01
  2.15051100e-01  2.28322372e-01  2.40784228e-01  2.52269089e-01  2.62596071e-01
  6.38185218e-02  5.91390282e-02  5.15985340e-02  4.33940552e-02  3.51996496e-02
  2.68280208e-02  1.82826649e-02  9.58891679e-03  7.65675737e-04 -8.17736890e-03
 -1.72376782e-02 -2.64421161e-02 -3.58122587e-02 -4.53078561e-02 -5.48452064e-02
 -6.43134564e-02 -7.35885799e-02 -8.25446323e-02 -9.10618454e-02 -9.90319401e-02
 -1.06360883e-01 -1.12969697e-01 -1.18793979e-01 -1.23782583e-01 -1.27895772e-01
 -1.31103382e-01 -1.33382902e-01 -1.34717822e-01 -1.35096237e-01 -1.34509608e-01
 -1.32951826e-01 -1.30418390e-01 -1.26905590e-01 -1.22409850e-01 -1.16926849e-01
 -1.10450953e-01 -1.02974989e-01 -9.44909975e-02 -8.49926844e-02 -7.44809061e-02
 -6.29742295e-02 -5.05250618e-02 -3.72497924e-02 -2.33386364e-02 -9.23460536e-03
  5.24384715e-03  1.99900698e-02  3.49846780e-02  5.01851216e-02  6.55369610e-02
  8.09781402e-02  9.64405760e-02  1.11850746e-01  1.27130195e-01  1.42196387e-01
  1.56964079e-01  1.71346784e-01  1.85258269e-01  1.98613420e-01  2.11328462e-01
  2.23320261e-01  2.34505460e-01  2.44800285e-01  2.54122198e-01  2.62394458e-01
  5.66688031e-02  5.15140817e-02  4.52706777e-02  3.82602103e-02  3.09023261e-02
  2.33847592e-02  1.57674775e-02  8.07202514e-03  3.07480659e-04 -7.52305472e-03
 -1.54204834e-02 -2.33891774e-02 -3.14737670e-02 -3.96512076e-02 -4.78590168e-02
 -5.60076945e-02 -6.39920831e-02 -7.17010722e-02 -7.90252909e-02 -8.58625695e-02
 -9.21213552e-02 -9.77224112e-02 -1.02599099e-01 -1.06696822e-01 -1.09971821e-01
 -1.12389691e-01 -1.13923863e-01 -1.14554062e-01 -1.14264920e-01 -1.13044694e-01
 -1.10884108e-01 -1.07775390e-01 -1.03711553e-01 -9.86859500e-02 -9.26922187e-02
 -8.57248977e-02 -7.77816623e-02 -6.88681230e-02 -5.90040870e-02 -4.82333824e-02
 -3.66467722e-02 -2.43792702e-02 -1.17705027e-02  1.32822630e-03  1.48374755e-02
  2.87237875e-02  4.29399237e-02  5.74395396e-02  7.21694008e-02  8.70667771e-02
  1.02058284e-01  1.17059298e-01  1.31973922e-01  1.46695986e-01  1.61111265e-01
  1.75101340e-01  1.88548684e-01  2.01342374e-01  2.13383511e-01  2.24589333e-01
  2.34895438e-01  2.44256094e-01  2.52642781e-01  2.60042042e-01  2.66453177e-01
  5.21457270e-02  4.79891188e-02  4.04996276e-02  3.31809372e-02  2.63022948e-02
  1.95274800e-02  1.27950013e-02  6.08366914e-03 -6.18594873e-04 -7.32033979e-03
 -1.40276412e-02 -2.07443442e-02 -2.75153704e-02 -3.43334116e-02 -4.11556996e-02
 -4.79136780e-02 -5.45220263e-02 -6.08867183e-02 -6.69117868e-02 -7.25045726e-02
 -7.75794461e-02 -8.20599869e-02 -8.58800337e-02 -8.89836922e-02 -9.13247392e-02
 -9.28655863e-02 -9.35761407e-02 -9.34325606e-02 -9.24160779e-02 -9.05118212e-02
 -8.77076685e-02 -8.39935318e-02 -7.93613344e-02 -7.38063380e-02 -6.73285499e-02
 -5.99345975e-02 -5.16425148e-02 -4.24991436e-02 -3.25870663e-02 -2.20076554e-02
 -1.10499738e-02  5.05541801e-04  1.25871208e-02  2.51667202e-02  3.82083654e-02
  5.16762361e-02  6.55303746e-02  7.97250718e-02  9.42056477e-02  1.08905114e-01
  1.23740949e-01  1.38612181e-01  1.53397337e-01  1.67954311e-01  1.82123229e-01
  1.95733562e-01  2.08615303e-01  2.20612928e-01  2.31598943e-01  2.41484329e-01
  2.50223994e-01  2.57816553e-01  2.64298737e-01  2.69735307e-01  2.74207115e-01
  4.35582250e-02  3.85599732e-02  3.28850783e-02  2.68415138e-02  2.08027065e-02
  1.48967812e-02  9.12303105e-03  3.45231430e-03 -2.14243610e-03 -7.67994672e-03
 -1.31706735e-02 -1.86182279e-02 -2.40614098e-02 -2.95018684e-02 -3.49113792e-02
 -4.02389243e-02 -4.54174392e-02 -5.03701158e-02 -5.50159439e-02 -5.92743196e-02
 -6.30686134e-02 -6.63286150e-02 -6.89919069e-02 -7.10043758e-02 -7.23199472e-02
 -7.29000270e-02 -7.27127269e-02 -7.17325136e-02 -6.99397400e-02 -6.73199072e-02
 -6.38625920e-02 -5.95603772e-02 -5.44094481e-02 -4.84187007e-02 -4.16137725e-02
 -3.40342894e-02 -2.57095583e-02 -1.67708490e-02 -7.50282919e-03  2.44315690e-03
  1.29834786e-02  2.40999870e-02  3.57692130e-02  4.79703136e-02  6.06819838e-02
  7.38811493e-02  8.75407159e-02  1.01626769e-01  1.16094850e-01  1.30885124e-01
  1.45916447e-01  1.61079347e-01  1.76228479e-01  1.91176444e-01  2.05692530e-01
  2.19511926e-01  2.32359096e-01  2.43982434e-01  2.54188031e-01  2.62862653e-01
  2.69983381e-01  2.75616199e-01  2.79902726e-01  2.83034205e-01  2.85216451e-01
  3.63457203e-02  3.19672897e-02  2.55058743e-02  1.94067992e-02  1.41145997e-02
  9.21779498e-03  4.55745962e-03  4.85965829e-05 -4.35550557e-03 -8.67797248e-03
 -1.29265729e-02 -1.70984082e-02 -2.12184265e-02 -2.52905730e-02 -2.92944256e-02
 -3.31910029e-02 -3.69277857e-02 -4.04432714e-02 -4.36711051e-02 -4.65438142e-02
 -4.89960983e-02 -5.09672388e-02 -5.24025708e-02 -5.32541201e-02 -5.34804389e-02
 -5.30458018e-02 -5.19194193e-02 -5.00775576e-02 -4.75058220e-02 -4.41996716e-02
 -4.01634648e-02 -3.54046375e-02 -2.99122259e-02 -2.37232652e-02 -1.69359129e-02
 -9.75402538e-03 -1.87891396e-03  6.61370251e-03  1.56686287e-02  2.53018755e-02
  3.55101041e-02  4.62898724e-02  5.76377325e-02  6.95510432e-02  8.20276141e-02
  9.50648040e-02  1.08657859e-01  1.22797355e-01  1.37465358e-01  1.52629584e-01
  1.68234900e-01  1.84190780e-01  2.00353280e-01  2.16500521e-01  2.32304826e-01
  2.47319564e-01  2.61021584e-01  2.72927374e-01  2.82700151e-01  2.90175945e-01
  2.95363039e-01  2.98439860e-01  2.99750566e-01  2.99760103e-01  2.98929513e-01
  2.35966016e-02  1.82720609e-02  1.35235004e-02  9.37657617e-03  5.71417389e-03
  2.32611946e-03 -9.25929344e-04 -4.10429621e-03 -7.22927647e-03 -1.03003457e-02
 -1.33064101e-02 -1.62308179e-02 -1.90544445e-02 -2.17999425e-02 -2.44445764e-02
 -2.69545447e-02 -2.92872488e-02 -3.13935950e-02 -3.32202092e-02 -3.47118042e-02
 -3.58155482e-02 -3.64832617e-02 -3.66727896e-02 -3.63488346e-02 -3.54827605e-02
 -3.40497531e-02 -3.20187248e-02 -2.93671675e-02 -2.60937903e-02 -2.22197399e-02
 -1.78004559e-02 -1.29541513e-02 -7.45626958e-03 -1.35831372e-03  5.29552810e-03
  1.24730989e-02  2.01950874e-02  2.84611154e-02  3.72683741e-02  4.66224551e-02
  5.65316230e-02  6.70067519e-02  7.80614913e-02  8.97125676e-02  1.01979956e-01
  1.14886865e-01  1.28459290e-01  1.42725021e-01  1.57711551e-01  1.73442170e-01
  1.89928949e-01  2.07160339e-01  2.25079179e-01  2.43541405e-01  2.62227207e-01
  2.80433983e-01  2.96826422e-01  3.10094208e-01  3.19928080e-01  3.26067328e-01
  3.28597456e-01  3.27805698e-01  3.24196160e-01  3.19246054e-01  3.14139098e-01
  7.11564953e-03  4.85350960e-04 -1.96435908e-03 -2.77358340e-03 -3.83370160e-03
 -5.26162796e-03 -6.92207180e-03 -8.71207099e-03 -1.05605582e-02 -1.24137225e-02
 -1.42267793e-02 -1.59596708e-02 -1.75743550e-02 -1.90821923e-02 -2.04574279e-02
 -2.16696467e-02 -2.26847567e-02 -2.34656371e-02 -2.39712689e-02 -2.41510943e-02
 -2.39650439e-02 -2.33803280e-02 -2.23719049e-02 -2.09252182e-02 -1.90418866e-02
 -1.67515166e-02 -1.39798205e-02 -1.06735202e-02 -6.85408805e-03 -2.54159677e-03
  2.24286853e-03  7.48415012e-03  1.32004190e-02  1.93907171e-02  2.60487981e-02
  3.31714638e-02  4.07641977e-02  4.88353260e-02  5.73962703e-02  6.64628446e-02
  7.60552287e-02  8.61981884e-02  9.69214886e-02  1.08260624e-01  1.20257854e-01
  1.32963449e-01  1.46437302e-01  1.60750896e-01  1.75989315e-01  1.92253292e-01
  2.09660485e-01  2.28345037e-01  2.48454645e-01  2.70147502e-01  2.93626636e-01
  3.19578707e-01  3.49276364e-01  3.57751578e-01  3.71753454e-01  3.74543101e-01
  3.72190624e-01  3.71113092e-01  3.51565629e-01  3.38044584e-01  3.27690631e-01
 -6.88193645e-03 -1.49907656e-02 -1.47589082e-02 -1.28804883e-02 -1.22308237e-02
 -1.22570787e-02 -1.26693938e-02 -1.33059565e-02 -1.40570132e-02 -1.48403477e-02
 -1.55906714e-02 -1.62533671e-02 -1.67795476e-02 -1.71688050e-02 -1.73919238e-02
 -1.74221061e-02 -1.72357541e-02 -1.68156028e-02 -1.61580220e-02 -1.51526099e-02
 -1.37906112e-02 -1.20601198e-02 -9.95098986e-03 -7.45711848e-03 -4.57676360e-03
 -1.30963908e-03  2.35394901e-03  6.42028637e-03  1.08838910e-02  1.57343894e-02
  2.09606774e-02  2.65547242e-02  3.25146019e-02  3.88401784e-02  4.55336347e-02
  5.26011288e-02  6.00540154e-02  6.79086447e-02  7.61863217e-02  8.49134624e-02
  9.41217542e-02  1.03848509e-01  1.14137344e-01  1.25039324e-01  1.36614680e-01
  1.48935422e-01  1.62088916e-01  1.76182970e-01  1.91352993e-01  2.07771793e-01
  2.25662962e-01  2.45317623e-01  2.67112941e-01  2.91533887e-01  3.19263816e-01
  3.50741386e-01  3.72278780e-01  3.87135088e-01  3.98599148e-01  3.97548646e-01
  3.96832675e-01  3.81308407e-01  3.62780929e-01  3.47140610e-01  3.34550560e-01
 -1.03541696e-02 -1.74029656e-02 -1.96746141e-02 -1.93464272e-02 -1.85976997e-02
 -1.80475302e-02 -1.77402794e-02 -1.75995547e-02 -1.75361484e-02 -1.74713712e-02
 -1.73405427e-02 -1.70919169e-02 -1.66852511e-02 -1.60921626e-02 -1.52872540e-02
 -1.42477155e-02 -1.29529368e-02 -1.13838706e-02 -9.52097122e-03 -7.33741838e-03
 -4.81788628e-03 -1.95388729e-03  1.25776790e-03  4.81562875e-03  8.71434528e-03
  1.29458923e-02  1.75009593e-02  2.23679729e-02  2.75325552e-02  3.29791307e-02
  3.86931300e-02  4.46631722e-02  5.08827418e-02  5.73507696e-02  6.40722215e-02
  7.10586160e-02  7.83282518e-02  8.59059691e-02  9.38228071e-02  1.02115549e-01
  1.10826507e-01  1.20003536e-01  1.29700512e-01  1.39978424e-01  1.50907218e-01
  1.62568793e-01  1.75061271e-01  1.88505486e-01  2.03054547e-01  2.18908444e-01
  2.36337185e-01  2.55718976e-01  2.77605534e-01  3.02818775e-01  3.32096487e-01
  3.59417498e-01  3.77221584e-01  3.92455429e-01  3.97892624e-01  3.98803502e-01
  3.91779959e-01  3.75214070e-01  3.58682215e-01  3.44675869e-01  3.32938313e-01
 -2.08535064e-02 -3.02058291e-02 -2.81874277e-02 -2.51458567e-02 -2.37330068e-02
 -2.28588656e-02 -2.22088508e-02 -2.16352828e-02 -2.10397970e-02 -2.03492530e-02
 -1.95085350e-02 -1.84761863e-02 -1.72208454e-02 -1.57183073e-02 -1.39485653e-02
 -1.18942820e-02 -9.54010710e-03 -6.87245931e-03 -3.87951895e-03 -5.51657460e-04
  3.11590894e-03  7.12243840e-03  1.14615625e-02  1.61214434e-02  2.10851710e-02
  2.63314135e-02  3.18352506e-02  3.75690237e-02  4.35036086e-02  4.96103652e-02
  5.58634885e-02  6.22425154e-02  6.87345043e-02  7.53356442e-02  8.20522234e-02
  8.89008567e-02  9.59080085e-02  1.03108913e-01  1.10546179e-01  1.18268333e-01
  1.26328602e-01  1.34784043e-01  1.43695384e-01  1.53127477e-01  1.63150489e-01
  1.73842028e-01  1.85290247e-01  1.97598323e-01  2.10890770e-01  2.25322634e-01
  2.41093487e-01  2.58469552e-01  2.77818024e-01  2.99619704e-01  3.23748291e-01
  3.44501704e-01  3.58701706e-01  3.70596498e-01  3.74381065e-01  3.75029325e-01
  3.68120462e-01  3.55778992e-01  3.44174594e-01  3.33779961e-01  3.24523240e-01
 -1.68003067e-02 -2.43441276e-02 -2.74299122e-02 -2.78060026e-02 -2.74285525e-02
 -2.69460455e-02 -2.64061131e-02 -2.57321279e-02 -2.48509496e-02 -2.37135943e-02
 -2.22909730e-02 -2.05660854e-02 -1.85277909e-02 -1.61669124e-02 -1.34742865e-02
 -1.04403319e-02 -7.05562718e-03 -3.31200194e-03  7.96157110e-04  5.27053652e-03
  1.01075005e-02  1.52971279e-02  2.08226554e-02  2.66602281e-02  3.27789299e-02
  3.91410924e-02  4.57030535e-02  5.24164960e-02  5.92305958e-02  6.60951212e-02
  7.29642585e-02  7.98007548e-02  8.65797922e-02  9.32919011e-02  9.99444947e-02
  1.06561735e-01  1.13182835e-01  1.19859152e-01  1.26650661e-01  1.33622482e-01
  1.40841857e-01  1.48376063e-01  1.56291187e-01  1.64651766e-01  1.73521146e-01
  1.82962269e-01  1.93038613e-01  2.03815043e-01  2.15357929e-01  2.27733523e-01
  2.41002336e-01  2.55204320e-01  2.70324141e-01  2.86213696e-01  3.02199990e-01
  3.16184729e-01  3.27284396e-01  3.35139394e-01  3.39411676e-01  3.39946091e-01
  3.36743891e-01  3.31243485e-01  3.24951082e-01  3.18451047e-01  3.12079251e-01
 -2.57012565e-02 -3.62530090e-02 -3.30425538e-02 -3.09330691e-02 -3.09131723e-02
 -3.11233215e-02 -3.10564749e-02 -3.05335373e-02 -2.95088403e-02 -2.79936250e-02
 -2.60180272e-02 -2.36124471e-02 -2.07992662e-02 -1.75903644e-02 -1.39880311e-02
 -9.98773612e-03 -5.58167556e-03 -7.62306212e-04  4.47455980e-03  1.01273386e-02
  1.61869749e-02  2.26359013e-02  2.94474438e-02  3.65853906e-02  4.40035313e-02
  5.16452491e-02  5.94434328e-02  6.73214346e-02  7.51956701e-02  8.29804763e-02
  9.05949920e-02  9.79713723e-02  1.05062716e-01  1.11849144e-01  1.18340738e-01
  1.24576651e-01  1.30620614e-01  1.36553884e-01  1.42467171e-01  1.48453131e-01
  1.54600605e-01  1.60990998e-01  1.67696476e-01  1.74779609e-01  1.82293668e-01
  1.90282941e-01  1.98782638e-01  2.07817659e-01  2.17399433e-01  2.27519587e-01
  2.38138452e-01  2.49165192e-01  2.60425627e-01  2.71615952e-01  2.82267749e-01
  2.91810572e-01  2.99736351e-01  3.05693120e-01  3.09492171e-01  3.11119765e-01
  3.10772747e-01  3.08858424e-01  3.05864811e-01  3.02212745e-01  2.98213392e-01
 -1.19775487e-02 -2.05406025e-02 -2.67514810e-02 -3.12152207e-02 -3.45289744e-02
 -3.66408974e-02 -3.74548174e-02 -3.71059775e-02 -3.58078666e-02 -3.37470472e-02
 -3.10673304e-02 -2.78695505e-02 -2.42142584e-02 -2.01280434e-02 -1.56125249e-02
 -1.06542287e-02 -5.23369573e-03  6.67063112e-04  7.05906609e-03  1.39428386e-02
  2.13067289e-02  2.91267168e-02  3.73669639e-02  4.59800623e-02  5.49060479e-02
  6.40699491e-02  7.33785182e-02  8.27178806e-02  9.19544622e-02  1.00941665e-01
  1.09533235e-01  1.17601387e-01  1.25055313e-01  1.31855279e-01  1.38019174e-01
  1.43619895e-01  1.48774043e-01  1.53624266e-01  1.58320144e-01  1.63002461e-01
  1.67793602e-01  1.72793776e-01  1.78081140e-01  1.83713868e-01  1.89732596e-01
  1.96162179e-01  2.03012452e-01  2.10277468e-01  2.17932999e-01  2.25931779e-01
  2.34196693e-01  2.42611676e-01  2.51012623e-01  2.59182870e-01  2.66861320e-01
  2.73769975e-01  2.79654205e-01  2.84319758e-01  2.87657142e-01  2.89653927e-01
  2.90394932e-01  2.90045232e-01  2.88815528e-01  2.86923200e-01  2.84564137e-01
 -6.75481418e-03 -1.63127892e-02 -2.56427266e-02 -3.47193778e-02 -4.29187343e-02
 -4.73728254e-02 -4.79959846e-02 -4.68919873e-02 -4.45892960e-02 -4.14190404e-02
 -3.76409478e-02 -3.34133543e-02 -2.88069453e-02 -2.38255821e-02 -1.84312873e-02
 -1.25674913e-02 -6.17636275e-03  7.89483194e-04  8.35949369e-03  1.65410135e-02
  2.53186189e-02  3.46575677e-02  4.45100106e-02  5.48198707e-02  6.55224696e-02
  7.65375271e-02  8.77565593e-02  9.90278050e-02  1.10144980e-01  1.20850407e-01
  1.30862132e-01  1.39921829e-01  1.47843480e-01  1.54546142e-01  1.60068005e-01
  1.64561987e-01  1.68268844e-01  1.71468601e-01  1.74428418e-01  1.77369043e-01
  1.80455238e-01  1.83801055e-01  1.87480122e-01  1.91535562e-01  1.95987403e-01
  2.00837389e-01  2.06071600e-01  2.11661100e-01  2.17561200e-01  2.23709583e-01
  2.30023861e-01  2.36399382e-01  2.42708683e-01  2.48804167e-01  2.54525810e-01
  2.59713888e-01  2.64224887e-01  2.67947048e-01  2.70812094e-01  2.72801518e-01
  2.73945659e-01  2.74316341e-01  2.74013966e-01  2.73152769e-01  2.71847546e-01
 -3.28366086e-03 -1.41658131e-02 -2.61105932e-02 -3.96981984e-02 -5.51464297e-02
 -6.30337521e-02 -6.37062937e-02 -6.08556159e-02 -5.60222715e-02 -5.07871918e-02
 -4.53400463e-02 -3.98381390e-02 -3.42849754e-02 -2.85546165e-02 -2.24797409e-02
 -1.59014240e-02 -8.68503749e-03 -7.29973137e-04  8.02474096e-03  1.75960883e-02
  2.79496498e-02  3.90100144e-02  5.06935567e-02  6.29353225e-02  7.56922364e-02
  8.89261663e-02  1.02572568e-01  1.16493762e-01  1.30415037e-01  1.43867642e-01
  1.56227410e-01  1.66908368e-01  1.75524577e-01  1.81913301e-01  1.86148003e-01
  1.88554376e-01  1.89704537e-01  1.90241426e-01  1.90667957e-01  1.91297188e-01
  1.92299575e-01  1.93757296e-01  1.95700973e-01  1.98131055e-01  2.01029494e-01
  2.04365790e-01  2.08099574e-01  2.12181568e-01  2.16553226e-01  2.21146137e-01
  2.25881338e-01  2.30669349e-01  2.35411257e-01  2.40001574e-01  2.44332954e-01
  2.48302668e-01  2.51819849e-01  2.54812509e-01  2.57232934e-01  2.59060651e-01
  2.60302067e-01  2.60987550e-01  2.61165947e-01  2.60898143e-01  2.60250509e-01
  1.41389342e-03 -9.80282295e-03 -2.25242637e-02 -3.75130214e-02 -5.60349524e-02
 -6.82172179e-02 -7.55863115e-02 -7.39291683e-02 -6.88605905e-02 -6.04057647e-02
 -5.24493419e-02 -4.58130985e-02 -3.99078205e-02 -3.40704061e-02 -2.78586410e-02
 -2.10264679e-02 -1.33052571e-02 -4.52809501e-03  5.37490379e-03  1.65147819e-02
  2.88106259e-02  4.19603810e-02  5.57292551e-02  7.00497553e-02  8.49720389e-02
  1.00608177e-01  1.17091864e-01  1.34530976e-01  1.52893081e-01  1.71601117e-01
  1.88600659e-01  2.02008843e-01  2.11882189e-01  2.17474088e-01  2.19325945e-01
  2.17159435e-01  2.13058919e-01  2.09134042e-01  2.06020802e-01  2.03829482e-01
  2.02526331e-01  2.02037588e-01  2.02281639e-01  2.03179181e-01  2.04655424e-01
  2.06639349e-01  2.09062070e-01  2.11855173e-01  2.14949027e-01  2.18271717e-01
  2.21748263e-01  2.25300699e-01  2.28848845e-01  2.32312158e-01  2.35612229e-01
  2.38676101e-01  2.41439834e-01  2.43851751e-01  2.45875001e-01  2.47488931e-01
  2.48689100e-01  2.49485880e-01  2.49902010e-01  2.49969468e-01  2.49726072e-01
  8.47020466e-03 -1.73908530e-03 -1.30228577e-02 -2.55578943e-02 -3.91276851e-02
 -5.29062599e-02 -6.93276376e-02 -7.16120899e-02 -7.27826580e-02 -6.23941198e-02
 -5.39370440e-02 -4.85610962e-02 -4.52771634e-02 -4.08782698e-02 -3.46104689e-02
 -2.90232934e-02 -2.13189051e-02 -1.12602850e-02 -1.34092406e-03  1.17205679e-02
  2.77834535e-02  4.38901819e-02  5.98885641e-02  7.60529190e-02  9.27203670e-02
  1.10267133e-01  1.29139930e-01  1.49921343e-01  1.73467591e-01  2.01404855e-01
  2.31929660e-01  2.41650879e-01  2.61460304e-01  2.57578105e-01  2.64935672e-01
  2.47211546e-01  2.33823583e-01  2.24511117e-01  2.17840761e-01  2.13093862e-01
  2.09822550e-01  2.07724497e-01  2.06584513e-01  2.06241712e-01  2.06569478e-01
  2.07463205e-01  2.08832279e-01  2.10594997e-01  2.12675154e-01  2.14999855e-01
  2.17498258e-01  2.20101088e-01  2.22740784e-01  2.25352228e-01  2.27874130e-01
  2.30250493e-01  2.32432410e-01  2.34379560e-01  2.36061469e-01  2.37458125e-01
  2.38560036e-01  2.39367425e-01  2.39889130e-01  2.40140915e-01  2.40143642e-01
  1.74295753e-02  8.97824578e-03 -7.50501495e-05 -9.71608516e-03 -1.98004860e-02
 -3.00500244e-02 -3.98453027e-02 -4.88329791e-02 -6.14320897e-02 -4.92112637e-02
 -4.43557315e-02 -4.26651835e-02 -4.49137092e-02 -4.31811735e-02 -3.51761803e-02
 -3.30489203e-02 -2.58395821e-02 -1.31581211e-02 -6.24777051e-03  8.42546113e-03
  2.92821564e-02  4.74702939e-02  6.45465776e-02  8.13626572e-02  9.85107273e-02
  1.16510682e-01  1.35926738e-01  1.57478020e-01  1.82178468e-01  2.11413056e-01
  2.40295678e-01  2.53792942e-01  2.69855112e-01  2.69658506e-01  2.72235483e-01
  2.56765008e-01  2.41667673e-01  2.30786040e-01  2.22887665e-01  2.17122287e-01
  2.12948591e-01  2.10013941e-01  2.08076671e-01  2.06960469e-01  2.06528679e-01
  2.06669852e-01  2.07289234e-01  2.08303615e-01  2.09637880e-01  2.11222753e-01
  2.12993383e-01  2.14888662e-01  2.16850877e-01  2.18825981e-01  2.20764056e-01
  2.22620040e-01  2.24354550e-01  2.25934535e-01  2.27333903e-01  2.28533819e-01
  2.29522586e-01  2.30295345e-01  2.30853334e-01  2.31203064e-01  2.31355220e-01
  2.93181682e+00  2.96456051e+00  2.93426585e+00  2.89219427e+00  2.83015299e+00
  2.76074672e+00  2.69757247e+00  2.63704181e+00  2.58373594e+00  2.53494287e+00
  2.49320030e+00  2.45696735e+00  2.42547679e+00  2.39863038e+00  2.37664938e+00
  2.35772848e+00  2.34232664e+00  2.33000517e+00  2.32045102e+00  2.31299567e+00
  2.30794787e+00  2.30469036e+00  2.30339408e+00  2.30365968e+00  2.30518413e+00
  2.30842233e+00  2.31261325e+00  2.31798172e+00  2.32437134e+00  2.33172154e+00
  2.34018898e+00  2.34937239e+00  2.35958886e+00  2.37072468e+00  2.38275504e+00
  2.39592338e+00  2.41001654e+00  2.42530870e+00  2.44187260e+00  2.45980358e+00
  2.47921586e+00  2.50023484e+00  2.52313137e+00  2.54807115e+00  2.57530642e+00
  2.60504413e+00  2.63768721e+00  2.67352223e+00  2.71301603e+00  2.75665140e+00
  2.80457258e+00  2.85794234e+00  2.91696858e+00  2.98278427e+00  3.05648828e+00
  3.13949561e+00  3.23411417e+00  3.34305620e+00  3.46914792e+00  3.61914659e+00
  3.80057001e+00  4.02980089e+00  4.33628130e+00  4.82327032e+00  8.42912579e+00
   92   89
  1.04560888e+00  0.00000000e+00  1.04715359e+00  1.00000001e-01  1.05190325e+00
  2.00000003e-01  1.05524051e+00  2.50000000e-01  1.06369328e+00  3.49999994e-01
  1.07363141e+00  4.49999988e-01  1.07906246e+00  5.03728867e-01  1.08855104e+00
  6.00000024e-01  1.09863329e+00  6.99999988e-01  1.10562503e+00  7.64068663e-01
  1.11629760e+00  8.50000024e-01  1.12981868e+00  9.49999988e-01  1.13684928e+00
  1.00000000e+00  1.15039468e+00  1.08705819e+00  1.15598917e+00  1.12411630e+00
  1.21187496e+00  1.11581147e+00  1.26499999e+00  1.10594690e+00  1.29516709e+00
  1.10000002e+00  1.34468746e+00  1.09125543e+00  1.39781249e+00  1.07938969e+00
  1.45093751e+00  1.06558812e+00  1.50406253e+00  1.05008137e+00  1.53062499e+00
  1.04238713e+00  1.58375001e+00  1.02434397e+00  1.63687503e+00  1.00267947e+00
  1.66343749e+00  9.91598785e-01  1.71656251e+00  9.65642571e-01  1.74390006e+00
  9.49999988e-01  1.79624999e+00  9.18847978e-01  1.82293999e+00  8.99999976e-01
  1.87593746e+00  8.60799849e-01  1.90250003e+00  8.38911891e-01  1.94518459e+00
  8.00000012e-01  1.98218751e+00  7.63403118e-01  2.00874996e+00  7.34855592e-01
  2.03840876e+00  6.99999988e-01  2.07782960e+00  6.49999976e-01  2.11222696e+00
  6.00000024e-01  2.14156246e+00  5.50330043e-01  2.16812491e+00  5.00116110e-01
  2.19216132e+00  4.49999988e-01  2.21324468e+00  4.00000006e-01  2.23227811e+00
  3.49999994e-01  2.24962401e+00  3.00000012e-01  2.27437496e+00  2.20784128e-01
  2.29249597e+00  1.50000006e-01  2.30093741e+00  9.99596491e-02  2.30886650e+00
  0.00000000e+00  2.30093741e+00 -9.86185670e-02  2.29180622e+00 -1.50000006e-01
  2.27437496e+00 -2.16183335e-01  2.24781251e+00 -2.99220592e-01  2.22931910e+00
 -3.49999994e-01  2.20945501e+00 -4.00000006e-01  2.18743038e+00 -4.49999988e-01
  2.16259122e+00 -5.00000000e-01  2.13408971e+00 -5.50000012e-01  2.10095310e+00
 -6.00000024e-01  2.06225872e+00 -6.49999976e-01  2.03531241e+00 -6.81911349e-01
  2.00874996e+00 -7.09929585e-01  1.96636927e+00 -7.50000000e-01  1.92906249e+00
 -7.81958759e-01  1.90250003e+00 -8.01624537e-01  1.84937501e+00 -8.38396132e-01
  1.82281256e+00 -8.53763998e-01  1.76968753e+00 -8.82274866e-01  1.72690213e+00
 -8.99999976e-01  1.69000006e+00 -9.14391279e-01  1.63687503e+00 -9.30837452e-01
  1.58375001e+00 -9.42433655e-01  1.53062499e+00 -9.49301243e-01  1.50406253e+00
 -9.50886071e-01  1.45093751e+00 -9.50909913e-01  1.42437506e+00 -9.49042499e-01
  1.37125003e+00 -9.39230502e-01  1.31812501e+00 -9.17614102e-01  1.29148448e+00
 -8.99999976e-01  1.23908114e+00 -8.50000024e-01  1.21187496e+00 -8.11495245e-01
  1.18531251e+00 -7.61907876e-01  1.15969384e+00 -6.99999988e-01  1.14276969e+00
 -6.49999976e-01  1.12826788e+00 -6.00000024e-01  1.10562503e+00 -5.07744312e-01
  1.09336257e+00 -4.49999988e-01  1.07906246e+00 -3.72513682e-01  1.06750667e+00
 -3.00000012e-01  1.05561614e+00 -2.00000003e-01  1.05141056e+00 -1.50000006e-01
  1.04637480e+00 -5.00000007e-02  1.04560888e+00  0.00000000e+00
  1.01600003e+00  0.00000000e+00  1.01600003e+00  9.63999987e-01  1.01800001e+00
  9.67999995e-01  1.01800001e+00  1.00100005e+00  1.01800001e+00  1.01900005e+00
  1.01800001e+00  1.07700002e+00  1.01800001e+00  1.07000005e+00  1.01800001e+00
  1.09599996e+00  1.01800001e+00  1.11300004e+00  1.01800001e+00  1.13800001e+00
  1.01600003e+00  1.14699996e+00  1.01199996e+00  1.16499996e+00  1.00100005e+00
  1.21700001e+00  1.02900004e+00  1.21700001e+00  1.04200006e+00  1.16240001e+00
  1.04600000e+00  1.16237998e+00  1.05599999e+00  1.16260004e+00  1.09700000e+00
  1.16450000e+00  1.10800004e+00  1.16594005e+00  1.11600006e+00  1.16591001e+00
  1.13399994e+00  1.16895998e+00  1.14800000e+00  1.17174995e+00  1.16199994e+00
  1.17556000e+00  1.18099999e+00  1.18299997e+00  1.18200004e+00  1.18350005e+00
  1.18499994e+00  1.18499994e+00  1.19000006e+00  1.18799996e+00  1.19500005e+00
  1.19099998e+00  1.20099998e+00  1.19599998e+00  1.20899999e+00  1.20200002e+00
  1.21500003e+00  1.20799994e+00  1.22200000e+00  1.21399999e+00  1.22800004e+00
  1.22099996e+00  1.23399997e+00  1.23099995e+00  1.23899996e+00  1.23800004e+00
  1.24199998e+00  1.24399996e+00  1.24800003e+00  1.25399995e+00  1.25800002e+00
  1.27800000e+00  1.26300001e+00  1.28999996e+00  1.27999997e+00  1.33099997e+00
  1.27999997e+00  1.34700000e+00  1.27999997e+00  1.34800005e+00  1.30999994e+00
  1.34800005e+00  1.32799995e+00  1.34800005e+00  1.36099994e+00  1.34800005e+00
  1.38000000e+00  1.34800005e+00  1.41900003e+00  1.34800005e+00  1.41900003e+00
  1.30999994e+00  1.37199998e+00  1.30999994e+00  1.37199998e+00  1.29200006e+00
  1.60800004e+00  1.09500003e+00  1.64699996e+00  1.07700002e+00  1.78499997e+00
  1.07700002e+00  2.06999993e+00  1.03999996e+00  2.12800002e+00  9.92999971e-01
  2.24499989e+00  7.08999991e-01  2.32299995e+00  5.18999994e-01  2.37700009e+00
  3.88999999e-01  2.35200000e+00  4.00000006e-01  2.35100007e+00  3.37000012e-01
  2.35100007e+00  2.04999998e-01  2.35400009e+00  6.80000037e-02  2.35400009e+00
  0.00000000e+00  2.35400009e+00 -6.80000037e-02  2.35299993e+00 -2.04999998e-01
  2.35100007e+00 -3.37000012e-01  2.35299993e+00 -4.00000006e-01  2.37700009e+00
 -3.88999999e-01  2.13400006e+00 -9.72999990e-01  1.78600001e+00 -1.17400002e+00
  1.76800001e+00 -1.21099997e+00  1.76800001e+00 -1.25399995e+00  1.68200004e+00
 -1.25399995e+00  1.67400002e+00 -1.26199996e+00  1.67400002e+00 -1.32900000e+00
  1.68099999e+00 -1.33899999e+00  1.75399995e+00 -1.33899999e+00  1.75399995e+00
 -1.36800003e+00  1.68900001e+00 -1.36800003e+00  1.68900001e+00 -1.36600006e+00
  1.55499995e+00 -1.36600006e+00  1.41199994e+00 -1.36600006e+00  1.27300000e+00
 -1.36600006e+00  1.15300000e+00 -1.36600006e+00  1.01600003e+00 -1.22899997e+00
  1.01600003e+00 -8.00000012e-01  1.01600003e+00 -4.14999992e-01  1.01600003e+00
 -4.00000006e-01  1.01600003e+00  0.00000000e+00
    0 0.000000000e+00    0
  0.00000000e+00  1.30049452e-01  1.83863476e-01  2.23245293e-01  2.57244766e-01
  2.86459833e-01  3.12601030e-01  3.35954666e-01  3.57577711e-01  3.77444953e-01
  3.96000922e-01  4.13591951e-01  4.30070341e-01  4.45875585e-01  4.60957676e-01
  4.75447953e-01  4.89369839e-01  5.02879977e-01  5.15985250e-01  5.28663754e-01
  5.41035533e-01  5.53151369e-01  5.64946830e-01  5.76516271e-01  5.87873816e-01
  5.98999560e-01  6.09960675e-01  6.20763183e-01  6.31384134e-01  6.41856492e-01
  6.52205825e-01  6.62449539e-01  6.72555566e-01  6.82553172e-01  6.92472935e-01
  7.02295780e-01  7.12035120e-01  7.21706092e-01  7.31311798e-01  7.40864396e-01
  7.50357807e-01  7.59814322e-01  7.69238412e-01  7.78637767e-01  7.88020611e-01
  7.97389686e-01  8.06782365e-01  8.16163540e-01  8.25579107e-01  8.35043371e-01
  8.44528973e-01  8.54116917e-01  8.63767326e-01  8.73519838e-01  8.83394063e-01
  8.93397033e-01  9.03599679e-01  9.14021730e-01  9.24652994e-01  9.35591936e-01
  9.46897268e-01  9.58728015e-01  9.71122503e-01  9.84526992e-01  1.00000000e+00
    0
