   EFIT?   05/12/98      #102940   984             3  65  65
  1.70000005e+00  3.20000005e+00  1.69550002e+00  8.39999974e-01  0.00000000e+00
  1.76010835e+00  1.79230850e-02 -2.82142311e-01 -5.08836210e-02 -2.00321960e+00
  1.34928750e+06 -2.82142311e-01  0.00000000e+00  1.76010835e+00  0.00000000e+00
  1.79230850e-02  0.00000000e+00 -5.08836210e-02  0.00000000e+00  0.00000000e+00
 -3.43933868e+00 -3.44363952e+00 -3.44718790e+00 -3.45005608e+00 -3.45230937e+00
 -3.45400763e+00 -3.45520473e+00 -3.45595002e+00 -3.45628905e+00 -3.45626283e+00
 -3.45590925e+00 -3.45526314e+00 -3.45435667e+00 -3.45321989e+00 -3.45187998e+00
 -3.45036316e+00 -3.44869328e+00 -3.44689322e+00 -3.44498491e+00 -3.44298840e+00
 -3.44092393e+00 -3.43880987e+00 -3.43666363e+00 -3.43450022e+00 -3.43233418e+00
 -3.43017817e+00 -3.42804337e+00 -3.42594028e+00 -3.42387843e+00 -3.42186594e+00
 -3.41991067e+00 -3.41801882e+00 -3.41619635e+00 -3.41444874e+00 -3.41278005e+00
 -3.41119432e+00 -3.40969467e+00 -3.40828347e+00 -3.40696311e+00 -3.40573454e+00
 -3.40459895e+00 -3.40355659e+00 -3.40260744e+00 -3.40175033e+00 -3.40098405e+00
 -3.40030694e+00 -3.39971614e+00 -3.39920878e+00 -3.39878106e+00 -3.39842868e+00
 -3.39814615e+00 -3.39792800e+00 -3.39776707e+00 -3.39765620e+00 -3.39758682e+00
 -3.39754939e+00 -3.39753318e+00 -3.39752650e+00 -3.39751649e+00 -3.39748836e+00
 -3.39742661e+00 -3.39731312e+00 -3.39712882e+00 -3.39685178e+00 -3.39645886e+00
  5.37315312e+04  4.84829453e+04  4.37885820e+04  3.96075781e+04  3.59010820e+04
  3.26321816e+04  2.97658047e+04  2.72686484e+04  2.51091113e+04  2.32572148e+04
  2.16845469e+04  2.03641934e+04  1.92706797e+04  1.83799160e+04  1.76691426e+04
  1.71168828e+04  1.67028926e+04  1.64081172e+04  1.62146543e+04  1.61057031e+04
  1.60655391e+04  1.60794717e+04  1.61338174e+04  1.62158662e+04  1.63138535e+04
  1.64169395e+04  1.65151738e+04  1.65994902e+04  1.66616719e+04  1.66943398e+04
  1.66909395e+04  1.66457148e+04  1.65537129e+04  1.64107578e+04  1.62134482e+04
  1.59591514e+04  1.56459941e+04  1.52728584e+04  1.48393809e+04  1.43459521e+04
  1.37937148e+04  1.31845693e+04  1.25211777e+04  1.18069668e+04  1.10461377e+04
  1.02436758e+04  9.40536133e+03  8.53777832e+03  7.64833496e+03  6.74527734e+03
  5.83770557e+03  4.93559668e+03  4.04982568e+03  3.19218823e+03  2.37542822e+03
  1.61326538e+03  9.20424622e+02  3.12669128e+02 -1.93165085e+02 -5.79132385e+02
 -8.26137878e+02 -9.13895630e+02 -8.20883850e+02 -5.24297974e+02  0.00000000e+00
  4.47008514e+00  3.72239017e+00  3.04443836e+00  2.43019581e+00  1.87418878e+00
  1.37145627e+00  9.17505622e-01  5.08273244e-01  1.40088812e-01 -1.90356880e-01
 -4.86041129e-01 -7.49635518e-01 -9.83529389e-01 -1.18985069e+00 -1.37048519e+00
 -1.52709234e+00 -1.66112053e+00 -1.77381957e+00 -1.86625135e+00 -1.93929994e+00
 -1.99378204e+00 -2.03111720e+00 -2.05291700e+00 -2.06065822e+00 -2.05569363e+00
 -2.03926444e+00 -2.01251125e+00 -1.97648346e+00 -1.93214917e+00 -1.88040340e+00
 -1.82207572e+00 -1.75793815e+00 -1.68871152e+00 -1.61507165e+00 -1.53765595e+00
 -1.45706820e+00 -1.37388468e+00 -1.28865850e+00 -1.20192492e+00 -1.11420608e+00
 -1.02601540e+00 -9.37861919e-01 -8.50255251e-01 -7.63709784e-01 -6.78749144e-01
 -5.95911026e-01 -5.15751660e-01 -4.38850939e-01 -3.65817368e-01 -2.97293454e-01
 -2.33961388e-01 -1.76549047e-01 -1.25836357e-01 -8.26621652e-02 -4.79316227e-02
 -2.26241555e-02 -7.80206732e-03 -4.61988570e-03 -1.43345166e-02 -3.83162983e-02
 -7.80610591e-02 -1.35203272e-01 -2.11530432e-01 -3.08998764e-01 -4.29750413e-01
 -1.53211400e+06 -1.37293925e+06 -1.22535738e+06 -1.08879875e+06 -9.62718438e+05
 -8.46594000e+05 -7.39925250e+05 -6.42232500e+05 -5.53056000e+05 -4.71954688e+05
 -3.98505125e+05 -3.32300812e+05 -2.72951094e+05 -2.20080438e+05 -1.73327531e+05
 -1.32344484e+05 -9.67961172e+04 -6.63591641e+04 -4.07216172e+04 -1.95820059e+04
 -2.64874731e+03  1.03604990e+04  1.97194492e+04  2.56937988e+04  2.85418027e+04
  2.85148477e+04  2.58579980e+04  2.08105449e+04  1.36065186e+04  4.47521484e+03
 -6.35830762e+03 -1.86727305e+04 -3.22499902e+04 -4.68748008e+04 -6.23341758e+04
 -7.84169609e+04 -9.49133750e+04 -1.11614547e+05 -1.28312055e+05 -1.44797469e+05
 -1.60861891e+05 -1.76295484e+05 -1.90887062e+05 -2.04423562e+05 -2.16689594e+05
 -2.27467016e+05 -2.36534344e+05 -2.43666406e+05 -2.48633750e+05 -2.51202156e+05
 -2.51132156e+05 -2.48178469e+05 -2.42089453e+05 -2.32606625e+05 -2.19464000e+05
 -2.02387594e+05 -1.81094734e+05 -1.55293484e+05 -1.24682055e+05 -8.89480156e+04
 -4.77677227e+04 -8.05542114e+02  5.22868594e+04  1.11871281e+05  1.78323812e+05
 -4.84570721e-03 -1.20407529e-02 -1.97526049e-02 -2.79398691e-02 -3.64468768e-02
 -4.49917316e-02 -5.29440567e-02 -6.00690059e-02 -6.85814545e-02 -5.59427850e-02
 -4.91973907e-02 -4.48238552e-02 -4.30984423e-02 -3.94667722e-02 -3.18704136e-02
 -2.78961882e-02 -2.12346502e-02 -1.09487716e-02 -4.10722429e-03  7.09178951e-03
  2.24506818e-02  3.62805016e-02  4.95734848e-02  6.28950447e-02  7.66612142e-02
  9.12593529e-02  1.07128821e-01  1.24845408e-01  1.45237878e-01  1.69284761e-01
  1.91859707e-01  2.04086885e-01  2.15573832e-01  2.16457352e-01  2.16538250e-01
  2.04508707e-01  1.91406086e-01  1.81710094e-01  1.74519777e-01  1.69129029e-01
  1.65088952e-01  1.62104771e-01  1.59972757e-01  1.58543840e-01  1.57702729e-01
  1.57356083e-01  1.57425284e-01  1.57841995e-01  1.58545077e-01  1.59478620e-01
  1.60590649e-01  1.61832288e-01  1.63157433e-01  1.64522812e-01  1.65888175e-01
  1.67216867e-01  1.68476298e-01  1.69638589e-01  1.70681059e-01  1.71586424e-01
  1.72342971e-01  1.72944307e-01  1.73388958e-01  1.73679784e-01  1.73823118e-01
 -1.22195473e-02 -2.10253075e-02 -3.08486093e-02 -4.18360233e-02 -5.37229218e-02
 -6.57384470e-02 -8.03584605e-02 -8.02849904e-02 -7.94308484e-02 -6.76383600e-02
 -5.78534305e-02 -5.06776907e-02 -4.52447496e-02 -3.95442098e-02 -3.29228044e-02
 -2.67889388e-02 -1.95366312e-02 -1.08762486e-02 -2.23692320e-03  8.24263226e-03
  2.06309315e-02  3.32063735e-02  4.58859317e-02  5.88775240e-02  7.24464729e-02
  8.69056433e-02  1.02647416e-01  1.20206818e-01  1.40374705e-01  1.64213672e-01
  1.87015146e-01  1.98641166e-01  2.10689113e-01  2.11141810e-01  2.12076887e-01
  1.99928969e-01  1.87308669e-01  1.78134218e-01  1.71431303e-01  1.66516095e-01
  1.62953809e-01  1.60454437e-01  1.58814996e-01  1.57886520e-01  1.57554209e-01
  1.57725260e-01  1.58321187e-01  1.59272775e-01  1.60516798e-01  1.61993831e-01
  1.63646832e-01  1.65420458e-01  1.67260915e-01  1.69116274e-01  1.70937300e-01
  1.72678471e-01  1.74299225e-01  1.75765231e-01  1.77049324e-01  1.78132221e-01
  1.79002658e-01  1.79657117e-01  1.80099025e-01  1.80337667e-01  1.80386797e-01
 -1.76520795e-02 -2.73972470e-02 -3.86304073e-02 -5.20942956e-02 -6.89779297e-02
 -7.87669048e-02 -8.46397057e-02 -8.13917294e-02 -7.52259716e-02 -6.58170506e-02
 -5.70127741e-02 -4.94586267e-02 -4.26933132e-02 -3.62252221e-02 -2.97103822e-02
 -2.29391996e-02 -1.57041121e-02 -7.86259025e-03  6.63689279e-04  9.97194275e-03
  2.00494379e-02  3.07525378e-02  4.19757031e-02  5.37169501e-02  6.60528988e-02
  7.91087747e-02  9.30379778e-02  1.07998073e-01  1.24082156e-01  1.40963107e-01
  1.56274840e-01  1.67593762e-01  1.75919056e-01  1.79733217e-01  1.80373341e-01
  1.76486373e-01  1.70907229e-01  1.65970787e-01  1.62041202e-01  1.59090355e-01
  1.57021537e-01  1.55731365e-01  1.55125111e-01  1.55119240e-01  1.55640155e-01
  1.56621635e-01  1.58002421e-01  1.59723967e-01  1.61728665e-01  1.63958415e-01
  1.66353777e-01  1.68853521e-01  1.71394959e-01  1.73914835e-01  1.76351070e-01
  1.78644910e-01  1.80743545e-01  1.82602674e-01  1.84188560e-01  1.85479552e-01
  1.86466366e-01  1.87151507e-01  1.87547743e-01  1.87675923e-01  1.87562421e-01
 -2.05636714e-02 -2.99591273e-02 -4.04653065e-02 -5.26393168e-02 -6.65085912e-02
 -7.24333525e-02 -7.20918849e-02 -6.83003142e-02 -6.27867803e-02 -5.69077879e-02
 -5.08595593e-02 -4.48245667e-02 -3.88468541e-02 -3.28544192e-02 -2.67315712e-02
 -2.03603897e-02 -1.36356102e-02 -6.47234544e-03  1.18990918e-03  9.38475970e-03
  1.81149188e-02  2.73584053e-02  3.70878726e-02  4.72864918e-02  5.79491369e-02
  6.90696388e-02  8.06154385e-02  9.24848765e-02  1.04438700e-01  1.16021194e-01
  1.26582220e-01  1.35516450e-01  1.42449662e-01  1.47222742e-01  1.49904639e-01
  1.50810614e-01  1.50538906e-01  1.49760440e-01  1.48962408e-01  1.48419663e-01
  1.48266613e-01  1.48558959e-01  1.49310082e-01  1.50510654e-01  1.52138561e-01
  1.54163793e-01  1.56550467e-01  1.59257323e-01  1.62237421e-01  1.65437460e-01
  1.68796986e-01  1.72248110e-01  1.75715879e-01  1.79119810e-01  1.82376847e-01
  1.85405716e-01  1.88132107e-01  1.90494150e-01  1.92446858e-01  1.93965197e-01
  1.95044741e-01  1.95700362e-01  1.95962727e-01  1.95873767e-01  1.95481658e-01
 -2.18726434e-02 -2.99546532e-02 -3.79803143e-02 -4.58848104e-02 -5.29408678e-02
 -5.63013926e-02 -5.61781004e-02 -5.44699393e-02 -5.16439937e-02 -4.80219387e-02
 -4.38624732e-02 -3.93348970e-02 -3.45304944e-02 -2.94792894e-02 -2.41703838e-02
 -1.85711570e-02 -1.26417167e-02 -6.34465367e-03  3.48714617e-04  7.45472498e-03
  1.49761429e-02  2.29034442e-02  3.12175751e-02  3.98915373e-02  4.88881133e-02
  5.81524074e-02  6.75993264e-02  7.70979673e-02  8.64583477e-02  9.54321250e-02
  1.03740163e-01  1.11124441e-01  1.17399819e-01  1.22486353e-01  1.26422718e-01
  1.29362866e-01  1.31549478e-01  1.33262038e-01  1.34760499e-01  1.36252120e-01
  1.37885541e-01  1.39759526e-01  1.41935229e-01  1.44446790e-01  1.47308990e-01
  1.50522098e-01  1.54074565e-01  1.57943979e-01  1.62096858e-01  1.66487455e-01
  1.71055958e-01  1.75726727e-01  1.80407256e-01  1.84989244e-01  1.89352840e-01
  1.93374738e-01  1.96939290e-01  1.99950397e-01  2.02341586e-01  2.04082280e-01
  2.05179423e-01  2.05673918e-01  2.05632478e-01  2.05137059e-01  2.04274267e-01
 -2.41063815e-02 -3.12053487e-02 -3.64316292e-02 -4.02286798e-02 -4.30364721e-02
 -4.47132774e-02 -4.51450534e-02 -4.44622524e-02 -4.28729430e-02 -4.05639634e-02
 -3.76856476e-02 -3.43503579e-02 -3.06338854e-02 -2.65801139e-02 -2.22081412e-02
 -1.75202601e-02 -1.25094820e-02 -7.16578588e-03 -1.48087321e-03  4.54852497e-03
  1.09186107e-02  1.76174119e-02  2.46240404e-02  3.19075584e-02  3.94248627e-02
  4.71173264e-02  5.49069047e-02  6.26931116e-02  7.03533217e-02  7.77490735e-02
  8.47396106e-02  9.12006572e-02  9.70436186e-02  1.02230087e-01  1.06778473e-01
  1.10761359e-01  1.14293858e-01  1.17515258e-01  1.20569400e-01  1.23589039e-01
  1.26687035e-01  1.29953653e-01  1.33457765e-01  1.37249574e-01  1.41363665e-01
  1.45821288e-01  1.50631696e-01  1.55792266e-01  1.61287218e-01  1.67084783e-01
  1.73132688e-01  1.79352075e-01  1.85630634e-01  1.91817775e-01  1.97726697e-01
  2.03149393e-01  2.07883596e-01  2.11762115e-01  2.14674801e-01  2.16581047e-01
  2.17513800e-01  2.17572644e-01  2.16903061e-01  2.15667829e-01  2.14022085e-01
 -3.03653143e-02 -3.98330353e-02 -3.84105630e-02 -3.73602547e-02 -3.77334170e-02
 -3.80896106e-02 -3.80521007e-02 -3.74987982e-02 -3.64156663e-02 -3.48355919e-02
 -3.28065790e-02 -3.03755980e-02 -2.75811385e-02 -2.44507063e-02 -2.10012849e-02
 -1.72415022e-02 -1.31745189e-02 -8.80103186e-03 -4.12198761e-03  8.59155087e-04
  6.13465579e-03  1.16911102e-02  1.75082944e-02  2.35580597e-02  2.98031960e-02
  3.61963734e-02  4.26795408e-02  4.91844080e-02  5.56347296e-02  6.19509146e-02
  6.80568963e-02  7.38883615e-02  7.94008523e-02  8.45758915e-02  8.94239694e-02
  9.39835533e-02  9.83164608e-02  1.02500640e-01  1.06621981e-01  1.10766903e-01
  1.15016825e-01  1.19444899e-01  1.24114677e-01  1.29080087e-01  1.34386078e-01
  1.40069425e-01  1.46159112e-01  1.52676001e-01  1.59631178e-01  1.67022154e-01
  1.74825847e-01  1.82986200e-01  1.91394135e-01  1.99857756e-01  2.08071321e-01
  2.15627432e-01  2.22117454e-01  2.27229267e-01  2.30771139e-01  2.32676610e-01
  2.33024538e-01  2.32056543e-01  2.30122060e-01  2.27561861e-01  2.24645019e-01
 -2.34826747e-02 -2.93384530e-02 -3.22137736e-02 -3.30802314e-02 -3.32329609e-02
 -3.31537798e-02 -3.28885987e-02 -3.23890224e-02 -3.16113681e-02 -3.05324998e-02
 -2.91456282e-02 -2.74533089e-02 -2.54618451e-02 -2.31777672e-02 -2.06061229e-02
 -1.77501105e-02 -1.46115664e-02 -1.11919604e-02 -7.49356393e-03 -3.52064031e-03
  7.19466421e-04  5.21538593e-03  9.95092373e-03  1.49044273e-02  2.00483464e-02
  2.53491215e-02  3.07675432e-02  3.62598225e-02  4.17795479e-02  4.72805649e-02
  5.27206473e-02  5.80654889e-02  6.32924661e-02  6.83934987e-02  7.33764917e-02
  7.82650858e-02  8.30968469e-02  8.79202783e-02  9.27911922e-02  9.77691859e-02
  1.02914698e-01  1.08286910e-01  1.13942586e-01  1.19935729e-01  1.26317903e-01
  1.33138925e-01  1.40447736e-01  1.48293227e-01  1.56724632e-01  1.65790722e-01
  1.75536588e-01  1.85994729e-01  1.97163537e-01  2.08959490e-01  2.21091464e-01
  2.32353583e-01  2.41640165e-01  2.48592421e-01  2.52958119e-01  2.54577667e-01
  2.53375798e-01  2.49843135e-01  2.45349854e-01  2.40503639e-01  2.35648885e-01
 -2.57389341e-02 -3.39850001e-02 -3.19673121e-02 -2.97989435e-02 -2.91394275e-02
 -2.88113020e-02 -2.85490267e-02 -2.82396767e-02 -2.78140381e-02 -2.72247456e-02
 -2.64394861e-02 -2.54368018e-02 -2.42026355e-02 -2.27276497e-02 -2.10053455e-02
 -1.90309696e-02 -1.68010406e-02 -1.43133383e-02 -1.15671856e-02 -8.56388919e-03
 -5.30724227e-03 -1.80400605e-03  1.93568692e-03  5.89805888e-03  1.00656021e-02
  1.44172572e-02  1.89289227e-02  2.35743746e-02  2.83266194e-02  3.31596434e-02
  3.80504541e-02  4.29811999e-02  4.79410924e-02  5.29279076e-02  5.79488166e-02
  6.30204529e-02  6.81682751e-02  7.34253451e-02  7.88307935e-02  8.44282284e-02
  9.02643874e-02  9.63881612e-02  1.02850169e-01  1.09702922e-01  1.17001578e-01
  1.24805398e-01  1.33179888e-01  1.42199859e-01  1.51953727e-01  1.62549525e-01
  1.74123809e-01  1.86855450e-01  2.00987414e-01  2.16852605e-01  2.34722331e-01
  2.52500117e-01  2.64586151e-01  2.74792373e-01  2.80128062e-01  2.81352490e-01
  2.79159397e-01  2.70447940e-01  2.61316568e-01  2.53078222e-01  2.45725036e-01
 -1.63883641e-02 -2.16808002e-02 -2.39804816e-02 -2.44043656e-02 -2.43543852e-02
 -2.43332367e-02 -2.43982635e-02 -2.44992562e-02 -2.45736223e-02 -2.45674420e-02
 -2.44383588e-02 -2.41541732e-02 -2.36906037e-02 -2.30292138e-02 -2.21557580e-02
 -2.10590214e-02 -1.97300687e-02 -1.81618761e-02 -1.63492002e-02 -1.42886424e-02
 -1.19788200e-02 -9.42056067e-03 -6.61707530e-03 -3.57406447e-03 -2.99685489e-04
  3.19564017e-03  6.89963112e-03  1.07987802e-02  1.48792146e-02  1.91277564e-02
  2.35331059e-02  2.80870497e-02  3.27855721e-02  3.76297459e-02  4.26263250e-02
  4.77879420e-02  5.31329885e-02  5.86852282e-02  6.44732490e-02  7.05298632e-02
  7.68916979e-02  8.35989416e-02  9.06955153e-02  9.82296988e-02  1.06255345e-01
  1.14833809e-01  1.24036960e-01  1.33951485e-01  1.44685358e-01  1.56377554e-01
  1.69213220e-01  1.83448523e-01  1.99452907e-01  2.17780322e-01  2.39174664e-01
  2.62191862e-01  2.78128117e-01  2.90740550e-01  2.98274696e-01  2.99645960e-01
  2.97861159e-01  2.86890745e-01  2.73680657e-01  2.62197971e-01  2.52600998e-01
 -1.40065458e-02 -2.07777247e-02 -2.04747487e-02 -1.91184934e-02 -1.90496091e-02
 -1.94787290e-02 -2.01331470e-02 -2.08814368e-02 -2.16416847e-02 -2.23561469e-02
 -2.29817349e-02 -2.34852321e-02 -2.38403939e-02 -2.40259729e-02 -2.40243357e-02
 -2.38204896e-02 -2.34014280e-02 -2.27557346e-02 -2.18733959e-02 -2.07457598e-02
 -1.93656068e-02 -1.77272763e-02 -1.58267803e-02 -1.36619052e-02 -1.12322243e-02
 -8.53900984e-03 -5.58502134e-03 -2.37415335e-03  1.08906173e-03  4.80006915e-03
  8.75500403e-03  1.29514476e-02  1.73891652e-02  2.20707506e-02  2.70021111e-02
  3.21927257e-02  3.76557484e-02  4.34080176e-02  4.94699702e-02  5.58655672e-02
  6.26223162e-02  6.97714090e-02  7.73481205e-02  8.53925496e-02  9.39507708e-02
  1.03076600e-01  1.12834081e-01  1.23301074e-01  1.34574190e-01  1.46775752e-01
  1.60063326e-01  1.74642175e-01  1.90779969e-01  2.08822012e-01  2.29228213e-01
  2.52672434e-01  2.74274528e-01  2.85823166e-01  2.97660112e-01  2.98982441e-01
  2.98810869e-01  2.91813642e-01  2.77222663e-01  2.64244080e-01  2.53758103e-01
 -2.15960294e-03 -6.97236927e-03 -9.56230052e-03 -1.10268854e-02 -1.24539686e-02
 -1.40177878e-02 -1.56616904e-02 -1.73244029e-02 -1.89601332e-02 -2.05338504e-02
 -2.20171679e-02 -2.33860184e-02 -2.46193297e-02 -2.56981608e-02 -2.66050939e-02
 -2.73237731e-02 -2.78385840e-02 -2.81344485e-02 -2.81967446e-02 -2.80113574e-02
 -2.75648534e-02 -2.68446952e-02 -2.58394498e-02 -2.45389994e-02 -2.29347069e-02
 -2.10195277e-02 -1.87880192e-02 -1.62362717e-02 -1.33617138e-02 -1.01628108e-02
 -6.63865265e-03 -2.78842123e-03  1.38925214e-03  5.89695526e-03  1.07390191e-02
  1.59216411e-02  2.14530323e-02  2.73436047e-02  3.36061679e-02  4.02560905e-02
  4.73114513e-02  5.47932871e-02  6.27259389e-02  7.11375251e-02  8.00606757e-02
  8.95333961e-02  9.96003076e-02  1.10314071e-01  1.21737055e-01  1.33943141e-01
  1.47019073e-01  1.61065027e-01  1.76193163e-01  1.92524672e-01  2.10196421e-01
  2.29501605e-01  2.51957208e-01  2.65017688e-01  2.73168951e-01  2.82776117e-01
  2.78504759e-01  2.80977726e-01  2.68041581e-01  2.56185174e-01  2.47509658e-01
  9.33676213e-03  5.41909877e-03  1.49449869e-03 -2.16506794e-03 -5.44642145e-03
 -8.46076664e-03 -1.13062533e-02 -1.40311187e-02 -1.66528225e-02 -1.91730801e-02
 -2.15856358e-02 -2.38800328e-02 -2.60434244e-02 -2.80614533e-02 -2.99186260e-02
 -3.15984562e-02 -3.30834948e-02 -3.43553163e-02 -3.53945568e-02 -3.61810215e-02
 -3.66943926e-02 -3.69145535e-02 -3.68219614e-02 -3.63980681e-02 -3.56257558e-02
 -3.44896801e-02 -3.29765975e-02 -3.10755502e-02 -2.87780017e-02 -2.60778684e-02
 -2.29713954e-02 -1.94567796e-02 -1.55333774e-02 -1.12003712e-02 -6.45533064e-03
 -1.29569147e-03  4.28127032e-03  1.02790203e-02  1.67023856e-02  2.35577151e-02
  3.08530182e-02  3.85981426e-02  4.68049198e-02  5.54872714e-02  6.46613091e-02
  7.43453130e-02  8.45595151e-02  9.53256041e-02  1.06665477e-01  1.18598968e-01
  1.31139502e-01  1.44286498e-01  1.58011630e-01  1.72233865e-01  1.86768800e-01
  2.01210409e-01  2.14709580e-01  2.26103932e-01  2.34879881e-01  2.40891740e-01
  2.44019955e-01  2.44520262e-01  2.42592737e-01  2.39155516e-01  2.35325545e-01
  1.83687825e-02  1.50112063e-02  9.88079794e-03  4.84942691e-03  4.04866936e-04
 -3.70906014e-03 -7.60151492e-03 -1.13301771e-02 -1.49264401e-02 -1.84054971e-02
 -2.17720233e-02 -2.50236690e-02 -2.81531736e-02 -3.11495997e-02 -3.39989886e-02
 -3.66846807e-02 -3.91874462e-02 -4.14853282e-02 -4.35538776e-02 -4.53643277e-02
 -4.68883142e-02 -4.80968989e-02 -4.89610173e-02 -4.94523048e-02 -4.95439619e-02
 -4.92114536e-02 -4.84331287e-02 -4.71906886e-02 -4.54697125e-02 -4.32601236e-02
 -4.05567661e-02 -3.73597518e-02 -3.36739235e-02 -2.95052137e-02 -2.48478036e-02
 -1.97028089e-02 -1.40749943e-02 -7.96993636e-03 -1.39125960e-03  5.65798394e-03
  1.31752146e-02  2.11586710e-02  2.96073239e-02  3.85206528e-02  4.78982814e-02
  5.77393062e-02  6.80412576e-02  7.87984505e-02  8.99994820e-02  1.01623438e-01
  1.13634296e-01  1.25972480e-01  1.38542712e-01  1.51196808e-01  1.63712263e-01
  1.75774693e-01  1.86990172e-01  1.96956605e-01  2.05360994e-01  2.12022558e-01
  2.16894329e-01  2.20062733e-01  2.21745014e-01  2.22273663e-01  2.22019419e-01
  2.30676513e-02  1.93133671e-02  1.47595126e-02  9.78569128e-03  4.79757367e-03
 -6.91431051e-05 -4.80132503e-03 -9.41298436e-03 -1.39185851e-02 -1.83273051e-02
 -2.26425771e-02 -2.68627871e-02 -3.09819877e-02 -3.49903405e-02 -3.88742611e-02
 -4.26164120e-02 -4.61962074e-02 -4.95873056e-02 -5.27664237e-02 -5.56794517e-02
 -5.82935251e-02 -6.05693497e-02 -6.24654479e-02 -6.39407858e-02 -6.49564862e-02
 -6.54769465e-02 -6.54705167e-02 -6.49101362e-02 -6.37739152e-02 -6.20461628e-02
 -5.97192980e-02 -5.67975082e-02 -5.33041693e-02 -4.92971390e-02 -4.47007976e-02
 -3.95318680e-02 -3.38127129e-02 -2.75676847e-02 -2.08038650e-02 -1.35332961e-02
 -5.77034615e-03  2.47197365e-03  1.11805359e-02  2.03416273e-02  2.99405698e-02
  3.99607643e-02  5.03824018e-02  6.11806065e-02  7.23229796e-02  8.37663561e-02
  9.54526588e-02  1.07303783e-01  1.19215809e-01  1.31053567e-01  1.42647728e-01
  1.53798297e-01  1.64288580e-01  1.73909560e-01  1.82487682e-01  1.89906567e-01
  1.96118385e-01  2.01146007e-01  2.05076545e-01  2.08045006e-01  2.10208938e-01
  2.93415841e-02  2.59942561e-02  1.98783968e-02  1.38215404e-02  8.15823302e-03
  2.61275563e-03 -2.86320457e-03 -8.28135479e-03 -1.36452019e-02 -1.89551823e-02
 -2.42094640e-02 -2.94039510e-02 -3.45320888e-02 -3.95844094e-02 -4.45474945e-02
 -4.94013578e-02 -5.41327745e-02 -5.86796924e-02 -6.30118921e-02 -6.70825318e-02
 -7.08395690e-02 -7.42287636e-02 -7.71964043e-02 -7.96914324e-02 -8.16668496e-02
 -8.30805525e-02 -8.38957652e-02 -8.40811804e-02 -8.36110339e-02 -8.24652538e-02
 -8.06297511e-02 -7.80969113e-02 -7.48656541e-02 -7.09395036e-02 -6.63173199e-02
 -6.10194840e-02 -5.50989993e-02 -4.86668348e-02 -4.16542962e-02 -3.40919681e-02
 -2.60190368e-02 -1.74544938e-02 -8.42193980e-03  1.05300511e-03  1.09445667e-02
  2.12248843e-02  3.18629742e-02  4.28230725e-02  5.40627427e-02  6.55307248e-02
  7.71645829e-02  8.88883621e-02  1.00610599e-01  1.12223484e-01  1.23604029e-01
  1.34618267e-01  1.45128757e-01  1.55004919e-01  1.64134011e-01  1.72430500e-01
  1.79842055e-01  1.86351240e-01  1.91972956e-01  1.96747944e-01  2.00734049e-01
  3.14710438e-02  2.74946298e-02  2.24562809e-02  1.67101212e-02  1.06772045e-02
  4.54183016e-03 -1.63638860e-03 -7.83398747e-03 -1.40380058e-02 -2.02395525e-02
 -2.64316797e-02 -3.26082930e-02 -3.87635380e-02 -4.48917598e-02 -5.09885587e-02
 -5.69841005e-02 -6.28657714e-02 -6.85907602e-02 -7.41035715e-02 -7.93403685e-02
 -8.42341855e-02 -8.87187719e-02 -9.27313641e-02 -9.62145329e-02 -9.91171449e-02
 -1.01394750e-01 -1.03009485e-01 -1.03929676e-01 -1.04129344e-01 -1.03587627e-01
 -1.02288269e-01 -1.00219078e-01 -9.73714888e-02 -9.37400982e-02 -8.93230662e-02
 -8.41264278e-02 -7.81673416e-02 -7.14749992e-02 -6.40820041e-02 -5.60682453e-02
 -4.75993417e-02 -3.86120044e-02 -2.91495863e-02 -1.92562509e-02 -8.96207429e-03
  1.69740757e-03  1.26857311e-02  2.39628088e-02  3.54835801e-02  4.71969135e-02
  5.90444952e-02  7.09598288e-02  8.28676969e-02  9.46843401e-02  1.06318682e-01
  1.17674798e-01  1.28655478e-01  1.39166579e-01  1.49121523e-01  1.58444971e-01
  1.67075500e-01  1.74966589e-01  1.82086512e-01  1.88417166e-01  1.93952739e-01
  3.68924960e-02  3.32631953e-02  2.64879279e-02  1.95780471e-02  1.28290243e-02
  5.99409314e-03 -9.35172313e-04 -7.93861318e-03 -1.49978492e-02 -2.21000388e-02
 -2.92366426e-02 -3.64016369e-02 -4.35899124e-02 -5.07958867e-02 -5.80121092e-02
 -6.51639253e-02 -7.22174272e-02 -7.91137666e-02 -8.57803226e-02 -9.21385959e-02
 -9.81101021e-02 -1.03620388e-01 -1.08601592e-01 -1.12993769e-01 -1.16745315e-01
 -1.19812749e-01 -1.22160099e-01 -1.23758040e-01 -1.24582969e-01 -1.24616057e-01
 -1.23842381e-01 -1.22250177e-01 -1.19830146e-01 -1.16575107e-01 -1.12480022e-01
 -1.07542790e-01 -1.01765357e-01 -9.51553285e-02 -8.77289698e-02 -7.95200467e-02
 -7.05862939e-02 -6.10049516e-02 -5.09413108e-02 -4.05104682e-02 -2.96772532e-02
 -1.85010303e-02 -7.01416889e-03  4.74365894e-03  1.67285930e-02  2.88936365e-02
  4.11881357e-02  5.35571612e-02  6.59411922e-02  7.82762021e-02  9.04941261e-02
  1.02523796e-01  1.14291981e-01  1.25724554e-01  1.36747316e-01  1.47286415e-01
  1.57268256e-01  1.66619375e-01  1.75266728e-01  1.83139473e-01  1.90172791e-01
  3.88431922e-02  3.46047394e-02  2.88817212e-02  2.20830832e-02  1.47372456e-02
  7.12514669e-03 -6.36704848e-04 -8.50046240e-03 -1.64457802e-02 -2.44641285e-02
 -3.25525366e-02 -4.07106727e-02 -4.89390157e-02 -5.72366714e-02 -6.55390024e-02
 -7.38125965e-02 -8.19945112e-02 -9.00035128e-02 -9.77497622e-02 -1.05142348e-01
 -1.12094678e-01 -1.18527927e-01 -1.24372810e-01 -1.29570261e-01 -1.34071082e-01
 -1.37835160e-01 -1.40830323e-01 -1.43031120e-01 -1.44417524e-01 -1.44973844e-01
 -1.44687787e-01 -1.43549576e-01 -1.41551360e-01 -1.38686791e-01 -1.34950623e-01
 -1.30338714e-01 -1.24848127e-01 -1.18477702e-01 -1.11229561e-01 -1.03112131e-01
 -9.41447839e-02 -8.43649432e-02 -7.38426074e-02 -6.26887083e-02 -5.10960482e-02
 -3.92807759e-02 -2.71490496e-02 -1.47513170e-02 -2.13394244e-03  1.06620742e-02
  2.35959515e-02  3.66254784e-02  4.97064963e-02  6.27927855e-02  7.58359656e-02
  8.87853503e-02  1.01587422e-01  1.14184782e-01  1.26514301e-01  1.38504267e-01
  1.50070667e-01  1.61113128e-01  1.71512321e-01  1.81131333e-01  1.89824581e-01
  4.49797474e-02  4.11507040e-02  3.39494087e-02  2.53345352e-02  1.66435782e-02
  7.96487834e-03 -7.44712364e-04 -9.51273553e-03 -1.83557905e-02 -2.72861738e-02
 -3.63148637e-02 -4.54530753e-02 -5.47140837e-02 -6.40331805e-02 -7.33929873e-02
 -8.27336758e-02 -9.19689164e-02 -1.00998908e-01 -1.09720469e-01 -1.18034273e-01
 -1.25849575e-01 -1.33086801e-01 -1.39678478e-01 -1.45569056e-01 -1.50713965e-01
 -1.55078143e-01 -1.58634499e-01 -1.61362246e-01 -1.63245425e-01 -1.64271563e-01
 -1.64430752e-01 -1.63714856e-01 -1.62117094e-01 -1.59631729e-01 -1.56253979e-01
 -1.51979789e-01 -1.46805719e-01 -1.40728712e-01 -1.33746266e-01 -1.25856981e-01
 -1.17062539e-01 -1.07371703e-01 -9.68079120e-02 -8.54211599e-02 -7.33074471e-02
 -6.06310479e-02 -4.76699024e-02 -3.44644748e-02 -2.10678093e-02 -7.49648130e-03
  6.22453261e-03  2.00674776e-02  3.40039432e-02  4.80055660e-02  6.20440319e-02
  7.60905296e-02  9.01145488e-02  1.04081638e-01  1.17949620e-01  1.31662607e-01
  1.45141825e-01  1.58272773e-01  1.70889139e-01  1.82758778e-01  1.93588987e-01
  4.92482707e-02  4.56750914e-02  3.72436754e-02  2.73422394e-02  1.76715516e-02
  8.10550433e-03 -1.45454099e-03 -1.10611608e-02 -2.07484141e-02 -3.05416584e-02
 -4.04613577e-02 -5.05242869e-02 -6.07423075e-02 -7.10483417e-02 -8.14040825e-02
 -9.17280540e-02 -1.01915367e-01 -1.11852340e-01 -1.21426918e-01 -1.30535424e-01
 -1.39086530e-01 -1.47002861e-01 -1.54221207e-01 -1.60691619e-01 -1.66375801e-01
 -1.71245188e-01 -1.75278902e-01 -1.78461701e-01 -1.80782080e-01 -1.82230800e-01
 -1.82799727e-01 -1.82481229e-01 -1.81267887e-01 -1.79152697e-01 -1.76129371e-01
 -1.72192693e-01 -1.67338639e-01 -1.61564261e-01 -1.54867128e-01 -1.47244751e-01
 -1.38694152e-01 -1.29212618e-01 -1.18800379e-01 -1.07466996e-01 -9.52427387e-02
 -8.21963996e-02 -6.84605166e-02 -5.42572066e-02 -4.00218591e-02 -2.55869273e-02
 -1.09817507e-02  3.77272745e-03  1.86612550e-02  3.36731374e-02  4.88017164e-02
  6.40438870e-02  7.93992952e-02  9.48686674e-02  1.10450655e-01  1.26135692e-01
  1.41894907e-01  1.57659605e-01  1.73283622e-01  1.88468188e-01  2.02599570e-01
  4.91245687e-02  4.48406748e-02  3.71383689e-02  2.75621340e-02  1.75140519e-02
  7.35254865e-03 -2.87842844e-03 -1.31963817e-02 -2.36290153e-02 -3.42039503e-02
 -4.49475199e-02 -5.58864921e-02 -6.69639111e-02 -7.81640485e-02 -8.94149616e-02
 -1.00610569e-01 -1.11628681e-01 -1.22344688e-01 -1.32640868e-01 -1.42412171e-01
 -1.51569113e-01 -1.60038576e-01 -1.67763308e-01 -1.74700439e-01 -1.80819452e-01
 -1.86099753e-01 -1.90528095e-01 -1.94095999e-01 -1.96797401e-01 -1.98626697e-01
 -1.99577332e-01 -1.99641138e-01 -1.98808283e-01 -1.97067842e-01 -1.94408879e-01
 -1.90821558e-01 -1.86298177e-01 -1.80833787e-01 -1.74425930e-01 -1.67073756e-01
 -1.58776447e-01 -1.49531513e-01 -1.39334068e-01 -1.28178045e-01 -1.16061725e-01
 -1.02999292e-01 -8.90418068e-02 -7.43102133e-02 -5.90442866e-02 -4.36411314e-02
 -2.80780029e-02 -1.23591218e-02  3.51752993e-03  1.95608400e-02  3.57873291e-02
  5.22221029e-02  6.89000189e-02  8.58669281e-02  1.03180870e-01  1.20912790e-01
  1.39145926e-01  1.57971308e-01  1.77468911e-01  1.97628364e-01  2.17626289e-01
  5.21295927e-02  4.85268533e-02  3.85208651e-02  2.72845179e-02  1.65253859e-02
  5.81772951e-03 -4.96443082e-03 -1.58721153e-02 -2.69390978e-02 -3.81936543e-02
 -4.96603958e-02 -6.13586307e-02 -7.32274130e-02 -8.52269158e-02 -9.72616002e-02
 -1.09206490e-01 -1.20926365e-01 -1.32289037e-01 -1.43173859e-01 -1.53476417e-01
 -1.63110599e-01 -1.72008783e-01 -1.80120796e-01 -1.87412143e-01 -1.93861529e-01
 -1.99457958e-01 -2.04197556e-01 -2.08080336e-01 -2.11106986e-01 -2.13276401e-01
 -2.14583889e-01 -2.15020269e-01 -2.14571998e-01 -2.13222161e-01 -2.10952133e-01
 -2.07743600e-01 -2.03580812e-01 -1.98452309e-01 -1.92351893e-01 -1.85278386e-01
 -1.77234128e-01 -1.68222085e-01 -1.58242583e-01 -1.47290811e-01 -1.35356680e-01
 -1.22429542e-01 -1.08510584e-01 -9.36360806e-02 -7.79146552e-02 -6.15779944e-02
 -4.50424291e-02 -2.83665936e-02 -1.15331449e-02  5.48394863e-03  2.27212738e-02
  4.02283147e-02  5.80708459e-02  7.63356611e-02  9.51372460e-02  1.14627339e-01
  1.35009781e-01  1.56566441e-01  1.79716691e-01  2.05261528e-01  2.36844674e-01
  4.82514314e-02  4.33888361e-02  3.53289992e-02  2.52928901e-02  1.45615693e-02
  3.56869726e-03 -7.60999927e-03 -1.89836081e-02 -3.05772088e-02 -4.24181633e-02
 -5.45355417e-02 -6.68693110e-02 -7.94159770e-02 -9.20982435e-02 -1.04794323e-01
 -1.17361508e-01 -1.29653677e-01 -1.41533166e-01 -1.52877942e-01 -1.63585350e-01
 -1.73573434e-01 -1.82780787e-01 -1.91165268e-01 -1.98701963e-01 -2.05380395e-01
 -2.11201012e-01 -2.16171294e-01 -2.20301539e-01 -2.23600462e-01 -2.26071760e-01
 -2.27712303e-01 -2.28511393e-01 -2.28451043e-01 -2.27507398e-01 -2.25652710e-01
 -2.22858176e-01 -2.19096839e-01 -2.14346334e-01 -2.08591297e-01 -2.01825067e-01
 -1.94049582e-01 -1.85272604e-01 -1.75503403e-01 -1.64747328e-01 -1.53001338e-01
 -1.40252411e-01 -1.26481935e-01 -1.11679181e-01 -9.58682373e-02 -7.91520551e-02
 -6.17760047e-02 -4.42050472e-02 -2.65059117e-02 -8.64146277e-03  9.43738874e-03
  2.77934819e-02  4.65080924e-02  6.56875521e-02  8.54723081e-02  1.06049523e-01
  1.27670661e-01  1.50674671e-01  1.75515458e-01  2.02805147e-01  2.33566225e-01
  5.11543639e-02  4.73544858e-02  3.55183892e-02  2.34095715e-02  1.21294912e-02
  8.44135007e-04 -1.06339632e-02 -2.23661531e-02 -3.43828090e-02 -4.67048176e-02
 -5.93460910e-02 -7.22468644e-02 -8.53765234e-02 -9.86323804e-02 -1.11872829e-01
 -1.24941558e-01 -1.37684330e-01 -1.49959803e-01 -1.61645621e-01 -1.72641516e-01
 -1.82870209e-01 -1.92277163e-01 -2.00829223e-01 -2.08512485e-01 -2.15329140e-01
 -2.21293435e-01 -2.26425782e-01 -2.30746552e-01 -2.34271467e-01 -2.37008691e-01
 -2.38956824e-01 -2.40104020e-01 -2.40428254e-01 -2.39898562e-01 -2.38477394e-01
 -2.36123890e-01 -2.32797980e-01 -2.28464365e-01 -2.23096177e-01 -2.16677383e-01
 -2.09203526e-01 -2.00681716e-01 -1.91127852e-01 -1.80559829e-01 -1.68989658e-01
 -1.56416729e-01 -1.42825231e-01 -1.28188968e-01 -1.12487957e-01 -9.57412124e-02
 -7.80611485e-02 -5.97311668e-02 -4.12977971e-02 -2.27568895e-02 -4.05234983e-03
  1.48766777e-02  3.41052748e-02  5.37296943e-02  7.38749653e-02  9.47050825e-02
  1.16437808e-01  1.39366582e-01  1.63887769e-01  1.90459296e-01  2.18623281e-01
  4.31351364e-02  3.75126787e-02  2.94991899e-02  1.97339784e-02  9.03658848e-03
 -2.19180062e-03 -1.38217621e-02 -2.58214176e-02 -3.81915532e-02 -5.09474166e-02
 -6.39986619e-02 -7.73661509e-02 -9.09772515e-02 -1.04701072e-01 -1.18377291e-01
 -1.31837964e-01 -1.44922450e-01 -1.57486856e-01 -1.69409230e-01 -1.80592090e-01
 -1.90963328e-01 -2.00476006e-01 -2.09107146e-01 -2.16855496e-01 -2.23738030e-01
 -2.29782805e-01 -2.35021174e-01 -2.39482120e-01 -2.43188113e-01 -2.46152043e-01
 -2.48375162e-01 -2.49845847e-01 -2.50539362e-01 -2.50418812e-01 -2.49437332e-01
 -2.47541621e-01 -2.44676709e-01 -2.40791529e-01 -2.35844359e-01 -2.29807213e-01
 -2.22668067e-01 -2.14430451e-01 -2.05110937e-01 -1.94736108e-01 -1.83334276e-01
 -1.70924589e-01 -1.57508314e-01 -1.43066168e-01 -1.27565593e-01 -1.10982470e-01
 -9.33429748e-02 -7.47902617e-02 -5.56757189e-02 -3.66573669e-02 -1.75393764e-02
  1.70439493e-03  2.11196132e-02  4.07676473e-02  6.07251599e-02  8.10855106e-02
  1.01961523e-01  1.23490892e-01  1.45850703e-01  1.69297695e-01  1.93953529e-01
  4.28323857e-02  3.75122018e-02  2.82342788e-02  1.74726732e-02  6.42150082e-03
 -5.00631239e-03 -1.68427415e-02 -2.90929526e-02 -4.17618677e-02 -5.48591912e-02
 -6.82979226e-02 -8.20726082e-02 -9.60864648e-02 -1.10189773e-01 -1.24209091e-01
 -1.37968257e-01 -1.51302293e-01 -1.64065942e-01 -1.76138282e-01 -1.87425151e-01
 -1.97860181e-01 -2.07404867e-01 -2.16047555e-01 -2.23801166e-01 -2.30696484e-01
 -2.36772612e-01 -2.42070049e-01 -2.46625543e-01 -2.50468016e-01 -2.53615618e-01
 -2.56073266e-01 -2.57831037e-01 -2.58863449e-01 -2.59129763e-01 -2.58575678e-01
 -2.57136583e-01 -2.54742652e-01 -2.51325339e-01 -2.46824890e-01 -2.41197199e-01
 -2.34418720e-01 -2.26487830e-01 -2.17422172e-01 -2.07253158e-01 -1.96020737e-01
 -1.83764160e-01 -1.70508325e-01 -1.56254351e-01 -1.40978783e-01 -1.24646209e-01
 -1.07240416e-01 -8.88206139e-02 -6.96083680e-02 -5.01033701e-02 -3.06673534e-02
 -1.12714991e-02  8.11460614e-03  2.75195241e-02  4.69673648e-02  6.64728209e-02
  8.60309154e-02  1.05595998e-01  1.25037059e-01  1.44044146e-01  1.61986679e-01
  4.04886119e-02  3.46789397e-02  2.58351527e-02  1.53044704e-02  4.13955702e-03
 -7.48002809e-03 -1.95356850e-02 -3.20300870e-02 -4.49710339e-02 -5.83694503e-02
 -7.21444935e-02 -8.62629563e-02 -1.00607380e-01 -1.15013301e-01 -1.29297510e-01
 -1.43278018e-01 -1.56787068e-01 -1.69678897e-01 -1.81834176e-01 -1.93162546e-01
 -2.03603879e-01 -2.13128731e-01 -2.21737593e-01 -2.29456723e-01 -2.36327633e-01
 -2.42398351e-01 -2.47717097e-01 -2.52327472e-01 -2.56264567e-01 -2.59551823e-01
 -2.62198478e-01 -2.64197528e-01 -2.65524566e-01 -2.66137362e-01 -2.65976697e-01
 -2.64969260e-01 -2.63032079e-01 -2.60079741e-01 -2.56033123e-01 -2.50828803e-01
 -2.44427338e-01 -2.36817539e-01 -2.28015721e-01 -2.18059480e-01 -2.06998572e-01
 -1.94887370e-01 -1.81774020e-01 -1.67684957e-01 -1.52616695e-01 -1.36539876e-01
 -1.19420081e-01 -1.01260968e-01 -8.21755454e-02 -6.24874942e-02 -4.28481214e-02
 -2.34199893e-02 -4.17648396e-03  1.48857823e-02  3.37529220e-02  5.23907207e-02
  7.07357377e-02  8.86810422e-02  1.06057778e-01  1.22618787e-01  1.38042226e-01
  3.95970270e-02  3.37251686e-02  2.45150253e-02  1.36509920e-02  2.25894502e-03
 -9.56662558e-03 -2.18340214e-02 -3.45545486e-02 -4.77394760e-02 -6.14011735e-02
 -7.54601285e-02 -8.98612887e-02 -1.04470946e-01 -1.19113259e-01 -1.33597657e-01
 -1.47737980e-01 -1.61364630e-01 -1.74331948e-01 -1.86522573e-01 -1.97850153e-01
 -2.08261058e-01 -2.17735052e-01 -2.26284459e-01 -2.33945936e-01 -2.40769371e-01
 -2.46809945e-01 -2.52122283e-01 -2.56755888e-01 -2.60751277e-01 -2.64136881e-01
 -2.66926318e-01 -2.69116163e-01 -2.70684212e-01 -2.71588564e-01 -2.71767765e-01
 -2.71142632e-01 -2.69620150e-01 -2.67100424e-01 -2.63486147e-01 -2.58693874e-01
 -2.52665430e-01 -2.45376080e-01 -2.36836597e-01 -2.27088332e-01 -2.16192007e-01
 -2.04215378e-01 -1.91224784e-01 -1.77271023e-01 -1.62374422e-01 -1.46521240e-01
 -1.29675984e-01 -1.11814111e-01 -9.29803476e-02 -7.33770579e-02 -5.34773059e-02
 -3.41320820e-02 -1.50649576e-02  3.67934909e-03  2.20576022e-02  4.00156900e-02
  5.74802309e-02  7.43522197e-02  9.05033723e-02  1.05777599e-01  1.20000996e-01
  3.88577692e-02  3.29249464e-02  2.34329160e-02  1.23193003e-02  7.47512677e-04
 -1.12514142e-02 -2.37027556e-02 -3.66220735e-02 -5.00198081e-02 -6.39003888e-02
 -7.81885460e-02 -9.28139240e-02 -1.07630335e-01 -1.22452974e-01 -1.37085512e-01
 -1.51338562e-01 -1.65041253e-01 -1.78048298e-01 -1.90244436e-01 -2.01547280e-01
 -2.11909443e-01 -2.21319452e-01 -2.29799494e-01 -2.37394020e-01 -2.44159371e-01
 -2.50156343e-01 -2.55444705e-01 -2.60078728e-01 -2.64103442e-01 -2.67551571e-01
 -2.70440638e-01 -2.72770643e-01 -2.74522066e-01 -2.75654435e-01 -2.76105821e-01
 -2.75793731e-01 -2.74618417e-01 -2.72468925e-01 -2.69232750e-01 -2.64808387e-01
 -2.59119034e-01 -2.52124488e-01 -2.43826762e-01 -2.34267324e-01 -2.23515660e-01
 -2.11653411e-01 -1.98761269e-01 -1.84909791e-01 -1.70141920e-01 -1.54463008e-01
 -1.37846887e-01 -1.20261572e-01 -1.01720057e-01 -8.23617950e-02 -6.25664294e-02
 -4.30841260e-02 -2.40600724e-02 -5.50808338e-03  1.25430422e-02  3.00493240e-02
  4.69512604e-02  6.31740019e-02  7.86290020e-02  9.32180062e-02  1.06840074e-01
  3.75092775e-02  3.12579200e-02  2.20950469e-02  1.12106437e-02 -3.92111164e-04
 -1.25045022e-02 -2.51045953e-02 -3.82007509e-02 -5.18091545e-02 -6.58329278e-02
 -8.02883506e-02 -9.50823575e-02 -1.10054702e-01 -1.25011846e-01 -1.39752328e-01
 -1.54084012e-01 -1.67835057e-01 -1.80860698e-01 -1.93047568e-01 -2.04316929e-01
 -2.14626923e-01 -2.23973662e-01 -2.32386619e-01 -2.39915997e-01 -2.46622950e-01
 -2.52572536e-01 -2.57828355e-01 -2.62448370e-01 -2.66481012e-01 -2.69962251e-01
 -2.72912711e-01 -2.75335193e-01 -2.77212560e-01 -2.78505951e-01 -2.79153883e-01
 -2.79072344e-01 -2.78157443e-01 -2.76290625e-01 -2.73348212e-01 -2.69214332e-01
 -2.63796538e-01 -2.57040322e-01 -2.48938039e-01 -2.39528835e-01 -2.28887632e-01
 -2.17107415e-01 -2.04281658e-01 -1.90494642e-01 -1.75806865e-01 -1.60240293e-01
 -1.43779218e-01 -1.26390815e-01 -1.08069606e-01 -8.89113247e-02 -6.92195371e-02
 -4.96346913e-02 -3.06345969e-02 -1.22029893e-02  5.64631773e-03  2.28808578e-02
  3.94548625e-02  5.53125851e-02  7.03914315e-02  8.46257210e-02  9.79513824e-02
  3.84017751e-02  3.25176194e-02  2.23528482e-02  1.07836854e-02 -1.01564731e-03
 -1.32426154e-02 -2.59613395e-02 -3.91901620e-02 -5.29397838e-02 -6.71069473e-02
 -8.17042291e-02 -9.66318920e-02 -1.11723579e-01 -1.26781240e-01 -1.41600519e-01
 -1.55987754e-01 -1.69770703e-01 -1.82805195e-01 -1.94979608e-01 -2.06218198e-01
 -2.16483474e-01 -2.25777298e-01 -2.34134212e-01 -2.41608366e-01 -2.48264283e-01
 -2.54169971e-01 -2.59391725e-01 -2.63989896e-01 -2.68015265e-01 -2.71505922e-01
 -2.74484456e-01 -2.76955515e-01 -2.78903604e-01 -2.80291021e-01 -2.81056672e-01
 -2.81115860e-01 -2.80362308e-01 -2.78672874e-01 -2.75916636e-01 -2.71968305e-01
 -2.66724497e-01 -2.60120332e-01 -2.52140641e-01 -2.42821783e-01 -2.32241482e-01
 -2.20500141e-01 -2.07700506e-01 -1.93935424e-01 -1.79276258e-01 -1.63755625e-01
 -1.47364706e-01 -1.30070090e-01 -1.11853436e-01 -9.27788019e-02 -7.30904266e-02
 -5.33318743e-02 -3.44463922e-02 -1.61180999e-02  1.61299307e-03  1.87066831e-02
  3.51191089e-02  5.08025289e-02  6.57067671e-02  7.97816440e-02  9.29801166e-02
  3.63795832e-02  2.97850538e-02  2.09694710e-02  1.04326596e-02 -1.14572141e-03
 -1.34074315e-02 -2.62282230e-02 -3.95740643e-02 -5.34411520e-02 -6.77244142e-02
 -8.24315473e-02 -9.74591598e-02 -1.12637997e-01 -1.27767935e-01 -1.42643332e-01
 -1.57069936e-01 -1.70875534e-01 -1.83916599e-01 -1.96082860e-01 -2.07300618e-01
 -2.17535347e-01 -2.26792574e-01 -2.35109806e-01 -2.42543653e-01 -2.49160603e-01
 -2.55030423e-01 -2.60220885e-01 -2.64793664e-01 -2.68800616e-01 -2.72280812e-01
 -2.75257647e-01 -2.77736485e-01 -2.79702246e-01 -2.81117558e-01 -2.81921208e-01
 -2.82027930e-01 -2.81330019e-01 -2.79702038e-01 -2.77009726e-01 -2.73123384e-01
 -2.67934740e-01 -2.61374354e-01 -2.53423750e-01 -2.44118109e-01 -2.33536452e-01
 -2.21782476e-01 -2.08963022e-01 -1.95174515e-01 -1.80492446e-01 -1.64953396e-01
 -1.48551151e-01 -1.31252423e-01 -1.13035612e-01 -9.39576179e-02 -7.42526650e-02
 -5.44582866e-02 -3.55376899e-02 -1.72020756e-02  5.21839655e-04  1.75985005e-02
  3.39866914e-02  4.96414974e-02  6.45162985e-02  7.85651878e-02  9.17456821e-02
  4.12537865e-02  3.58473361e-02  2.44414322e-02  1.19498679e-02 -3.26876441e-04
 -1.28976209e-02 -2.58975439e-02 -3.93708870e-02 -5.33398017e-02 -6.77086636e-02
 -8.24900717e-02 -9.75821763e-02 -1.12815969e-01 -1.27991199e-01 -1.42902106e-01
 -1.57354519e-01 -1.71176508e-01 -1.84225053e-01 -1.96390629e-01 -2.07600608e-01
 -2.17821747e-01 -2.27060944e-01 -2.35356942e-01 -2.42767274e-01 -2.49359116e-01
 -2.55202770e-01 -2.60366380e-01 -2.64911711e-01 -2.68890589e-01 -2.72341847e-01
 -2.75288492e-01 -2.77735293e-01 -2.79666483e-01 -2.81043828e-01 -2.81805277e-01
 -2.81864703e-01 -2.81113774e-01 -2.79426694e-01 -2.76669443e-01 -2.72713155e-01
 -2.67451227e-01 -2.60816097e-01 -2.52791405e-01 -2.43413672e-01 -2.32762337e-01
 -2.20940247e-01 -2.08052576e-01 -1.94194049e-01 -1.79437593e-01 -1.63816750e-01
 -1.47322908e-01 -1.29922479e-01 -1.11597285e-01 -9.24130604e-02 -7.26185665e-02
 -5.27656674e-02 -3.38084586e-02 -1.54026551e-02  2.40835664e-03  1.95821691e-02
  3.60731743e-02  5.18320575e-02  6.68071136e-02  8.09467211e-02  9.42024365e-02
  3.97422761e-02  3.34811360e-02  2.40975767e-02  1.27651654e-02  6.17069774e-04
 -1.20253237e-02 -2.51161903e-02 -3.86658162e-02 -5.26938662e-02 -6.71044141e-02
 -8.19170848e-02 -9.70337465e-02 -1.12287380e-01 -1.27478868e-01 -1.42403156e-01
 -1.56866580e-01 -1.70697615e-01 -1.83753580e-01 -1.95925087e-01 -2.07139418e-01
 -2.17362866e-01 -2.26601601e-01 -2.34893724e-01 -2.42296219e-01 -2.48875707e-01
 -2.54701763e-01 -2.59841740e-01 -2.64356375e-01 -2.68296301e-01 -2.71698892e-01
 -2.74585545e-01 -2.76959270e-01 -2.78802335e-01 -2.80074686e-01 -2.80712664e-01
 -2.80629218e-01 -2.79716194e-01 -2.77849704e-01 -2.74899632e-01 -2.70743430e-01
 -2.65282393e-01 -2.58457363e-01 -2.50258863e-01 -2.40726978e-01 -2.29940146e-01
 -2.17996120e-01 -2.04992861e-01 -1.91018149e-01 -1.76135406e-01 -1.60368189e-01
 -1.43701062e-01 -1.26100913e-01 -1.07563183e-01 -8.81886259e-02 -6.82935044e-02
 -4.85423505e-02 -2.93763988e-02 -1.07776672e-02  7.23930588e-03  2.46402211e-02
  4.13768999e-02  5.73908240e-02  7.26163909e-02  8.69848281e-02  1.00429043e-01
  4.25918140e-02  3.69729325e-02  2.64447983e-02  1.42460773e-02  1.86734507e-03
 -1.08461473e-02 -2.39670649e-02 -3.75287086e-02 -5.15571125e-02 -6.59596324e-02
 -8.07571635e-02 -9.58551168e-02 -1.11089744e-01 -1.26264334e-01 -1.41175449e-01
 -1.55630469e-01 -1.69458494e-01 -1.82517007e-01 -1.94696218e-01 -2.05922291e-01
 -2.16159493e-01 -2.25411028e-01 -2.33712524e-01 -2.41118893e-01 -2.47694865e-01
 -2.53508091e-01 -2.58623868e-01 -2.63100743e-01 -2.66986966e-01 -2.70317376e-01
 -2.73110509e-01 -2.75366485e-01 -2.77064711e-01 -2.78162450e-01 -2.78594285e-01
 -2.78272599e-01 -2.77090907e-01 -2.74930030e-01 -2.71668017e-01 -2.67193884e-01
 -2.61422634e-01 -2.54308611e-01 -2.45852306e-01 -2.36097649e-01 -2.25119695e-01
 -2.13006720e-01 -1.99845165e-01 -1.85710475e-01 -1.70649424e-01 -1.54669106e-01
 -1.37743115e-01 -1.19838730e-01 -1.00970529e-01 -8.12862068e-02 -6.11858852e-02
 -4.14575636e-02 -2.21797340e-02 -3.36853252e-03  1.49443755e-02  3.27116773e-02
  4.98700179e-02  6.63401410e-02  8.20285156e-02  9.68315154e-02  1.10642694e-01
  4.23776507e-02  3.64023671e-02  2.68787108e-02  1.53871104e-02  3.20192752e-03
 -9.43704415e-03 -2.25030072e-02 -3.59999165e-02 -4.99356501e-02 -6.43142313e-02
 -7.90596977e-02 -9.40954387e-02 -1.09267846e-01 -1.24386095e-01 -1.39250204e-01
 -1.53669551e-01 -1.67474255e-01 -1.80521980e-01 -1.92702204e-01 -2.03939095e-01
 -2.14193523e-01 -2.23463759e-01 -2.31780872e-01 -2.39196107e-01 -2.45770857e-01
 -2.51569569e-01 -2.56654263e-01 -2.61080086e-01 -2.64891803e-01 -2.68120468e-01
 -2.70780861e-01 -2.72869289e-01 -2.74361640e-01 -2.75212497e-01 -2.75354922e-01
 -2.74702251e-01 -2.73152083e-01 -2.70593494e-01 -2.66917229e-01 -2.62028754e-01
 -2.55861044e-01 -2.48384550e-01 -2.39610225e-01 -2.29583919e-01 -2.18373701e-01
 -2.06054926e-01 -1.92700341e-01 -1.78366899e-01 -1.63078964e-01 -1.46823943e-01
 -1.29565254e-01 -1.11277193e-01 -9.20071900e-02 -7.19695911e-02 -5.16647547e-02
 -3.19889821e-02 -1.25719719e-02  6.53369352e-03  2.52794512e-02  4.36065309e-02
  6.14365190e-02  7.86643848e-02  9.51544121e-02  1.10741690e-01  1.25242561e-01
  4.40803543e-02  3.83907370e-02  2.86255479e-02  1.69601068e-02  4.79389494e-03
 -7.77899195e-03 -2.07668878e-02 -3.41758355e-02 -4.80119959e-02 -6.22843280e-02
 -7.69102499e-02 -9.18232128e-02 -1.06877863e-01 -1.21889353e-01 -1.36661753e-01
 -1.51006982e-01 -1.64756522e-01 -1.77768320e-01 -1.89930901e-01 -2.01165915e-01
 -2.11429805e-01 -2.20714197e-01 -2.29043409e-01 -2.36463159e-01 -2.43029997e-01
 -2.48803794e-01 -2.53841996e-01 -2.58195281e-01 -2.61903673e-01 -2.64993638e-01
 -2.67475396e-01 -2.69340962e-01 -2.70562798e-01 -2.71093309e-01 -2.70865679e-01
 -2.69796461e-01 -2.67790794e-01 -2.64750063e-01 -2.60581940e-01 -2.55211741e-01
 -2.48592347e-01 -2.40709916e-01 -2.31583297e-01 -2.21256599e-01 -2.09787697e-01
 -1.97238386e-01 -1.83664590e-01 -1.69099241e-01 -1.53542295e-01 -1.36964455e-01
 -1.19329616e-01 -1.00641422e-01 -8.10202509e-02 -6.08117543e-02 -4.07099724e-02
 -2.08154842e-02 -1.09790487e-03  1.84466150e-02  3.78031060e-02  5.69350794e-02
  7.57752731e-02  9.42106321e-02  1.12062797e-01  1.29070744e-01  1.44894570e-01
  4.54031564e-02  3.98683958e-02  3.02162785e-02  1.86665412e-02  6.60551433e-03
 -5.88103198e-03 -1.87831745e-02 -3.20911296e-02 -4.58030254e-02 -5.99250495e-02
 -7.43751600e-02 -8.91039297e-02 -1.03978522e-01 -1.18822902e-01 -1.33447036e-01
 -1.47666588e-01 -1.61315128e-01 -1.74251288e-01 -1.86362684e-01 -1.97568193e-01
 -2.07819283e-01 -2.17099950e-01 -2.25425348e-01 -2.32833609e-01 -2.39374757e-01
 -2.45102614e-01 -2.50068873e-01 -2.54318535e-01 -2.57886112e-01 -2.60792702e-01
 -2.63043731e-01 -2.64627159e-01 -2.65512764e-01 -2.65652388e-01 -2.64981747e-01
 -2.63424009e-01 -2.60895580e-01 -2.57313907e-01 -2.52606392e-01 -2.46719375e-01
 -2.39624292e-01 -2.31319770e-01 -2.21828222e-01 -2.11188421e-01 -1.99447632e-01
 -1.86653867e-01 -1.72840491e-01 -1.58014163e-01 -1.42153159e-01 -1.25220522e-01
 -1.07198127e-01 -8.81481469e-02 -6.83084130e-02 -4.82188389e-02 -2.81985793e-02
 -8.21408629e-03  1.17684156e-02  3.17799151e-02  5.18463142e-02  7.19834566e-02
  9.21864137e-02  1.12407327e-01  1.32508218e-01  1.52162030e-01  1.70702815e-01
  4.60504368e-02  4.03507166e-02  3.15893665e-02  2.06762757e-02  8.73230305e-03
 -3.74518940e-03 -1.66091789e-02 -2.98249554e-02 -4.33921777e-02 -5.73228337e-02
 -7.15388730e-02 -8.60156342e-02 -1.00638151e-01 -1.15242913e-01 -1.29648343e-01
 -1.43675536e-01 -1.57161176e-01 -1.69965148e-01 -1.81974471e-01 -1.93105385e-01
 -2.03304157e-01 -2.12546840e-01 -2.20837742e-01 -2.28204951e-01 -2.34689996e-01
 -2.40339190e-01 -2.45197251e-01 -2.49302581e-01 -2.52683610e-01 -2.55355954e-01
 -2.57320404e-01 -2.58561879e-01 -2.59049118e-01 -2.58735865e-01 -2.57563472e-01
 -2.55465180e-01 -2.52371937e-01 -2.48219490e-01 -2.42955491e-01 -2.36545429e-01
 -2.28975505e-01 -2.20251903e-01 -2.10396737e-01 -1.99443072e-01 -1.87428430e-01
 -1.74381599e-01 -1.60311103e-01 -1.45200849e-01 -1.29017144e-01 -1.11732185e-01
 -9.33698490e-02 -7.40789771e-02 -5.42333908e-02 -3.45381051e-02 -1.47310821e-02
  5.21157682e-03  2.53368001e-02  4.57091630e-02  6.64098933e-02  8.75381231e-02
  1.09213784e-01  1.31583214e-01  1.54834554e-01  1.79240212e-01  2.04929903e-01
  5.63140102e-02  5.31664714e-02  3.82766649e-02  2.40173843e-02  1.11641744e-02
 -1.57162081e-03 -1.44494511e-02 -2.75539290e-02 -4.09282297e-02 -5.46048842e-02
 -6.85119033e-02 -8.26541185e-02 -9.69379842e-02 -1.11215495e-01 -1.25315860e-01
 -1.39067218e-01 -1.52310535e-01 -1.64907545e-01 -1.76745117e-01 -1.87737048e-01
 -1.97824672e-01 -2.06976190e-01 -2.15184972e-01 -2.22466528e-01 -2.28851691e-01
 -2.34377638e-01 -2.39080995e-01 -2.42992967e-01 -2.46135682e-01 -2.48519599e-01
 -2.50141948e-01 -2.50986099e-01 -2.51022100e-01 -2.50208378e-01 -2.48494968e-01
 -2.45827764e-01 -2.42153943e-01 -2.37427533e-01 -2.31614247e-01 -2.24694714e-01
 -2.16665015e-01 -2.07535207e-01 -1.97327018e-01 -1.86067730e-01 -1.73779547e-01
 -1.60470068e-01 -1.46127746e-01 -1.30726010e-01 -1.14240661e-01 -9.66859683e-02
 -7.81747773e-02 -5.90047985e-02 -3.97609137e-02 -2.04165000e-02 -9.09939699e-04
  1.88239682e-02  3.88651565e-02  5.93159869e-02  8.03093612e-02  1.02019548e-01
  1.24677807e-01  1.48595572e-01  1.74193323e-01  2.01956749e-01  2.31403604e-01
  4.99845892e-02  4.49377298e-02  3.60768922e-02  2.47479472e-02  1.25242453e-02
  1.15536986e-05 -1.26703233e-02 -2.55287327e-02 -3.85974646e-02 -5.19160330e-02
 -6.54167980e-02 -7.91252255e-02 -9.29683670e-02 -1.06815286e-01 -1.20507918e-01
 -1.33883104e-01 -1.46787077e-01 -1.59084186e-01 -1.70661464e-01 -1.81430578e-01
 -1.91328242e-01 -2.00315356e-01 -2.08375141e-01 -2.15510100e-01 -2.21737936e-01
 -2.27084875e-01 -2.31578410e-01 -2.35242113e-01 -2.38091990e-01 -2.40134209e-01
 -2.41363838e-01 -2.41764694e-01 -2.41310447e-01 -2.39966616e-01 -2.37693861e-01
 -2.34451786e-01 -2.30203286e-01 -2.24918351e-01 -2.18577027e-01 -2.11170763e-01
 -2.02702776e-01 -1.93186879e-01 -1.82641402e-01 -1.71081632e-01 -1.58512801e-01
 -1.44926533e-01 -1.30304068e-01 -1.14630133e-01 -9.79220644e-02 -8.02790150e-02
 -6.19534999e-02 -4.34388369e-02 -2.48145945e-02 -6.04002317e-03  1.29383402e-02
  3.21883038e-02  5.17970212e-02  7.18780905e-02  9.25811976e-02  1.14105508e-01
  1.36718243e-01  1.60779417e-01  1.86770782e-01  2.15341836e-01  2.47576356e-01
  5.50404005e-02  5.20925149e-02  3.93478163e-02  2.57275347e-02  1.32131986e-02
  8.79011874e-04 -1.14817843e-02 -2.39446703e-02 -3.65562551e-02 -4.93532754e-02
 -6.23636879e-02 -7.55340979e-02 -8.88231546e-02 -1.02122582e-01 -1.15290254e-01
 -1.28173664e-01 -1.40625536e-01 -1.52513370e-01 -1.63724720e-01 -1.74169362e-01
 -1.83779746e-01 -1.92510083e-01 -2.00334385e-01 -2.07243741e-01 -2.13242576e-01
 -2.18344256e-01 -2.22565904e-01 -2.25923121e-01 -2.28426188e-01 -2.30077922e-01
 -2.30872676e-01 -2.30796486e-01 -2.29828298e-01 -2.27942035e-01 -2.25109369e-01
 -2.21302867e-01 -2.16498971e-01 -2.10680529e-01 -2.03838944e-01 -1.95974976e-01
 -1.87096521e-01 -1.77214667e-01 -1.66338488e-01 -1.54470444e-01 -1.41604468e-01
 -1.27729535e-01 -1.12841912e-01 -9.69697610e-02 -8.02139193e-02 -6.28068149e-02
 -4.51844856e-02 -2.74538212e-02 -9.59444046e-03  8.42313375e-03  2.66394056e-02
  4.51083705e-02  6.39011338e-02  8.31109807e-02  1.02860443e-01  1.23311453e-01
  1.44681081e-01  1.67268872e-01  1.91520125e-01  2.18284413e-01  2.51418561e-01
  4.82210554e-02  4.35991697e-02  3.50457504e-02  2.41262428e-02  1.25106750e-02
  7.47687067e-04 -1.10739507e-02 -2.29727495e-02 -3.49866301e-02 -4.71540205e-02
 -5.95110469e-02 -7.20008612e-02 -8.46010000e-02 -9.72212702e-02 -1.09734356e-01
 -1.21998519e-01 -1.33873358e-01 -1.45229906e-01 -1.55956402e-01 -1.65960923e-01
 -1.75171942e-01 -1.83537528e-01 -1.91023558e-01 -1.97611153e-01 -2.03293502e-01
 -2.08072141e-01 -2.11953163e-01 -2.14943483e-01 -2.17047721e-01 -2.18265995e-01
 -2.18592882e-01 -2.18017578e-01 -2.16524944e-01 -2.14097232e-01 -2.10716337e-01
 -2.06366211e-01 -2.01035067e-01 -1.94716737e-01 -1.87410712e-01 -1.79120868e-01
 -1.69852778e-01 -1.59610629e-01 -1.48394510e-01 -1.36200458e-01 -1.23024896e-01
 -1.08876675e-01 -9.37995762e-02 -7.79078305e-02 -6.14337288e-02 -4.47849073e-02
 -2.80243941e-02 -1.11520430e-02  5.83764724e-03  2.29566470e-02  4.02245186e-02
  5.76696508e-02  7.53306076e-02  9.32575762e-02  1.11513630e-01  1.30175501e-01
  1.49332836e-01  1.69083178e-01  1.89511448e-01  2.10604027e-01  2.31489912e-01
  4.82041910e-02  4.49149013e-02  3.43263000e-02  2.21772082e-02  1.07718389e-02
 -3.94770643e-04 -1.15175480e-02 -2.26837993e-02 -3.39466222e-02 -4.53457646e-02
 -5.69150187e-02 -6.85929433e-02 -8.03736821e-02 -9.21838805e-02 -1.03910953e-01
 -1.15424529e-01 -1.26591876e-01 -1.37288272e-01 -1.47403181e-01 -1.56843334e-01
 -1.65533721e-01 -1.73416972e-01 -1.80451766e-01 -1.86610684e-01 -1.91877395e-01
 -1.96243718e-01 -1.99706584e-01 -2.02265188e-01 -2.03918695e-01 -2.04664543e-01
 -2.04497591e-01 -2.03410238e-01 -2.01393023e-01 -1.98435992e-01 -1.94530070e-01
 -1.89668372e-01 -1.83847055e-01 -1.77065298e-01 -1.69324473e-01 -1.60626590e-01
 -1.50972649e-01 -1.40361786e-01 -1.28792733e-01 -1.16269395e-01 -1.02812976e-01
 -8.84833783e-02 -7.34118968e-02 -5.78498058e-02 -4.22022045e-02 -2.64205653e-02
 -1.05253709e-02  5.46659110e-03  2.15422567e-02  3.76923494e-02  5.39114103e-02
  7.01976195e-02  8.65521356e-02  1.02977447e-01  1.19474061e-01  1.36034086e-01
  1.52629375e-01  1.69189781e-01  1.85563296e-01  2.01437265e-01  2.16170624e-01
  3.95570993e-02  3.51563580e-02  2.71984395e-02  1.74557939e-02  7.42108980e-03
 -2.66517769e-03 -1.28169060e-02 -2.30625700e-02 -3.34262215e-02 -4.39297371e-02
 -5.45948595e-02 -6.53478801e-02 -7.61941746e-02 -8.70750099e-02 -9.78924111e-02
 -1.08528383e-01 -1.18859321e-01 -1.28766119e-01 -1.38140693e-01 -1.46889493e-01
 -1.54934868e-01 -1.62214965e-01 -1.68682486e-01 -1.74302876e-01 -1.79052070e-01
 -1.82914078e-01 -1.85878590e-01 -1.87938839e-01 -1.89089760e-01 -1.89326823e-01
 -1.88645259e-01 -1.87040016e-01 -1.84505999e-01 -1.81038633e-01 -1.76634386e-01
 -1.71291113e-01 -1.65007949e-01 -1.57784879e-01 -1.49622038e-01 -1.40519351e-01
 -1.30477235e-01 -1.19499415e-01 -1.07599407e-01 -9.48122963e-02 -8.12139064e-02
 -6.69493973e-02 -5.22542372e-02 -3.75910774e-02 -2.27453522e-02 -7.76097365e-03
  7.32502434e-03  2.24789828e-02  3.76690887e-02  5.28646782e-02  6.80357218e-02
  8.31521675e-02  9.81826633e-02  1.13092311e-01  1.27838701e-01  1.42365605e-01
  1.56593263e-01  1.70404837e-01  1.83629349e-01  1.96027189e-01  2.07295507e-01
  3.09624840e-02  2.60744821e-02  1.94930453e-02  1.16610220e-02  3.17089073e-03
 -5.67075424e-03 -1.47335408e-02 -2.39634179e-02 -3.33406255e-02 -4.28626835e-02
 -5.25381118e-02 -6.22841567e-02 -7.21070543e-02 -8.19598213e-02 -9.17594135e-02
 -1.01401970e-01 -1.10775247e-01 -1.19768061e-01 -1.28276825e-01 -1.36209428e-01
 -1.43487170e-01 -1.50045142e-01 -1.55831560e-01 -1.60806328e-01 -1.64939418e-01
 -1.68208808e-01 -1.70598730e-01 -1.72097877e-01 -1.72698066e-01 -1.72393098e-01
 -1.71178102e-01 -1.69049188e-01 -1.66003257e-01 -1.62037969e-01 -1.57151654e-01
 -1.51343197e-01 -1.44611880e-01 -1.36957332e-01 -1.28380388e-01 -1.18885040e-01
 -1.08482979e-01 -9.72014815e-02 -8.50954503e-02 -7.22648948e-02 -5.88741675e-02
 -4.52379286e-02 -3.13629583e-02 -1.73159633e-02 -3.11757391e-03  1.11980727e-02
  2.55900454e-02  4.00132686e-02  5.44196628e-02  6.87587559e-02  8.29780176e-02
  9.70230401e-02  1.10837296e-01  1.24361239e-01  1.37530491e-01  1.50272846e-01
  1.62504286e-01  1.74124554e-01  1.85014144e-01  1.95035532e-01  2.04042196e-01
  2.60756519e-02  2.18090750e-02  1.46654919e-02  6.86737802e-03 -9.06253757e-04
 -8.84868670e-03 -1.69593971e-02 -2.52147559e-02 -3.35965641e-02 -4.20946516e-02
 -5.07039651e-02 -5.94195426e-02 -6.81654885e-02 -7.69165531e-02 -8.56096223e-02
 -9.41583961e-02 -1.02464996e-01 -1.10429011e-01 -1.17953978e-01 -1.24951638e-01
 -1.31344393e-01 -1.37066245e-01 -1.42062679e-01 -1.46289885e-01 -1.49713472e-01
 -1.52307034e-01 -1.54050663e-01 -1.54929563e-01 -1.54932812e-01 -1.54052421e-01
 -1.52282491e-01 -1.49618730e-01 -1.46057919e-01 -1.41597748e-01 -1.36236563e-01
 -1.29973531e-01 -1.22809246e-01 -1.14747196e-01 -1.05796784e-01 -9.59790051e-02
 -8.53353515e-02 -7.39440396e-02 -6.19347170e-02 -4.95212674e-02 -3.67768332e-02
 -2.37398855e-02 -1.04479380e-02  3.05493758e-03  1.67248249e-02  3.05132587e-02
  4.43658195e-02  5.82218654e-02  7.20147938e-02  8.56727660e-02  9.91199166e-02
  1.12277903e-01  1.25067696e-01  1.37411192e-01  1.49232432e-01  1.60458028e-01
  1.71016917e-01  1.80839717e-01  1.89858615e-01  1.98008507e-01  2.05230504e-01
  1.92095246e-02  1.44426357e-02  8.57771188e-03  1.93882361e-03 -5.05083613e-03
 -1.22027844e-02 -1.94576345e-02 -2.67945062e-02 -3.42046358e-02 -4.16846573e-02
 -4.92343754e-02 -5.68559431e-02 -6.44660741e-02 -7.20510632e-02 -7.95637667e-02
 -8.69346187e-02 -9.40810591e-02 -1.00915313e-01 -1.07350424e-01 -1.13304496e-01
 -1.18703470e-01 -1.23482570e-01 -1.27586707e-01 -1.30970225e-01 -1.33596122e-01
 -1.35435015e-01 -1.36463985e-01 -1.36665434e-01 -1.36026070e-01 -1.34535909e-01
 -1.32187530e-01 -1.28975585e-01 -1.24896370e-01 -1.19947866e-01 -1.14130095e-01
 -1.07446253e-01 -9.99051630e-02 -9.15245488e-02 -8.23359862e-02 -7.23956302e-02
 -6.17852174e-02 -5.06665818e-02 -3.92221063e-02 -2.73571648e-02 -1.51168471e-02
 -2.54238816e-03  1.03246244e-02  2.34389808e-02  3.67502309e-02  5.02005629e-02
  6.37230203e-02  7.72403553e-02  9.06647593e-02  1.03898622e-01  1.16836816e-01
  1.29370406e-01  1.41391590e-01  1.52799338e-01  1.63504615e-01  1.73434451e-01
  1.82534143e-01  1.90767467e-01  1.98115289e-01  2.04573050e-01  2.10148290e-01
  1.50333876e-02  1.12614827e-02  4.10495326e-03 -2.89067510e-03 -9.45356581e-03
 -1.59243513e-02 -2.23653372e-02 -2.87980828e-02 -3.52351516e-02 -4.16858755e-02
 -4.81575169e-02 -5.46556748e-02 -6.10944964e-02 -6.74707517e-02 -7.37514868e-02
 -7.98827633e-02 -8.57973471e-02 -9.14211869e-02 -9.66786221e-02 -1.01496436e-01
 -1.05806611e-01 -1.09548084e-01 -1.12667590e-01 -1.15119815e-01 -1.16867065e-01
 -1.17878631e-01 -1.18129961e-01 -1.17601804e-01 -1.16279364e-01 -1.14151560e-01
 -1.11210428e-01 -1.07450940e-01 -1.02871403e-01 -9.74742323e-02 -9.12670046e-02
 -8.42649043e-02 -7.64984637e-02 -6.80181384e-02 -5.88881224e-02 -4.92558479e-02
 -3.91185544e-02 -2.85015218e-02 -1.74423307e-02 -5.95594151e-03  5.93403913e-03
  1.81987360e-02  3.08041014e-02  4.37094942e-02  5.68655133e-02  7.02112839e-02
  8.36714804e-02  9.71535072e-02  1.10545531e-01  1.23716228e-01  1.36517584e-01
  1.48791537e-01  1.60380766e-01  1.71141803e-01  1.80958092e-01  1.89749777e-01
  1.97479025e-01  2.04149634e-01  2.09801689e-01  2.14501828e-01  2.18331575e-01
  6.82305591e-03  2.18881411e-03 -3.15855257e-03 -8.90831277e-03 -1.46813411e-02
 -2.03457475e-02 -2.59000938e-02 -3.13725509e-02 -3.67904343e-02 -4.21740487e-02
 -4.75368164e-02 -5.28866574e-02 -5.81336021e-02 -6.32798970e-02 -6.83025047e-02
 -7.31602535e-02 -7.77997524e-02 -8.21604431e-02 -8.61789286e-02 -8.97923335e-02
 -9.29409266e-02 -9.55698863e-02 -9.76303592e-02 -9.90799740e-02 -9.98828262e-02
 -1.00009188e-01 -9.94350612e-02 -9.81418267e-02 -9.61157531e-02 -9.33475867e-02
 -8.98320600e-02 -8.55680183e-02 -8.05616602e-02 -7.48289302e-02 -6.83954656e-02
 -6.12873808e-02 -5.35746925e-02 -4.54035364e-02 -3.66714634e-02 -2.74105519e-02
 -1.76401287e-02 -7.37713557e-03  3.36229149e-03  1.45646576e-02  2.62155831e-02
  3.82979512e-02  5.07900789e-02  6.36633113e-02  7.68787637e-02  9.03829858e-02
  1.04102448e-01  1.17936902e-01  1.31752267e-01  1.45374700e-01  1.58589318e-01
  1.71148866e-01  1.82795987e-01  1.93295807e-01  2.02468231e-01  2.10209489e-01
  2.16501445e-01  2.21410096e-01  2.25073114e-01  2.27674976e-01  2.29413629e-01
  1.44075762e-04 -3.86405643e-03 -1.00369286e-02 -1.58975478e-02 -2.09881067e-02
 -2.57160179e-02 -3.02350838e-02 -3.46274599e-02 -3.89396437e-02 -4.31970842e-02
 -4.74126674e-02 -5.15926592e-02 -5.56453392e-02 -5.95655590e-02 -6.33333102e-02
 -6.69159368e-02 -7.02713430e-02 -7.33513385e-02 -7.61047527e-02 -7.84800798e-02
 -8.04276094e-02 -8.19010660e-02 -8.28587860e-02 -8.32644179e-02 -8.30871090e-02
 -8.23014230e-02 -8.08870420e-02 -7.88297132e-02 -7.61217624e-02 -7.27622509e-02
 -6.87553659e-02 -6.41029775e-02 -5.88249303e-02 -5.29694706e-02 -4.66358699e-02
 -3.97357047e-02 -3.22945192e-02 -2.43390575e-02 -1.58702768e-02 -6.89323107e-03
  2.58770725e-03  1.25696845e-02  2.30515227e-02  3.40336710e-02  4.55173515e-02
  5.75033650e-02  6.99904561e-02  8.29729289e-02  9.64370668e-02  1.10355765e-01
  1.24680474e-01  1.39329389e-01  1.54170305e-01  1.68997273e-01  1.83504045e-01
  1.97271362e-01  2.09807023e-01  2.20656082e-01  2.29502305e-01  2.36192882e-01
  2.40737945e-01  2.43308589e-01  2.44232893e-01  2.43953258e-01  2.42908135e-01
 -1.19064553e-02 -1.68508328e-02 -2.13373657e-02 -2.53185146e-02 -2.88743582e-02
 -3.21896337e-02 -3.53909582e-02 -3.85370366e-02 -4.16486301e-02 -4.47276421e-02
 -4.77660038e-02 -5.07488735e-02 -5.36537357e-02 -5.63868545e-02 -5.89354634e-02
 -6.12751842e-02 -6.33737743e-02 -6.51941448e-02 -6.66969270e-02 -6.78425506e-02
 -6.85924813e-02 -6.89108744e-02 -6.87659159e-02 -6.81308880e-02 -6.69846311e-02
 -6.53108433e-02 -6.30942434e-02 -6.03283420e-02 -5.70177138e-02 -5.31836525e-02
 -4.88763005e-02 -4.40422818e-02 -3.86939682e-02 -3.28487419e-02 -2.65238509e-02
 -1.97171029e-02 -1.24308392e-02 -4.66728024e-03  3.57572269e-03  1.23030925e-02
  2.15225369e-02  3.12447734e-02  4.14837636e-02  5.22568934e-02  6.35849833e-02
  7.54921734e-02  8.80054757e-02  1.01153843e-01  1.14966303e-01  1.29468322e-01
  1.44675270e-01  1.60580799e-01  1.77135929e-01  1.94209725e-01  2.11504698e-01
  2.28359938e-01  2.43513152e-01  2.55724877e-01  2.64704764e-01  2.70207256e-01
  2.72314012e-01  2.71297365e-01  2.67634839e-01  2.62727737e-01  2.57698655e-01
 -2.72628386e-02 -3.34141217e-02 -3.57759893e-02 -3.66641805e-02 -3.77997234e-02
 -3.92851196e-02 -4.09948044e-02 -4.28344868e-02 -4.47402708e-02 -4.66650762e-02
 -4.85711880e-02 -5.04266471e-02 -5.22037037e-02 -5.37919849e-02 -5.51744513e-02
 -5.63286245e-02 -5.72280884e-02 -5.78442961e-02 -5.81486411e-02 -5.81150353e-02
 -5.77161834e-02 -5.69271334e-02 -5.57275116e-02 -5.41036986e-02 -5.20518646e-02
 -4.95836772e-02 -4.66678254e-02 -4.33044769e-02 -3.94986011e-02 -3.52594480e-02
 -3.05972323e-02 -2.55122520e-02 -2.00083014e-02 -1.40901562e-02 -7.76086561e-03
 -1.01905828e-03  6.13956805e-03  1.37224281e-02  2.17406619e-02  3.02092973e-02
  3.91474776e-02  4.85788137e-02  5.85318990e-02  6.90410137e-02  8.01470652e-02
  9.18988138e-02  1.04354434e-01  1.17583379e-01  1.31668508e-01  1.46708220e-01
  1.62817910e-01  1.80129871e-01  1.98790774e-01  2.18958721e-01  2.40835473e-01
  2.65082330e-01  2.92915821e-01  3.00636083e-01  3.13643843e-01  3.16046566e-01
  3.13605338e-01  3.12408775e-01  2.93704838e-01  2.80747205e-01  2.70817369e-01
 -4.02759686e-02 -4.77799922e-02 -4.76847738e-02 -4.60990146e-02 -4.56453413e-02
 -4.58175875e-02 -4.63499874e-02 -4.70943898e-02 -4.79510389e-02 -4.88463938e-02
 -4.97239195e-02 -5.05395681e-02 -5.12601025e-02 -5.17758168e-02 -5.20684570e-02
 -5.21165729e-02 -5.18974289e-02 -5.13881221e-02 -5.05662858e-02 -4.94368412e-02
 -4.79755811e-02 -4.61651012e-02 -4.39936779e-02 -4.14549038e-02 -3.85472961e-02
 -3.52728069e-02 -3.16318832e-02 -2.76291966e-02 -2.32723039e-02 -1.85701977e-02
 -1.35314688e-02 -8.16235878e-03 -2.46711983e-03  3.55257280e-03  9.89852939e-03
  1.65768247e-02  2.35979911e-02  3.09771374e-02  3.87340747e-02  4.68933992e-02
  5.54847009e-02  6.45429268e-02  7.41090849e-02  8.42313319e-02  9.49666575e-02
  1.06383286e-01  1.18564174e-01  1.31611884e-01  1.45655528e-01  1.60860360e-01
  1.77440912e-01  1.95677862e-01  2.15936586e-01  2.38688856e-01  2.64598787e-01
  2.94099897e-01  3.14211398e-01  3.28038275e-01  3.38707596e-01  3.37555796e-01
  3.36774230e-01  3.21972847e-01  3.04347008e-01  2.89478868e-01  2.77516633e-01
 -4.36513834e-02 -5.01886681e-02 -5.23717627e-02 -5.21867052e-02 -5.16210087e-02
 -5.12382761e-02 -5.10777645e-02 -5.10688499e-02 -5.11294939e-02 -5.11873215e-02
 -5.11822253e-02 -5.10641485e-02 -5.07889800e-02 -5.03122136e-02 -4.96025123e-02
 -4.86354865e-02 -4.73910309e-02 -4.58524786e-02 -4.40068170e-02 -4.18459363e-02
 -3.93618532e-02 -3.65492739e-02 -3.34066339e-02 -2.99364515e-02 -2.61451602e-02
 -2.20424533e-02 -1.76403411e-02 -1.29529480e-02 -7.99564831e-03 -2.78377044e-03
  2.66889390e-03  8.35155975e-03  1.42575558e-02  2.03852654e-02  2.67388653e-02
  3.33287381e-02  4.01715375e-02  4.72899899e-02  5.47125526e-02  6.24730699e-02
  7.06105530e-02  7.91692436e-02  8.81990790e-02  9.77567434e-02  1.07907400e-01
  1.18727468e-01  1.30308658e-01  1.42764077e-01  1.56237200e-01  1.70915902e-01
  1.87054634e-01  2.05011755e-01  2.25314453e-01  2.48756409e-01  2.76068240e-01
  3.01574349e-01  3.18130434e-01  3.32350463e-01  3.37379426e-01  3.38216245e-01
  3.31603706e-01  3.15977931e-01  3.00395817e-01  2.87203610e-01  2.76151896e-01
 -5.34290336e-02 -6.20715320e-02 -6.03371225e-02 -5.76669052e-02 -5.64787574e-02
 -5.57758063e-02 -5.52692562e-02 -5.48231453e-02 -5.43469675e-02 -5.37733771e-02
 -5.30512109e-02 -5.21408804e-02 -5.10105900e-02 -4.96337041e-02 -4.79886457e-02
 -4.60578464e-02 -4.38270681e-02 -4.12852056e-02 -3.84244546e-02 -3.52406166e-02
 -3.17329429e-02 -2.79046278e-02 -2.37632748e-02 -1.93211082e-02 -1.45949051e-02
 -9.60559119e-03 -4.37751506e-03  1.06254709e-03  6.68680249e-03  1.24682533e-02
  1.83827728e-02  2.44112257e-02  3.05413753e-02  3.67693640e-02  4.31006178e-02
  4.95500416e-02  5.61415777e-02  6.29072264e-02  6.98857605e-02  7.71214217e-02
  8.46628025e-02  9.25621092e-02  1.00874975e-01  1.09660909e-01  1.18984379e-01
  1.28916726e-01  1.39538974e-01  1.50945783e-01  1.63251117e-01  1.76596388e-01
  1.91162571e-01  2.07189426e-01  2.25005001e-01  2.45037541e-01  2.67202526e-01
  2.86303133e-01  2.99376905e-01  3.10445428e-01  3.14000130e-01  3.14784616e-01
  3.08610171e-01  2.97312289e-01  2.86612809e-01  2.76982278e-01  2.68378615e-01
 -4.99300472e-02 -5.69318272e-02 -5.98608479e-02 -6.03086092e-02 -6.00560382e-02
 -5.96912168e-02 -5.92550449e-02 -5.86764924e-02 -5.78890257e-02 -5.68490289e-02
 -5.55313379e-02 -5.39216585e-02 -5.20105883e-02 -4.97900881e-02 -4.72520962e-02
 -4.43884097e-02 -4.11913171e-02 -3.76546420e-02 -3.37749235e-02 -2.95524597e-02
 -2.49921903e-02 -2.01043915e-02 -1.49052180e-02 -9.41704586e-03 -3.66856693e-03
  2.30541150e-03  8.46461393e-03  1.47645446e-02  2.11585090e-02  2.76004300e-02
  3.40483263e-02  4.04680632e-02  4.68368083e-02  5.31457178e-02  5.94012924e-02
  6.56252727e-02  7.18530864e-02  7.81311989e-02  8.45139548e-02  9.10603628e-02
  9.78314057e-02  1.04888104e-01  1.12290420e-01  1.20096907e-01  1.28364980e-01
  1.37151524e-01  1.46513671e-01  1.56509295e-01  1.67196706e-01  1.78632393e-01
  1.90864414e-01  2.03915879e-01  2.17746809e-01  2.32171461e-01  2.46555120e-01
  2.59233177e-01  2.69391239e-01  2.76658237e-01  2.80721217e-01  2.81463504e-01
  2.78927028e-01  2.74226874e-01  2.68627524e-01  2.62736470e-01  2.56906897e-01
 -5.82686216e-02 -6.80366531e-02 -6.52392581e-02 -6.34324476e-02 -6.35093004e-02
 -6.37648404e-02 -6.37319386e-02 -6.32470548e-02 -6.22717068e-02 -6.08210787e-02
 -5.89280762e-02 -5.66255897e-02 -5.39385565e-02 -5.08815683e-02 -4.74597365e-02
 -4.36713062e-02 -3.95110026e-02 -3.49733271e-02 -3.00554205e-02 -2.47593001e-02
 -1.90933850e-02 -1.30734909e-02 -6.72346074e-03 -7.56762092e-05  6.82842219e-03
  1.39378663e-02  2.11920664e-02  2.85216570e-02  3.58509012e-02  4.31020968e-02
  5.02018705e-02  5.70886023e-02  6.37196600e-02  7.00768828e-02  7.61692747e-02
  8.20321664e-02  8.77231508e-02  9.33157057e-02  9.88918245e-02  1.04535252e-01
  1.10326238e-01  1.16338208e-01  1.22636192e-01  1.29276410e-01  1.36306480e-01
  1.43765688e-01  1.51684761e-01  1.60084531e-01  1.68972835e-01  1.78338453e-01
  1.88140318e-01  1.98289558e-01  2.08621800e-01  2.18860596e-01  2.28594199e-01
  2.37329274e-01  2.44621366e-01  2.50154734e-01  2.53756106e-01  2.55407304e-01
  2.55271226e-01  2.53689736e-01  2.51083851e-01  2.47832552e-01  2.44226977e-01
 -4.59704734e-02 -5.39674759e-02 -5.98168001e-02 -6.40558079e-02 -6.72068447e-02
 -6.91992417e-02 -6.99362680e-02 -6.95489570e-02 -6.82454482e-02 -6.62089735e-02
 -6.35824427e-02 -6.04680628e-02 -5.69296479e-02 -5.29983640e-02 -4.86809947e-02
 -4.39690500e-02 -3.88472266e-02 -3.33003812e-02 -2.73186620e-02 -2.09008660e-02
 -1.40561452e-02 -6.80440478e-03  8.23954819e-04  8.78800917e-03  1.70352366e-02
  2.54991800e-02  3.40964645e-02  4.27246876e-02  5.12633175e-02  5.95798269e-02
  6.75418675e-02  7.50337169e-02  8.19731057e-02  8.83240253e-02  9.41026211e-02
  9.93748531e-02  1.04246199e-01  1.08845703e-01  1.13308549e-01  1.17761888e-01
  1.22316077e-01  1.27061263e-01  1.32067516e-01  1.37386695e-01  1.43054590e-01
  1.49092555e-01  1.55508116e-01  1.62294224e-01  1.69426903e-01  1.76861107e-01
  1.84524566e-01  1.92310154e-01  2.00068504e-01  2.07604975e-01  2.14687645e-01
  2.21070722e-01  2.26528645e-01  2.30887756e-01  2.34047964e-01  2.35993922e-01
  2.36795589e-01  2.36594409e-01  2.35574692e-01  2.33930498e-01  2.31840253e-01
 -4.14205790e-02 -5.03950194e-02 -5.91867194e-02 -6.77654147e-02 -7.55185336e-02
 -7.96742365e-02 -8.01435038e-02 -7.89491758e-02 -7.66006187e-02 -7.34198168e-02
 -6.96623847e-02 -6.54883757e-02 -6.09748587e-02 -5.61350323e-02 -5.09412102e-02
 -4.53463085e-02 -3.93000171e-02 -3.27596813e-02 -2.56973393e-02 -1.81036405e-02
 -9.98870097e-03 -1.37940212e-03  7.68563850e-03  1.71599220e-02  2.69883797e-02
  3.71009186e-02  4.74010967e-02  5.77525981e-02  6.79692701e-02  7.78180435e-02
  8.70436952e-02  9.54123139e-02  1.02755457e-01  1.08999886e-01  1.14180259e-01
  1.18435144e-01  1.21982582e-01  1.25076070e-01  1.27957210e-01  1.30825415e-01
  1.33829162e-01  1.37070790e-01  1.40615940e-01  1.44502476e-01  1.48747280e-01
  1.53350577e-01  1.58298388e-01  1.63563043e-01  1.69102639e-01  1.74859360e-01
  1.80757448e-01  1.86701417e-01  1.92575827e-01  1.98247865e-01  2.03574210e-01
  2.08412141e-01  2.12633267e-01  2.16137022e-01  2.18861014e-01  2.20786586e-01
  2.21938536e-01  2.22378895e-01  2.22196117e-01  2.21492276e-01  2.20371321e-01
 -3.84039693e-02 -4.86539751e-02 -5.99398352e-02 -7.28166625e-02 -8.74890834e-02
 -9.48810950e-02 -9.53218639e-02 -9.23633724e-02 -8.74891654e-02 -8.22248235e-02
 -7.67605156e-02 -7.12599680e-02 -6.57429397e-02 -6.01059310e-02 -5.42034060e-02
 -4.78941686e-02 -4.10568230e-02 -3.35988663e-02 -2.54617818e-02 -1.66248102e-02
 -7.11123925e-03  3.02040949e-03  1.37040550e-02  2.48886459e-02  3.65405492e-02
  4.86285500e-02  6.10960275e-02  7.38191605e-02  8.65494460e-02  9.88622233e-02
  1.10191949e-01  1.20007701e-01  1.27959937e-01  1.33901492e-01  1.37899205e-01
  1.40248463e-01  1.41467765e-01  1.42139539e-01  1.42719001e-01  1.43488854e-01
  1.44602388e-01  1.46132603e-01  1.48105681e-01  1.50520414e-01  1.53358877e-01
  1.56591907e-01  1.60181522e-01  1.64081767e-01  1.68238476e-01  1.72588721e-01
  1.77060276e-01  1.81571692e-01  1.86033353e-01  1.90350011e-01  1.94425002e-01
  1.98165923e-01  2.01490939e-01  2.04335004e-01  2.06654593e-01  2.08430290e-01
  2.09666878e-01  2.10390657e-01  2.10644916e-01  2.10484192e-01  2.09968597e-01
 -3.41283046e-02 -4.47067134e-02 -5.67327179e-02 -7.09353015e-02 -8.85281861e-02
 -1.00001648e-01 -1.06821641e-01 -1.04929030e-01 -9.97277945e-02 -9.12427381e-02
 -8.32198486e-02 -7.64676556e-02 -7.04541355e-02 -6.45861626e-02 -5.84642664e-02
 -5.18603474e-02 -4.45312932e-02 -3.63229141e-02 -2.71651354e-02 -1.69545375e-02
 -5.75096766e-03  6.19817339e-03  1.87020916e-02  3.17114592e-02  4.52766344e-02
  5.95005639e-02  7.45042339e-02  9.03847143e-02  1.07111804e-01  1.24161892e-01
  1.39672518e-01  1.51937097e-01  1.61007479e-01  1.66207671e-01  1.68029293e-01
  1.66220650e-01  1.62671417e-01  1.59293652e-01  1.56662956e-01  1.54877737e-01
  1.53905481e-01  1.53677061e-01  1.54116198e-01  1.55148804e-01  1.56705022e-01
  1.58718720e-01  1.61126018e-01  1.63863629e-01  1.66867554e-01  1.70071855e-01
  1.73408121e-01  1.76805437e-01  1.80191115e-01  1.83492273e-01  1.86638087e-01
  1.89562738e-01  1.92208454e-01  1.94528461e-01  1.96489260e-01  1.98071852e-01
  1.99271768e-01  2.00098023e-01  2.00570881e-01  2.00719118e-01  2.00577125e-01
 -2.75424663e-02 -3.71763110e-02 -4.78302613e-02 -5.96652478e-02 -7.24665821e-02
 -8.54352713e-02 -1.00911811e-01 -1.02737024e-01 -1.03442118e-01 -9.29596499e-02
 -8.42626542e-02 -7.84427300e-02 -7.45707750e-02 -6.98742047e-02 -6.36756867e-02
 -5.81032299e-02 -5.07713147e-02 -4.14639600e-02 -3.22765447e-02 -2.04238947e-02
 -6.01510284e-03  8.45888443e-03  2.28791349e-02  3.74883190e-02  5.25842011e-02
  6.85010850e-02  8.56385678e-02  1.04520738e-01  1.25920907e-01  1.51311532e-01
  1.79057196e-01  1.87954187e-01  2.06007525e-01  2.02597663e-01  2.09392339e-01
  1.93467706e-01  1.81492299e-01  1.73229679e-01  1.67379081e-01  1.63286537e-01
  1.60542667e-01  1.58869728e-01  1.58069000e-01  1.57991394e-01  1.58519536e-01
  1.59556508e-01  1.61018714e-01  1.62830994e-01  1.64923549e-01  1.67229876e-01
  1.69685513e-01  1.72227561e-01  1.74794838e-01  1.77328497e-01  1.79773122e-01
  1.82078183e-01  1.84199497e-01  1.86100662e-01  1.87754065e-01  1.89141572e-01
  1.90254465e-01  1.91092923e-01  1.91664904e-01  1.91984743e-01  1.92071527e-01
 -1.91145167e-02 -2.71240976e-02 -3.56753655e-02 -4.47377264e-02 -5.41678183e-02
 -6.37020767e-02 -7.27499500e-02 -8.09720308e-02 -9.26146284e-02 -8.02843124e-02
 -7.49283880e-02 -7.24272132e-02 -7.33679608e-02 -7.10195526e-02 -6.34202957e-02
 -6.08238503e-02 -5.39493300e-02 -4.24544290e-02 -3.58337983e-02 -2.26354599e-02
 -4.18567052e-03  1.20405061e-02  2.73683965e-02  4.25284915e-02  5.80344126e-02
  7.43430480e-02  9.19561461e-02  1.11518763e-01  1.33945346e-01  1.60488620e-01
  1.86718374e-01  1.99008048e-01  2.13633046e-01  2.13534608e-01  2.15971351e-01
  2.02073634e-01  1.88542843e-01  1.78862661e-01  1.71913609e-01  1.66920125e-01
  1.63384929e-01  1.60981402e-01  1.59484237e-01  1.58728883e-01  1.58588275e-01
  1.58959404e-01  1.59755260e-01  1.60899863e-01  1.62324890e-01  1.63967580e-01
  1.65769294e-01  1.67674810e-01  1.69632092e-01  1.71592414e-01  1.73510849e-01
  1.75346792e-01  1.77064762e-01  1.78635061e-01  1.80034176e-01  1.81245163e-01
  1.82257533e-01  1.83066979e-01  1.83674797e-01  1.84087038e-01  1.84313595e-01
  2.92788625e+00  2.95648074e+00  2.95477080e+00  2.95276570e+00  2.93025088e+00
  2.90701962e+00  2.87909341e+00  2.85201287e+00  2.82362318e+00  2.79761505e+00
  2.77178597e+00  2.74751472e+00  2.72535300e+00  2.70417738e+00  2.68506598e+00
  2.66777349e+00  2.65149498e+00  2.63738275e+00  2.62482953e+00  2.61385894e+00
  2.60443449e+00  2.59693789e+00  2.59133744e+00  2.58750677e+00  2.58489394e+00
  2.58441710e+00  2.58527660e+00  2.58770466e+00  2.59163380e+00  2.59678650e+00
  2.60365391e+00  2.61168814e+00  2.62118506e+00  2.63207316e+00  2.64436889e+00
  2.65821528e+00  2.67349434e+00  2.69036222e+00  2.70896029e+00  2.72934628e+00
  2.75163770e+00  2.77595067e+00  2.80247736e+00  2.83142447e+00  2.86304545e+00
  2.89746070e+00  2.93517280e+00  2.97630501e+00  3.02137256e+00  3.07094097e+00
  3.12506604e+00  3.18500781e+00  3.25091696e+00  3.32401228e+00  3.40511847e+00
  3.49609518e+00  3.59838915e+00  3.71606779e+00  3.85068822e+00  4.00945234e+00
  4.20000744e+00  4.43763113e+00  4.75306177e+00  5.25712347e+00  8.02733231e+00
   91   89
  1.04766929e+00  0.00000000e+00  1.04913974e+00  1.00000001e-01  1.05250001e+00
  1.69669494e-01  1.05791068e+00  2.50000000e-01  1.06685233e+00  3.49999994e-01
  1.07707453e+00  4.49999988e-01  1.08225965e+00  5.00000000e-01  1.09185898e+00
  6.00000024e-01  1.10118067e+00  6.99999988e-01  1.10628116e+00  7.50000000e-01
  1.11691415e+00  8.50000024e-01  1.12790823e+00  9.49999988e-01  1.13374543e+00
  1.00000000e+00  1.14418709e+00  1.09231901e+00  1.14882374e+00  1.13463795e+00
  1.21187496e+00  1.12330163e+00  1.26499999e+00  1.11085331e+00  1.30671704e+00
  1.10000002e+00  1.34468746e+00  1.09145904e+00  1.39781249e+00  1.07791245e+00
  1.45093751e+00  1.06258798e+00  1.48968923e+00  1.04999995e+00  1.53062499e+00
  1.03705919e+00  1.58375001e+00  1.01740515e+00  1.62427664e+00  1.00000000e+00
  1.66343749e+00  9.82859612e-01  1.71656251e+00  9.55094814e-01  1.74312496e+00
  9.40157473e-01  1.79624999e+00  9.06239271e-01  1.82281256e+00  8.87804985e-01
  1.87135041e+00  8.50000024e-01  1.90250003e+00  8.23969066e-01  1.92906249e+00
  7.99457252e-01  1.97919607e+00  7.50000000e-01  2.00874996e+00  7.17999756e-01
  2.03531241e+00  6.86916351e-01  2.06429338e+00  6.49999976e-01  2.10020232e+00
  6.00000024e-01  2.13177538e+00  5.50000012e-01  2.15948081e+00  5.00000000e-01
  2.18395567e+00  4.49999988e-01  2.20584798e+00  4.00000006e-01  2.22571969e+00
  3.49999994e-01  2.24781251e+00  2.89278060e-01  2.27437496e+00  2.03402653e-01
  2.28819823e+00  1.50000006e-01  2.30093741e+00  7.18598366e-02  2.30590606e+00
  0.00000000e+00  2.30093741e+00 -8.26279223e-02  2.29025507e+00 -1.50000006e-01
  2.27437496e+00 -2.12033197e-01  2.24781251e+00 -2.96705961e-01  2.22789335e+00
 -3.49999994e-01  2.20738554e+00 -4.00000006e-01  2.18453741e+00 -4.49999988e-01
  2.15868449e+00 -5.00000000e-01  2.12901139e+00 -5.50000012e-01  2.09466600e+00
 -6.00000024e-01  2.06187510e+00 -6.42185569e-01  2.03531241e+00 -6.72743976e-01
  2.00874996e+00 -7.00412750e-01  1.95568120e+00 -7.50000000e-01  1.92906249e+00
 -7.72519827e-01  1.89208722e+00 -8.00000012e-01  1.84937501e+00 -8.29344869e-01
  1.81351089e+00 -8.50000024e-01  1.76968753e+00 -8.73502433e-01  1.71656251e+00
 -8.96252453e-01  1.69000006e+00 -9.06074584e-01  1.63687503e+00 -9.22961593e-01
  1.58375001e+00 -9.35113966e-01  1.53062499e+00 -9.42703962e-01  1.47749996e+00
 -9.45538402e-01  1.42437506e+00 -9.42749679e-01  1.37125003e+00 -9.32328582e-01
  1.31812501e+00 -9.10025358e-01  1.29156256e+00 -8.92675519e-01  1.24695897e+00
 -8.50000024e-01  1.21187496e+00 -8.00538063e-01  1.18576658e+00 -7.50000000e-01
  1.16508913e+00 -6.99999988e-01  1.14786565e+00 -6.49999976e-01  1.13218749e+00
 -5.96317172e-01  1.10848343e+00 -5.00000000e-01  1.09769773e+00 -4.49999988e-01
  1.07906246e+00 -3.50332022e-01  1.07107198e+00 -3.00000012e-01  1.05868244e+00
 -2.00000003e-01  1.05250001e+00 -1.24866851e-01  1.04859662e+00 -5.00000007e-02
  1.04766929e+00  0.00000000e+00
  1.01600003e+00  0.00000000e+00  1.01600003e+00  9.63999987e-01  1.01800001e+00
  9.67999995e-01  1.01800001e+00  1.00100005e+00  1.01800001e+00  1.01900005e+00
  1.01800001e+00  1.07700002e+00  1.01800001e+00  1.07000005e+00  1.01800001e+00
  1.09599996e+00  1.01800001e+00  1.11300004e+00  1.01800001e+00  1.13800001e+00
  1.01600003e+00  1.14699996e+00  1.01199996e+00  1.16499996e+00  1.00100005e+00
  1.21700001e+00  1.02900004e+00  1.21700001e+00  1.04200006e+00  1.16240001e+00
  1.04600000e+00  1.16237998e+00  1.05599999e+00  1.16260004e+00  1.09700000e+00
  1.16450000e+00  1.10800004e+00  1.16594005e+00  1.11600006e+00  1.16591001e+00
  1.13399994e+00  1.16895998e+00  1.14800000e+00  1.17174995e+00  1.16199994e+00
  1.17556000e+00  1.18099999e+00  1.18299997e+00  1.18200004e+00  1.18350005e+00
  1.18499994e+00  1.18499994e+00  1.19000006e+00  1.18799996e+00  1.19500005e+00
  1.19099998e+00  1.20099998e+00  1.19599998e+00  1.20899999e+00  1.20200002e+00
  1.21500003e+00  1.20799994e+00  1.22200000e+00  1.21399999e+00  1.22800004e+00
  1.22099996e+00  1.23399997e+00  1.23099995e+00  1.23899996e+00  1.23800004e+00
  1.24199998e+00  1.24399996e+00  1.24800003e+00  1.25399995e+00  1.25800002e+00
  1.27800000e+00  1.26300001e+00  1.28999996e+00  1.27999997e+00  1.33099997e+00
  1.27999997e+00  1.34700000e+00  1.27999997e+00  1.34800005e+00  1.30999994e+00
  1.34800005e+00  1.32799995e+00  1.34800005e+00  1.36099994e+00  1.34800005e+00
  1.38000000e+00  1.34800005e+00  1.41900003e+00  1.34800005e+00  1.41900003e+00
  1.30999994e+00  1.37199998e+00  1.30999994e+00  1.37199998e+00  1.29200006e+00
  1.60800004e+00  1.09500003e+00  1.64699996e+00  1.07700002e+00  1.78499997e+00
  1.07700002e+00  2.06999993e+00  1.03999996e+00  2.12800002e+00  9.92999971e-01
  2.24499989e+00  7.08999991e-01  2.32299995e+00  5.18999994e-01  2.37700009e+00
  3.88999999e-01  2.35200000e+00  4.00000006e-01  2.35100007e+00  3.37000012e-01
  2.35100007e+00  2.04999998e-01  2.35400009e+00  6.80000037e-02  2.35400009e+00
  0.00000000e+00  2.35400009e+00 -6.80000037e-02  2.35299993e+00 -2.04999998e-01
  2.35100007e+00 -3.37000012e-01  2.35299993e+00 -4.00000006e-01  2.37700009e+00
 -3.88999999e-01  2.13400006e+00 -9.72999990e-01  1.78600001e+00 -1.17400002e+00
  1.76800001e+00 -1.21099997e+00  1.76800001e+00 -1.25399995e+00  1.68200004e+00
 -1.25399995e+00  1.67400002e+00 -1.26199996e+00  1.67400002e+00 -1.32900000e+00
  1.68099999e+00 -1.33899999e+00  1.75399995e+00 -1.33899999e+00  1.75399995e+00
 -1.36800003e+00  1.68900001e+00 -1.36800003e+00  1.68900001e+00 -1.36600006e+00
  1.55499995e+00 -1.36600006e+00  1.41199994e+00 -1.36600006e+00  1.27300000e+00
 -1.36600006e+00  1.15300000e+00 -1.36600006e+00  1.01600003e+00 -1.22899997e+00
  1.01600003e+00 -8.00000012e-01  1.01600003e+00 -4.14999992e-01  1.01600003e+00
 -4.00000006e-01  1.01600003e+00  0.00000000e+00
    0 0.000000000e+00    0
  0.00000000e+00  1.23462647e-01  1.74863413e-01  2.12835670e-01  2.45877951e-01
  2.74963468e-01  3.00944656e-01  3.24685007e-01  3.46560746e-01  3.67075473e-01
  3.86140108e-01  4.04311389e-01  4.21498388e-01  4.37856048e-01  4.53550518e-01
  4.68648255e-01  4.83116388e-01  4.97096211e-01  5.10711193e-01  5.23832440e-01
  5.36587417e-01  5.49047291e-01  5.61181486e-01  5.73038578e-01  5.84661543e-01
  5.95999777e-01  6.07172608e-01  6.18155360e-01  6.28944337e-01  6.39560699e-01
  6.50024951e-01  6.60394371e-01  6.70598328e-01  6.80695832e-01  6.90701723e-01
  7.00606227e-01  7.10421324e-01  7.20166206e-01  7.29849875e-01  7.39477277e-01
  7.49037147e-01  7.58569181e-01  7.68072605e-01  7.77554750e-01  7.87019074e-01
  7.96467543e-01  8.05949330e-01  8.15427065e-01  8.24934721e-01  8.34492385e-01
  8.44072104e-01  8.53758335e-01  8.63513410e-01  8.73366535e-01  8.83330882e-01
  8.93433869e-01  9.03696537e-01  9.14210200e-01  9.24900949e-01  9.35895026e-01
  9.47217882e-01  9.59023178e-01  9.71367240e-01  9.84656990e-01  1.00000000e+00
    0
