   EFIT?   05/12/98      #102940  1421             3  65  65
  1.70000005e+00  3.20000005e+00  1.69550002e+00  8.39999974e-01  0.00000000e+00
  1.79790831e+00  2.87321713e-02 -2.69970596e-01  2.62606759e-02 -2.00258255e+00
  1.47910312e+06 -2.69970596e-01  0.00000000e+00  1.79790831e+00  0.00000000e+00
  2.87321713e-02  0.00000000e+00  2.62606759e-02  0.00000000e+00  0.00000000e+00
 -3.40575838e+00 -3.41657567e+00 -3.42549610e+00 -3.43274879e+00 -3.43853760e+00
 -3.44304538e+00 -3.44643593e+00 -3.44885516e+00 -3.45043492e+00 -3.45129204e+00
 -3.45153189e+00 -3.45124841e+00 -3.45052457e+00 -3.44943500e+00 -3.44804454e+00
 -3.44641066e+00 -3.44458318e+00 -3.44260454e+00 -3.44051075e+00 -3.43833137e+00
 -3.43608999e+00 -3.43380547e+00 -3.43149543e+00 -3.42917466e+00 -3.42685747e+00
 -3.42455673e+00 -3.42228365e+00 -3.42004871e+00 -3.41786146e+00 -3.41573024e+00
 -3.41366267e+00 -3.41166592e+00 -3.40974569e+00 -3.40790749e+00 -3.40615606e+00
 -3.40449572e+00 -3.40292978e+00 -3.40146112e+00 -3.40009260e+00 -3.39882612e+00
 -3.39766288e+00 -3.39660406e+00 -3.39564991e+00 -3.39480090e+00 -3.39405632e+00
 -3.39341521e+00 -3.39287615e+00 -3.39243722e+00 -3.39209604e+00 -3.39184976e+00
 -3.39169455e+00 -3.39162636e+00 -3.39164042e+00 -3.39173102e+00 -3.39189243e+00
 -3.39211726e+00 -3.39239812e+00 -3.39272571e+00 -3.39309096e+00 -3.39348292e+00
 -3.39388943e+00 -3.39429760e+00 -3.39469290e+00 -3.39505911e+00 -3.39537859e+00
  1.34783156e+05  1.23712953e+05  1.13653586e+05  1.04534258e+05  9.62876797e+04
  8.88498594e+04  8.21599922e+04  7.61603203e+04  7.07960000e+04  6.60149922e+04
  6.17679258e+04  5.80080234e+04  5.46909648e+04  5.17748164e+04  4.92199141e+04
  4.69888008e+04  4.50461250e+04  4.33585742e+04  4.18947930e+04  4.06253242e+04
  3.95225391e+04  3.85605742e+04  3.77152773e+04  3.69641523e+04  3.62863164e+04
  3.56624453e+04  3.50747344e+04  3.45068633e+04  3.39439531e+04  3.33725391e+04
  3.27805352e+04  3.21572168e+04  3.14931914e+04  3.07803750e+04  3.00119805e+04
  2.91824980e+04  2.82876875e+04  2.73245625e+04  2.62913906e+04  2.51876875e+04
  2.40142148e+04  2.27729785e+04  2.14672441e+04  2.01015293e+04  1.86816270e+04
  1.72146074e+04  1.57088438e+04  1.41740225e+04  1.26211660e+04  1.10626631e+04
  9.51228711e+03  7.98523193e+03  6.49814551e+03  5.06916309e+03  3.71795044e+03
  2.46574438e+03  1.33540137e+03  3.51446869e+02 -4.59870636e+02 -1.07052185e+03
 -1.45063525e+03 -1.56843103e+03 -1.39015186e+03 -8.79988281e+02  0.00000000e+00
  8.70304680e+00  7.24099588e+00  5.94537830e+00  4.80074024e+00  3.79295540e+00
  2.90910149e+00  2.13734603e+00  1.46684253e+00  8.87635052e-01  3.90570760e-01
 -3.27808149e-02 -3.90201747e-01 -6.88894212e-01 -9.35543895e-01 -1.13637865e+00
 -1.29722333e+00 -1.42355132e+00 -1.52053213e+00 -1.59307730e+00 -1.64588332e+00
 -1.68321407e+00 -1.70728147e+00 -1.71932220e+00 -1.72046328e+00 -1.71173561e+00
 -1.69408357e+00 -1.66837287e+00 -1.63539839e+00 -1.59589112e+00 -1.55052447e+00
 -1.49992061e+00 -1.44465530e+00 -1.38526356e+00 -1.32224405e+00 -1.25606346e+00
 -1.18716061e+00 -1.11595058e+00 -1.04282808e+00 -9.68170881e-01 -8.92343402e-01
 -8.15699697e-01 -7.38586664e-01 -6.61347032e-01 -5.84322512e-01 -5.07856548e-01
 -4.32297707e-01 -3.58002365e-01 -2.85338074e-01 -2.14686736e-01 -1.46447942e-01
 -8.10424909e-02 -1.89161319e-02  3.94565500e-02  9.35679674e-02  1.42873049e-01
  1.86784446e-01  2.24667355e-01  2.55833983e-01  2.79537439e-01  2.94965208e-01
  3.01231980e-01  2.97371805e-01  2.82329798e-01  2.54952610e-01  2.13978410e-01
 -2.50479700e+06 -2.27857575e+06 -2.06802738e+06 -1.87238600e+06 -1.69091900e+06
 -1.52292488e+06 -1.36773162e+06 -1.22469538e+06 -1.09319900e+06 -9.72650875e+05
 -8.62483250e+05 -7.62151312e+05 -6.71131688e+05 -5.88921688e+05 -5.15037844e+05
 -4.49015031e+05 -3.90405406e+05 -3.38777375e+05 -2.93714750e+05 -2.54815719e+05
 -2.21692047e+05 -1.93968188e+05 -1.71280422e+05 -1.53276172e+05 -1.39613078e+05
 -1.29958367e+05 -1.23988070e+05 -1.21386297e+05 -1.21844570e+05 -1.25061148e+05
 -1.30740328e+05 -1.38591844e+05 -1.48330188e+05 -1.59673984e+05 -1.72345438e+05
 -1.86069609e+05 -2.00573922e+05 -2.15587484e+05 -2.30840516e+05 -2.46063797e+05
 -2.60988031e+05 -2.75343250e+05 -2.88858219e+05 -3.01259906e+05 -3.12272812e+05
 -3.21618375e+05 -3.29014344e+05 -3.34174250e+05 -3.36806688e+05 -3.36614625e+05
 -3.33294938e+05 -3.26537562e+05 -3.16024844e+05 -3.01430969e+05 -2.82421094e+05
 -2.58650656e+05 -2.29764703e+05 -1.95396953e+05 -1.55169141e+05 -1.08690102e+05
 -5.55549141e+04  4.65594238e+03  7.23775547e+04  1.48061500e+05  2.32176891e+05
  6.16262332e-02  5.44134565e-02  4.66283560e-02  3.82866077e-02  2.95406394e-02
  2.06861664e-02  1.23786116e-02  4.86183260e-03 -4.13985364e-03  8.41505546e-03
  1.47981560e-02  1.85179710e-02  1.90963112e-02  2.22427864e-02  3.05201206e-02
  3.42636071e-02  4.14478779e-02  5.32351397e-02  6.06323481e-02  7.35167488e-02
  9.16162357e-02  1.07690580e-01  1.22975267e-01  1.38160333e-01  1.53739363e-01
  1.70157894e-01  1.87908307e-01  2.07624152e-01  2.30207145e-01  2.56716430e-01
  2.81634480e-01  2.95402586e-01  3.08357656e-01  3.09870034e-01  3.10479790e-01
  2.98002034e-01  2.84313381e-01  2.74235249e-01  2.66801506e-01  2.61261016e-01
  2.57143080e-01  2.54143983e-01  2.52056450e-01  2.50728756e-01  2.50042379e-01
  2.49899507e-01  2.50216305e-01  2.50918567e-01  2.51938879e-01  2.53214926e-01
  2.54688084e-01  2.56302804e-01  2.58006424e-01  2.59749115e-01  2.61484534e-01
  2.63170183e-01  2.64768392e-01  2.66246885e-01  2.67579377e-01  2.68745989e-01
  2.69733310e-01  2.70534158e-01  2.71147043e-01  2.71575481e-01  2.71826923e-01
  5.40469028e-02  4.50823456e-02  3.50691900e-02  2.38423198e-02  1.16628567e-02
 -6.85632636e-04 -1.57405902e-02 -1.58033147e-02 -1.51211508e-02 -3.31202801e-03
  6.35566004e-03  1.32475086e-02  1.82795376e-02  2.38822456e-02  3.08053941e-02
  3.72066051e-02  4.50823754e-02  5.47673814e-02  6.44205734e-02  7.63789192e-02
  9.07059461e-02  1.05193608e-01  1.19711213e-01  1.34493425e-01  1.49841070e-01
  1.66104302e-01  1.83716163e-01  2.03260750e-01  2.25595206e-01  2.51866877e-01
  2.77007401e-01  2.90100753e-01  3.03630054e-01  3.04652810e-01  3.06167543e-01
  2.93565124e-01  2.80420244e-01  2.70951241e-01  2.64111459e-01  2.59169340e-01
  2.55663007e-01  2.53287166e-01  2.51829982e-01  2.51136690e-01  2.51087993e-01
  2.51586705e-01  2.52549708e-01  2.53902614e-01  2.55576581e-01  2.57505834e-01
  2.59626567e-01  2.61876225e-01  2.64193386e-01  2.66518444e-01  2.68794566e-01
  2.70969093e-01  2.72994995e-01  2.74832547e-01  2.76450396e-01  2.77826488e-01
  2.78948247e-01  2.79812157e-01  2.80422688e-01  2.80791163e-01  2.80933857e-01
  4.84205633e-02  3.84632759e-02  2.69929469e-02  1.32417791e-02 -4.01460426e-03
 -1.40218893e-02 -2.00383961e-02 -1.67416446e-02 -1.04826204e-02 -9.27948044e-04
  7.99142197e-03  1.56357884e-02  2.25200765e-02  2.92028058e-02  3.60687636e-02
  4.33429554e-02  5.12555242e-02  5.99595122e-02  6.95301741e-02  8.00690949e-02
  9.15396735e-02  1.03739619e-01  1.16514564e-01  1.29840225e-01  1.43790066e-01
  1.58496499e-01  1.74125239e-01  1.90847486e-01  2.08764955e-01  2.27526501e-01
  2.44584888e-01  2.57330179e-01  2.66836882e-01  2.71469444e-01  2.72665679e-01
  2.68967509e-01  2.63426572e-01  2.58557260e-01  2.54753381e-01  2.51987517e-01
  2.50159144e-01  2.49161094e-01  2.48895392e-01  2.49275804e-01  2.50226080e-01
  2.51677096e-01  2.53564030e-01  2.55824119e-01  2.58394569e-01  2.61211067e-01
  2.64206886e-01  2.67312586e-01  2.70456225e-01  2.73564756e-01  2.76566029e-01
  2.79391527e-01  2.81979710e-01  2.84278959e-01  2.86250412e-01  2.87869424e-01
  2.89126128e-01  2.90024638e-01  2.90580928e-01  2.90820152e-01  2.90773749e-01
  4.53135855e-02  3.57101671e-02  2.49992851e-02  1.26056587e-02 -1.50646770e-03
 -7.47933239e-03 -7.03682378e-03 -3.06463847e-03  2.66840728e-03  8.77792295e-03
  1.50721008e-02  2.13790368e-02  2.76735686e-02  3.40509899e-02  4.06485461e-02
  4.76009473e-02  5.50253056e-02  6.30128831e-02  7.16246217e-02  8.08881372e-02
  9.07925963e-02  1.01296633e-01  1.12352952e-01  1.23928852e-01  1.36008590e-01
  1.48579150e-01  1.61601782e-01  1.74965039e-01  1.88410282e-01  2.01446220e-01
  2.13372380e-01  2.23536476e-01  2.31535003e-01  2.37196043e-01  2.40593433e-01
  2.42066443e-01  2.42259547e-01  2.41896063e-01  2.41502091e-01  2.41375700e-01
  2.41664201e-01  2.42430344e-01  2.43691459e-01  2.45440140e-01  2.47654900e-01
  2.50305146e-01  2.53353328e-01  2.56755233e-01  2.60459572e-01  2.64407039e-01
  2.68529415e-01  2.72749066e-01  2.76979268e-01  2.81126082e-01  2.85091937e-01
  2.88780957e-01  2.92105466e-01  2.94992775e-01  2.97390670e-01  2.99271047e-01
  3.00630689e-01  3.01489174e-01  3.01884681e-01  3.01867902e-01  3.01496208e-01
  4.37332019e-02  3.54770608e-02  2.73436271e-02  1.93898976e-02  1.23416791e-02
  9.09640640e-03  9.42749344e-03  1.13874422e-02  1.44985495e-02  1.84353925e-02
  2.29400136e-02  2.78485063e-02  3.30785364e-02  3.86109687e-02  4.44676653e-02
  5.06907031e-02  5.73268756e-02  6.44172728e-02  7.19906539e-02  8.00597072e-02
  8.86201560e-02  9.76528972e-02  1.07128136e-01  1.17008209e-01  1.27245858e-01
  1.37776390e-01  1.48504168e-01  1.59285441e-01  1.69913769e-01  1.80120558e-01
  1.89604476e-01  1.98087260e-01  2.05369323e-01  2.11364597e-01  2.16114983e-01
  2.19786733e-01  2.22642064e-01  2.24983141e-01  2.27091447e-01  2.29192123e-01
  2.31447443e-01  2.33966112e-01  2.36816436e-01  2.40037531e-01  2.43647501e-01
  2.47648418e-01  2.52029181e-01  2.56766349e-01  2.61823595e-01  2.67150223e-01
  2.72678614e-01  2.78322041e-01  2.83972830e-01  2.89503336e-01  2.94770926e-01
  2.99627990e-01  3.03936005e-01  3.07580531e-01  3.10483754e-01  3.12612057e-01
  3.13977718e-01  3.14633667e-01  3.14662993e-01  3.14165205e-01  3.13243240e-01
  4.09841500e-02  3.37043628e-02  2.85325069e-02  2.49423645e-02  2.23966204e-02
  2.10108180e-02  2.08977405e-02  2.19259374e-02  2.38862634e-02  2.65924037e-02
  2.98964158e-02  3.36900279e-02  3.79028767e-02  4.24971953e-02  4.74599674e-02
  5.27941845e-02  5.85107356e-02  6.46216944e-02  7.11353347e-02  7.80528039e-02
  8.53662267e-02  9.30579752e-02  1.01100393e-01  1.09455071e-01  1.18070975e-01
  1.26881063e-01  1.35798171e-01  1.44711778e-01  1.53488189e-01  1.61977261e-01
  1.70026898e-01  1.77503094e-01  1.84310630e-01  1.90408632e-01  1.95817664e-01
  2.00616941e-01  2.04931676e-01  2.08913445e-01  2.12718949e-01  2.16493174e-01
  2.20359892e-01  2.24418700e-01  2.28746206e-01  2.33398974e-01  2.38416702e-01
  2.43824646e-01  2.49634951e-01  2.55846649e-01  2.62444109e-01  2.69393504e-01
  2.76637346e-01  2.84086704e-01  2.91611791e-01  2.99034655e-01  3.06130260e-01
  3.12644929e-01  3.18331748e-01  3.22988629e-01  3.26485425e-01  3.28778982e-01
  3.29917312e-01  3.30030024e-01  3.29300016e-01  3.27925801e-01  3.26090455e-01
  3.37083824e-02  2.36890223e-02  2.58911997e-02  2.76566222e-02  2.77875550e-02
  2.78858133e-02  2.83659697e-02  2.93649025e-02  3.09043992e-02  3.29568274e-02
  3.54786702e-02  3.84272784e-02  4.17685099e-02  4.54790965e-02  4.95459288e-02
  5.39636128e-02  5.87312952e-02  6.38494268e-02  6.93169534e-02  7.51290172e-02
  8.12752694e-02  8.77386406e-02  9.44943950e-02  1.01509221e-01  1.08740211e-01
  1.16133943e-01  1.23625904e-01  1.31141081e-01  1.38596416e-01  1.45905718e-01
  1.52987048e-01  1.59771547e-01  1.66212022e-01  1.72289610e-01  1.78016901e-01
  1.83436841e-01  1.88617751e-01  1.93645507e-01  1.98614761e-01  2.03620851e-01
  2.08753899e-01  2.14095280e-01  2.19716117e-01  2.25677326e-01  2.32030317e-01
  2.38817811e-01  2.46074453e-01  2.53826410e-01  2.62089700e-01  2.70866156e-01
  2.80135602e-01  2.89841592e-01  2.99866557e-01  3.09991360e-01  3.19845706e-01
  3.28916937e-01  3.36691737e-01  3.42791289e-01  3.46991241e-01  3.49219561e-01
  3.49585682e-01  3.48410875e-01  3.46147120e-01  3.43209773e-01  3.39905590e-01
  4.12129872e-02  3.52110229e-02  3.25557552e-02  3.21477391e-02  3.25242653e-02
  3.31367292e-02  3.39281932e-02  3.49505842e-02  3.62533964e-02  3.78652625e-02
  3.97977978e-02  4.20527197e-02  4.46275100e-02  4.75189574e-02  5.07247895e-02
  5.42439595e-02  5.80760427e-02  6.22201823e-02  6.66738749e-02  7.14317933e-02
  7.64847919e-02  8.18190053e-02  8.74152109e-02  9.32483301e-02  9.92870554e-02
  1.05493903e-01  1.11825667e-01  1.18234619e-01  1.24670647e-01  1.31084338e-01
  1.37430936e-01  1.43674582e-01  1.49792343e-01  1.55777201e-01  1.61639586e-01
  1.67407095e-01  1.73122451e-01  1.78840280e-01  1.84623227e-01  1.90538079e-01
  1.96652636e-01  2.03033447e-01  2.09744602e-01  2.16847405e-01  2.24400729e-01
  2.32462004e-01  2.41088271e-01  2.50337452e-01  2.60269135e-01  2.70944685e-01
  2.82425195e-01  2.94764549e-01  3.07991952e-01  3.22071880e-01  3.36759627e-01
  3.50387454e-01  3.61485839e-01  3.69717747e-01  3.74834895e-01  3.76634240e-01
  3.74946654e-01  3.70444983e-01  3.65104407e-01  3.59537482e-01  3.54054183e-01
  3.84900160e-02  2.97944881e-02  3.26286368e-02  3.56358327e-02  3.69478315e-02
  3.78809571e-02  3.87286544e-02  3.96143235e-02  4.06137481e-02  4.17795442e-02
  4.31484729e-02  4.47457954e-02  4.65887487e-02  4.86892834e-02  5.10558970e-02
  5.36947325e-02  5.66100329e-02  5.98041490e-02  6.32772967e-02  6.70271739e-02
  7.10485503e-02  7.53328726e-02  7.98680037e-02  8.46380144e-02  8.96232128e-02
  9.48004052e-02  1.00143507e-01  1.05624564e-01  1.11215234e-01  1.16888694e-01
  1.22621775e-01  1.28397241e-01  1.34205773e-01  1.40047535e-01  1.45932958e-01
  1.51882797e-01  1.57927379e-01  1.64105207e-01  1.70461386e-01  1.77045837e-01
  1.83911860e-01  1.91115081e-01  1.98713079e-01  2.06765547e-01  2.15335280e-01
  2.24489823e-01  2.34304026e-01  2.44863644e-01  2.56270498e-01  2.68649787e-01
  2.82161087e-01  2.97015578e-01  3.13503891e-01  3.32028449e-01  3.52901101e-01
  3.73577625e-01  3.87747169e-01  3.99572223e-01  4.05802220e-01  4.07241672e-01
  4.04606432e-01  3.94656807e-01  3.84361297e-01  3.75162601e-01  3.67007017e-01
  4.88149896e-02  4.34349105e-02  4.14358452e-02  4.15605195e-02  4.22301032e-02
  4.28744592e-02  4.34236005e-02  4.39291447e-02  4.44577709e-02  4.50675599e-02
  4.58045378e-02  4.67040017e-02  4.77927141e-02  4.90909889e-02  5.06143235e-02
  5.23745753e-02  5.43807298e-02  5.66393286e-02  5.91546632e-02  6.19288534e-02
  6.49618208e-02  6.82512596e-02  7.17925727e-02  7.55788907e-02  7.96011090e-02
  8.38481411e-02  8.83073881e-02  9.29653943e-02  9.78088304e-02  1.02825664e-01
  1.08006373e-01  1.13345250e-01  1.18841439e-01  1.24499768e-01  1.30331233e-01
  1.36353135e-01  1.42588899e-01  1.49067670e-01  1.55823603e-01  1.62895367e-01
  1.70325533e-01  1.78160429e-01  1.86450288e-01  1.95250034e-01  2.04620510e-01
  2.14630857e-01  2.25361615e-01  2.36909717e-01  2.49395430e-01  2.62973040e-01
  2.77846992e-01  2.94298023e-01  3.12726080e-01  3.33720714e-01  3.58055741e-01
  3.84097666e-01  4.02304769e-01  4.16731983e-01  4.25450891e-01  4.27279323e-01
  4.25513506e-01  4.13633078e-01  3.99262488e-01  3.86761665e-01  3.76316994e-01
  5.12948073e-02  4.42599766e-02  4.52091582e-02  4.73789163e-02  4.81328852e-02
  4.83471118e-02  4.83188741e-02  4.81888950e-02  4.80442420e-02  4.79463413e-02
  4.79412079e-02  4.80643623e-02  4.83437777e-02  4.88018058e-02  4.94565256e-02
  5.03227040e-02  5.14124781e-02  5.27358204e-02  5.43008596e-02  5.61141334e-02
  5.81808090e-02  6.05049171e-02  6.30894154e-02  6.59361407e-02  6.90457076e-02
  7.24175051e-02  7.60498866e-02  7.99405053e-02  8.40869620e-02  8.84874985e-02
  9.31418985e-02  9.80522707e-02  1.03223532e-01  1.08663768e-01  1.14384346e-01
  1.20400205e-01  1.26729935e-01  1.33395821e-01  1.40423790e-01  1.47843271e-01
  1.55687183e-01  1.63992092e-01  1.72798693e-01  1.82152584e-01  1.92105517e-01
  2.02717364e-01  2.14058697e-01  2.26214692e-01  2.39290327e-01  2.53417522e-01
  2.68765032e-01  2.85550863e-01  3.04056734e-01  3.24643046e-01  3.47788393e-01
  3.74199986e-01  3.98535043e-01  4.11827564e-01  4.25331116e-01  4.27275121e-01
  4.27493930e-01  4.20194685e-01  4.04559225e-01  3.90632480e-01  3.79384160e-01
  6.43038973e-02  5.94706051e-02  5.72220832e-02  5.63106909e-02  5.54877333e-02
  5.45351207e-02  5.35028987e-02  5.24524450e-02  5.14310673e-02  5.04756384e-02
  4.96163443e-02  4.88787740e-02  4.82850447e-02  4.78545204e-02  4.76042591e-02
  4.75493930e-02  4.77034375e-02  4.80785668e-02  4.86858338e-02  4.95353416e-02
  5.06366752e-02  5.19999266e-02  5.36357984e-02  5.55551089e-02  5.77681512e-02
  6.02841713e-02  6.31110817e-02  6.62555397e-02  6.97232932e-02  7.35199153e-02
  7.76517913e-02  8.21269602e-02  8.69553462e-02  9.21476409e-02  9.77151096e-02
  1.03670031e-01  1.10026352e-01  1.16800100e-01  1.24009542e-01  1.31675184e-01
  1.39819935e-01  1.48469374e-01  1.57652050e-01  1.67400092e-01  1.77749947e-01
  1.88743308e-01  2.00428382e-01  2.12861329e-01  2.26107880e-01  2.40245000e-01
  2.55362064e-01  2.71560878e-01  2.88953930e-01  3.07660699e-01  3.27815562e-01
  3.49721909e-01  3.75016779e-01  3.90020460e-01  3.99610192e-01  4.10715014e-01
  4.06629503e-01  4.09822255e-01  3.96165103e-01  3.83625329e-01  3.74496102e-01
  7.66698346e-02  7.27952197e-02  6.91966116e-02  6.60360828e-02  6.33142665e-02
  6.08813949e-02  5.86277209e-02  5.65015003e-02  5.44849075e-02  5.25771715e-02
  5.07859439e-02  4.91230227e-02  4.76021655e-02  4.62378748e-02  4.50447276e-02
  4.40369882e-02  4.32284623e-02  4.26326282e-02  4.22628373e-02  4.21311893e-02
  4.22480442e-02  4.26292680e-02  4.32950966e-02  4.42675985e-02  4.55685370e-02
  4.72178720e-02  4.92328629e-02  5.16276844e-02  5.44136539e-02  5.76002635e-02
  6.11973517e-02  6.52182996e-02  6.96819425e-02  7.46024251e-02  7.99892843e-02
  8.58499929e-02  9.21924114e-02  9.90260914e-02  1.06361590e-01  1.14210196e-01
  1.22584142e-01  1.31496787e-01  1.40962794e-01  1.50998414e-01  1.61621496e-01
  1.72851548e-01  1.84709355e-01  1.97216377e-01  2.10393235e-01  2.24257141e-01
  2.38816962e-01  2.54064798e-01  2.69960999e-01  2.86407113e-01  3.03190947e-01
  3.19858342e-01  3.35472673e-01  3.48757029e-01  3.59142840e-01  3.66464257e-01
  3.70585918e-01  3.71783048e-01  3.70271474e-01  3.67050111e-01  3.63334715e-01
  8.61961618e-02  8.28069448e-02  7.82316029e-02  7.38444477e-02  6.99874759e-02
  6.64511323e-02  6.31373823e-02  5.99922277e-02  5.69867827e-02  5.41083962e-02
  5.13549708e-02  4.87312451e-02  4.62462977e-02  4.39119041e-02  4.17413004e-02
  3.97482142e-02  3.79462317e-02  3.63493562e-02  3.49771008e-02  3.38451825e-02
  3.29392105e-02  3.22851762e-02  3.19219790e-02  3.18905525e-02  3.22293043e-02
  3.29719409e-02  3.41461748e-02  3.57727073e-02  3.78645770e-02  4.04274762e-02
  4.34634797e-02  4.69846912e-02  5.10549545e-02  5.56910634e-02  6.08918816e-02
  6.66512623e-02  7.29663894e-02  7.98430145e-02  8.72848555e-02  9.52934325e-02
  1.03869669e-01  1.13013990e-01  1.22726530e-01  1.33007213e-01  1.43855453e-01
  1.55269310e-01  1.67244285e-01  1.79771498e-01  1.92834795e-01  2.06406653e-01
  2.20441937e-01  2.34868735e-01  2.49575093e-01  2.64390498e-01  2.79062539e-01
  2.93238342e-01  3.06478053e-01  3.18333179e-01  3.28452706e-01  3.36630344e-01
  3.42806339e-01  3.47067147e-01  3.49642545e-01  3.50888699e-01  3.51204187e-01
  9.20439139e-02  8.83860439e-02  8.41795877e-02  7.97073543e-02  7.52670318e-02
  7.09555373e-02  6.67796135e-02  6.27274141e-02  5.87887317e-02  5.49591444e-02
  5.12400270e-02  4.76376489e-02  4.41621915e-02  4.08268571e-02  3.76468599e-02
  3.46375518e-02  3.18101831e-02  2.91613881e-02  2.67498698e-02  2.46868841e-02
  2.26839669e-02  2.08763499e-02  1.93605553e-02  1.82123948e-02  1.74942799e-02
  1.72578935e-02  1.75444428e-02  1.83830820e-02  1.97868776e-02  2.17443034e-02
  2.42013950e-02  2.70230435e-02  3.06681599e-02  3.50511782e-02  4.01138403e-02
  4.58069369e-02  5.20986989e-02  5.90288155e-02  6.65947646e-02  7.47824907e-02
  8.35812688e-02  9.29778367e-02  1.02957316e-01  1.13504559e-01  1.24603026e-01
  1.36233404e-01  1.48372024e-01  1.60988778e-01  1.74044386e-01  1.87486932e-01
  2.01247200e-01  2.15233207e-01  2.29323864e-01  2.43363127e-01  2.57156909e-01
  2.70476937e-01  2.83076197e-01  2.94715554e-01  3.05194139e-01  3.14373225e-01
  3.22188646e-01  3.28653514e-01  3.33851248e-01  3.37918073e-01  3.41015905e-01
  9.88315344e-02  9.54712331e-02  9.00570676e-02  8.46737474e-02  7.95730725e-02
  7.45587572e-02  6.96022734e-02  6.47023395e-02  5.98638803e-02  5.50943166e-02
  5.04031368e-02  4.58021536e-02  4.13060375e-02  3.69332135e-02  3.27073745e-02
  2.86602937e-02  2.48374753e-02  2.09480710e-02  1.71277672e-02  1.34710781e-02
  1.00217918e-02  6.85214903e-03  4.03948734e-03  1.65749830e-03 -2.27032913e-04
 -1.55547331e-03 -2.27792165e-03 -2.35362980e-03 -1.75131357e-03 -4.48764156e-04
  1.57033349e-03  4.32849256e-03  7.89224356e-03  1.22639472e-02  1.73941161e-02
  2.31616180e-02  2.93168295e-02  3.63368765e-02  4.41028625e-02  5.25325276e-02
  6.16239868e-02  7.13473260e-02  8.16674605e-02  9.25583541e-02  1.03992067e-01
  1.15937404e-01  1.28358379e-01  1.41212806e-01  1.54450253e-01  1.68009862e-01
  1.81817621e-01  1.95783898e-01  2.09801242e-01  2.23743439e-01  2.37466782e-01
  2.50814557e-01  2.63625294e-01  2.75743842e-01  2.87033319e-01  2.97385484e-01
  3.06727260e-01  3.15022856e-01  3.22271407e-01  3.28500569e-01  3.33757699e-01
  1.02545463e-01  9.87090915e-02  9.40136015e-02  8.87255147e-02  8.31679627e-02
  7.74937496e-02  7.17645288e-02  6.60139695e-02  6.02659769e-02  5.45396321e-02
  4.88514751e-02  4.32171337e-02  3.76528986e-02  3.21773440e-02  2.68131495e-02
  2.15892587e-02  1.62428636e-02  1.08664436e-02  5.56215504e-03  4.27341962e-04
 -4.45019500e-03 -8.98574106e-03 -1.30984541e-02 -1.67131349e-02 -1.97614618e-02
 -2.21825261e-02 -2.39228215e-02 -2.49358322e-02 -2.51812395e-02 -2.46236585e-02
 -2.32307594e-02 -2.09711008e-02 -1.78143568e-02 -1.37450509e-02 -8.76667630e-03
 -2.90189753e-03  3.81638762e-03  1.13838101e-02  1.96712520e-02  2.83763278e-02
  3.78916226e-02  4.80886884e-02  5.88620566e-02  7.02138394e-02  8.21092874e-02
  9.45106521e-02  1.07374579e-01  1.20653369e-01  1.34293556e-01  1.48234293e-01
  1.62406027e-01  1.76729441e-01  1.91114828e-01  2.05462307e-01  2.19662935e-01
  2.33601272e-01  2.47158945e-01  2.60219127e-01  2.72671163e-01  2.84414351e-01
  2.95360744e-01  3.05436552e-01  3.14582348e-01  3.22752893e-01  3.29917133e-01
  1.08860828e-01  1.05272762e-01  9.91954654e-02  9.28611755e-02  8.65240693e-02
  8.00436288e-02  7.34487176e-02  6.67806789e-02  6.00724146e-02  5.33478111e-02
  4.66245040e-02  3.99164744e-02  3.32360901e-02  2.65958458e-02  2.00102311e-02
  1.32305436e-02  6.35264302e-03 -5.19901980e-04 -7.28065521e-03 -1.38257034e-02
 -2.00570412e-02 -2.58835796e-02 -3.12217586e-02 -3.59959006e-02 -4.01382037e-02
 -4.35883999e-02 -4.62931320e-02 -4.82051447e-02 -4.92823720e-02 -4.94869277e-02
 -4.87842299e-02 -4.71424945e-02 -4.45332527e-02 -4.09334153e-02 -3.63264047e-02
 -3.07022929e-02 -2.40576249e-02 -1.63980257e-02 -7.75661599e-03  1.80524087e-03
  1.22293662e-02  2.32970715e-02  3.45360786e-02  4.64903414e-02  5.89972623e-02
  7.20217898e-02  8.55085850e-02  9.94094536e-02  1.13673456e-01  1.28244594e-01
  1.43061474e-01  1.58057317e-01  1.73159778e-01  1.88290998e-01  2.03367889e-01
  2.18302622e-01  2.33003289e-01  2.47374445e-01  2.61317432e-01  2.74729908e-01
  2.87505269e-01  2.99532086e-01  3.10694724e-01  3.20876598e-01  3.29966754e-01
  1.13142133e-01  1.09135725e-01  1.03634007e-01  9.70235243e-02  8.98299739e-02
  8.23589489e-02  7.47487620e-02  6.70611411e-02  5.93257397e-02  5.15582226e-02
  4.37675267e-02  3.59588303e-02  2.81345677e-02  2.02948581e-02  1.21816900e-02
  3.89578007e-03 -4.45240224e-03 -1.27482181e-02 -2.08779164e-02 -2.87327264e-02
 -3.62115502e-02 -4.32222821e-02 -4.96821292e-02 -5.55173196e-02 -6.06624037e-02
 -6.50593266e-02 -6.86564520e-02 -7.14075938e-02 -7.32712001e-02 -7.42095634e-02
 -7.41883442e-02 -7.31762499e-02 -7.11449608e-02 -6.80693090e-02 -6.39272705e-02
 -5.86998239e-02 -5.23711964e-02 -4.49304916e-02 -3.63758653e-02 -2.67195217e-02
 -1.59970839e-02 -4.29575890e-03  8.23105313e-03  2.13857554e-02  3.46449316e-02
  4.85026948e-02  6.27942532e-02  7.75063783e-02  9.25988182e-02  1.08021446e-01
  1.23721309e-01  1.39644414e-01  1.55735627e-01  1.71938077e-01  1.88192323e-01
  2.04435408e-01  2.20599413e-01  2.36609295e-01  2.52379507e-01  2.67809331e-01
  2.82776803e-01  2.97132343e-01  3.10694367e-01  3.23251218e-01  3.34574759e-01
  1.21807955e-01  1.18406713e-01  1.11046486e-01  1.02099583e-01  9.31704268e-02
  8.43467116e-02  7.55645484e-02  6.67859986e-02  5.79909645e-02  4.91675809e-02
  4.03078534e-02  3.14052142e-02  2.24510338e-02  1.31465308e-02  3.58909531e-03
 -6.10698946e-03 -1.58194732e-02 -2.54252907e-02 -3.48059088e-02 -4.38508987e-02
 -5.24598844e-02 -6.05431125e-02 -6.80210739e-02 -7.48235211e-02 -8.08881894e-02
 -8.61594900e-02 -9.05873179e-02 -9.41260755e-02 -9.67339501e-02 -9.83725414e-02
 -9.90066081e-02 -9.86041501e-02 -9.71364379e-02 -9.45781097e-02 -9.09070075e-02
 -8.61038491e-02 -8.01517963e-02 -7.30362535e-02 -6.47453740e-02 -5.52719273e-02
 -4.46178019e-02 -3.28031555e-02 -1.98789332e-02 -5.94604714e-03  8.80413316e-03
  2.40941159e-02  3.92480269e-02  5.49231991e-02  7.10287914e-02  8.74952078e-02
  1.04271658e-01  1.21317267e-01  1.38596237e-01  1.56075239e-01  1.73721597e-01
  1.91501737e-01  2.09378853e-01  2.27309451e-01  2.45237559e-01  2.63085812e-01
  2.80741721e-01  2.98038065e-01  3.14727426e-01  3.30458641e-01  3.44782323e-01
  1.27840266e-01  1.24808207e-01  1.15968861e-01  1.05445579e-01  9.53037888e-02
  8.53844509e-02  7.55629838e-02  6.57731071e-02  5.59737310e-02  4.61372994e-02
  3.62460613e-02  2.62934621e-02  1.60010494e-02  5.35747921e-03 -5.51797822e-03
 -1.64948460e-02 -2.74400041e-02 -3.82244140e-02 -4.87277210e-02 -5.88408150e-02
 -6.84667006e-02 -7.75200725e-02 -8.59260634e-02 -9.36185718e-02 -1.00538500e-01
 -1.06632143e-01 -1.11849867e-01 -1.16145179e-01 -1.19474210e-01 -1.21795595e-01
 -1.23070717e-01 -1.23264149e-01 -1.22344308e-01 -1.20283954e-01 -1.17060579e-01
 -1.12656355e-01 -1.07057564e-01 -1.00253634e-01 -9.22358185e-02 -8.29961002e-02
 -7.25271404e-02 -6.08245991e-02 -4.78935912e-02 -3.37623470e-02 -1.85075253e-02
 -2.29352806e-03  1.45570999e-02  3.15296836e-02  4.89036813e-02  6.65996224e-02
  8.46011490e-02  1.02897845e-01  1.21482670e-01  1.40351757e-01  1.59504667e-01
  1.78944379e-01  1.98676676e-01  2.18708098e-01  2.39041761e-01  2.59669036e-01
  2.80554086e-01  3.01605076e-01  3.22619855e-01  3.43168557e-01  3.62312138e-01
  1.28314525e-01  1.24457508e-01  1.16531774e-01  1.06419101e-01  9.58260074e-02
  8.51879194e-02  7.45574161e-02  6.39127865e-02  5.32206371e-02  4.24479954e-02
  3.15620527e-02  2.05234140e-02  9.01709218e-03 -2.83291610e-03 -1.48883117e-02
 -2.70056985e-02 -3.90446521e-02 -5.08736409e-02 -6.23735450e-02 -7.34390393e-02
 -8.39782804e-02 -9.39114913e-02 -1.03168882e-01 -1.11688435e-01 -1.19413711e-01
 -1.26292095e-01 -1.32273406e-01 -1.37309030e-01 -1.41351551e-01 -1.44354895e-01
 -1.46274820e-01 -1.47069767e-01 -1.46701962e-01 -1.45138636e-01 -1.42353222e-01
 -1.38326228e-01 -1.33045420e-01 -1.26505211e-01 -1.18704833e-01 -1.09645613e-01
 -9.93278846e-02 -8.77484754e-02 -7.49005750e-02 -6.07782118e-02 -4.53887545e-02
 -2.87770741e-02 -1.10658025e-02  7.48897344e-03  2.64197662e-02  4.54078764e-02
  6.46753758e-02  8.42516199e-02  1.04158990e-01  1.24422163e-01  1.45072579e-01
  1.66151613e-01  1.87713429e-01  2.09827662e-01  2.32581809e-01  2.56083101e-01
  2.80459017e-01  3.05853575e-01  3.32407475e-01  3.60168457e-01  3.87984425e-01
  1.32433981e-01  1.29433677e-01  1.18728720e-01  1.06615841e-01  9.51740369e-02
  8.38857293e-02  7.25979432e-02  6.12493940e-02  4.98009808e-02  3.82224061e-02
  2.64913775e-02  1.43389469e-02  1.73432182e-03 -1.11896554e-02 -2.42852401e-02
 -3.74025144e-02 -5.03984466e-02 -6.31425157e-02 -7.55193084e-02 -8.74288306e-02
 -9.87851322e-02 -1.09514058e-01 -1.19550534e-01 -1.28835931e-01 -1.37315780e-01
 -1.44937873e-01 -1.51651040e-01 -1.57404482e-01 -1.62147477e-01 -1.65829599e-01
 -1.68401167e-01 -1.69813931e-01 -1.70022145e-01 -1.68984011e-01 -1.66663557e-01
 -1.63032919e-01 -1.58074334e-01 -1.51781380e-01 -1.44158229e-01 -1.35217175e-01
 -1.24973908e-01 -1.13441639e-01 -1.00625373e-01 -8.65186006e-02 -7.11051524e-02
 -5.43700494e-02 -3.63239795e-02 -1.70473699e-02  3.23872804e-03  2.40723100e-02
  4.45056334e-02  6.52873218e-02  8.64361227e-02  1.07989743e-01  1.30000412e-01
  1.52538106e-01  1.75696298e-01  1.99599326e-01  2.24412203e-01  2.50354558e-01
  2.77722031e-01  3.06922913e-01  3.38561684e-01  3.73782635e-01  4.17808205e-01
  1.28029406e-01  1.23517036e-01  1.15201227e-01  1.04569726e-01  9.31817293e-02
  8.15643892e-02  6.98090866e-02  5.79043813e-02  4.58202995e-02  3.35264355e-02
  2.09972151e-02  7.89569691e-03 -5.65469731e-03 -1.95048414e-02 -3.34964618e-02
 -4.74744588e-02 -6.12951070e-02 -7.48304650e-02 -8.79697278e-02 -1.00618377e-01
 -1.12695821e-01 -1.24132484e-01 -1.34866640e-01 -1.44841686e-01 -1.54003814e-01
 -1.62300557e-01 -1.69679865e-01 -1.76089972e-01 -1.81479663e-01 -1.85798377e-01
 -1.88996002e-01 -1.91022798e-01 -1.91828638e-01 -1.91362813e-01 -1.89575493e-01
 -1.86421350e-01 -1.81864619e-01 -1.75884470e-01 -1.68477833e-01 -1.59659535e-01
 -1.49458826e-01 -1.37911439e-01 -1.25049427e-01 -1.10891148e-01 -9.54343230e-02
 -7.86561519e-02 -6.05249070e-02 -4.10294645e-02 -2.02352833e-02  1.62313192e-03
  2.40062363e-02  4.59342115e-02  6.81999847e-02  9.08710286e-02  1.14009812e-01
  1.37696162e-01  1.62038743e-01  1.87184811e-01  2.13332593e-01  2.40748584e-01
  2.69791901e-01  3.00946593e-01  3.34859610e-01  3.72401476e-01  4.15030092e-01
  1.31731704e-01  1.28523514e-01  1.15631886e-01  1.02503583e-01  9.04750898e-02
  7.85270631e-02  6.64277226e-02  5.40990382e-02  4.14984263e-02  2.85864621e-02
  1.53083820e-02  1.41380297e-03 -1.29360957e-02 -2.75711175e-02 -4.23220322e-02
 -5.70295192e-02 -7.15501234e-02 -8.57588798e-02 -9.95492563e-02 -1.12831049e-01
 -1.25527278e-01 -1.37570664e-01 -1.48900300e-01 -1.59458920e-01 -1.69191107e-01
 -1.78042307e-01 -1.85959041e-01 -1.92889616e-01 -1.98787495e-01 -2.03612596e-01
 -2.07328528e-01 -2.09897980e-01 -2.11277917e-01 -2.11416140e-01 -2.10250556e-01
 -2.07712054e-01 -2.03731522e-01 -1.98250070e-01 -1.91230878e-01 -1.82668999e-01
 -1.72593996e-01 -1.61060050e-01 -1.48132145e-01 -1.33869916e-01 -1.18311852e-01
 -1.01464845e-01 -8.33037123e-02 -6.37857914e-02 -4.28875834e-02 -2.06720997e-02
  2.60430621e-03  2.63464227e-02  4.94987406e-02  7.30786175e-02  9.70801935e-02
  1.21554486e-01  1.46593139e-01  1.72326341e-01  1.98928848e-01  2.26632595e-01
  2.55746871e-01  2.86689311e-01  3.20024759e-01  3.56405139e-01  3.95158857e-01
  1.21970661e-01  1.16540156e-01  1.08329885e-01  9.81023759e-02  8.68321955e-02
  7.49950558e-02  6.27454966e-02  5.01254462e-02  3.71436775e-02  2.38039456e-02
  9.77272913e-03 -4.84150928e-03 -1.98853184e-02 -3.51875313e-02 -5.05773127e-02
 -6.58955052e-02 -8.10006633e-02 -9.57708955e-02 -1.10102788e-01 -1.23908438e-01
 -1.37111664e-01 -1.49644151e-01 -1.61441982e-01 -1.72443226e-01 -1.82586536e-01
 -1.91811100e-01 -2.00060561e-01 -2.07291812e-01 -2.13477463e-01 -2.18602538e-01
 -2.22657457e-01 -2.25629330e-01 -2.27493554e-01 -2.28206933e-01 -2.27703959e-01
 -2.25897238e-01 -2.22683221e-01 -2.17953831e-01 -2.11613566e-01 -2.03599334e-01
 -1.93897858e-01 -1.82553381e-01 -1.69658095e-01 -1.55321211e-01 -1.39640704e-01
 -1.22681566e-01 -1.04462929e-01 -8.49597305e-02 -6.41243756e-02 -4.19364423e-02
 -1.84918121e-02  5.85516030e-03  3.02891955e-02  5.48093840e-02  7.95062780e-02
  1.04462110e-01  1.29761532e-01  1.55499607e-01  1.81787774e-01  2.08758771e-01
  2.36571908e-01  2.65421301e-01  2.95557112e-01  3.27343851e-01  3.60950619e-01
  1.21306948e-01  1.16175957e-01  1.06577262e-01  9.52941626e-02  8.36794004e-02
  7.16470331e-02  5.91695532e-02  4.62462902e-02  3.28747816e-02  1.90469120e-02
  4.46018344e-03 -1.07282931e-02 -2.63404045e-02 -4.21925932e-02 -5.81086911e-02
 -7.39283860e-02 -8.95112529e-02 -1.04737051e-01 -1.19503409e-01 -1.33721963e-01
 -1.47314012e-01 -1.60206228e-01 -1.72327340e-01 -1.83605745e-01 -1.93968683e-01
 -2.03348786e-01 -2.11698219e-01 -2.18994945e-01 -2.25240573e-01 -2.30452836e-01
 -2.34654829e-01 -2.37863436e-01 -2.40078479e-01 -2.41273850e-01 -2.41391093e-01
 -2.40336850e-01 -2.37985015e-01 -2.34185696e-01 -2.28782088e-01 -2.21635386e-01
 -2.12654158e-01 -2.01820582e-01 -1.89202368e-01 -1.74939543e-01 -1.59200013e-01
 -1.42127633e-01 -1.23814158e-01 -1.04286999e-01 -8.35163891e-02 -6.14473596e-02
 -3.80639173e-02 -1.34960758e-02  1.18220765e-02  3.69571745e-02  6.20576255e-02
  8.71985853e-02  1.12429544e-01  1.37789980e-01  1.63311318e-01  1.89011097e-01
  2.14878365e-01  2.40843251e-01  2.66712397e-01  2.92033911e-01  3.15892816e-01
  1.18529804e-01  1.12828173e-01  1.03711031e-01  9.26916301e-02  8.09549317e-02
  6.87064677e-02  5.59697784e-02  4.27406132e-02  2.90003195e-02  1.47070158e-02
 -3.68458685e-04 -1.60460342e-02 -3.21336575e-02 -4.84402999e-02 -6.47867396e-02
 -8.10122043e-02 -9.69768986e-02 -1.12560906e-01 -1.27660915e-01 -1.42185524e-01
 -1.56050384e-01 -1.69173792e-01 -1.81473255e-01 -1.92863330e-01 -2.03260347e-01
 -2.12601751e-01 -2.20858350e-01 -2.28035763e-01 -2.34167933e-01 -2.39305645e-01
 -2.43503228e-01 -2.46805534e-01 -2.49236390e-01 -2.50789106e-01 -2.51418918e-01
 -2.51038104e-01 -2.49514237e-01 -2.46674165e-01 -2.42316082e-01 -2.36232534e-01
 -2.28244632e-01 -2.18242466e-01 -2.06219777e-01 -1.92286849e-01 -1.76647007e-01
 -1.59532249e-01 -1.41128510e-01 -1.21543802e-01 -1.00801662e-01 -7.88595155e-02
 -5.56561984e-02 -3.11967600e-02 -5.68610663e-03  2.02822872e-02  4.55066375e-02
  7.06453845e-02  9.56557393e-02  1.20512009e-01  1.45181865e-01  1.69610113e-01
  1.93701461e-01  2.17298493e-01  2.40154415e-01  2.61909366e-01  2.82095641e-01
  1.17504485e-01  1.11717053e-01  1.02175042e-01  9.07689109e-02  7.87644908e-02
  6.62715808e-02  5.32863662e-02  3.98043953e-02  2.58279052e-02  1.10124899e-02
 -4.53297235e-03 -2.06452291e-02 -3.71374339e-02 -5.38203418e-02 -7.05159307e-02
 -8.70645940e-02 -1.03327148e-01 -1.19183168e-01 -1.34526879e-01 -1.49262011e-01
 -1.63296640e-01 -1.76538631e-01 -1.88892290e-01 -2.00258210e-01 -2.10551620e-01
 -2.19723463e-01 -2.27768078e-01 -2.34720007e-01 -2.40643203e-01 -2.45616853e-01
 -2.49720559e-01 -2.53021181e-01 -2.55561829e-01 -2.57352889e-01 -2.58364737e-01
 -2.58521378e-01 -2.57696331e-01 -2.55711377e-01 -2.52342373e-01 -2.47335643e-01
 -2.40439340e-01 -2.31449559e-01 -2.20262408e-01 -2.06913859e-01 -1.91584885e-01
 -1.74556643e-01 -1.56117082e-01 -1.36473820e-01 -1.15729399e-01 -9.38887894e-02
 -7.08968118e-02 -4.67109531e-02 -2.14211121e-02  4.56863968e-03  3.02930884e-02
  5.55598326e-02  8.04154202e-02  1.04851894e-01  1.28828257e-01  1.52273878e-01
  1.75084725e-01  1.97117582e-01  2.18185946e-01  2.38062799e-01  2.56495148e-01
  1.16759054e-01  1.10894114e-01  1.01019152e-01  8.93094093e-02  7.70734549e-02
  6.43503815e-02  5.11167981e-02  3.73595655e-02  2.30682753e-02  7.89687689e-03
 -8.00817460e-03 -2.44666189e-02 -4.12838608e-02 -5.82675412e-02 -7.52388313e-02
 -9.20381546e-02 -1.08526044e-01 -1.24580570e-01 -1.40092567e-01 -1.54960081e-01
 -1.69083014e-01 -1.82358533e-01 -1.94678068e-01 -2.05934510e-01 -2.16049716e-01
 -2.24992082e-01 -2.32779771e-01 -2.39473179e-01 -2.45160952e-01 -2.49943793e-01
 -2.53919393e-01 -2.57169724e-01 -2.59751320e-01 -2.61687338e-01 -2.62960881e-01
 -2.63508856e-01 -2.63215780e-01 -2.61909664e-01 -2.59361625e-01 -2.55295217e-01
 -2.49410644e-01 -2.41428822e-01 -2.31151715e-01 -2.18523771e-01 -2.03666359e-01
 -1.86859429e-01 -1.68460816e-01 -1.48781911e-01 -1.28014579e-01 -1.06226742e-01
 -8.33906978e-02 -5.94444014e-02 -3.43916044e-02 -8.45095329e-03  1.77446604e-02
  4.29401360e-02  6.76347837e-02  9.17604864e-02  1.15254402e-01  1.38043672e-01
  1.60038114e-01  1.81127489e-01  2.01182529e-01  2.20060229e-01  2.37613589e-01
  1.15464658e-01  1.09238639e-01  9.97119471e-02  8.82221609e-02  7.59020150e-02
  6.29947856e-02  4.95343618e-02  3.55200544e-02  2.09426340e-02  5.47792157e-03
 -1.07161403e-02 -2.74502002e-02 -4.45240214e-02 -6.17424287e-02 -7.89255351e-02
 -9.59133431e-02 -1.12565652e-01 -1.28758699e-01 -1.44379854e-01 -1.59321815e-01
 -1.73477024e-01 -1.86733454e-01 -1.98972359e-01 -2.10085660e-01 -2.20005214e-01
 -2.28716716e-01 -2.36259043e-01 -2.42713153e-01 -2.48185873e-01 -2.52792716e-01
 -2.56642938e-01 -2.59827912e-01 -2.62412369e-01 -2.64427722e-01 -2.65866399e-01
 -2.66675591e-01 -2.66750991e-01 -2.65930176e-01 -2.63988674e-01 -2.60643005e-01
 -2.55567789e-01 -2.48433977e-01 -2.38970473e-01 -2.27038100e-01 -2.12688103e-01
 -1.96170390e-01 -1.77870587e-01 -1.58182934e-01 -1.37384206e-01 -1.15607008e-01
 -9.28616896e-02 -6.90919384e-02 -4.42676134e-02 -1.85249858e-02  7.63476361e-03
  3.31010818e-02  5.78398854e-02  8.18393156e-02  1.05069488e-01  1.27481729e-01
  1.49010316e-01  1.69575438e-01  1.89087167e-01  2.07450718e-01  2.24573359e-01
  1.16882920e-01  1.11075908e-01  1.00388967e-01  8.80605206e-02  7.54310712e-02
  6.23011887e-02  4.86148335e-02  3.43607999e-02  1.95313618e-02  3.81983584e-03
 -1.26090571e-02 -2.95611490e-02 -4.68333848e-02 -6.42293692e-02 -8.15689489e-02
 -9.86921042e-02 -1.15458198e-01 -1.31742105e-01 -1.47428527e-01 -1.62406027e-01
 -1.76561505e-01 -1.89776167e-01 -2.01925263e-01 -2.12903216e-01 -2.22651780e-01
 -2.31170908e-01 -2.38515019e-01 -2.44779646e-01 -2.50083566e-01 -2.54551440e-01
 -2.58299202e-01 -2.61423171e-01 -2.63992429e-01 -2.66043007e-01 -2.67572761e-01
 -2.68535763e-01 -2.68835634e-01 -2.68318087e-01 -2.66764581e-01 -2.63891667e-01
 -2.59362549e-01 -2.52819926e-01 -2.43945703e-01 -2.32540518e-01 -2.18597814e-01
 -2.02332422e-01 -1.84133902e-01 -1.64444685e-01 -1.43606469e-01 -1.21802881e-01
 -9.90762636e-02 -7.53797442e-02 -5.06656393e-02 -2.50192396e-02  1.14896870e-03
  2.68553440e-02  5.16379103e-02  7.55751804e-02  9.86726806e-02  1.20899335e-01
  1.42203644e-01  1.62522078e-01  1.81784794e-01  1.99920565e-01  2.16862023e-01
  1.15370698e-01  1.08814217e-01  9.95426625e-02  8.81947652e-02  7.56346136e-02
  6.23145960e-02  4.83895652e-02  3.38998400e-02  1.88467205e-02  2.93042511e-03
 -1.36831934e-02 -3.07995472e-02 -4.82157543e-02 -6.57360777e-02 -8.31812546e-02
 -1.00392044e-01 -1.17228150e-01 -1.33564070e-01 -1.49283215e-01 -1.64271966e-01
 -1.78414136e-01 -1.91587135e-01 -2.03663856e-01 -2.14541882e-01 -2.24170223e-01
 -2.32558280e-01 -2.39770174e-01 -2.45909870e-01 -2.51102775e-01 -2.55478173e-01
 -2.59154975e-01 -2.62231469e-01 -2.64778227e-01 -2.66832888e-01 -2.68395424e-01
 -2.69422799e-01 -2.69822210e-01 -2.69443184e-01 -2.68070519e-01 -2.65421331e-01
 -2.61154264e-01 -2.54899204e-01 -2.46315271e-01 -2.35172570e-01 -2.21433178e-01
 -2.05290630e-01 -1.87132090e-01 -1.67420089e-01 -1.46529272e-01 -1.24669254e-01
 -1.01897374e-01 -7.81682208e-02 -5.34176119e-02 -2.76877694e-02 -1.30347593e-03
  2.49064602e-02  4.94070575e-02  7.32183903e-02  9.62505415e-02  1.18431665e-01
  1.39694303e-01  1.59970835e-01  1.79193288e-01  1.97295457e-01  2.14216396e-01
  1.22450583e-01  1.17557161e-01  1.04668848e-01  9.05204415e-02  7.68810958e-02
  6.30368218e-02  4.87886667e-02  3.40655446e-02  1.88286621e-02  2.76116538e-03
 -1.39782606e-02 -3.11989523e-02 -4.87006679e-02 -6.62897825e-02 -8.37888420e-02
 -1.01040132e-01 -1.17904551e-01 -1.34257361e-01 -1.49982408e-01 -1.64965972e-01
 -1.79091558e-01 -1.92235976e-01 -2.04272196e-01 -2.15099901e-01 -2.24671423e-01
 -2.32999951e-01 -2.40153074e-01 -2.46237531e-01 -2.51380503e-01 -2.55712181e-01
 -2.59351611e-01 -2.62396723e-01 -2.64917403e-01 -2.66950369e-01 -2.68494606e-01
 -2.69505978e-01 -2.69890398e-01 -2.69496113e-01 -2.68106312e-01 -2.65436471e-01
 -2.61143506e-01 -2.54855812e-01 -2.46231779e-01 -2.35041708e-01 -2.21249104e-01
 -2.05049470e-01 -1.86831504e-01 -1.67057380e-01 -1.46099105e-01 -1.24163076e-01
 -1.01303764e-01 -7.74744749e-02 -5.26136942e-02 -2.67744306e-02 -3.07909300e-04
  2.59027388e-02  5.05872816e-02  7.45518431e-02  9.77322683e-02  1.20065033e-01
  1.41483158e-01  1.61915436e-01  1.81287989e-01  1.99527428e-01  2.16565043e-01
  1.20246775e-01  1.14179663e-01  1.04040645e-01  9.14410204e-02  7.79313296e-02
  6.39454722e-02  4.95380610e-02  3.46868113e-02  1.93571001e-02  3.22195189e-03
 -1.35647971e-02 -3.08162495e-02 -4.83350828e-02 -6.59300312e-02 -8.34256932e-02
 -1.00666218e-01 -1.17514312e-01 -1.33847088e-01 -1.49550349e-01 -1.64512545e-01
 -1.78619504e-01 -1.91750556e-01 -2.03780755e-01 -2.14610144e-01 -2.24190027e-01
 -2.32531443e-01 -2.39699274e-01 -2.45797366e-01 -2.50950128e-01 -2.55285144e-01
 -2.58919001e-01 -2.61947066e-01 -2.64436454e-01 -2.66420513e-01 -2.67894119e-01
 -2.68807977e-01 -2.69062042e-01 -2.68497884e-01 -2.66892433e-01 -2.63957143e-01
 -2.59350181e-01 -2.52710104e-01 -2.43716627e-01 -2.32171446e-01 -2.18072116e-01
 -2.01639116e-01 -1.83265731e-01 -1.63392574e-01 -1.42353281e-01 -1.20321788e-01
 -9.73309726e-02 -7.33278841e-02 -4.82671037e-02 -2.22526640e-02  4.25859960e-03
  3.02000456e-02  5.52931055e-02  7.95977116e-02  1.03110135e-01  1.25790104e-01
  1.47573680e-01  1.68380544e-01  1.88119575e-01  2.06694812e-01  2.24012449e-01
  1.23571910e-01  1.18367776e-01  1.06643558e-01  9.28434953e-02  7.90096596e-02
  6.49241880e-02  5.04798517e-02  3.56236771e-02  2.03158893e-02  4.21742024e-03
 -1.25212856e-02 -2.97161825e-02 -4.71723229e-02 -6.47004321e-02 -8.21268857e-02
 -9.92976651e-02 -1.16077580e-01 -1.32346362e-01 -1.47993103e-01 -1.62910312e-01
 -1.76988691e-01 -1.90113097e-01 -2.02162892e-01 -2.13037297e-01 -2.22682565e-01
 -2.31101975e-01 -2.38351583e-01 -2.44526595e-01 -2.49743760e-01 -2.54124224e-01
 -2.57779062e-01 -2.60798573e-01 -2.63244569e-01 -2.65144289e-01 -2.66485125e-01
 -2.67208755e-01 -2.67204642e-01 -2.66303420e-01 -2.64272928e-01 -2.60821402e-01
 -2.55615473e-01 -2.48319790e-01 -2.38660529e-01 -2.26500824e-01 -2.11898744e-01
 -1.95112363e-01 -1.76531643e-01 -1.56545520e-01 -1.35418206e-01 -1.13266893e-01
 -9.00865644e-02 -6.58103526e-02 -4.04105484e-02 -1.40529778e-02  1.26830637e-02
  3.85358036e-02  6.37789965e-02  8.83934647e-02  1.12338290e-01  1.35549948e-01
  1.57941774e-01  1.79404333e-01  1.99807912e-01  2.19008490e-01  2.36857921e-01
  1.22236364e-01  1.16509624e-01  1.06151402e-01  9.33308229e-02  7.97892362e-02
  6.58436567e-02  5.15158959e-02  3.67838778e-02  2.16175579e-02  5.66744944e-03
 -1.09188240e-02 -2.79601291e-02 -4.52639088e-02 -6.26427233e-02 -7.99244419e-02
 -9.69566330e-02 -1.13606200e-01 -1.29755870e-01 -1.45298913e-01 -1.60133392e-01
 -1.74156949e-01 -1.87262654e-01 -1.99337363e-01 -2.10279793e-01 -2.20028430e-01
 -2.28574052e-01 -2.35957995e-01 -2.42260903e-01 -2.47586399e-01 -2.52044469e-01
 -2.55736679e-01 -2.58744836e-01 -2.61122108e-01 -2.62886375e-01 -2.64013976e-01
 -2.64433950e-01 -2.64022022e-01 -2.62596250e-01 -2.59916931e-01 -2.55696386e-01
 -2.49624461e-01 -2.41414666e-01 -2.30866969e-01 -2.17930093e-01 -2.02734619e-01
 -1.85569778e-01 -1.66795984e-01 -1.46715671e-01 -1.25505373e-01 -1.03214085e-01
 -7.97956288e-02 -5.51759563e-02 -2.93634478e-02 -2.61479313e-03  2.43407190e-02
  5.00619411e-02  7.54832253e-02  1.00512154e-01  1.25073418e-01  1.49082363e-01
  1.72429025e-01  1.94967106e-01  2.16507882e-01  2.36822084e-01  2.55654424e-01
  1.22989550e-01  1.17597826e-01  1.06909066e-01  9.39014778e-02  8.04726630e-02
  6.67230487e-02  5.26136309e-02  3.81136537e-02  2.31978130e-02  7.50615727e-03
 -8.81954841e-03 -2.56036222e-02 -4.26572636e-02 -5.97952716e-02 -7.68468902e-02
 -9.36608911e-02 -1.10105932e-01 -1.26067594e-01 -1.41443610e-01 -1.56138375e-01
 -1.70057818e-01 -1.83105260e-01 -1.95178673e-01 -2.06179053e-01 -2.16036722e-01
 -2.24726826e-01 -2.32271105e-01 -2.38729656e-01 -2.44186893e-01 -2.48735815e-01
 -2.52463311e-01 -2.55437851e-01 -2.57699877e-01 -2.59253889e-01 -2.60062039e-01
 -2.60038316e-01 -2.59044588e-01 -2.56889760e-01 -2.53335744e-01 -2.48115152e-01
 -2.40964681e-01 -2.31673613e-01 -2.20138177e-01 -2.06401497e-01 -1.90655544e-01
 -1.73190206e-01 -1.54292405e-01 -1.34159625e-01 -1.12878390e-01 -9.04355049e-02
 -6.67614341e-02 -4.18119729e-02 -1.57005675e-02  1.11069260e-02  3.75476852e-02
  6.36805668e-02  8.95755216e-02  1.15249515e-01  1.40686855e-01  1.65839210e-01
  1.90614149e-01  2.14854956e-01  2.38313809e-01  2.60627985e-01  2.81325281e-01
  1.22474737e-01  1.17197327e-01  1.06713332e-01  9.40279067e-02  8.09591040e-02
  6.75475225e-02  5.37558161e-02  3.95707153e-02  2.49887351e-02  9.66667011e-03
 -6.28364878e-03 -2.26994008e-02 -3.93974632e-02 -5.61949797e-02 -7.29220361e-02
 -8.94278511e-02 -1.05582036e-01 -1.21272355e-01 -1.36400491e-01 -1.50877014e-01
 -1.64616406e-01 -1.77533045e-01 -1.89538285e-01 -2.00541019e-01 -2.10466087e-01
 -2.19272643e-01 -2.26959750e-01 -2.33562008e-01 -2.39138409e-01 -2.43758440e-01
 -2.47487903e-01 -2.50376284e-01 -2.52446353e-01 -2.53685713e-01 -2.54040420e-01
 -2.53410608e-01 -2.51649678e-01 -2.48568654e-01 -2.43949533e-01 -2.37570241e-01
 -2.29241312e-01 -2.18848974e-01 -2.06391037e-01 -1.91988170e-01 -1.75855532e-01
 -1.58231080e-01 -1.39297575e-01 -1.19152158e-01 -9.78030562e-02 -7.51937777e-02
 -5.12607880e-02 -2.60366481e-02  1.84796052e-04  2.66100317e-02  5.29254153e-02
  7.91932344e-02  1.05472468e-01  1.31814048e-01  1.58258706e-01  1.84830874e-01
  2.11524606e-01  2.38273159e-01  2.64883965e-01  2.90901870e-01  3.15401822e-01
  1.19769320e-01  1.14010401e-01  1.05056696e-01  9.38150212e-02  8.14279169e-02
  6.84259757e-02  5.49745783e-02  4.11106385e-02  2.68222429e-02  1.20636998e-02
 -3.36912763e-03 -1.92959905e-02 -3.55279371e-02 -5.18800803e-02 -6.81814849e-02
 -8.42807069e-02 -1.00047275e-01 -1.15370020e-01 -1.30153403e-01 -1.44312978e-01
 -1.57770768e-01 -1.70451298e-01 -1.82278782e-01 -1.93175420e-01 -2.03066871e-01
 -2.11899564e-01 -2.19650045e-01 -2.26324737e-01 -2.31952488e-01 -2.36573309e-01
 -2.40225703e-01 -2.42934555e-01 -2.44700894e-01 -2.45493785e-01 -2.45245174e-01
 -2.43848234e-01 -2.41160840e-01 -2.37015888e-01 -2.31240362e-01 -2.23682836e-01
 -2.14245558e-01 -2.02912435e-01 -1.89760312e-01 -1.74942330e-01 -1.58637092e-01
 -1.40991464e-01 -1.22092061e-01 -1.01954259e-01 -8.05325434e-02 -5.77575602e-02
 -3.36089320e-02 -8.23649392e-03  1.78601425e-02  4.36095297e-02  6.95614219e-02
  9.57393274e-02  1.22206450e-01  1.49053112e-01  1.76393092e-01  2.04364344e-01
  2.33132496e-01  2.62898475e-01  2.93919772e-01  3.26569527e-01  3.61022383e-01
  1.27150193e-01  1.23684689e-01  1.09298885e-01  9.52965990e-02  8.24112222e-02
  6.94938451e-02  5.63280135e-02  4.28474694e-02  2.90157869e-02  1.48015115e-02
 -6.34124663e-05 -1.54197374e-02 -3.10899764e-02 -4.68953550e-02 -6.26677051e-02
 -7.82563761e-02 -9.35308710e-02 -1.08380221e-01 -1.22710176e-01 -1.36439323e-01
 -1.49494901e-01 -1.61809146e-01 -1.73316345e-01 -1.83951169e-01 -1.93648279e-01
 -2.02348575e-01 -2.10010499e-01 -2.16613680e-01 -2.22155660e-01 -2.26643994e-01
 -2.30086282e-01 -2.32480004e-01 -2.33803660e-01 -2.34010637e-01 -2.33026370e-01
 -2.30750337e-01 -2.27063626e-01 -2.21843079e-01 -2.14981019e-01 -2.06407875e-01
 -1.96111456e-01 -1.84144646e-01 -1.70613304e-01 -1.55639887e-01 -1.39330015e-01
 -1.21749707e-01 -1.02913164e-01 -8.27862322e-02 -6.13113046e-02 -3.84618454e-02
 -1.43381068e-02  1.06837330e-02  3.57496366e-02  6.09869882e-02  8.64909962e-02
  1.12356231e-01  1.38696015e-01  1.65654078e-01  1.93415865e-01  2.22223103e-01
  2.52395064e-01  2.84360170e-01  3.18695486e-01  3.56065989e-01  3.95793885e-01
  1.20002910e-01  1.14823453e-01  1.06038101e-01  9.48745087e-02  8.27744752e-02
  7.02997074e-02  5.75683266e-02  4.45807204e-02  3.13113406e-02  1.77292358e-02
  3.52437189e-03 -1.11615025e-02 -2.61642206e-02 -4.13137972e-02 -5.64468578e-02
 -7.14145452e-02 -8.60863104e-02 -1.00350440e-01 -1.14112206e-01 -1.27290815e-01
 -1.39815763e-01 -1.51623383e-01 -1.62653968e-01 -1.72849864e-01 -1.82154536e-01
 -1.90512896e-01 -1.97874114e-01 -2.04197779e-01 -2.09454477e-01 -2.13622138e-01
 -2.16679588e-01 -2.18599647e-01 -2.19343409e-01 -2.18856826e-01 -2.17071027e-01
 -2.13907123e-01 -2.09285498e-01 -2.03138843e-01 -1.95426539e-01 -1.86146080e-01
 -1.75336242e-01 -1.63065091e-01 -1.49410203e-01 -1.34440824e-01 -1.18200943e-01
 -1.00699343e-01 -8.19107965e-02 -6.17939942e-02 -4.03333455e-02 -1.76144559e-02
  6.05620723e-03  2.99852416e-02  5.41143566e-02  7.85037130e-02  1.03231780e-01
  1.28396407e-01  1.54121712e-01  1.80568010e-01  2.07945064e-01  2.36530438e-01
  2.66694516e-01  2.98933655e-01  3.33908468e-01  3.72505397e-01  4.16205823e-01
  1.23609655e-01  1.20389111e-01  1.08143903e-01  9.50170010e-02  8.28180462e-02
  7.07040578e-02  5.84891662e-02  4.61069755e-02  3.35159972e-02  2.06805188e-02
  7.25195650e-03 -6.64485898e-03 -2.08600108e-02 -3.52337696e-02 -4.96088043e-02
 -6.38387054e-02 -7.77927637e-02 -9.13575664e-02 -1.04436278e-01 -1.16946362e-01
 -1.28816590e-01 -1.39983878e-01 -1.50390506e-01 -1.59981892e-01 -1.68705195e-01
 -1.76508665e-01 -1.83341920e-01 -1.89156413e-01 -1.93906531e-01 -1.97550133e-01
 -2.00046435e-01 -2.01353043e-01 -2.01423705e-01 -2.00207993e-01 -1.97653666e-01
 -1.93711922e-01 -1.88344762e-01 -1.81532621e-01 -1.73278883e-01 -1.63607970e-01
 -1.52560070e-01 -1.40181988e-01 -1.26515299e-01 -1.11585513e-01 -9.53956693e-02
 -7.79281482e-02 -5.91594949e-02 -3.90943326e-02 -1.78260654e-02  4.36694873e-03
  2.68875342e-02  4.96233441e-02  7.26042762e-02  9.58737582e-02  1.19491152e-01
  1.43534854e-01  1.68107167e-01  1.93341374e-01  2.19411582e-01  2.46546894e-01
  2.75053203e-01  3.05350423e-01  3.38056952e-01  3.74336988e-01  4.19487506e-01
  1.16593838e-01  1.11896113e-01  1.03562340e-01  9.30199996e-02  8.17927718e-02
  7.03813806e-02  5.88676147e-02  4.72363010e-02  3.54554802e-02  2.34932769e-02
  1.09711746e-02 -2.00452888e-03 -1.53005170e-02 -2.87691969e-02 -4.22605872e-02
 -5.56314066e-02 -6.87508285e-02 -8.15032125e-02 -9.37884077e-02 -1.05520405e-01
 -1.16625004e-01 -1.27037093e-01 -1.36698037e-01 -1.45553321e-01 -1.53550878e-01
 -1.60639912e-01 -1.66770309e-01 -1.71892539e-01 -1.75957859e-01 -1.78918645e-01
 -1.80728436e-01 -1.81342155e-01 -1.80716902e-01 -1.78813383e-01 -1.75598443e-01
 -1.71047866e-01 -1.65149167e-01 -1.57903120e-01 -1.49323046e-01 -1.39431134e-01
 -1.28252804e-01 -1.15809821e-01 -1.02114029e-01 -8.71644542e-02 -7.09508732e-02
 -5.34681268e-02 -3.47464345e-02 -1.49035351e-02  5.77841885e-03  2.67467350e-02
  4.79490571e-02  6.93865642e-02  9.10686627e-02  1.13014475e-01  1.35254294e-01
  1.57831162e-01  1.80802748e-01  2.04243451e-01  2.28246450e-01  2.52925545e-01
  2.78415710e-01  3.04869503e-01  3.32437813e-01  3.61181587e-01  3.89942229e-01
  1.15895607e-01  1.12470485e-01  1.02366142e-01  9.08202901e-02  7.99335018e-02
  6.92417920e-02  5.85657805e-02  4.78270315e-02  3.69827524e-02  2.60110106e-02
  1.45376353e-02  2.62702536e-03 -9.61004291e-03 -2.20393464e-02 -3.45185772e-02
 -4.69078608e-02 -5.90764694e-02 -7.09064975e-02 -8.22941065e-02 -9.31489989e-02
 -1.03392832e-01 -1.12957031e-01 -1.21780485e-01 -1.29807368e-01 -1.36985362e-01
 -1.43264368e-01 -1.48595661e-01 -1.52931601e-01 -1.56225711e-01 -1.58433139e-01
 -1.59511372e-01 -1.59421265e-01 -1.58128232e-01 -1.55603662e-01 -1.51826233e-01
 -1.46782950e-01 -1.40469238e-01 -1.32888034e-01 -1.24047376e-01 -1.13957055e-01
 -1.02624789e-01 -9.00534242e-02 -7.62408674e-02 -6.11854345e-02 -4.49001640e-02
 -2.74406765e-02 -8.95406771e-03  1.02432501e-02  2.95981541e-02  4.92297746e-02
  6.91099912e-02  8.92167464e-02  1.09534055e-01  1.30051985e-01  1.50766551e-01
  1.71679258e-01  1.92796111e-01  2.14125305e-01  2.35672683e-01  2.57433236e-01
  2.79375345e-01  3.01411390e-01  3.23342651e-01  3.44739139e-01  3.64648342e-01
  1.07325628e-01  1.02938145e-01  9.53298062e-02  8.61128867e-02  7.66372010e-02
  6.71112686e-02  5.75156435e-02  4.78198752e-02  3.79963927e-02  2.80129369e-02
  1.78188644e-02  7.13980664e-03 -3.89789068e-03 -1.51585210e-02 -2.65024230e-02
 -3.77921686e-02 -4.88976948e-02 -5.96997328e-02 -7.00914636e-02 -7.99786896e-02
 -8.92789066e-02 -9.79197621e-02 -1.05837159e-01 -1.12973467e-01 -1.19275831e-01
 -1.24694958e-01 -1.29184186e-01 -1.32699147e-01 -1.35197654e-01 -1.36640131e-01
 -1.36990130e-01 -1.36215195e-01 -1.34287536e-01 -1.31184772e-01 -1.26890197e-01
 -1.21392585e-01 -1.14685349e-01 -1.06765039e-01 -9.76296589e-02 -8.72772411e-02
 -7.57058114e-02 -6.29162043e-02 -4.89194803e-02 -3.37517336e-02 -1.74989905e-02
 -3.30294366e-04  1.74543392e-02  3.52026746e-02  5.33065274e-02  7.17025623e-02
  9.03392360e-02  1.09171443e-01  1.28158003e-01  1.47260383e-01  1.66441530e-01
  1.85664698e-01  2.04891205e-01  2.24077031e-01  2.43166894e-01  2.62085080e-01
  2.80721426e-01  2.98911005e-01  3.16408008e-01  3.32861006e-01  3.47818136e-01
  9.86800268e-02  9.38653648e-02  8.76492113e-02  8.03724155e-02  7.25077912e-02
  6.43185228e-02  5.59239835e-02  4.73759063e-02  3.86942588e-02  2.98828576e-02
  2.09373478e-02  1.15299569e-02  1.76677865e-03 -8.23172648e-03 -1.83376260e-02
 -2.84217689e-02 -3.83589678e-02 -4.80317809e-02 -5.73328100e-02 -6.61656335e-02
 -7.44446889e-02 -8.20944011e-02 -8.90479311e-02 -9.52457339e-02 -1.00634232e-01
 -1.05164625e-01 -1.08792037e-01 -1.11474954e-01 -1.13174997e-01 -1.13856912e-01
 -1.13488778e-01 -1.12042256e-01 -1.09492809e-01 -1.05819695e-01 -1.01005755e-01
 -9.50368568e-02 -8.79011676e-02 -7.95886442e-02 -7.00913295e-02 -5.94056994e-02
 -4.75383624e-02 -3.45172286e-02 -2.04087067e-02 -5.34459623e-03  1.04241418e-02
  2.65125651e-02  4.29387689e-02  5.97086102e-02  7.67902434e-02  9.41351876e-02
  1.11687891e-01  1.29389182e-01  1.47177473e-01  1.64989099e-01  1.82758272e-01
  2.00416654e-01  2.17892334e-01  2.35107943e-01  2.51977354e-01  2.68400878e-01
  2.84258991e-01  2.99405426e-01  3.13662380e-01  3.26822013e-01  3.38659853e-01
  9.32564065e-02  8.89112577e-02  8.25060681e-02  7.55581632e-02  6.85486123e-02
  6.13695309e-02  5.40417172e-02  4.65972051e-02  3.90606076e-02  3.14486176e-02
  2.37725191e-02  1.56779196e-02  7.25136045e-03 -1.40639301e-03 -1.01842042e-02
 -1.89659055e-02 -2.76353825e-02 -3.60806733e-02 -4.41968590e-02 -5.18877208e-02
 -5.90664297e-02 -6.56554028e-02 -7.15856850e-02 -7.67960325e-02 -8.12318847e-02
 -8.48443657e-02 -8.75894278e-02 -8.94271210e-02 -9.03211236e-02 -9.02383626e-02
 -8.91488791e-02 -8.70256871e-02 -8.38446543e-02 -7.95843601e-02 -7.42259994e-02
 -6.77535385e-02 -6.01540506e-02 -5.14188781e-02 -4.15469520e-02 -3.05523090e-02
 -1.84758790e-02 -5.41268429e-03  8.46612826e-03  2.29313318e-02  3.73947881e-02
  5.24421930e-02  6.79588169e-02  8.38678107e-02  1.00101985e-01  1.16593532e-01
  1.33270413e-01  1.50055051e-01  1.66864082e-01  1.83608636e-01  2.00195268e-01
  2.16527089e-01  2.32505217e-01  2.48029798e-01  2.63000637e-01  2.77316928e-01
  2.90876240e-01  3.03573489e-01  3.15300852e-01  3.25950354e-01  3.35419893e-01
  8.67149383e-02  8.20972025e-02  7.67020807e-02  7.07560703e-02  6.45557567e-02
  5.82401119e-02  5.18609323e-02  4.54439372e-02  3.90073843e-02  3.25688161e-02
  2.61516869e-02  1.94065534e-02  1.23740388e-02  5.12721017e-03 -2.24270485e-03
 -9.63487383e-03 -1.69448406e-02 -2.40689553e-02 -3.09076067e-02 -3.73673774e-02
 -4.33623083e-02 -4.88144010e-02 -5.36536388e-02 -5.78175932e-02 -6.12508059e-02
 -6.39040098e-02 -6.57332614e-02 -6.66991174e-02 -6.67658970e-02 -6.59011081e-02
 -6.40751943e-02 -6.12614974e-02 -5.74362688e-02 -5.25788702e-02 -4.66728620e-02
 -3.97087224e-02 -3.16865332e-02 -2.26182044e-02 -1.25319771e-02 -1.49140845e-03
  1.04196770e-02  2.29778979e-02  3.56761813e-02  4.90643047e-02  6.29821941e-02
  7.74094239e-02  9.22983289e-02  1.07590720e-01  1.23220876e-01  1.39114693e-01
  1.55188277e-01  1.71346605e-01  1.87483221e-01  2.03480884e-01  2.19213709e-01
  2.34551042e-01  2.49362439e-01  2.63523459e-01  2.76920944e-01  2.89457321e-01
  3.01052630e-01  3.11645091e-01  3.21189910e-01  3.29657555e-01  3.37032288e-01
  8.19755420e-02  7.80895427e-02  7.19376132e-02  6.59312382e-02  6.02595694e-02
  5.46954386e-02  4.92003411e-02  4.37637232e-02  3.83813046e-02  3.30496840e-02
  2.77611073e-02  2.24914458e-02  1.69280544e-02  1.11537455e-02  5.25437295e-03
 -6.79638993e-04 -6.55484851e-03 -1.22772837e-02 -1.77548956e-02 -2.28995495e-02
 -2.76284609e-02 -3.18651199e-02 -3.55398655e-02 -3.85901816e-02 -4.09606174e-02
 -4.26023044e-02 -4.34721522e-02 -4.35318537e-02 -4.27468121e-02 -4.10854183e-02
 -3.85192148e-02 -3.50244530e-02 -3.05825416e-02 -2.51797941e-02 -1.88090727e-02
 -1.14839375e-02 -3.24826897e-03  5.82555821e-03  1.56700648e-02  2.60188784e-02
  3.70420888e-02  4.87598591e-02  6.10651821e-02  7.39626139e-02  8.74215662e-02
  1.01409577e-01  1.15886070e-01  1.30800843e-01  1.46092430e-01  1.61685824e-01
  1.77489609e-01  1.93393141e-01  2.09264457e-01  2.24950090e-01  2.40277991e-01
  2.55064726e-01  2.69126952e-01  2.82295704e-01  2.94430226e-01  3.05428743e-01
  3.15234065e-01  3.23833615e-01  3.31253827e-01  3.37550163e-01  3.42795432e-01
  7.42666274e-02  6.98321462e-02  6.50133342e-02  6.00257367e-02  5.51240519e-02
  5.03917076e-02  4.58239168e-02  4.13987339e-02  3.70990373e-02  3.29172425e-02
  2.88559757e-02  2.49299351e-02  2.07872260e-02  1.64765622e-02  1.20614991e-02
  7.61525612e-03  3.21685034e-03 -1.05204841e-03 -5.10962354e-03 -8.87578353e-03
 -1.22734690e-02 -1.52296312e-02 -1.76763665e-02 -1.95526425e-02 -2.08052099e-02
 -2.13885922e-02 -2.12643426e-02 -2.03997269e-02 -1.87657084e-02 -1.63345691e-02
 -1.30797215e-02 -8.98863282e-03 -4.06397320e-03  1.68479048e-03  8.27376079e-03
  1.56565998e-02  2.36827098e-02  3.20317931e-02  4.12272289e-02  5.11504933e-02
  6.17638156e-02  7.30427206e-02  8.49579796e-02  9.74906161e-02  1.10620789e-01
  1.24325834e-01  1.38577431e-01  1.53338596e-01  1.68560162e-01  1.84176147e-01
  2.00097933e-01  2.16207251e-01  2.32348517e-01  2.48322576e-01  2.63885498e-01
  2.78758019e-01  2.92649597e-01  3.05294037e-01  3.16484123e-01  3.26095283e-01
  3.34095538e-01  3.40544194e-01  3.45578372e-01  3.49386543e-01  3.52172762e-01
  6.71307519e-02  6.31223097e-02  5.78501523e-02  5.29898182e-02  4.88250069e-02
  4.50477637e-02  4.15294990e-02  3.82015295e-02  3.50301899e-02  3.20057943e-02
  2.91368905e-02  2.64485124e-02  2.37176288e-02  2.08503176e-02  1.79004762e-02
  1.49301914e-02  1.20065417e-02  9.19890404e-03  6.57700794e-03  4.20986256e-03
  2.16564676e-03  5.12356695e-04 -6.82468468e-04 -1.36004761e-03 -1.47306302e-03
 -9.85543360e-04  1.27559004e-04  1.88117148e-03  4.28338489e-03  7.34744314e-03
  1.11294398e-02  1.56153431e-02  2.07266379e-02  2.62848940e-02  3.25823613e-02
  3.96313965e-02  4.73522469e-02  5.56929670e-02  6.46923110e-02  7.43518993e-02
  8.46675262e-02  9.56343859e-02  1.07247837e-01  1.19505003e-01  1.32403582e-01
  1.45940393e-01  1.60109371e-01  1.74898788e-01  1.90287232e-01  2.06237763e-01
  2.22689182e-01  2.39543349e-01  2.56646723e-01  2.73765355e-01  2.90556490e-01
  3.06555003e-01  3.21217269e-01  3.34040403e-01  3.44672084e-01  3.52937430e-01
  3.58838588e-01  3.62552434e-01  3.64426315e-01  3.64931792e-01  3.64537030e-01
  5.55256754e-02  5.08022867e-02  4.68441993e-02  4.36079912e-02  4.09035049e-02
  3.85064445e-02  3.62834707e-02  3.41793038e-02  3.21808532e-02  3.02966852e-02
  2.85475682e-02  2.69618668e-02  2.55715884e-02  2.40711607e-02  2.25096382e-02
  2.09444258e-02  1.94342975e-02  1.80365983e-02  1.68058947e-02  1.57936662e-02
  1.50502445e-02  1.46329748e-02  1.46314865e-02  1.51046570e-02  1.60862282e-02
  1.75936390e-02  1.96274035e-02  2.21634638e-02  2.51351632e-02  2.83937491e-02
  3.23994383e-02  3.70632224e-02  4.23287526e-02  4.81633954e-02  5.45909554e-02
  6.16210923e-02  6.92485794e-02  7.74701983e-02  8.62944722e-02  9.57311541e-02
  1.05790839e-01  1.16485678e-01  1.27830043e-01  1.39841154e-01  1.52539223e-01
  1.65947288e-01  1.80090740e-01  1.94996133e-01  2.10689008e-01  2.27189839e-01
  2.44506806e-01  2.62623101e-01  2.81474531e-01  3.00906986e-01  3.20585787e-01
  3.39783609e-01  3.57124239e-01  3.71257544e-01  3.81860495e-01  3.88660699e-01
  3.91741335e-01  3.91393185e-01  3.88129860e-01  3.83463323e-01  3.78604680e-01
  3.99933271e-02  3.40366364e-02  3.22368704e-02  3.21171395e-02  3.18234600e-02
  3.12301461e-02  3.04620713e-02  2.96167172e-02  2.87630130e-02  2.79547293e-02
  2.72384360e-02  2.66587101e-02  2.62641720e-02  2.59896778e-02  2.56641079e-02
  2.53616907e-02  2.51383409e-02  2.50389855e-02  2.50985567e-02  2.53383536e-02
  2.57561412e-02  2.63034347e-02  2.73053218e-02  2.87884716e-02  3.07309143e-02
  3.31230126e-02  3.59565690e-02  3.92207727e-02  4.29041870e-02  4.70082574e-02
  5.15902936e-02  5.66635281e-02  6.22273088e-02  6.82811067e-02  7.48317242e-02
  8.18878636e-02  8.94586667e-02  9.75557268e-02  1.06194802e-01  1.15395278e-01
  1.25180095e-01  1.35576069e-01  1.46614537e-01  1.58332199e-01  1.70772240e-01
  1.83985621e-01  1.98032692e-01  2.12985143e-01  2.28928030e-01  2.45961711e-01
  2.64203101e-01  2.83785105e-01  3.04853350e-01  3.27563316e-01  3.52115571e-01
  3.79206508e-01  4.10133600e-01  4.19285953e-01  4.34089333e-01  4.37374622e-01
  4.35364634e-01  4.34639037e-01  4.14949179e-01  4.01415497e-01  3.91105026e-01
  2.66307388e-02  1.92327723e-02  2.00083815e-02  2.24448778e-02  2.37418283e-02
  2.44326871e-02  2.47948784e-02  2.49814875e-02  2.50949096e-02  2.52098702e-02
  2.53822841e-02  2.56525148e-02  2.60442253e-02  2.65561063e-02  2.71747392e-02
  2.79126540e-02  2.87916549e-02  2.98357289e-02  3.10678445e-02  3.25089134e-02
  3.41794789e-02  3.61078829e-02  3.83557789e-02  4.09562625e-02  4.39212769e-02
  4.72531915e-02  5.09494729e-02  5.50054982e-02  5.94176278e-02  6.41871467e-02
  6.93229213e-02  7.48316348e-02  8.07183832e-02  8.69893879e-02  9.36540663e-02
  1.00725330e-01  1.08219750e-01  1.16157949e-01  1.24564976e-01  1.33470401e-01
  1.42908573e-01  1.52918994e-01  1.63547128e-01  1.74845666e-01  1.86876327e-01
  1.99712589e-01  2.13443339e-01  2.28178129e-01  2.44054332e-01  2.61247218e-01
  2.79983222e-01  3.00556868e-01  3.23349118e-01  3.48849118e-01  3.77747297e-01
  4.10482109e-01  4.33006167e-01  4.48653519e-01  4.60791856e-01  4.60064948e-01
  4.59651172e-01  4.44025964e-01  4.25299704e-01  4.09516275e-01  3.96844357e-01
  2.33642533e-02  1.69824455e-02  1.52937528e-02  1.61807556e-02  1.75224431e-02
  1.87143777e-02  1.97101384e-02  2.05797628e-02  2.14046407e-02  2.22545639e-02
  2.31839307e-02  2.42324546e-02  2.54267622e-02  2.67826114e-02  2.83101778e-02
  3.00208833e-02  3.19280624e-02  3.40461023e-02  3.63895968e-02  3.89729887e-02
  4.18109708e-02  4.49195653e-02  4.83163446e-02  5.20128459e-02  5.60128503e-02
  6.03137687e-02  6.49085790e-02  6.97878972e-02  7.49420896e-02  8.03632513e-02
  8.60464349e-02  9.19894874e-02  9.81936976e-02  1.04664773e-01  1.11413814e-01
  1.18457735e-01  1.25819370e-01  1.33527368e-01  1.41615897e-01  1.50124446e-01
  1.59097508e-01  1.68584868e-01  1.78642139e-01  1.89331949e-01  2.00725973e-01
  2.12907970e-01  2.25978330e-01  2.40060702e-01  2.55311817e-01  2.71936536e-01
  2.90211260e-01  3.10522646e-01  3.33433092e-01  3.59776616e-01  3.90292019e-01
  4.18780923e-01  4.37470436e-01  4.53472584e-01  4.59371418e-01  4.60572302e-01
  4.53589469e-01  4.36791718e-01  4.20016468e-01  4.05827165e-01  3.93961757e-01
  1.31589714e-02  4.51435149e-03  6.97106495e-03  1.04628522e-02  1.24098491e-02
  1.38715645e-02  1.51516143e-02  1.63897108e-02  1.76760722e-02  1.90749168e-02
  2.06315704e-02  2.23769397e-02  2.43313983e-02  2.65082680e-02  2.89170612e-02
  3.15660238e-02  3.44632380e-02  3.76167297e-02  4.10340577e-02  4.47218008e-02
  4.86850776e-02  5.29269762e-02  5.74476719e-02  6.22428209e-02  6.73027560e-02
  7.26126805e-02  7.81536251e-02  8.39038566e-02  8.98407474e-02  9.59428772e-02
  1.02192067e-01  1.08575299e-01  1.15086466e-01  1.21727787e-01  1.28510743e-01
  1.35456309e-01  1.42594457e-01  1.49963200e-01  1.57607362e-01  1.65577173e-01
  1.73927248e-01  1.82715893e-01  1.92005023e-01  2.01860711e-01  2.12354586e-01
  2.23566011e-01  2.35585436e-01  2.48519033e-01  2.62495399e-01  2.77675331e-01
  2.94266671e-01  3.12547922e-01  3.32905203e-01  3.55845094e-01  3.81217837e-01
  4.03059721e-01  4.18080658e-01  4.30642039e-01  4.34787512e-01  4.35605109e-01
  4.28555220e-01  4.15911049e-01  4.04070109e-01  3.93504292e-01  3.84124696e-01
  1.70335304e-02  1.01211341e-02  7.58048380e-03  7.71323033e-03  8.61795899e-03
  9.66411363e-03  1.08037936e-02  1.21077793e-02  1.36413537e-02  1.54445320e-02
  1.75366905e-02  1.99246518e-02  2.26092618e-02  2.55896877e-02  2.88657937e-02
  3.24390158e-02  3.63121405e-02  4.04884033e-02  4.49702702e-02  4.97582480e-02
  5.48497215e-02  6.02379702e-02  6.59112483e-02  7.18519241e-02  7.80359879e-02
  8.44330117e-02  9.10067633e-02  9.77165252e-02  1.04519255e-01  1.11372598e-01
  1.18238442e-01  1.25086755e-01  1.31899104e-01  1.38671428e-01  1.45415410e-01
  1.52158320e-01  1.58941492e-01  1.65817544e-01  1.72847092e-01  1.80095524e-01
  1.87630147e-01  1.95518345e-01  2.03826383e-01  2.12619245e-01  2.21961007e-01
  2.31915697e-01  2.42548361e-01  2.53925949e-01  2.66117722e-01  2.79193759e-01
  2.93220013e-01  3.08244199e-01  3.24262947e-01  3.41147244e-01  3.58203590e-01
  3.73105705e-01  3.84933531e-01  3.93332839e-01  3.97951543e-01  3.98613155e-01
  3.95296305e-01  3.89607459e-01  3.83177936e-01  3.76577854e-01  3.70132715e-01
  8.23980104e-03 -1.63582363e-03  1.91056565e-03  4.42312611e-03  4.94550448e-03
  5.29080443e-03  5.95250260e-03  7.10054813e-03  8.77143629e-03  1.09440051e-02
  1.35775376e-02  1.66306645e-02  2.00700257e-02  2.38732006e-02  2.80282628e-02
  3.25314514e-02  3.73840220e-02  4.25889716e-02  4.81481105e-02  5.40597104e-02
  6.03167489e-02  6.69056773e-02  7.38054737e-02  8.09868574e-02  8.84114057e-02
  9.60309431e-02  1.03787236e-01  1.11612879e-01  1.19433723e-01  1.27173468e-01
  1.34760216e-01  1.42134190e-01  1.49255216e-01  1.56108484e-01  1.62707299e-01
  1.69092268e-01  1.75327078e-01  1.81491852e-01  1.87675491e-01  1.93968698e-01
  2.00458437e-01  2.07224622e-01  2.14338318e-01  2.21861526e-01  2.29847282e-01
  2.38340065e-01  2.47375563e-01  2.56979346e-01  2.67163575e-01  2.77920485e-01
  2.89210349e-01  3.00940782e-01  3.12931865e-01  3.24865103e-01  3.36242020e-01
  3.46451312e-01  3.54951233e-01  3.61370265e-01  3.65511090e-01  3.67361486e-01
  3.67135227e-01  3.65272969e-01  3.62296849e-01  3.58648479e-01  3.54648560e-01
  2.14036182e-02  1.34136407e-02  7.73705961e-03  3.79608176e-03  1.02674915e-03
 -5.03367977e-04 -6.96370960e-04  3.05715512e-04  2.27913493e-03  5.02573187e-03
  8.38922337e-03  1.22556984e-02  1.65514164e-02  2.12371107e-02  2.62996722e-02
  3.17429341e-02  3.75790633e-02  4.38214801e-02  5.04795425e-02  5.75550161e-02
  6.50401786e-02  7.29171932e-02  8.11580643e-02  8.97243172e-02  9.85656232e-02
  1.07617155e-01  1.16796352e-01  1.26000643e-01  1.35108367e-01  1.43985197e-01
  1.52496696e-01  1.60525665e-01  1.67989537e-01  1.74853817e-01  1.81138217e-01
  1.86914325e-01  1.92294911e-01  1.97417215e-01  2.02424988e-01  2.07453609e-01
  2.12620974e-01  2.18023881e-01  2.23738149e-01  2.29820505e-01  2.36310691e-01
  2.43233114e-01  2.50597328e-01  2.58396983e-01  2.66607136e-01  2.75179029e-01
  2.84032792e-01  2.93047637e-01  3.02051663e-01  3.10816616e-01  3.19066077e-01
  3.26505095e-01  3.32863599e-01  3.37936372e-01  3.41608644e-01  3.43869150e-01
  3.44809920e-01  3.44607890e-01  3.43486965e-01  3.41676056e-01  3.39379668e-01
  2.62694899e-02  1.72460005e-02  8.44483171e-03 -1.04577208e-04 -7.76042929e-03
 -1.16037372e-02 -1.15446206e-02 -9.72033851e-03 -6.67213136e-03 -2.74425838e-03
  1.78816367e-03  6.74991868e-03  1.20526478e-02  1.76752079e-02  2.36400589e-02
  2.99911108e-02  3.67771015e-02  4.40403484e-02  5.18095307e-02  6.00956082e-02
  6.88907951e-02  7.81710520e-02  8.79008323e-02  9.80365574e-02  1.08525574e-01
  1.19299166e-01  1.30260736e-01  1.41271725e-01  1.52141243e-01  1.62629187e-01
  1.72472045e-01  1.81428269e-01  1.89324260e-01  1.96085513e-01  2.01749876e-01
  2.06463471e-01  2.10455358e-01  2.13991702e-01  2.17326477e-01  2.20669910e-01
  2.24179223e-01  2.27963671e-01  2.32094094e-01  2.36612156e-01  2.41537228e-01
  2.46870801e-01  2.52598703e-01  2.58691490e-01  2.65103459e-01  2.71770507e-01
  2.78607309e-01  2.85505056e-01  2.92330414e-01  2.98928529e-01  3.05130988e-01
  3.10769439e-01  3.15692574e-01  3.19782883e-01  3.22968990e-01  3.25232297e-01
  3.26605886e-01  3.27166438e-01  3.27020317e-01  3.26287776e-01  3.25089008e-01
  2.94593628e-02  1.90865956e-02  7.64700957e-03 -5.44814486e-03 -2.04177387e-02
 -2.76921373e-02 -2.76206713e-02 -2.39515286e-02 -1.82517804e-02 -1.21339280e-02
 -5.80385467e-03  5.58117230e-04  6.92140870e-03  1.33847017e-02  2.00920533e-02
  2.71848813e-02  3.47857065e-02  4.29888293e-02  5.18552326e-02  6.14088550e-02
  7.16304034e-02  8.24660510e-02  9.38546956e-02  1.05750062e-01  1.18122704e-01
  1.30944386e-01  1.44159466e-01  1.57641515e-01  1.71133667e-01  1.84195027e-01
  1.96237534e-01  2.06708744e-01  2.15244934e-01  2.21692979e-01  2.26122737e-01
  2.28842318e-01  2.30392620e-01  2.31381625e-01  2.32285321e-01  2.33400553e-01
  2.34889537e-01  2.36831129e-01  2.39255220e-01  2.42162839e-01  2.45537013e-01
  2.49348298e-01  2.53557116e-01  2.58114427e-01  2.62961328e-01  2.68028229e-01
  2.73234189e-01  2.78486848e-01  2.83683538e-01  2.88714409e-01  2.93467313e-01
  2.97834724e-01  3.01721513e-01  3.05052519e-01  3.07778031e-01  3.09877098e-01
  3.11357141e-01  3.12250584e-01  3.12609166e-01  3.12496930e-01  3.11983377e-01
  3.39222439e-02  2.32123323e-02  1.09973066e-02 -3.49678379e-03 -2.15530526e-02
 -3.31426226e-02 -3.98106351e-02 -3.72741334e-02 -3.12308129e-02 -2.17064302e-02
 -1.26545951e-02 -4.93693259e-03  1.98960188e-03  8.72726180e-03  1.56828463e-02
  2.30906829e-02  3.11979242e-02  4.01626192e-02  5.00590913e-02  6.09945655e-02
  7.29151517e-02  8.55820626e-02  9.88131985e-02  1.12567052e-01  1.26901418e-01
  1.41926542e-01  1.57770276e-01  1.74534917e-01  1.92189574e-01  2.10188895e-01
  2.26592347e-01  2.39621162e-01  2.49327496e-01  2.55005211e-01  2.57164389e-01
  2.55541354e-01  2.52103716e-01  2.48843506e-01  2.46361837e-01  2.44763970e-01
  2.44019479e-01  2.44060114e-01  2.44810060e-01  2.46195227e-01  2.48145178e-01
  2.50592232e-01  2.53469944e-01  2.56711394e-01  2.60247529e-01  2.64006197e-01
  2.67911524e-01  2.71883845e-01  2.75840819e-01  2.79699266e-01  2.83378005e-01
  2.86801308e-01  2.89902747e-01  2.92628706e-01  2.94941038e-01  2.96818644e-01
  2.98257262e-01  2.99268156e-01  2.99875528e-01  3.00112993e-01  3.00020248e-01
  4.07714099e-02  3.10925953e-02  2.03495231e-02  8.36257078e-03 -4.64488054e-03
 -1.78268496e-02 -3.36442143e-02 -3.50448303e-02 -3.52353007e-02 -2.35881675e-02
 -1.37764970e-02 -6.94424519e-03 -2.12389650e-03  3.45662679e-03  1.04857609e-02
  1.68715194e-02  2.49804407e-02  3.50321010e-02  4.49601188e-02  5.75233661e-02
  7.26199299e-02  8.77941772e-02  1.02937125e-01  1.18299179e-01  1.34187609e-01
  1.50948852e-01  1.68998346e-01  1.88881576e-01  2.11403430e-01  2.38096297e-01
  2.67254472e-01  2.76789755e-01  2.95865655e-01  2.92584896e-01  2.99925059e-01
  2.83589810e-01  2.71352649e-01  2.62966782e-01  2.57079452e-01  2.53013790e-01
  2.50349313e-01  2.48803154e-01  2.48174444e-01  2.48312846e-01  2.49099508e-01
  2.50435352e-01  2.52233624e-01  2.54415095e-01  2.56904870e-01  2.59630591e-01
  2.62521178e-01  2.65506506e-01  2.68517792e-01  2.71488398e-01  2.74355292e-01
  2.77060866e-01  2.79554635e-01  2.81795025e-01  2.83750653e-01  2.85401106e-01
  2.86736757e-01  2.87758231e-01  2.88475037e-01  2.88903803e-01  2.89066464e-01
  4.95253503e-02  4.16527689e-02  3.31885926e-02  2.41437126e-02  1.46701764e-02
  5.06365765e-03 -4.02867468e-03 -1.22260973e-02 -2.39883326e-02 -1.04070306e-02
 -4.10069013e-03 -6.89714041e-04 -7.21403863e-04  2.47369055e-03  1.08434306e-02
  1.42555032e-02  2.18888484e-02  3.40843797e-02  4.14576530e-02  5.53342737e-02
  7.44080320e-02  9.12957117e-02  1.07317209e-01  1.23207130e-01  1.39488891e-01
  1.56633839e-01  1.75163403e-01  1.95749611e-01  2.19345048e-01  2.47253507e-01
  2.74857700e-01  2.87958771e-01  3.03498536e-01  3.03697139e-01  3.06516945e-01
  2.92293131e-01  2.78413624e-01  2.68504858e-01  2.61404335e-01  2.56313026e-01
  2.52725154e-01  2.50313461e-01  2.48854563e-01  2.48185024e-01  2.48177126e-01
  2.48725399e-01  2.49739066e-01  2.51137376e-01  2.52846539e-01  2.54797876e-01
  2.56926537e-01  2.59170890e-01  2.61472434e-01  2.63776124e-01  2.66030908e-01
  2.68190622e-01  2.70214826e-01  2.72069573e-01  2.73728073e-01  2.75171071e-01
  2.76386708e-01  2.77370155e-01  2.78122962e-01  2.78652072e-01  2.78968751e-01
  2.99798059e+00  2.86857510e+00  2.67289853e+00  2.50567126e+00  2.34852433e+00
  2.21860242e+00  2.11229420e+00  2.02600813e+00  1.95608187e+00  1.90019453e+00
  1.85474241e+00  1.81971157e+00  1.79171288e+00  1.77129090e+00  1.75610030e+00
  1.74641776e+00  1.74108398e+00  1.73986197e+00  1.74187171e+00  1.74713922e+00
  1.75465238e+00  1.76449728e+00  1.77606606e+00  1.78914869e+00  1.80366206e+00
  1.81919789e+00  1.83578777e+00  1.85326898e+00  1.87153578e+00  1.89057899e+00
  1.91020608e+00  1.93052113e+00  1.95144463e+00  1.97296798e+00  1.99514353e+00
  2.01789188e+00  2.04136586e+00  2.06560659e+00  2.09066486e+00  2.11665797e+00
  2.14366722e+00  2.17185569e+00  2.20140648e+00  2.23246861e+00  2.26536345e+00
  2.30022001e+00  2.33744168e+00  2.37741351e+00  2.42034888e+00  2.46698713e+00
  2.51750255e+00  2.57294345e+00  2.63370514e+00  2.70094395e+00  2.77591753e+00
  2.86024404e+00  2.95631671e+00  3.06659889e+00  3.19483256e+00  3.34896398e+00
  3.53903317e+00  3.78121758e+00  4.11440611e+00  4.64812088e+00  7.59252262e+00
   90   89
  1.03954697e+00  0.00000000e+00  1.04066503e+00  1.00000001e-01  1.04449654e+00
  2.00000003e-01  1.05031669e+00  3.00000012e-01  1.05364275e+00  3.49999994e-01
  1.06252110e+00  4.49999988e-01  1.07308030e+00  5.50000012e-01  1.07906246e+00
  6.04402602e-01  1.09003603e+00  6.99999988e-01  1.10547769e+00  8.00000012e-01
  1.11355805e+00  8.50000024e-01  1.13218749e+00  9.41398919e-01  1.14698660e+00
  1.00000000e+00  1.16122639e+00  1.05562603e+00  1.16370273e+00  1.06680298e+00
  1.23843753e+00  1.06618202e+00  1.29156256e+00  1.06196952e+00  1.34468746e+00
  1.05591953e+00  1.39217520e+00  1.04999995e+00  1.42437506e+00  1.04558921e+00
  1.47749996e+00  1.03448713e+00  1.53062499e+00  1.02008641e+00  1.58375001e+00
  1.00296056e+00  1.61031246e+00  9.94758070e-01  1.66343749e+00  9.74645674e-01
  1.71609604e+00  9.49999988e-01  1.74312496e+00  9.36846077e-01  1.79624999e+00
  9.05290723e-01  1.82281256e+00  8.88849020e-01  1.87593746e+00  8.50335062e-01
  1.90250003e+00  8.29613388e-01  1.93577600e+00  8.00000012e-01  1.98218751e+00
  7.56229579e-01  2.00874996e+00  7.29222775e-01  2.03531241e+00  6.99394107e-01
  2.07494497e+00  6.49999976e-01  2.11031890e+00  6.00000024e-01  2.14085388e+00
  5.50000012e-01  2.16729903e+00  5.00000000e-01  2.19047165e+00  4.49999988e-01
  2.21111679e+00  4.00000006e-01  2.22984004e+00  3.49999994e-01  2.24781251e+00
  2.98636585e-01  2.27437496e+00  2.06990868e-01  2.28824997e+00  1.50000006e-01
  2.30093741e+00  5.33107370e-02  2.30232620e+00  0.00000000e+00  2.30024719e+00
 -5.00000007e-02  2.28327560e+00 -1.50000006e-01  2.27013540e+00 -2.00000003e-01
  2.24781251e+00 -2.67706245e-01  2.22125006e+00 -3.38894010e-01  2.19468760e+00
 -3.99611682e-01  2.17076707e+00 -4.49999988e-01  2.14431190e+00 -5.00000000e-01
  2.11500001e+00 -5.49498558e-01  2.08843756e+00 -5.88888824e-01  2.06187510e+00
 -6.23551548e-01  2.03531241e+00 -6.54287755e-01  1.99180651e+00 -6.99999988e-01
  1.95562506e+00 -7.34130800e-01  1.92906249e+00 -7.55829036e-01  1.87593746e+00
 -7.95880795e-01  1.84937501e+00 -8.13335240e-01  1.79624999e+00 -8.43863726e-01
  1.76968753e+00 -8.56680572e-01  1.71656251e+00 -8.80550742e-01  1.66343749e+00
 -8.98158669e-01  1.63687503e+00 -9.05154943e-01  1.58375001e+00 -9.17702496e-01
  1.53062499e+00 -9.26029921e-01  1.47749996e+00 -9.29497778e-01  1.42437506e+00
 -9.27173376e-01  1.37125003e+00 -9.17080641e-01  1.32536876e+00 -8.99999976e-01
  1.29156256e+00 -8.81894648e-01  1.25562096e+00 -8.50000024e-01  1.21505737e+00
 -8.00000012e-01  1.18696046e+00 -7.50000000e-01  1.16534781e+00 -6.99999988e-01
  1.14766645e+00 -6.49999976e-01  1.13218749e+00 -5.99079907e-01  1.10628963e+00
 -5.00000000e-01  1.09462178e+00 -4.49999988e-01  1.07906246e+00 -3.74917209e-01
  1.06534624e+00 -3.00000012e-01  1.05250001e+00 -2.05664143e-01  1.04670286e+00
 -1.50000006e-01  1.04057789e+00 -5.00000007e-02  1.03954697e+00  0.00000000e+00
  1.01600003e+00  0.00000000e+00  1.01600003e+00  9.63999987e-01  1.01800001e+00
  9.67999995e-01  1.01800001e+00  1.00100005e+00  1.01800001e+00  1.01900005e+00
  1.01800001e+00  1.07700002e+00  1.01800001e+00  1.07000005e+00  1.01800001e+00
  1.09599996e+00  1.01800001e+00  1.11300004e+00  1.01800001e+00  1.13800001e+00
  1.01600003e+00  1.14699996e+00  1.01199996e+00  1.16499996e+00  1.00100005e+00
  1.21700001e+00  1.02900004e+00  1.21700001e+00  1.04200006e+00  1.16240001e+00
  1.04600000e+00  1.16237998e+00  1.05599999e+00  1.16260004e+00  1.09700000e+00
  1.16450000e+00  1.10800004e+00  1.16594005e+00  1.11600006e+00  1.16591001e+00
  1.13399994e+00  1.16895998e+00  1.14800000e+00  1.17174995e+00  1.16199994e+00
  1.17556000e+00  1.18099999e+00  1.18299997e+00  1.18200004e+00  1.18350005e+00
  1.18499994e+00  1.18499994e+00  1.19000006e+00  1.18799996e+00  1.19500005e+00
  1.19099998e+00  1.20099998e+00  1.19599998e+00  1.20899999e+00  1.20200002e+00
  1.21500003e+00  1.20799994e+00  1.22200000e+00  1.21399999e+00  1.22800004e+00
  1.22099996e+00  1.23399997e+00  1.23099995e+00  1.23899996e+00  1.23800004e+00
  1.24199998e+00  1.24399996e+00  1.24800003e+00  1.25399995e+00  1.25800002e+00
  1.27800000e+00  1.26300001e+00  1.28999996e+00  1.27999997e+00  1.33099997e+00
  1.27999997e+00  1.34700000e+00  1.27999997e+00  1.34800005e+00  1.30999994e+00
  1.34800005e+00  1.32799995e+00  1.34800005e+00  1.36099994e+00  1.34800005e+00
  1.38000000e+00  1.34800005e+00  1.41900003e+00  1.34800005e+00  1.41900003e+00
  1.30999994e+00  1.37199998e+00  1.30999994e+00  1.37199998e+00  1.29200006e+00
  1.60800004e+00  1.09500003e+00  1.64699996e+00  1.07700002e+00  1.78499997e+00
  1.07700002e+00  2.06999993e+00  1.03999996e+00  2.12800002e+00  9.92999971e-01
  2.24499989e+00  7.08999991e-01  2.32299995e+00  5.18999994e-01  2.37700009e+00
  3.88999999e-01  2.35200000e+00  4.00000006e-01  2.35100007e+00  3.37000012e-01
  2.35100007e+00  2.04999998e-01  2.35400009e+00  6.80000037e-02  2.35400009e+00
  0.00000000e+00  2.35400009e+00 -6.80000037e-02  2.35299993e+00 -2.04999998e-01
  2.35100007e+00 -3.37000012e-01  2.35299993e+00 -4.00000006e-01  2.37700009e+00
 -3.88999999e-01  2.13400006e+00 -9.72999990e-01  1.78600001e+00 -1.17400002e+00
  1.76800001e+00 -1.21099997e+00  1.76800001e+00 -1.25399995e+00  1.68200004e+00
 -1.25399995e+00  1.67400002e+00 -1.26199996e+00  1.67400002e+00 -1.32900000e+00
  1.68099999e+00 -1.33899999e+00  1.75399995e+00 -1.33899999e+00  1.75399995e+00
 -1.36800003e+00  1.68900001e+00 -1.36800003e+00  1.68900001e+00 -1.36600006e+00
  1.55499995e+00 -1.36600006e+00  1.41199994e+00 -1.36600006e+00  1.27300000e+00
 -1.36600006e+00  1.15300000e+00 -1.36600006e+00  1.01600003e+00 -1.22899997e+00
  1.01600003e+00 -8.00000012e-01  1.01600003e+00 -4.14999992e-01  1.01600003e+00
 -4.00000006e-01  1.01600003e+00  0.00000000e+00
    0 0.000000000e+00    0
  0.00000000e+00  1.40811041e-01  1.96060345e-01  2.34554470e-01  2.66940325e-01
  2.94038266e-01  3.17759216e-01  3.38822097e-01  3.58067632e-01  3.75665009e-01
  3.92084748e-01  4.07552600e-01  4.22194362e-01  4.36137766e-01  4.49568689e-01
  4.62508202e-01  4.75013405e-01  4.87237364e-01  4.99122947e-01  5.10749757e-01
  5.22197783e-01  5.33407032e-01  5.44487059e-01  5.55421531e-01  5.66205144e-01
  5.76876163e-01  5.87450266e-01  5.97943842e-01  6.08337462e-01  6.18663788e-01
  6.28933072e-01  6.39118254e-01  6.49276555e-01  6.59379303e-01  6.69425428e-01
  6.79447114e-01  6.89429045e-01  6.99398458e-01  7.09326744e-01  7.19246686e-01
  7.29154468e-01  7.39054620e-01  7.48954952e-01  7.58856058e-01  7.68785536e-01
  7.78721511e-01  7.88689554e-01  7.98706532e-01  8.08751464e-01  8.18888128e-01
  8.29072535e-01  8.39374423e-01  8.49760413e-01  8.60279322e-01  8.70952725e-01
  8.81800175e-01  8.92879307e-01  9.04189408e-01  9.15774941e-01  9.27770734e-01
  9.40257728e-01  9.53274548e-01  9.67077971e-01  9.82179403e-01  1.00000000e+00
    0
