   EFIT?   05/12/98      #102940   971             3  65  65
  1.70000005e+00  3.20000005e+00  1.69550002e+00  8.39999974e-01  0.00000000e+00
  1.76327789e+00  1.57434009e-02 -2.80400991e-01 -5.31715266e-02 -2.00016451e+00
  1.33523562e+06 -2.80400991e-01  0.00000000e+00  1.76327789e+00  0.00000000e+00
  1.57434009e-02  0.00000000e+00 -5.31715266e-02  0.00000000e+00  0.00000000e+00
 -3.43131256e+00 -3.43614054e+00 -3.44014525e+00 -3.44340563e+00 -3.44599342e+00
 -3.44797349e+00 -3.44940495e+00 -3.45034170e+00 -3.45083308e+00 -3.45092392e+00
 -3.45065546e+00 -3.45006633e+00 -3.44919109e+00 -3.44806266e+00 -3.44671106e+00
 -3.44516468e+00 -3.44345021e+00 -3.44159269e+00 -3.43961573e+00 -3.43754220e+00
 -3.43539405e+00 -3.43319225e+00 -3.43095517e+00 -3.42870069e+00 -3.42644382e+00
 -3.42419910e+00 -3.42197895e+00 -3.41979527e+00 -3.41765785e+00 -3.41557622e+00
 -3.41355872e+00 -3.41161251e+00 -3.40974379e+00 -3.40795875e+00 -3.40626168e+00
 -3.40465689e+00 -3.40314770e+00 -3.40173674e+00 -3.40042639e+00 -3.39921761e+00
 -3.39811110e+00 -3.39710736e+00 -3.39620566e+00 -3.39540482e+00 -3.39470315e+00
 -3.39409781e+00 -3.39358592e+00 -3.39316344e+00 -3.39282560e+00 -3.39256740e+00
 -3.39238191e+00 -3.39226246e+00 -3.39220047e+00 -3.39218688e+00 -3.39221168e+00
 -3.39226294e+00 -3.39232779e+00 -3.39239264e+00 -3.39244103e+00 -3.39245605e+00
 -3.39241815e+00 -3.39230609e+00 -3.39209652e+00 -3.39176369e+00 -3.39127874e+00
  5.36588125e+04  4.80080664e+04  4.29744883e+04  3.85120898e+04  3.45771602e+04
  3.11281719e+04  2.81256641e+04  2.55321816e+04  2.33121855e+04  2.14319668e+04
  1.98595801e+04  1.85647773e+04  1.75189277e+04  1.66949668e+04  1.60673320e+04
  1.56119092e+04  1.53059756e+04  1.51281533e+04  1.50583613e+04  1.50777715e+04
  1.51687646e+04  1.53148975e+04  1.55008613e+04  1.57124502e+04  1.59365293e+04
  1.61610078e+04  1.63748096e+04  1.65678516e+04  1.67310195e+04  1.68561484e+04
  1.69360059e+04  1.69642754e+04  1.69355410e+04  1.68452754e+04  1.66898340e+04
  1.64664453e+04  1.61732012e+04  1.58090537e+04  1.53738174e+04  1.48681650e+04
  1.42936299e+04  1.36526084e+04  1.29483662e+04  1.21850459e+04  1.13676738e+04
  1.05021758e+04  9.59538379e+03  8.65505566e+03  7.68989209e+03  6.70955176e+03
  5.72467676e+03  4.74691504e+03  3.78894360e+03  2.86449951e+03  1.98840820e+03
  1.17661694e+03  4.46229187e+02 -1.84457458e+02 -6.95910950e+02 -1.06732202e+03
 -1.27655847e+03 -1.30011646e+03 -1.11306885e+03 -6.89010437e+02  0.00000000e+00
  5.08387756e+00  4.25431538e+00  3.50178289e+00  2.81963086e+00  2.20183063e+00
  1.64291847e+00  1.13794911e+00  6.82451367e-01  2.72389650e-01 -9.58723202e-02
 -4.25603092e-01 -7.19732344e-01 -9.80876505e-01 -1.21136200e+00 -1.41324568e+00
 -1.58833253e+00 -1.73819220e+00 -1.86417210e+00 -1.96740985e+00 -2.04884315e+00
 -2.10933995e+00 -2.15049028e+00 -2.17412019e+00 -2.18190289e+00 -2.17537260e+00
 -2.15593767e+00 -2.12489271e+00 -2.08343053e+00 -2.03265190e+00 -1.97357631e+00
 -1.90714955e+00 -1.83425319e+00 -1.75571167e+00 -1.67229998e+00 -1.58475018e+00
 -1.49375772e+00 -1.39998829e+00 -1.30408251e+00 -1.20666289e+00 -1.10833800e+00
 -1.00970888e+00 -9.11373734e-01 -8.13933253e-01 -7.17996180e-01 -6.24184370e-01
 -5.33138454e-01 -4.45523232e-01 -3.62033904e-01 -2.83401787e-01 -2.10400969e-01
 -1.43855080e-01 -8.46445337e-02 -3.37142237e-02  7.91809615e-03  3.91529053e-02
  5.87992258e-02  6.55641556e-02  5.80414906e-02  3.46993729e-02 -6.13321457e-03
 -6.62811100e-02 -1.47739053e-01 -2.52689213e-01 -3.83520335e-01 -5.42848945e-01
 -1.68178475e+06 -1.50131988e+06 -1.33413238e+06 -1.17956888e+06 -1.03700381e+06
 -9.05837812e+05 -7.85496688e+05 -6.75430125e+05 -5.75110250e+05 -4.84030656e+05
 -4.01705250e+05 -3.27667125e+05 -2.61467703e+05 -2.02675516e+05 -1.50875406e+05
 -1.05667641e+05 -6.66668984e+04 -3.35015352e+04 -5.81272803e+03  1.67463105e+04
  3.45110977e+04  4.78066133e+04  5.69480117e+04  6.22413281e+04  6.39841289e+04
  6.24661836e+04  5.79700977e+04  5.07719258e+04  4.11417852e+04  2.93444551e+04
  1.56399453e+04  2.84077026e+02 -1.64709590e+04 -3.43760469e+04 -5.31845938e+04
 -7.26520000e+04 -9.25351094e+04 -1.12591680e+05 -1.32579844e+05 -1.52257609e+05
 -1.71382250e+05 -1.89709891e+05 -2.06994859e+05 -2.22989188e+05 -2.37442109e+05
 -2.50099453e+05 -2.60703062e+05 -2.68990344e+05 -2.74693531e+05 -2.77539250e+05
 -2.77247812e+05 -2.73532625e+05 -2.66099594e+05 -2.54646453e+05 -2.38862078e+05
 -2.18425844e+05 -1.93006906e+05 -1.62263453e+05 -1.25842000e+05 -8.33765547e+04
 -3.44878555e+04  2.12174785e+04  8.41478047e+04  1.54727359e+05  2.33397203e+05
 -8.61310307e-03 -1.57412272e-02 -2.33803838e-02 -3.14874686e-02 -3.99072133e-02
 -4.83598113e-02 -5.62191419e-02 -6.32518306e-02 -7.16593787e-02 -5.90296276e-02
 -5.22490703e-02 -4.78092358e-02 -4.59703505e-02 -4.22812104e-02 -3.47286873e-02
 -3.07162534e-02 -2.40822397e-02 -1.39099043e-02 -7.09796418e-03  3.97143001e-03
  1.91069935e-02  3.27567458e-02  4.58910763e-02  5.90639897e-02  7.26841763e-02
  8.71331766e-02  1.02844715e-01  1.20388024e-01  1.40583172e-01  1.64398804e-01
  1.86758175e-01  1.98871717e-01  2.10254312e-01  2.11139157e-01  2.11232916e-01
  1.99338078e-01  1.86385542e-01  1.76811621e-01  1.69723794e-01  1.64422110e-01
  1.60461038e-01  1.57547623e-01  1.55479148e-01  1.54107228e-01  1.53317198e-01
  1.53016225e-01  1.53126270e-01  1.53579473e-01  1.54315203e-01  1.55277997e-01
  1.56416312e-01  1.57681674e-01  1.59028426e-01  1.60413593e-01  1.61797315e-01
  1.63143203e-01  1.64418966e-01  1.65596977e-01  1.66654706e-01  1.67575061e-01
  1.68346405e-01  1.68962419e-01  1.69421703e-01  1.69727072e-01  1.69884905e-01
 -1.58841573e-02 -2.46052388e-02 -3.43379043e-02 -4.52270657e-02 -5.70089258e-02
 -6.89165667e-02 -8.34113434e-02 -8.32933486e-02 -8.23953152e-02 -7.06162900e-02
 -6.08268678e-02 -5.36237620e-02 -4.81475741e-02 -4.24267910e-02 -3.58177833e-02
 -2.96913274e-02 -2.24765632e-02 -1.38882911e-02 -5.31957392e-03  5.04844869e-03
  1.72844119e-02  2.97094379e-02  4.22443673e-02  5.50943501e-02  6.85210600e-02
  8.28333870e-02  9.84191597e-02  1.15807690e-01  1.35781765e-01  1.59393460e-01
  1.81979805e-01  1.93501264e-01  2.05442980e-01  2.05904648e-01  2.06847116e-01
  1.94836870e-01  1.82362407e-01  1.73303977e-01  1.66696519e-01  1.61862478e-01
  1.58370733e-01  1.55933559e-01  1.54349387e-01  1.53470129e-01  1.53181672e-01
  1.53391764e-01  1.54022366e-01  1.55004710e-01  1.56275988e-01  1.57777160e-01
  1.59451589e-01  1.61244348e-01  1.63102046e-01  1.64973140e-01  1.66808769e-01
  1.68563783e-01  1.70197919e-01  1.71677098e-01  1.72974393e-01  1.74070626e-01
  1.74954638e-01  1.75622910e-01  1.76078886e-01  1.76331788e-01  1.76395282e-01
 -2.12182216e-02 -3.08683142e-02 -4.20002937e-02 -5.53519949e-02 -7.21049309e-02
 -8.18038806e-02 -8.76085162e-02 -8.43432620e-02 -7.81753361e-02 -6.87810034e-02
 -5.99864572e-02 -5.24349287e-02 -4.56707925e-02 -3.92092392e-02 -3.27106118e-02
 -2.59672273e-02 -1.87739842e-02 -1.09896567e-02 -2.53598019e-03  6.68357965e-03
  1.66581254e-02  2.72489432e-02  3.83545384e-02  4.99746054e-02  6.21857271e-02
  7.51121342e-02  8.89057443e-02  1.03722520e-01  1.19654596e-01  1.36377990e-01
  1.51549593e-01  1.62769362e-01  1.71026960e-01  1.74819738e-01  1.75471991e-01
  1.71643868e-01  1.66142911e-01  1.61281273e-01  1.57419473e-01  1.54529423e-01
  1.52515054e-01  1.51273653e-01  1.50711015e-01  1.50744066e-01  1.51299536e-01
  1.52311563e-01  1.53719172e-01  1.55464098e-01  1.57489046e-01  1.59736261e-01
  1.62146658e-01  1.64659396e-01  1.67212218e-01  1.69742361e-01  1.72188133e-01
  1.74491286e-01  1.76599383e-01  1.78468421e-01  1.80064946e-01  1.81367368e-01
  1.82366446e-01  1.83064640e-01  1.83474600e-01  1.83616951e-01  1.83517963e-01
 -2.40307488e-02 -3.33304331e-02 -4.37397286e-02 -5.58120236e-02 -6.95734918e-02
 -7.54380301e-02 -7.50732273e-02 -7.12783709e-02 -6.57713339e-02 -5.99009022e-02
 -5.38626462e-02 -4.78389524e-02 -4.18749936e-02 -3.59007008e-02 -2.98023894e-02
 -2.34638192e-02 -1.67809874e-02 -9.66980122e-03 -2.07001041e-03  6.05231756e-03
  1.47009008e-02  2.38553025e-02  3.34897824e-02  4.35887799e-02  5.41480184e-02
  6.51618913e-02  7.65985101e-02  8.83573666e-02  1.00201689e-01  1.11680269e-01
  1.22149386e-01  1.31009683e-01  1.37890667e-01  1.42634839e-01  1.45310596e-01
  1.46230176e-01  1.45986021e-01  1.45242542e-01  1.44482076e-01  1.43976673e-01
  1.43859252e-01  1.44184694e-01  1.44966036e-01  1.46193743e-01  1.47845626e-01
  1.49891689e-01  1.52296096e-01  1.55017704e-01  1.58009753e-01  1.61219165e-01
  1.64585814e-01  1.68042183e-01  1.71513826e-01  1.74920797e-01  1.78180724e-01
  1.81212917e-01  1.83943674e-01  1.86311573e-01  1.88271940e-01  1.89799786e-01
  1.90890610e-01  1.91559032e-01  1.91835374e-01  1.91761166e-01  1.91384271e-01
 -2.52261851e-02 -3.32169645e-02 -4.11629304e-02 -4.89982367e-02 -5.59964068e-02
 -5.93234822e-02 -5.91880046e-02 -5.74770905e-02 -5.46547882e-02 -5.10409996e-02
 -4.68933396e-02 -4.23807576e-02 -3.75948101e-02 -3.25661898e-02 -2.72848532e-02
 -2.17190124e-02 -1.58294514e-02 -9.57918540e-03 -2.93965568e-03  4.10568248e-03
  1.15601141e-02  1.94148794e-02  2.76518166e-02  3.62448618e-02  4.51577418e-02
  5.43365441e-02  6.36973754e-02  7.31108785e-02  8.23891163e-02  9.12863314e-02
  9.95262340e-02  1.06853426e-01  1.13084666e-01  1.18140854e-01  1.22060373e-01
  1.24995671e-01  1.27187133e-01  1.28911451e-01  1.30426005e-01  1.31935954e-01
  1.33588329e-01  1.35480791e-01  1.37673676e-01  1.40200615e-01  1.43076003e-01
  1.46299854e-01  1.49860412e-01  1.53735250e-01  1.57890841e-01  1.62281528e-01
  1.66847736e-01  1.71514168e-01  1.76188916e-01  1.80764467e-01  1.85121924e-01
  1.89139053e-01  1.92701250e-01  1.95713177e-01  1.98108807e-01  1.99857578e-01
  2.00966060e-01  2.01474443e-01  2.01448679e-01  2.00969890e-01  2.00124055e-01
 -2.72992775e-02 -3.43012661e-02 -3.94768715e-02 -4.32529487e-02 -4.60501984e-02
 -4.77219671e-02 -4.81539555e-02 -4.74760309e-02 -4.58954386e-02 -4.35984172e-02
 -4.07349505e-02 -3.74173522e-02 -3.37215811e-02 -2.96918694e-02 -2.53477488e-02
 -2.06919555e-02 -1.57178603e-02 -1.04156733e-02 -4.77715721e-03  1.20108621e-03
  7.51557248e-03  1.41548067e-02  2.10985076e-02  2.83164605e-02  3.57663631e-02
  4.33905274e-02  5.11119701e-02  5.88314421e-02  6.64277226e-02  7.37638846e-02
  8.07006806e-02  8.71151760e-02  9.29197297e-02  9.80763733e-02  1.02603406e-01
  1.06572732e-01  1.10098340e-01  1.13318168e-01  1.16374590e-01  1.19399011e-01
  1.22503109e-01  1.25776142e-01  1.29286185e-01  1.33082777e-01  1.37199998e-01
  1.41658679e-01  1.46467745e-01  1.51624277e-01  1.57112285e-01  1.62899852e-01
  1.68934688e-01  1.75138131e-01  1.81398407e-01  1.87565967e-01  1.93455741e-01
  1.98861837e-01  2.03584105e-01  2.07456961e-01  2.10371003e-01  2.12285489e-01
  2.13232368e-01  2.13309437e-01  2.12660253e-01  2.11445883e-01  2.09820405e-01
 -3.32934558e-02 -4.25860323e-02 -4.12548855e-02 -4.02811952e-02 -4.06869054e-02
 -4.10641730e-02 -4.10438441e-02 -4.05066311e-02 -3.94397378e-02 -3.78767177e-02
 -3.58659886e-02 -3.34548801e-02 -3.06822341e-02 -2.75759082e-02 -2.41532382e-02
 -2.04231683e-02 -1.63891092e-02 -1.20519130e-02 -7.41257519e-03 -2.47447356e-03
  2.75485683e-03  8.26233905e-03  1.40281897e-02  2.00248007e-02  2.62155980e-02
  3.25539783e-02  3.89827006e-02  4.54343706e-02  5.18336780e-02  5.81019782e-02
  6.41640797e-02  6.99564293e-02  7.54350722e-02  8.05818141e-02  8.54070708e-02
  8.99489745e-02  9.42687467e-02  9.84435603e-02  1.02558456e-01  1.06698968e-01
  1.10945649e-01  1.15370885e-01  1.20037518e-01  1.24998853e-01  1.30299285e-01
  1.35975108e-01  1.42054841e-01  1.48558900e-01  1.55497879e-01  1.62868828e-01
  1.70648113e-01  1.78779185e-01  1.87152669e-01  1.95577368e-01  2.03750372e-01
  2.11269915e-01  2.17732802e-01  2.22829983e-01  2.26370841e-01  2.28288800e-01
  2.28660703e-01  2.27723375e-01  2.25820318e-01  2.23288834e-01  2.20397055e-01
 -2.64764801e-02 -3.22347581e-02 -3.50838415e-02 -3.59698310e-02 -3.61541957e-02
 -3.61053273e-02 -3.58668938e-02 -3.53911221e-02 -3.46353650e-02 -3.35773826e-02
 -3.22111212e-02 -3.05397417e-02 -2.85700485e-02 -2.63090041e-02 -2.37620268e-02
 -2.09326185e-02 -1.78228524e-02 -1.44343460e-02 -1.07694352e-02 -6.83235191e-03
 -2.63030943e-03  1.82554568e-03  6.51933486e-03  1.14298016e-02  1.65298712e-02
  2.17865203e-02  2.71611251e-02  3.26105170e-02  3.80889140e-02  4.35507670e-02
  4.89543937e-02  5.42659238e-02  5.94630539e-02  6.45378381e-02  6.94981441e-02
  7.43674189e-02  7.91828632e-02  8.39925036e-02  8.88515785e-02  9.38190892e-02
  9.89548564e-02  1.04317456e-01  1.09963059e-01  1.15945138e-01  1.22314736e-01
  1.29121155e-01  1.36412844e-01  1.44238174e-01  1.52645722e-01  1.61683485e-01
  1.71395436e-01  1.81812435e-01  1.92930117e-01  2.04659894e-01  2.16704026e-01
  2.27886215e-01  2.37122685e-01  2.44049534e-01  2.48411879e-01  2.50052512e-01
  2.48903602e-01  2.45444179e-01  2.41003692e-01  2.36194715e-01  2.31367707e-01
 -2.85816714e-02 -3.66633683e-02 -3.47342119e-02 -3.26563604e-02 -3.20472047e-02
 -3.17572728e-02 -3.15266699e-02 -3.12445927e-02 -3.08431368e-02 -3.02759409e-02
 -2.95115188e-02 -2.85290945e-02 -2.73151863e-02 -2.58609261e-02 -2.41602156e-02
 -2.22086161e-02 -2.00028960e-02 -1.75410062e-02 -1.48223592e-02 -1.18482793e-02
 -8.62249266e-03 -5.15161455e-03 -1.44555618e-03  2.48219306e-03  6.61447365e-03
  1.09306192e-02  1.54069522e-02  2.00176854e-02  2.47362498e-02  2.95370352e-02
  3.43973972e-02  3.92997488e-02  4.42334861e-02  4.91964556e-02  5.41957915e-02
  5.92479743e-02  6.43782094e-02  6.96192160e-02  7.50097260e-02  8.05928931e-02
  8.64149928e-02  9.25244242e-02  9.89713520e-02  1.05807804e-01  1.13088518e-01
  1.20872319e-01  1.29224256e-01  1.38218716e-01  1.47943527e-01  1.58506066e-01
  1.70041993e-01  1.82728842e-01  1.96807459e-01  2.12607577e-01  2.30399266e-01
  2.48106524e-01  2.60141909e-01  2.70320475e-01  2.75647551e-01  2.76885211e-01
  2.74731308e-01  2.66069561e-01  2.56976366e-01  2.48765022e-01  2.41431415e-01
 -1.93688273e-02 -2.45660953e-02 -2.68455744e-02 -2.72958856e-02 -2.72834003e-02
 -2.72973832e-02 -2.73928065e-02 -2.75198929e-02 -2.76169777e-02 -2.76310444e-02
 -2.75205206e-02 -2.72538681e-02 -2.68073585e-02 -2.61630230e-02 -2.53070071e-02
 -2.42284164e-02 -2.29185801e-02 -2.13706624e-02 -1.95795503e-02 -1.75419059e-02
 -1.52563322e-02 -1.27235688e-02 -9.94667411e-03 -6.93112938e-03 -3.68482317e-03
 -2.17873268e-04  3.45776277e-03  7.32890097e-03  1.13819763e-02  1.56040816e-02
  1.99841410e-02  2.45141033e-02  2.91900486e-02  3.40130776e-02  3.89898792e-02
  4.41329479e-02  4.94604670e-02  5.49959280e-02  6.07675761e-02  6.68078661e-02
  7.31530339e-02  7.98428729e-02  8.69209245e-02  9.44350883e-02  1.02438875e-01
  1.10993326e-01  1.20170005e-01  1.30055338e-01  1.40757054e-01  1.52413890e-01
  1.65210873e-01  1.79404154e-01  1.95363715e-01  2.13645220e-01  2.34996453e-01
  2.57976979e-01  2.73878932e-01  2.86466658e-01  2.93985188e-01  2.95348763e-01
  2.93565482e-01  2.82595068e-01  2.69385755e-01  2.57905304e-01  2.48310953e-01
 -1.69506781e-02 -2.35882457e-02 -2.33299509e-02 -2.20474191e-02 -2.20222417e-02
 -2.24830918e-02 -2.31626853e-02 -2.39317901e-02 -2.47097239e-02 -2.54396088e-02
 -2.60790177e-02 -2.65952833e-02 -2.69626249e-02 -2.71602012e-02 -2.71707308e-02
 -2.69795284e-02 -2.65738554e-02 -2.59425137e-02 -2.50756610e-02 -2.39647515e-02
 -2.26026047e-02 -2.09835153e-02 -1.91033799e-02 -1.69597920e-02 -1.45520838e-02
 -1.18812481e-02 -8.94975755e-03 -5.76123362e-03 -2.31996621e-03  1.36968412e-03
  5.30399196e-03  9.48062167e-03  1.38993673e-02  1.85628030e-02  2.34767571e-02
  2.86505707e-02  3.40971947e-02  3.98331881e-02  4.58786786e-02  5.22572882e-02
  5.89961596e-02  6.61261305e-02  7.36821368e-02  8.17039683e-02  9.02374685e-02
  9.93362293e-02  1.09064184e-01  1.19499110e-01  1.30737662e-01  1.42902300e-01
  1.56150937e-01  1.70689449e-01  1.86786562e-01  2.04789236e-01  2.25159690e-01
  2.48574778e-01  2.70151317e-01  2.81671077e-01  2.93487638e-01  2.94786692e-01
  2.94597775e-01  2.87581980e-01  2.72968680e-01  2.59972185e-01  2.49472618e-01
 -5.29176183e-03 -1.00161750e-02 -1.25830211e-02 -1.40603706e-02 -1.55055281e-02
 -1.70853920e-02 -1.87427904e-02 -2.04168186e-02 -2.20620800e-02 -2.36439165e-02
 -2.51342785e-02 -2.65094172e-02 -2.77485643e-02 -2.88330764e-02 -2.97458228e-02
 -3.04707345e-02 -3.09924744e-02 -3.12962309e-02 -3.13676186e-02 -3.11927106e-02
 -3.07581853e-02 -3.00515015e-02 -2.90611107e-02 -2.77766697e-02 -2.61892509e-02
 -2.42914706e-02 -2.20775623e-02 -1.95433199e-02 -1.66859459e-02 -1.35037629e-02
 -9.99580603e-03 -6.16126647e-03 -1.99882407e-03  2.49405531e-03  7.32164085e-03
  1.24899941e-02  1.80070885e-02  2.38830298e-02  3.01302709e-02  3.67637947e-02
  4.38012965e-02  5.12634329e-02  5.91742024e-02  6.75614625e-02  7.64576420e-02
  8.59006494e-02  9.59351137e-02  1.06613778e-01  1.17999241e-01  1.30165696e-01
  1.43200412e-01  1.57204211e-01  1.72290161e-01  1.88580558e-01  2.06213608e-01
  2.25484073e-01  2.47911736e-01  2.60938793e-01  2.69056499e-01  2.78637052e-01
  2.74329573e-01  2.76778370e-01  2.63805956e-01  2.51917988e-01  2.43217394e-01
  6.05949108e-03  2.21541012e-03 -1.67010305e-03 -5.31384302e-03 -8.58954992e-03
 -1.16023468e-02 -1.44477366e-02 -1.71727724e-02 -1.97944026e-02 -2.23141573e-02
 -2.47257613e-02 -2.70188246e-02 -2.91806292e-02 -3.11969854e-02 -3.30526195e-02
 -3.47313173e-02 -3.62159424e-02 -3.74884196e-02 -3.85297723e-02 -3.93201821e-02
 -3.98396030e-02 -4.00679708e-02 -3.99855785e-02 -3.95735241e-02 -3.88141945e-02
 -3.76917273e-02 -3.61923724e-02 -3.43047678e-02 -3.20201069e-02 -2.93322243e-02
 -2.62374450e-02 -2.27341875e-02 -1.88220516e-02 -1.45002929e-02 -9.76628065e-03
 -4.61753039e-03  9.48343310e-04  6.93435408e-03  1.33448653e-02  2.01857351e-02
  2.74644662e-02  3.51904258e-02  4.33750264e-02  5.20318970e-02  6.11769781e-02
  7.08285347e-02  8.10069442e-02  9.17341039e-02  1.03032261e-01  1.14921682e-01
  1.27416328e-01  1.40516207e-01  1.54193655e-01  1.68368384e-01  1.82856634e-01
  1.97252825e-01  2.10707784e-01  2.22058609e-01  2.30791792e-01  2.36761823e-01
  2.39849284e-01  2.40310207e-01  2.38344848e-01  2.34872207e-01  2.31010273e-01
  1.50199672e-02  1.17406528e-02  6.63307821e-03  1.61279459e-03 -2.81887688e-03
 -6.92118146e-03 -1.08032702e-02 -1.45223327e-02 -1.81093402e-02 -2.15792116e-02
 -2.49364581e-02 -2.81786472e-02 -3.12984996e-02 -3.42851207e-02 -3.71246934e-02
 -3.98008078e-02 -4.22946215e-02 -4.45846803e-02 -4.66471277e-02 -4.84541729e-02
 -4.99782078e-02 -5.11904657e-02 -5.20615205e-02 -5.25622629e-02 -5.26649393e-02
 -5.23440354e-02 -5.15769944e-02 -5.03448360e-02 -4.86327298e-02 -4.64305691e-02
 -4.37335894e-02 -4.05427255e-02 -3.68639007e-02 -3.27035710e-02 -2.80534402e-02
 -2.29147393e-02 -1.72932092e-02 -1.11953942e-02 -4.62541310e-03  2.41302815e-03
  9.91657935e-03  1.78827532e-02  2.63098795e-02  3.51970047e-02  4.45436053e-02
  5.43489046e-02  6.46107420e-02  7.53238723e-02  8.64773914e-02  9.80509445e-02
  1.10009037e-01  1.22292690e-01  1.34807169e-01  1.47404850e-01  1.59863681e-01
  1.71869695e-01  1.83029205e-01  1.92940384e-01  2.01290488e-01  2.07899049e-01
  2.12719470e-01  2.15838626e-01  2.17474282e-01  2.17959508e-01  2.17665628e-01
  1.96101870e-02  1.59241613e-02  1.14139169e-02  6.46775356e-03  1.50119013e-03
 -3.34614678e-03 -8.05995334e-03 -1.26538025e-02 -1.71419159e-02 -2.15332936e-02
 -2.58312095e-02 -3.00338846e-02 -3.41351926e-02 -3.81251276e-02 -4.19900455e-02
 -4.57128547e-02 -4.92734946e-02 -5.26462719e-02 -5.58077842e-02 -5.87076098e-02
 -6.13153577e-02 -6.35918528e-02 -6.54944554e-02 -6.69803470e-02 -6.80086687e-02
 -6.85418844e-02 -6.85467124e-02 -6.79948032e-02 -6.68634623e-02 -6.51368350e-02
 -6.28080443e-02 -5.98834343e-02 -5.63910306e-02 -5.23982756e-02 -4.78049889e-02
 -4.26342748e-02 -3.69131863e-02 -3.06692030e-02 -2.39076857e-02 -1.66416485e-02
 -8.88704602e-03 -6.58047793e-04  8.03099386e-03  1.71654634e-02  2.67306771e-02
  3.67105640e-02  4.70860749e-02  5.78331575e-02  6.89201951e-02  8.03047419e-02
  9.19293314e-02  1.03716433e-01  1.15562662e-01  1.27333343e-01  1.38859570e-01
  1.49941832e-01  1.60363823e-01  1.69916958e-01  1.78428188e-01  1.85781628e-01
  1.91930011e-01  1.96896851e-01  2.00769916e-01  2.03684896e-01  2.05799967e-01
  2.58493535e-02  2.25805491e-02  1.64786782e-02  1.04365982e-02  4.79635037e-03
 -7.24394748e-04 -6.17521722e-03 -1.15681933e-02 -1.69069730e-02 -2.21920330e-02
 -2.74214726e-02 -3.25909816e-02 -3.76935638e-02 -4.27190214e-02 -4.76530716e-02
 -5.24760075e-02 -5.71757928e-02 -6.16944246e-02 -6.60070702e-02 -7.00687468e-02
 -7.38271177e-02 -7.72261322e-02 -8.02095458e-02 -8.27235132e-02 -8.47184211e-02
 -8.61499459e-02 -8.69795680e-02 -8.71747509e-02 -8.67090151e-02 -8.55620280e-02
 -8.37198943e-02 -8.11755732e-02 -7.79288262e-02 -7.39836767e-02 -6.93372563e-02
 -6.40127808e-02 -5.80711961e-02 -5.16400337e-02 -4.46200706e-02 -3.70505117e-02
 -2.89767049e-02 -2.04174425e-02 -1.13995057e-02 -1.95191905e-03  7.90107530e-03
  1.81335323e-02  2.87163500e-02  3.96153256e-02  5.07891960e-02  6.21875599e-02
  7.37486407e-02  8.53969902e-02  9.70415995e-02  1.08575091e-01  1.19874887e-01
  1.30807459e-01  1.41235858e-01  1.51030034e-01  1.60077870e-01  1.68294504e-01
  1.75628424e-01  1.82063058e-01  1.87614158e-01  1.92323461e-01  1.96249664e-01
  2.78650001e-02  2.39540245e-02  1.89619977e-02  1.32505363e-02  7.24945683e-03
  1.14618591e-03 -4.99936379e-03 -1.11640897e-02 -1.73354261e-02 -2.35047843e-02
 -2.96654012e-02 -3.58111784e-02 -4.19357866e-02 -4.80316654e-02 -5.40882945e-02
 -6.00370504e-02 -6.58795089e-02 -7.15788007e-02 -7.70809501e-02 -8.23208541e-02
 -8.72285888e-02 -9.17342380e-02 -9.57713202e-02 -9.92790684e-02 -1.02203690e-01
 -1.04498789e-01 -1.06125310e-01 -1.07051030e-01 -1.07249893e-01 -1.06701337e-01
 -1.05389528e-01 -1.03302740e-01 -1.00432634e-01 -9.67737213e-02 -9.23237503e-02
 -8.70888829e-02 -8.10872465e-02 -7.43495822e-02 -6.69086799e-02 -5.88542521e-02
 -5.03762774e-02 -4.13752683e-02 -3.19110304e-02 -2.20517684e-02 -1.18082333e-02
 -1.21120666e-03  9.70691349e-03  2.09085047e-02  3.23497988e-02  4.39803265e-02
  5.57421334e-02  6.75689727e-02  7.93858618e-02  9.11092833e-02  1.02648482e-01
  1.13907903e-01  1.24790817e-01  1.35203689e-01  1.45060614e-01  1.54287145e-01
  1.62822887e-01  1.70622498e-01  1.77655548e-01  1.83905303e-01  1.89367309e-01
  3.32451798e-02  2.96922177e-02  2.29328629e-02  1.60472132e-02  9.33494978e-03
  2.54067266e-03 -4.34665335e-03 -1.13081317e-02 -1.83261335e-02 -2.53883749e-02
 -3.24869640e-02 -3.96170802e-02 -4.67763878e-02 -5.39659075e-02 -6.11045845e-02
 -6.81985766e-02 -7.52158388e-02 -8.20968151e-02 -8.87657851e-02 -9.51396674e-02
 -1.01134785e-01 -1.06671743e-01 -1.11678414e-01 -1.16091639e-01 -1.19857676e-01
 -1.22931957e-01 -1.25278309e-01 -1.26867890e-01 -1.27678052e-01 -1.27691150e-01
 -1.26893520e-01 -1.25274435e-01 -1.22825392e-01 -1.19539447e-01 -1.15411289e-01
 -1.10437982e-01 -1.04620114e-01 -9.79633704e-02 -9.04818028e-02 -8.22078064e-02
 -7.31982514e-02 -6.35261610e-02 -5.33602163e-02 -4.30398695e-02 -3.22868638e-02
 -2.12025046e-02 -9.80976410e-03  1.85346184e-03  1.37428027e-02  2.58104783e-02
  3.80052514e-02  5.02718464e-02  6.25505820e-02  7.47774318e-02  8.68844688e-02
  9.88007560e-02  1.10453479e-01  1.21769071e-01  1.32674083e-01  1.43095657e-01
  1.52961507e-01  1.62199736e-01  1.70739189e-01  1.78511173e-01  1.85453072e-01
  3.50474194e-02  3.08705233e-02  2.52042860e-02  1.84608921e-02  1.11709759e-02
  3.61479656e-03 -4.09215456e-03 -1.19026313e-02 -1.97965205e-02 -2.77651921e-02
 -3.58051658e-02 -4.39150296e-02 -5.20935133e-02 -6.03381023e-02 -6.85853437e-02
 -7.68192336e-02 -8.49821791e-02 -9.29916129e-02 -1.00752890e-01 -1.08168907e-01
 -1.15146935e-01 -1.21602885e-01 -1.27463579e-01 -1.32667482e-01 -1.37164325e-01
 -1.40914097e-01 -1.43885657e-01 -1.46055207e-01 -1.47404730e-01 -1.47920728e-01
 -1.47592947e-01 -1.46413490e-01 -1.44375980e-01 -1.41475007e-01 -1.37705669e-01
 -1.33063421e-01 -1.27544060e-01 -1.21144272e-01 -1.13863148e-01 -1.05705775e-01
 -9.66886133e-02 -8.68486166e-02 -7.62628093e-02 -6.50638193e-02 -5.34318574e-02
 -4.17713895e-02 -2.97640227e-02 -1.74781643e-02 -4.96973610e-03  7.71639543e-03
  2.05377862e-02  3.34514417e-02  4.64128219e-02  5.93755171e-02  7.22911283e-02
  8.51090476e-02  9.77760032e-02  1.10235013e-01  1.22423597e-01  1.34271041e-01
  1.45694718e-01  1.56596288e-01  1.66859075e-01  1.76349625e-01  1.84926257e-01
  4.10472862e-02  3.72678712e-02  3.01473141e-02  2.16208678e-02  1.30112814e-02
  4.40726662e-03 -4.23290813e-03 -1.29359961e-02 -2.17181556e-02 -3.05912271e-02
 -3.95651013e-02 -4.86478694e-02 -5.78438118e-02 -6.70966655e-02 -7.64065161e-02
 -8.57201144e-02 -9.49502364e-02 -1.03991710e-01 -1.12733990e-01 -1.21070281e-01
 -1.28903329e-01 -1.36148691e-01 -1.42735928e-01 -1.48608238e-01 -1.53721333e-01
 -1.58041716e-01 -1.61544591e-01 -1.64212018e-01 -1.66031063e-01 -1.66992247e-01
 -1.67088374e-01 -1.66313708e-01 -1.64663434e-01 -1.62133321e-01 -1.58719540e-01
 -1.54418409e-01 -1.49226159e-01 -1.43138587e-01 -1.36151060e-01 -1.28259286e-01
 -1.19461536e-01 -1.09763548e-01 -9.91878733e-02 -8.77878815e-02 -7.56687969e-02
 -6.30251244e-02 -5.01538888e-02 -3.70433107e-02 -2.37551462e-02 -1.03003308e-02
  3.29813431e-03  1.70130618e-02  3.08160949e-02  4.46787477e-02  5.85725717e-02
  7.24686459e-02  8.63364339e-02  1.00141540e-01  1.13842070e-01  1.27382681e-01
  1.40685648e-01  1.53638393e-01  1.66077822e-01  1.77777141e-01  1.88451186e-01
  4.52356301e-02  4.17074226e-02  3.33725139e-02  2.35777292e-02  1.40033588e-02
  4.52523166e-03 -4.95380210e-03 -1.44856842e-02 -2.41045821e-02 -3.38370427e-02
 -4.37068194e-02 -5.37386723e-02 -6.38493821e-02 -7.40774870e-02 -8.43869150e-02
 -9.46929529e-02 -1.04883455e-01 -1.14835501e-01 -1.24427602e-01 -1.33547872e-01
 -1.42098710e-01 -1.49998799e-01 -1.57183245e-01 -1.63602352e-01 -1.69219717e-01
 -1.74009830e-01 -1.77955538e-01 -1.81045637e-01 -1.83272570e-01 -1.84630722e-01
 -1.85115099e-01 -1.84720606e-01 -1.83441877e-01 -1.81273445e-01 -1.78210199e-01
 -1.74247682e-01 -1.69382274e-01 -1.63610876e-01 -1.56930298e-01 -1.49336293e-01
 -1.40823126e-01 -1.31384209e-01 -1.21015191e-01 -1.09720998e-01 -9.75288451e-02
 -8.45088363e-02 -7.08002448e-02 -5.66442870e-02 -4.25373651e-02 -2.82328259e-02
 -1.37624545e-02  8.51523713e-04  1.55930771e-02  3.04509662e-02  4.54180799e-02
  6.04908839e-02  7.56685734e-02  9.09514278e-02  1.06337570e-01  1.21816978e-01
  1.37360394e-01  1.52899086e-01  1.68287784e-01  1.83231890e-01  1.97133765e-01
  4.51124720e-02  4.08815071e-02  3.32667008e-02  2.37935483e-02  1.38470540e-02
  3.78143229e-03 -6.35966985e-03 -1.65933054e-02 -2.69466080e-02 -3.74465063e-02
 -4.81181219e-02 -5.89851849e-02 -6.99850172e-02 -8.11278149e-02 -9.23485309e-02
 -1.03537425e-01 -1.14563428e-01 -1.25291362e-01 -1.35593563e-01 -1.45357057e-01
 -1.54486954e-01 -1.62907511e-01 -1.70561358e-01 -1.77407652e-01 -1.83419511e-01
 -1.88581064e-01 -1.92884311e-01 -1.96326047e-01 -1.98905006e-01 -2.00619727e-01
 -2.01466933e-01 -2.01440856e-01 -2.00533286e-01 -1.98734388e-01 -1.96033910e-01
 -1.92422554e-01 -1.87893093e-01 -1.82440951e-01 -1.76063851e-01 -1.68760568e-01
 -1.60528883e-01 -1.51363507e-01 -1.41254857e-01 -1.30190313e-01 -1.18160248e-01
 -1.05171382e-01 -9.12711248e-02 -7.65872821e-02 -6.13867752e-02 -4.61193323e-02
 -3.06988582e-02 -1.51303969e-02  5.87465765e-04  1.64631214e-02  3.25125940e-02
  4.87603843e-02  6.52405620e-02  8.19979310e-02  9.90891755e-02  1.16583444e-01
  1.34561598e-01  1.53111428e-01  1.72308147e-01  1.92133144e-01  2.11770743e-01
  4.81048264e-02  4.45462503e-02  3.46555598e-02  2.35420577e-02  1.28924744e-02
  2.28653103e-03 -8.39980319e-03 -1.92164350e-02 -3.01961675e-02 -4.13662381e-02
 -5.27499951e-02 -6.43649995e-02 -7.61631057e-02 -8.81176367e-02 -1.00133158e-01
 -1.12077020e-01 -1.23802811e-01 -1.35166794e-01 -1.46038368e-01 -1.56305864e-01
 -1.65879026e-01 -1.74689114e-01 -1.82687655e-01 -1.89844087e-01 -1.96142703e-01
 -2.01579064e-01 -2.06156179e-01 -2.09880471e-01 -2.12758258e-01 -2.14792833e-01
 -2.15982601e-01 -2.16320261e-01 -2.15793177e-01 -2.14384675e-01 -2.12075934e-01
 -2.08848372e-01 -2.04686150e-01 -1.99578017e-01 -1.93518311e-01 -1.86506435e-01
 -1.78544819e-01 -1.69635475e-01 -1.59775913e-01 -1.48956016e-01 -1.37157679e-01
 -1.24360211e-01 -1.10554636e-01 -9.57712755e-02 -8.01239535e-02 -6.38700947e-02
 -4.74823751e-02 -3.09650302e-02 -1.43007440e-02  2.53647403e-03  1.95830129e-02
  3.68878543e-02  5.45158610e-02  7.25524575e-02  9.11101848e-02  1.10338144e-01
  1.30436614e-01  1.51682645e-01  1.74488962e-01  1.99645355e-01  2.30743259e-01
  4.43210714e-02  3.95200625e-02  3.15518081e-02  2.16224119e-02  1.09977834e-02
  1.07068452e-04 -1.09740933e-02 -2.22539026e-02 -3.37564722e-02 -4.55083326e-02
 -5.75380959e-02 -6.97834492e-02 -8.22643936e-02 -9.49094519e-02 -1.07591555e-01
 -1.20156787e-01 -1.32445991e-01 -1.44309282e-01 -1.55615017e-01 -1.66254178e-01
 -1.76142067e-01 -1.85217917e-01 -1.93443224e-01 -2.00799152e-01 -2.07282931e-01
 -2.12903634e-01 -2.17677295e-01 -2.21621722e-01 -2.24751398e-01 -2.27074027e-01
 -2.28588879e-01 -2.29286298e-01 -2.29148239e-01 -2.28150025e-01 -2.26262793e-01
 -2.23456621e-01 -2.19703808e-01 -2.14981824e-01 -2.09275559e-01 -2.02579081e-01
 -1.94895446e-01 -1.86233208e-01 -1.76601171e-01 -1.66001990e-01 -1.54426768e-01
 -1.41853213e-01 -1.28250599e-01 -1.13595583e-01 -9.79038104e-02 -8.12821463e-02
 -6.40041009e-02 -4.66000214e-02 -2.90806759e-02 -1.14080505e-02  6.46759244e-03
  2.46089846e-02  4.30965945e-02  6.20353296e-02  8.15635845e-02  1.01865739e-01
  1.23189531e-01  1.45869076e-01  1.70352042e-01  1.97242409e-01  2.27548867e-01
  4.72671762e-02  4.35189307e-02  3.18193883e-02  1.98381003e-02  8.66508298e-03
 -2.52135820e-03 -1.39047187e-02 -2.55444236e-02 -3.74695882e-02 -4.96998467e-02
 -6.22470528e-02 -7.50617832e-02 -8.81318972e-02 -1.01355813e-01 -1.14582941e-01
 -1.27643406e-01 -1.40368789e-01 -1.52605429e-01 -1.64221913e-01 -1.75112784e-01
 -1.85199559e-01 -1.94430247e-01 -2.02777579e-01 -2.10236087e-01 -2.16818154e-01
 -2.22548723e-01 -2.27457553e-01 -2.31572464e-01 -2.34914675e-01 -2.37495854e-01
 -2.39316300e-01 -2.40364373e-01 -2.40616992e-01 -2.40041241e-01 -2.38597229e-01
 -2.36241847e-01 -2.32933238e-01 -2.28635252e-01 -2.23321229e-01 -2.16976285e-01
 -2.09597737e-01 -2.01194391e-01 -1.91783637e-01 -1.81383416e-01 -1.70002908e-01
 -1.57634825e-01 -1.44252315e-01 -1.29814759e-01 -1.14286892e-01 -9.76775661e-02
 -8.01041052e-02 -6.18845373e-02 -4.36451547e-02 -2.53107920e-02 -6.82195555e-03
  1.18822353e-02  3.08758244e-02  5.02536036e-02  7.01387748e-02  9.06930342e-02
  1.12131149e-01  1.34742528e-01  1.58918142e-01  1.85109764e-01  2.12867782e-01
  3.94712538e-02  3.39284502e-02  2.59979870e-02  1.63171738e-02  5.70427999e-03
 -5.43919764e-03 -1.69833638e-02 -2.88962200e-02 -4.11788672e-02 -5.38475849e-02
 -6.67962283e-02 -8.00794587e-02 -9.36355665e-02 -1.07329734e-01 -1.20989464e-01
 -1.34431526e-01 -1.47480518e-01 -1.59980431e-01 -1.71801075e-01 -1.82841122e-01
 -1.93029031e-01 -2.02322543e-01 -2.10706979e-01 -2.18192235e-01 -2.24807695e-01
 -2.30592683e-01 -2.35587955e-01 -2.39829764e-01 -2.43345693e-01 -2.46151656e-01
 -2.48249978e-01 -2.49628484e-01 -2.50260472e-01 -2.50106096e-01 -2.49114886e-01
 -2.47229904e-01 -2.44393080e-01 -2.40551293e-01 -2.35662341e-01 -2.29699492e-01
 -2.22653389e-01 -2.14530855e-01 -2.05351487e-01 -1.95143923e-01 -1.83936641e-01
 -1.71745315e-01 -1.58562943e-01 -1.44356906e-01 -1.29077420e-01 -1.12682968e-01
 -9.51894671e-02 -7.67493993e-02 -5.77598251e-02 -3.89751904e-02 -2.00858191e-02
 -1.07371202e-03  1.81032345e-02  3.75046171e-02  5.72059043e-02  7.72993192e-02
  9.78964046e-02  1.19133271e-01  1.41184866e-01  1.64304584e-01  1.88612938e-01
  3.93860675e-02  3.41718048e-02  2.49410495e-02  1.42209120e-02  3.22790141e-03
 -8.13088473e-03 -1.98908374e-02 -3.20588313e-02 -4.46407534e-02 -5.76468706e-02
 -7.09857345e-02 -8.46817791e-02 -9.86452252e-02 -1.12719327e-01 -1.26716480e-01
 -1.40444264e-01 -1.53722867e-01 -1.66395441e-01 -1.78333879e-01 -1.89441666e-01
 -1.99654892e-01 -2.08942056e-01 -2.17302382e-01 -2.24762365e-01 -2.31365830e-01
 -2.37163335e-01 -2.42204681e-01 -2.46533543e-01 -2.50183582e-01 -2.53175437e-01
 -2.55514592e-01 -2.57189959e-01 -2.58173406e-01 -2.58420408e-01 -2.57871985e-01
 -2.56458640e-01 -2.54105836e-01 -2.50741482e-01 -2.46304065e-01 -2.40750045e-01
 -2.34058917e-01 -2.26233810e-01 -2.17297703e-01 -2.07286432e-01 -1.96242303e-01
 -1.84204221e-01 -1.71192124e-01 -1.57196373e-01 -1.42177254e-01 -1.26079768e-01
 -1.08870275e-01 -9.06032175e-02 -7.15251118e-02 -5.22129834e-02 -3.29894945e-02
 -1.38196293e-02  5.33100637e-03  2.44932268e-02  4.36923914e-02  6.29440024e-02
  8.22439194e-02  1.01547793e-01  1.20727219e-01  1.39477611e-01  1.57178715e-01
  3.71396393e-02  3.14364322e-02  2.26538256e-02  1.21690687e-02  1.05734437e-03
 -1.04990173e-02 -2.24821735e-02 -3.48957330e-02 -4.77481782e-02 -6.10508211e-02
 -7.47286603e-02 -8.87730792e-02 -1.03069805e-01 -1.17444783e-01 -1.31699219e-01
 -1.45634353e-01 -1.59067750e-01 -1.71842784e-01 -1.83834121e-01 -1.94950595e-01
 -2.05136523e-01 -2.14371756e-01 -2.22670168e-01 -2.30072588e-01 -2.36633882e-01
 -2.42413461e-01 -2.47468606e-01 -2.51849473e-01 -2.55595416e-01 -2.58731902e-01
 -2.61268288e-01 -2.63195962e-01 -2.64487386e-01 -2.65095890e-01 -2.64956981e-01
 -2.63991207e-01 -2.62109667e-01 -2.59221673e-01 -2.55244613e-01 -2.50114381e-01
 -2.43794024e-01 -2.36277968e-01 -2.27589980e-01 -2.17774972e-01 -2.06887901e-01
 -1.94985196e-01 -1.82113007e-01 -1.68289930e-01 -1.53498024e-01 -1.37687847e-01
 -1.20802902e-01 -1.02830105e-01 -8.38841647e-02 -6.43277243e-02 -4.49073426e-02
 -2.57139392e-02 -6.71125529e-03  1.21077970e-02  3.07310279e-02  4.91254590e-02
  6.72290847e-02  8.49370211e-02  1.02083392e-01  1.18425250e-01  1.33646071e-01
  3.63287553e-02  3.05693559e-02  2.14181487e-02  1.05970744e-02 -7.43119861e-04
 -1.25061348e-02 -2.47008074e-02 -3.73389497e-02 -5.04321344e-02 -6.39928430e-02
 -7.79551789e-02 -9.22841951e-02 -1.06846161e-01 -1.21453568e-01 -1.35899216e-01
 -1.49979904e-01 -1.63511619e-01 -1.76338658e-01 -1.88338786e-01 -1.99426398e-01
 -2.09554195e-01 -2.18713358e-01 -2.26931274e-01 -2.34259546e-01 -2.40761489e-01
 -2.46503517e-01 -2.51548946e-01 -2.55953431e-01 -2.59761304e-01 -2.63002574e-01
 -2.65690565e-01 -2.67819911e-01 -2.69364953e-01 -2.70279080e-01 -2.70494968e-01
 -2.69926727e-01 -2.68474251e-01 -2.66030967e-01 -2.62494236e-01 -2.57778198e-01
 -2.51826108e-01 -2.44618714e-01 -2.36175746e-01 -2.26548582e-01 -2.15806484e-01
 -2.04021975e-01 -1.91261679e-01 -1.77571237e-01 -1.62958622e-01 -1.47390664e-01
 -1.30807772e-01 -1.13161884e-01 -9.44851637e-02 -7.49947801e-02 -5.52271381e-02
 -3.61598209e-02 -1.73519570e-02  1.14278530e-03  1.92778278e-02  3.69983613e-02
  5.42316698e-02  7.08802491e-02  8.68179351e-02  1.01891249e-01  1.15929171e-01
  3.56293768e-02  2.98141576e-02  2.03809384e-02  9.31076892e-03 -2.20702798e-03
 -1.41408108e-02 -2.65165586e-02 -3.93501781e-02 -5.26519008e-02 -6.64247870e-02
 -8.06139708e-02 -9.51659083e-02 -1.09931879e-01 -1.24713823e-01 -1.39297977e-01
 -1.53477728e-01 -1.67068169e-01 -1.79914638e-01 -1.91898063e-01 -2.02938214e-01
 -2.12995648e-01 -2.22072139e-01 -2.30205700e-01 -2.37455949e-01 -2.43892580e-01
 -2.49587372e-01 -2.54608423e-01 -2.59015739e-01 -2.62857676e-01 -2.66168177e-01
 -2.68964112e-01 -2.71243274e-01 -2.72982508e-01 -2.74136484e-01 -2.74637103e-01
 -2.74394870e-01 -2.73302168e-01 -2.71240205e-01 -2.68089741e-01 -2.63744980e-01
 -2.58129120e-01 -2.51206875e-01 -2.42989779e-01 -2.33531520e-01 -2.22913161e-01
 -2.11224213e-01 -1.98547751e-01 -1.84951290e-01 -1.70467436e-01 -1.55083552e-01
 -1.38749301e-01 -1.21406965e-01 -1.03051148e-01 -8.38257074e-02 -6.41600266e-02
 -4.49225083e-02 -2.61436943e-02 -7.83525407e-03  9.97627620e-03  2.72488985e-02
  4.39248756e-02  5.99310398e-02  7.51805231e-02  8.95768031e-02  1.03020601e-01
  3.42661701e-02  2.81296503e-02  1.90384630e-02  8.20944831e-03 -3.33220535e-03
 -1.53737338e-02 -2.78934184e-02 -4.09005769e-02 -5.44127636e-02 -6.83156028e-02
 -8.26653093e-02 -9.73813236e-02 -1.12298258e-01 -1.27207875e-01 -1.41890526e-01
 -1.56136781e-01 -1.69761002e-01 -1.82609633e-01 -1.94566414e-01 -2.05555856e-01
 -2.15545341e-01 -2.24545494e-01 -2.32601985e-01 -2.39780247e-01 -2.46154651e-01
 -2.51800925e-01 -2.56790727e-01 -2.61187226e-01 -2.65041918e-01 -2.68391520e-01
 -2.71255821e-01 -2.73635179e-01 -2.75508702e-01 -2.76832581e-01 -2.77539104e-01
 -2.77537018e-01 -2.76714176e-01 -2.74943471e-01 -2.72093356e-01 -2.68042356e-01
 -2.62696564e-01 -2.56005436e-01 -2.47971222e-01 -2.38646522e-01 -2.28120282e-01
 -2.16496050e-01 -2.03871757e-01 -1.90330029e-01 -1.75922573e-01 -1.60654441e-01
 -1.44486010e-01 -1.27357468e-01 -1.09241240e-01 -9.02300030e-02 -7.06651658e-02
 -5.12919314e-02 -3.25305201e-02 -1.43442033e-02  3.26242857e-03  2.02613287e-02
  3.66090983e-02  5.22514991e-02  6.71271086e-02  8.11712593e-02  9.43208188e-02
  3.51490006e-02  2.93884445e-02  1.92788523e-02  7.75938341e-03 -3.97173641e-03
 -1.61183532e-02 -2.87474263e-02 -4.18785252e-02 -5.55229336e-02 -6.95622638e-02
 -8.40485618e-02 -9.88934487e-02 -1.13924399e-01 -1.28927946e-01 -1.43681228e-01
 -1.57973245e-01 -1.71618208e-01 -1.84463620e-01 -1.96395576e-01 -2.07342371e-01
 -2.17276707e-01 -2.26215705e-01 -2.34210193e-01 -2.41329566e-01 -2.47651398e-01
 -2.53254145e-01 -2.58211732e-01 -2.62589544e-01 -2.66440988e-01 -2.69804686e-01
 -2.72702157e-01 -2.75135428e-01 -2.77085155e-01 -2.78508604e-01 -2.79338479e-01
 -2.79482782e-01 -2.78826743e-01 -2.77238309e-01 -2.74578065e-01 -2.70714223e-01
 -2.65541047e-01 -2.58997053e-01 -2.51076788e-01 -2.41831005e-01 -2.31352970e-01
 -2.19755411e-01 -2.07147077e-01 -1.93619907e-01 -1.79237202e-01 -1.64015040e-01
 -1.47920340e-01 -1.30891010e-01 -1.12882540e-01 -9.39476341e-02 -7.43529871e-02
 -5.47211394e-02 -3.61408442e-02 -1.80922393e-02 -6.22266496e-04  1.62258223e-02
  3.24068293e-02  4.78725098e-02  6.25726208e-02  7.64571577e-02  8.94793496e-02
  3.29889804e-02  2.64989771e-02  1.77802984e-02  7.33628310e-03 -4.14843997e-03
 -1.63126178e-02 -2.90306564e-02 -4.22678702e-02 -5.60199767e-02 -7.01681301e-02
 -8.47583786e-02 -9.96979028e-02 -1.14810675e-01 -1.29880771e-01 -1.44683897e-01
 -1.59008428e-01 -1.72668740e-01 -1.85513243e-01 -1.97429731e-01 -2.08349019e-01
 -2.18247265e-01 -2.27145523e-01 -2.35097691e-01 -2.42175505e-01 -2.48458356e-01
 -2.54026234e-01 -2.58954406e-01 -2.63309211e-01 -2.67144948e-01 -2.70501047e-01
 -2.73399651e-01 -2.75843352e-01 -2.77813196e-01 -2.79266655e-01 -2.80136347e-01
 -2.80329585e-01 -2.79730260e-01 -2.78203845e-01 -2.75607437e-01 -2.71804571e-01
 -2.66684473e-01 -2.60180920e-01 -2.52285331e-01 -2.43047684e-01 -2.32563198e-01
 -2.20948547e-01 -2.08317071e-01 -1.94764465e-01 -1.80358261e-01 -1.65118352e-01
 -1.49013847e-01 -1.31982058e-01 -1.13974050e-01 -9.50336754e-02 -7.54164606e-02
 -5.57413623e-02 -3.71327437e-02 -1.90856420e-02 -1.62971846e-03  1.51967723e-02
  3.13507542e-02  4.67861965e-02  6.14559315e-02  7.53138214e-02  8.83173943e-02
  3.77628207e-02  3.24536897e-02  2.11613830e-02  8.78334418e-03 -3.38270026e-03
 -1.58419050e-02 -2.87274998e-02 -4.20825109e-02 -5.59282042e-02 -7.01545700e-02
 -8.48126337e-02 -9.98110026e-02 -1.14973746e-01 -1.30084693e-01 -1.44919321e-01
 -1.59266070e-01 -1.72939569e-01 -1.85788795e-01 -1.97702363e-01 -2.08612204e-01
 -2.18495846e-01 -2.27375731e-01 -2.35306889e-01 -2.42361873e-01 -2.48620689e-01
 -2.54163682e-01 -2.59066314e-01 -2.63394982e-01 -2.67203778e-01 -2.70531803e-01
 -2.73400605e-01 -2.75812179e-01 -2.77746737e-01 -2.79160917e-01 -2.79986352e-01
 -2.80129552e-01 -2.79473752e-01 -2.77884364e-01 -2.75218904e-01 -2.71342307e-01
 -2.66145825e-01 -2.59565860e-01 -2.51596212e-01 -2.42288306e-01 -2.31737494e-01
 -2.20059052e-01 -2.07364082e-01 -1.93746135e-01 -1.79269627e-01 -1.63950965e-01
 -1.47756606e-01 -1.30623728e-01 -1.12507716e-01 -9.34631974e-02 -7.37627819e-02
 -5.40402606e-02 -3.53993401e-02 -1.72793921e-02  2.67158059e-04  1.71935838e-02
  3.34521793e-02  4.89926711e-02  6.37630150e-02  7.77115747e-02  9.07900855e-02
  3.62001322e-02  3.00374273e-02  2.07625534e-02  9.54494253e-03 -2.48576887e-03
 -1.50086731e-02 -2.79774610e-02 -4.14018482e-02 -5.53010143e-02 -6.95624352e-02
 -8.42454135e-02 -9.92628932e-02 -1.14441276e-01 -1.29565626e-01 -1.44412160e-01
 -1.58769771e-01 -1.72453359e-01 -1.85312033e-01 -1.97234333e-01 -2.08151832e-01
 -2.18041241e-01 -2.26923987e-01 -2.34854266e-01 -2.41903976e-01 -2.48152465e-01
 -2.53679365e-01 -2.58559197e-01 -2.62857348e-01 -2.66626686e-01 -2.69904763e-01
 -2.72711605e-01 -2.75047213e-01 -2.76889890e-01 -2.78194278e-01 -2.78890431e-01
 -2.78883964e-01 -2.78058469e-01 -2.76281685e-01 -2.73415893e-01 -2.69333363e-01
 -2.63934523e-01 -2.57165253e-01 -2.49026701e-01 -2.39573479e-01 -2.28898659e-01
 -2.17110738e-01 -2.04311997e-01 -1.90588087e-01 -1.75992891e-01 -1.60532087e-01
 -1.44165367e-01 -1.26832038e-01 -1.08505346e-01 -8.92837867e-02 -6.95238709e-02
 -5.00008538e-02 -3.10830176e-02 -1.27342977e-02  5.03790844e-03  2.22023651e-02
  3.87124680e-02  5.45107536e-02  6.95325211e-02  8.37098360e-02  9.69763920e-02
  3.89933586e-02  3.34704779e-02  2.30565071e-02  1.09786876e-02 -1.27751776e-03
 -1.38661228e-02 -2.68593952e-02 -4.02905941e-02 -5.41862696e-02 -6.84347749e-02
 -8.30974132e-02 -9.80916694e-02 -1.13248020e-01 -1.28354445e-01 -1.43188938e-01
 -1.57541424e-01 -1.71227217e-01 -1.84095234e-01 -1.96033120e-01 -2.06970721e-01
 -2.16881946e-01 -2.25784674e-01 -2.33730331e-01 -2.40788609e-01 -2.47036874e-01
 -2.52552837e-01 -2.57409036e-01 -2.61668742e-01 -2.65382439e-01 -2.68585235e-01
 -2.71294266e-01 -2.73506641e-01 -2.75197744e-01 -2.76319504e-01 -2.76800185e-01
 -2.76545018e-01 -2.75439739e-01 -2.73357511e-01 -2.70170063e-01 -2.65762866e-01
 -2.60051847e-01 -2.52997518e-01 -2.44611308e-01 -2.34950557e-01 -2.24102616e-01
 -2.12163821e-01 -1.99222803e-01 -1.85351357e-01 -1.70585036e-01 -1.54912099e-01
 -1.38281688e-01 -1.20636106e-01 -1.01973511e-01 -8.24482962e-02 -6.25083894e-02
 -4.30388264e-02 -2.40053218e-02 -5.43341739e-03  1.26439370e-02  3.01805753e-02
  4.71148826e-02  6.33694082e-02  7.88523927e-02  9.34618786e-02  1.07093021e-01
  3.87390889e-02  3.28611806e-02  2.34492458e-02  1.20783616e-02  1.84840501e-05
 -1.24913491e-02 -2.54242495e-02 -3.87837514e-02 -5.25768176e-02 -6.68054521e-02
 -8.14145431e-02 -9.63438004e-02 -1.11436218e-01 -1.26486897e-01 -1.41277865e-01
 -1.55601114e-01 -1.69272751e-01 -1.82141393e-01 -1.94093212e-01 -2.05055147e-01
 -2.14996606e-01 -2.23929495e-01 -2.31900305e-01 -2.38974810e-01 -2.45227009e-01
 -2.50731379e-01 -2.55557388e-01 -2.59764969e-01 -2.63401270e-01 -2.66497731e-01
 -2.69067794e-01 -2.71104872e-01 -2.72580773e-01 -2.73444772e-01 -2.73623794e-01
 -2.73024350e-01 -2.71537006e-01 -2.69044399e-01 -2.65432656e-01 -2.60605693e-01
 -2.54499167e-01 -2.47090682e-01 -2.38401592e-01 -2.28489071e-01 -2.17430353e-01
 -2.05305606e-01 -1.92187533e-01 -1.78127021e-01 -1.63135111e-01 -1.47179529e-01
 -1.30200982e-01 -1.12155296e-01 -9.30890217e-02 -7.32550472e-02 -5.32627255e-02
 -3.37543041e-02 -1.45439636e-02  4.33798134e-03  2.28536259e-02  4.09500077e-02
  5.85524701e-02  7.55589232e-02  9.18363407e-02  1.07222497e-01  1.21536404e-01
  4.03979830e-02  3.48032564e-02  2.51511857e-02  1.36091560e-02  1.57137227e-03
 -1.08687272e-02 -2.37196404e-02 -3.69873755e-02 -5.06778434e-02 -6.47996441e-02
 -7.92854130e-02 -9.40879062e-02 -1.09060496e-01 -1.24005578e-01 -1.38709858e-01
 -1.52967945e-01 -1.66597039e-01 -1.79445431e-01 -1.91397429e-01 -2.02376246e-01
 -2.12345481e-01 -2.21308902e-01 -2.29305580e-01 -2.36395463e-01 -2.42647573e-01
 -2.48131886e-01 -2.52913415e-01 -2.57047743e-01 -2.60577619e-01 -2.63530046e-01
 -2.65913963e-01 -2.67718732e-01 -2.68912792e-01 -2.69443512e-01 -2.69238234e-01
 -2.68207401e-01 -2.66250193e-01 -2.63263166e-01 -2.59151280e-01 -2.53840327e-01
 -2.47287154e-01 -2.39485249e-01 -2.30462402e-01 -2.20271051e-01 -2.08974674e-01
 -1.96636811e-01 -1.83310553e-01 -1.69019565e-01 -1.53747812e-01 -1.37445137e-01
 -1.20054148e-01 -1.01565406e-01 -8.21082890e-02 -6.20776117e-02 -4.22684066e-02
 -2.26330329e-02 -3.16438451e-03  1.61339249e-02  3.52451988e-02  5.41333407e-02
  7.27324262e-02  9.09313783e-02  1.08554520e-01  1.25344455e-01  1.40965685e-01
  4.16725539e-02  3.62310521e-02  2.66931504e-02  1.52699901e-02  3.34159005e-03
 -9.00783110e-03 -2.17691436e-02 -3.49329337e-02 -4.84973826e-02 -6.24685660e-02
 -7.67738149e-02 -9.13869739e-02 -1.06176622e-01 -1.20955661e-01 -1.35517493e-01
 -1.49660677e-01 -1.63204208e-01 -1.75996348e-01 -1.87919497e-01 -1.98892757e-01
 -2.08873078e-01 -2.17854708e-01 -2.25866437e-01 -2.32960135e-01 -2.39198104e-01
 -2.44644269e-01 -2.49358013e-01 -2.53389508e-01 -2.56776214e-01 -2.59540051e-01
 -2.61685431e-01 -2.63197839e-01 -2.64043421e-01 -2.64169365e-01 -2.63506323e-01
 -2.61972249e-01 -2.59479076e-01 -2.55941123e-01 -2.51285046e-01 -2.45459020e-01
 -2.38439098e-01 -2.30230227e-01 -2.20861405e-01 -2.10376382e-01 -1.98824823e-01
 -1.86253652e-01 -1.72689751e-01 -1.58127204e-01 -1.42526239e-01 -1.25829741e-01
 -1.08003981e-01 -8.91125649e-02 -6.94312006e-02 -4.95987348e-02 -2.98473388e-02
 -1.01302071e-02  9.58800316e-03  2.93372180e-02  4.91421893e-02  6.90180734e-02
  8.89598802e-02  1.08920433e-01  1.28763646e-01  1.48166656e-01  1.66471660e-01
  4.22596633e-02  3.66504639e-02  2.80061159e-02  1.72276217e-02  5.42518590e-03
 -6.90813456e-03 -1.96263865e-02 -3.26950252e-02 -4.61136326e-02 -5.98940179e-02
 -7.39600882e-02 -8.83151218e-02 -1.02848835e-01 -1.17388748e-01 -1.31737843e-01
 -1.45700455e-01 -1.59098491e-01 -1.71780795e-01 -1.83628127e-01 -1.94555506e-01
 -2.04512894e-01 -2.13484511e-01 -2.21486464e-01 -2.28559792e-01 -2.34757975e-01
 -2.40137354e-01 -2.44750425e-01 -2.48641014e-01 -2.51840740e-01 -2.54366398e-01
 -2.56218225e-01 -2.57379025e-01 -2.57814437e-01 -2.57474333e-01 -2.56295919e-01
 -2.54208535e-01 -2.51140177e-01 -2.47025177e-01 -2.41811737e-01 -2.35467866e-01
 -2.27983847e-01 -2.19370440e-01 -2.09653556e-01 -1.98868439e-01 -1.87052295e-01
 -1.74229205e-01 -1.60397649e-01 -1.45526171e-01 -1.29562512e-01 -1.12461910e-01
 -9.42418128e-02 -7.50697404e-02 -5.53817376e-02 -3.60014252e-02 -1.64865609e-02
  3.17517598e-03  2.30247825e-02  4.31231633e-02  6.35489300e-02  8.43991488e-02
  1.05791919e-01  1.27871826e-01  1.50825024e-01  1.74921170e-01  2.00288981e-01
  5.23859300e-02  4.92991656e-02  3.45988944e-02  2.05174573e-02  7.82189239e-03
 -4.76146536e-03 -1.74888615e-02 -3.04438695e-02 -4.36692797e-02 -5.71974851e-02
 -7.09496140e-02 -8.49634260e-02 -9.91537049e-02 -1.13365956e-01 -1.27415419e-01
 -1.41114131e-01 -1.54288173e-01 -1.66787773e-01 -1.78492486e-01 -1.89313501e-01
 -1.99194029e-01 -2.08108321e-01 -2.16059163e-01 -2.23073646e-01 -2.29193971e-01
 -2.34467104e-01 -2.38937497e-01 -2.42641971e-01 -2.45606169e-01 -2.47842163e-01
 -2.49347121e-01 -2.50102997e-01 -2.50077426e-01 -2.49225989e-01 -2.47495696e-01
 -2.44829968e-01 -2.41174430e-01 -2.36482829e-01 -2.30722055e-01 -2.23875001e-01
 -2.15940535e-01 -2.06931204e-01 -1.96870402e-01 -1.85785189e-01 -1.73694029e-01
 -1.60596415e-01 -1.46468073e-01 -1.31266624e-01 -1.14952676e-01 -9.75332856e-02
 -7.91341960e-02 -6.01030253e-02 -4.11275327e-02 -2.20568739e-02 -2.82391394e-03
  1.66369900e-02  3.64044905e-02  5.65790348e-02  7.72913098e-02  9.87130702e-02
  1.21072680e-01  1.44678026e-01  1.69945136e-01  1.97354764e-01  2.26431325e-01
  4.61244918e-02  4.11613099e-02  3.24239880e-02  2.12428980e-02  9.17349942e-03
 -3.18528060e-03 -1.57149937e-02 -2.84230635e-02 -4.13433798e-02 -5.45161627e-02
 -6.78586960e-02 -8.14327151e-02 -9.51770991e-02 -1.08957328e-01 -1.22603349e-01
 -1.35936901e-01 -1.48789644e-01 -1.61014020e-01 -1.72488928e-01 -1.83122128e-01
 -1.92850545e-01 -2.01639056e-01 -2.09477931e-01 -2.16379017e-01 -2.22370297e-01
 -2.27487341e-01 -2.31765345e-01 -2.35233679e-01 -2.37912238e-01 -2.39809260e-01
 -2.40920380e-01 -2.41228819e-01 -2.40706772e-01 -2.39317998e-01 -2.37021342e-01
 -2.33775124e-01 -2.29541630e-01 -2.24291131e-01 -2.18004674e-01 -2.10675135e-01
 -2.02307150e-01 -1.92915499e-01 -1.82517916e-01 -1.71126366e-01 -1.58739179e-01
 -1.45337403e-01 -1.30889192e-01 -1.15366749e-01 -9.87815484e-02 -8.12434629e-02
 -6.30464777e-02 -4.47701812e-02 -2.63921097e-02 -7.86963757e-03  1.08522298e-02
  2.98417192e-02  4.91854288e-02  6.89956471e-02  8.94201100e-02  1.10655412e-01
  1.32965505e-01  1.56706303e-01  1.82354599e-01  2.10553691e-01  2.42376849e-01
  5.11331521e-02  4.82477732e-02  3.56732160e-02  2.22295932e-02  9.87600628e-03
 -2.30274117e-03 -1.45109193e-02 -2.68229637e-02 -3.92846689e-02 -5.19317649e-02
 -6.47904128e-02 -7.78243318e-02 -9.10101607e-02 -1.04240365e-01 -1.17363758e-01
 -1.30214423e-01 -1.42631188e-01 -1.54469639e-01 -1.65608525e-01 -1.75952613e-01
 -1.85433015e-01 -1.94006056e-01 -2.01650709e-01 -2.08365083e-01 -2.14161828e-01
 -2.19062686e-01 -2.23092228e-01 -2.26271883e-01 -2.28616104e-01 -2.30130345e-01
 -2.30810225e-01 -2.30642021e-01 -2.29604259e-01 -2.27670074e-01 -2.24810362e-01
 -2.20997214e-01 -2.16206923e-01 -2.10422650e-01 -2.03636333e-01 -1.95849434e-01
 -1.87069997e-01 -1.77307904e-01 -1.66568771e-01 -1.54848784e-01 -1.42132893e-01
 -1.28399372e-01 -1.13634840e-01 -9.78641286e-02 -8.11992884e-02 -6.39099404e-02
 -4.65066954e-02 -2.90011652e-02 -1.13725746e-02  6.40898710e-03  2.43842714e-02
  4.26071249e-02  6.11480102e-02  8.00990462e-02  9.95810106e-02  1.19753473e-01
  1.40830278e-01  1.63106814e-01  1.87022775e-01  2.13419139e-01  2.46112928e-01
  4.44172882e-02  3.98786850e-02  3.14500257e-02  2.06787903e-02  9.21615027e-03
 -2.39523756e-03 -1.40672941e-02 -2.58179829e-02 -3.76844518e-02 -4.97043654e-02
 -6.19131662e-02 -7.42630661e-02 -8.67537186e-02 -9.92995724e-02 -1.11767337e-01
 -1.24003932e-01 -1.35856152e-01 -1.47183329e-01 -1.57864496e-01 -1.67801753e-01
 -1.76920921e-01 -1.85170516e-01 -1.92519471e-01 -1.98953897e-01 -2.04473227e-01
 -2.09085703e-01 -2.12803841e-01 -2.15640157e-01 -2.17603669e-01 -2.18697608e-01
 -2.18918487e-01 -2.18256563e-01 -2.16697127e-01 -2.14222550e-01 -2.10814640e-01
 -2.06457317e-01 -2.01138973e-01 -1.94853723e-01 -1.87601104e-01 -1.79384321e-01
 -1.70207039e-01 -1.60069600e-01 -1.48966089e-01 -1.36884511e-01 -1.23812489e-01
 -1.09752022e-01 -9.47467163e-02 -7.89247826e-02 -6.25554100e-02 -4.61143479e-02
 -2.95641385e-02 -1.29052754e-02  3.86733818e-03  2.07653865e-02  3.78081501e-02
  5.50236069e-02  7.24496990e-02  9.01356936e-02  1.08143389e-01  1.26547784e-01
  1.45436138e-01  1.64902642e-01  1.85027048e-01  2.05786064e-01  2.26312861e-01
  4.44400981e-02  4.12222296e-02  3.07836831e-02  1.87982023e-02  7.54438154e-03
 -3.47629422e-03 -1.44558623e-02 -2.54800916e-02 -3.66010852e-02 -4.78578731e-02
 -5.92837036e-02 -7.08184168e-02 -8.24820474e-02 -9.42097902e-02 -1.05886452e-01
 -1.17372818e-01 -1.28524870e-01 -1.39206722e-01 -1.49298534e-01 -1.58700347e-01
 -1.67333305e-01 -1.75139010e-01 -1.82077512e-01 -1.88124552e-01 -1.93268284e-01
 -1.97505668e-01 -2.00838819e-01 -2.03271791e-01 -2.04807818e-01 -2.05447629e-01
 -2.05188528e-01 -2.04024598e-01 -2.01947585e-01 -1.98948309e-01 -1.95018291e-01
 -1.90151051e-01 -1.84342876e-01 -1.77592620e-01 -1.69900417e-01 -1.61265761e-01
 -1.51685506e-01 -1.41152859e-01 -1.29659310e-01 -1.17201492e-01 -1.03796005e-01
 -8.95052999e-02 -7.44773299e-02 -5.90043627e-02 -4.35586311e-02 -2.79765371e-02
 -1.22806635e-02  3.51085048e-03  1.93840843e-02  3.53292078e-02  5.13403676e-02
  6.74154013e-02  8.35550949e-02  9.97615233e-02  1.16034657e-01  1.32366002e-01
  1.48726791e-01  1.65046334e-01  1.81172729e-01  1.96796194e-01  2.11290419e-01
  3.59479897e-02  3.16364318e-02  2.37999298e-02  1.41921416e-02  4.29118844e-03
 -5.66311274e-03 -1.56832263e-02 -2.57966183e-02 -3.60267349e-02 -4.63950969e-02
 -5.69232441e-02 -6.75308108e-02 -7.82519430e-02 -8.90400112e-02 -9.97979268e-02
 -1.10401735e-01 -1.20718502e-01 -1.30619049e-01 -1.39986143e-01 -1.48719117e-01
 -1.56735569e-01 -1.63971320e-01 -1.70378909e-01 -1.75925359e-01 -1.80589497e-01
 -1.84358984e-01 -1.87227532e-01 -1.89192310e-01 -1.90251887e-01 -1.90404892e-01
 -1.89649165e-01 -1.87981769e-01 -1.85399234e-01 -1.81898236e-01 -1.77476048e-01
 -1.72130808e-01 -1.65861234e-01 -1.58665925e-01 -1.50542349e-01 -1.41486332e-01
 -1.31492794e-01 -1.20559245e-01 -1.08693667e-01 -9.59291607e-02 -8.23465362e-02
 -6.81088939e-02 -5.34823053e-02 -3.90129797e-02 -2.43536979e-02 -9.55309346e-03
  5.34944935e-03  2.03190669e-02  3.53233442e-02  5.03313132e-02  6.53128400e-02
  8.02378505e-02  9.50750709e-02  1.09789699e-01  1.24339573e-01  1.38668865e-01
  1.52698606e-01  1.66313410e-01  1.79344982e-01  1.91558272e-01  2.02657178e-01
  2.75403578e-02  2.27559451e-02  1.62735097e-02  8.54162313e-03  1.57685994e-04
 -8.57202895e-03 -1.75183006e-02 -2.66277697e-02 -3.58810462e-02 -4.52759862e-02
 -5.48217595e-02 -6.44224063e-02 -7.41132647e-02 -8.38620663e-02 -9.35900062e-02
 -1.03190422e-01 -1.12544194e-01 -1.21531636e-01 -1.30040705e-01 -1.37972131e-01
 -1.45241857e-01 -1.51781619e-01 -1.57538131e-01 -1.62471533e-01 -1.66553199e-01
 -1.69763491e-01 -1.72089502e-01 -1.73522979e-01 -1.74058765e-01 -1.73693478e-01
 -1.72424734e-01 -1.70250773e-01 -1.67170152e-01 -1.63181707e-01 -1.58284336e-01
 -1.52476743e-01 -1.45757064e-01 -1.38122812e-01 -1.29571483e-01 -1.20102890e-01
 -1.09724246e-01 -9.84595791e-02 -8.63644704e-02 -7.35503733e-02 -6.02012910e-02
 -4.66914959e-02 -3.29425372e-02 -1.90399829e-02 -4.99553280e-03  9.16060153e-03
  2.33893227e-02  3.76465246e-02  5.18847480e-02  6.60540015e-02  8.01021978e-02
  9.39753875e-02  1.07617542e-01  1.20969690e-01  1.33968145e-01  1.46541640e-01
  1.58607364e-01  1.70066729e-01  1.80802509e-01  1.90680072e-01  1.99556231e-01
  2.28239708e-02  1.86819341e-02  1.16047831e-02  3.87528469e-03 -3.81157035e-03
 -1.16575556e-02 -1.96647029e-02 -2.78104097e-02 -3.60768214e-02 -4.44536172e-02
 -5.29350154e-02 -6.15143329e-02 -7.01260194e-02 -7.87633061e-02 -8.73711035e-02
 -9.58638117e-02 -1.04139611e-01 -1.12091683e-01 -1.19616389e-01 -1.26618743e-01
 -1.33015588e-01 -1.38736874e-01 -1.43725634e-01 -1.47937030e-01 -1.51336893e-01
 -1.53899953e-01 -1.55608073e-01 -1.56448573e-01 -1.56412840e-01 -1.55495077e-01
 -1.53691441e-01 -1.50999337e-01 -1.47416875e-01 -1.42942503e-01 -1.37574747e-01
 -1.31312266e-01 -1.24154545e-01 -1.16103485e-01 -1.07166879e-01 -9.73648578e-02
 -8.67396817e-02 -7.53734410e-02 -6.33970350e-02 -5.10776900e-02 -3.84255014e-02
 -2.54948866e-02 -1.23198666e-02  1.05574273e-03  1.45900520e-02  2.82366108e-02
  4.19426411e-02  5.56487851e-02  6.92894980e-02  8.27938616e-02  9.60868448e-02
  1.09090939e-01  1.21727921e-01  1.33920550e-01  1.45593792e-01  1.56675264e-01
  1.67095080e-01  1.76785216e-01  1.85679361e-01  1.93714127e-01  2.00832352e-01
  1.60252620e-02  1.13691147e-02  5.59578789e-03 -9.61673330e-04 -7.86897540e-03
 -1.49332657e-02 -2.20942833e-02 -2.93310750e-02 -3.66347767e-02 -4.40017134e-02
 -5.14310710e-02 -5.89241460e-02 -6.63990974e-02 -7.38617256e-02 -8.12752619e-02
 -8.85737687e-02 -9.56735685e-02 -1.02482870e-01 -1.08909220e-01 -1.14864968e-01
 -1.20270804e-01 -1.25057638e-01 -1.29167289e-01 -1.32552162e-01 -1.35174409e-01
 -1.37004673e-01 -1.38020754e-01 -1.38206184e-01 -1.37549043e-01 -1.36040792e-01
 -1.33675352e-01 -1.30448431e-01 -1.26357168e-01 -1.21400006e-01 -1.15577146e-01
 -1.08891897e-01 -1.01353638e-01 -9.29817259e-02 -8.38115439e-02 -7.39080459e-02
 -6.33662194e-02 -5.23926653e-02 -4.09901738e-02 -2.91955099e-02 -1.70417670e-02
 -4.56640869e-03  8.19144398e-03  2.11881865e-02  3.43748331e-02  4.76949662e-02
  6.10829331e-02  7.44627044e-02  8.77476037e-02  1.00841142e-01  1.13639258e-01
  1.26034081e-01  1.37918875e-01  1.49193615e-01  1.59770310e-01  1.69576943e-01
  1.78559750e-01  1.86683476e-01  1.93929881e-01  2.00295269e-01  2.05787972e-01
  1.19793266e-02  8.34314991e-03  1.23319810e-03 -5.70710050e-03 -1.21982852e-02
 -1.85901336e-02 -2.49462854e-02 -3.12884040e-02 -3.76288295e-02 -4.39764708e-02
 -5.03379926e-02 -5.67181706e-02 -6.30247444e-02 -6.92738369e-02 -7.54441470e-02
 -8.14875066e-02 -8.73380452e-02 -9.29200277e-02 -9.81542990e-02 -1.02963246e-01
 -1.07274398e-01 -1.11022651e-01 -1.14151403e-01 -1.16612859e-01 -1.18367687e-01
 -1.19384289e-01 -1.19637817e-01 -1.19109228e-01 -1.17784224e-01 -1.15652323e-01
 -1.12706207e-01 -1.08941466e-01 -1.04357161e-01 -9.89565924e-02 -9.27485377e-02
 -8.57501179e-02 -7.79965296e-02 -6.95457980e-02 -6.04694597e-02 -5.09446263e-02
 -4.09061164e-02 -3.03887613e-02 -1.94185711e-02 -8.02215654e-03  3.77295213e-03
  1.59365758e-02  2.84345131e-02  4.12264802e-02  5.42637333e-02  6.74862266e-02
  8.08195919e-02  9.41722840e-02  1.07433617e-01  1.20473474e-01  1.33145124e-01
  1.45291850e-01  1.56757593e-01  1.67400151e-01  1.77104041e-01  1.85790345e-01
  1.93421915e-01  2.00003102e-01  2.05574289e-01  2.10202321e-01  2.13968754e-01
  3.79783614e-03 -7.26141268e-04 -5.98630682e-03 -1.16633177e-02 -1.73665565e-02
 -2.29589529e-02 -2.84373760e-02 -3.38292755e-02 -3.91614661e-02 -4.44537848e-02
 -4.97191623e-02 -5.49649186e-02 -6.00881092e-02 -6.51088506e-02 -7.00158328e-02
 -7.47747868e-02 -7.93354958e-02 -8.36377740e-02 -8.76166448e-02 -9.12064910e-02
 -9.43442881e-02 -9.69718769e-02 -9.90373641e-02 -1.00495778e-01 -1.01309165e-01
 -1.01446293e-01 -1.00882195e-01 -9.95977670e-02 -9.75792781e-02 -9.48176757e-02
 -9.13080201e-02 -8.70496407e-02 -8.20505619e-02 -7.63299763e-02 -6.99173436e-02
 -6.28396720e-02 -5.51806390e-02 -4.71155122e-02 -3.84772979e-02 -2.93115247e-02
 -1.96359977e-02 -9.46791843e-03  1.17703562e-03  1.22835906e-02  2.38357671e-02
  3.58154215e-02  4.82003763e-02  6.09618947e-02  7.40613267e-02  8.74456987e-02
  1.01042204e-01  1.14751510e-01  1.28440693e-01  1.41937256e-01  1.55027956e-01
  1.67467266e-01  1.78999603e-01  1.89391792e-01  1.98465049e-01  2.06116542e-01
  2.12328598e-01  2.17167243e-01  2.20769718e-01  2.23319873e-01  2.25014910e-01
 -2.77371611e-03 -6.65274262e-03 -1.27723757e-02 -1.85856465e-02 -2.36181971e-02
 -2.82842256e-02 -3.27380039e-02 -3.70612592e-02 -4.13000174e-02 -4.54793647e-02
 -4.96120229e-02 -5.37044331e-02 -5.76485470e-02 -6.14533387e-02 -6.51092455e-02
 -6.85907155e-02 -7.18598589e-02 -7.48703331e-02 -7.75710419e-02 -7.99093097e-02
 -8.18334818e-02 -8.32950100e-02 -8.42499211e-02 -8.46596882e-02 -8.44915360e-02
 -8.37183148e-02 -8.23183358e-02 -8.02768469e-02 -7.75866732e-02 -7.42480010e-02
 -7.02658817e-02 -6.56399429e-02 -6.03947230e-02 -5.45896813e-02 -4.83454280e-02
 -4.15209606e-02 -3.41557935e-02 -2.62836423e-02 -1.79008730e-02 -9.01202951e-03
  3.78921162e-04  1.02691911e-02  2.06574481e-02  3.15435939e-02  4.29281965e-02
  5.48114888e-02  6.71918392e-02  8.00633878e-02  9.34124440e-02  1.07212164e-01
  1.21414497e-01  1.35938421e-01  1.50652826e-01  1.65353328e-01  1.79735735e-01
  1.93383440e-01  2.05807239e-01  2.16554955e-01  2.25312293e-01  2.31927529e-01
  2.36410946e-01  2.38932937e-01  2.39819989e-01  2.39512324e-01  2.38446206e-01
 -1.47837093e-02 -1.96177121e-02 -2.40252465e-02 -2.79483665e-02 -3.14534009e-02
 -3.47182825e-02 -3.78669016e-02 -4.09568138e-02 -4.40082178e-02 -4.70226519e-02
 -4.99916449e-02 -5.28995767e-02 -5.57221919e-02 -5.83601370e-02 -6.08110838e-02
 -6.30579516e-02 -6.50733039e-02 -6.68228641e-02 -6.82684928e-02 -6.93706796e-02
 -7.00902343e-02 -7.03902245e-02 -7.02376589e-02 -6.96047172e-02 -6.84691966e-02
 -6.68134242e-02 -6.46188259e-02 -6.18791506e-02 -5.86018674e-02 -5.48145995e-02
 -5.05799651e-02 -4.58057113e-02 -4.05145213e-02 -3.47304195e-02 -2.84739174e-02
 -2.17382647e-02 -1.45257758e-02 -6.83929492e-03  1.32368365e-03  9.96831991e-03
  1.91024356e-02  2.87367087e-02  3.88849154e-02  4.95641045e-02  6.07947037e-02
  7.26004317e-02  8.50079507e-02  9.80459452e-02  1.11743279e-01  1.26125395e-01
  1.41207874e-01  1.56984746e-01  1.73407793e-01  1.90347329e-01  2.07508057e-01
  2.24233076e-01  2.39267096e-01  2.51377404e-01  2.60275453e-01  2.65717119e-01
  2.67783642e-01  2.66745836e-01  2.63078660e-01  2.58176088e-01  2.53154814e-01
 -3.00148055e-02 -3.60455401e-02 -3.83537300e-02 -3.92168798e-02 -4.03258763e-02
 -4.17791903e-02 -4.34516445e-02 -4.52494696e-02 -4.71091717e-02 -4.89840396e-02
 -5.08367047e-02 -5.26356213e-02 -5.43535836e-02 -5.58696315e-02 -5.71750402e-02
 -5.82535788e-02 -5.90833053e-02 -5.96386865e-02 -5.98928779e-02 -5.98203987e-02
 -5.93941137e-02 -5.85890375e-02 -5.73849007e-02 -5.57687692e-02 -5.37389107e-02
 -5.13120778e-02 -4.84334044e-02 -4.51079495e-02 -4.13437337e-02 -3.71521041e-02
 -3.25437933e-02 -2.75148340e-02 -2.20687557e-02 -1.62111595e-02 -9.94564779e-03
 -3.27051012e-03  3.81868868e-03  1.13293454e-02  1.92726161e-02  2.76635140e-02
  3.65210995e-02  4.58688177e-02  5.57349958e-02  6.61535785e-02  7.71650746e-02
  8.88177827e-02  1.01169430e-01  1.14288993e-01  1.28258914e-01  1.43177152e-01
  1.59158781e-01  1.76335871e-01  1.94854960e-01  2.14874238e-01  2.36595437e-01
  2.60677546e-01  2.88331926e-01  2.95979232e-01  3.08892101e-01  3.11258346e-01
  3.08809608e-01  3.07603061e-01  2.88980901e-01  2.76078552e-01  2.66190678e-01
 -4.29167338e-02 -5.02819046e-02 -5.01716994e-02 -4.85965684e-02 -4.81362604e-02
 -4.82916236e-02 -4.88001779e-02 -4.95153815e-02 -5.03385700e-02 -5.11971489e-02
 -5.20355590e-02 -5.28109893e-02 -5.34921624e-02 -5.39580546e-02 -5.41967303e-02
 -5.41914776e-02 -5.39231859e-02 -5.33717498e-02 -5.25170974e-02 -5.13632521e-02
 -4.98864874e-02 -4.80696782e-02 -4.59012426e-02 -4.33748327e-02 -4.04888354e-02
 -3.72442976e-02 -3.36382464e-02 -2.96744276e-02 -2.53603142e-02 -2.07049437e-02
 -1.57166254e-02 -1.04008075e-02 -4.76132939e-03  1.20023382e-03  7.48570124e-03
  1.41011933e-02  2.10572481e-02  2.83689275e-02  3.60559374e-02  4.41427305e-02
  5.26586771e-02  6.16384447e-02  7.11226836e-02  8.11591297e-02  9.18042660e-02
  1.03125766e-01  1.15205958e-01  1.28146693e-01  1.42076284e-01  1.57159090e-01
  1.73608705e-01  1.91704720e-01  2.11811453e-01  2.34399557e-01  2.60131568e-01
  2.89440870e-01  3.09414119e-01  3.23141813e-01  3.33735675e-01  3.32575679e-01
  3.31790328e-01  3.17060798e-01  2.99524099e-01  2.84732819e-01  2.72833556e-01
 -4.63228263e-02 -5.27410097e-02 -5.48748001e-02 -5.46781532e-02 -5.41063175e-02
 -5.37132733e-02 -5.35370670e-02 -5.35076894e-02 -5.35440557e-02 -5.35746999e-02
 -5.35403416e-02 -5.33915870e-02 -5.30846566e-02 -5.25744781e-02 -5.18309958e-02
 -5.08316793e-02 -4.95582893e-02 -4.79957722e-02 -4.61323224e-02 -4.39604037e-02
 -4.14724462e-02 -3.86633649e-02 -3.55316289e-02 -3.20795886e-02 -2.83132680e-02
 -2.42416300e-02 -1.98756251e-02 -1.52285593e-02 -1.03152217e-02 -5.15047973e-03
  2.52319296e-04  5.88283595e-03  1.17347408e-02  1.78066343e-02  2.41027940e-02
  3.06336358e-02  3.74157541e-02  4.44717556e-02  5.18299006e-02  5.95237650e-02
  6.75920397e-02  7.60785714e-02  8.50328580e-02  9.45110396e-02  1.04577713e-01
  1.15308605e-01  1.26794651e-01  1.39148027e-01  1.52511105e-01  1.67070419e-01
  1.83078766e-01  2.00892463e-01  2.21036315e-01  2.44301572e-01  2.71418750e-01
  2.96746045e-01  3.13179433e-01  3.27301562e-01  3.32292825e-01  3.33126158e-01
  3.26558143e-01  3.11028123e-01  2.95542657e-01  2.82433748e-01  2.71452487e-01
 -5.60256988e-02 -6.45202100e-02 -6.28025308e-02 -6.01626188e-02 -5.89792207e-02
 -5.82708642e-02 -5.77528849e-02 -5.72911315e-02 -5.67963123e-02 -5.62020838e-02
 -5.54580949e-02 -5.45254573e-02 -5.33729680e-02 -5.19745424e-02 -5.03094085e-02
 -4.83610146e-02 -4.61161695e-02 -4.35647145e-02 -4.06996161e-02 -3.75171937e-02
 -3.40170301e-02 -3.02024428e-02 -2.60809790e-02 -2.16646269e-02 -1.69697553e-02
 -1.20167108e-02 -6.82914956e-03 -1.43315131e-03  4.14414611e-03  9.87634342e-03
  1.57398526e-02  2.17160024e-02  2.77929157e-02  3.39669771e-02  4.02437150e-02
  4.66380306e-02  5.31737395e-02  5.98826110e-02  6.68031126e-02  7.39790946e-02
  8.14587027e-02  8.92936438e-02  9.75390226e-02  1.06253743e-01  1.15501620e-01
  1.25353277e-01  1.35888889e-01  1.47202149e-01  1.59405813e-01  1.72639728e-01
  1.87082827e-01  2.02971905e-01  2.20630690e-01  2.40481719e-01  2.62445152e-01
  2.81377345e-01  2.94337690e-01  3.05325776e-01  3.08861285e-01  3.09666336e-01
  3.03574532e-01  2.92389303e-01  2.81786680e-01  2.72237450e-01  2.63703018e-01
 -5.26661277e-02 -5.95509596e-02 -6.24269620e-02 -6.28591999e-02 -6.25992268e-02
 -6.22249357e-02 -6.17760159e-02 -6.11822754e-02 -6.03782386e-02 -5.93211688e-02
 -5.79866506e-02 -5.63610196e-02 -5.44354580e-02 -5.22025190e-02 -4.96547967e-02
 -4.67847772e-02 -4.35854308e-02 -4.00511995e-02 -3.61791104e-02 -3.19698080e-02
 -2.74284016e-02 -2.25651655e-02 -1.73960924e-02 -1.19432323e-02 -6.23480231e-03
 -3.05007270e-04  5.80657693e-03  1.20562101e-02  1.83979645e-02  2.47865096e-02
  3.11805476e-02  3.75465155e-02  4.38620336e-02  5.01185209e-02  5.63225746e-02
  6.24958463e-02  6.86735064e-02  7.49016404e-02  8.12341049e-02  8.77293348e-02
  9.44477320e-02  1.01449698e-01  1.08794563e-01  1.16540231e-01  1.24743469e-01
  1.33460477e-01  1.42747685e-01  1.52662098e-01  1.63261116e-01  1.74600035e-01
  1.86725438e-01  1.99658409e-01  2.13355929e-01  2.27627516e-01  2.41842091e-01
  2.54384160e-01  2.64446378e-01  2.71655887e-01  2.75702178e-01  2.76472956e-01
  2.74014950e-01  2.69406438e-01  2.63884783e-01  2.58060992e-01  2.52290666e-01
 -6.09550476e-02 -7.05703944e-02 -6.78194910e-02 -6.60402700e-02 -6.61098734e-02
 -6.63490966e-02 -6.62973970e-02 -6.57937303e-02 -6.48007318e-02 -6.33341298e-02
 -6.14272021e-02 -5.91131970e-02 -5.64174578e-02 -5.33550568e-02 -4.99316305e-02
 -4.61459905e-02 -4.19933982e-02 -3.74687985e-02 -3.25696804e-02 -2.72982400e-02
 -2.16629151e-02 -1.56793706e-02 -9.37114004e-03 -2.77013821e-03  4.08280315e-03
  1.11374576e-02  1.83340944e-02  2.56043021e-02  3.28733623e-02  4.00645956e-02
  4.71055955e-02  5.39355800e-02  6.05125166e-02  6.68186173e-02  7.28629157e-02
  7.86805004e-02  8.43284950e-02  8.98796767e-02  9.54152569e-02  1.01018153e-01
  1.06767781e-01  1.12736791e-01  1.18989490e-01  1.25581443e-01  1.32559657e-01
  1.39962882e-01  1.47821292e-01  1.56155229e-01  1.64972067e-01  1.74260184e-01
  1.83978230e-01  1.94037437e-01  2.04274267e-01  2.14415118e-01  2.24054396e-01
  2.32707188e-01  2.39935935e-01  2.45428726e-01  2.49013886e-01  2.50672609e-01
  2.50563949e-01  2.49022454e-01  2.46461660e-01  2.43256092e-01  2.39694819e-01
 -4.89385389e-02 -5.68234846e-02 -6.25943989e-02 -6.67775944e-02 -6.98830709e-02
 -7.18370676e-02 -7.25427046e-02 -7.21302107e-02 -7.08066076e-02 -6.87543228e-02
 -6.61158115e-02 -6.29931539e-02 -5.94503731e-02 -5.55190481e-02 -5.12065254e-02
 -4.65049185e-02 -4.13995013e-02 -3.58755626e-02 -2.99235247e-02 -2.35422533e-02
 -1.67407617e-02 -9.53861605e-03 -1.96571252e-03  5.93767315e-03  1.41198030e-02
  2.25151479e-02  3.10414247e-02  3.95975038e-02  4.80642989e-02  5.63108437e-02
  6.42063096e-02  7.16363415e-02  7.85196796e-02  8.48208219e-02  9.05558690e-02
  9.57902297e-02  1.00628391e-01  1.05198123e-01  1.09633267e-01  1.14059679e-01
  1.18586548e-01  1.23303026e-01  1.28278404e-01  1.33563876e-01  1.39194712e-01
  1.45191878e-01  1.51562631e-01  1.58299729e-01  1.65379182e-01  1.72756106e-01
  1.80358648e-01  1.88080579e-01  1.95774034e-01  2.03246683e-01  2.10269690e-01
  2.16600746e-01  2.22017378e-01  2.26348117e-01  2.29493812e-01  2.31438696e-01
  2.32251048e-01  2.32069626e-01  2.31075853e-01  2.29461223e-01  2.27402329e-01
 -4.45454828e-02 -5.34077883e-02 -6.20953366e-02 -7.05768988e-02 -7.82419220e-02
 -8.23349953e-02 -8.27665105e-02 -8.15454423e-02 -7.91776329e-02 -7.59831592e-02
 -7.22163692e-02 -6.80368915e-02 -6.35220632e-02 -5.86858019e-02 -5.35013899e-02
 -4.79227342e-02 -4.19003628e-02 -3.53922397e-02 -2.83706915e-02 -2.08263285e-02
 -1.27688907e-02 -4.22461284e-03  4.76869708e-03  1.41654201e-02  2.39114109e-02
  3.39375995e-02  4.41487730e-02  5.44102266e-02  6.45378828e-02  7.43012205e-02
  8.34477767e-02  9.17461589e-02  9.90298092e-02  1.05226368e-01  1.10370271e-01
  1.14598773e-01  1.18127793e-01  1.21208265e-01  1.24079369e-01  1.26938418e-01
  1.29932314e-01  1.33162260e-01  1.36693090e-01  1.40562132e-01  1.44785896e-01
  1.49364457e-01  1.54283762e-01  1.59516260e-01  1.65020272e-01  1.70738399e-01
  1.76595554e-01  1.82497159e-01  1.88329026e-01  1.93959862e-01  1.99248120e-01
  2.04052851e-01  2.08247289e-01  2.11731970e-01  2.14445129e-01  2.16368034e-01
  2.17524812e-01  2.17976391e-01  2.17809886e-01  2.17126042e-01  2.16027632e-01
 -4.16454338e-02 -5.17792813e-02 -6.29447997e-02 -7.56931156e-02 -9.02268291e-02
 -9.75289568e-02 -9.79258865e-02 -9.49457660e-02 -9.00622532e-02 -8.47910643e-02
 -7.93216303e-02 -7.38175362e-02 -6.82996511e-02 -6.26665205e-02 -5.67747876e-02
 -5.04851118e-02 -4.36775573e-02 -3.62606011e-02 -2.81761587e-02 -1.94033012e-02
 -9.96443629e-03  8.33495214e-05  1.06755029e-02  2.17621941e-02  3.33106332e-02
  4.52902466e-02  5.76452091e-02  7.02531040e-02  8.28680694e-02  9.50698778e-02
  1.06298864e-01  1.16029628e-01  1.23916343e-01  1.29813492e-01  1.33787394e-01
  1.36130542e-01  1.37356281e-01  1.38041154e-01  1.38635695e-01  1.39419705e-01
  1.40544742e-01  1.42082900e-01  1.44059896e-01  1.46474332e-01  1.49308249e-01
  1.52532578e-01  1.56109542e-01  1.59993500e-01  1.64130688e-01  1.68458715e-01
  1.72906026e-01  1.77391976e-01  1.81827918e-01  1.86119646e-01  1.90171614e-01
  1.93892479e-01  1.97201356e-01  2.00033903e-01  2.02346995e-01  2.04121307e-01
  2.05361396e-01  2.06093088e-01  2.06359059e-01  2.06213132e-01  2.05714732e-01
 -3.74795161e-02 -4.79438268e-02 -5.98467812e-02 -7.39121884e-02 -9.13453102e-02
 -1.02698617e-01 -1.09428018e-01 -1.07500814e-01 -1.02285221e-01 -9.38058868e-02
 -8.57845619e-02 -7.90257305e-02 -7.30035007e-02 -6.71320260e-02 -6.10164031e-02
 -5.44307046e-02 -4.71345708e-02 -3.89752947e-02 -2.98830476e-02 -1.97553318e-02
 -8.65023583e-03  3.18973232e-03  1.55776981e-02  2.84658838e-02  4.19045538e-02
  5.59957176e-02  7.08591044e-02  8.65907520e-02  1.03160746e-01  1.20050818e-01
  1.35417476e-01  1.47571564e-01  1.56564653e-01  1.61727846e-01  1.63547963e-01
  1.61776066e-01  1.58282831e-01  1.54960930e-01  1.52380049e-01  1.50637463e-01
  1.49700701e-01  1.49501070e-01  1.49962738e-01  1.51012078e-01  1.52579665e-01
  1.54599816e-01  1.57009080e-01  1.59744695e-01  1.62743151e-01  1.65939137e-01
  1.69264898e-01  1.72650218e-01  1.76023200e-01  1.79311723e-01  1.82445750e-01
  1.85360208e-01  1.87997937e-01  1.90312684e-01  1.92271262e-01  1.93854824e-01
  1.95058897e-01  1.95892289e-01  1.96374997e-01  1.96535438e-01  1.96407631e-01
 -3.10104527e-02 -4.05415967e-02 -5.10855056e-02 -6.28009364e-02 -7.54739866e-02
 -8.83106738e-02 -1.03635915e-01 -1.05396800e-01 -1.06041573e-01 -9.55683514e-02
 -8.68635923e-02 -8.10105801e-02 -7.70880356e-02 -7.23650083e-02 -6.61722049e-02
 -6.05992787e-02 -5.32992706e-02 -4.40584756e-02 -3.49357240e-02 -2.31919382e-02
 -8.93347524e-03  5.39167179e-03  1.96674597e-02  3.41334380e-02  4.90835458e-02
  6.48479760e-02  8.18217248e-02  1.00523181e-01  1.21717542e-01  1.46862254e-01
  1.74338505e-01  1.83157757e-01  2.01041475e-01  1.97680935e-01  2.04423308e-01
  1.88678861e-01  1.76846027e-01  1.68690845e-01  1.62925586e-01  1.58902571e-01
  1.56216130e-01  1.54590771e-01  1.53829306e-01  1.53783694e-01  1.54337347e-01
  1.55394107e-01  1.56870991e-01  1.58693478e-01  1.60792410e-01  1.63101897e-01
  1.65558130e-01  1.68098897e-01  1.70663625e-01  1.73194125e-01  1.75635606e-01
  1.77938104e-01  1.80057898e-01  1.81959003e-01  1.83614090e-01  1.85005188e-01
  1.86123669e-01  1.86969668e-01  1.87551051e-01  1.87881991e-01  1.87981367e-01
 -2.27044057e-02 -3.06329858e-02 -3.90957966e-02 -4.80607972e-02 -5.73852845e-02
 -6.68081567e-02 -7.57437125e-02 -8.38552937e-02 -9.53609198e-02 -8.30462202e-02
 -7.76517242e-02 -7.50792846e-02 -7.59003758e-02 -7.34946430e-02 -6.59313723e-02
 -6.32892326e-02 -5.64428195e-02 -4.50544246e-02 -3.84571999e-02 -2.53918003e-02
 -7.16123870e-03  8.88655148e-03  2.40552966e-02  3.90640497e-02  5.44189066e-02
  7.05706254e-02  8.80148187e-02  1.07389279e-01  1.29598692e-01  1.55882806e-01
  1.81856379e-01  1.94031268e-01  2.08518580e-01  2.08433330e-01  2.10860193e-01
  1.97121635e-01  1.83750257e-01  1.74194604e-01  1.67346224e-01  1.62436754e-01
  1.58972979e-01  1.56630531e-01  1.55185491e-01  1.54474273e-01  1.54370636e-01
  1.54772326e-01  1.55593112e-01  1.56757727e-01  1.58198550e-01  1.59853458e-01
  1.61664456e-01  1.63576975e-01  1.65539533e-01  1.67503998e-01  1.69425920e-01
  1.71265200e-01  1.72986776e-01  1.74561232e-01  1.75965369e-01  1.77182406e-01
  1.78201988e-01  1.79019868e-01  1.79637328e-01  1.80060357e-01  1.80298761e-01
  2.94013739e+00  2.99760008e+00  3.01991820e+00  3.03564048e+00  3.02676487e+00
  3.01150179e+00  2.98924804e+00  2.96418524e+00  2.93616486e+00  2.90841365e+00
  2.88022065e+00  2.85317683e+00  2.82731175e+00  2.80224967e+00  2.77948070e+00
  2.75772095e+00  2.73761773e+00  2.71914506e+00  2.70280480e+00  2.68780708e+00
  2.67477846e+00  2.66356564e+00  2.65469074e+00  2.64733386e+00  2.64180875e+00
  2.63832903e+00  2.63653708e+00  2.63634849e+00  2.63755703e+00  2.64044428e+00
  2.64485264e+00  2.65070677e+00  2.65801287e+00  2.66676068e+00  2.67697310e+00
  2.68888426e+00  2.70225930e+00  2.71734905e+00  2.73416924e+00  2.75287676e+00
  2.77362037e+00  2.79644513e+00  2.82160044e+00  2.84933972e+00  2.87978411e+00
  2.91327763e+00  2.95017529e+00  2.99067020e+00  3.03540039e+00  3.08470607e+00
  3.13889027e+00  3.19914174e+00  3.26547050e+00  3.33954811e+00  3.42177558e+00
  3.51436877e+00  3.61895204e+00  3.73940325e+00  3.87761831e+00  4.04099035e+00
  4.23700190e+00  4.48131847e+00  4.80457830e+00  5.31896973e+00  8.19358826e+00
   91   89
  1.04707491e+00  0.00000000e+00  1.04850626e+00  1.00000001e-01  1.05250001e+00
  1.80290461e-01  1.05726516e+00  2.50000000e-01  1.06618106e+00  3.49999994e-01
  1.07643116e+00  4.49999988e-01  1.08170557e+00  5.00000000e-01  1.09150791e+00
  6.00000024e-01  1.10114348e+00  6.99999988e-01  1.10648024e+00  7.50000000e-01
  1.11758721e+00  8.50000024e-01  1.12898636e+00  9.49999988e-01  1.13512051e+00
  1.00000000e+00  1.14541471e+00  1.09130144e+00  1.14974165e+00  1.13260293e+00
  1.21187496e+00  1.12082827e+00  1.26499999e+00  1.10815525e+00  1.29655087e+00
  1.10000002e+00  1.34468746e+00  1.08907437e+00  1.39781249e+00  1.07556140e+00
  1.45093751e+00  1.06031764e+00  1.48327541e+00  1.04999995e+00  1.53062499e+00
  1.03524029e+00  1.58375001e+00  1.01561761e+00  1.62036979e+00  1.00000000e+00
  1.66343749e+00  9.81331408e-01  1.71656251e+00  9.53470528e-01  1.74312496e+00
  9.38721836e-01  1.79624999e+00  9.04683471e-01  1.82281256e+00  8.86411846e-01
  1.86961639e+00  8.50000024e-01  1.90250003e+00  8.22606683e-01  1.92906249e+00
  7.98218966e-01  1.97758722e+00  7.50000000e-01  2.00874996e+00  7.16050029e-01
  2.03531241e+00  6.84779286e-01  2.06237268e+00  6.49999976e-01  2.09840012e+00
  6.00000024e-01  2.13009667e+00  5.50000012e-01  2.15789199e+00  5.00000000e-01
  2.18241930e+00  4.49999988e-01  2.20433474e+00  4.00000006e-01  2.22422481e+00
  3.49999994e-01  2.24781251e+00  2.85525501e-01  2.27437496e+00  2.00234115e-01
  2.28705907e+00  1.50000006e-01  2.30093741e+00  6.02615513e-02  2.30454898e+00
  0.00000000e+00  2.30093741e+00 -7.20151737e-02  2.28949261e+00 -1.50000006e-01
  2.27437496e+00 -2.09767103e-01  2.24781251e+00 -2.95879960e-01  2.22768188e+00
 -3.49999994e-01  2.20731854e+00 -4.00000006e-01  2.18459725e+00 -4.49999988e-01
  2.15883923e+00 -5.00000000e-01  2.12922382e+00 -5.50000012e-01  2.09490180e+00
 -6.00000024e-01  2.06187510e+00 -6.42595887e-01  2.03531241e+00 -6.73087418e-01
  2.00874996e+00 -7.00521648e-01  1.95600843e+00 -7.50000000e-01  1.92906249e+00
 -7.73283303e-01  1.89361775e+00 -8.00000012e-01  1.84937501e+00 -8.30727398e-01
  1.81632292e+00 -8.50000024e-01  1.76968753e+00 -8.75262618e-01  1.71656251e+00
 -8.98116827e-01  1.69000006e+00 -9.08141971e-01  1.63687503e+00 -9.25156176e-01
  1.58375001e+00 -9.37442839e-01  1.53062499e+00 -9.45184767e-01  1.47749996e+00
 -9.48219776e-01  1.42437506e+00 -9.45720494e-01  1.37125003e+00 -9.35741365e-01
  1.31812501e+00 -9.14172232e-01  1.29156256e+00 -8.96877944e-01  1.24259293e+00
 -8.50000024e-01  1.21187496e+00 -8.06814432e-01  1.18531251e+00 -7.56358504e-01
  1.16235113e+00 -6.99999988e-01  1.14536881e+00 -6.49999976e-01  1.13079095e+00
 -6.00000024e-01  1.10667980e+00 -5.00000000e-01  1.09607100e+00 -4.49999988e-01
  1.07906246e+00 -3.57670903e-01  1.07000363e+00 -3.00000012e-01  1.05794370e+00
 -2.00000003e-01  1.05250001e+00 -1.34117231e-01  1.04799974e+00 -5.00000007e-02
  1.04707491e+00  0.00000000e+00
  1.01600003e+00  0.00000000e+00  1.01600003e+00  9.63999987e-01  1.01800001e+00
  9.67999995e-01  1.01800001e+00  1.00100005e+00  1.01800001e+00  1.01900005e+00
  1.01800001e+00  1.07700002e+00  1.01800001e+00  1.07000005e+00  1.01800001e+00
  1.09599996e+00  1.01800001e+00  1.11300004e+00  1.01800001e+00  1.13800001e+00
  1.01600003e+00  1.14699996e+00  1.01199996e+00  1.16499996e+00  1.00100005e+00
  1.21700001e+00  1.02900004e+00  1.21700001e+00  1.04200006e+00  1.16240001e+00
  1.04600000e+00  1.16237998e+00  1.05599999e+00  1.16260004e+00  1.09700000e+00
  1.16450000e+00  1.10800004e+00  1.16594005e+00  1.11600006e+00  1.16591001e+00
  1.13399994e+00  1.16895998e+00  1.14800000e+00  1.17174995e+00  1.16199994e+00
  1.17556000e+00  1.18099999e+00  1.18299997e+00  1.18200004e+00  1.18350005e+00
  1.18499994e+00  1.18499994e+00  1.19000006e+00  1.18799996e+00  1.19500005e+00
  1.19099998e+00  1.20099998e+00  1.19599998e+00  1.20899999e+00  1.20200002e+00
  1.21500003e+00  1.20799994e+00  1.22200000e+00  1.21399999e+00  1.22800004e+00
  1.22099996e+00  1.23399997e+00  1.23099995e+00  1.23899996e+00  1.23800004e+00
  1.24199998e+00  1.24399996e+00  1.24800003e+00  1.25399995e+00  1.25800002e+00
  1.27800000e+00  1.26300001e+00  1.28999996e+00  1.27999997e+00  1.33099997e+00
  1.27999997e+00  1.34700000e+00  1.27999997e+00  1.34800005e+00  1.30999994e+00
  1.34800005e+00  1.32799995e+00  1.34800005e+00  1.36099994e+00  1.34800005e+00
  1.38000000e+00  1.34800005e+00  1.41900003e+00  1.34800005e+00  1.41900003e+00
  1.30999994e+00  1.37199998e+00  1.30999994e+00  1.37199998e+00  1.29200006e+00
  1.60800004e+00  1.09500003e+00  1.64699996e+00  1.07700002e+00  1.78499997e+00
  1.07700002e+00  2.06999993e+00  1.03999996e+00  2.12800002e+00  9.92999971e-01
  2.24499989e+00  7.08999991e-01  2.32299995e+00  5.18999994e-01  2.37700009e+00
  3.88999999e-01  2.35200000e+00  4.00000006e-01  2.35100007e+00  3.37000012e-01
  2.35100007e+00  2.04999998e-01  2.35400009e+00  6.80000037e-02  2.35400009e+00
  0.00000000e+00  2.35400009e+00 -6.80000037e-02  2.35299993e+00 -2.04999998e-01
  2.35100007e+00 -3.37000012e-01  2.35299993e+00 -4.00000006e-01  2.37700009e+00
 -3.88999999e-01  2.13400006e+00 -9.72999990e-01  1.78600001e+00 -1.17400002e+00
  1.76800001e+00 -1.21099997e+00  1.76800001e+00 -1.25399995e+00  1.68200004e+00
 -1.25399995e+00  1.67400002e+00 -1.26199996e+00  1.67400002e+00 -1.32900000e+00
  1.68099999e+00 -1.33899999e+00  1.75399995e+00 -1.33899999e+00  1.75399995e+00
 -1.36800003e+00  1.68900001e+00 -1.36800003e+00  1.68900001e+00 -1.36600006e+00
  1.55499995e+00 -1.36600006e+00  1.41199994e+00 -1.36600006e+00  1.27300000e+00
 -1.36600006e+00  1.15300000e+00 -1.36600006e+00  1.01600003e+00 -1.22899997e+00
  1.01600003e+00 -8.00000012e-01  1.01600003e+00 -4.14999992e-01  1.01600003e+00
 -4.00000006e-01  1.01600003e+00  0.00000000e+00
    0 0.000000000e+00    0
  0.00000000e+00  1.23018384e-01  1.74605504e-01  2.12922797e-01  2.46410996e-01
  2.75896490e-01  3.02332371e-01  3.26420903e-01  3.48686814e-01  3.69521856e-01
  3.88868451e-01  4.07341868e-01  4.24705833e-01  4.41266596e-01  4.57153916e-01
  4.72381651e-01  4.86928910e-01  5.01045346e-01  5.14724851e-01  5.27869582e-01
  5.40677190e-01  5.53168774e-01  5.65303981e-01  5.77162385e-01  5.88747144e-01
  6.00074768e-01  6.11216247e-01  6.22158170e-01  6.32878184e-01  6.43426657e-01
  6.53853238e-01  6.64134741e-01  6.74254417e-01  6.84270084e-01  6.94187641e-01
  7.03991592e-01  7.13710010e-01  7.23346710e-01  7.32926846e-01  7.42438018e-01
  7.51883388e-01  7.61290133e-01  7.70680726e-01  7.80037165e-01  7.89364815e-01
  7.98687935e-01  8.08036864e-01  8.17382276e-01  8.26768041e-01  8.36181879e-01
  8.45632076e-01  8.55188072e-01  8.64796758e-01  8.74534369e-01  8.84361982e-01
  8.94337296e-01  9.04489517e-01  9.14878011e-01  9.25462127e-01  9.36345935e-01
  9.47569191e-01  9.59288180e-01  9.71549034e-01  9.84759867e-01  1.00000000e+00
    0
