   EFIT?   05/12/98      #102940  1396             3  65  65
  1.70000005e+00  3.20000005e+00  1.69550002e+00  8.39999974e-01  0.00000000e+00
  1.79718721e+00  2.40694005e-02 -2.68368632e-01  2.28891615e-02 -2.00094700e+00
  1.47584100e+06 -2.68368632e-01  0.00000000e+00  1.79718721e+00  0.00000000e+00
  2.40694005e-02  0.00000000e+00  2.28891615e-02  0.00000000e+00  0.00000000e+00
 -3.40855789e+00 -3.41956353e+00 -3.42867851e+00 -3.43611884e+00 -3.44207835e+00
 -3.44673014e+00 -3.45023012e+00 -3.45271802e+00 -3.45431972e+00 -3.45514822e+00
 -3.45530534e+00 -3.45488286e+00 -3.45396304e+00 -3.45262003e+00 -3.45092034e+00
 -3.44892335e+00 -3.44668198e+00 -3.44424391e+00 -3.44165039e+00 -3.43893790e+00
 -3.43613887e+00 -3.43328071e+00 -3.43038917e+00 -3.42748713e+00 -3.42459512e+00
 -3.42173195e+00 -3.41891503e+00 -3.41615915e+00 -3.41347861e+00 -3.41088557e+00
 -3.40839076e+00 -3.40600443e+00 -3.40373492e+00 -3.40158987e+00 -3.39957571e+00
 -3.39769769e+00 -3.39596057e+00 -3.39436769e+00 -3.39292169e+00 -3.39162469e+00
 -3.39047742e+00 -3.38947988e+00 -3.38863111e+00 -3.38792992e+00 -3.38737321e+00
 -3.38695765e+00 -3.38667917e+00 -3.38653183e+00 -3.38650918e+00 -3.38660407e+00
 -3.38680768e+00 -3.38710976e+00 -3.38749957e+00 -3.38796401e+00 -3.38848948e+00
 -3.38905954e+00 -3.38965750e+00 -3.39026308e+00 -3.39085531e+00 -3.39141035e+00
 -3.39190173e+00 -3.39230061e+00 -3.39257503e+00 -3.39268970e+00 -3.39260578e+00
  1.26737633e+05  1.15539758e+05  1.05423969e+05  9.63130234e+04  8.81334531e+04
  8.08154531e+04  7.42926562e+04  6.85020703e+04  6.33838477e+04  5.88812461e+04
  5.49404336e+04  5.15104102e+04  4.85428711e+04  4.59921211e+04  4.38149609e+04
  4.19706016e+04  4.04205625e+04  3.91285938e+04  3.80606016e+04  3.71845664e+04
  3.64704766e+04  3.58902539e+04  3.54177070e+04  3.50284570e+04  3.46998984e+04
  3.44111406e+04  3.41429648e+04  3.38777773e+04  3.35995820e+04  3.32939297e+04
  3.29479102e+04  3.25500879e+04  3.20905137e+04  3.15606816e+04  3.09535098e+04
  3.02633398e+04  2.94859062e+04  2.86183438e+04  2.76591680e+04  2.66082754e+04
  2.54669512e+04  2.42378594e+04  2.29250605e+04  2.15340137e+04  2.00715859e+04
  1.85460762e+04  1.69672266e+04  1.53462471e+04  1.36958389e+04  1.20302217e+04
  1.03651660e+04  8.71802832e+03  7.10778760e+03  5.55508887e+03  4.08228589e+03
  2.71349414e+03  1.47464014e+03  3.93520599e+02 -5.00137207e+02 -1.17461023e+03
 -1.59610938e+03 -1.72870593e+03 -1.53425220e+03 -9.72297546e+02  0.00000000e+00
  8.99553871e+00  7.51744843e+00  6.19867229e+00  5.02470112e+00  3.98229790e+00
  3.05938435e+00  2.24493217e+00  1.52886701e+00  9.01980400e-01  3.55847985e-01
 -1.17244340e-01 -5.24368227e-01 -8.72015059e-01 -1.16615319e+00 -1.41228020e+00
 -1.61547160e+00 -1.78042495e+00 -1.91150177e+00 -2.01276541e+00 -2.08801723e+00
 -2.14071894e+00 -2.17331696e+00 -2.18771386e+00 -2.18565130e+00 -2.16872501e+00
 -2.13840127e+00 -2.09602737e+00 -2.04284573e+00 -1.98000252e+00 -1.90855992e+00
 -1.82950401e+00 -1.74375391e+00 -1.65217006e+00 -1.55556130e+00 -1.45469260e+00
 -1.35029125e+00 -1.24305356e+00 -1.13365066e+00 -1.02273500e+00 -9.10945535e-01
 -7.98913598e-01 -6.87268198e-01 -5.76642036e-01 -4.67676520e-01 -3.61027837e-01
 -2.57372499e-01 -1.57413319e-01 -6.18856288e-02  2.84362417e-02  1.12732187e-01
  1.90129101e-01  2.59693205e-01  3.20421815e-01  3.71234506e-01  4.10963714e-01
  4.38344330e-01  4.52002645e-01  4.50444251e-01  4.32040930e-01  3.95016253e-01
  3.37430060e-01  2.57161319e-01  1.51889503e-01  1.90741215e-02 -1.44067511e-01
 -2.58382075e+06 -2.33734650e+06 -2.10827200e+06 -1.89574612e+06 -1.69895338e+06
 -1.51711350e+06 -1.34947850e+06 -1.19533212e+06 -1.05398750e+06 -9.24785875e+05
 -8.07095312e+05 -7.00309125e+05 -6.03844500e+05 -5.17141469e+05 -4.39661344e+05
 -3.70885812e+05 -3.10315656e+05 -2.57469734e+05 -2.11883828e+05 -1.73109688e+05
 -1.40714047e+05 -1.14277656e+05 -9.33943438e+04 -7.76701562e+04 -6.67224766e+04
 -6.01791914e+04 -5.76778477e+04 -5.88648906e+04 -6.33948711e+04 -7.09296797e+04
 -8.11378125e+04 -9.36936562e+04 -1.08276719e+05 -1.24571008e+05 -1.42264266e+05
 -1.61047312e+05 -1.80613359e+05 -2.00657359e+05 -2.20875281e+05 -2.40963516e+05
 -2.60618156e+05 -2.79534312e+05 -2.97405500e+05 -3.13922906e+05 -3.28774844e+05
 -3.41645812e+05 -3.52216094e+05 -3.60160812e+05 -3.65149406e+05 -3.66844750e+05
 -3.64902531e+05 -3.58970375e+05 -3.48687250e+05 -3.33682438e+05 -3.13574906e+05
 -2.87972438e+05 -2.56470703e+05 -2.18652375e+05 -1.74086312e+05 -1.22326484e+05
 -6.29111094e+04  4.63846875e+03  8.08187578e+04  1.66145234e+05  2.61153484e+05
  5.89359365e-02  5.16019575e-02  4.36810255e-02  3.51909958e-02  2.62887944e-02
  1.72772687e-02  8.82655010e-03  1.18728960e-03 -7.96050299e-03  4.90593771e-03
  1.14917727e-02  1.53914411e-02  1.61437374e-02  1.94319282e-02  2.78087426e-02
  3.16707678e-02  3.89484502e-02  5.07997274e-02  5.82872480e-02  7.12317973e-02
  8.93650055e-02  1.05491802e-01  1.20842785e-01  1.36106759e-01  1.51777983e-01
  1.68304145e-01  1.86181456e-01  2.06049621e-01  2.28820175e-01  2.55564392e-01
  2.80697972e-01  2.94546962e-01  3.07573348e-01  3.09020102e-01  3.09555203e-01
  2.96847582e-01  2.82917678e-01  2.72645116e-01  2.65051901e-01  2.59377182e-01
  2.55143762e-01  2.52043337e-01  2.49865264e-01  2.48455510e-01  2.47693792e-01
  2.47481123e-01  2.47732729e-01  2.48373717e-01  2.49336228e-01  2.50557482e-01
  2.51978636e-01  2.53543884e-01  2.55200356e-01  2.56898135e-01  2.58590668e-01
  2.60235488e-01  2.61794746e-01  2.63236165e-01  2.64533371e-01  2.65666485e-01
  2.66622037e-01  2.67392814e-01  2.67977297e-01  2.68378913e-01  2.68605143e-01
  5.12479097e-02  4.21346799e-02  3.19465734e-02  2.05162615e-02  8.11148901e-03
 -4.46663704e-03 -1.98065843e-02 -1.98416337e-02 -1.91118103e-02 -7.01752771e-03
  2.90140626e-03  1.00003574e-02  1.52104162e-02  2.09610462e-02  2.80062631e-02
  3.45206112e-02  4.24931087e-02  5.22598661e-02  6.19935803e-02  7.40198642e-02
  8.84042233e-02  1.02954097e-01  1.17542155e-01  1.32404670e-01  1.47844329e-01
  1.64214015e-01  1.81950808e-01  2.01644927e-01  2.24163175e-01  2.50666350e-01
  2.76024789e-01  2.89190739e-01  3.02798063e-01  3.03748488e-01  3.05197626e-01
  2.92360485e-01  2.78975636e-01  2.69312352e-01  2.62311220e-01  2.57231593e-01
  2.53605604e-01  2.51123875e-01  2.49571651e-01  2.48792008e-01  2.48663977e-01
  2.49089226e-01  2.49983683e-01  2.51272321e-01  2.52885699e-01  2.54757673e-01
  2.56824076e-01  2.59022117e-01  2.61290193e-01  2.63568550e-01  2.65800238e-01
  2.67932415e-01  2.69918054e-01  2.71717340e-01  2.73298889e-01  2.74640620e-01
  2.75729865e-01  2.76563078e-01  2.77144730e-01  2.77486086e-01  2.77603418e-01
  4.55778353e-02  3.54554169e-02  2.37822887e-02  9.77527630e-03 -7.81430025e-03
 -1.80082489e-02 -2.41308995e-02 -2.07482912e-02 -1.43417604e-02 -4.57047345e-03
  4.55276063e-03  1.23724248e-02  1.94083769e-02  2.62231193e-02  3.32048610e-02
  4.05817106e-02  4.85859811e-02  5.73727079e-02  6.70191720e-02  7.76285529e-02
  8.91665220e-02  1.01433992e-01  1.14279576e-01  1.27681330e-01  1.41714662e-01
  1.56513900e-01  1.72246709e-01  1.89086139e-01  2.07134992e-01  2.26037696e-01
  2.43216261e-01  2.56029278e-01  2.65564233e-01  2.70165980e-01  2.71289885e-01
  2.67460287e-01  2.61765808e-01  2.56751090e-01  2.52814621e-01  2.49928534e-01
  2.47990921e-01  2.46893063e-01  2.46535659e-01  2.46831313e-01  2.47702748e-01
  2.49080047e-01  2.50897795e-01  2.53092617e-01  2.55601317e-01  2.58359253e-01
  2.61299491e-01  2.64352292e-01  2.67445564e-01  2.70506173e-01  2.73461789e-01
  2.76243895e-01  2.78790802e-01  2.81050920e-01  2.82985240e-01  2.84569204e-01
  2.85792887e-01  2.86660314e-01  2.87187427e-01  2.87399471e-01  2.87327707e-01
  4.25073355e-02  3.27497050e-02  2.18511019e-02  9.22492798e-03 -5.16362209e-03
 -1.12506971e-02 -1.07939644e-02 -6.73746457e-03 -8.85902904e-04  5.34764305e-03
  1.17664933e-02  1.81933437e-02  2.45998539e-02  3.10803186e-02  3.77721488e-02
  4.48107906e-02  5.23143150e-02  6.03750832e-02  6.90552294e-02  7.83836618e-02
  8.83509815e-02  9.89173800e-02  1.10037044e-01  1.21678568e-01  1.33827209e-01
  1.46470502e-01  1.59569681e-01  1.73012152e-01  1.86536267e-01  1.99644879e-01
  2.11629108e-01  2.21828848e-01  2.29835793e-01  2.35476002e-01  2.38824263e-01
  2.40223974e-01  2.40327433e-01  2.39866629e-01  2.39373952e-01  2.39151001e-01
  2.39346713e-01  2.40024522e-01  2.41201863e-01  2.42871180e-01  2.45010704e-01
  2.47589573e-01  2.50569910e-01  2.53907233e-01  2.57550031e-01  2.61438817e-01
  2.65505195e-01  2.69671381e-01  2.73850560e-01  2.77948707e-01  2.81868160e-01
  2.85512984e-01  2.88795531e-01  2.91643023e-01  2.94003248e-01  2.95848072e-01
  2.97174305e-01  2.98001498e-01  2.98367828e-01  2.98323929e-01  2.97927171e-01
  4.10369225e-02  3.26601267e-02  2.43876372e-02  1.62802543e-02  9.08446778e-03
  5.76279452e-03  6.08719420e-03  8.07147380e-03  1.12285530e-02  1.52260242e-02
  1.97997577e-02  2.47811675e-02  3.00846007e-02  3.56888026e-02  4.16144356e-02
  4.79030423e-02  5.46013378e-02  6.17506430e-02  6.93801492e-02  7.75031447e-02
  8.61160159e-02  9.52003524e-02  1.04727007e-01  1.14658773e-01  1.24948613e-01
  1.35531649e-01  1.46311551e-01  1.57143101e-01  1.67817608e-01  1.78063378e-01
  1.87575549e-01  1.96072578e-01  2.03352526e-01  2.09328353e-01  2.14042470e-01
  2.17663154e-01  2.20455796e-01  2.22726122e-01  2.24758998e-01  2.26782188e-01
  2.28959829e-01  2.31401861e-01  2.34177306e-01  2.37325743e-01  2.40865439e-01
  2.44798571e-01  2.49114037e-01  2.53788352e-01  2.58785129e-01  2.64053643e-01
  2.69526243e-01  2.75116146e-01  2.80715644e-01  2.86197096e-01  2.91417837e-01
  2.96230227e-01  3.00495744e-01  3.04099947e-01  3.06965023e-01  3.09057444e-01
  3.10389429e-01  3.11014026e-01  3.11014295e-01  3.10489774e-01  3.09543252e-01
  3.84500064e-02  3.10872104e-02  2.58155670e-02  2.21211836e-02  1.94836166e-02
  1.80302728e-02  1.78776085e-02  1.88910086e-02  2.08561718e-02  2.35819425e-02
  2.69161928e-02  3.07471696e-02  3.50017473e-02  3.96400727e-02  4.46476452e-02
  5.00264578e-02  5.57867885e-02  6.19404092e-02  6.84954971e-02  7.54532516e-02
  8.28059241e-02  9.05360430e-02  9.86160636e-02  1.07007585e-01  1.15659378e-01
  1.24503985e-01  1.33453518e-01  1.42396331e-01  1.51197329e-01  1.59704715e-01
  1.67764649e-01  1.75241590e-01  1.82039231e-01  1.88116238e-01  1.93493441e-01
  1.98250979e-01  2.02515557e-01  2.06440538e-01  2.10184425e-01  2.13893875e-01
  2.17694044e-01  2.21685588e-01  2.25945950e-01  2.30532289e-01  2.35484660e-01
  2.40828618e-01  2.46576473e-01  2.52727360e-01  2.59265751e-01  2.66157895e-01
  2.73346394e-01  2.80742347e-01  2.88216114e-01  2.95589715e-01  3.02638203e-01
  3.09107900e-01  3.14751804e-01  3.19367856e-01  3.22826087e-01  3.25083315e-01
  3.26187730e-01  3.26269060e-01  3.25510293e-01  3.24109942e-01  3.22251022e-01
  3.13755423e-02  2.13267636e-02  2.34075375e-02  2.50632837e-02  2.51107179e-02
  2.51434855e-02  2.55753491e-02  2.65422259e-02  2.80641112e-02  3.01110968e-02
  3.26372907e-02  3.55978012e-02  3.89565043e-02  4.26884741e-02  4.67792712e-02
  5.12224585e-02  5.60164191e-02  6.11610562e-02  6.66549280e-02  7.24929199e-02
  7.86644965e-02  8.51524323e-02  9.19318050e-02  9.89690647e-02  1.06220983e-01
  1.13633670e-01  1.21142007e-01  1.28670231e-01  1.36134386e-01  1.43447369e-01
  1.50526315e-01  1.57301605e-01  1.63725510e-01  1.69778988e-01  1.75474718e-01
  1.80856198e-01  1.85992479e-01  1.90970436e-01  1.95885733e-01  2.00834751e-01
  2.05908552e-01  2.11189315e-01  2.16748849e-01  2.22648576e-01  2.28940323e-01
  2.35667154e-01  2.42863908e-01  2.50556946e-01  2.58762449e-01  2.67482370e-01
  2.76696742e-01  2.86349267e-01  2.96322733e-01  3.06398153e-01  3.16205353e-01
  3.25231433e-01  3.32962930e-01  3.39021087e-01  3.43181700e-01  3.45372975e-01
  3.45704496e-01  3.44498008e-01  3.42205882e-01  3.39243531e-01  3.35917324e-01
  3.89539748e-02  3.29114795e-02  3.01930942e-02  2.97105946e-02  3.00152656e-02
  3.05649489e-02  3.13045941e-02  3.22862789e-02  3.35588641e-02  3.51499021e-02
  3.70697156e-02  3.93186547e-02  4.18928899e-02  4.47879955e-02  4.80006561e-02
  5.15289307e-02  5.53716570e-02  5.95273785e-02  6.39931187e-02  6.87631443e-02
  7.38279596e-02  7.91734010e-02  8.47799256e-02  9.06220973e-02  9.66682658e-02
  1.02880500e-01  1.09215118e-01  1.15623876e-01  1.22056112e-01  1.28461882e-01
  1.34795934e-01  1.41022012e-01  1.47116929e-01  1.53073564e-01  1.58902496e-01
  1.64631575e-01  1.70304000e-01  1.75974980e-01  1.81707740e-01  1.87569752e-01
  1.93629444e-01  1.99953914e-01  2.06607759e-01  2.13652655e-01  2.21147880e-01
  2.29151055e-01  2.37719491e-01  2.46911198e-01  2.56785929e-01  2.67405212e-01
  2.78830290e-01  2.91115284e-01  3.04289967e-01  3.18319857e-01  3.32961977e-01
  3.46545726e-01  3.57599854e-01  3.65788966e-01  3.70865673e-01  3.72626930e-01
  3.70902508e-01  3.66366386e-01  3.60998422e-01  3.55409175e-01  3.49907041e-01
  3.63708958e-02  2.76681930e-02  3.04078031e-02  3.33234519e-02  3.45629528e-02
  3.54335867e-02  3.62274535e-02  3.70675437e-02  3.80291976e-02  3.91644128e-02
  4.05091792e-02  4.20879051e-02  4.39169630e-02  4.60074581e-02  4.83671054e-02
  5.10013476e-02  5.39138056e-02  5.71062900e-02  6.05785474e-02  6.43278584e-02
  6.83485866e-02  7.26318285e-02  7.71650448e-02  8.19319487e-02  8.69124606e-02
  9.20830145e-02  9.74171534e-02  1.02886572e-01  1.08462594e-01  1.14118092e-01
  1.19829655e-01  1.25579849e-01  1.31359279e-01  1.37168080e-01  1.43016800e-01
  1.48926377e-01  1.54927447e-01  1.61058888e-01  1.67366207e-01  1.73899740e-01
  1.80713177e-01  1.87862560e-01  1.95405766e-01  2.03402802e-01  2.11916640e-01
  2.21015036e-01  2.30772927e-01  2.41276160e-01  2.52626598e-01  2.64949381e-01
  2.78404087e-01  2.93201894e-01  3.09633344e-01  3.28100890e-01  3.48916113e-01
  3.69535238e-01  3.83655608e-01  3.95432204e-01  4.01620775e-01  4.03024018e-01
  4.00355935e-01  3.90385270e-01  3.80073190e-01  3.70860100e-01  3.62691671e-01
  4.67192531e-02  4.13143672e-02  3.92655693e-02  3.93263884e-02  3.99313420e-02
  4.05156724e-02  4.10107039e-02  4.14681770e-02  4.19545397e-02  4.25274745e-02
  4.32325080e-02  4.41043787e-02  4.51692604e-02  4.64468785e-02  4.79521751e-02
  4.96964864e-02  5.16883247e-02  5.39338030e-02  5.64368218e-02  5.91991320e-02
  6.22202829e-02  6.54975772e-02  6.90260231e-02  7.27983117e-02  7.68049583e-02
  8.10345262e-02  8.54741111e-02  9.01100636e-02  9.49289054e-02  9.99184698e-02
  1.05069190e-01  1.10375308e-01  1.15835957e-01  1.21456027e-01  1.27246603e-01
  1.33225188e-01  1.39415428e-01  1.45846710e-01  1.52553499e-01  1.59574717e-01
  1.66953221e-01  1.74735546e-01  1.82972163e-01  1.91718102e-01  2.01034352e-01
  2.10990086e-01  2.21665889e-01  2.33158603e-01  2.45588437e-01  2.59109467e-01
  2.73925930e-01  2.90318072e-01  3.08685154e-01  3.29615444e-01  3.53880852e-01
  3.79849941e-01  3.97997826e-01  4.12371397e-01  4.21045661e-01  4.22840834e-01
  4.21047449e-01  4.09158230e-01  3.94784659e-01  3.82279307e-01  3.71828645e-01
  4.92739901e-02  4.22329828e-02  4.31132130e-02  4.52050678e-02  4.58937772e-02
  4.60494310e-02  4.59677354e-02  4.57888581e-02  4.55995314e-02  4.54608575e-02
  4.54184897e-02  4.55075651e-02  4.57556471e-02  4.61846814e-02  4.68123555e-02
  4.76530902e-02  4.87187095e-02  5.00189103e-02  5.15615791e-02  5.33530042e-02
  5.53980656e-02  5.77004030e-02  6.02624789e-02  6.30855858e-02  6.61698356e-02
  6.95142448e-02  7.31169432e-02  7.69755319e-02  8.10876787e-02  8.54517817e-02
  9.00677517e-02  9.49377641e-02  1.00066788e-01  1.05462939e-01  1.11137725e-01
  1.17106274e-01  1.23387411e-01  1.30003661e-01  1.36981145e-01  1.44349501e-01
  1.52141780e-01  1.60394698e-01  1.69149041e-01  1.78450406e-01  1.88350573e-01
  1.98909327e-01  2.10197181e-01  2.22299159e-01  2.35320017e-01  2.49391481e-01
  2.64681906e-01  2.81408817e-01  2.99853384e-01  3.20375115e-01  3.43451411e-01
  3.69787902e-01  3.94051343e-01  4.07292277e-01  4.20743346e-01  4.22655970e-01
  4.22846586e-01  4.15533602e-01  3.99900854e-01  3.85975122e-01  3.74724716e-01
  6.22719899e-02  5.74188195e-02  5.51274270e-02  5.41609675e-02  5.32821268e-02
  5.22758737e-02  5.11927269e-02  5.00940979e-02  4.90272120e-02  4.80287671e-02
  4.71287109e-02  4.63523529e-02  4.57215197e-02  4.52552699e-02  4.49704044e-02
  4.48818505e-02  4.50029969e-02  4.53459360e-02  4.59217168e-02  4.67404872e-02
  4.78118323e-02  4.91454378e-02  5.07512093e-02  5.26390038e-02  5.48182577e-02
  5.72976507e-02  6.00849390e-02  6.31870106e-02  6.66101649e-02  7.03606308e-02
  7.44452849e-02  7.88723305e-02  8.36514980e-02  8.87933895e-02  9.43094194e-02
  1.00212194e-01  1.06516004e-01  1.13237150e-01  1.20394081e-01  1.28007427e-01
  1.36100188e-01  1.44697934e-01  1.53829202e-01  1.63526043e-01  1.73824757e-01
  1.84766904e-01  1.96400493e-01  2.08781421e-01  2.21975207e-01  2.36058518e-01
  2.51120448e-01  2.67262518e-01  2.84596801e-01  3.03242505e-01  3.23333561e-01
  3.45172733e-01  3.70393932e-01  3.85342866e-01  3.94887805e-01  4.05945092e-01
  4.01840687e-01  4.05001730e-01  3.91345263e-01  3.78805608e-01  3.69671911e-01
  7.46359006e-02  7.07391053e-02  6.71037436e-02  6.38975278e-02  6.11272231e-02
  5.86456209e-02  5.63439950e-02  5.41710407e-02  5.21090515e-02  5.01571968e-02
  4.83229533e-02  4.66178618e-02  4.50553820e-02  4.36497331e-02  4.24152911e-02
  4.13662270e-02  4.05164175e-02  3.98795009e-02  3.94690260e-02  3.92978452e-02
  3.93778607e-02  3.97244319e-02  4.03558575e-02  4.12919149e-02  4.25524563e-02
  4.41563576e-02  4.61208038e-02  4.84608710e-02  5.11895679e-02  5.43184504e-02
  5.78589886e-02  6.18247092e-02  6.62324876e-02  7.10956752e-02  7.64242858e-02
  8.22267756e-02  8.85118321e-02  9.52893198e-02  1.02569886e-01  1.10364847e-01
  1.18686385e-01  1.27547771e-01  1.36963561e-01  1.46949753e-01  1.57523960e-01
  1.68705389e-01  1.80514485e-01  1.92972377e-01  2.06099406e-01  2.19912454e-01
  2.34420195e-01  2.49614522e-01  2.65455782e-01  2.81845540e-01  2.98571974e-01
  3.15181792e-01  3.30740154e-01  3.43972653e-01  3.54311943e-01  3.61592740e-01
  3.65680277e-01  3.66849571e-01  3.65316480e-01  3.62078398e-01  3.58349204e-01
  8.41806829e-02  8.07745829e-02  7.61543289e-02  7.17175752e-02  6.78134710e-02
  6.42306805e-02  6.08710013e-02  5.76804876e-02  5.46302609e-02  5.17075360e-02
  4.89099547e-02  4.62418720e-02  4.37119082e-02  4.13313732e-02  3.91131565e-02
  3.70709635e-02  3.52188237e-02  3.35713513e-02  3.21466625e-02  3.09611671e-02
  3.00135240e-02  2.93267854e-02  2.89330240e-02  2.88668219e-02  2.91621573e-02
  2.98505779e-02  3.09599005e-02  3.25131491e-02  3.45277861e-02  3.70156690e-02
  3.99853848e-02  4.34513204e-02  4.74618115e-02  5.20320944e-02  5.71643449e-02
  6.28565922e-02  6.91085085e-02  7.59251118e-02  8.33096206e-02  9.12634209e-02
  9.97872502e-02  1.08881362e-01  1.18545637e-01  1.28779665e-01  1.39582410e-01
  1.50951415e-01  1.62881672e-01  1.75363764e-01  1.88381150e-01  2.01905936e-01
  2.15892747e-01  2.30269581e-01  2.44924545e-01  2.59687334e-01  2.74306089e-01
  2.88428605e-01  3.01616043e-01  3.13420951e-01  3.23493302e-01  3.31627488e-01
  3.37764323e-01  3.41990530e-01  3.44535887e-01  3.45756352e-01  3.46050143e-01
  9.00184885e-02  8.63388777e-02  8.20984393e-02  7.75845721e-02  7.31001794e-02
  6.87442720e-02  6.45241439e-02  6.04281127e-02  5.64458854e-02  5.25728166e-02
  4.88098674e-02  4.51626517e-02  4.16404605e-02  3.82553935e-02  3.50215398e-02
  3.19537669e-02  2.90652141e-02  2.63612643e-02  2.38830838e-02  2.17066854e-02
  1.96684524e-02  1.78547129e-02  1.63346529e-02  1.51687125e-02  1.44112613e-02
  1.41108660e-02  1.43094100e-02  1.50402579e-02  1.63250212e-02  1.81674566e-02
  2.05411073e-02  2.33626198e-02  2.69493014e-02  3.12460344e-02  3.62150595e-02
  4.18234691e-02  4.80489992e-02  5.49172536e-02  6.24241158e-02  7.05567524e-02
  7.93039128e-02  8.86522532e-02  9.85867903e-02  1.09091856e-01  1.20150082e-01
  1.31741300e-01  1.43840954e-01  1.56418145e-01  1.69433013e-01  1.82833090e-01
  1.96548879e-01  2.10488260e-01  2.24530235e-01  2.38518998e-01  2.52260923e-01
  2.65528351e-01  2.78074980e-01  2.89662480e-01  3.00090790e-01  3.09221923e-01
  3.16992462e-01  3.23415965e-01  3.28576297e-01  3.32610101e-01  3.35679471e-01
  9.68259573e-02  9.34502259e-02  8.79865214e-02  8.25540796e-02  7.74088576e-02
  7.23512322e-02  6.73522055e-02  6.24103546e-02  5.75305298e-02  5.27199246e-02
  4.79875654e-02  4.33444120e-02  3.88036706e-02  3.43812779e-02  3.00968159e-02
  2.59750802e-02  2.20492333e-02  1.81621742e-02  1.43838497e-02  1.07738776e-02
  7.37028988e-03  4.23338078e-03  1.43060449e-03 -9.70177585e-04 -2.90414761e-03
 -4.31158161e-03 -5.13924193e-03 -5.34141716e-03 -4.88065835e-03 -3.72786797e-03
 -1.86039589e-03  7.45941012e-04  4.14234074e-03  8.33377242e-03  1.32875862e-02
  1.89199708e-02  2.50564814e-02  3.20187025e-02  3.97198163e-02  4.80960086e-02
  5.71372956e-02  6.68148249e-02  7.70954937e-02  8.79516453e-02  9.93536189e-02
  1.11268573e-01  1.23659119e-01  1.36481836e-01  1.49685398e-01  1.63208187e-01
  1.76975831e-01  1.90898538e-01  2.04868942e-01  2.18761131e-01  2.32431874e-01
  2.45725065e-01  2.58479923e-01  2.70542115e-01  2.81775653e-01  2.92073160e-01
  3.01362395e-01  3.09608489e-01  3.16811383e-01  3.22999537e-01  3.28220874e-01
  1.00512318e-01  9.66546014e-02  9.19263363e-02  8.65984783e-02  8.09992179e-02
  7.52835125e-02  6.95136487e-02  6.37235418e-02  5.79372682e-02  5.21740504e-02
  4.64504175e-02  4.07817438e-02  3.51835378e-02  2.96727177e-02  2.42689792e-02
  1.89963840e-02  1.36976726e-02  8.41595791e-03  3.21367173e-03 -1.83789490e-03
 -6.66432176e-03 -1.11871166e-02 -1.53266285e-02 -1.90051850e-02 -2.21495349e-02
 -2.46924497e-02 -2.65736505e-02 -2.77401283e-02 -2.81459671e-02 -2.77516413e-02
 -2.65227873e-02 -2.44286750e-02 -2.14422774e-02 -1.75494272e-02 -1.27514806e-02
 -7.06543354e-03 -5.17971057e-04  6.88085239e-03  1.50323957e-02  2.37147715e-02
  3.31777707e-02  4.33247574e-02  5.40701561e-02  6.54009208e-02  7.72790760e-02
  8.96639451e-02  1.02510206e-01  1.15768492e-01  1.29383966e-01  1.43294901e-01
  1.57431290e-01  1.71713740e-01  1.86052799e-01  2.00349003e-01  2.14494050e-01
  2.28373170e-01  2.41868839e-01  2.54865140e-01  2.67252445e-01  2.78931141e-01
  2.89814472e-01  2.99829841e-01  3.08919162e-01  3.17038417e-01  3.24157745e-01
  1.06838599e-01  1.03234105e-01  9.71063003e-02  9.07240212e-02  8.43444392e-02
  7.78234079e-02  7.11893141e-02  6.44837245e-02  5.77400327e-02  5.09829000e-02
  4.42309417e-02  3.74993123e-02  3.08015011e-02  2.41506975e-02  1.75614785e-02
  1.08749568e-02  4.12752060e-03 -2.62027979e-03 -9.29053314e-03 -1.57949850e-02
 -2.20407881e-02 -2.79345196e-02 -3.33854333e-02 -3.83079462e-02 -4.26233076e-02
 -4.62604947e-02 -4.91565168e-02 -5.12561761e-02 -5.25115579e-02 -5.28812557e-02
 -5.23295775e-02 -5.08259721e-02 -4.83450964e-02 -4.48679626e-02 -4.03824821e-02
 -3.48834246e-02 -2.83722971e-02 -2.08593160e-02 -1.23764006e-02 -2.97836331e-03
  7.27798184e-03  1.82214733e-02  2.94984654e-02  4.14570794e-02  5.39717413e-02
  6.70005605e-02  8.04883763e-02  9.43845585e-02  1.08636059e-01  1.23185754e-01
  1.37972057e-01  1.52928531e-01  1.67983502e-01  1.83059931e-01  1.98075563e-01
  2.12943450e-01  2.27572635e-01  2.41868749e-01  2.55734295e-01  2.69068301e-01
  2.81765729e-01  2.93716818e-01  3.04807872e-01  3.14924151e-01  3.23956728e-01
  1.11075893e-01  1.07045420e-01  1.01511307e-01  9.48632583e-02  8.76305774e-02
  8.01203623e-02  7.24716336e-02  6.47467971e-02  5.69764152e-02  4.91775610e-02
  4.13613543e-02  3.35362852e-02  2.57092752e-02  1.78839602e-02  9.89417173e-03
  1.76436198e-03 -6.44794991e-03 -1.46611715e-02 -2.27781422e-02 -3.06937378e-02
 -3.83010991e-02 -4.54962812e-02 -5.21814562e-02 -5.82668632e-02 -6.36717677e-02
 -6.83246404e-02 -7.21628144e-02 -7.51318559e-02 -7.71847516e-02 -7.82810971e-02
 -7.83863738e-02 -7.74713457e-02 -7.55117089e-02 -7.24878833e-02 -6.83846846e-02
 -6.31910861e-02 -5.69001287e-02 -4.95100096e-02 -4.10270393e-02 -3.14694345e-02
 -2.08745189e-02 -9.31924023e-03  3.06791859e-03  1.61204822e-02  2.94366069e-02
  4.33186293e-02  5.76384217e-02  7.23688081e-02  8.74645710e-02  1.02874503e-01
  1.18546851e-01  1.34429470e-01  1.50468960e-01  1.66609854e-01  1.82793826e-01
  1.98958918e-01  2.15038151e-01  2.30957523e-01  2.46632770e-01  2.61964709e-01
  2.76833266e-01  2.91091233e-01  3.04559678e-01  3.17030042e-01  3.28277349e-01
  1.19718030e-01  1.16291150e-01  1.08898230e-01  9.99144837e-02  9.09467414e-02
  8.20834935e-02  7.32613951e-02  6.44429997e-02  5.56088239e-02  4.67480533e-02
  3.78548726e-02  2.89282296e-02  1.99747439e-02  1.08074164e-02  1.42460864e-03
 -8.12673196e-03 -1.77653749e-02 -2.73878165e-02 -3.68784964e-02 -4.61180955e-02
 -5.49898110e-02 -6.33836389e-02 -7.11988807e-02 -7.83452913e-02 -8.47431719e-02
 -9.03228521e-02 -9.50237364e-02 -9.87932980e-02 -1.01586074e-01 -1.03362747e-01
 -1.04089573e-01 -1.03737868e-01 -1.02283768e-01 -9.97080058e-02 -9.59956646e-02
 -9.11357850e-02 -8.51208940e-02 -7.79466555e-02 -6.96119964e-02 -6.01202771e-02
 -4.94825765e-02 -3.77246812e-02 -2.48972066e-02 -1.10911997e-02  3.53074586e-03
  1.87343881e-02  3.39929499e-02  4.97264117e-02  6.58542737e-02  8.23118165e-02
  9.90566984e-02  1.16054110e-01  1.33271754e-01  1.50678098e-01  1.68241456e-01
  1.85928836e-01  2.03704000e-01  2.21524119e-01  2.39334241e-01  2.57058442e-01
  2.74586290e-01  2.91753501e-01  3.08316588e-01  3.23929250e-01  3.38147521e-01
  1.25733003e-01  1.22673571e-01  1.13799050e-01  1.03236951e-01  9.30549502e-02
  8.30940455e-02  7.32296258e-02  6.33952394e-02  5.35491295e-02  4.36618328e-02
  3.37103233e-02  2.36735139e-02  1.35252140e-02  3.07128904e-03 -7.64791667e-03
 -1.85524225e-02 -2.95340233e-02 -4.04679142e-02 -5.12229055e-02 -6.16694055e-02
 -7.16849789e-02 -8.11576992e-02 -8.99876133e-02 -9.80869308e-02 -1.05379269e-01
 -1.11798428e-01 -1.17286973e-01 -1.21794835e-01 -1.25278026e-01 -1.27697706e-01
 -1.29019558e-01 -1.29213482e-01 -1.28253713e-01 -1.26119062e-01 -1.22793272e-01
 -1.18265189e-01 -1.12528555e-01 -1.05581284e-01 -9.74243805e-02 -8.80606771e-02
 -7.74943084e-02 -6.57320023e-02 -5.27878515e-02 -3.86941321e-02 -2.35216320e-02
 -7.41133140e-03  9.37078614e-03  2.64031012e-02  4.37995642e-02  6.14593029e-02
  7.94029161e-02  9.76307243e-02  1.16137654e-01  1.34919241e-01  1.53973982e-01
  1.73303992e-01  1.92914486e-01  2.12811843e-01  2.32999370e-01  2.53469139e-01
  2.74186820e-01  2.95063406e-01  3.15901667e-01  3.36279899e-01  3.55269402e-01
  1.26188323e-01  1.22301564e-01  1.14340223e-01  1.04187928e-01  9.35529172e-02
  8.28711241e-02  7.21952245e-02  6.15036972e-02  5.07638156e-02  3.99450362e-02
  2.90222093e-02  1.79784764e-02  6.61042752e-03 -5.09423856e-03 -1.70788188e-02
 -2.92414390e-02 -4.14534621e-02 -5.35740815e-02 -6.54613748e-02 -7.69800022e-02
 -8.80058706e-02 -9.84283984e-02 -1.08150996e-01 -1.17090359e-01 -1.25175059e-01
 -1.32343784e-01 -1.38543531e-01 -1.43727779e-01 -1.47854894e-01 -1.50886834e-01
 -1.52788311e-01 -1.53526336e-01 -1.53070539e-01 -1.51393950e-01 -1.48474231e-01
 -1.44295111e-01 -1.38847411e-01 -1.32129312e-01 -1.24145471e-01 -1.14904836e-01
 -1.04417644e-01 -9.26924571e-02 -7.97348768e-02 -6.55500740e-02 -5.01521081e-02
 -3.35827656e-02 -1.59428846e-02  2.56646052e-03  2.15936061e-02  4.03854623e-02
  5.95299974e-02  7.90093020e-02  9.88239720e-02  1.18988164e-01  1.39527977e-01
  1.60481915e-01  1.81902468e-01  2.03858152e-01  2.26435497e-01  2.49740869e-01
  2.73901016e-01  2.99059659e-01  3.25358897e-01  3.52853477e-01  3.80415499e-01
  1.30295485e-01  1.27265304e-01  1.16520658e-01  1.04364701e-01  9.28785726e-02
  8.15441161e-02  7.02078864e-02  5.88076636e-02  4.73020822e-02  3.56555097e-02
  2.38329843e-02  1.17938370e-02 -6.65863568e-04 -1.35077955e-02 -2.66393684e-02
 -3.99317071e-02 -5.32365218e-02 -6.64000213e-02 -7.92730600e-02 -9.17177126e-02
 -1.03610739e-01 -1.14844739e-01 -1.25327826e-01 -1.34982288e-01 -1.43742859e-01
 -1.51554644e-01 -1.58371046e-01 -1.64151594e-01 -1.68859825e-01 -1.72461316e-01
 -1.74922019e-01 -1.76207200e-01 -1.76281080e-01 -1.75107718e-01 -1.72653034e-01
 -1.68887705e-01 -1.63790509e-01 -1.57351151e-01 -1.49571449e-01 -1.40464291e-01
 -1.30049944e-01 -1.18350565e-01 -1.05383866e-01 -9.11586136e-02 -7.56746531e-02
 -5.89312837e-02 -4.09486182e-02 -2.18073968e-02 -1.71436404e-03  1.89010128e-02
  3.93160358e-02  6.00505807e-02  8.11292306e-02  1.02590956e-01  1.24488175e-01
  1.46890745e-01  1.69891700e-01  1.93614438e-01  2.18222380e-01  2.43932709e-01
  2.71037340e-01  2.99939036e-01  3.31233144e-01  3.66044581e-01  4.09506440e-01
  1.25874832e-01  1.21329419e-01  1.12974674e-01  1.02299936e-01  9.08662155e-02
  7.92015493e-02  6.73979074e-02  5.54444455e-02  4.33120914e-02  3.09718698e-02
  1.84005480e-02  5.39381243e-03 -8.07317439e-03 -2.19391920e-02 -3.60868350e-02
 -5.03662676e-02 -6.46139979e-02 -7.86668211e-02 -9.23710838e-02 -1.05588064e-01
 -1.18196301e-01 -1.30091920e-01 -1.41187832e-01 -1.51412174e-01 -1.60706609e-01
 -1.69024259e-01 -1.76327586e-01 -1.82585970e-01 -1.87772989e-01 -1.91863552e-01
 -1.94831073e-01 -1.96644574e-01 -1.97266534e-01 -1.96652457e-01 -1.94752693e-01
 -1.91516608e-01 -1.86898708e-01 -1.80865675e-01 -1.73402175e-01 -1.64513201e-01
 -1.54222697e-01 -1.42567694e-01 -1.29588649e-01 -1.15318693e-01 -9.97750536e-02
 -8.29567313e-02 -6.48532286e-02 -4.54697981e-02 -2.48754583e-02 -3.27869551e-03
  1.88730489e-02  4.07818854e-02  6.29946366e-02  8.55792090e-02  1.08601220e-01
  1.32143065e-01  1.56314671e-01  1.81263193e-01  2.07185328e-01  2.34344512e-01
  2.63094962e-01  2.93913394e-01  3.27436268e-01  3.64519268e-01  4.06595200e-01
  1.29573286e-01  1.26331955e-01  1.13394655e-01  1.00217901e-01  8.81401449e-02
  7.61418939e-02  6.39922172e-02  5.16146831e-02  3.89698595e-02  2.60252785e-02
  1.27427755e-02 -1.08335342e-03 -1.54224075e-02 -3.01742684e-02 -4.51930836e-02
 -6.03088923e-02 -7.53450766e-02 -9.01309028e-02 -1.04509324e-01 -1.18341021e-01
 -1.31505817e-01 -1.43902510e-01 -1.55447900e-01 -1.66075498e-01 -1.75734088e-01
 -1.84385955e-01 -1.92004845e-01 -1.98574156e-01 -2.04084605e-01 -2.08529517e-01
 -2.11899102e-01 -2.14174822e-01 -2.15324849e-01 -2.15301588e-01 -2.14041993e-01
 -2.11471245e-01 -2.07510278e-01 -2.02086240e-01 -1.95144698e-01 -1.86660483e-01
 -1.76643625e-01 -1.65136129e-01 -1.52200267e-01 -1.37903392e-01 -1.22300863e-01
 -1.05422944e-01 -8.72705355e-02 -6.78254813e-02 -4.70813476e-02 -2.51012351e-02
 -2.10785819e-03  2.13968195e-02  4.45101969e-02  6.79965019e-02  9.18675885e-02
  1.16182305e-01  1.41035423e-01  1.66557789e-01  1.92923069e-01  2.20360607e-01
  2.49175534e-01  2.79779077e-01  3.12727034e-01  3.48660618e-01  3.86918932e-01
  1.19801335e-01  1.14334799e-01  1.06079958e-01  9.58014578e-02  8.44767019e-02
  7.25830570e-02  6.02756403e-02  4.75959294e-02  3.45501713e-02  2.11345870e-02
  7.16920616e-03 -7.39078736e-03 -2.24876050e-02 -3.79944593e-02 -5.37436195e-02
 -6.95491806e-02 -8.52240846e-02 -1.00591406e-01 -1.15490898e-01 -1.29781961e-01
 -1.43344417e-01 -1.56078205e-01 -1.67902723e-01 -1.78755924e-01 -1.88593239e-01
 -1.97386548e-01 -2.05124974e-01 -2.11813226e-01 -2.17466414e-01 -2.22102791e-01
 -2.25735590e-01 -2.28365287e-01 -2.29973018e-01 -2.30515912e-01 -2.29925230e-01
 -2.28108063e-01 -2.24953547e-01 -2.20344171e-01 -2.14171737e-01 -2.06356019e-01
 -1.96861595e-01 -1.85707197e-01 -1.72962040e-01 -1.58725828e-01 -1.43102035e-01
 -1.26173794e-01 -1.07986473e-01 -8.85438919e-02 -6.78243488e-02 -4.58233394e-02
 -2.26317178e-02  1.44234276e-03  2.57079583e-02  5.00627682e-02  7.45862648e-02
  9.93550941e-02  1.24451056e-01  1.49967536e-01  1.76014513e-01  2.02723086e-01
  2.30250493e-01  2.58788079e-01  2.88582116e-01  3.19991291e-01  3.53181958e-01
  1.19153120e-01  1.13988869e-01  1.04331590e-01  9.29827690e-02  8.13035145e-02
  6.92070425e-02  5.66660613e-02  4.36811857e-02  3.02521139e-02  1.63729358e-02
  1.84091378e-03 -1.33394217e-02 -2.90738754e-02 -4.52081896e-02 -6.15546070e-02
 -7.79134333e-02 -9.40886140e-02 -1.09897576e-01 -1.25176474e-01 -1.39782384e-01
 -1.53593764e-01 -1.66510403e-01 -1.78453133e-01 -1.89363450e-01 -1.99203432e-01
 -2.07959011e-01 -2.15640411e-01 -2.22277731e-01 -2.27913082e-01 -2.32591242e-01
 -2.36349866e-01 -2.39210621e-01 -2.41171405e-01 -2.42200434e-01 -2.42232352e-01
 -2.41167203e-01 -2.38873616e-01 -2.35197499e-01 -2.29977816e-01 -2.23068997e-01
 -2.14367270e-01 -2.03834221e-01 -1.91508651e-01 -1.77499160e-01 -1.61954090e-01
 -1.45019189e-01 -1.26805082e-01 -1.07368030e-01 -8.67099985e-02 -6.48041219e-02
 -4.16517332e-02 -1.73781961e-02  7.63011770e-03  3.25671509e-02  5.74707314e-02
  8.24067369e-02  1.07421644e-01  1.32554039e-01  1.57835200e-01  1.83282882e-01
  2.08886802e-01  2.34578565e-01  2.60168344e-01  2.85211831e-01  3.08809340e-01
  1.16362810e-01  1.10623389e-01  1.01448223e-01  9.03603062e-02  7.85521567e-02
  6.62306175e-02  5.34202456e-02  4.01201472e-02  2.63214875e-02  1.20089455e-02
 -3.02237109e-03 -1.87336337e-02 -3.50021049e-02 -5.16513176e-02 -6.84773251e-02
 -8.52692425e-02 -1.01823457e-01 -1.17952168e-01 -1.33487657e-01 -1.48283944e-01
 -1.62217379e-01 -1.75186947e-01 -1.87114507e-01 -1.97945148e-01 -2.07651585e-01
 -2.16238230e-01 -2.23738730e-01 -2.30208740e-01 -2.35715821e-01 -2.40328640e-01
 -2.44106486e-01 -2.47090146e-01 -2.49294087e-01 -2.50700176e-01 -2.51252592e-01
 -2.50854671e-01 -2.49368474e-01 -2.46619150e-01 -2.42406771e-01 -2.36527473e-01
 -2.28803977e-01 -2.19120696e-01 -2.07453400e-01 -1.93880334e-01 -1.78565353e-01
 -1.61712170e-01 -1.43506080e-01 -1.24075457e-01 -1.03475615e-01 -8.16984400e-02
 -5.87128364e-02 -3.45415995e-02 -9.38134268e-03  1.62362922e-02  4.12731506e-02
  6.61994442e-02  9.09839794e-02  1.15606040e-01  1.40035912e-01  1.64220348e-01
  1.88066170e-01  2.11418912e-01  2.34036088e-01  2.55563945e-01  2.75542617e-01
  1.15326896e-01  1.09500915e-01  9.98965427e-02  8.84162039e-02  7.63328820e-02
  6.37549087e-02  5.06742857e-02  3.70781869e-02  2.29508355e-02  8.22815485e-03
 -7.24921003e-03 -2.34169047e-02 -4.01311181e-02 -5.71989641e-02 -7.44044557e-02
 -9.15282294e-02 -1.08360648e-01 -1.24709353e-01 -1.40402883e-01 -1.55292198e-01
 -1.69251561e-01 -1.82179332e-01 -1.93998769e-01 -2.04661191e-01 -2.14153707e-01
 -2.22500652e-01 -2.29758263e-01 -2.36004978e-01 -2.41329685e-01 -2.45819986e-01
 -2.49551862e-01 -2.52580911e-01 -2.54935235e-01 -2.56609470e-01 -2.57559508e-01
 -2.57697791e-01 -2.56890297e-01 -2.54956603e-01 -2.51676142e-01 -2.46804491e-01
 -2.40102410e-01 -2.31376469e-01 -2.20523134e-01 -2.07560793e-01 -1.92632556e-01
 -1.75971299e-01 -1.57832444e-01 -1.38424501e-01 -1.17873855e-01 -9.62198004e-02
 -7.34422505e-02 -4.95262519e-02 -2.45704483e-02  1.05290778e-03  2.64933482e-02
  5.14983647e-02  7.61005208e-02  1.00287452e-01  1.24017358e-01  1.47220269e-01
  1.69793710e-01  1.91596746e-01  2.12445930e-01  2.32117966e-01  2.50364095e-01
  1.14568047e-01  1.08664379e-01  9.87256244e-02  8.69408920e-02  7.46265650e-02
  6.18208237e-02  4.84986715e-02  3.46456543e-02  2.02518664e-02  5.13979699e-03
 -1.07321432e-02 -2.72870604e-02 -4.43680026e-02 -6.17709607e-02 -7.92714953e-02
 -9.66440886e-02 -1.13674536e-01 -1.30166754e-01 -1.45946145e-01 -1.60861149e-01
 -1.74784571e-01 -1.87614933e-01 -1.99278042e-01 -2.09734440e-01 -2.18986586e-01
 -2.27077603e-01 -2.34083340e-01 -2.40100652e-01 -2.45234564e-01 -2.49586314e-01
 -2.53243327e-01 -2.56271452e-01 -2.58708626e-01 -2.60559529e-01 -2.61790663e-01
 -2.62325108e-01 -2.62037605e-01 -2.60751605e-01 -2.58240461e-01 -2.54237831e-01
 -2.48461813e-01 -2.40655273e-01 -2.30638251e-01 -2.18357399e-01 -2.03910738e-01
 -1.87529445e-01 -1.69515193e-01 -1.50151432e-01 -1.29638419e-01 -1.08073130e-01
 -8.54642987e-02 -6.17841445e-02 -3.70597802e-02 -1.15086120e-02  1.42886285e-02
  3.92234810e-02  6.36531487e-02  8.75172466e-02  1.10756196e-01  1.33298829e-01
  1.55056313e-01  1.75919950e-01  1.95762351e-01  2.14442685e-01  2.31816337e-01
  1.13250121e-01  1.06984459e-01  9.73990709e-02  8.58400911e-02  7.34472722e-02
  6.04650155e-02  4.69271429e-02  3.28331664e-02  1.81749035e-02  2.75891833e-03
 -1.34293912e-02 -3.02942563e-02 -4.76649813e-02 -6.53277263e-02 -8.30512345e-02
 -1.00605257e-01 -1.17772110e-01 -1.34352937e-01 -1.50170833e-01 -1.65072605e-01
 -1.78930476e-01 -1.91643968e-01 -2.03142896e-01 -2.13397846e-01 -2.22425357e-01
 -2.30284363e-01 -2.37066120e-01 -2.42881134e-01 -2.47845650e-01 -2.52069801e-01
 -2.55648166e-01 -2.58652896e-01 -2.61128157e-01 -2.63085604e-01 -2.64499754e-01
 -2.65302628e-01 -2.65378147e-01 -2.64556944e-01 -2.62614131e-01 -2.59274602e-01
 -2.54231751e-01 -2.47184515e-01 -2.37892330e-01 -2.26236373e-01 -2.12262765e-01
 -1.96182534e-01 -1.78317934e-01 -1.59008995e-01 -1.38521001e-01 -1.17006376e-01
 -9.45096388e-02 -7.10109249e-02 -4.65093814e-02 -2.11513862e-02  4.59412066e-03
  2.97341887e-02  5.41691966e-02  7.78837353e-02  1.00844942e-01  1.23002291e-01
  1.44289404e-01  1.64626643e-01  1.83924899e-01  2.02090666e-01  2.19032556e-01
  1.14652216e-01  1.08810529e-01  9.80614275e-02  8.56645703e-02  7.29686618e-02
  5.97723499e-02  4.60190400e-02  3.16978097e-02  1.68018155e-02  1.13412924e-03
 -1.53062446e-02 -3.24118100e-02 -5.00027090e-02 -6.78584948e-02 -8.57433900e-02
 -1.03424124e-01 -1.20680869e-01 -1.37313098e-01 -1.53142646e-01 -1.68015644e-01
 -1.81804597e-01 -1.94410518e-01 -2.05767885e-01 -2.15856045e-01 -2.24702746e-01
 -2.32378691e-01 -2.38986030e-01 -2.44644374e-01 -2.49476954e-01 -2.53599137e-01
 -2.57109404e-01 -2.60083228e-01 -2.62568116e-01 -2.64579713e-01 -2.66097397e-01
 -2.67059237e-01 -2.67355800e-01 -2.66823828e-01 -2.65242130e-01 -2.62333363e-01
 -2.57778585e-01 -2.51250803e-01 -2.42469892e-01 -2.31269822e-01 -2.17654407e-01
 -2.01811537e-01 -1.84068680e-01 -1.64799258e-01 -1.44314900e-01 -1.22809410e-01
 -1.00355960e-01 -7.69448429e-02 -5.25614023e-02 -2.73083299e-02 -1.57673925e-03
  2.37459596e-02  4.81995009e-02  7.18400255e-02  9.46617275e-02  1.16628334e-01
  1.37686461e-01  1.57772437e-01  1.76817060e-01  1.94750234e-01  2.11505771e-01
  1.13088533e-01  1.06492475e-01  9.71744135e-02  8.57746229e-02  7.31594265e-02
  5.97826280e-02  4.57999371e-02  3.12524252e-02  1.61422826e-02  2.69728014e-04
 -1.63625758e-02 -3.36431153e-02 -5.13884574e-02 -6.93754405e-02 -8.73665363e-02
 -1.05127379e-01 -1.22437492e-01 -1.39095962e-01 -1.54924452e-01 -1.69769362e-01
 -1.83504015e-01 -1.96031094e-01 -2.07288980e-01 -2.17263222e-01 -2.25988865e-01
 -2.33543903e-01 -2.40036875e-01 -2.45592430e-01 -2.50337422e-01 -2.54389554e-01
 -2.57848918e-01 -2.60791987e-01 -2.63267398e-01 -2.65292048e-01 -2.66847193e-01
 -2.67873287e-01 -2.68263668e-01 -2.67857909e-01 -2.66436517e-01 -2.63721436e-01
 -2.59388447e-01 -2.53098816e-01 -2.44553730e-01 -2.33564019e-01 -2.20111698e-01
 -2.04371437e-01 -1.86670959e-01 -1.67397782e-01 -1.46885470e-01 -1.25347495e-01
 -1.02869987e-01 -7.94461295e-02 -5.50497100e-02 -2.97496654e-02 -3.86664807e-03
  2.18465347e-02  4.60740738e-02  6.96181729e-02  9.23868865e-02  1.14310145e-01
  1.35323092e-01  1.55360639e-01  1.74357072e-01  1.92248210e-01  2.08974779e-01
  1.20136485e-01  1.15204088e-01  1.02273442e-01  8.80797431e-02  7.43927136e-02
  6.04989529e-02  4.62001003e-02  3.14256772e-02  1.61375664e-02  1.18396136e-04
 -1.66374184e-02 -3.40217873e-02 -5.18527590e-02 -6.99080303e-02 -8.79507959e-02
 -1.05747446e-01 -1.23078302e-01 -1.39743268e-01 -1.55564860e-01 -1.70390472e-01
 -1.84094608e-01 -1.96581379e-01 -2.07791358e-01 -2.17712879e-01 -2.26383954e-01
 -2.33885199e-01 -2.40327254e-01 -2.45836109e-01 -2.50539303e-01 -2.54554600e-01
 -2.57981747e-01 -2.60896534e-01 -2.63346642e-01 -2.65347958e-01 -2.66880512e-01
 -2.67883301e-01 -2.68248200e-01 -2.67813087e-01 -2.66356736e-01 -2.63599515e-01
 -2.59216070e-01 -2.52867490e-01 -2.44256303e-01 -2.33196095e-01 -2.19672516e-01
 -2.03863397e-01 -1.86097816e-01 -1.66761845e-01 -1.46185160e-01 -1.24576971e-01
 -1.02020271e-01 -7.85082206e-02 -5.40212616e-02 -2.86482163e-02 -2.75564403e-03
  2.28065364e-02  4.73283418e-02  7.10626617e-02  9.39859524e-02  1.16054192e-01
  1.37210548e-01  1.57389730e-01  1.76521823e-01  1.94536299e-01  2.11366743e-01
  1.17906220e-01  1.11802042e-01  1.01623967e-01  8.89834240e-02  7.54310787e-02
  6.14009351e-02  4.69477512e-02  3.20494138e-02  1.66716054e-02  5.93834557e-04
 -1.61982123e-02 -3.36024612e-02 -5.14412001e-02 -6.94952831e-02 -8.75304118e-02
 -1.05315164e-01 -1.22631826e-01 -1.39282152e-01 -1.55090436e-01 -1.69905588e-01
 -1.83603510e-01 -1.96089268e-01 -2.07303584e-01 -2.17233911e-01 -2.25916699e-01
 -2.33430564e-01 -2.39883915e-01 -2.45400578e-01 -2.50105947e-01 -2.54115701e-01
 -2.57527381e-01 -2.60414392e-01 -2.62821555e-01 -2.64761269e-01 -2.66209275e-01
 -2.67099470e-01 -2.67317832e-01 -2.66696215e-01 -2.65008301e-01 -2.61972249e-01
 -2.57266134e-01 -2.50563025e-01 -2.41587028e-01 -2.30180383e-01 -2.16357246e-01
 -2.00314075e-01 -1.82381108e-01 -1.62926331e-01 -1.42249361e-01 -1.20530605e-01
 -9.78318006e-02 -7.41377324e-02 -4.94396836e-02 -2.38651857e-02  2.14340142e-03
  2.76222397e-02  5.23396805e-02  7.63052553e-02  9.94972661e-02  1.21869989e-01
  1.43358946e-01  1.63885131e-01  1.83359489e-01  2.01688379e-01  2.18780264e-01
  1.21207677e-01  1.15968190e-01  1.04207821e-01  9.03707743e-02  7.64988884e-02
  6.23738430e-02  4.78879884e-02  3.29879411e-02  1.76336914e-02  1.60600338e-03
 -1.51187433e-02 -3.24458778e-02 -5.02036065e-02 -6.81775063e-02 -8.61371160e-02
 -1.03854232e-01 -1.21114038e-01 -1.37721002e-01 -1.53501883e-01 -1.68307751e-01
 -1.82015970e-01 -1.94532260e-01 -2.05795616e-01 -2.15789258e-01 -2.24543691e-01
 -2.32130826e-01 -2.38652587e-01 -2.44226769e-01 -2.48973638e-01 -2.53004283e-01
 -2.56411940e-01 -2.59265602e-01 -2.61605024e-01 -2.63436526e-01 -2.64728427e-01
 -2.65405923e-01 -2.65345365e-01 -2.64369398e-01 -2.62245148e-01 -2.58690923e-01
 -2.53396511e-01 -2.46062249e-01 -2.36455545e-01 -2.24471122e-01 -2.10170403e-01
 -1.93775579e-01 -1.75610229e-01 -1.56002849e-01 -1.35199279e-01 -1.13330685e-01
 -9.04231742e-02 -6.64473847e-02 -4.14105393e-02 -1.54976798e-02  1.07363099e-02
  3.61512974e-02  6.09872676e-02  8.52189139e-02  1.08800068e-01  1.31664395e-01
  1.53724566e-01  1.74872071e-01  1.94979191e-01  2.13904619e-01  2.31503218e-01
  1.19845785e-01  1.14085734e-01  1.03695229e-01  9.08429176e-02  7.72693753e-02
  6.32904992e-02  4.89268005e-02  3.41548584e-02  1.89434607e-02  3.08175827e-03
 -1.34638678e-02 -3.06078736e-02 -4.81862538e-02 -6.59909174e-02 -8.37964639e-02
 -1.01378918e-01 -1.18527144e-01 -1.35049060e-01 -1.50774568e-01 -1.65557384e-01
 -1.79276675e-01 -1.91838682e-01 -2.03179792e-01 -2.13276252e-01 -2.22148716e-01
 -2.29857981e-01 -2.36494869e-01 -2.42167100e-01 -2.46986032e-01 -2.51055121e-01
 -2.54460543e-01 -2.57264197e-01 -2.59498119e-01 -2.61159688e-01 -2.62206852e-01
 -2.62553066e-01 -2.62062877e-01 -2.60549039e-01 -2.57775128e-01 -2.53467411e-01
 -2.47341365e-01 -2.39144340e-01 -2.28708535e-01 -2.15998262e-01 -2.01128930e-01
 -1.84341654e-01 -1.65934503e-01 -1.46173015e-01 -1.25233054e-01 -1.03185982e-01
 -8.00197721e-02 -5.56984022e-02 -3.02641112e-02 -3.98758240e-03  2.24426687e-02
  4.77456339e-02  7.27511868e-02  9.73731950e-02  1.21538408e-01  1.45163134e-01
  1.68138623e-01  1.90320775e-01  2.11524248e-01  2.31524333e-01  2.50070989e-01
  1.20563500e-01  1.15141757e-01  1.04426630e-01  9.13957357e-02  7.79451802e-02
  6.41731545e-02  5.00380024e-02  3.55058350e-02  2.05479059e-02  4.96552326e-03
 -1.12874359e-02 -2.81373635e-02 -4.54305671e-02 -6.29672930e-02 -8.05287063e-02
 -9.78960693e-02 -1.14862733e-01 -1.31240681e-01 -1.46863550e-01 -1.61588252e-01
 -1.75296113e-01 -1.87894151e-01 -1.99316293e-01 -2.09530488e-01 -2.18544558e-01
 -2.26404205e-01 -2.33184621e-01 -2.38978788e-01 -2.43884891e-01 -2.47994632e-01
 -2.51383513e-01 -2.54103035e-01 -2.56174326e-01 -2.57582992e-01 -2.58274168e-01
 -2.58148372e-01 -2.57059097e-01 -2.54813612e-01 -2.51180977e-01 -2.45910466e-01
 -2.38763109e-01 -2.29553968e-01 -2.18195498e-01 -2.04725385e-01 -1.89302534e-01
 -1.72164783e-01 -1.53556928e-01 -1.33666426e-01 -1.12594031e-01 -9.03553516e-02
 -6.69165254e-02 -4.22695763e-02 -1.65544171e-02  9.77011770e-03  3.57319638e-02
  6.14068322e-02  8.68558511e-02  1.12092257e-01  1.37098700e-01  1.61826387e-01
  1.86183736e-01  2.10016519e-01  2.33081684e-01  2.55024105e-01  2.75381804e-01
  1.19995870e-01  1.14690945e-01  1.04189955e-01  9.14963111e-02  7.84243792e-02
  6.50107637e-02  5.12141511e-02  3.70160826e-02  2.24037468e-02  7.20804045e-03
 -8.63936823e-03 -2.50813644e-02 -4.19775061e-02 -5.91385923e-02 -7.63539895e-02
 -9.34113488e-02 -1.10109240e-01 -1.26264200e-01 -1.41714036e-01 -1.56319216e-01
 -1.69963643e-01 -1.82555318e-01 -1.94026828e-01 -2.04338104e-01 -2.13482797e-01
 -2.21488506e-01 -2.28410766e-01 -2.34323129e-01 -2.39305645e-01 -2.43433520e-01
 -2.46767133e-01 -2.49343649e-01 -2.51170218e-01 -2.52218425e-01 -2.52420187e-01
 -2.51665264e-01 -2.49801874e-01 -2.46642753e-01 -2.41978824e-01 -2.35602871e-01
 -2.27342010e-01 -2.17093095e-01 -2.04849750e-01 -1.90707982e-01 -1.74842328e-01
 -1.57453746e-01 -1.38712972e-01 -1.18726827e-01 -9.75276753e-02 -7.50913844e-02
 -5.13899997e-02 -2.64877398e-02 -6.90095767e-04  2.52551511e-02  5.10987602e-02
  7.69011155e-02  1.02718219e-01  1.28598243e-01  1.54579550e-01  1.80684790e-01
  2.06907004e-01  2.33180046e-01  2.59314895e-01  2.84866095e-01  3.08929354e-01
  1.17197141e-01  1.11407861e-01  1.02457576e-01  9.12402123e-02  7.88836256e-02
  6.59134537e-02  5.24953306e-02  3.86691913e-02  2.44303644e-02  9.75011941e-03
 -5.57397678e-03 -2.14917995e-02 -3.78745236e-02 -5.45444973e-02 -7.13008121e-02
 -8.79387632e-02 -1.04262933e-01 -1.20094813e-01 -1.35276496e-01 -1.49672046e-01
 -1.63168013e-01 -1.75673485e-01 -1.87120214e-01 -1.97462365e-01 -2.06680045e-01
 -2.14781567e-01 -2.21799970e-01 -2.27785379e-01 -2.32794985e-01 -2.36882687e-01
 -2.40089267e-01 -2.42434010e-01 -2.43907869e-01 -2.44468600e-01 -2.44037971e-01
 -2.42502108e-01 -2.39716262e-01 -2.35515565e-01 -2.29733080e-01 -2.22224206e-01
 -2.12893859e-01 -2.01718435e-01 -1.88753799e-01 -1.74121723e-01 -1.57973751e-01
 -1.40448391e-01 -1.21640854e-01 -1.01587519e-01 -8.02718997e-02 -5.76581284e-02
 -3.37591954e-02 -8.74776766e-03  1.68901663e-02  4.21874858e-02  6.76820800e-02
  9.33980271e-02  1.19397074e-01  1.45766944e-01  1.72618076e-01  2.00084403e-01
  2.28326902e-01  2.57541060e-01  2.87977606e-01  3.20000291e-01  3.53778988e-01
  1.24370225e-01  1.20835602e-01  1.06574647e-01  9.26756188e-02  7.98601583e-02
  6.70042560e-02  5.38986251e-02  4.04815599e-02  2.67209206e-02  1.25891278e-02
 -2.13445351e-03 -1.74272787e-02 -3.31828818e-02 -4.92415391e-02 -6.54160753e-02
 -8.15118626e-02 -9.73407552e-02 -1.12729609e-01 -1.27524629e-01 -1.41593099e-01
 -1.54823661e-01 -1.67126089e-01 -1.78430811e-01 -1.88688099e-01 -1.97867408e-01
 -2.05958948e-01 -2.12972760e-01 -2.18933389e-01 -2.23872155e-01 -2.27818191e-01
 -2.30789766e-01 -2.32786596e-01 -2.33784139e-01 -2.33730063e-01 -2.32543841e-01
 -2.30120271e-01 -2.26337776e-01 -2.21071899e-01 -2.14213312e-01 -2.05687389e-01
 -1.95470408e-01 -1.83596030e-01 -1.70146883e-01 -1.55229703e-01 -1.38947442e-01
 -1.21375501e-01 -1.02546923e-01 -8.24531987e-02 -6.10667542e-02 -3.83922122e-02
 -1.45546151e-02  1.00707794e-02  3.46989892e-02  5.94969802e-02  8.45561028e-02
  1.09967984e-01  1.35842785e-01  1.62320420e-01  1.89581499e-01  2.17861593e-01
  2.47472003e-01  2.78830558e-01  3.12500238e-01  3.49129766e-01  3.88056129e-01
  1.17333144e-01  1.12124167e-01  1.03367746e-01  9.22685266e-02  8.02418813e-02
  6.78403899e-02  5.51819541e-02  4.22692373e-02  2.90795509e-02  1.55847734e-02
  1.56195345e-03 -1.29931141e-02 -2.79988367e-02 -4.33166660e-02 -5.87760359e-02
 -7.41944686e-02 -8.93921927e-02 -1.04201645e-01 -1.18472688e-01 -1.32074893e-01
 -1.44897938e-01 -1.56851172e-01 -1.67862698e-01 -1.77878201e-01 -1.86859503e-01
 -1.94782645e-01 -2.01637074e-01 -2.07423046e-01 -2.12146118e-01 -2.15810642e-01
 -2.18412831e-01 -2.19935045e-01 -2.20341817e-01 -2.19578534e-01 -2.17573464e-01
 -2.14243472e-01 -2.09503621e-01 -2.03279540e-01 -1.95520774e-01 -1.86211303e-01
 -1.75373584e-01 -1.63061798e-01 -1.49347231e-01 -1.34301141e-01 -1.17977776e-01
 -1.00403033e-01 -8.15742165e-02 -6.14764169e-02 -4.01219763e-02 -1.76201593e-02
  5.71806915e-03  2.92468760e-02  5.29699996e-02  7.69463032e-02  1.01252161e-01
  1.25982806e-01  1.51259154e-01  1.77237511e-01  2.04122484e-01  2.32184932e-01
  2.61786371e-01  2.93411195e-01  3.27704072e-01  3.65529984e-01  4.08334494e-01
  1.20868191e-01  1.17587149e-01  1.05445862e-01  9.24314782e-02  8.03197026e-02
  6.82848394e-02  5.61459847e-02  4.38397340e-02  3.13274711e-02  1.85768511e-02
  5.37001621e-03 -8.32323357e-03 -2.24472079e-02 -3.68863456e-02 -5.14886640e-02
 -6.60854355e-02 -8.05062354e-02 -9.45892558e-02 -1.08187474e-01 -1.21171653e-01
 -1.33431181e-01 -1.44873604e-01 -1.55423507e-01 -1.65021017e-01 -1.73619986e-01
 -1.81185901e-01 -1.87693417e-01 -1.93123505e-01 -1.97460622e-01 -2.00688794e-01
 -2.02787280e-01 -2.03727275e-01 -2.03470141e-01 -2.01968133e-01 -1.99167743e-01
 -1.95015639e-01 -1.89466357e-01 -1.82490483e-01 -1.74080417e-01 -1.64251328e-01
 -1.53037727e-01 -1.40485585e-01 -1.26641408e-01 -1.11541249e-01 -9.52036530e-02
 -7.76307061e-02 -5.88219091e-02 -3.88062075e-02 -1.76978149e-02  4.22000093e-03
  2.63877008e-02  4.87623923e-02  7.13734776e-02  9.42634195e-02  1.17490090e-01
  1.41129911e-01  1.65282682e-01  1.90078512e-01  2.15687409e-01  2.42333308e-01
  2.70315170e-01  3.00043494e-01  3.32122415e-01  3.67688537e-01  4.11913216e-01
  1.14000984e-01  1.09278172e-01  1.00980483e-01  9.05084237e-02  7.93572068e-02
  6.80188835e-02  5.65745756e-02  4.50101905e-02  3.32955010e-02  2.14026868e-02
  9.13720299e-03 -3.56315100e-03 -1.66693777e-02 -3.00891902e-02 -4.36899699e-02
 -5.73178343e-02 -7.08126351e-02 -8.40187892e-02 -9.67922583e-02 -1.09004356e-01
 -1.20543145e-01 -1.31313339e-01 -1.41235173e-01 -1.50242880e-01 -1.58282682e-01
 -1.65310711e-01 -1.71290696e-01 -1.76191524e-01 -1.79984882e-01 -1.82642877e-01
 -1.84136137e-01 -1.84432715e-01 -1.83498338e-01 -1.81297943e-01 -1.77798808e-01
 -1.72974408e-01 -1.66808397e-01 -1.59297422e-01 -1.50451854e-01 -1.40293539e-01
 -1.28850952e-01 -1.16152711e-01 -1.02221325e-01 -8.70700106e-02 -7.07058385e-02
 -5.31433672e-02 -3.44332382e-02 -1.47097427e-02  5.74339926e-03  2.64097098e-02
  4.73009944e-02  6.84179887e-02  8.97696018e-02  1.11374274e-01  1.33261383e-01
  1.55472830e-01  1.78064838e-01  2.01110050e-01  2.24699676e-01  2.48945221e-01
  2.73979247e-01  2.99952120e-01  3.27013850e-01  3.55230063e-01  3.83472830e-01
  1.13348186e-01  1.09880559e-01  9.98515412e-02  8.83992240e-02  7.75855184e-02
  6.69569448e-02  5.63381873e-02  4.56506088e-02  3.48454565e-02  2.38828827e-02
  1.27200764e-02  1.14910910e-03 -1.08083710e-02 -2.30756924e-02 -3.55373919e-02
 -4.80546951e-02 -6.04789034e-02 -7.26618692e-02 -8.44633579e-02 -9.57555398e-02
 -1.06425107e-01 -1.16373725e-01 -1.25517309e-01 -1.33784682e-01 -1.41115710e-01
 -1.47459522e-01 -1.52772442e-01 -1.57016173e-01 -1.60156190e-01 -1.62160367e-01
 -1.62998289e-01 -1.62641093e-01 -1.61062196e-01 -1.58238634e-01 -1.54152796e-01
 -1.48794174e-01 -1.42160431e-01 -1.34257346e-01 -1.25097319e-01 -1.14696532e-01
 -1.03071451e-01 -9.02360752e-02 -7.62017667e-02 -6.09822944e-02 -4.46073115e-02
 -2.71483455e-02 -8.76240991e-03  1.02397753e-02  2.93469932e-02  4.87210751e-02
  6.83334321e-02  8.81618112e-02  1.08190082e-01  1.28408164e-01  1.48811802e-01
  1.69402242e-01  1.90185145e-01  2.11168438e-01  2.32357919e-01  2.53749013e-01
  2.75311321e-01  2.96960235e-01  3.18502814e-01  3.39519769e-01  3.59076589e-01
  1.04998931e-01  1.00595586e-01  9.30160508e-02  8.38448778e-02  7.44121447e-02
  6.49282262e-02  5.53788617e-02  4.57391478e-02  3.59895788e-02  2.61135213e-02
  1.60957370e-02  5.72655397e-03 -4.99068480e-03 -1.59995314e-02 -2.72046272e-02
 -3.84850614e-02 -4.97063510e-02 -6.07303791e-02 -7.14229047e-02 -8.16586316e-02
 -9.13241133e-02 -1.00318909e-01 -1.08555526e-01 -1.15958519e-01 -1.22463129e-01
 -1.28013790e-01 -1.32562518e-01 -1.36067599e-01 -1.38492346e-01 -1.39804423e-01
 -1.39975369e-01 -1.38980642e-01 -1.36800006e-01 -1.33418068e-01 -1.28824770e-01
 -1.23015493e-01 -1.15990765e-01 -1.07755162e-01 -9.83159542e-02 -8.76818374e-02
 -7.58629367e-02 -6.28734082e-02 -4.87383306e-02 -3.35073322e-02 -1.72764771e-02
 -2.17222740e-04  1.73932929e-02  3.49573568e-02  5.28628454e-02  7.10471570e-02
  8.94595608e-02  1.08055696e-01  1.26794979e-01  1.45639330e-01  1.64552167e-01
  1.83497131e-01  2.02436104e-01  2.21325755e-01  2.40111977e-01  2.58720785e-01
  2.77044713e-01  2.94922799e-01  3.12114865e-01  3.28277081e-01  3.42966676e-01
  9.66231972e-02  9.18195620e-02  8.55880231e-02  7.82882795e-02  7.04114810e-02
  6.22243769e-02  5.38469069e-02  4.53329645e-02  3.67070474e-02  2.79802140e-02
  1.91571843e-02  1.00455424e-02  6.36348093e-04 -9.03256517e-03 -1.88864134e-02
 -2.88239364e-02 -3.87274995e-02 -4.84720357e-02 -5.79323359e-02 -6.69884160e-02
 -7.55290315e-02 -8.34536627e-02 -9.06731039e-02 -9.71093327e-02 -1.02694631e-01
 -1.07370585e-01 -1.11086860e-01 -1.13800183e-01 -1.15473382e-01 -1.16074756e-01
 -1.15577608e-01 -1.13960013e-01 -1.11204632e-01 -1.07298575e-01 -1.02233134e-01
 -9.60033387e-02 -8.86073858e-02 -8.00462663e-02 -7.03241676e-02 -5.94505668e-02
 -4.74453643e-02 -3.43490466e-02 -2.02376954e-02 -5.24716731e-03  1.03889015e-02
  2.62965374e-02  4.26231213e-02  5.92627414e-02  7.61922523e-02  9.33679193e-02
  1.10736974e-01  1.28242046e-01  1.45822793e-01  1.63416520e-01  1.80958256e-01
  1.98380530e-01  2.15612382e-01  2.32577622e-01  2.49191687e-01  2.65356928e-01
  2.80956537e-01  2.95847714e-01  3.09856832e-01  3.22781026e-01  3.34401011e-01
  9.14462581e-02  8.71611983e-02  8.06513056e-02  7.35986903e-02  6.65292814e-02
  5.93136810e-02  5.19671291e-02  4.45200689e-02  3.69973332e-02  2.94175856e-02
  2.17974633e-02  1.39729669e-02  5.91455679e-03 -2.35920050e-03 -1.07935909e-02
 -1.93073526e-02 -2.78012641e-02 -3.61658596e-02 -4.42880355e-02 -5.20563424e-02
 -5.93648478e-02 -6.61156625e-02 -7.22203031e-02 -7.76001513e-02 -8.21862519e-02
 -8.59187022e-02 -8.87458622e-02 -9.06234905e-02 -9.15139243e-02 -9.13854241e-02
 -9.02115703e-02 -8.79707783e-02 -8.46457928e-02 -8.02232921e-02 -7.46936128e-02
 -6.80507272e-02 -6.02926277e-02 -5.14226183e-02 -4.14526463e-02 -3.04093137e-02
 -1.83438454e-02 -5.35612646e-03  8.39384366e-03  2.26710197e-02  3.70973609e-02
  5.20671196e-02  6.74917400e-02  8.32926035e-02  9.94033441e-02  1.15757570e-01
  1.32284611e-01  1.48908079e-01  1.65545583e-01  1.82109147e-01  1.98506102e-01
  2.14640424e-01  2.30414167e-01  2.45728686e-01  2.60485291e-01  2.74585038e-01
  2.87927747e-01  3.00411105e-01  3.11930388e-01  3.22381049e-01  3.31664383e-01
  8.48692507e-02  8.02640915e-02  7.48275444e-02  6.88098520e-02  6.25373796e-02
  5.61604239e-02  4.97320332e-02  4.32758108e-02  3.68055142e-02  3.03294845e-02
  2.38505173e-02  1.73617322e-02  1.06836641e-02  3.83453351e-03 -3.14252521e-03
 -1.01827877e-02 -1.72048416e-02 -2.41160244e-02 -3.08176987e-02 -3.72099243e-02
 -4.31952477e-02 -4.86815125e-02 -5.35837412e-02 -5.78251705e-02 -6.13375641e-02
 -6.40610531e-02 -6.59436211e-02 -6.69404194e-02 -6.70131221e-02 -6.61293641e-02
 -6.42623007e-02 -6.13901317e-02 -5.74956462e-02 -5.25659993e-02 -4.65933494e-02
 -3.95769216e-02 -3.15249115e-02 -2.24571209e-02 -1.24131935e-02 -1.46211893e-03
  1.03154145e-02  2.26963870e-02  3.53732966e-02  4.87043299e-02  6.25634789e-02
  7.69222379e-02  9.17323455e-02  1.06935173e-01  1.22465000e-01  1.38248101e-01
  1.54201046e-01  1.70229405e-01  1.86227217e-01  2.02077687e-01  2.17655435e-01
  2.32830301e-01  2.47472525e-01  2.61458516e-01  2.74676263e-01  2.87029654e-01
  2.98440665e-01  3.08849663e-01  3.18214297e-01  3.26507688e-01  3.33716691e-01
  8.02372620e-02  7.64262751e-02  7.01076239e-02  6.39583766e-02  5.81875779e-02
  5.25418967e-02  4.69775721e-02  4.14821655e-02  3.60512249e-02  3.06844097e-02
  2.53850650e-02  2.01609209e-02  1.48258861e-02  9.38339066e-03  3.86045058e-03
 -1.69563049e-03 -7.22137047e-03 -1.26414895e-02 -1.78732108e-02 -2.28302311e-02
 -2.74261758e-02 -3.15774828e-02 -3.52056064e-02 -3.82385030e-02 -4.06113304e-02
 -4.22666110e-02 -4.31538783e-02 -4.32291180e-02 -4.24542278e-02 -4.07969505e-02
 -3.82316746e-02 -3.47395539e-02 -3.03079579e-02 -2.49297637e-02 -1.86046138e-02
 -1.13508347e-02 -3.20806191e-03  5.77299343e-03  1.55008389e-02  2.57303473e-02
  3.67275253e-02  4.83951718e-02  6.06563501e-02  7.35060498e-02  8.69130641e-02
  1.00843370e-01  1.15255512e-01  1.30098760e-01  1.45311430e-01  1.60818517e-01
  1.76528662e-01  1.92331329e-01  2.08094597e-01  2.23665014e-01  2.38870412e-01
  2.53527313e-01  2.67452419e-01  2.80477017e-01  2.92460948e-01  3.03303480e-01
  3.12948942e-01  3.21386635e-01  3.28645289e-01  3.34782839e-01  3.39874506e-01
  7.23289251e-02  6.78932220e-02  6.30162880e-02  5.79367056e-02  5.29383384e-02
  4.81156521e-02  4.34649698e-02  3.89628112e-02  3.45901325e-02  3.03377602e-02
  2.62073614e-02  2.22126991e-02  1.81880444e-02  1.41189042e-02  1.00188823e-02
  5.92166232e-03  1.87594397e-03 -2.05847947e-03 -5.81410527e-03 -9.31875128e-03
 -1.24983415e-02 -1.52796265e-02 -1.75929908e-02 -1.93743072e-02 -2.05658842e-02
 -2.11167354e-02 -2.09821817e-02 -2.01228410e-02 -1.85032319e-02 -1.60916615e-02
 -1.28681986e-02 -8.82629678e-03 -3.97160649e-03  1.68543810e-03  8.15668702e-03
  1.53828962e-02  2.32173894e-02  3.16335075e-02  4.08330262e-02  5.07339537e-02
  6.13224506e-02  7.25713745e-02  8.44536647e-02  9.69500318e-02  1.10040285e-01
  1.23701341e-01  1.37904540e-01  1.52612671e-01  1.67776495e-01  1.83329999e-01
  1.99184522e-01  2.15221658e-01  2.31285512e-01  2.47176409e-01  2.62649566e-01
  2.77424693e-01  2.91210204e-01  3.03739101e-01  3.14803958e-01  3.24280620e-01
  3.32138449e-01  3.38438690e-01  3.43321145e-01  3.46977234e-01  3.49613965e-01
  6.51557818e-02  6.11857139e-02  5.57654537e-02  5.07573597e-02  4.64841276e-02
  4.26124521e-02  3.90058085e-02  3.55904996e-02  3.23277861e-02  2.92011816e-02
  2.62082536e-02  2.33540814e-02  2.06430424e-02  1.79084279e-02  1.51749635e-02
  1.24753099e-02  9.85038839e-03  7.34833768e-03  5.02314139e-03  2.93342443e-03
  1.14149239e-03 -2.88339681e-04 -1.29659788e-03 -1.83047284e-03 -1.84446794e-03
 -1.30078406e-03 -1.69226449e-04  1.57465809e-03  3.95697681e-03  7.02880323e-03
  1.07995188e-02  1.52458353e-02  2.03009844e-02  2.58208644e-02  3.21300216e-02
  3.91542912e-02  4.68414314e-02  5.51738665e-02  6.41663000e-02  7.38150105e-02
  8.41163024e-02  9.50654149e-02  1.06658056e-01  1.18891500e-01  1.31763533e-01
  1.45271063e-01  1.59408137e-01  1.74163148e-01  1.89514905e-01  2.05426648e-01
  2.21837372e-01  2.38648862e-01  2.55707234e-01  2.72777557e-01  2.89515346e-01
  3.05452764e-01  3.20042878e-01  3.32779884e-01  3.43309700e-01  3.51457238e-01
  3.57225806e-01  3.60794902e-01  3.62515837e-01  3.62865031e-01  3.62315446e-01
  5.32266982e-02  4.84777428e-02  4.44590375e-02  4.11439501e-02  3.83597277e-02
  3.58849764e-02  3.35844047e-02  3.13999057e-02  2.93150991e-02  2.73346007e-02
  2.54747495e-02  2.37603541e-02  2.22256705e-02  2.07128655e-02  1.92395728e-02
  1.78335086e-02  1.65278707e-02  1.53593170e-02  1.43670486e-02  1.35933384e-02
  1.30879339e-02  1.29232695e-02  1.31477742e-02  1.37980562e-02  1.49017815e-02
  1.64762437e-02  1.85233615e-02  2.10188031e-02  2.38882788e-02  2.74247583e-02
  3.15796211e-02  3.63221020e-02  4.16282974e-02  4.74867560e-02  5.39322086e-02
  6.09707721e-02  6.86010793e-02  7.68250600e-02  8.56503025e-02  9.50855464e-02
  1.05141081e-01  1.15829058e-01  1.27164051e-01  1.39163539e-01  1.51848063e-01
  1.65241063e-01  1.79368407e-01  1.94257155e-01  2.09933504e-01  2.26418585e-01
  2.43721277e-01  2.61825442e-01  2.80667096e-01  3.00091922e-01  3.19763482e-01
  3.38949502e-01  3.56263489e-01  3.70345205e-01  3.80870014e-01  3.87564182e-01
  3.90512407e-01  3.90008688e-01  3.86571646e-01  3.81726325e-01  3.76694500e-01
  3.73934954e-02  3.13844904e-02  2.95500364e-02  2.93964688e-02  2.90594604e-02
  2.84150746e-02  2.75902189e-02  2.66828500e-02  2.57611629e-02  2.48772241e-02
  2.40748953e-02  2.33944487e-02  2.28765197e-02  2.24835668e-02  2.21496411e-02
  2.19126586e-02  2.18031686e-02  2.18467899e-02  2.20626090e-02  2.24570800e-02
  2.30094902e-02  2.39592101e-02  2.52928603e-02  2.70135198e-02  2.91288886e-02
  3.16459201e-02  3.45687792e-02  3.79001610e-02  4.16493043e-02  4.58575264e-02
  5.05368821e-02  5.56889847e-02  6.13135807e-02  6.74140602e-02  7.40008354e-02
  8.10845345e-02  8.86763185e-02  9.67896059e-02  1.05441041e-01  1.14650466e-01
  1.24441184e-01  1.34840384e-01  1.45879820e-01  1.57596707e-01  1.70034751e-01
  1.83245599e-01  1.97290406e-01  2.12241739e-01  2.28185758e-01  2.45224193e-01
  2.63475507e-01  2.83074379e-01  3.04168582e-01  3.26915830e-01  3.51519525e-01
  3.78682882e-01  4.09715354e-01  4.18795228e-01  4.33575958e-01  4.36747193e-01
  4.34583694e-01  4.33719933e-01  4.13740188e-01  3.99972856e-01  3.89461100e-01
  2.37890463e-02  1.63193662e-02  1.70780737e-02  1.95043553e-02  2.07778513e-02
  2.14369800e-02  2.17620246e-02  2.19076835e-02  2.19773259e-02  2.20464319e-02
  2.21719462e-02  2.23964117e-02  2.27485970e-02  2.32394878e-02  2.38730684e-02
  2.46630739e-02  2.56264750e-02  2.67808791e-02  2.81437319e-02  2.97333039e-02
  3.15737240e-02  3.37109715e-02  3.61673757e-02  3.89551446e-02  4.20812517e-02
  4.55493666e-02  4.93611954e-02  5.35181500e-02  5.80236837e-02  6.28848225e-02
  6.81063831e-02  7.36916438e-02  7.96445161e-02  8.59715790e-02  9.26832706e-02
  9.97936428e-02  1.07320428e-01  1.15285337e-01  1.23714298e-01  1.32637620e-01
  1.42090276e-01  1.52112395e-01  1.62750036e-01  1.74056560e-01  1.86094433e-01
  1.98937982e-01  2.12677076e-01  2.27422461e-01  2.43312985e-01  2.60525763e-01
  2.79289603e-01  2.99902111e-01  3.22748303e-01  3.48322451e-01  3.77322197e-01
  4.10191089e-01  4.32767123e-01  4.48413014e-01  4.60525215e-01  4.59670484e-01
  4.59136307e-01  4.43269402e-01  4.24280107e-01  4.08262014e-01  3.95385325e-01
  2.03728266e-02  1.39207039e-02  1.21938735e-02  1.30596049e-02  1.43817952e-02
  1.55522749e-02  1.65250525e-02  1.73714217e-02  1.81741416e-02  1.90044679e-02
  1.99185833e-02  2.09586732e-02  2.21549235e-02  2.35278402e-02  2.50922702e-02
  2.68614776e-02  2.88482457e-02  3.10650915e-02  3.35243680e-02  3.62385884e-02
  3.92209738e-02  4.24852595e-02  4.60403077e-02  4.98897061e-02  5.40325269e-02
  5.84643297e-02  6.31782860e-02  6.81664199e-02  7.34209493e-02  7.89352581e-02
  8.47042277e-02  9.07251015e-02  9.69988108e-02  1.03531122e-01  1.10333525e-01
  1.17423542e-01  1.24824718e-01  1.32566467e-01  1.40683725e-01  1.49216637e-01
  1.58210471e-01  1.67715669e-01  1.77788541e-01  1.88492477e-01  1.99899927e-01
  2.12095588e-01  2.25180849e-01  2.39280581e-01  2.54553020e-01  2.71204889e-01
  2.89515138e-01  3.09873909e-01  3.32848907e-01  3.59282166e-01  3.89920920e-01
  4.18518454e-01  4.37240154e-01  4.53258425e-01  4.59096819e-01  4.60205525e-01
  4.53069210e-01  4.36041236e-01  4.19038773e-01  4.04645592e-01  3.92597526e-01
  9.97386873e-03  1.23553711e-03  3.68021219e-03  7.16791023e-03  9.10059549e-03
  1.05465883e-02  1.18126525e-02  1.30403349e-02  1.43212611e-02  1.57208852e-02
  1.72857847e-02  1.90482885e-02  2.10304279e-02  2.32473090e-02  2.57099494e-02
  2.84273308e-02  3.14073861e-02  3.46572772e-02  3.81832272e-02  4.19901647e-02
  4.60811891e-02  5.04567400e-02  5.51133417e-02  6.00429922e-02  6.52331337e-02
  7.06671029e-02  7.63249472e-02  8.21846575e-02  8.82236660e-02  9.44206044e-02
  1.00757204e-01  1.07220262e-01  1.13803566e-01  1.20509386e-01  1.27349466e-01
  1.34345159e-01  1.41526982e-01  1.48933575e-01  1.56610399e-01  1.64608389e-01
  1.72982872e-01  1.81792855e-01  1.91100970e-01  2.00974032e-01  2.11484432e-01
  2.22712338e-01  2.34749064e-01  2.47701779e-01  2.61700183e-01  2.76906371e-01
  2.93529689e-01  3.11850518e-01  3.32257241e-01  3.55259299e-01  3.80708158e-01
  4.02604431e-01  4.17634547e-01  4.30195600e-01  4.34282601e-01  4.35027361e-01
  4.27853525e-01  4.15042549e-01  4.03036922e-01  3.92314076e-01  3.82786244e-01
  1.37607669e-02  6.75811013e-03  4.16069897e-03  4.25900472e-03  5.13910037e-03
  6.16723811e-03  7.29631865e-03  8.59837700e-03  1.01395221e-02  1.19601712e-02
  1.40798641e-02  1.65055450e-02  1.92382261e-02  2.22772751e-02  2.56226771e-02
  2.92757731e-02  3.32389548e-02  3.75147350e-02  4.21045907e-02  4.70077433e-02
  5.22200316e-02  5.77329099e-02  6.35325462e-02  6.95992261e-02  7.59070665e-02
  8.24241191e-02  8.91130045e-02  9.59321782e-02  1.02838017e-01  1.09787688e-01
  1.16742693e-01  1.23672709e-01  1.30559146e-01  1.37397930e-01  1.44200891e-01
  1.50995687e-01  1.57824114e-01  1.64739385e-01  1.71802819e-01  1.79080501e-01
  1.86640471e-01  1.94550827e-01  2.02878520e-01  2.11689249e-01  2.21047729e-01
  2.31018633e-01  2.41667658e-01  2.53062367e-01  2.65272558e-01  2.78368831e-01
  2.92417407e-01  3.07465762e-01  3.23509336e-01  3.40415567e-01  3.57485801e-01
  3.72394830e-01  3.84216726e-01  3.92592907e-01  3.97169173e-01  3.97769779e-01
  3.94376040e-01  3.88592720e-01  3.82054895e-01  3.75340939e-01  3.68781328e-01
  4.78152372e-03 -5.21936780e-03 -1.69737265e-03  7.87378114e-04  1.27468188e-03
  1.59398501e-03  2.24419660e-03  3.39689152e-03  5.08813979e-03  7.29541248e-03
  9.97636933e-03  1.30881267e-02  1.65960733e-02  2.04768106e-02  2.47176569e-02
  2.93142218e-02  3.42671499e-02  3.95787768e-02  4.52501550e-02  5.12786545e-02
  5.76562174e-02  6.43681064e-02  7.13919997e-02  7.86972791e-02  8.62442181e-02
  9.39834192e-02  1.01855554e-01  1.09792210e-01  1.17718332e-01  1.25556812e-01
  1.33235052e-01  1.40692741e-01  1.47889316e-01  1.54809892e-01  1.61467880e-01
  1.67904288e-01  1.74183384e-01  1.80386022e-01  1.86601937e-01  1.92922622e-01
  1.99435905e-01  2.06222400e-01  2.13353932e-01  2.20893055e-01  2.28893384e-01
  2.37399861e-01  2.46448576e-01  2.56065398e-01  2.66262680e-01  2.77032614e-01
  2.88335264e-01  3.00077528e-01  3.12078416e-01  3.24017733e-01  3.35395187e-01
  3.45597655e-01  3.54081511e-01  3.60473573e-01  3.64575505e-01  3.66374999e-01
  3.66086364e-01  3.64151537e-01  3.61094564e-01  3.57359767e-01  3.53270471e-01
  1.79202463e-02  9.79853515e-03  4.00641840e-03 -3.30278563e-05 -2.88002193e-03
 -4.45822952e-03 -4.66568489e-03 -3.64779844e-03 -1.63415517e-03  1.17170811e-03
  4.60902462e-03  8.56032874e-03  1.29492227e-02  1.77345742e-02  2.29020379e-02
  2.84546446e-02  3.44040245e-02  4.07631733e-02  4.75410372e-02  5.47389202e-02
  6.23485371e-02  7.03513771e-02  7.87186697e-02  8.74111131e-02  9.63774472e-02
  1.05551876e-01  1.14850774e-01  1.24170475e-01  1.33388132e-01  1.42368153e-01
  1.50974989e-01  1.59090444e-01  1.66631252e-01  1.73562646e-01  1.79904521e-01
  1.85729057e-01  1.91149876e-01  1.96305379e-01  2.01340497e-01  2.06391707e-01
  2.11577892e-01  2.16996700e-01  2.22724631e-01  2.28818953e-01  2.35319823e-01
  2.42251962e-01  2.49625102e-01  2.57433027e-01  2.65650719e-01  2.74229228e-01
  2.83088356e-01  2.92106688e-01  3.01111579e-01  3.09873700e-01  3.18115681e-01
  3.25541407e-01  3.31879884e-01  3.36925000e-01  3.40561599e-01  3.42778325e-01
  3.43667567e-01  3.43407005e-01  3.42221737e-01  3.40341955e-01  3.37973654e-01
  2.27065478e-02  1.35142747e-02  4.53521591e-03 -4.19871323e-03 -1.20260492e-02
 -1.59521494e-02 -1.58825554e-02 -1.40060708e-02 -1.08768828e-02 -6.84793666e-03
 -2.20181723e-03  2.88085081e-03  8.30814522e-03  1.40568735e-02  2.01485343e-02
  2.66267546e-02  3.35403346e-02  4.09317799e-02  4.88299429e-02  5.72458617e-02
  6.61716983e-02  7.55832344e-02  8.54446143e-02  9.57118347e-02  1.06331691e-01
  1.17234774e-01  1.28323540e-01  1.39458209e-01  1.50446281e-01  1.61045671e-01
  1.70990795e-01  1.80038184e-01  1.88012928e-01  1.94839925e-01  2.00557306e-01
  2.05312356e-01  2.09335878e-01  2.12896079e-01  2.16248930e-01  2.19606251e-01
  2.23126560e-01  2.26919964e-01  2.31057897e-01  2.35582426e-01  2.40513176e-01
  2.45851725e-01  2.51583904e-01  2.57680237e-01  2.64094859e-01  2.70763338e-01
  2.77600050e-01  2.84495682e-01  2.91316330e-01  2.97906578e-01  3.04097235e-01
  3.09719414e-01  3.14621210e-01  3.18684667e-01  3.21838230e-01  3.24063241e-01
  3.25393081e-01  3.25904846e-01  3.25705618e-01  3.24916333e-01  3.23658139e-01
  2.58313883e-02  1.52523164e-02  3.57270613e-03 -9.81012173e-03 -2.51191612e-02
 -3.25469375e-02 -3.24500687e-02 -2.86684018e-02 -2.28073020e-02 -1.65193193e-02
 -1.00163864e-02 -3.48508172e-03  3.04072886e-03  9.65933502e-03  1.65157765e-02
  2.37528943e-02  3.14946361e-02  3.98365594e-02  4.88406457e-02  5.85315749e-02
  6.88905120e-02  7.98638389e-02  9.13905576e-02  1.03424400e-01  1.15935862e-01
  1.28896549e-01  1.42250314e-01  1.55869678e-01  1.69495717e-01  1.82684138e-01
  1.94842339e-01  2.05413729e-01  2.14031816e-01  2.20542327e-01  2.25015685e-01
  2.27762356e-01  2.29327351e-01  2.30323240e-01  2.31229633e-01  2.32345596e-01
  2.33834594e-01  2.35776082e-01  2.38200173e-01  2.41107941e-01  2.44482353e-01
  2.48293787e-01  2.52502471e-01  2.57059187e-01  2.61904657e-01  2.66969055e-01
  2.72171080e-01  2.77417928e-01  2.82606602e-01  2.87626714e-01  2.92365730e-01
  2.96715707e-01  3.00581247e-01  3.03886831e-01  3.06582749e-01  3.08647990e-01
  3.10090184e-01  3.10942024e-01  3.11255634e-01  3.11095566e-01  3.10531884e-01
  3.02928351e-02  1.93643831e-02  6.88970694e-03 -7.92353787e-03 -2.63892710e-02
 -3.82299796e-02 -4.50280383e-02 -4.23938967e-02 -3.61653641e-02 -2.63686664e-02
 -1.70558132e-02 -9.11233015e-03 -1.98726193e-03  4.92937164e-03  1.20501490e-02
  1.96135622e-02  2.78701149e-02  3.69803235e-02  4.70202938e-02  5.80987670e-02
  7.01626688e-02  8.29733238e-02  9.63487700e-02  1.10247992e-01  1.24729484e-01
  1.39904320e-01  1.55901223e-01  1.72823101e-01  1.90638721e-01  2.08798498e-01
  2.25347295e-01  2.38492921e-01  2.48288006e-01  2.54021168e-01  2.56206334e-01
  2.54578054e-01  2.51118720e-01  2.47835353e-01  2.45333597e-01  2.43719459e-01
  2.42962226e-01  2.42993042e-01  2.43735462e-01  2.45114833e-01  2.47060120e-01
  2.49503210e-01  2.52377212e-01  2.55614758e-01  2.59146541e-01  2.62899995e-01
  2.66798824e-01  2.70763129e-01  2.74710178e-01  2.78556496e-01  2.82220513e-01
  2.85626352e-01  2.88707286e-01  2.91409612e-01  2.93695092e-01  2.95542598e-01
  2.96948045e-01  2.97922909e-01  2.98491567e-01  2.98688024e-01  2.98552364e-01
  3.72208059e-02  2.73426771e-02  1.63726769e-02  4.12786007e-03 -9.16195288e-03
 -2.26291344e-02 -3.87945957e-02 -4.01841067e-02 -4.03290540e-02 -2.83375829e-02
 -1.82179343e-02 -1.11398948e-02 -6.11572154e-03 -3.54097516e-04  6.84264163e-03
  1.33814747e-02  2.16389950e-02  3.18378583e-02  4.19077165e-02  5.46166524e-02
  6.98636323e-02  8.51870626e-02  1.00478560e-01  1.15990110e-01  1.32030785e-01
  1.48949206e-01  1.67163521e-01  1.87223017e-01  2.09938362e-01  2.36853331e-01
  2.66249329e-01  2.75872290e-01  2.95104951e-01  2.91810542e-01  2.99214661e-01
  2.82763511e-01  2.70439327e-01  2.61993557e-01  2.56063223e-01  2.51966268e-01
  2.49278769e-01  2.47715577e-01  2.47074082e-01  2.47202665e-01  2.47981533e-01
  2.49310806e-01  2.51103133e-01  2.53278792e-01  2.55762458e-01  2.58481383e-01
  2.61364162e-01  2.64340371e-01  2.67340928e-01  2.70298988e-01  2.73151278e-01
  2.75839955e-01  2.78314412e-01  2.80533016e-01  2.82464355e-01  2.84087956e-01
  2.85394341e-01  2.86384255e-01  2.87067354e-01  2.87460536e-01  2.87585974e-01
  4.61142138e-02  3.80759016e-02  2.94330083e-02  2.01989766e-02  1.05303833e-02
  7.29973312e-04 -8.53943452e-03 -1.68873388e-02 -2.88819876e-02 -1.48976957e-02
 -8.35228339e-03 -4.74622427e-03 -4.61580511e-03 -1.26642745e-03  7.25953467e-03
  1.08043356e-02  1.85751282e-02  3.09156235e-02  3.84164043e-02  5.24361804e-02
  7.16660619e-02  8.87029096e-02  1.04871154e-01  1.20908312e-01  1.37340248e-01
  1.54640898e-01  1.73334911e-01  1.94098890e-01  2.17892200e-01  2.46028215e-01
  2.73854911e-01  2.87066877e-01  3.02733570e-01  3.02941918e-01  3.05789858e-01
  2.91465223e-01  2.77486920e-01  2.67508686e-01  2.60359168e-01  2.55232990e-01
  2.51620054e-01  2.49190167e-01  2.47717753e-01  2.47037888e-01  2.47021720e-01
  2.47562975e-01  2.48570234e-01  2.49962226e-01  2.51664817e-01  2.53608972e-01
  2.55729496e-01  2.57964581e-01  2.60255486e-01  2.62546927e-01  2.64787734e-01
  2.66931593e-01  2.68937945e-01  2.70772815e-01  2.72409409e-01  2.73828447e-01
  2.75018126e-01  2.75973737e-01  2.76696980e-01  2.77194947e-01  2.77479053e-01
  2.96462297e+00  2.90913725e+00  2.77768707e+00  2.64681053e+00  2.50799537e+00
  2.38520956e+00  2.27969003e+00  2.19048429e+00  2.11455989e+00  2.05207634e+00
  1.99965298e+00  1.95610952e+00  1.92053187e+00  1.89116514e+00  1.86781502e+00
  1.84926391e+00  1.83499372e+00  1.82449591e+00  1.81748676e+00  1.81315506e+00
  1.81163800e+00  1.81210566e+00  1.81462717e+00  1.81896710e+00  1.82488310e+00
  1.83228564e+00  1.84098220e+00  1.85094607e+00  1.86218941e+00  1.87445188e+00
  1.88792241e+00  1.90241194e+00  1.91797936e+00  1.93465316e+00  1.95243037e+00
  1.97133875e+00  1.99146652e+00  2.01284862e+00  2.03556347e+00  2.05978036e+00
  2.08554983e+00  2.11301947e+00  2.14240837e+00  2.17385173e+00  2.20767021e+00
  2.24407697e+00  2.28335500e+00  2.32596540e+00  2.37214971e+00  2.42264342e+00
  2.47775173e+00  2.53820133e+00  2.60502815e+00  2.67859960e+00  2.76109314e+00
  2.85326505e+00  2.95864987e+00  3.07843399e+00  3.21784949e+00  3.38238668e+00
  3.58277225e+00  3.83602548e+00  4.17682171e+00  4.71032000e+00  7.33223963e+00
   90   89
  1.04076278e+00  0.00000000e+00  1.04188132e+00  1.00000001e-01  1.04573238e+00
  2.00000003e-01  1.05174506e+00  3.00000012e-01  1.05541551e+00  3.49999994e-01
  1.06482291e+00  4.49999988e-01  1.07589900e+00  5.50000012e-01  1.08159399e+00
  6.00000024e-01  1.09460068e+00  6.99999988e-01  1.10562503e+00  7.74879754e-01
  1.11867201e+00  8.50000024e-01  1.13218749e+00  9.26562190e-01  1.14847970e+00
  1.00000000e+00  1.16078818e+00  1.05956352e+00  1.16282618e+00  1.07354188e+00
  1.23843753e+00  1.06647742e+00  1.29156256e+00  1.05985248e+00  1.34468746e+00
  1.05248737e+00  1.37125003e+00  1.04904032e+00  1.42437506e+00  1.03981555e+00
  1.47749996e+00  1.02782464e+00  1.53062499e+00  1.01338601e+00  1.57385230e+00
  1.00000000e+00  1.61031246e+00  9.88709271e-01  1.66343749e+00  9.67966199e-01
  1.70211732e+00  9.49999988e-01  1.74312496e+00  9.30580556e-01  1.79489946e+00
  8.99999976e-01  1.82281256e+00  8.82957697e-01  1.86837792e+00  8.50000024e-01
  1.90250003e+00  8.23670268e-01  1.92931950e+00  8.00000012e-01  1.98218751e+00
  7.50284314e-01  2.00874996e+00  7.23270059e-01  2.03531241e+00  6.93442106e-01
  2.07008052e+00  6.49999976e-01  2.10592508e+00  6.00000024e-01  2.13694739e+00
  5.50000012e-01  2.16384888e+00  5.00000000e-01  2.18743086e+00  4.49999988e-01
  2.20843697e+00  4.00000006e-01  2.22747540e+00  3.49999994e-01  2.24781251e+00
  2.92134017e-01  2.27437496e+00  2.01416120e-01  2.28700328e+00  1.50000006e-01
  2.30093741e+00  5.01299426e-02  2.30200362e+00  0.00000000e+00  2.29996514e+00
 -5.00000007e-02  2.28346229e+00 -1.50000006e-01  2.27053857e+00 -2.00000003e-01
  2.24781251e+00 -2.70154357e-01  2.22125006e+00 -3.42009813e-01  2.19632196e+00
 -4.00000006e-01  2.17290926e+00 -4.49999988e-01  2.14666033e+00 -5.00000000e-01
  2.11673212e+00 -5.50000012e-01  2.08843756e+00 -5.92482030e-01  2.06187510e+00
 -6.27309263e-01  2.03531241e+00 -6.58307493e-01  1.99554956e+00 -6.99999988e-01
  1.95562506e+00 -7.37364233e-01  1.92906249e+00 -7.59157300e-01  1.87593746e+00
 -7.98322201e-01  1.84937501e+00 -8.15770507e-01  1.79624999e+00 -8.45625639e-01
  1.76968753e+00 -8.58511984e-01  1.71656251e+00 -8.81610334e-01  1.66343749e+00
 -8.98798287e-01  1.63687503e+00 -9.05857623e-01  1.58375001e+00 -9.17838037e-01
  1.53062499e+00 -9.25553739e-01  1.47749996e+00 -9.28499281e-01  1.42437506e+00
 -9.25735056e-01  1.37125003e+00 -9.15227532e-01  1.33111131e+00 -8.99999976e-01
  1.29156256e+00 -8.78398776e-01  1.25979137e+00 -8.50000024e-01  1.21917951e+00
 -8.00000012e-01  1.19068062e+00 -7.50000000e-01  1.16856062e+00 -6.99999988e-01
  1.15031171e+00 -6.49999976e-01  1.13218749e+00 -5.92498183e-01  1.10786211e+00
 -5.00000000e-01  1.09628892e+00 -4.49999988e-01  1.07906246e+00 -3.67221147e-01
  1.06672573e+00 -3.00000012e-01  1.05273771e+00 -2.00000003e-01  1.04776251e+00
 -1.50000006e-01  1.04177010e+00 -5.00000007e-02  1.04076278e+00  0.00000000e+00
  1.01600003e+00  0.00000000e+00  1.01600003e+00  9.63999987e-01  1.01800001e+00
  9.67999995e-01  1.01800001e+00  1.00100005e+00  1.01800001e+00  1.01900005e+00
  1.01800001e+00  1.07700002e+00  1.01800001e+00  1.07000005e+00  1.01800001e+00
  1.09599996e+00  1.01800001e+00  1.11300004e+00  1.01800001e+00  1.13800001e+00
  1.01600003e+00  1.14699996e+00  1.01199996e+00  1.16499996e+00  1.00100005e+00
  1.21700001e+00  1.02900004e+00  1.21700001e+00  1.04200006e+00  1.16240001e+00
  1.04600000e+00  1.16237998e+00  1.05599999e+00  1.16260004e+00  1.09700000e+00
  1.16450000e+00  1.10800004e+00  1.16594005e+00  1.11600006e+00  1.16591001e+00
  1.13399994e+00  1.16895998e+00  1.14800000e+00  1.17174995e+00  1.16199994e+00
  1.17556000e+00  1.18099999e+00  1.18299997e+00  1.18200004e+00  1.18350005e+00
  1.18499994e+00  1.18499994e+00  1.19000006e+00  1.18799996e+00  1.19500005e+00
  1.19099998e+00  1.20099998e+00  1.19599998e+00  1.20899999e+00  1.20200002e+00
  1.21500003e+00  1.20799994e+00  1.22200000e+00  1.21399999e+00  1.22800004e+00
  1.22099996e+00  1.23399997e+00  1.23099995e+00  1.23899996e+00  1.23800004e+00
  1.24199998e+00  1.24399996e+00  1.24800003e+00  1.25399995e+00  1.25800002e+00
  1.27800000e+00  1.26300001e+00  1.28999996e+00  1.27999997e+00  1.33099997e+00
  1.27999997e+00  1.34700000e+00  1.27999997e+00  1.34800005e+00  1.30999994e+00
  1.34800005e+00  1.32799995e+00  1.34800005e+00  1.36099994e+00  1.34800005e+00
  1.38000000e+00  1.34800005e+00  1.41900003e+00  1.34800005e+00  1.41900003e+00
  1.30999994e+00  1.37199998e+00  1.30999994e+00  1.37199998e+00  1.29200006e+00
  1.60800004e+00  1.09500003e+00  1.64699996e+00  1.07700002e+00  1.78499997e+00
  1.07700002e+00  2.06999993e+00  1.03999996e+00  2.12800002e+00  9.92999971e-01
  2.24499989e+00  7.08999991e-01  2.32299995e+00  5.18999994e-01  2.37700009e+00
  3.88999999e-01  2.35200000e+00  4.00000006e-01  2.35100007e+00  3.37000012e-01
  2.35100007e+00  2.04999998e-01  2.35400009e+00  6.80000037e-02  2.35400009e+00
  0.00000000e+00  2.35400009e+00 -6.80000037e-02  2.35299993e+00 -2.04999998e-01
  2.35100007e+00 -3.37000012e-01  2.35299993e+00 -4.00000006e-01  2.37700009e+00
 -3.88999999e-01  2.13400006e+00 -9.72999990e-01  1.78600001e+00 -1.17400002e+00
  1.76800001e+00 -1.21099997e+00  1.76800001e+00 -1.25399995e+00  1.68200004e+00
 -1.25399995e+00  1.67400002e+00 -1.26199996e+00  1.67400002e+00 -1.32900000e+00
  1.68099999e+00 -1.33899999e+00  1.75399995e+00 -1.33899999e+00  1.75399995e+00
 -1.36800003e+00  1.68900001e+00 -1.36800003e+00  1.68900001e+00 -1.36600006e+00
  1.55499995e+00 -1.36600006e+00  1.41199994e+00 -1.36600006e+00  1.27300000e+00
 -1.36600006e+00  1.15300000e+00 -1.36600006e+00  1.01600003e+00 -1.22899997e+00
  1.01600003e+00 -8.00000012e-01  1.01600003e+00 -4.14999992e-01  1.01600003e+00
 -4.00000006e-01  1.01600003e+00  0.00000000e+00
    0 0.000000000e+00    0
  0.00000000e+00  1.39971927e-01  1.96212992e-01  2.36034796e-01  2.69879192e-01
  2.98227102e-01  3.23162794e-01  3.45159054e-01  3.65387172e-01  3.83785516e-01
  4.00869459e-01  4.17033076e-01  4.32194769e-01  4.46558177e-01  4.60390419e-01
  4.73627627e-01  4.86436635e-01  4.98758644e-01  5.10773182e-01  5.22510648e-01
  5.33917606e-01  5.45108914e-01  5.56077778e-01  5.66856802e-01  5.77465117e-01
  5.87927103e-01  5.98241329e-01  6.08419240e-01  6.18508697e-01  6.28504574e-01
  6.38373315e-01  6.48199856e-01  6.57954216e-01  6.67619824e-01  6.77255869e-01
  6.86827779e-01  6.96381390e-01  7.05901742e-01  7.15378761e-01  7.24851012e-01
  7.34327674e-01  7.43784249e-01  7.53261447e-01  7.62743771e-01  7.72262454e-01
  7.81808317e-01  7.91399598e-01  8.01052630e-01  8.10759008e-01  8.20568383e-01
  8.30461919e-01  8.40466678e-01  8.50621879e-01  8.60894024e-01  8.71385574e-01
  8.82044137e-01  8.93004417e-01  9.04201031e-01  9.15738702e-01  9.27663624e-01
  9.40121233e-01  9.53189552e-01  9.67009187e-01  9.82122183e-01  1.00000000e+00
    0
