   EFIT?   05/12/98      #102940   846             3  65  65
  1.70000005e+00  3.20000005e+00  1.69550002e+00  8.39999974e-01  0.00000000e+00
  1.75582504e+00  1.09462002e-02 -2.85746515e-01 -8.23988989e-02 -2.00259328e+00
  1.20827725e+06 -2.85746515e-01  0.00000000e+00  1.75582504e+00  0.00000000e+00
  1.09462002e-02  0.00000000e+00 -8.23988989e-02  0.00000000e+00  0.00000000e+00
 -3.43235850e+00 -3.43612504e+00 -3.43923378e+00 -3.44174647e+00 -3.44372010e+00
 -3.44520569e+00 -3.44625020e+00 -3.44689631e+00 -3.44718361e+00 -3.44714737e+00
 -3.44682121e+00 -3.44623542e+00 -3.44541836e+00 -3.44439602e+00 -3.44319320e+00
 -3.44183254e+00 -3.44033599e+00 -3.43872380e+00 -3.43701601e+00 -3.43523097e+00
 -3.43338728e+00 -3.43150210e+00 -3.42959118e+00 -3.42766905e+00 -3.42574859e+00
 -3.42384171e+00 -3.42195868e+00 -3.42010927e+00 -3.41830206e+00 -3.41654468e+00
 -3.41484356e+00 -3.41320515e+00 -3.41163445e+00 -3.41013622e+00 -3.40871406e+00
 -3.40737128e+00 -3.40611076e+00 -3.40493417e+00 -3.40384340e+00 -3.40283895e+00
 -3.40192151e+00 -3.40109062e+00 -3.40034580e+00 -3.39968538e+00 -3.39910793e+00
 -3.39861059e+00 -3.39819050e+00 -3.39784360e+00 -3.39756584e+00 -3.39735198e+00
 -3.39719605e+00 -3.39709115e+00 -3.39703012e+00 -3.39700413e+00 -3.39700365e+00
 -3.39701843e+00 -3.39703631e+00 -3.39704442e+00 -3.39702821e+00 -3.39697170e+00
 -3.39685702e+00 -3.39666510e+00 -3.39637375e+00 -3.39595985e+00 -3.39539695e+00
  3.91356328e+04  3.46406719e+04  3.06555801e+04  2.71417656e+04  2.40625469e+04
  2.13830762e+04  1.90702617e+04  1.70926934e+04  1.54205771e+04  1.40256699e+04
  1.28812129e+04  1.19618750e+04  1.12436992e+04  1.07040459e+04  1.03215488e+04
  1.00760615e+04  9.94861914e+03  9.92139062e+03  9.97764551e+03  1.01017129e+04
  1.02789492e+04  1.04957061e+04  1.07392979e+04  1.09979766e+04  1.12609062e+04
  1.15181357e+04  1.17605791e+04  1.19799971e+04  1.21689766e+04  1.23209160e+04
  1.24300088e+04  1.24912324e+04  1.25003369e+04  1.24538359e+04  1.23489971e+04
  1.21838379e+04  1.19571230e+04  1.16683564e+04  1.13177852e+04  1.09063975e+04
  1.04359268e+04  9.90885156e+03  9.32840723e+03  8.69858594e+03  8.02415186e+03
  7.31064697e+03  6.56440576e+03  5.79256836e+03  5.00309619e+03  4.20478955e+03
  3.40730664e+03  2.62118604e+03  1.85786792e+03  1.12972095e+03  4.50068115e+02
 -1.66782837e+02 -7.05508789e+02 -1.14973718e+03 -1.48201025e+03 -1.68374646e+03
 -1.73519983e+03 -1.61541626e+03 -1.30218799e+03 -7.72004272e+02  0.00000000e+00
  4.44199467e+00  3.70014191e+00  3.02656984e+00  2.41541910e+00  1.86137927e+00
  1.35964251e+00  9.05860543e-01  4.96107250e-01  1.26843676e-01 -2.05113083e-01
 -5.02617776e-01 -7.68222034e-01 -1.00419712e+00 -1.21255338e+00 -1.39505851e+00
 -1.55325270e+00 -1.68846250e+00 -1.80181193e+00 -1.89423299e+00 -1.96647382e+00
 -2.01922989e+00 -2.05395484e+00 -2.07235837e+00 -2.07600975e+00 -2.06634760e+00
 -2.04469442e+00 -2.01226616e+00 -1.97018480e+00 -1.91948712e+00 -1.86113405e+00
 -1.79601932e+00 -1.72497702e+00 -1.64878941e+00 -1.56819332e+00 -1.48388660e+00
 -1.39653480e+00 -1.30677640e+00 -1.21522903e+00 -1.12249434e+00 -1.02916360e+00
 -9.35822785e-01 -8.43057930e-01 -7.51460016e-01 -6.61630332e-01 -5.74185669e-01
 -4.89763886e-01 -4.09029335e-01 -3.32678825e-01 -2.61447787e-01 -1.96116596e-01
 -1.37517586e-01 -8.65422487e-02 -4.41491753e-02 -1.13724116e-02  1.06694028e-02
  2.07632110e-02  1.75908692e-02 -2.82451947e-04 -3.44208814e-02 -8.65316093e-02
 -1.58479899e-01 -2.52305508e-01 -3.70240569e-01 -5.14729321e-01 -6.88449621e-01
 -1.49805800e+06 -1.33135812e+06 -1.17711275e+06 -1.03470669e+06 -9.03550562e+05
 -7.83080000e+05 -6.72754000e+05 -5.72053938e+05 -4.80482250e+05 -3.97561469e+05
 -3.22833156e+05 -2.55856859e+05 -1.96209156e+05 -1.43482734e+05 -9.72855000e+04
 -5.72397031e+04 -2.29811211e+04  5.84176123e+03  2.95685078e+04  4.85274844e+04
  6.30365781e+04  7.34038984e+04  7.99284531e+04  8.29007969e+04  8.26036953e+04
  7.93127031e+04  7.32968203e+04  6.48190508e+04  5.41369727e+04  4.15033398e+04
  2.71666113e+04  1.13715000e+04 -5.64048486e+03 -2.36305078e+04 -4.23618828e+04
 -6.15995508e+04 -8.11095703e+04 -1.00658594e+05 -1.20013367e+05 -1.38940203e+05
 -1.57204453e+05 -1.74570062e+05 -1.90798969e+05 -2.05650594e+05 -2.18881375e+05
 -2.30244172e+05 -2.39487703e+05 -2.46356094e+05 -2.50588203e+05 -2.51917109e+05
 -2.50069516e+05 -2.44765125e+05 -2.35716078e+05 -2.22626250e+05 -2.05190656e+05
 -1.83094766e+05 -1.56013781e+05 -1.23611984e+05 -8.55419375e+04 -4.14437383e+04
  9.05573145e+03  6.63436797e+04  1.30822227e+05  2.02909312e+05  2.83039562e+05
 -4.25340421e-02 -4.94219437e-02 -5.67915142e-02 -6.45850748e-02 -7.26452470e-02
 -8.06995034e-02 -8.81354883e-02 -9.47228298e-02 -1.02620214e-01 -8.97402465e-02
 -8.25167522e-02 -7.74224624e-02 -7.45641887e-02 -7.03685060e-02 -6.32064193e-02
 -5.89057803e-02 -5.25710396e-02 -4.34587561e-02 -3.70094515e-02 -2.71836743e-02
 -1.41193308e-02 -2.19445745e-03  9.37234238e-03  2.10349616e-02  3.31358612e-02
  4.60020006e-02  6.00115880e-02  7.56666809e-02  9.36954618e-02  1.14960618e-01
  1.34927809e-01  1.45748973e-01  1.55925304e-01  1.56739816e-01  1.56867236e-01
  1.46312788e-01  1.34841904e-01  1.26417473e-01  1.20240569e-01  1.15681723e-01
  1.12336814e-01  1.09937467e-01  1.08296596e-01  1.07277088e-01  1.06773518e-01
  1.06701218e-01  1.06989577e-01  1.07577689e-01  1.08411439e-01  1.09441586e-01
  1.10622481e-01  1.11911319e-01  1.13267817e-01  1.14654168e-01  1.16035260e-01
  1.17379099e-01  1.18657254e-01  1.19845383e-01  1.20923609e-01  1.21876813e-01
  1.22694664e-01  1.23371534e-01  1.23906076e-01  1.24300756e-01  1.24561206e-01
 -4.93429117e-02 -5.77251911e-02 -6.71060532e-02 -7.76193589e-02 -8.89990851e-02
 -1.00485675e-01 -1.14498675e-01 -1.14097968e-01 -1.12895548e-01 -1.00934744e-01
 -9.08730254e-02 -8.32838565e-02 -7.73444474e-02 -7.14021325e-02 -6.48872554e-02
 -5.88424280e-02 -5.19949012e-02 -4.40957285e-02 -3.62276472e-02 -2.69356258e-02
 -1.61503889e-02 -5.18527161e-03  5.91220381e-03  1.73211079e-02  2.92685162e-02
  4.20244783e-02  5.59307858e-02  7.14567974e-02  8.92993808e-02  1.10396981e-01
  1.30585223e-01  1.40899122e-01  1.51597574e-01  1.52055308e-01  1.52956873e-01
  1.42307490e-01  1.31261736e-01  1.23285174e-01  1.17514998e-01  1.13343917e-01
  1.10383928e-01  1.08374581e-01  1.07132472e-01  1.06522381e-01  1.06439956e-01
  1.06801003e-01  1.07534572e-01  1.08578451e-01  1.09876111e-01  1.11374661e-01
  1.13023609e-01  1.14774130e-01  1.16578907e-01  1.18392400e-01  1.20171472e-01
  1.21876277e-01  1.23471312e-01  1.24926455e-01  1.26217812e-01  1.27328292e-01
  1.28247783e-01  1.28972948e-01  1.29506543e-01  1.29856482e-01  1.30034760e-01
 -5.41761555e-02 -6.34403154e-02 -7.41809607e-02 -8.71203691e-02 -1.03416406e-01
 -1.12769142e-01 -1.18284225e-01 -1.14861317e-01 -1.08569518e-01 -9.90896970e-02
 -9.01943296e-02 -8.25330839e-02 -7.56910220e-02 -6.92344829e-02 -6.28556609e-02
 -5.63597642e-02 -4.95603904e-02 -4.23261225e-02 -3.45784500e-02 -2.62265168e-02
 -1.72657445e-02 -7.79332872e-03  2.12286389e-03  1.24954088e-02  2.33985987e-02
  3.49456556e-02  4.72728759e-02  6.05195798e-02  7.47679844e-02  8.97288993e-02
  1.03310250e-01  1.13369495e-01  1.20791599e-01  1.24235921e-01  1.24886453e-01
  1.21547706e-01  1.16727591e-01  1.12491086e-01  1.09159566e-01  1.06706761e-01
  1.05045199e-01  1.04081206e-01  1.03728577e-01  1.03911169e-01  1.04561761e-01
  1.05620004e-01  1.07030235e-01  1.08739525e-01  1.10696055e-01  1.12847894e-01
  1.15142174e-01  1.17524728e-01  1.19940333e-01  1.22333504e-01  1.24649867e-01
  1.26838058e-01  1.28851920e-01  1.30652532e-01  1.32210150e-01  1.33505359e-01
  1.34529427e-01  1.35283917e-01  1.35779396e-01  1.36033595e-01  1.36069372e-01
 -5.64257689e-02 -6.53236434e-02 -7.53537193e-02 -8.70572254e-02 -1.00451902e-01
 -1.06089987e-01 -1.05605498e-01 -1.01749554e-01 -9.62119550e-02 -9.03230160e-02
 -8.42821151e-02 -7.82806650e-02 -7.23792985e-02 -6.65267631e-02 -6.06270060e-02
 -5.45779690e-02 -4.82862033e-02 -4.16741595e-02 -3.46837342e-02 -2.72783320e-02
 -1.94459166e-02 -1.11941788e-02 -2.53564096e-03  6.52443850e-03  1.59884878e-02
  2.58557070e-02  3.61003242e-02  4.66344021e-02  5.72477244e-02  6.75383657e-02
  7.69323483e-02  8.48953277e-02  9.10973251e-02  9.53985751e-02  9.78609249e-02
  9.87637937e-02  9.86365974e-02  9.80726406e-02  9.75023359e-02  9.71679091e-02
  9.71870273e-02  9.76074934e-02  9.84395966e-02  9.96734202e-02  1.01287805e-01
  1.03254683e-01  1.05540924e-01  1.08108833e-01  1.10915877e-01  1.13914117e-01
  1.17049657e-01  1.20262355e-01  1.23486243e-01  1.26650885e-01  1.29683927e-01
  1.32514685e-01  1.35078534e-01  1.37321398e-01  1.39203608e-01  1.40702337e-01
  1.41812518e-01  1.42545685e-01  1.42927319e-01  1.42993048e-01  1.42784506e-01
 -5.69123887e-02 -6.44954368e-02 -7.21220225e-02 -7.97152594e-02 -8.65342766e-02
 -8.97658765e-02 -8.96013528e-02 -8.78924131e-02 -8.50949511e-02 -8.15267041e-02
 -7.74470791e-02 -7.30305612e-02 -6.83770701e-02 -6.35271668e-02 -5.84807843e-02
 -5.32149822e-02 -4.76974584e-02 -4.18956764e-02 -3.57827544e-02 -2.93409042e-02
 -2.25628559e-02 -1.54512404e-02 -8.01683497e-03 -2.77822721e-04  7.73777394e-03
  1.59853511e-02  2.43927371e-02  3.28465216e-02  4.11805212e-02  4.91765812e-02
  5.65890595e-02  6.31908104e-02  6.88189939e-02  7.34036937e-02  7.69797340e-02
  7.96836540e-02  8.17303285e-02  8.33668485e-02  8.48228037e-02  8.62809494e-02
  8.78719315e-02  8.96820948e-02  9.17643756e-02  9.41477343e-02  9.68439057e-02
  9.98517573e-02  1.03159659e-01  1.06746420e-01  1.10581107e-01  1.14622056e-01
  1.18815504e-01  1.23094156e-01  1.27376631e-01  1.31568521e-01  1.35566145e-01
  1.39263362e-01  1.42560601e-01  1.45374671e-01  1.47647113e-01  1.49349540e-01
  1.50485292e-01  1.51086867e-01  1.51209503e-01  1.50922701e-01  1.50301278e-01
 -5.79357594e-02 -6.44664168e-02 -6.94659576e-02 -7.32496381e-02 -7.61053711e-02
 -7.78461993e-02 -7.83540234e-02 -7.77593851e-02 -7.62710124e-02 -7.40778893e-02
 -7.13341236e-02 -6.81573823e-02 -6.46299273e-02 -6.08027726e-02 -5.67020886e-02
 -5.23365848e-02 -4.77044322e-02 -4.27991301e-02 -3.76139730e-02 -3.21452953e-02
 -2.63945460e-02 -2.03696266e-02 -1.40858926e-02 -7.56748160e-03 -8.49454897e-04
  6.01910753e-03  1.29715698e-02  1.99210718e-02  2.67608501e-02  3.33698541e-02
  3.96247692e-02  4.54166681e-02  5.06680124e-02  5.53454868e-02  5.94658703e-02
  6.30937144e-02  6.63309693e-02  6.93008155e-02  7.21302629e-02  7.49363452e-02
  7.78183192e-02  8.08553249e-02  8.41073692e-02  8.76178890e-02  9.14162993e-02
  9.55200940e-02  9.99359861e-02  1.04659960e-01  1.09676138e-01  1.14954337e-01
  1.20446250e-01  1.26080409e-01  1.31757051e-01  1.37344867e-01  1.42683789e-01
  1.47597373e-01  1.51914269e-01  1.55491516e-01  1.58232808e-01  1.60099477e-01
  1.61114141e-01  1.61355659e-01  1.60943419e-01  1.60015017e-01  1.58705339e-01
 -6.22320697e-02 -7.05215335e-02 -6.99023977e-02 -6.95364401e-02 -7.02527761e-02
 -7.08518624e-02 -7.10129365e-02 -7.06361756e-02 -6.97197542e-02 -6.83051795e-02
 -6.64476678e-02 -6.42009228e-02 -6.16098940e-02 -5.87082878e-02 -5.55188321e-02
 -5.20551950e-02 -4.83246259e-02 -4.43307385e-02 -4.00760919e-02 -3.55643779e-02
 -3.08021810e-02 -2.58004200e-02 -2.05755904e-02 -1.51509289e-02 -9.55759268e-03
 -3.83571140e-03  1.96499377e-03  7.78559223e-03  1.35599468e-02  1.92187913e-02
  2.46958118e-02  2.99349520e-02  3.48975547e-02  3.95678394e-02  4.39554825e-02
  4.80947867e-02  5.20405844e-02  5.58618382e-02  5.96344024e-02  6.34344742e-02
  6.73336983e-02  7.13963062e-02  7.56778643e-02  8.02253261e-02  8.50775242e-02
  9.02658254e-02  9.58143920e-02  1.01739787e-01  1.08049259e-01  1.14737205e-01
  1.21778600e-01  1.29118100e-01  1.36653155e-01  1.44211501e-01  1.51532099e-01
  1.58279568e-01  1.64116740e-01  1.68777674e-01  1.72093511e-01  1.74001783e-01
  1.74560398e-01  1.73956662e-01  1.72469720e-01  1.70387834e-01  1.67951941e-01
 -5.58798276e-02 -6.11171909e-02 -6.38993680e-02 -6.50046766e-02 -6.54754713e-02
 -6.56927526e-02 -6.56859800e-02 -6.54126331e-02 -6.48386404e-02 -6.39501587e-02
 -6.27487153e-02 -6.12443127e-02 -5.94499335e-02 -5.73780946e-02 -5.50391376e-02
 -5.24407886e-02 -4.95885722e-02 -4.64867130e-02 -4.31392565e-02 -3.95512022e-02
 -3.57296094e-02 -3.16845477e-02 -2.74299290e-02 -2.29842160e-02 -1.83708947e-02
 -1.36186825e-02 -8.76128022e-03 -3.83646716e-03  1.11558568e-03  6.05485355e-03
  1.09446840e-02  1.57553367e-02  2.04673093e-02  2.50738617e-02  2.95822956e-02
  3.40137519e-02  3.84015962e-02  4.27887738e-02  4.72246185e-02  5.17617501e-02
  5.64534366e-02  6.13517724e-02  6.65066317e-02  7.19653592e-02  7.77730197e-02
  8.39729384e-02  9.06073973e-02  9.77181718e-02  1.05346516e-01  1.13531932e-01
  1.22308150e-01  1.31693080e-01  1.41665131e-01  1.52111053e-01  1.62714094e-01
  1.72576681e-01  1.80838093e-01  1.87130362e-01  1.91201746e-01  1.92921698e-01
  1.92274496e-01  1.89627901e-01  1.85949773e-01  1.81835100e-01  1.77644402e-01
 -5.70718199e-02 -6.41966164e-02 -6.29303232e-02 -6.15148358e-02 -6.12957180e-02
 -6.13050908e-02 -6.13207482e-02 -6.12472408e-02 -6.10270910e-02 -6.06226772e-02
 -6.00101985e-02 -5.91756925e-02 -5.81116863e-02 -5.68146184e-02 -5.52829988e-02
 -5.35163321e-02 -5.15146479e-02 -4.92784865e-02 -4.68091406e-02 -4.41091247e-02
 -4.11826521e-02 -3.80361564e-02 -3.46787125e-02 -3.11223548e-02 -2.73822416e-02
 -2.34765485e-02 -1.94260795e-02 -1.52535010e-02 -1.09821735e-02 -6.63462281e-03
 -2.23075761e-03  2.21400359e-03  6.69043791e-03  1.11968359e-02  1.57397445e-02
  2.03340314e-02  2.50023231e-02  2.97739264e-02  3.46834846e-02  3.97695899e-02
  4.50735688e-02  5.06386571e-02  5.65096214e-02  6.27329126e-02  6.93573356e-02
  7.64353275e-02  8.40248317e-02  9.21919569e-02  1.01014636e-01  1.10587761e-01
  1.21030651e-01  1.32498339e-01  1.45199388e-01  1.59417138e-01  1.75392434e-01
  1.91341028e-01  2.02192783e-01  2.11481661e-01  2.16423690e-01  2.17737526e-01
  2.16091752e-01  2.08517715e-01  2.00474620e-01  1.93173528e-01  1.86634690e-01
 -4.88766916e-02 -5.35533056e-02 -5.57790585e-02 -5.64595871e-02 -5.67326695e-02
 -5.70027828e-02 -5.73119372e-02 -5.76156378e-02 -5.78606576e-02 -5.80021553e-02
 -5.80058210e-02 -5.78464605e-02 -5.75058833e-02 -5.69709316e-02 -5.62319495e-02
 -5.52816503e-02 -5.41144349e-02 -5.27260043e-02 -5.11132777e-02 -4.92744409e-02
 -4.72091399e-02 -4.49186750e-02 -4.24062163e-02 -3.96769270e-02 -3.67379934e-02
 -3.35984975e-02 -3.02690994e-02 -2.67615262e-02 -2.30878200e-02 -1.92594323e-02
 -1.52861858e-02 -1.11752022e-02 -6.92991307e-03 -2.54926970e-03  1.97277591e-03
  6.64746435e-03  1.14911227e-02  1.65248215e-02  2.17739083e-02  2.72675082e-02
  3.30381393e-02  3.91215570e-02  4.55569066e-02  5.23873158e-02  5.96610047e-02
  6.74330965e-02  7.57683292e-02  8.47450495e-02  9.44611505e-02  1.05043143e-01
  1.16660424e-01  1.29548952e-01  1.44052520e-01  1.60693452e-01  1.80184677e-01
  2.01221645e-01  2.15755492e-01  2.27299228e-01  2.34232441e-01  2.35546798e-01
  2.34021127e-01  2.24022716e-01  2.11966395e-01  2.01512143e-01  1.92797184e-01
 -4.64223288e-02 -5.22819199e-02 -5.23724928e-02 -5.16010001e-02 -5.18709645e-02
 -5.25324196e-02 -5.33576719e-02 -5.42354695e-02 -5.50961308e-02 -5.58907576e-02
 -5.65832555e-02 -5.71462438e-02 -5.75584993e-02 -5.78031652e-02 -5.78664877e-02
 -5.77369034e-02 -5.74044287e-02 -5.68602756e-02 -5.60966916e-02 -5.51069267e-02
 -5.38852923e-02 -5.24273030e-02 -5.07297888e-02 -4.87909913e-02 -4.66106348e-02
 -4.41898592e-02 -4.15310822e-02 -3.86377349e-02 -3.55138220e-02 -3.21634188e-02
 -2.85900254e-02 -2.47958824e-02 -2.07812991e-02 -1.65440626e-02 -1.20789986e-02
 -7.37776421e-03 -2.42874632e-03  2.78294133e-03  8.27541761e-03  1.40699940e-02
  2.01911982e-02  2.66669411e-02  3.35289091e-02  4.08132523e-02  4.85617034e-02
  5.68232164e-02  6.56563342e-02  7.51325637e-02  8.53411257e-02  9.63956043e-02
  1.08443245e-01  1.21677168e-01  1.36351064e-01  1.52794316e-01  1.71446905e-01
  1.92950323e-01  2.12786242e-01  2.23338351e-01  2.34219790e-01  2.35394880e-01
  2.35237181e-01  2.28782386e-01  2.15303749e-01  2.03341767e-01  1.93705916e-01
 -3.62644307e-02 -4.05122042e-02 -4.29677404e-02 -4.45189551e-02 -4.60419729e-02
 -4.76693548e-02 -4.93484288e-02 -5.10250255e-02 -5.26589714e-02 -5.42197675e-02
 -5.56829236e-02 -5.70278950e-02 -5.82368895e-02 -5.92940375e-02 -6.01848327e-02
 -6.08956628e-02 -6.14135191e-02 -6.17257692e-02 -6.18201010e-02 -6.16845600e-02
 -6.13077395e-02 -6.06789440e-02 -5.97883537e-02 -5.86271808e-02 -5.71878627e-02
 -5.54641970e-02 -5.34513965e-02 -5.11460975e-02 -4.85462062e-02 -4.56506610e-02
 -4.24590521e-02 -3.89710851e-02 -3.51859443e-02 -3.11016124e-02 -2.67143976e-02
 -2.20189523e-02 -1.70081686e-02 -1.16729634e-02 -6.00205548e-03  1.81957384e-05
  6.40395610e-03  1.31741548e-02  2.03508176e-02  2.79595573e-02  3.60302329e-02
  4.45978642e-02  5.37037961e-02  6.33971319e-02  7.37364665e-02  8.47916529e-02
  9.66454297e-02  1.09394148e-01  1.23146743e-01  1.38022080e-01  1.54154927e-01
  1.71825930e-01  1.92452148e-01  2.04385579e-01  2.11797327e-01  2.20601484e-01
  2.16551125e-01  2.18800321e-01  2.06764296e-01  1.95755512e-01  1.87721491e-01
 -2.63476837e-02 -2.98413448e-02 -3.34297195e-02 -3.68421823e-02 -3.99430431e-02
 -4.28128839e-02 -4.55299653e-02 -4.81325611e-02 -5.06337471e-02 -5.30337319e-02
 -5.53262755e-02 -5.75017594e-02 -5.95486909e-02 -6.14543594e-02 -6.32051304e-02
 -6.47865608e-02 -6.61833435e-02 -6.73792958e-02 -6.83573782e-02 -6.90997913e-02
 -6.95888698e-02 -6.98071942e-02 -6.97377026e-02 -6.93640411e-02 -6.86709508e-02
 -6.76446930e-02 -6.62734583e-02 -6.45476133e-02 -6.24599345e-02 -6.00056387e-02
 -5.71823008e-02 -5.39893769e-02 -5.04272766e-02 -4.64957654e-02 -4.21924591e-02
 -3.75152305e-02 -3.24621089e-02 -2.70304680e-02 -2.12162510e-02 -1.50139211e-02
 -8.41633976e-03 -1.41458330e-03  6.00219658e-03  1.38468882e-02  2.21345164e-02
  3.08822729e-02  4.01094034e-02  4.98367809e-02  6.00859113e-02  7.08768964e-02
  8.22245553e-02  9.41313803e-02  1.06574923e-01  1.19484484e-01  1.32693812e-01
  1.45831019e-01  1.58112302e-01  1.68462098e-01  1.76406488e-01  1.81811973e-01
  1.84568107e-01  1.84911922e-01  1.83028042e-01  1.79767787e-01  1.76167130e-01
 -1.84398815e-02 -2.14258451e-02 -2.61224397e-02 -3.07626929e-02 -3.48795243e-02
 -3.87055576e-02 -4.23357859e-02 -4.58186232e-02 -4.91795950e-02 -5.24304099e-02
 -5.55738956e-02 -5.86069487e-02 -6.15223125e-02 -6.43095896e-02 -6.69558123e-02
 -6.94457293e-02 -7.17619434e-02 -7.38845915e-02 -7.57916048e-02 -7.74560124e-02
 -7.88537115e-02 -7.99601004e-02 -8.07498172e-02 -8.11975002e-02 -8.12787935e-02
 -8.09712559e-02 -8.02551284e-02 -7.91139975e-02 -7.75353983e-02 -7.55114108e-02
 -7.30392635e-02 -7.01216310e-02 -6.67657033e-02 -6.29783571e-02 -5.87498397e-02
 -5.40815778e-02 -4.89796549e-02 -4.34504598e-02 -3.74972820e-02 -3.11229918e-02
 -2.43300460e-02 -1.71199199e-02 -9.49328486e-03 -1.45026960e-03  7.00918352e-03
  1.58847496e-02  2.51748115e-02  3.48750204e-02  4.49760556e-02  5.54601997e-02
  6.62961304e-02  7.74311647e-02  8.87799338e-02  1.00208335e-01  1.11513495e-01
  1.22407340e-01  1.32527798e-01  1.41504928e-01  1.49051100e-01  1.55000970e-01
  1.59312859e-01  1.62068516e-01  1.63470745e-01  1.63829058e-01  1.63488224e-01
 -1.44620668e-02 -1.78301763e-02 -2.19711103e-02 -2.65270006e-02 -3.11134588e-02
 -3.55994366e-02 -3.99691015e-02 -4.42324691e-02 -4.84005138e-02 -5.24798110e-02
 -5.64720221e-02 -6.03744164e-02 -6.41804263e-02 -6.78799897e-02 -7.14597255e-02
 -7.49031752e-02 -7.81917125e-02 -8.13009143e-02 -8.42130855e-02 -8.68643895e-02
 -8.92365351e-02 -9.12986249e-02 -9.30142477e-02 -9.43456441e-02 -9.52562615e-02
 -9.57123935e-02 -9.56842303e-02 -9.51466709e-02 -9.40801203e-02 -9.24717337e-02
 -9.03176218e-02 -8.76271427e-02 -8.44315588e-02 -8.08020681e-02 -7.66229182e-02
 -7.19225779e-02 -6.67306706e-02 -6.10745326e-02 -5.49552366e-02 -4.83839884e-02
 -4.13747653e-02 -3.39387916e-02 -2.60873698e-02 -1.78324077e-02 -9.18693747e-03
 -1.65821286e-04  9.21315700e-03  1.89277250e-02  2.89489236e-02  3.92381661e-02
  4.97434027e-02  6.03943616e-02  7.10971802e-02  8.17292780e-02  9.21365991e-02
  1.02136783e-01  1.11532032e-01  1.20131716e-01  1.27778083e-01  1.34366348e-01
  1.39855281e-01  1.44269124e-01  1.47691607e-01  1.50250673e-01  1.52094856e-01
 -8.91659688e-03 -1.19035589e-02 -1.75082311e-02 -2.30655819e-02 -2.82599833e-02
 -3.33506092e-02 -3.83819565e-02 -4.33638953e-02 -4.82985713e-02 -5.31853102e-02
 -5.80213554e-02 -6.28018156e-02 -6.75193071e-02 -7.21632913e-02 -7.67188892e-02
 -8.11651126e-02 -8.54948387e-02 -8.96346346e-02 -9.35730413e-02 -9.72722992e-02
 -1.00687370e-01 -1.03768803e-01 -1.06466115e-01 -1.08730547e-01 -1.10517040e-01
 -1.11785375e-01 -1.12500846e-01 -1.12634502e-01 -1.12163231e-01 -1.11069947e-01
 -1.09343857e-01 -1.06980868e-01 -1.03983432e-01 -1.00357696e-01 -9.61014628e-02
 -9.12409425e-02 -8.58411789e-02 -8.00347924e-02 -7.36910924e-02 -6.68560117e-02
 -5.95746636e-02 -5.18578552e-02 -4.37256880e-02 -3.52001265e-02 -2.63048876e-02
 -1.70657355e-02 -7.51134288e-03  2.32544774e-03  1.24060046e-02  2.26839446e-02
  3.31029259e-02  4.35944162e-02  5.40758148e-02  6.44496456e-02  7.46046007e-02
  8.44194293e-02  9.37699378e-02  1.02538519e-01  1.10624418e-01  1.17952414e-01
  1.24478377e-01  1.30190775e-01  1.35108158e-01  1.39273062e-01  1.42743543e-01
 -7.23356660e-03 -1.08135110e-02 -1.53939463e-02 -2.06414163e-02 -2.61598174e-02
 -3.17763090e-02 -3.74353938e-02 -4.31153588e-02 -4.88041230e-02 -5.44932410e-02
 -6.01760000e-02 -6.58463985e-02 -7.14983419e-02 -7.71246254e-02 -8.27148706e-02
 -8.81731287e-02 -9.35179293e-02 -9.87213850e-02 -1.03737973e-01 -1.08509824e-01
 -1.12973519e-01 -1.17065035e-01 -1.20723300e-01 -1.23892501e-01 -1.26523450e-01
 -1.28574058e-01 -1.30009279e-01 -1.30800694e-01 -1.30925789e-01 -1.30367383e-01
 -1.29112795e-01 -1.27153292e-01 -1.24483317e-01 -1.21099979e-01 -1.17003538e-01
 -1.12202927e-01 -1.06719129e-01 -1.00584961e-01 -9.38327685e-02 -8.65556672e-02
 -7.89476410e-02 -7.08638355e-02 -6.23597577e-02 -5.34679070e-02 -4.42217514e-02
 -3.46549377e-02 -2.48027537e-02 -1.47029934e-02 -4.39716829e-03  6.06828881e-03
  1.66407730e-02  2.72604413e-02  3.78596149e-02  4.83629294e-02  5.86885028e-02
  6.87502325e-02  7.84612373e-02  8.77379701e-02  9.65044498e-02  1.04695879e-01
  1.12261102e-01  1.19163595e-01  1.25381157e-01  1.30904615e-01  1.35736078e-01
 -2.43068254e-03 -5.68481628e-03 -1.18926512e-02 -1.82172321e-02 -2.43833568e-02
 -3.06271277e-02 -3.69592160e-02 -4.33624014e-02 -4.98203933e-02 -5.63217141e-02
 -6.28589466e-02 -6.94277287e-02 -7.60266855e-02 -8.26591179e-02 -8.92101899e-02
 -9.57008675e-02 -1.02111392e-01 -1.08391874e-01 -1.14474647e-01 -1.20283559e-01
 -1.25741124e-01 -1.30773619e-01 -1.35314241e-01 -1.39304802e-01 -1.42696336e-01
 -1.45448789e-01 -1.47530228e-01 -1.48915827e-01 -1.49586692e-01 -1.49528712e-01
 -1.48731440e-01 -1.47187233e-01 -1.44890398e-01 -1.41836673e-01 -1.38023391e-01
 -1.33450344e-01 -1.28121078e-01 -1.22044526e-01 -1.15238763e-01 -1.07742056e-01
 -9.96196195e-02 -9.09562483e-02 -8.19519088e-02 -7.25640506e-02 -6.28386289e-02
 -5.28120212e-02 -4.25230116e-02 -3.20100635e-02 -2.13133171e-02 -1.04747694e-02
  4.60560026e-04  1.14437705e-02  2.24217027e-02  3.33370492e-02  4.41289134e-02
  5.47337607e-02  6.50866106e-02  7.51222968e-02  8.47764984e-02  9.39864218e-02
  1.02691047e-01  1.10831194e-01  1.18349895e-01  1.25193670e-01  1.31315246e-01
 -9.24151333e-04 -4.75650281e-03 -9.95392818e-03 -1.61392130e-02 -2.28271466e-02
 -2.97620334e-02 -3.68386209e-02 -4.40137498e-02 -5.12688458e-02 -5.85956648e-02
 -6.59904554e-02 -7.34509900e-02 -8.09745491e-02 -8.85562971e-02 -9.61116254e-02
 -1.03641152e-01 -1.11099474e-01 -1.18413471e-01 -1.25496253e-01 -1.32257417e-01
 -1.38610318e-01 -1.44476548e-01 -1.49788365e-01 -1.54489398e-01 -1.58534423e-01
 -1.61888197e-01 -1.64524123e-01 -1.66422650e-01 -1.67569727e-01 -1.67955533e-01
 -1.67573184e-01 -1.66417867e-01 -1.64486021e-01 -1.61774799e-01 -1.58281744e-01
 -1.54004633e-01 -1.48941621e-01 -1.43091857e-01 -1.36457220e-01 -1.29045978e-01
 -1.20877810e-01 -1.11991763e-01 -1.02462701e-01 -9.24053565e-02 -8.20634663e-02
 -7.14333877e-02 -6.05669022e-02 -4.94960472e-02 -3.82588431e-02 -2.68886890e-02
 -1.54199153e-02 -3.88914393e-03  7.66454916e-03  1.91998053e-02  3.06731649e-02
  4.20391150e-02  5.32498732e-02  6.42547309e-02  7.49987215e-02  8.54205713e-02
  9.54500064e-02  1.05004989e-01  1.13990106e-01  1.22298270e-01  1.29817650e-01
  4.42613522e-03  9.50549205e-04 -5.56791434e-03 -1.33709507e-02 -2.12564301e-02
 -2.91431155e-02 -3.70684527e-02 -4.50564325e-02 -5.31215109e-02 -6.12742119e-02
 -6.95231408e-02 -7.78746977e-02 -8.63301754e-02 -9.48083475e-02 -1.03325069e-01
 -1.11839466e-01 -1.20274149e-01 -1.28532097e-01 -1.36509836e-01 -1.44106910e-01
 -1.51232108e-01 -1.57806784e-01 -1.63766116e-01 -1.69058815e-01 -1.73645943e-01
 -1.77499026e-01 -1.80598155e-01 -1.82929888e-01 -1.84485450e-01 -1.85259193e-01
 -1.85247377e-01 -1.84447393e-01 -1.82857215e-01 -1.80475086e-01 -1.77299380e-01
 -1.73328280e-01 -1.68559656e-01 -1.62990659e-01 -1.56617820e-01 -1.49437681e-01
 -1.41448826e-01 -1.32656366e-01 -1.23080343e-01 -1.12768874e-01 -1.01820506e-01
 -9.03980732e-02 -7.88372830e-02 -6.70721233e-02 -5.51759191e-02 -4.31537516e-02
 -3.10243499e-02 -1.88115984e-02 -6.54118229e-03  5.76068275e-03  1.80675425e-02
  3.03523764e-02  4.25866507e-02  5.47384694e-02  6.67694733e-02  7.86299109e-02
  9.02513638e-02  1.01536937e-01  1.12349927e-01  1.22505859e-01  1.31779209e-01
  8.15725606e-03  4.90436377e-03 -2.72036553e-03 -1.16775613e-02 -2.04411317e-02
 -2.91237161e-02 -3.78134064e-02 -4.65573221e-02 -5.53866252e-02 -6.43259063e-02
 -7.33979642e-02 -8.26280713e-02 -9.18938220e-02 -1.01251379e-01 -1.10677861e-01
 -1.20098896e-01 -1.29410774e-01 -1.38497785e-01 -1.47245035e-01 -1.55546874e-01
 -1.63311794e-01 -1.70464471e-01 -1.76945955e-01 -1.82712391e-01 -1.87733024e-01
 -1.91987798e-01 -1.95464671e-01 -1.98157102e-01 -2.00061902e-01 -2.01177329e-01
 -2.01501891e-01 -2.01033652e-01 -1.99770063e-01 -1.97708145e-01 -1.94844872e-01
 -1.91177562e-01 -1.86703861e-01 -1.81421474e-01 -1.75327450e-01 -1.68417290e-01
 -1.60684466e-01 -1.52121142e-01 -1.42721355e-01 -1.32488385e-01 -1.21448226e-01
 -1.09670505e-01 -9.73007828e-02 -8.45807418e-02 -7.20084980e-02 -5.92693165e-02
 -4.63968776e-02 -3.34144309e-02 -2.03388650e-02 -7.18246168e-03  6.04619598e-03
  1.93415657e-02  3.27002332e-02  4.61192951e-02  5.95933460e-02  7.31088892e-02
  8.66342410e-02  1.00101292e-01  1.13373630e-01  1.26192033e-01  1.38086915e-01
  7.98801240e-03  4.09335410e-03 -2.88056722e-03 -1.15486495e-02 -2.06531230e-02
 -2.98722629e-02 -3.91663425e-02 -4.85507324e-02 -5.80499731e-02 -6.76884353e-02
 -7.74888992e-02 -8.74730125e-02 -9.75471213e-02 -1.07740305e-01 -1.18000723e-01
 -1.28228530e-01 -1.38300627e-01 -1.48088783e-01 -1.57471880e-01 -1.66343242e-01
 -1.74614310e-01 -1.82215691e-01 -1.89096317e-01 -1.95221588e-01 -2.00570673e-01
 -2.05133423e-01 -2.08907127e-01 -2.11893335e-01 -2.14095116e-01 -2.15514734e-01
 -2.16152310e-01 -2.16005147e-01 -2.15067908e-01 -2.13333398e-01 -2.10793748e-01
 -2.07441702e-01 -2.03271568e-01 -1.98279694e-01 -1.92463994e-01 -1.85822725e-01
 -1.78352535e-01 -1.70046598e-01 -1.60893917e-01 -1.50881112e-01 -1.39999226e-01
 -1.28257781e-01 -1.15709759e-01 -1.02489464e-01 -8.88688117e-02 -7.52933174e-02
 -6.15966655e-02 -4.77867685e-02 -3.38652544e-02 -1.98273137e-02 -5.66139678e-03
  8.65128823e-03  2.31374782e-02  3.78326178e-02  5.27814291e-02  6.80378079e-02
  8.36629122e-02  9.97183546e-02  1.16242394e-01  1.33156195e-01  1.49716616e-01
  1.06621683e-02  7.37674488e-03 -1.66683318e-03 -1.18279178e-02 -2.15744842e-02
 -3.12881209e-02 -4.10812981e-02 -5.09990714e-02 -6.10708259e-02 -7.13205636e-02
 -8.17679539e-02 -9.24253389e-02 -1.03226237e-01 -1.14161611e-01 -1.25148341e-01
 -1.36063054e-01 -1.46766976e-01 -1.57123253e-01 -1.67007908e-01 -1.76315874e-01
 -1.84963554e-01 -1.92889020e-01 -2.00050607e-01 -2.06424460e-01 -2.12001294e-01
 -2.16782644e-01 -2.20776796e-01 -2.23994687e-01 -2.26446450e-01 -2.28138596e-01
 -2.29072377e-01 -2.29243249e-01 -2.28641406e-01 -2.27253184e-01 -2.25062862e-01
 -2.22054750e-01 -2.18215480e-01 -2.13535681e-01 -2.08010599e-01 -2.01639533e-01
 -1.94423899e-01 -1.86363921e-01 -1.77455172e-01 -1.67686015e-01 -1.57038182e-01
 -1.45492867e-01 -1.33045658e-01 -1.19733840e-01 -1.05679199e-01 -9.11443233e-02
 -7.65968487e-02 -6.19551428e-02 -4.72058803e-02 -3.23279798e-02 -1.72913261e-02
 -2.05510575e-03  1.34349018e-02  2.92502642e-02  4.54854518e-02  6.22658953e-02
  7.97605962e-02  9.82047170e-02  1.17952913e-01  1.39696091e-01  1.66570157e-01
  7.20274169e-03  2.78530386e-03 -4.51574475e-03 -1.36053069e-02 -2.33336240e-02
 -3.33107561e-02 -4.34677750e-02 -5.38119189e-02 -6.43649772e-02 -7.51513019e-02
 -8.61982927e-02 -9.74113569e-02 -1.08828507e-01 -1.20391563e-01 -1.31983548e-01
 -1.43458784e-01 -1.54665306e-01 -1.65460095e-01 -1.75718322e-01 -1.85337946e-01
 -1.94241479e-01 -2.02375516e-01 -2.09709063e-01 -2.16230556e-01 -2.21944079e-01
 -2.26864755e-01 -2.31013685e-01 -2.34412238e-01 -2.37077251e-01 -2.39018321e-01
 -2.40236461e-01 -2.40724117e-01 -2.40465969e-01 -2.39440769e-01 -2.37623766e-01
 -2.34989509e-01 -2.31514633e-01 -2.27180362e-01 -2.21974105e-01 -2.15891063e-01
 -2.08933860e-01 -2.01109305e-01 -1.92423493e-01 -1.82876140e-01 -1.72456160e-01
 -1.61140740e-01 -1.48901284e-01 -1.35719672e-01 -1.21619612e-01 -1.06717110e-01
 -9.12915319e-02 -7.58669600e-02 -6.03650846e-02 -4.47526388e-02 -2.89862100e-02
 -1.30117619e-02  3.23962187e-03  1.98577549e-02  3.69613767e-02  5.47092333e-02
  7.33155757e-02  9.30709317e-02  1.14366993e-01  1.37735188e-01  1.64061382e-01
  9.87279322e-03  6.40978431e-03 -4.28343285e-03 -1.52413305e-02 -2.54734214e-02
 -3.57253551e-02 -4.61632758e-02 -5.68407290e-02 -6.77835271e-02 -7.90079311e-02
 -9.05204117e-02 -1.02249131e-01 -1.14202045e-01 -1.26290977e-01 -1.38375118e-01
 -1.50292605e-01 -1.61882237e-01 -1.72997415e-01 -1.83513984e-01 -1.93333998e-01
 -2.02386931e-01 -2.10629001e-01 -2.18041256e-01 -2.24626258e-01 -2.30403751e-01
 -2.35404387e-01 -2.39661366e-01 -2.43204176e-01 -2.46054694e-01 -2.48224795e-01
 -2.49715194e-01 -2.50515342e-01 -2.50604391e-01 -2.49952942e-01 -2.48526096e-01
 -2.46286854e-01 -2.43200079e-01 -2.39236251e-01 -2.34374240e-01 -2.28602737e-01
 -2.21920148e-01 -2.14334130e-01 -2.05858946e-01 -1.96508065e-01 -1.86286017e-01
 -1.75181806e-01 -1.63167253e-01 -1.50203660e-01 -1.36261627e-01 -1.21359244e-01
 -1.05624311e-01 -8.93808827e-02 -7.32457265e-02 -5.70513941e-02 -4.07421999e-02
 -2.42648888e-02 -7.55565194e-03  9.46730282e-03  2.69106701e-02  4.49149609e-02
  6.36673570e-02  8.34207311e-02  1.04517184e-01  1.27352938e-01  1.51546910e-01
  2.80866819e-03 -2.28236546e-03 -9.55687184e-03 -1.84334852e-02 -2.81657018e-02
 -3.83870937e-02 -4.89793196e-02 -5.99138066e-02 -7.11929128e-02 -8.28342736e-02
 -9.46904868e-02 -1.06837928e-01 -1.19230270e-01 -1.31744012e-01 -1.44215569e-01
 -1.56469464e-01 -1.68337628e-01 -1.79671481e-01 -1.90348685e-01 -2.00276226e-01
 -2.09391445e-01 -2.17661336e-01 -2.25080594e-01 -2.31668010e-01 -2.37459958e-01
 -2.42499769e-01 -2.46829778e-01 -2.50486046e-01 -2.53494918e-01 -2.55870759e-01
 -2.57614672e-01 -2.58714199e-01 -2.59143949e-01 -2.58867145e-01 -2.57838637e-01
 -2.56008834e-01 -2.53328651e-01 -2.49754831e-01 -2.45254591e-01 -2.39808783e-01
 -2.33412474e-01 -2.26073056e-01 -2.17807099e-01 -2.08637819e-01 -1.98586628e-01
 -1.87662050e-01 -1.75851539e-01 -1.63120121e-01 -1.49420023e-01 -1.34716585e-01
 -1.19036600e-01 -1.02544218e-01 -8.56411532e-02 -6.90637976e-02 -5.23987375e-02
 -3.56389880e-02 -1.87509712e-02 -1.68360060e-03  1.56289618e-02  3.32676359e-02
  5.13305627e-02  6.99377060e-02  8.92431885e-02  1.09469496e-01  1.30724564e-01
  2.79420731e-03 -1.98987825e-03 -1.04677686e-02 -2.03120038e-02 -3.04035023e-02
 -4.08296213e-02 -5.16243391e-02 -6.27950430e-02 -7.43480697e-02 -8.62937346e-02
 -9.85044390e-02 -1.11028321e-01 -1.23791315e-01 -1.36647969e-01 -1.49419636e-01
 -1.61921874e-01 -1.73982620e-01 -1.85453042e-01 -1.96213648e-01 -2.06177220e-01
 -2.15289846e-01 -2.23530442e-01 -2.30908722e-01 -2.37460166e-01 -2.43234113e-01
 -2.48283431e-01 -2.52657712e-01 -2.56398588e-01 -2.59536743e-01 -2.62089431e-01
 -2.64059216e-01 -2.65433192e-01 -2.66183108e-01 -2.66266584e-01 -2.65629560e-01
 -2.64210314e-01 -2.61944950e-01 -2.58774072e-01 -2.54649699e-01 -2.49540806e-01
 -2.43436202e-01 -2.36343488e-01 -2.28284359e-01 -2.19288483e-01 -2.09389284e-01
 -1.98615238e-01 -1.86976314e-01 -1.74455538e-01 -1.61010385e-01 -1.46588787e-01
 -1.31166309e-01 -1.14811867e-01 -9.77883264e-02 -8.06830600e-02 -6.36896044e-02
 -4.67678085e-02 -2.98813302e-02 -1.29994061e-02  3.90250632e-03  2.08396912e-02
  3.78102213e-02  5.47775030e-02  7.16325045e-02  8.81141797e-02  1.03688926e-01
  7.65903562e-04 -4.46624402e-03 -1.25311306e-02 -2.21601911e-02 -3.23633179e-02
 -4.29731309e-02 -5.39737456e-02 -6.53689131e-02 -7.71666989e-02 -8.93776640e-02
 -1.01897441e-01 -1.14739925e-01 -1.27806157e-01 -1.40933320e-01 -1.53931737e-01
 -1.66611046e-01 -1.78797051e-01 -1.90341875e-01 -2.01129660e-01 -2.11079538e-01
 -2.20147014e-01 -2.28323519e-01 -2.35634193e-01 -2.42127761e-01 -2.47863129e-01
 -2.52900481e-01 -2.57295251e-01 -2.61094004e-01 -2.64331341e-01 -2.67027855e-01
 -2.69188315e-01 -2.70800680e-01 -2.71835774e-01 -2.72247761e-01 -2.71975935e-01
 -2.70948291e-01 -2.69087195e-01 -2.66316622e-01 -2.62571067e-01 -2.57803947e-01
 -2.51993448e-01 -2.45143965e-01 -2.37281889e-01 -2.28447184e-01 -2.18683958e-01
 -2.08035439e-01 -1.96533650e-01 -1.84184536e-01 -1.70961678e-01 -1.56813055e-01
 -1.41686454e-01 -1.25579715e-01 -1.08622618e-01 -9.11901742e-02 -7.40233585e-02
 -5.70800081e-02 -4.03155982e-02 -2.37189271e-02 -7.29866931e-03  8.91739503e-03
  2.48761550e-02  4.04875726e-02  5.56091182e-02  7.00318813e-02  8.34835172e-02
  4.55323134e-05 -5.23476675e-03 -1.36375278e-02 -2.35757213e-02 -3.39889899e-02
 -4.47886437e-02 -5.59828021e-02 -6.75821155e-02 -7.95967355e-02 -9.20375809e-02
 -1.04815267e-01 -1.17916442e-01 -1.31222278e-01 -1.44556478e-01 -1.57721147e-01
 -1.70521781e-01 -1.82783172e-01 -1.94359004e-01 -2.05137387e-01 -2.15044037e-01
 -2.24043831e-01 -2.32140630e-01 -2.39372790e-01 -2.45798662e-01 -2.51484305e-01
 -2.56495506e-01 -2.60892391e-01 -2.64725566e-01 -2.68033296e-01 -2.70839304e-01
 -2.73150980e-01 -2.74958074e-01 -2.76231825e-01 -2.76924968e-01 -2.76972622e-01
 -2.76295274e-01 -2.74803787e-01 -2.72407174e-01 -2.69022375e-01 -2.64585465e-01
 -2.59060562e-01 -2.52444774e-01 -2.44765997e-01 -2.36073717e-01 -2.26426259e-01
 -2.15879664e-01 -2.04483002e-01 -1.92264482e-01 -1.79217920e-01 -1.65301904e-01
 -1.50455818e-01 -1.34638190e-01 -1.17893972e-01 -1.00454956e-01 -8.28637779e-02
 -6.60759658e-02 -4.94927168e-02 -3.31720337e-02 -1.71605628e-02 -1.50931207e-03
  1.37168756e-02  2.84328051e-02  4.25292067e-02  5.58736622e-02  6.83188438e-02
 -5.76654158e-04 -5.90792112e-03 -1.45695461e-02 -2.47362498e-02 -3.53122689e-02
 -4.62684929e-02 -5.76287061e-02 -6.94068745e-02 -8.16104636e-02 -9.42374095e-02
 -1.07216984e-01 -1.20517373e-01 -1.34004623e-01 -1.47491783e-01 -1.60774484e-01
 -1.73655063e-01 -1.85957775e-01 -1.97537988e-01 -2.08287641e-01 -2.18138665e-01
 -2.27064624e-01 -2.35080630e-01 -2.42234856e-01 -2.48592645e-01 -2.54225314e-01
 -2.59202838e-01 -2.63588995e-01 -2.67437637e-01 -2.70789981e-01 -2.73672551e-01
 -2.76095212e-01 -2.78049797e-01 -2.79508710e-01 -2.80424595e-01 -2.80730456e-01
 -2.80341893e-01 -2.79161334e-01 -2.77085572e-01 -2.74016380e-01 -2.69873083e-01
 -2.64604867e-01 -2.58198947e-01 -2.50681132e-01 -2.42107585e-01 -2.32549921e-01
 -2.22079188e-01 -2.10757241e-01 -1.98630452e-01 -1.85712650e-01 -1.71978116e-01
 -1.57371268e-01 -1.41837910e-01 -1.25384390e-01 -1.08171903e-01 -9.06456709e-02
 -7.36737177e-02 -5.70867956e-02 -4.09001410e-02 -2.51423959e-02 -9.85386316e-03
  4.91320016e-03  1.90944131e-02  3.26143280e-02  4.53896075e-02  5.73347881e-02
 -1.81883655e-03 -7.44568370e-03 -1.57909598e-02 -2.57339552e-02 -3.63306254e-02
 -4.73856293e-02 -5.88798523e-02 -7.08232075e-02 -8.32343176e-02 -9.59553793e-02
 -1.09068044e-01 -1.22509569e-01 -1.36127591e-01 -1.49724215e-01 -1.63088962e-01
 -1.76021367e-01 -1.88345239e-01 -1.99917406e-01 -2.10633129e-01 -2.20429689e-01
 -2.29288101e-01 -2.37232402e-01 -2.44317651e-01 -2.50614107e-01 -2.56196827e-01
 -2.61138916e-01 -2.65506655e-01 -2.69356340e-01 -2.72731423e-01 -2.75660515e-01
 -2.78155565e-01 -2.80210048e-01 -2.81797767e-01 -2.82871783e-01 -2.83364296e-01
 -2.83187956e-01 -2.82239616e-01 -2.80407429e-01 -2.77581364e-01 -2.73667246e-01
 -2.68600971e-01 -2.62359887e-01 -2.54965931e-01 -2.46478856e-01 -2.36980334e-01
 -2.26554796e-01 -2.15275690e-01 -2.03201756e-01 -1.90362617e-01 -1.76746771e-01
 -1.62306696e-01 -1.46984741e-01 -1.30765602e-01 -1.13761954e-01 -9.63349342e-02
 -7.92290568e-02 -6.26099035e-02 -4.64816540e-02 -3.08611207e-02 -1.57767870e-02
 -1.26717926e-03  1.26210190e-02  2.58353297e-02  3.83206122e-02  5.00230268e-02
 -1.00401067e-03 -6.28222106e-03 -1.55629590e-02 -2.61383615e-02 -3.69055271e-02
 -4.80535589e-02 -5.96452840e-02 -7.16996863e-02 -8.42279792e-02 -9.70673338e-02
 -1.10298492e-01 -1.23851970e-01 -1.37568578e-01 -1.51245296e-01 -1.64668515e-01
 -1.77636296e-01 -1.89972460e-01 -2.01535136e-01 -2.12222323e-01 -2.21975416e-01
 -2.30781019e-01 -2.38669485e-01 -2.45700404e-01 -2.51947284e-01 -2.57487714e-01
 -2.62396753e-01 -2.66742468e-01 -2.70582616e-01 -2.73962080e-01 -2.76910812e-01
 -2.79441923e-01 -2.81550080e-01 -2.83209920e-01 -2.84374893e-01 -2.84976810e-01
 -2.84926653e-01 -2.84118026e-01 -2.82433599e-01 -2.79755890e-01 -2.75981694e-01
 -2.71037847e-01 -2.64894366e-01 -2.57569820e-01 -2.49125525e-01 -2.39649400e-01
 -2.29234949e-01 -2.17964232e-01 -2.05903217e-01 -1.93091005e-01 -1.79525107e-01
 -1.65163428e-01 -1.49946973e-01 -1.33848056e-01 -1.16950832e-01 -9.95675400e-02
 -8.23765919e-02 -6.57385662e-02 -4.96368855e-02 -3.40800993e-02 -1.90907679e-02
 -4.70037619e-03  9.05367732e-03  2.21306551e-02  3.44891697e-02  4.60901186e-02
 -3.00422101e-03 -8.95626936e-03 -1.69498976e-02 -2.65251547e-02 -3.70561667e-02
 -4.82126698e-02 -5.98799139e-02 -7.20262900e-02 -8.46478790e-02 -9.75818932e-02
 -1.10903554e-01 -1.24539308e-01 -1.38326749e-01 -1.52060524e-01 -1.65525600e-01
 -1.78519517e-01 -1.90866351e-01 -2.02425197e-01 -2.13095844e-01 -2.22822323e-01
 -2.31594756e-01 -2.39447117e-01 -2.46441588e-01 -2.52653539e-01 -2.58161932e-01
 -2.63042927e-01 -2.67365426e-01 -2.71187872e-01 -2.74555713e-01 -2.77499288e-01
 -2.80032098e-01 -2.82149047e-01 -2.83824831e-01 -2.85012782e-01 -2.85644203e-01
 -2.85629123e-01 -2.84859478e-01 -2.83215523e-01 -2.80576676e-01 -2.76836097e-01
 -2.71917075e-01 -2.65786976e-01 -2.58463293e-01 -2.50008136e-01 -2.40512058e-01
 -2.30072066e-01 -2.18773544e-01 -2.06684932e-01 -1.93848208e-01 -1.80263340e-01
 -1.65889353e-01 -1.50665835e-01 -1.34559691e-01 -1.17642857e-01 -1.00203931e-01
 -8.28783512e-02 -6.63101450e-02 -5.02334051e-02 -3.46886329e-02 -1.97106805e-02
 -5.33492584e-03  8.40125699e-03  2.14591604e-02  3.38005014e-02  4.53897528e-02
  1.34626427e-03 -3.53229232e-03 -1.38626033e-02 -2.51899417e-02 -3.63334194e-02
 -4.77520302e-02 -5.95665649e-02 -7.18159005e-02 -8.45191181e-02 -9.75203738e-02
 -1.10900149e-01 -1.24586485e-01 -1.38417140e-01 -1.52186468e-01 -1.65679216e-01
 -1.78692877e-01 -1.91051692e-01 -2.02615231e-01 -2.13284016e-01 -2.23003045e-01
 -2.31763586e-01 -2.39600763e-01 -2.46577576e-01 -2.52769977e-01 -2.58257300e-01
 -2.63115853e-01 -2.67414600e-01 -2.71211803e-01 -2.74552584e-01 -2.77466863e-01
 -2.79967487e-01 -2.82048643e-01 -2.83684194e-01 -2.84826636e-01 -2.85406470e-01
 -2.85333157e-01 -2.84498394e-01 -2.82782912e-01 -2.80067384e-01 -2.76246965e-01
 -2.71247625e-01 -2.65039474e-01 -2.57641971e-01 -2.49117911e-01 -2.39556804e-01
 -2.29053289e-01 -2.17690036e-01 -2.05533162e-01 -1.92621112e-01 -1.78950027e-01
 -1.64476469e-01 -1.49141133e-01 -1.32918999e-01 -1.15902469e-01 -9.84209031e-02
 -8.11812580e-02 -6.44849911e-02 -4.83170860e-02 -3.26885618e-02 -1.76245645e-02
 -3.15911090e-03  1.06679872e-02  2.38136817e-02  3.62343900e-02  4.78889868e-02
 -4.34103968e-05 -5.69485361e-03 -1.41862687e-02 -2.44537797e-02 -3.54696997e-02
 -4.69419882e-02 -5.88284470e-02 -7.11380020e-02 -8.38883072e-02 -9.69186947e-02
 -1.10318631e-01 -1.24020703e-01 -1.37864977e-01 -1.51647031e-01 -1.65152177e-01
 -1.78178176e-01 -1.90549344e-01 -2.02125132e-01 -2.12805688e-01 -2.22535238e-01
 -2.31303930e-01 -2.39145517e-01 -2.46122152e-01 -2.52309084e-01 -2.57784963e-01
 -2.62625456e-01 -2.66898632e-01 -2.70661801e-01 -2.73958892e-01 -2.76818424e-01
 -2.79251754e-01 -2.81251371e-01 -2.82789469e-01 -2.83817053e-01 -2.84263670e-01
 -2.84038723e-01 -2.83035457e-01 -2.81138033e-01 -2.78232813e-01 -2.74222702e-01
 -2.69042194e-01 -2.62668878e-01 -2.55126685e-01 -2.46478319e-01 -2.36808419e-01
 -2.26203606e-01 -2.14738443e-01 -2.02471972e-01 -1.89432412e-01 -1.75605819e-01
 -1.60942450e-01 -1.45384878e-01 -1.28923804e-01 -1.11688219e-01 -9.40711871e-02
 -7.68702701e-02 -6.01287149e-02 -4.38591540e-02 -2.80857831e-02 -1.28431069e-02
  1.82518095e-03  1.58676151e-02  2.92270556e-02  4.18437794e-02  5.36595695e-02
  2.55633518e-03 -2.51046382e-03 -1.20350569e-02 -2.30819266e-02 -3.42997536e-02
 -4.58284840e-02 -5.77338152e-02 -7.00465068e-02 -8.27925801e-02 -9.58120748e-02
 -1.09194420e-01 -1.22876495e-01 -1.36702567e-01 -1.50471196e-01 -1.63969487e-01
 -1.76996052e-01 -1.89375356e-01 -2.00966299e-01 -2.11667642e-01 -2.21421361e-01
 -2.30214223e-01 -2.38076165e-01 -2.45066658e-01 -2.51258940e-01 -2.56729931e-01
 -2.61553586e-01 -2.65796334e-01 -2.69513577e-01 -2.72747278e-01 -2.75523692e-01
 -2.77851760e-01 -2.79721558e-01 -2.81103015e-01 -2.81945378e-01 -2.82177567e-01
 -2.81710088e-01 -2.80439943e-01 -2.78258204e-01 -2.75061548e-01 -2.70765543e-01
 -2.65317857e-01 -2.58706719e-01 -2.50961065e-01 -2.42141411e-01 -2.32323319e-01
 -2.21580729e-01 -2.09977195e-01 -1.97559133e-01 -1.84338495e-01 -1.70286745e-01
 -1.55347064e-01 -1.39469221e-01 -1.22673593e-01 -1.05149016e-01 -8.73778388e-02
 -7.02444240e-02 -5.34402244e-02 -3.70105244e-02 -2.09972728e-02 -5.44834882e-03
  9.57792345e-03  2.40109824e-02  3.77685539e-02  5.07598594e-02  6.28917590e-02
  2.40864605e-03 -2.97764293e-03 -1.15878684e-02 -2.19895300e-02 -3.30269039e-02
 -4.44815308e-02 -5.63274920e-02 -6.85659572e-02 -8.11999664e-02 -9.42249894e-02
 -1.07569739e-01 -1.21198699e-01 -1.34971201e-01 -1.48694068e-01 -1.62158847e-01
 -1.75166219e-01 -1.87541202e-01 -1.99141920e-01 -2.09865093e-01 -2.19649091e-01
 -2.28475407e-01 -2.36367658e-01 -2.43380576e-01 -2.49583870e-01 -2.55051523e-01
 -2.59854853e-01 -2.64057606e-01 -2.67712504e-01 -2.70858616e-01 -2.73519248e-01
 -2.75700301e-01 -2.77388960e-01 -2.78552741e-01 -2.79139549e-01 -2.79078692e-01
 -2.78283894e-01 -2.76658744e-01 -2.74105102e-01 -2.70534039e-01 -2.65877694e-01
 -2.60099322e-01 -2.53198117e-01 -2.45206282e-01 -2.36178607e-01 -2.26177961e-01
 -2.15263575e-01 -2.03486294e-01 -1.90873832e-01 -1.77417666e-01 -1.63074210e-01
 -1.47785366e-01 -1.31524578e-01 -1.14376366e-01 -9.66552645e-02 -7.90546015e-02
 -6.17668554e-02 -4.47636284e-02 -2.80505735e-02 -1.16540473e-02  4.38099634e-03
  1.99886002e-02  3.50779817e-02  4.95308563e-02  6.32030368e-02  7.59336948e-02
  4.02702345e-03 -1.09479530e-03 -9.92099103e-03 -2.04791334e-02 -3.14991735e-02
 -4.28938121e-02 -5.46684004e-02 -6.68261200e-02 -7.93702006e-02 -9.23066065e-02
 -1.05543941e-01 -1.19060747e-01 -1.32727578e-01 -1.46359056e-01 -1.59751490e-01
 -1.72708079e-01 -1.85054481e-01 -1.96647987e-01 -2.07382679e-01 -2.17192397e-01
 -2.26051912e-01 -2.33976081e-01 -2.41012499e-01 -2.47225568e-01 -2.52684981e-01
 -2.57458270e-01 -2.61605531e-01 -2.65175968e-01 -2.68205076e-01 -2.70712614e-01
 -2.72701144e-01 -2.74154991e-01 -2.75039852e-01 -2.75303394e-01 -2.74877429e-01
 -2.73681462e-01 -2.71629274e-01 -2.68637031e-01 -2.64633209e-01 -2.59568065e-01
 -2.53420115e-01 -2.46197060e-01 -2.37930641e-01 -2.28666350e-01 -2.18452811e-01
 -2.07336381e-01 -1.95350274e-01 -1.82499006e-01 -1.68752760e-01 -1.54057115e-01
 -1.38363257e-01 -1.21685274e-01 -1.04190640e-01 -8.63205194e-02 -6.89078495e-02
 -5.15897796e-02 -3.43909003e-02 -1.73257403e-02 -4.13234724e-04  1.63131636e-02
  3.27945650e-02  4.89324369e-02  6.45709857e-02  7.94817135e-02  9.33665857e-02
  5.34076011e-03  3.65460903e-04 -8.35885573e-03 -1.88179966e-02 -2.97509376e-02
 -4.10757475e-02 -5.27803712e-02 -6.48538396e-02 -7.72929415e-02 -9.01021138e-02
 -1.03178769e-01 -1.16524704e-01 -1.30026862e-01 -1.43510818e-01 -1.56779677e-01
 -1.69640332e-01 -1.81919798e-01 -1.93474680e-01 -2.04196334e-01 -2.14013562e-01
 -2.22893447e-01 -2.30840415e-01 -2.37891987e-01 -2.44105116e-01 -2.49543592e-01
 -2.54269898e-01 -2.58339554e-01 -2.61797428e-01 -2.64674962e-01 -2.66988099e-01
 -2.68736303e-01 -2.69901633e-01 -2.70449281e-01 -2.70328760e-01 -2.69476891e-01
 -2.67822385e-01 -2.65292108e-01 -2.61819065e-01 -2.57350147e-01 -2.51852632e-01
 -2.45317012e-01 -2.37755269e-01 -2.29194641e-01 -2.19669893e-01 -2.09218532e-01
 -1.97871998e-01 -1.85640767e-01 -1.72506034e-01 -1.58423200e-01 -1.43342495e-01
 -1.27252877e-01 -1.10256098e-01 -9.26720276e-02 -7.51559660e-02 -5.77118844e-02
 -4.02922109e-02 -2.28643492e-02 -5.40122995e-03  1.21197896e-02  2.97131445e-02
  4.73756567e-02  6.50669038e-02  8.26674998e-02  9.98916924e-02  1.16155088e-01
  6.10514730e-03  9.93700582e-04 -6.93732081e-03 -1.68463383e-02 -2.76978072e-02
 -3.90334055e-02 -5.07181697e-02 -6.27203807e-02 -7.50397593e-02 -8.76871720e-02
 -1.00549594e-01 -1.13660835e-01 -1.26930267e-01 -1.40198678e-01 -1.53278843e-01
 -1.65983185e-01 -1.78141177e-01 -1.89609349e-01 -2.00276583e-01 -2.10066602e-01
 -2.18938500e-01 -2.26885617e-01 -2.33932510e-01 -2.40125999e-01 -2.45522097e-01
 -2.50176787e-01 -2.54140049e-01 -2.57451832e-01 -2.60139227e-01 -2.62214690e-01
 -2.63675123e-01 -2.64501810e-01 -2.64661282e-01 -2.64107436e-01 -2.62785047e-01
 -2.60634542e-01 -2.57598072e-01 -2.53625840e-01 -2.48681575e-01 -2.42746040e-01
 -2.35817090e-01 -2.27906659e-01 -2.19036058e-01 -2.09232822e-01 -1.98522538e-01
 -1.86915845e-01 -1.74399838e-01 -1.60938218e-01 -1.46485478e-01 -1.31020948e-01
 -1.14610456e-01 -9.75016654e-02 -8.02496001e-02 -6.30020797e-02 -4.57063466e-02
 -2.83108111e-02 -1.07602533e-02  7.00851856e-03  2.50702519e-02  4.35145125e-02
  6.24492504e-02  8.20063129e-02  1.02355145e-01  1.23740248e-01  1.46280706e-01
  1.57374814e-02  1.30009912e-02 -6.31161674e-04 -1.36626158e-02 -2.53740661e-02
 -3.69644910e-02 -4.86763753e-02 -6.05895445e-02 -7.27452412e-02 -8.51747766e-02
 -9.77541953e-02 -1.10553928e-01 -1.23509414e-01 -1.36479929e-01 -1.49290621e-01
 -1.61761433e-01 -1.73725680e-01 -1.85040653e-01 -1.95593283e-01 -2.05302581e-01
 -2.14119881e-01 -2.22027570e-01 -2.29036108e-01 -2.35178873e-01 -2.40501627e-01
 -2.45052367e-01 -2.48874500e-01 -2.52002567e-01 -2.54459441e-01 -2.56254673e-01
 -2.57383913e-01 -2.57829309e-01 -2.57560998e-01 -2.56539732e-01 -2.54720390e-01
 -2.52056658e-01 -2.48505950e-01 -2.44033903e-01 -2.38617584e-01 -2.32246697e-01
 -2.24922553e-01 -2.16656104e-01 -2.07466200e-01 -1.97371155e-01 -1.86378568e-01
 -1.74477786e-01 -1.61638707e-01 -1.47821531e-01 -1.33002102e-01 -1.17219001e-01
 -1.00646541e-01 -8.36896598e-02 -6.70728534e-02 -5.02870716e-02 -3.33259702e-02
 -1.61511321e-02  1.30014378e-03  1.91148277e-02  3.74088474e-02  5.63359037e-02
  7.61012807e-02  9.69826207e-02  1.19355753e-01  1.43656164e-01  1.69467732e-01
  9.92063619e-03  5.41921658e-03 -2.61432119e-03 -1.29293259e-02 -2.40641944e-02
 -3.54566909e-02 -4.69963700e-02 -5.86912781e-02 -7.05748275e-02 -8.26876536e-02
 -9.48972702e-02 -1.07296109e-01 -1.19843692e-01 -1.32419705e-01 -1.44864306e-01
 -1.57007307e-01 -1.68687373e-01 -1.79763645e-01 -1.90121859e-01 -1.99676827e-01
 -2.08372712e-01 -2.16181681e-01 -2.23100945e-01 -2.29148388e-01 -2.34356537e-01
 -2.38763332e-01 -2.42404550e-01 -2.45308995e-01 -2.47495547e-01 -2.48971716e-01
 -2.49733314e-01 -2.49765158e-01 -2.49042898e-01 -2.47535691e-01 -2.45209530e-01
 -2.42031038e-01 -2.37971082e-01 -2.33007550e-01 -2.27127030e-01 -2.20325232e-01
 -2.12607384e-01 -2.03985214e-01 -1.94470137e-01 -1.84065700e-01 -1.72761902e-01
 -1.60534605e-01 -1.47353426e-01 -1.33203015e-01 -1.18122466e-01 -1.02267124e-01
 -8.59909877e-02 -6.99329898e-02 -5.37760742e-02 -3.74725349e-02 -2.09781155e-02
 -4.23844298e-03  1.28184389e-02  3.02887838e-02  4.83015627e-02  6.70303032e-02
  8.67099017e-02  1.07659385e-01  1.30309314e-01  1.55244291e-01  1.83438122e-01
  1.46629727e-02  1.21102920e-02  4.64962533e-04 -1.19834589e-02 -2.33937409e-02
 -3.46261337e-02 -4.58726995e-02 -5.72032519e-02 -6.86601102e-02 -8.02747831e-02
 -9.20666158e-02 -1.03980280e-01 -1.16018593e-01 -1.28091067e-01 -1.40058234e-01
 -1.51762947e-01 -1.63051277e-01 -1.73785403e-01 -1.83850542e-01 -1.93157941e-01
 -2.01645344e-01 -2.09275633e-01 -2.16034085e-01 -2.21924528e-01 -2.26964340e-01
 -2.31178805e-01 -2.34594598e-01 -2.37234175e-01 -2.39112675e-01 -2.40236297e-01
 -2.40602121e-01 -2.40198910e-01 -2.39008799e-01 -2.37009764e-01 -2.34178394e-01
 -2.30492607e-01 -2.25934207e-01 -2.20490754e-01 -2.14157432e-01 -2.06936538e-01
 -1.98834300e-01 -1.89856246e-01 -1.80002034e-01 -1.69261858e-01 -1.57616809e-01
 -1.45046502e-01 -1.31547824e-01 -1.17169395e-01 -1.02065206e-01 -8.65649432e-02
 -7.12420717e-02 -5.58264665e-02 -4.02987227e-02 -2.46315897e-02 -8.79039336e-03
  7.26982951e-03  2.36082524e-02  4.03030328e-02  5.74575700e-02  7.52093345e-02
  9.37436670e-02  1.13318555e-01  1.34323448e-01  1.57518029e-01  1.86345562e-01
  8.35454557e-03  4.24514385e-03 -3.50844255e-03 -1.34512549e-02 -2.40312498e-02
 -3.47383954e-02 -4.54898998e-02 -5.63025139e-02 -6.72107711e-02 -7.82493949e-02
 -8.94509256e-02 -1.00737691e-01 -1.12135522e-01 -1.23576567e-01 -1.34939969e-01
 -1.46081939e-01 -1.56856745e-01 -1.67130321e-01 -1.76787928e-01 -1.85737818e-01
 -1.93911895e-01 -2.01264739e-01 -2.07771078e-01 -2.13422477e-01 -2.18223095e-01
 -2.22185150e-01 -2.25324288e-01 -2.27655381e-01 -2.29189441e-01 -2.29931548e-01
 -2.29880437e-01 -2.29029089e-01 -2.27366164e-01 -2.24877790e-01 -2.21549898e-01
 -2.17370570e-01 -2.12331742e-01 -2.06429884e-01 -1.99665427e-01 -1.92040727e-01
 -1.83556974e-01 -1.74211159e-01 -1.63994342e-01 -1.52893484e-01 -1.40899211e-01
 -1.28022805e-01 -1.14325687e-01 -9.99652594e-02 -8.52577239e-02 -7.07539096e-02
 -5.61480559e-02 -4.14454192e-02 -2.66437568e-02 -1.17341531e-02  3.29880742e-03
  1.84776802e-02  3.38331684e-02  4.94051985e-02  6.52436465e-02  8.14082175e-02
  9.79662091e-02  1.14984587e-01  1.32502809e-01  1.50426283e-01  1.67936191e-01
  8.35702196e-03  5.48306899e-03 -4.16517351e-03 -1.52549269e-02 -2.56448947e-02
 -3.58040482e-02 -4.59132865e-02 -5.60534708e-02 -6.62736595e-02 -7.66105056e-02
 -8.70951638e-02 -9.76305678e-02 -1.08263046e-01 -1.18945904e-01 -1.29576951e-01
 -1.40026718e-01 -1.50158957e-01 -1.59844548e-01 -1.68969750e-01 -1.77440539e-01
 -1.85183838e-01 -1.92146853e-01 -1.98295102e-01 -2.03609467e-01 -2.08082795e-01
 -2.11716175e-01 -2.14515314e-01 -2.16487318e-01 -2.17638165e-01 -2.17971087e-01
 -2.17485979e-01 -2.16179654e-01 -2.14046746e-01 -2.11081088e-01 -2.07277104e-01
 -2.02630803e-01 -1.97140291e-01 -1.90805241e-01 -1.83625653e-01 -1.75600141e-01
 -1.66724622e-01 -1.56992540e-01 -1.46398455e-01 -1.34947017e-01 -1.22669518e-01
 -1.09649859e-01 -9.60576534e-02 -8.21864679e-02 -6.84773996e-02 -5.46614006e-02
 -4.07564379e-02 -2.67771278e-02 -1.27350371e-02  1.36117532e-03  1.55056408e-02
  2.96950191e-02  4.39278223e-02  5.82028553e-02  7.25160092e-02  8.68541971e-02
  1.01184204e-01  1.15432598e-01  1.29450768e-01  1.42956480e-01  1.55445039e-01
  3.32842901e-04 -3.57793900e-03 -1.07861524e-02 -1.96448416e-02 -2.87669599e-02
 -3.79289351e-02 -4.71435674e-02 -5.64372651e-02 -6.58324435e-02 -7.53497034e-02
 -8.50097090e-02 -9.46897864e-02 -1.04449697e-01 -1.14260860e-01 -1.24039494e-01
 -1.33671835e-01 -1.43033117e-01 -1.52001128e-01 -1.60464868e-01 -1.68329462e-01
 -1.75518140e-01 -1.81972027e-01 -1.87648863e-01 -1.92520544e-01 -1.96570426e-01
 -1.99790329e-01 -2.02177659e-01 -2.03732908e-01 -2.04457700e-01 -2.04353377e-01
 -2.03420445e-01 -2.01658443e-01 -1.99066296e-01 -1.95642829e-01 -1.91387162e-01
 -1.86298773e-01 -1.80377200e-01 -1.73621416e-01 -1.66029155e-01 -1.57597065e-01
 -1.48322552e-01 -1.38209030e-01 -1.27276346e-01 -1.15578659e-01 -1.03231356e-01
 -9.04535726e-02 -7.75891542e-02 -6.45704716e-02 -5.14628515e-02 -3.82737964e-02
 -2.50213556e-02 -1.17282821e-02  1.58054696e-03  1.48792807e-02  2.81414706e-02
  4.13398631e-02  5.44455163e-02  6.74259216e-02  8.02417099e-02  9.28412676e-02
  1.05152898e-01  1.17074043e-01  1.28459245e-01  1.39111772e-01  1.48791239e-01
 -7.65095092e-03 -1.20181022e-02 -1.79515667e-02 -2.50399262e-02 -3.27327810e-02
 -4.07451093e-02 -4.89555821e-02 -5.73138781e-02 -6.58018216e-02 -7.44179562e-02
 -8.31726789e-02 -9.19265300e-02 -1.00735858e-01 -1.09585069e-01 -1.18408605e-01
 -1.27110377e-01 -1.35579973e-01 -1.43705025e-01 -1.51379988e-01 -1.58511490e-01
 -1.65020972e-01 -1.70845389e-01 -1.75936416e-01 -1.80258855e-01 -1.83788419e-01
 -1.86509475e-01 -1.88412800e-01 -1.89493462e-01 -1.89749271e-01 -1.89179584e-01
 -1.87784433e-01 -1.85564190e-01 -1.82519257e-01 -1.78649977e-01 -1.73956454e-01
 -1.68438256e-01 -1.62094429e-01 -1.54923707e-01 -1.46925837e-01 -1.38104752e-01
 -1.28474712e-01 -1.18071072e-01 -1.06966041e-01 -9.52944234e-02 -8.32586214e-02
 -7.12897405e-02 -5.90781718e-02 -4.66825180e-02 -3.41532193e-02 -2.15310361e-02
 -8.85506440e-03  3.83438542e-03  1.64949130e-02  2.90819146e-02  4.15487587e-02
  5.38469367e-02  6.59260005e-02  7.77329430e-02  8.92108455e-02  1.00296646e-01
  1.10918149e-01  1.20990865e-01  1.30416200e-01  1.39083073e-01  1.46875337e-01
 -1.21926805e-02 -1.59877110e-02 -2.24475414e-02 -2.95095369e-02 -3.65432128e-02
 -4.37274203e-02 -5.10610826e-02 -5.85215166e-02 -6.60907626e-02 -7.37576112e-02
 -8.15140530e-02 -8.93485025e-02 -9.71722677e-02 -1.04998060e-01 -1.12785473e-01
 -1.20460458e-01 -1.27930626e-01 -1.35097042e-01 -1.41862914e-01 -1.48139387e-01
 -1.53848842e-01 -1.58926398e-01 -1.63319916e-01 -1.66989028e-01 -1.69903740e-01
 -1.72042623e-01 -1.73391029e-01 -1.73939481e-01 -1.73682183e-01 -1.72615856e-01
 -1.70738861e-01 -1.68050438e-01 -1.64550245e-01 -1.60237983e-01 -1.55113369e-01
 -1.49176419e-01 -1.42428651e-01 -1.34875610e-01 -1.26531526e-01 -1.17426246e-01
 -1.07615277e-01 -9.71989483e-02 -8.63233954e-02 -7.53097311e-02 -6.39842451e-02
 -5.24300411e-02 -4.06614952e-02 -2.87103821e-02 -1.66170690e-02 -4.42684628e-03
  7.81040639e-03  2.00399384e-02  3.22020724e-02  4.42326516e-02  5.60639836e-02
  6.76262826e-02  7.88493305e-02  8.96641314e-02  1.00004166e-01  1.09806091e-01
  1.19009756e-01  1.27557933e-01  1.35396227e-01  1.42474070e-01  1.48747146e-01
 -1.85690001e-02 -2.28339080e-02 -2.81131826e-02 -3.41060907e-02 -4.04196866e-02
 -4.68786471e-02 -5.34272753e-02 -6.00453988e-02 -6.67238310e-02 -7.34580606e-02
 -8.02460611e-02 -8.70877802e-02 -9.38693434e-02 -1.00613594e-01 -1.07297510e-01
 -1.13866486e-01 -1.20246403e-01 -1.26353636e-01 -1.32102847e-01 -1.37412712e-01
 -1.42209589e-01 -1.46429554e-01 -1.50019169e-01 -1.52935207e-01 -1.55143827e-01
 -1.56619385e-01 -1.57343000e-01 -1.57301292e-01 -1.56485021e-01 -1.54888079e-01
 -1.52506530e-01 -1.49338052e-01 -1.45381525e-01 -1.40637070e-01 -1.35106757e-01
 -1.28796622e-01 -1.21719636e-01 -1.13900788e-01 -1.05389401e-01 -9.62680653e-02
 -8.66460428e-02 -7.67756850e-02 -6.65061697e-02 -5.59031814e-02 -4.49887291e-02
 -3.37958038e-02 -2.23563388e-02 -1.07070059e-02  1.10885152e-03  1.30401980e-02
  2.50273757e-02  3.70013677e-02  4.88836169e-02  6.05867989e-02  7.20168427e-02
  8.30763653e-02  9.36692432e-02  1.03705764e-01  1.13107577e-01  1.21811435e-01
  1.29771352e-01  1.36958808e-01  1.43361419e-01  1.48980424e-01  1.53828114e-01
 -2.24482808e-02 -2.57946718e-02 -3.22786905e-02 -3.86102274e-02 -4.45367731e-02
 -5.03740162e-02 -5.61792739e-02 -6.19719513e-02 -6.77629858e-02 -7.35601857e-02
 -7.93693140e-02 -8.51943716e-02 -9.09063071e-02 -9.65360105e-02 -1.02074504e-01
 -1.07484184e-01 -1.12708412e-01 -1.17679596e-01 -1.22325785e-01 -1.26575842e-01
 -1.30363047e-01 -1.33627489e-01 -1.36317328e-01 -1.38389051e-01 -1.39807269e-01
 -1.40543997e-01 -1.40577763e-01 -1.39892548e-01 -1.38476849e-01 -1.36322781e-01
 -1.33425593e-01 -1.29783735e-01 -1.25399128e-01 -1.20277680e-01 -1.14430986e-01
 -1.07882813e-01 -1.00671902e-01 -9.28439274e-02 -8.45079049e-02 -7.58848637e-02
 -6.67882189e-02 -5.72780110e-02 -4.73717973e-02 -3.70939821e-02 -2.64678597e-02
 -1.55190472e-02 -4.27657925e-03  7.22483499e-03  1.89423785e-02  3.08225844e-02
  4.27987091e-02  5.47882579e-02  6.66911975e-02  7.83897862e-02  8.97510946e-02
  1.00633107e-01  1.10894516e-01  1.20406836e-01  1.29066214e-01  1.36802584e-01
  1.43584341e-01  1.49418175e-01  1.54343992e-01  1.58425912e-01  1.61741495e-01
 -3.00643444e-02 -3.42160650e-02 -3.90282683e-02 -4.42124605e-02 -4.94165458e-02
 -5.45177348e-02 -5.95142655e-02 -6.44318685e-02 -6.92955703e-02 -7.41239861e-02
 -7.89294764e-02 -8.37193578e-02 -8.83512795e-02 -9.28576961e-02 -9.72378179e-02
 -1.01466827e-01 -1.05503105e-01 -1.09294333e-01 -1.12782665e-01 -1.15908943e-01
 -1.18615940e-01 -1.20850727e-01 -1.22566089e-01 -1.23721339e-01 -1.24282435e-01
 -1.24221861e-01 -1.23518251e-01 -1.22155905e-01 -1.20124169e-01 -1.17416710e-01
 -1.14031509e-01 -1.09973684e-01 -1.05257317e-01 -9.99048054e-02 -9.39378515e-02
 -8.74187201e-02 -8.04780573e-02 -7.30259344e-02 -6.50988370e-02 -5.67361228e-02
 -4.79371063e-02 -3.87122631e-02 -2.90719755e-02 -1.90276317e-02 -8.59164074e-03
  2.22144672e-03  1.33933453e-02  2.48997193e-02  3.67070846e-02  4.87688147e-02
  6.10200539e-02  7.33716860e-02  8.57037902e-02  9.78601575e-02  1.09647140e-01
  1.20841414e-01  1.31210312e-01  1.40541658e-01  1.48673147e-01  1.55512124e-01
  1.61044121e-01  1.65331408e-01  1.68501675e-01  1.70725256e-01  1.72184572e-01
 -3.62471268e-02 -3.98234241e-02 -4.54094000e-02 -5.07066101e-02 -5.52896671e-02
 -5.95358685e-02 -6.35873377e-02 -6.75199702e-02 -7.13768899e-02 -7.51820803e-02
 -7.89485574e-02 -8.26846063e-02 -8.62448663e-02 -8.96457657e-02 -9.28859562e-02
 -9.59480777e-02 -9.88021940e-02 -1.01409502e-01 -1.03725903e-01 -1.05705053e-01
 -1.07300989e-01 -1.08470231e-01 -1.09173372e-01 -1.09375976e-01 -1.09048992e-01
 -1.08168922e-01 -1.06718689e-01 -1.04688138e-01 -1.02073960e-01 -9.88778770e-02
 -9.50992778e-02 -9.07560438e-02 -8.58926103e-02 -8.05997998e-02 -7.47878775e-02
 -6.84847683e-02 -6.17182143e-02 -5.44929728e-02 -4.68182527e-02 -3.87028083e-02
 -3.01496685e-02 -2.11598612e-02 -1.17328418e-02 -1.86696940e-03  8.43996555e-03
  1.91898793e-02  3.03830300e-02  4.20158878e-02  5.40778823e-02  6.65465295e-02
  7.93800950e-02  9.25067440e-02  1.05808854e-01  1.19101562e-01  1.32108301e-01
  1.44448936e-01  1.55676365e-01  1.65377080e-01  1.73263922e-01  1.79198712e-01
  1.83191776e-01  1.85400233e-01  1.86124533e-01  1.85769483e-01  1.84736118e-01
 -4.73967418e-02 -5.18445484e-02 -5.58746457e-02 -5.94413094e-02 -6.26159236e-02
 -6.55678138e-02 -6.84134886e-02 -7.12071434e-02 -7.39680678e-02 -7.66980574e-02
 -7.93892890e-02 -8.20264593e-02 -8.45839083e-02 -8.69336501e-02 -8.90835151e-02
 -9.10251215e-02 -9.27390084e-02 -9.41985026e-02 -9.53727961e-02 -9.62283090e-02
 -9.67310444e-02 -9.68487635e-02 -9.65527222e-02 -9.58187282e-02 -9.46271494e-02
 -9.29602757e-02 -9.08090249e-02 -8.81751403e-02 -8.50763321e-02 -8.15573111e-02
 -7.75564462e-02 -7.30891079e-02 -6.81736097e-02 -6.28272519e-02 -5.70488945e-02
 -5.08430712e-02 -4.42149155e-02 -3.71660516e-02 -2.96958182e-02 -2.18009092e-02
 -1.34746404e-02 -4.70705656e-03  4.51503973e-03  1.42080914e-02  2.43918058e-02
  3.50890756e-02  4.63256612e-02  5.81294335e-02  7.05287158e-02  8.35490972e-02
  9.72075686e-02  1.11501880e-01  1.26391485e-01  1.41761392e-01  1.57344475e-01
  1.72540873e-01  1.86199695e-01  1.97189912e-01  2.05248058e-01  2.10150242e-01
  2.11970806e-01  2.10957631e-01  2.07545832e-01  2.03015968e-01  1.98393539e-01
 -6.15748540e-02 -6.71380162e-02 -6.92174286e-02 -6.99420497e-02 -7.08939582e-02
 -7.21672550e-02 -7.36465603e-02 -7.52454251e-02 -7.69055188e-02 -7.85841271e-02
 -8.02473575e-02 -8.18670392e-02 -8.34196508e-02 -8.47523138e-02 -8.58646110e-02
 -8.67475942e-02 -8.73861313e-02 -8.77622217e-02 -8.78602639e-02 -8.76577273e-02
 -8.71311426e-02 -8.62594321e-02 -8.50264430e-02 -8.34239870e-02 -8.14567283e-02
 -7.90949389e-02 -7.63362199e-02 -7.31830373e-02 -6.96422011e-02 -6.57216460e-02
 -6.14200383e-02 -5.67415170e-02 -5.16921617e-02 -4.62770388e-02 -4.04975973e-02
 -3.43531668e-02 -2.78407112e-02 -2.09541470e-02 -1.36840874e-02 -6.01754524e-03
  2.06240872e-03  1.05769867e-02  1.95521172e-02  2.90190671e-02  3.90152894e-02
  4.95855883e-02  6.07835911e-02  7.26735890e-02  8.53326097e-02  9.88525674e-02
  1.13341898e-01  1.28925771e-01  1.45743951e-01  1.63948208e-01  1.83731362e-01
  2.05707073e-01  2.30996341e-01  2.37910211e-01  2.49702528e-01  2.51825243e-01
  2.49548808e-01  2.48441651e-01  2.31332883e-01  2.19503030e-01  2.10459203e-01
 -7.35879987e-02 -8.03997889e-02 -8.02239478e-02 -7.86772743e-02 -7.81713128e-02
 -7.82409608e-02 -7.86421821e-02 -7.92391375e-02 -7.99406916e-02 -8.06800872e-02
 -8.14067796e-02 -8.20828974e-02 -8.26831087e-02 -8.30572024e-02 -8.32002163e-02
 -8.30998197e-02 -8.27385113e-02 -8.20932016e-02 -8.12011212e-02 -8.00336227e-02
 -7.85705522e-02 -7.67975524e-02 -7.47051686e-02 -7.22884014e-02 -6.95455968e-02
 -6.64745718e-02 -6.30774871e-02 -5.93597516e-02 -5.53287864e-02 -5.09923846e-02
 -4.63570096e-02 -4.14283872e-02 -3.62108313e-02 -3.07061970e-02 -2.49130074e-02
 -1.88261364e-02 -1.24365706e-02 -5.73120872e-03  1.30726467e-03  8.70051701e-03
  1.64747853e-02  2.46612504e-02  3.32966670e-02  4.24243696e-02  5.20958044e-02
  6.23727553e-02  7.33305663e-02  8.50626826e-02  9.76871550e-02  1.11355729e-01
  1.26266375e-01  1.42679498e-01  1.60936102e-01  1.81478575e-01  2.04929277e-01
  2.31701255e-01  2.49926686e-01  2.62457520e-01  2.72159934e-01  2.71100581e-01
  2.70430028e-01  2.56962866e-01  2.40933359e-01  2.27440268e-01  2.16612086e-01
 -7.67358616e-02 -8.26613083e-02 -8.45826790e-02 -8.43263641e-02 -8.37200955e-02
 -8.32824111e-02 -8.30497444e-02 -8.29575062e-02 -8.29305574e-02 -8.29025432e-02
 -8.28181580e-02 -8.26306567e-02 -8.22970495e-02 -8.17696378e-02 -8.10188875e-02
 -8.00241455e-02 -7.87698999e-02 -7.72452503e-02 -7.54466578e-02 -7.33667016e-02
 -7.09986836e-02 -6.83384016e-02 -6.53849393e-02 -6.21408224e-02 -5.86116984e-02
 -5.48058078e-02 -5.07340059e-02 -4.64091487e-02 -4.18451242e-02 -3.70555930e-02
 -3.20527256e-02 -2.68461574e-02 -2.14419812e-02 -1.58418231e-02 -1.00421589e-02
 -4.03397484e-03  2.19729310e-03  8.67159944e-03  1.54140079e-02  2.24544071e-02
  2.98273321e-02  3.75720412e-02  4.57329564e-02  5.43605797e-02  6.35131001e-02
  7.32588395e-02  8.36799666e-02  9.48779583e-02  1.06981851e-01  1.20161094e-01
  1.34646177e-01  1.50763854e-01  1.68999389e-01  1.90092012e-01  2.14739785e-01
  2.37787843e-01  2.52729535e-01  2.65636653e-01  2.70239860e-01  2.71109432e-01
  2.65241921e-01  2.51168251e-01  2.37142935e-01  2.25294024e-01  2.15387136e-01
 -8.57649893e-02 -9.36269835e-02 -9.19478163e-02 -8.94080549e-02 -8.82311538e-02
 -8.75010341e-02 -8.69525522e-02 -8.64610374e-02 -8.59434977e-02 -8.53380933e-02
 -8.45976472e-02 -8.36852938e-02 -8.25709179e-02 -8.12288821e-02 -7.96391815e-02
 -7.77865350e-02 -7.56594762e-02 -7.32500255e-02 -7.05534890e-02 -6.75674453e-02
 -6.42921105e-02 -6.07309788e-02 -5.68912663e-02 -5.27841523e-02 -4.84247133e-02
 -4.38316315e-02 -3.90266441e-02 -3.40336747e-02 -2.88775191e-02 -2.35822313e-02
 -1.81692857e-02 -1.26557443e-02 -7.05256732e-03 -1.36329606e-03  4.41674795e-03
  1.03006456e-02  1.63094774e-02  2.24714596e-02  2.88208108e-02  3.53965908e-02
  4.22417149e-02  4.94023003e-02  5.69275059e-02  6.48698807e-02  7.32863545e-02
  8.22398439e-02  9.18016955e-02  1.02055103e-01  1.13099866e-01  1.25059277e-01
  1.38090193e-01  1.52398646e-01  1.68263972e-01  1.86049655e-01  2.05712959e-01
  2.22712129e-01  2.34389886e-01  2.44414881e-01  2.47747406e-01  2.48749927e-01
  2.43596435e-01  2.33785823e-01  2.24419996e-01  2.15950876e-01  2.08365545e-01
 -8.25821608e-02 -8.89354050e-02 -9.15435180e-02 -9.18704048e-02 -9.15540755e-02
 -9.11357477e-02 -9.06535164e-02 -9.00424719e-02 -8.92417505e-02 -8.82114694e-02
 -8.69286358e-02 -8.53801966e-02 -8.35575387e-02 -8.14534128e-02 -7.90608302e-02
 -7.63730183e-02 -7.33839497e-02 -7.00891539e-02 -6.64866194e-02 -6.25775233e-02
 -5.83669581e-02 -5.38645871e-02 -4.90851775e-02 -4.40488905e-02 -3.87814194e-02
 -3.33138146e-02 -2.76819598e-02 -2.19254568e-02 -1.60858426e-02 -1.02040833e-02
 -4.31749457e-03  1.54357008e-03  7.35880062e-03  1.31202824e-02  1.88337136e-02
  2.45182905e-02  3.02053280e-02  3.59359048e-02  4.17580307e-02  4.77238111e-02
  5.38870431e-02  6.03014678e-02  6.70197979e-02  7.40933716e-02  8.15723166e-02
  8.95060673e-02  9.79438201e-02  1.06934816e-01  1.16527580e-01  1.26767218e-01
  1.37688085e-01  1.49296254e-01  1.61529481e-01  1.74172416e-01  1.86647847e-01
  1.97757453e-01  2.06779569e-01  2.13344648e-01  2.17173666e-01  2.18189821e-01
  2.16471553e-01  2.12790012e-01  2.08137363e-01  2.03121796e-01  1.98100314e-01
 -9.02782455e-02 -9.91717800e-02 -9.65127721e-02 -9.47650000e-02 -9.47502851e-02
 -9.49018747e-02 -9.47909504e-02 -9.42676067e-02 -9.32968184e-02 -9.18928459e-02
 -9.00863335e-02 -8.79079923e-02 -8.53813440e-02 -8.25205073e-02 -7.93310255e-02
 -7.58122206e-02 -7.19601810e-02 -6.77707568e-02 -6.32420555e-02 -5.83763979e-02
 -5.31816967e-02 -4.76723351e-02 -4.18697372e-02 -3.58028524e-02 -2.95086093e-02
 -2.30323672e-02 -1.64279938e-02 -9.75712575e-03 -3.08703515e-03  3.51327518e-03
  9.97866783e-03  1.62544586e-02  2.23028138e-02  2.81076487e-02  3.36769521e-02
  3.90420705e-02  4.42540757e-02  4.93780449e-02  5.44865578e-02  5.96536249e-02
  6.49500415e-02  7.04404488e-02  7.61818513e-02  8.22233036e-02  8.86060148e-02
  9.53635424e-02  1.02521457e-01  1.10096090e-01  1.18091553e-01  1.26494154e-01
  1.35262683e-01  1.44312888e-01  1.53494984e-01  1.62567422e-01  1.71185806e-01
  1.78946123e-01  1.85478821e-01  1.90512806e-01  1.93894953e-01  1.95603028e-01
  1.95761979e-01  1.94639683e-01  1.92578956e-01  1.89906076e-01  1.86882839e-01
 -7.89914578e-02 -8.62541273e-02 -9.15411785e-02 -9.53475758e-02 -9.81552899e-02
 -9.99013260e-02 -1.00497819e-01 -1.00065283e-01 -9.87949148e-02 -9.68553349e-02
 -9.43784565e-02 -9.14591029e-02 -8.81570727e-02 -8.45023245e-02 -8.05024803e-02
 -7.61510357e-02 -7.14351237e-02 -6.63417205e-02 -6.08623698e-02 -5.49961850e-02
 -4.87514064e-02 -4.21457849e-02 -3.52063589e-02 -2.79694963e-02 -2.04818528e-02
 -1.28024500e-02 -5.00531401e-03  2.81863799e-03  1.05624152e-02  1.81083940e-02
  2.53391303e-02  3.21519896e-02  3.84740643e-02  4.42735329e-02  4.95648868e-02
  5.44068143e-02  5.88930324e-02  6.31380379e-02  6.72616810e-02  7.13765025e-02
  7.55799785e-02  7.99514577e-02  8.45523402e-02  8.94276947e-02  9.46081802e-02
  1.00111492e-01  1.05942897e-01  1.12094589e-01  1.18543632e-01  1.25248402e-01
  1.32143468e-01  1.39133543e-01  1.46087959e-01  1.52839288e-01  1.59190655e-01
  1.64934799e-01  1.69880986e-01  1.73880592e-01  1.76845416e-01  1.78757504e-01
  1.79670081e-01  1.79696977e-01  1.78990990e-01  1.77717134e-01  1.76030919e-01
 -7.48237148e-02 -8.29819441e-02 -9.09677148e-02 -9.87534821e-02 -1.05779193e-01
 -1.09508641e-01 -1.09861188e-01 -1.08689234e-01 -1.06460147e-01 -1.03470154e-01
 -9.99550372e-02 -9.60634127e-02 -9.18681771e-02 -8.73837993e-02 -8.25871676e-02
 -7.74370953e-02 -7.18890280e-02 -6.59049377e-02 -5.94597235e-02 -5.25447764e-02
 -4.51687910e-02 -3.73553932e-02 -2.91386805e-02 -2.05597952e-02 -1.16675319e-02
 -2.52404925e-03  6.78507425e-03  1.61388684e-02  2.53720954e-02  3.42778936e-02
  4.26297747e-02  5.02202325e-02  5.69000021e-02  6.26044199e-02  6.73646778e-02
  7.13042095e-02  7.46169314e-02  7.75280595e-02  8.02520365e-02  8.29655603e-02
  8.57998356e-02  8.88449252e-02  9.21581164e-02  9.57719460e-02  9.97002274e-02
  1.03942037e-01  1.08483799e-01  1.13299966e-01  1.18352473e-01  1.23589501e-01
  1.28943861e-01  1.34331703e-01  1.39652535e-01  1.44791707e-01  1.49626255e-01
  1.54034004e-01  1.57904923e-01  1.61152080e-01  1.63720429e-01  1.65591493e-01
  1.66783616e-01  1.67347148e-01  1.67355895e-01  1.66896626e-01  1.66059211e-01
 -7.20705390e-02 -8.13990235e-02 -9.16720778e-02 -1.03396170e-01 -1.16757743e-01
 -1.23449780e-01 -1.23774052e-01 -1.20982520e-01 -1.16434500e-01 -1.11528248e-01
 -1.06440447e-01 -1.01324297e-01 -9.62019116e-02 -9.09826979e-02 -8.55370462e-02
 -7.97384977e-02 -7.34779984e-02 -6.66721389e-02 -5.92678562e-02 -5.12457639e-02
 -4.26257774e-02 -3.34592834e-02 -2.38045380e-02 -1.37066003e-02 -3.19515727e-03
  7.70218112e-03  1.89352296e-02  3.03941183e-02  4.18582596e-02  5.29505983e-02
  6.31690174e-02  7.20422938e-02  7.92605802e-02  8.46939236e-02  8.84025544e-02
  9.06496868e-02  9.18965936e-02  9.26610455e-02  9.33473110e-02  9.42059979e-02
  9.53722894e-02  9.69098434e-02  9.88405496e-02  1.01161957e-01  1.03856809e-01
  1.06897973e-01  1.10250734e-01  1.13873489e-01  1.17717668e-01  1.21727288e-01
  1.25838563e-01  1.29980043e-01  1.34073541e-01  1.38036385e-01  1.41784936e-01
  1.45239338e-01  1.48328736e-01  1.50996506e-01  1.53204203e-01  1.54933870e-01
  1.56188145e-01  1.56988338e-01  1.57370672e-01  1.57381609e-01  1.57072976e-01
 -6.81642666e-02 -7.78044611e-02 -8.87648314e-02 -1.01709209e-01 -1.17746510e-01
 -1.28172368e-01 -1.34329140e-01 -1.32502928e-01 -1.27641439e-01 -1.19769275e-01
 -1.12317689e-01 -1.06031291e-01 -1.00430973e-01 -9.49834585e-02 -8.93287435e-02
 -8.32600668e-02 -7.65582621e-02 -6.90837801e-02 -6.07723296e-02 -5.15305065e-02
 -4.14102599e-02 -3.06304004e-02 -1.93598084e-02 -7.64202559e-03  4.56773210e-03
  1.73608735e-02  3.08448542e-02  4.51059937e-02  6.01177216e-02  7.54151195e-02
  8.93434137e-02  1.00386731e-01  1.08592764e-01  1.13362253e-01  1.15133859e-01
  1.13685161e-01  1.10696897e-01  1.07869059e-01  1.05712794e-01  1.04314476e-01
  1.03643492e-01  1.03636429e-01  1.04223423e-01  1.05336651e-01  1.06912330e-01
  1.08890280e-01  1.11212663e-01  1.13822594e-01  1.16662860e-01  1.19674928e-01
  1.22798376e-01  1.25970915e-01  1.29128978e-01  1.32208988e-01  1.35149345e-01
  1.37892798e-01  1.40389070e-01  1.42597288e-01  1.44487903e-01  1.46043807e-01
  1.47260442e-01  1.48144871e-01  1.48714051e-01  1.48992583e-01  1.49010107e-01
 -6.21409677e-02 -7.09441379e-02 -8.06705877e-02 -9.14609060e-02 -1.03115797e-01
 -1.14904694e-01 -1.28972471e-01 -1.30532399e-01 -1.31055936e-01 -1.21329337e-01
 -1.13225155e-01 -1.07740618e-01 -1.04030602e-01 -9.96203870e-02 -9.38996971e-02
 -8.87509957e-02 -8.20520967e-02 -7.36077055e-02 -6.52749762e-02 -5.45797050e-02
 -4.16173749e-02 -2.85982229e-02 -1.56275537e-02 -2.49007856e-03  1.10781612e-02
  2.53734998e-02  4.07504141e-02  5.76743037e-02  7.68325552e-02  9.95347202e-02
  1.24328174e-01  1.32364929e-01  1.48544267e-01  1.45648688e-01  1.51834115e-01
  1.37834057e-01  1.27358615e-01  1.20198108e-01  1.15195267e-01  1.11766540e-01
  1.09544903e-01  1.08279929e-01  1.07791565e-01  1.07944272e-01  1.08631365e-01
  1.09765038e-01  1.11269891e-01  1.13078579e-01  1.15128934e-01  1.17362007e-01
  1.19720988e-01  1.22150652e-01  1.24597445e-01  1.27009973e-01  1.29339933e-01
  1.31543294e-01  1.33581519e-01  1.35422781e-01  1.37042850e-01  1.38425663e-01
  1.39563292e-01  1.40455544e-01  1.41109079e-01  1.41536161e-01  1.41753301e-01
 -5.44348024e-02 -6.18153624e-02 -6.96627423e-02 -7.79352561e-02 -8.65009055e-02
 -9.51271653e-02 -1.03285305e-01 -1.10674083e-01 -1.21184699e-01 -1.09744594e-01
 -1.04672328e-01 -1.02182746e-01 -1.02781504e-01 -1.00485332e-01 -9.35465395e-02
 -9.10612792e-02 -8.47872645e-02 -7.44169950e-02 -6.83752075e-02 -5.64946905e-02
 -3.99513543e-02 -2.53798049e-02 -1.16040353e-02  2.02330784e-03  1.59566794e-02
  3.06000523e-02  4.63974252e-02  6.39205799e-02  8.39814171e-02  1.07693538e-01
  1.31119862e-01  1.42149478e-01  1.55256301e-01  1.55281708e-01  1.57575652e-01
  1.45369038e-01  1.33513302e-01  1.25106588e-01  1.19151808e-01  1.14954934e-01
  1.12067416e-01  1.10191859e-01  1.09121829e-01  1.08706452e-01  1.08829819e-01
  1.09398738e-01  1.10335201e-01  1.11571588e-01  1.13047518e-01  1.14707761e-01
  1.16500914e-01  1.18378744e-01  1.20295860e-01  1.22209825e-01  1.24081522e-01
  1.25875652e-01  1.27561331e-01  1.29112676e-01  1.30509153e-01  1.31735906e-01
  1.32783726e-01  1.33648753e-01  1.34331986e-01  1.34838685e-01  1.35177463e-01
  3.21299911e+00  3.28088760e+00  3.32105684e+00  3.35279870e+00  3.35830045e+00
  3.35255814e+00  3.33801508e+00  3.31808281e+00  3.29376864e+00  3.26764154e+00
  3.23922062e+00  3.21100116e+00  3.18278050e+00  3.15473795e+00  3.12851906e+00
  3.10283971e+00  3.07883167e+00  3.05591059e+00  3.03514791e+00  3.01583862e+00
  2.99850678e+00  2.98340726e+00  2.97084880e+00  2.95974517e+00  2.95126033e+00
  2.94475675e+00  2.94036818e+00  2.93783474e+00  2.93688798e+00  2.93791342e+00
  2.94062114e+00  2.94518495e+00  2.95137763e+00  2.95911098e+00  2.96864319e+00
  2.98007369e+00  2.99325776e+00  3.00834918e+00  3.02539062e+00  3.04455018e+00
  3.06607556e+00  3.08999467e+00  3.11649394e+00  3.14587975e+00  3.17834258e+00
  3.21421528e+00  3.25390387e+00  3.29762888e+00  3.34603405e+00  3.39951324e+00
  3.45844007e+00  3.52405810e+00  3.59632373e+00  3.67727733e+00  3.76716208e+00
  3.86844587e+00  3.98294139e+00  4.11472845e+00  4.26619434e+00  4.44564390e+00
  4.65971661e+00  4.92620182e+00  5.27771807e+00  5.83489513e+00  8.87267017e+00
   91   89
  1.04784966e+00  0.00000000e+00  1.04947901e+00  1.00000001e-01  1.05250001e+00
  1.61126465e-01  1.05879951e+00  2.50000000e-01  1.06803834e+00  3.49999994e-01
  1.07851541e+00  4.49999988e-01  1.08393586e+00  5.00000000e-01  1.09382665e+00
  6.00000024e-01  1.10339642e+00  6.99999988e-01  1.10875821e+00  7.50000000e-01
  1.11961913e+00  8.50000024e-01  1.13043547e+00  9.49999988e-01  1.13646376e+00
  1.00000000e+00  1.14540100e+00  1.09032488e+00  1.14884341e+00  1.13064981e+00
  1.21187496e+00  1.11746740e+00  1.26499999e+00  1.10378397e+00  1.29156256e+00
  1.09695733e+00  1.34468746e+00  1.08423054e+00  1.39781249e+00  1.07019293e+00
  1.45093751e+00  1.05442643e+00  1.47749996e+00  1.04627407e+00  1.53062499e+00
  1.02891922e+00  1.58375001e+00  1.00854647e+00  1.61031246e+00  9.97457206e-01
  1.66343749e+00  9.73540783e-01  1.70733643e+00  9.49999988e-01  1.74312496e+00
  9.30025339e-01  1.78874850e+00  8.99999976e-01  1.82281256e+00  8.76253307e-01
  1.85575056e+00  8.50000024e-01  1.90250003e+00  8.10594976e-01  1.92906249e+00
  7.86137164e-01  1.96499527e+00  7.50000000e-01  2.00874996e+00  7.02128351e-01
  2.03531241e+00  6.70912802e-01  2.06187510e+00  6.36872172e-01  2.08843756e+00
  5.99292099e-01  2.12016368e+00  5.50000012e-01  2.14871645e+00  5.00000000e-01
  2.17400193e+00  4.49999988e-01  2.19668794e+00  4.00000006e-01  2.22125006e+00
  3.41191024e-01  2.24781251e+00  2.67386943e-01  2.26926851e+00  2.00000003e-01
  2.28203321e+00  1.50000006e-01  2.29900098e+00  5.00000007e-02  2.30164313e+00
  0.00000000e+00  2.30084229e+00 -5.00000007e-02  2.28722048e+00 -1.50000006e-01
  2.27437496e+00 -2.02407166e-01  2.24781251e+00 -2.91647971e-01  2.22638226e+00
 -3.49999994e-01  2.20611691e+00 -4.00000006e-01  2.18337131e+00 -4.49999988e-01
  2.15745926e+00 -5.00000000e-01  2.12758255e+00 -5.50000012e-01  2.09296417e+00
 -6.00000024e-01  2.06187510e+00 -6.40248597e-01  2.03531241e+00 -6.70986116e-01
  2.00778770e+00 -6.99999988e-01  1.95562506e+00 -7.48814642e-01  1.92906249e+00
 -7.71197259e-01  1.89031327e+00 -8.00000012e-01  1.84937501e+00 -8.28286111e-01
  1.81181777e+00 -8.50000024e-01  1.76968753e+00 -8.72783422e-01  1.71656251e+00
 -8.95816803e-01  1.69000006e+00 -9.05641913e-01  1.63687503e+00 -9.22801495e-01
  1.58375001e+00 -9.35183287e-01  1.53062499e+00 -9.42925572e-01  1.47749996e+00
 -9.45852697e-01  1.42437506e+00 -9.43116844e-01  1.37125003e+00 -9.32738483e-01
  1.31812501e+00 -9.10538018e-01  1.29156256e+00 -8.93176734e-01  1.24624765e+00
 -8.50000024e-01  1.21187496e+00 -8.02307367e-01  1.18531251e+00 -7.51996100e-01
  1.16387773e+00 -6.99999988e-01  1.14652348e+00 -6.49999976e-01  1.13164103e+00
 -6.00000024e-01  1.10729551e+00 -5.00000000e-01  1.09658384e+00 -4.49999988e-01
  1.07906246e+00 -3.55175912e-01  1.07048929e+00 -3.00000012e-01  1.05856681e+00
 -2.00000003e-01  1.05250001e+00 -1.24514095e-01  1.04870522e+00 -5.00000007e-02
  1.04784966e+00  0.00000000e+00
  1.01600003e+00  0.00000000e+00  1.01600003e+00  9.63999987e-01  1.01800001e+00
  9.67999995e-01  1.01800001e+00  1.00100005e+00  1.01800001e+00  1.01900005e+00
  1.01800001e+00  1.07700002e+00  1.01800001e+00  1.07000005e+00  1.01800001e+00
  1.09599996e+00  1.01800001e+00  1.11300004e+00  1.01800001e+00  1.13800001e+00
  1.01600003e+00  1.14699996e+00  1.01199996e+00  1.16499996e+00  1.00100005e+00
  1.21700001e+00  1.02900004e+00  1.21700001e+00  1.04200006e+00  1.16240001e+00
  1.04600000e+00  1.16237998e+00  1.05599999e+00  1.16260004e+00  1.09700000e+00
  1.16450000e+00  1.10800004e+00  1.16594005e+00  1.11600006e+00  1.16591001e+00
  1.13399994e+00  1.16895998e+00  1.14800000e+00  1.17174995e+00  1.16199994e+00
  1.17556000e+00  1.18099999e+00  1.18299997e+00  1.18200004e+00  1.18350005e+00
  1.18499994e+00  1.18499994e+00  1.19000006e+00  1.18799996e+00  1.19500005e+00
  1.19099998e+00  1.20099998e+00  1.19599998e+00  1.20899999e+00  1.20200002e+00
  1.21500003e+00  1.20799994e+00  1.22200000e+00  1.21399999e+00  1.22800004e+00
  1.22099996e+00  1.23399997e+00  1.23099995e+00  1.23899996e+00  1.23800004e+00
  1.24199998e+00  1.24399996e+00  1.24800003e+00  1.25399995e+00  1.25800002e+00
  1.27800000e+00  1.26300001e+00  1.28999996e+00  1.27999997e+00  1.33099997e+00
  1.27999997e+00  1.34700000e+00  1.27999997e+00  1.34800005e+00  1.30999994e+00
  1.34800005e+00  1.32799995e+00  1.34800005e+00  1.36099994e+00  1.34800005e+00
  1.38000000e+00  1.34800005e+00  1.41900003e+00  1.34800005e+00  1.41900003e+00
  1.30999994e+00  1.37199998e+00  1.30999994e+00  1.37199998e+00  1.29200006e+00
  1.60800004e+00  1.09500003e+00  1.64699996e+00  1.07700002e+00  1.78499997e+00
  1.07700002e+00  2.06999993e+00  1.03999996e+00  2.12800002e+00  9.92999971e-01
  2.24499989e+00  7.08999991e-01  2.32299995e+00  5.18999994e-01  2.37700009e+00
  3.88999999e-01  2.35200000e+00  4.00000006e-01  2.35100007e+00  3.37000012e-01
  2.35100007e+00  2.04999998e-01  2.35400009e+00  6.80000037e-02  2.35400009e+00
  0.00000000e+00  2.35400009e+00 -6.80000037e-02  2.35299993e+00 -2.04999998e-01
  2.35100007e+00 -3.37000012e-01  2.35299993e+00 -4.00000006e-01  2.37700009e+00
 -3.88999999e-01  2.13400006e+00 -9.72999990e-01  1.78600001e+00 -1.17400002e+00
  1.76800001e+00 -1.21099997e+00  1.76800001e+00 -1.25399995e+00  1.68200004e+00
 -1.25399995e+00  1.67400002e+00 -1.26199996e+00  1.67400002e+00 -1.32900000e+00
  1.68099999e+00 -1.33899999e+00  1.75399995e+00 -1.33899999e+00  1.75399995e+00
 -1.36800003e+00  1.68900001e+00 -1.36800003e+00  1.68900001e+00 -1.36600006e+00
  1.55499995e+00 -1.36600006e+00  1.41199994e+00 -1.36600006e+00  1.27300000e+00
 -1.36600006e+00  1.15300000e+00 -1.36600006e+00  1.01600003e+00 -1.22899997e+00
  1.01600003e+00 -8.00000012e-01  1.01600003e+00 -4.14999992e-01  1.01600003e+00
 -4.00000006e-01  1.01600003e+00  0.00000000e+00
    0 0.000000000e+00    0
  0.00000000e+00  1.22072101e-01  1.73470914e-01  2.11737618e-01  2.45321140e-01
  2.75072277e-01  3.01668108e-01  3.26088190e-01  3.48527431e-01  3.69668543e-01
  3.89260232e-01  4.07939106e-01  4.25582349e-01  4.42332804e-01  4.58408207e-01
  4.73844349e-01  4.88530576e-01  5.02806962e-01  5.16619384e-01  5.29873610e-01
  5.42771995e-01  5.55329144e-01  5.67565382e-01  5.79475105e-01  5.91067433e-01
  6.02448881e-01  6.13633573e-01  6.24574423e-01  6.35296702e-01  6.45840943e-01
  6.56277359e-01  6.66538656e-01  6.76643372e-01  6.86633468e-01  6.96512520e-01
  7.06288755e-01  7.15973139e-01  7.25564718e-01  7.35102236e-01  7.44559705e-01
  7.53946304e-01  7.63308167e-01  7.72630930e-01  7.81934440e-01  7.91203022e-01
  8.00457478e-01  8.09730709e-01  8.19007576e-01  8.28328788e-01  8.37670445e-01
  8.47048223e-01  8.56522560e-01  8.66047800e-01  8.75716209e-01  8.85466278e-01
  8.95355821e-01  9.05420780e-01  9.15716708e-01  9.26212668e-01  9.37015593e-01
  9.48124945e-01  9.59736884e-01  9.71891999e-01  9.84956741e-01  1.00000000e+00
    0
