   EFIT?   05/12/98      #102940  1384             3  65  65
  1.70000005e+00  3.20000005e+00  1.69550002e+00  8.39999974e-01  0.00000000e+00
  1.79376400e+00  2.41075046e-02 -2.67166406e-01  2.17613075e-02 -1.99805069e+00
  1.46767475e+06 -2.67166406e-01  0.00000000e+00  1.79376400e+00  0.00000000e+00
  2.41075046e-02  0.00000000e+00  2.17613075e-02  0.00000000e+00  0.00000000e+00
 -3.40811515e+00 -3.41845059e+00 -3.42700076e+00 -3.43396854e+00 -3.43953419e+00
 -3.44386005e+00 -3.44709229e+00 -3.44936132e+00 -3.45078564e+00 -3.45147109e+00
 -3.45151377e+00 -3.45099974e+00 -3.45000672e+00 -3.44860482e+00 -3.44685650e+00
 -3.44481826e+00 -3.44254088e+00 -3.44006920e+00 -3.43744326e+00 -3.43469834e+00
 -3.43186522e+00 -3.42897177e+00 -3.42604256e+00 -3.42309999e+00 -3.42016459e+00
 -3.41725492e+00 -3.41438770e+00 -3.41157818e+00 -3.40883970e+00 -3.40618491e+00
 -3.40362453e+00 -3.40116858e+00 -3.39882541e+00 -3.39660311e+00 -3.39450788e+00
 -3.39254546e+00 -3.39072084e+00 -3.38903785e+00 -3.38749957e+00 -3.38610792e+00
 -3.38486505e+00 -3.38377094e+00 -3.38282609e+00 -3.38202906e+00 -3.38137841e+00
 -3.38087177e+00 -3.38050556e+00 -3.38027549e+00 -3.38017654e+00 -3.38020253e+00
 -3.38034654e+00 -3.38060045e+00 -3.38095474e+00 -3.38139892e+00 -3.38192153e+00
 -3.38250923e+00 -3.38314748e+00 -3.38381958e+00 -3.38450789e+00 -3.38519216e+00
 -3.38585019e+00 -3.38645792e+00 -3.38698816e+00 -3.38741136e+00 -3.38769484e+00
  1.21105836e+05  1.10494742e+05  1.00896023e+05  9.22385469e+04  8.44546406e+04
  7.74799609e+04  7.12533672e+04  6.57167266e+04  6.08148672e+04  5.64953789e+04
  5.27085625e+04  4.94072773e+04  4.65468555e+04  4.40850078e+04  4.19817148e+04
  4.01991562e+04  3.87016133e+04  3.74554023e+04  3.64287969e+04  3.55919453e+04
  3.49168281e+04  3.43771758e+04  3.39484297e+04  3.36076719e+04  3.33335781e+04
  3.31063789e+04  3.29078086e+04  3.27210723e+04  3.25307988e+04  3.23230137e+04
  3.20851074e+04  3.18058125e+04  3.14751641e+04  3.10844961e+04  3.06264102e+04
  3.00947637e+04  2.94846543e+04  2.87924141e+04  2.80155957e+04  2.71529668e+04
  2.62045156e+04  2.51714375e+04  2.40561504e+04  2.28622949e+04  2.15947383e+04
  2.02595938e+04  1.88642285e+04  1.74172754e+04  1.59286641e+04  1.44096309e+04
  1.28727520e+04  1.13319658e+04  9.80260547e+03  8.30143359e+03  6.84667676e+03
  5.45806689e+03  4.15688574e+03  2.96600952e+03  1.90995996e+03  1.01495911e+03
  3.08985535e+02 -1.78163132e+02 -4.14805237e+02 -3.67305237e+02  0.00000000e+00
  8.51759624e+00  7.11079693e+00  5.85438395e+00  4.73469400e+00  3.73926473e+00
  2.85672879e+00  2.07671046e+00  1.38973606e+00  7.87150323e-01  2.61040270e-01
 -1.95834517e-01 -5.90105474e-01 -9.27853525e-01 -1.21466219e+00 -1.45566714e+00
 -1.65560114e+00 -1.81883574e+00 -1.94941962e+00 -2.05111432e+00 -2.12742758e+00
 -2.18155336e+00 -2.21582866e+00 -2.23211789e+00 -2.23212600e+00 -2.21741509e+00
 -2.18941760e+00 -2.14944887e+00 -2.09871960e+00 -2.03834510e+00 -1.96935606e+00
 -1.89270782e+00 -1.80928791e+00 -1.71992445e+00 -1.62539327e+00 -1.52642465e+00
 -1.42370999e+00 -1.31790781e+00 -1.20964909e+00 -1.09954369e+00 -9.88184869e-01
 -8.76155078e-01 -7.64030755e-01 -6.52387500e-01 -5.41805148e-01 -4.32873011e-01
 -3.26194674e-01 -2.22393751e-01 -1.22119054e-01 -2.60504317e-02  6.50952533e-02
  1.50557861e-01  2.29527250e-01  3.01136196e-01  3.64452660e-01  4.18471783e-01
  4.62106824e-01  4.94179755e-01  5.13410866e-01  5.18407524e-01  5.07651806e-01
  4.79487270e-01  4.32104409e-01  3.63524616e-01  2.71582931e-01  1.53908804e-01
 -2.46661100e+06 -2.23428675e+06 -2.01811238e+06 -1.81730225e+06 -1.63110400e+06
 -1.45879775e+06 -1.29969388e+06 -1.15313188e+06 -1.01847894e+06 -8.95128188e+05
 -7.82497750e+05 -6.80029250e+05 -5.87186750e+05 -5.03455219e+05 -4.28339938e+05
 -3.61364938e+05 -3.02072188e+05 -2.50020547e+05 -2.04784828e+05 -1.65954734e+05
 -1.33134125e+05 -1.05940031e+05 -8.40018438e+04 -6.69605234e+04 -5.44677695e+04
 -4.61853086e+04 -4.17840898e+04 -4.09436133e+04 -4.33511953e+04 -4.87012891e+04
 -5.66948125e+04 -6.70385078e+04 -7.94442656e+04 -9.36285078e+04 -1.09311586e+05
 -1.26217117e+05 -1.44071422e+05 -1.62602906e+05 -1.81541453e+05 -2.00617859e+05
 -2.19563203e+05 -2.38108297e+05 -2.55983047e+05 -2.72915906e+05 -2.88633250e+05
 -3.02858781e+05 -3.15312938e+05 -3.25712219e+05 -3.33768719e+05 -3.39189219e+05
 -3.41674875e+05 -3.40920250e+05 -3.36612875e+05 -3.28432469e+05 -3.16050188e+05
 -2.99128000e+05 -2.77317875e+05 -2.50261047e+05 -2.17587219e+05 -1.78913750e+05
 -1.33844812e+05 -8.19705234e+04 -2.28660410e+04  4.39093555e+04  1.18813258e+05
  5.64887486e-02  4.92061526e-02  4.13439162e-02  3.29212435e-02  2.40943823e-02
  1.51639525e-02  6.79623848e-03 -7.60091760e-04 -9.81695857e-03  3.06180515e-03
  9.68643464e-03  1.36397732e-02  1.44656738e-02  1.78101733e-02  2.62097772e-02
  3.01270671e-02  3.74397263e-02  4.92988043e-02  5.68284318e-02  6.97839409e-02
  8.78998786e-02  1.04031183e-01  1.19401626e-01  1.34697244e-01  1.50411472e-01
  1.66992456e-01  1.84938073e-01  2.04891309e-01  2.27769360e-01  2.54650623e-01
  2.79909849e-01  2.93802738e-01  3.06867868e-01  3.08270574e-01  3.08757335e-01
  2.95908093e-01  2.81831205e-01  2.71441936e-01  2.63754845e-01  2.58002847e-01
  2.53704280e-01  2.50547558e-01  2.48319626e-01  2.46864736e-01  2.46061340e-01
  2.45809659e-01  2.46024325e-01  2.46630117e-01  2.47558951e-01  2.48747990e-01
  2.50138283e-01  2.51674145e-01  2.53302753e-01  2.54974306e-01  2.56642371e-01
  2.58264601e-01  2.59803265e-01  2.61226147e-01  2.62506932e-01  2.63625741e-01
  2.64569074e-01  2.65329659e-01  2.65905857e-01  2.66300946e-01  2.66522348e-01
  4.89078872e-02  3.98594886e-02  2.97428872e-02  1.83917191e-02  6.07292028e-03
 -6.41545141e-03 -2.16525719e-02 -2.16385648e-02 -2.08599586e-02 -8.75614677e-03
  1.18327548e-03  8.31645168e-03  1.35707706e-02  1.93610992e-02  2.64377221e-02
  3.29886712e-02  4.09904979e-02  5.07779978e-02  6.05372041e-02  7.25789964e-02
  8.69695693e-02  1.01532482e-01  1.16142832e-01  1.31037205e-01  1.46518826e-01
  1.62941635e-01  1.80744693e-01  2.00521603e-01  2.23144770e-01  2.49782979e-01
  2.75268912e-01  2.88474411e-01  3.02125365e-01  3.03028345e-01  3.04435045e-01
  2.91453063e-01  2.77921110e-01  2.68139482e-01  2.61040926e-01  2.55878896e-01
  2.52181739e-01  2.49637261e-01  2.48028666e-01  2.47197524e-01  2.47021750e-01
  2.47402146e-01  2.48254120e-01  2.49502212e-01  2.51076728e-01  2.52911478e-01
  2.54942238e-01  2.57106274e-01  2.59342164e-01  2.61590242e-01  2.63793826e-01
  2.65900254e-01  2.67862678e-01  2.69641370e-01  2.71205068e-01  2.72531658e-01
  2.73608476e-01  2.74431795e-01  2.75005937e-01  2.75341868e-01  2.75455743e-01
  4.33332659e-02  3.32846791e-02  2.16913335e-02  7.77350366e-03 -9.71249025e-03
 -1.98286530e-02 -2.58868691e-02 -2.24730857e-02 -1.60446502e-02 -6.26192940e-03
  2.87704705e-03  1.07189892e-02  1.77813470e-02  2.46239081e-02  3.16332132e-02
  3.90366986e-02  4.70659137e-02  5.58756478e-02  6.55434653e-02  7.61726871e-02
  8.77301395e-02  1.00019097e-01  1.12890325e-01  1.26323387e-01  1.40394717e-01
  1.55239582e-01  1.71026543e-01  1.87929571e-01  2.06051886e-01  2.25035056e-01
  2.42282122e-01  2.55132347e-01  2.64681160e-01  2.69261301e-01  2.70338804e-01
  2.66427308e-01  2.60637820e-01  2.55533457e-01  2.51515478e-01  2.48555452e-01
  2.46550500e-01  2.45390818e-01  2.44976059e-01  2.45217964e-01  2.46038556e-01
  2.47367337e-01  2.49138445e-01  2.51288295e-01  2.53753453e-01  2.56469309e-01
  2.59368896e-01  2.62382656e-01  2.65438825e-01  2.68464506e-01  2.71387786e-01
  2.74140418e-01  2.76661098e-01  2.78898448e-01  2.80813605e-01  2.82381982e-01
  2.83593535e-01  2.84452140e-01  2.84973353e-01  2.85182059e-01  2.85109192e-01
  4.03540693e-02  3.06714773e-02  1.98507607e-02  7.30786752e-03 -6.99133705e-03
 -1.30195208e-02 -1.25273708e-02 -8.44770111e-03 -2.57832557e-03  3.67301749e-03
  1.01104006e-02  1.65571067e-02  2.29847729e-02  2.94872057e-02  3.62012461e-02
  4.32618782e-02  5.07868826e-02  5.88685274e-02  6.75690919e-02  7.69178420e-02
  8.69060606e-02  9.74947959e-02  1.08639151e-01  1.20308466e-01  1.32488549e-01
  1.45167142e-01  1.58305302e-01  1.71789616e-01  1.85356408e-01  1.98504835e-01
  2.10520715e-01  2.20739082e-01  2.28748545e-01  2.34373868e-01  2.37690285e-01
  2.39043653e-01  2.39090875e-01  2.38569140e-01  2.38014549e-01  2.37730667e-01
  2.37867296e-01  2.38488093e-01  2.39610404e-01  2.41226435e-01  2.43314162e-01
  2.45842442e-01  2.48773158e-01  2.52061725e-01  2.55656540e-01  2.59498149e-01
  2.63518393e-01  2.67639756e-01  2.71775842e-01  2.75833249e-01  2.79714882e-01
  2.83325553e-01  2.86578149e-01  2.89400309e-01  2.91740179e-01  2.93569535e-01
  2.94884980e-01  2.95705706e-01  2.96069175e-01  2.96025485e-01  2.95631349e-01
  3.89789939e-02  3.06740049e-02  2.24690530e-02  1.44251240e-02  7.28737470e-03
  4.00876300e-03  4.36300784e-03  6.37177052e-03  9.55005921e-03  1.35668395e-02
  1.81590170e-02  2.31586341e-02  2.84803379e-02  3.41029316e-02  4.00470011e-02
  4.63539958e-02  5.30705601e-02  6.02380298e-02  6.78857118e-02  7.60271028e-02
  8.46589059e-02  9.37630832e-02  1.03310816e-01  1.13265164e-01  1.23579137e-01
  1.34187698e-01  1.44993961e-01  1.55851752e-01  1.66550875e-01  1.76817581e-01
  1.86344758e-01  1.94848731e-01  2.02125996e-01  2.08088771e-01  2.12779656e-01
  2.16368049e-01  2.19121084e-01  2.21346572e-01  2.23331228e-01  2.25304276e-01
  2.27430806e-01  2.29821324e-01  2.32545152e-01  2.35641956e-01  2.39129961e-01
  2.43011296e-01  2.47274756e-01  2.51896799e-01  2.56841034e-01  2.62056828e-01
  2.67476767e-01  2.73014516e-01  2.78563082e-01  2.83995718e-01  2.89170921e-01
  2.93942362e-01  2.98172683e-01  3.01748335e-01  3.04592043e-01  3.06670189e-01
  3.07994574e-01  3.08617264e-01  3.08620244e-01  3.08101803e-01  3.07163835e-01
  3.65076810e-02  2.92198546e-02  2.40000449e-02  2.03425232e-02  1.77360605e-02
  1.63101610e-02  1.61813553e-02  1.72156021e-02  1.91994030e-02  2.19422970e-02
  2.52927151e-02  2.91393027e-02  3.34091969e-02  3.80626917e-02  4.30853516e-02
  4.84791994e-02  5.42545393e-02  6.04231805e-02  6.69933856e-02  7.39664361e-02
  8.13347250e-02  8.90809000e-02  9.71774906e-02  1.05586097e-01  1.14255354e-01
  1.23117499e-01  1.32084131e-01  1.41042873e-01  1.49857670e-01  1.58375591e-01
  1.66441604e-01  1.73919097e-01  1.80710986e-01  1.86775476e-01  1.92133397e-01
  1.96865320e-01  2.01098680e-01  2.04987735e-01  2.08691910e-01  2.12358683e-01
  2.16113865e-01  2.20058575e-01  2.24270537e-01  2.28807047e-01  2.33708233e-01
  2.38999575e-01  2.44693309e-01  2.50788510e-01  2.57269502e-01  2.64102608e-01
  2.71230489e-01  2.78564662e-01  2.85976321e-01  2.93288887e-01  3.00279558e-01
  3.06697220e-01  3.12297523e-01  3.16880286e-01  3.20316494e-01  3.22562963e-01
  3.23666632e-01  3.23755145e-01  3.23009074e-01  3.21624607e-01  3.19783092e-01
  2.96044927e-02  1.96686648e-02  2.17299480e-02  2.33727731e-02  2.34282743e-02
  2.34739184e-02  2.39197649e-02  2.49005090e-02  2.64357664e-02  2.84955911e-02
  3.10341753e-02  3.40067595e-02  3.73773202e-02  4.11210135e-02  4.52234522e-02
  4.96782474e-02  5.44837974e-02  5.96400388e-02  6.51455671e-02  7.09952861e-02
  7.71787018e-02  8.36785808e-02  9.04699862e-02  9.75192562e-02  1.04782984e-01
  1.12206981e-01  1.19725741e-01  1.27262965e-01  1.34734094e-01  1.42051339e-01
  1.49131164e-01  1.55903310e-01  1.62319601e-01  1.68360665e-01  1.74039125e-01
  1.79398552e-01  1.84508294e-01  1.89455613e-01  1.94336578e-01  1.99247986e-01
  2.04281271e-01  2.09518835e-01  2.15032667e-01  2.20884278e-01  2.27125451e-01
  2.33799160e-01  2.40940049e-01  2.48574242e-01  2.56717622e-01  2.65371799e-01
  2.74516374e-01  2.84094900e-01  2.93990254e-01  3.03984702e-01  3.13711852e-01
  3.22665274e-01  3.30337942e-01  3.36354882e-01  3.40493649e-01  3.42682421e-01
  3.43028575e-01  3.41848433e-01  3.39587599e-01  3.36656868e-01  3.33360642e-01
  3.71953398e-02  3.12269032e-02  2.85464693e-02  2.80781053e-02  2.83896700e-02
  2.89456882e-02  2.96923574e-02  3.06816418e-02  3.19621377e-02  3.35612185e-02
  3.54891159e-02  3.77461351e-02  4.03284468e-02  4.32316251e-02  4.64523509e-02
  4.99886908e-02  5.38394786e-02  5.80032580e-02  6.24770448e-02  6.72551095e-02
  7.23279342e-02  7.76813030e-02  8.32956284e-02  8.91453400e-02  9.51986313e-02
  1.01417333e-01  1.07757472e-01  1.14170440e-01  1.20605156e-01  1.27011240e-01
  1.33343011e-01  1.39563784e-01  1.45650044e-01  1.51594445e-01  1.57407373e-01
  1.63116693e-01  1.68765619e-01  1.74409464e-01  1.80111617e-01  1.85939714e-01
  1.91962272e-01  1.98246509e-01  2.04857036e-01  2.11855516e-01  2.19301075e-01
  2.27251172e-01  2.35762775e-01  2.44893506e-01  2.54702538e-01  2.65250593e-01
  2.76597798e-01  2.88796753e-01  3.01874667e-01  3.15792829e-01  3.30303431e-01
  3.43767077e-01  3.54736507e-01  3.62872988e-01  3.67927730e-01  3.69700223e-01
  3.68027210e-01  3.63570213e-01  3.58266890e-01  3.52729797e-01  3.47271264e-01
  3.47363614e-02  2.61422433e-02  2.88628992e-02  3.17563713e-02  3.29914838e-02
  3.38619091e-02  3.46572399e-02  3.54997516e-02  3.64644676e-02  3.76031920e-02
  3.89517993e-02  4.05346081e-02  4.23679315e-02  4.44628149e-02  4.68269326e-02
  4.94656898e-02  5.23826703e-02  5.55796586e-02  5.90563752e-02  6.28100634e-02
  6.68350756e-02  7.11224526e-02  7.56596029e-02  8.04301426e-02  8.54138806e-02
  9.05870721e-02  9.59230512e-02  1.01393268e-01  1.06968768e-01  1.12622090e-01
  1.18329510e-01  1.24073297e-01  1.29843742e-01  1.35640770e-01  1.41474724e-01
  1.47366419e-01  1.53346390e-01  1.59453496e-01  1.65733203e-01  1.72235861e-01
  1.79015130e-01  1.86126992e-01  1.93629295e-01  2.01581866e-01  2.10047558e-01
  2.19093800e-01  2.28795215e-01  2.39237130e-01  2.50520736e-01  2.62770295e-01
  2.76144058e-01  2.90851295e-01  3.07179749e-01  3.25527579e-01  3.46204221e-01
  3.66692424e-01  3.80722731e-01  3.92437756e-01  3.98601413e-01  4.00015831e-01
  3.97395730e-01  3.87508273e-01  3.77270609e-01  3.68118048e-01  3.59999627e-01
  4.50780056e-02  3.97479199e-02  3.77332419e-02  3.78015749e-02  3.84053737e-02
  3.89870554e-02  3.94796915e-02  3.99353765e-02  4.04205732e-02  4.09929119e-02
  4.16978486e-02  4.25700247e-02  4.36355397e-02  4.49140221e-02  4.64203283e-02
  4.81657200e-02  5.01586385e-02  5.24051487e-02  5.49091063e-02  5.76722361e-02
  6.06940724e-02  6.39718994e-02  6.75006956e-02  7.12731257e-02  7.52796456e-02
  7.95087218e-02  8.39473307e-02  8.85816514e-02  9.33979824e-02  9.83839408e-02
  1.03529677e-01  1.08829148e-01  1.14281207e-01  1.19890481e-01  1.25667825e-01
  1.31630525e-01  1.37802050e-01  1.44211680e-01  1.50893718e-01  1.57886997e-01
  1.65234253e-01  1.72981903e-01  1.81180269e-01  1.89884230e-01  1.99154586e-01
  2.09060207e-01  2.19681382e-01  2.31114537e-01  2.43479311e-01  2.56929159e-01
  2.71667451e-01  2.87973464e-01  3.06245387e-01  3.27070862e-01  3.51222187e-01
  3.77076864e-01  3.95140767e-01  4.09452230e-01  4.18092608e-01  4.19885308e-01
  4.18109953e-01  4.06273454e-01  3.91961634e-01  3.79511952e-01  3.69109124e-01
  4.77275737e-02  4.07814048e-02  4.16622050e-02  4.37343419e-02  4.44132984e-02
  4.45615575e-02  4.44733426e-02  4.42886390e-02  4.40942124e-02  4.39511649e-02
  4.39050980e-02  4.39910516e-02  4.42364700e-02  4.46631536e-02  4.52886596e-02
  4.61272821e-02  4.71907295e-02  4.84886244e-02  5.00287972e-02  5.18175326e-02
  5.38597219e-02  5.61590418e-02  5.87180108e-02  6.15379661e-02  6.46190494e-02
  6.79602847e-02  7.15597421e-02  7.54149556e-02  7.95234293e-02  8.38833824e-02
  8.84944573e-02  9.33585018e-02  9.84801576e-02  1.03867210e-01  1.09530866e-01
  1.15485989e-01  1.21751174e-01  1.28348723e-01  1.35304570e-01  1.42648146e-01
  1.50412366e-01  1.58633769e-01  1.67352945e-01  1.76615387e-01  1.86472625e-01
  1.96984291e-01  2.08220646e-01  2.20266446e-01  2.33226165e-01  2.47231171e-01
  2.62449503e-01  2.79098451e-01  2.97458917e-01  3.17890465e-01  3.40870708e-01
  3.67105097e-01  3.91276985e-01  4.04462963e-01  4.17865306e-01  4.19767857e-01
  4.19959068e-01  4.12671894e-01  3.97090822e-01  3.83213431e-01  3.72004271e-01
  6.07321933e-02  5.59559837e-02  5.36951609e-02  5.27300462e-02  5.18429130e-02
  5.08259423e-02  4.97319847e-02  4.86233197e-02  4.75474633e-02  4.65411432e-02
  4.56342138e-02  4.48518097e-02  4.42155451e-02  4.37442511e-02  4.34545092e-02
  4.33610380e-02  4.34770398e-02  4.38144989e-02  4.43843938e-02  4.51968908e-02
  4.62616533e-02  4.75885123e-02  4.91875485e-02  5.10688052e-02  5.32418638e-02
  5.57155311e-02  5.84976301e-02  6.15950748e-02  6.50140941e-02  6.87607676e-02
  7.28416890e-02  7.72646070e-02  8.20387155e-02  8.71741474e-02  9.26819742e-02
  9.85744894e-02  1.04865715e-01  1.11571692e-01  1.18710585e-01  1.26302809e-01
  1.34371102e-01  1.42940894e-01  1.52040541e-01  1.61701947e-01  1.71961293e-01
  1.82860002e-01  1.94445968e-01  2.06774995e-01  2.19912514e-01  2.33935177e-01
  2.48932049e-01  2.65004814e-01  2.82265782e-01  3.00834537e-01  3.20845544e-01
  3.42601687e-01  3.67733240e-01  3.82624388e-01  3.92130345e-01  4.03148323e-01
  3.99050206e-01  4.02200520e-01  3.88582230e-01  3.76079410e-01  3.66974264e-01
  7.31768981e-02  6.93618208e-02  6.57449514e-02  6.25236928e-02  5.97325489e-02
  5.72313778e-02  5.49125373e-02  5.27247414e-02  5.06500639e-02  4.86873873e-02
  4.68438417e-02  4.51306179e-02  4.35608067e-02  4.21482585e-02  4.09069844e-02
  3.98508124e-02  3.89933214e-02  3.83479372e-02  3.79281230e-02  3.77467833e-02
  3.78159881e-02  3.81514505e-02  3.87718938e-02  3.96974869e-02  4.09484208e-02
  4.25438397e-02  4.45011333e-02  4.68355529e-02  4.95602414e-02  5.26867546e-02
  5.62262870e-02  6.01915903e-02  6.45981878e-02  6.94587529e-02  7.47830197e-02
  8.05792809e-02  8.68559927e-02  9.36226398e-02  1.00889482e-01  1.08667530e-01
  1.16968729e-01  1.25806153e-01  1.35194182e-01  1.45148769e-01  1.55687422e-01
  1.66829303e-01  1.78594887e-01  1.91005290e-01  2.04080954e-01  2.17838943e-01
  2.32288167e-01  2.47420892e-01  2.63198018e-01  2.79521912e-01  2.96181887e-01
  3.12726527e-01  3.28224063e-01  3.41404051e-01  3.51701081e-01  3.58950377e-01
  3.63017559e-01  3.64176750e-01  3.62642914e-01  3.59410435e-01  3.55689526e-01
  8.28589201e-02  7.95654655e-02  7.48972297e-02  7.03962520e-02  6.64530024e-02
  6.28413111e-02  5.94587401e-02  5.62497042e-02  5.31843789e-02  5.02492599e-02
  4.74413633e-02  4.47644740e-02  4.22266573e-02  3.98386829e-02  3.76128964e-02
  3.55624482e-02  3.37008052e-02  3.20421085e-02  3.06044072e-02  2.94042192e-02
  2.84402743e-02  2.77365819e-02  2.73262095e-02  2.72445008e-02  2.75259521e-02
  2.82024592e-02  2.93021388e-02  3.08483876e-02  3.28592174e-02  3.53472121e-02
  3.83214913e-02  4.17954698e-02  4.58110012e-02  5.03834188e-02  5.55156618e-02
  6.12064563e-02  6.74554780e-02  7.42667541e-02  8.16428214e-02  8.95846784e-02
  9.80927944e-02  1.07167237e-01  1.16807848e-01  1.27014175e-01  1.37785167e-01
  1.49118409e-01  1.61008954e-01  1.73447549e-01  1.86417818e-01  1.99892163e-01
  2.13825569e-01  2.28146538e-01  2.42743850e-01  2.57448047e-01  2.72008389e-01
  2.86074042e-01  2.99207777e-01  3.10963720e-01  3.20993066e-01  3.29090983e-01
  3.35198551e-01  3.39402288e-01  3.41931343e-01  3.43140632e-01  3.43427241e-01
  8.86173025e-02  8.50222111e-02  8.07976425e-02  7.62597620e-02  7.17431679e-02
  6.73582628e-02  6.31143898e-02  5.89994900e-02  5.50024658e-02  5.11178263e-02
  4.73457426e-02  4.36911061e-02  4.01625149e-02  3.67714129e-02  3.35311964e-02
  3.04559283e-02  2.75576431e-02  2.48398557e-02  2.23444402e-02  2.01485064e-02
  1.80850141e-02  1.62449647e-02  1.47000235e-02  1.35118077e-02  1.27350893e-02
  1.24184452e-02  1.26036890e-02  1.33244134e-02  1.46032488e-02  1.64466240e-02
  1.88340601e-02  2.16950569e-02  2.52924953e-02  2.95932684e-02  3.45640741e-02
  4.01756614e-02  4.64072004e-02  5.32779321e-02  6.07828237e-02  6.89092875e-02
  7.76457340e-02  8.69788080e-02  9.68936905e-02  1.07374780e-01  1.18404791e-01
  1.29963607e-01  1.42026797e-01  1.54563650e-01  1.67534560e-01  1.80887386e-01
  1.94553047e-01  2.08439961e-01  2.22427756e-01  2.36361355e-01  2.50048012e-01
  2.63261020e-01  2.75755107e-01  2.87292898e-01  2.97675163e-01  3.06764513e-01
  3.14497918e-01  3.20889115e-01  3.26021910e-01  3.30032617e-01  3.33083063e-01
  9.55296084e-02  9.22758952e-02  8.67267624e-02  8.12185928e-02  7.60321841e-02
  7.09457099e-02  6.59254342e-02  6.09680489e-02  5.60771301e-02  5.12588397e-02
  4.65212874e-02  4.18746285e-02  3.73313501e-02  3.29067670e-02  2.86199264e-02
  2.44952533e-02  2.05658320e-02  1.66595280e-02  1.28557095e-02  9.21923202e-03
  5.79073327e-03  2.63246731e-03 -1.87084908e-04 -2.59986590e-03 -4.54147207e-03
 -5.95296267e-03 -6.78202044e-03 -6.98378822e-03 -6.52144616e-03 -5.36624668e-03
 -3.49585945e-03 -8.87532835e-04  2.50376947e-03  6.68508140e-03  1.16295023e-02
  1.72647201e-02  2.34386660e-02  3.04141995e-02  3.81186903e-02  4.64955457e-02
  5.55309057e-02  6.51967600e-02  7.54613206e-02  8.62968713e-02  9.76737067e-02
  1.09559022e-01  1.21915549e-01  1.34700075e-01  1.47861525e-01  1.61338687e-01
  1.75057590e-01  1.88928947e-01  2.02845946e-01  2.16683298e-01  2.30298489e-01
  2.43536115e-01  2.56236166e-01  2.68245012e-01  2.79427350e-01  2.89676398e-01
  2.98920423e-01  3.07124943e-01  3.14290196e-01  3.20444852e-01  3.25637013e-01
  9.90202874e-02  9.52437073e-02  9.05344337e-02  8.51892009e-02  7.95661286e-02
  7.38312900e-02  6.80485368e-02  6.22509085e-02  5.64612597e-02  5.06977029e-02
  4.49758247e-02  3.93101797e-02  3.37155610e-02  2.82082427e-02  2.28073895e-02
  1.75366532e-02  1.22238789e-02  6.92103989e-03  1.69717066e-03 -3.37218540e-03
 -8.21029861e-03 -1.27377352e-02 -1.68749131e-02 -2.05449536e-02 -2.36758497e-02
 -2.62018852e-02 -2.80643832e-02 -2.92119272e-02 -2.96001472e-02 -2.91910265e-02
 -2.79517714e-02 -2.58534104e-02 -2.28706859e-02 -1.89897139e-02 -1.42106013e-02
 -8.54775310e-03 -2.02497910e-03  5.34680439e-03  1.34811895e-02  2.21845303e-02
  3.16431150e-02  4.17770781e-02  5.25099859e-02  6.38234541e-02  7.56792873e-02
  8.80366340e-02  1.00850403e-01  1.14071473e-01  1.27645344e-01  1.41510636e-01
  1.55597806e-01  1.69827923e-01  1.84112057e-01  1.98351294e-01  2.12437898e-01
  2.26257667e-01  2.39693701e-01  2.52630740e-01  2.64959663e-01  2.76581585e-01
  2.87410319e-01  2.97373950e-01  3.06414992e-01  3.14490050e-01  3.21569890e-01
  1.05374873e-01  1.01887450e-01  9.56724137e-02  8.92278329e-02  8.28269422e-02
  7.62991384e-02  6.96659312e-02  6.29659072e-02  5.62308133e-02  4.94842120e-02
  4.27439287e-02  3.60244364e-02  2.93385684e-02  2.26988066e-02  1.61190704e-02
  9.42443963e-03  2.66202516e-03 -4.10007685e-03 -1.07790595e-02 -1.72839761e-02
 -2.35210154e-02 -2.93970294e-02 -3.48223746e-02 -3.97130512e-02 -4.39921245e-02
 -4.75904532e-02 -5.04468642e-02 -5.25079146e-02 -5.37273511e-02 -5.40653914e-02
 -5.34879752e-02 -5.19661680e-02 -4.94761914e-02 -4.60003018e-02 -4.15272824e-02
 -3.60524058e-02 -2.95773670e-02 -2.21119728e-02 -1.36854062e-02 -4.34802193e-03
  5.84514625e-03  1.67416967e-02  2.80286558e-02  3.99737954e-02  5.24693169e-02
  6.54717684e-02  7.89274946e-02  9.27861705e-02  1.06995031e-01  1.21497385e-01
  1.36232167e-01  1.51133418e-01  1.66129962e-01  1.81145206e-01  1.96097374e-01
  2.10899994e-01  2.25462571e-01  2.39691302e-01  2.53489196e-01  2.66755998e-01
  2.79387325e-01  2.91274399e-01  3.02304387e-01  3.12363863e-01  3.21344942e-01
  1.09283052e-01  1.05322808e-01  9.98269171e-02  9.32006985e-02  8.59884098e-02
  7.85003975e-02  7.08751976e-02  6.31745011e-02  5.54284230e-02  4.76537645e-02
  3.98614816e-02  3.20599079e-02  2.42556091e-02  1.64510608e-02  8.46056174e-03
  3.21991276e-04 -7.89792091e-03 -1.61118004e-02 -2.42194422e-02 -3.21147516e-02
 -3.96913625e-02 -4.68467362e-02 -5.34849316e-02 -5.95182329e-02 -6.48678988e-02
 -6.94642365e-02 -7.32462108e-02 -7.61608556e-02 -7.81625062e-02 -7.92120472e-02
 -7.92762563e-02 -7.83272609e-02 -7.63422102e-02 -7.33030215e-02 -6.91961274e-02
 -6.40121326e-02 -5.77457361e-02 -5.03965504e-02 -4.19716202e-02 -3.24887745e-02
 -2.19829846e-02 -1.05241276e-02  1.77145656e-03  1.47506995e-02  2.80561168e-02
  4.19072807e-02  5.61940931e-02  7.08854422e-02  8.59357864e-02  1.01294748e-01
  1.16911352e-01  1.32734045e-01  1.48709834e-01  1.64783612e-01  1.80897400e-01
  1.96989506e-01  2.12993324e-01  2.28835240e-01  2.44431391e-01  2.59683132e-01
  2.74471194e-01  2.88649291e-01  3.02039981e-01  3.14436615e-01  3.25616509e-01
  1.17676765e-01  1.14297539e-01  1.06981158e-01  9.80759412e-02  8.91736746e-02
  8.03657994e-02  7.15924054e-02  6.28181323e-02  5.40247373e-02  4.52022702e-02
  3.63457166e-02  2.74550840e-02  1.85390115e-02  9.38138738e-03 -3.13125997e-06
 -9.55616217e-03 -1.91892702e-02 -2.87951902e-02 -3.82571965e-02 -4.74565886e-02
 -5.62782623e-02 -6.46143854e-02 -7.23665431e-02 -7.94465765e-02 -8.57766047e-02
 -9.12884101e-02 -9.59226117e-02 -9.96276364e-02 -1.02358870e-01 -1.04077831e-01
 -1.04751632e-01 -1.04352601e-01 -1.02858052e-01 -1.00250117e-01 -9.65155438e-02
 -9.16452929e-02 -8.56340677e-02 -7.84798712e-02 -7.01839700e-02 -6.07517101e-02
 -5.01952656e-02 -3.85396630e-02 -2.58319117e-02 -1.21552739e-02  2.34262180e-03
  1.74465347e-02  3.26850079e-02  4.83788140e-02  6.44552633e-02  8.08552057e-02
  9.75379422e-02  1.14469059e-01  1.31616369e-01  1.48948431e-01  1.66433632e-01
  1.84039101e-01  2.01728731e-01  2.19459802e-01  2.37177506e-01  2.54806101e-01
  2.72235543e-01  2.89302200e-01  3.05764079e-01  3.21277797e-01  3.35404068e-01
  1.23539761e-01  1.20519243e-01  1.11741066e-01  1.01283275e-01  9.11897719e-02
  8.13050643e-02  7.15075731e-02  6.17329367e-02  5.19409068e-02  4.21030708e-02
  3.21970247e-02  2.22015791e-02  1.20887291e-02  1.64643268e-03 -9.06699337e-03
 -1.99607648e-02 -3.09210233e-02 -4.18209732e-02 -5.25298454e-02 -6.29198626e-02
 -7.28710368e-02 -8.22739452e-02 -9.10308659e-02 -9.90558267e-02 -1.06273793e-01
 -1.12619504e-01 -1.18036173e-01 -1.22474149e-01 -1.25889838e-01 -1.28244787e-01
 -1.29505172e-01 -1.29641593e-01 -1.28629208e-01 -1.26448005e-01 -1.23083249e-01
 -1.18525594e-01 -1.12770945e-01 -1.05819725e-01 -9.76757631e-02 -8.83449167e-02
 -7.78342932e-02 -6.61531165e-02 -5.33166640e-02 -3.93558033e-02 -2.43350826e-02
 -8.38134717e-03  8.26716237e-03  2.52309106e-02  4.25497629e-02  6.01393543e-02
  7.80127794e-02  9.61673930e-02  1.14596970e-01  1.33296624e-01  1.52264729e-01
  1.71503350e-01  1.91017643e-01  2.10813835e-01  2.30894968e-01  2.51252711e-01
  2.71852046e-01  2.92603046e-01  3.13307375e-01  3.33543867e-01  3.52394134e-01
  1.23955667e-01  1.20114654e-01  1.12237401e-01  1.02184832e-01  9.16450024e-02
  8.10492784e-02  7.04506263e-02  5.98286837e-02  4.91520055e-02  3.83912809e-02
  2.75227521e-02  1.65317189e-02  5.18603716e-03 -6.50713360e-03 -1.84780303e-02
 -3.06173339e-02 -4.27933484e-02 -5.48652522e-02 -6.66929409e-02 -7.81437084e-02
 -8.90962258e-02 -9.94423479e-02 -1.09087385e-01 -1.17949322e-01 -1.25957519e-01
 -1.33051038e-01 -1.39176980e-01 -1.44288793e-01 -1.48344859e-01 -1.51307270e-01
 -1.53140947e-01 -1.53813481e-01 -1.53295234e-01 -1.51560321e-01 -1.48587748e-01
 -1.44362926e-01 -1.38878614e-01 -1.32135347e-01 -1.24140479e-01 -1.14906058e-01
 -1.04445800e-01 -9.27720293e-02 -7.98940510e-02 -6.58200234e-02 -5.05649373e-02
 -3.41675840e-02 -1.67190973e-02  1.59840588e-03  2.04632729e-02  3.91991958e-02
  5.82759790e-02  7.76791200e-02  9.74107534e-02  1.17485709e-01  1.37930408e-01
  1.58783495e-01  1.80097461e-01  2.01940566e-01  2.24398881e-01  2.47577921e-01
  2.71602958e-01  2.96615332e-01  3.22752535e-01  3.50059092e-01  3.77404004e-01
  1.28017649e-01  1.25019655e-01  1.14390247e-01  1.02355853e-01  9.09726098e-02
  7.97291398e-02  6.84746206e-02  5.71483262e-02  4.57099974e-02  3.41246910e-02
  2.23573316e-02  1.03651900e-02 -2.07315176e-03 -1.48987360e-02 -2.80073136e-02
 -4.12646495e-02 -5.45213595e-02 -6.76251203e-02 -8.04295316e-02 -9.27996784e-02
 -1.04615018e-01 -1.15770243e-01 -1.26174808e-01 -1.35751739e-01 -1.44435912e-01
 -1.52172327e-01 -1.58914044e-01 -1.64620280e-01 -1.69254348e-01 -1.72781810e-01
 -1.75168872e-01 -1.76381275e-01 -1.76384062e-01 -1.75142303e-01 -1.72623202e-01
 -1.68799013e-01 -1.63650364e-01 -1.57169029e-01 -1.49359256e-01 -1.40236691e-01
 -1.29824787e-01 -1.18149385e-01 -1.05232470e-01 -9.10874307e-02 -7.57185221e-02
 -5.91279492e-02 -4.13348824e-02 -2.24114843e-02 -2.54235067e-03  1.78875774e-02
  3.82247493e-02  5.88744432e-02  7.98617005e-02  1.01225503e-01  1.23018414e-01
  1.45310521e-01  1.68194979e-01  1.91795081e-01  2.16273934e-01  2.41848007e-01
  2.68808126e-01  2.97555536e-01  3.28683853e-01  3.63316506e-01  4.06577826e-01
  1.23687580e-01  1.19193248e-01  1.10922679e-01  1.00347325e-01  8.90100971e-02
  7.74337873e-02  6.57104775e-02  5.38305789e-02  4.17663828e-02  2.94904020e-02
  1.69816986e-02  4.00284585e-03 -9.44787450e-03 -2.32944489e-02 -3.74116711e-02
 -5.16471118e-02 -6.58381209e-02 -7.98241422e-02 -9.34547856e-02 -1.06594384e-01
 -1.19123846e-01 -1.30940869e-01 -1.41959101e-01 -1.52106777e-01 -1.61325216e-01
 -1.69566959e-01 -1.76793844e-01 -1.82974786e-01 -1.88083127e-01 -1.92093879e-01
 -1.94980949e-01 -1.96714073e-01 -1.97256625e-01 -1.96565166e-01 -1.94591269e-01
 -1.91285700e-01 -1.86604694e-01 -1.80516869e-01 -1.73009142e-01 -1.64088950e-01
 -1.53782934e-01 -1.42131194e-01 -1.29177839e-01 -1.14960372e-01 -9.95011851e-02
 -8.28045979e-02 -6.48641884e-02 -4.56851982e-02 -2.53280401e-02 -3.97736765e-03
  1.79657433e-02  3.97791043e-02  6.18918389e-02  8.43690112e-02  1.07276514e-01
  1.30697593e-01  1.54742822e-01  1.79559663e-01  2.05344826e-01  2.32361391e-01
  2.60963023e-01  2.91625738e-01  3.24985206e-01  3.61896515e-01  4.03790981e-01
  1.27423227e-01  1.24218859e-01  1.11417040e-01  9.83612314e-02  8.63764808e-02
  7.44585469e-02  6.23815805e-02  5.00715300e-02  3.74899879e-02  2.46041249e-02
  1.13726929e-02 -2.43200804e-03 -1.67552382e-02 -3.14837173e-02 -4.64659557e-02
 -6.15313016e-02 -7.65052810e-02 -9.12204981e-02 -1.05523326e-01 -1.19277261e-01
 -1.32364005e-01 -1.44683287e-01 -1.56152040e-01 -1.66703284e-01 -1.76284954e-01
 -1.84858382e-01 -1.92396462e-01 -1.98882282e-01 -2.04306766e-01 -2.08663851e-01
 -2.11944669e-01 -2.14131683e-01 -2.15194151e-01 -2.15085551e-01 -2.13743910e-01
 -2.11095631e-01 -2.07063019e-01 -2.01574951e-01 -1.94579020e-01 -1.86052412e-01
 -1.76007748e-01 -1.64489612e-01 -1.51563078e-01 -1.37298778e-01 -1.21756338e-01
 -1.04971327e-01 -8.69505703e-02 -6.76808134e-02 -4.71562557e-02 -2.54311338e-02
 -2.70238682e-03  2.05792394e-02  4.35938463e-02  6.69620112e-02  9.07051638e-02
  1.14886254e-01  1.39601827e-01  1.64983377e-01  1.91204771e-01  2.18495250e-01
  2.47159600e-01  2.77608633e-01  3.10397416e-01  3.46166492e-01  3.84258121e-01
  1.17916666e-01  1.12518869e-01  1.04330890e-01  9.41158757e-02  8.28512087e-02
  7.10156560e-02  5.87656423e-02  4.61436771e-02  3.31573524e-02  1.98053624e-02
  5.86373592e-03 -8.68597534e-03 -2.37691347e-02 -3.92501578e-02 -5.49585558e-02
 -7.07095787e-02 -8.63193125e-02 -1.01614565e-01 -1.16438396e-01 -1.30652592e-01
 -1.44138306e-01 -1.56795755e-01 -1.68543801e-01 -1.79319337e-01 -1.89076453e-01
 -1.97785795e-01 -2.05436051e-01 -2.12032184e-01 -2.17590123e-01 -2.22129345e-01
 -2.25664407e-01 -2.28197083e-01 -2.29709655e-01 -2.30160251e-01 -2.29481041e-01
 -2.27580070e-01 -2.24347576e-01 -2.19667494e-01 -2.13433459e-01 -2.05567464e-01
 -1.96036622e-01 -1.84862360e-01 -1.72116369e-01 -1.57900661e-01 -1.42321438e-01
 -1.25465631e-01 -1.07383996e-01 -8.80865976e-02 -6.75567538e-02 -4.57894467e-02
 -2.28622016e-02  9.53707844e-04  2.50420440e-02  4.92335185e-02  7.36007765e-02
  9.82167870e-02  1.23161502e-01  1.48527369e-01  1.74423903e-01  2.00981930e-01
  2.28358522e-01  2.56744951e-01  2.86387354e-01  3.17644060e-01  3.50681633e-01
  1.17543839e-01  1.12482570e-01  1.02837428e-01  9.14878100e-02  7.98279941e-02
  6.77629337e-02  5.52605391e-02  4.23190743e-02  2.89370194e-02  1.51078366e-02
  5.91101358e-04 -1.45819020e-02 -3.03017162e-02 -4.64072227e-02 -6.27095401e-02
 -7.90112019e-02 -9.51198339e-02 -1.10856608e-01 -1.26060709e-01 -1.40591040e-01
 -1.54326782e-01 -1.67167366e-01 -1.79032445e-01 -1.89861849e-01 -1.99616045e-01
 -2.08280176e-01 -2.15864643e-01 -2.22400486e-01 -2.27931321e-01 -2.32503578e-01
 -2.36156568e-01 -2.38913268e-01 -2.40772679e-01 -2.41703779e-01 -2.41641849e-01
 -2.40487650e-01 -2.38110617e-01 -2.34357968e-01 -2.29070395e-01 -2.22104624e-01
 -2.13359594e-01 -2.02799708e-01 -1.90466419e-01 -1.76470503e-01 -1.60961911e-01
 -1.44088313e-01 -1.25963882e-01 -1.06650494e-01 -8.61570537e-02 -6.44621626e-02
 -4.15659025e-02 -1.75775457e-02  7.15800095e-03  3.19113173e-02  5.66436127e-02
  8.14143792e-02  1.06267788e-01  1.31241560e-01  1.56366691e-01  1.81660935e-01
  2.07114160e-01  2.32658505e-01  2.58104920e-01  2.83010751e-01  3.06479156e-01
  1.14862874e-01  1.09223790e-01  1.00078195e-01  8.89930055e-02  7.71936178e-02
  6.48907050e-02  5.21072671e-02  3.88402306e-02  2.50782538e-02  1.08026415e-02
 -4.21916554e-03 -1.99240390e-02 -3.61760706e-02 -5.27936593e-02 -6.95729703e-02
 -8.63060653e-02 -1.02793224e-01 -1.18850261e-01 -1.34312049e-01 -1.49033919e-01
 -1.62892327e-01 -1.75785244e-01 -1.87632769e-01 -1.98377922e-01 -2.07992151e-01
 -2.16479689e-01 -2.23875061e-01 -2.30235547e-01 -2.35630766e-01 -2.40131289e-01
 -2.43798077e-01 -2.46673092e-01 -2.48771593e-01 -2.50075877e-01 -2.50530452e-01
 -2.50038981e-01 -2.48464167e-01 -2.45632321e-01 -2.41345316e-01 -2.35401809e-01
 -2.27627620e-01 -2.17910543e-01 -2.06229463e-01 -1.92665011e-01 -1.77382469e-01
 -1.60586163e-01 -1.42462566e-01 -1.23143777e-01 -1.02691643e-01 -8.11061189e-02
 -5.83618358e-02 -3.44784185e-02 -9.63061303e-03  1.57024395e-02  4.05760221e-02
  6.53331429e-02  8.99492055e-02  1.14405893e-01  1.38674423e-01  1.62702039e-01
  1.86396077e-01  2.09602669e-01  2.32080206e-01  2.53476113e-01  2.73331970e-01
  1.13920540e-01  1.08200639e-01  9.86197069e-02  8.71349573e-02  7.50555769e-02
  6.24921992e-02  4.94355522e-02  3.58713530e-02  2.17822846e-02  7.08076777e-03
 -8.39385204e-03 -2.45565306e-02 -4.12529260e-02 -5.82868867e-02 -7.54437149e-02
 -9.25075486e-02 -1.09272800e-01 -1.25550479e-01 -1.41171306e-01 -1.55987054e-01
 -1.69871479e-01 -1.82721436e-01 -1.94457889e-01 -2.05030203e-01 -2.14424670e-01
 -2.22666159e-01 -2.29812473e-01 -2.35944226e-01 -2.41152585e-01 -2.45527193e-01
 -2.49145478e-01 -2.52063960e-01 -2.54311115e-01 -2.55881637e-01 -2.56731302e-01
 -2.56772578e-01 -2.55871832e-01 -2.53849655e-01 -2.50487357e-01 -2.45543331e-01
 -2.38781989e-01 -2.30014086e-01 -2.19140083e-01 -2.06181377e-01 -1.91282645e-01
 -1.74676925e-01 -1.56618983e-01 -1.37318388e-01 -1.16906099e-01 -9.54292715e-02
 -7.28762075e-02 -4.92349342e-02 -2.45921277e-02  7.20768818e-04  2.59402692e-02
  5.07487953e-02  7.51672164e-02  9.91789252e-02  1.22740641e-01  1.45782024e-01
  1.68200746e-01  1.89856216e-01  2.10565567e-01  2.30106235e-01  2.48230189e-01
  1.13202475e-01  1.07410386e-01  9.74927917e-02  8.57023075e-02  7.33931214e-02
  6.06040955e-02  4.73090336e-02  3.34928371e-02  1.91458520e-02  4.04209923e-03
 -1.18317083e-02 -2.83816699e-02 -4.54427786e-02 -6.28093705e-02 -8.02592412e-02
 -9.75707993e-02 -1.14533864e-01 -1.30955517e-01 -1.46662936e-01 -1.61504909e-01
 -1.75353289e-01 -1.88104555e-01 -1.99682027e-01 -2.10044563e-01 -2.19194397e-01
 -2.27175727e-01 -2.34066516e-01 -2.39966139e-01 -2.44982004e-01 -2.49217272e-01
 -2.52760649e-01 -2.55678475e-01 -2.58008689e-01 -2.59755641e-01 -2.60885328e-01
 -2.61320531e-01 -2.60936141e-01 -2.59556472e-01 -2.56956726e-01 -2.52873600e-01
 -2.47029439e-01 -2.39172071e-01 -2.29126602e-01 -2.16843754e-01 -2.02423647e-01
 -1.86097369e-01 -1.68165103e-01 -1.48908913e-01 -1.28531203e-01 -1.07135519e-01
 -8.47400129e-02 -6.13245219e-02 -3.69140208e-02 -1.17029808e-02  1.37843937e-02
  3.85377109e-02  6.27840236e-02  8.64686221e-02  1.09534211e-01  1.31910563e-01
  1.53509378e-01  1.74222365e-01  1.93922564e-01  2.12469563e-01  2.29719222e-01
  1.11852698e-01  1.05692931e-01  9.61459801e-02  8.45972225e-02  7.22185075e-02
  5.92600666e-02  4.57554385e-02  3.17031369e-02  1.70940552e-02  1.68867107e-03
 -1.44981416e-02 -3.13539021e-02 -4.87005748e-02 -6.63233250e-02 -8.39935020e-02
 -1.01484917e-01 -1.18583806e-01 -1.35094181e-01 -1.50840566e-01 -1.65669724e-01
 -1.79452494e-01 -1.92085996e-01 -2.03497544e-01 -2.13656366e-01 -2.22579181e-01
 -2.30326474e-01 -2.36991957e-01 -2.42688790e-01 -2.47535631e-01 -2.51644343e-01
 -2.55110532e-01 -2.58006573e-01 -2.60376275e-01 -2.62230635e-01 -2.63543367e-01
 -2.64245957e-01 -2.64222234e-01 -2.63303518e-01 -2.61266738e-01 -2.57840037e-01
 -2.52721339e-01 -2.45615289e-01 -2.36287430e-01 -2.24624038e-01 -2.10674137e-01
 -1.94648787e-01 -1.76868156e-01 -1.57669380e-01 -1.37317523e-01 -1.15969881e-01
 -9.36800763e-02 -7.04376325e-02 -4.62438576e-02 -2.12289020e-02  4.18771431e-03
  2.91112494e-02  5.33433110e-02  7.68663362e-02  9.96459201e-02  1.21630743e-01
  1.42754138e-01  1.62936494e-01  1.82088926e-01  2.00118154e-01  2.16933116e-01
  1.13237828e-01  1.07513316e-01  9.67772305e-02  8.43811706e-02  7.17085898e-02
  5.85483387e-02  4.48393151e-02  3.05684935e-02  1.57277882e-02  7.73593565e-05
 -1.63547732e-02 -3.34448479e-02 -5.10061048e-02 -6.88174069e-02 -8.66457522e-02
 -1.04261883e-01 -1.21449694e-01 -1.38011292e-01 -1.53769642e-01 -1.68570489e-01
 -1.82284668e-01 -1.94810495e-01 -2.06079990e-01 -2.16071382e-01 -2.24812895e-01
 -2.32377037e-01 -2.38868549e-01 -2.44409770e-01 -2.49126285e-01 -2.53135026e-01
 -2.56535321e-01 -2.59402573e-01 -2.61783749e-01 -2.63693631e-01 -2.65110612e-01
 -2.65971988e-01 -2.66168118e-01 -2.65536398e-01 -2.63857424e-01 -2.60857075e-01
 -2.56221324e-01 -2.49629363e-01 -2.40807891e-01 -2.29596809e-01 -2.16003552e-01
 -2.00216293e-01 -1.82559982e-01 -1.63404390e-01 -1.43059283e-01 -1.21721931e-01
 -9.94741693e-02 -7.63165206e-02 -5.22391051e-02 -2.73328554e-02 -1.94537209e-03
  2.31291857e-02  4.73684333e-02  7.08113834e-02  9.34464782e-02  1.15235716e-01
  1.36125386e-01  1.56051934e-01  1.74946502e-01  1.92739293e-01  2.09364429e-01
  1.11474678e-01  1.04966730e-01  9.57229882e-02  8.43877718e-02  7.18333274e-02
  5.85170425e-02  4.45960723e-02  3.01119238e-02  1.50667829e-02 -7.79770373e-04
 -1.73959062e-02 -3.46539691e-02 -5.23637943e-02 -7.03016743e-02 -8.82328600e-02
 -1.05926938e-01 -1.23167008e-01 -1.39754578e-01 -1.55512229e-01 -1.70285702e-01
 -1.83946490e-01 -1.96394399e-01 -2.07565337e-01 -2.17443824e-01 -2.26065472e-01
 -2.33510152e-01 -2.39889070e-01 -2.45329544e-01 -2.49960706e-01 -2.53901720e-01
 -2.57253319e-01 -2.60091901e-01 -2.62465388e-01 -2.64389724e-01 -2.65845150e-01
 -2.66771197e-01 -2.67061055e-01 -2.66554892e-01 -2.65035063e-01 -2.62226909e-01
 -2.57811219e-01 -2.51455784e-01 -2.42869005e-01 -2.31868088e-01 -2.18438968e-01
 -2.02756703e-01 -1.85146287e-01 -1.65991187e-01 -1.45622432e-01 -1.24256395e-01
 -1.01987779e-01 -7.88207352e-02 -5.47359586e-02 -2.97954604e-02 -4.28684987e-03
  2.11066045e-02  4.51703034e-02  6.85317963e-02  9.11155194e-02  1.12858154e-01
  1.33697778e-01  1.53570712e-01  1.72412068e-01  1.90158233e-01  2.06750393e-01
  1.18379690e-01  1.13521419e-01  1.00696832e-01  8.66038576e-02  7.30046257e-02
  5.91923706e-02  4.49717678e-02  3.02739274e-02  1.50615377e-02 -9.22791660e-04
 -1.76549293e-02 -3.50104719e-02 -5.28007150e-02 -7.08028078e-02 -8.87826905e-02
 -1.06510632e-01 -1.23770446e-01 -1.40364349e-01 -1.56115651e-01 -1.70871019e-01
 -1.84502929e-01 -1.96912572e-01 -2.08037943e-01 -2.17866287e-01 -2.26436093e-01
 -2.33829781e-01 -2.40160555e-01 -2.45557010e-01 -2.50148863e-01 -2.54055321e-01
 -2.57376730e-01 -2.60188758e-01 -2.62538433e-01 -2.64440656e-01 -2.65874445e-01
 -2.66778111e-01 -2.67043322e-01 -2.66508728e-01 -2.64955103e-01 -2.62106270e-01
 -2.57642150e-01 -2.51230448e-01 -2.42580861e-01 -2.31513321e-01 -2.18017220e-01
 -2.02270612e-01 -1.84599698e-01 -1.65386543e-01 -1.44958466e-01 -1.23527780e-01
 -1.01185910e-01 -7.79360905e-02 -5.37629426e-02 -2.87416633e-02 -3.19004478e-03
  2.21485775e-02  4.64114249e-02  6.99196905e-02  9.26358029e-02  1.14510089e-01
  1.35483593e-01  1.55490428e-01  1.74460754e-01  1.92324460e-01  2.09015623e-01
  1.16113834e-01  1.10088192e-01  1.00003973e-01  8.74631107e-02  7.40079284e-02
  6.00708462e-02  4.57072519e-02  3.08959354e-02  1.56033151e-02 -4.32218047e-04
 -1.71946380e-02 -3.45652327e-02 -5.23593687e-02 -7.03572482e-02 -8.83272886e-02
 -1.06041901e-01 -1.23286851e-01 -1.39866218e-01 -1.55605048e-01 -1.70351595e-01
 -1.83979705e-01 -1.96391478e-01 -2.07524911e-01 -2.17366174e-01 -2.25951895e-01
 -2.33362272e-01 -2.39708081e-01 -2.45115623e-01 -2.49712393e-01 -2.53615528e-01
 -2.56923258e-01 -2.59708911e-01 -2.62016803e-01 -2.63858497e-01 -2.65208840e-01
 -2.66001254e-01 -2.66121775e-01 -2.65403181e-01 -2.63621420e-01 -2.60498285e-01
 -2.55717218e-01 -2.48957813e-01 -2.39950955e-01 -2.28544697e-01 -2.14756280e-01
 -1.98781952e-01 -1.80949256e-01 -1.61622688e-01 -1.41100854e-01 -1.19568616e-01
 -9.70969573e-02 -7.36806020e-02 -4.93134744e-02 -2.41064038e-02  1.55004987e-03
  2.67943628e-02  5.12833148e-02  7.50302896e-02  9.80136171e-02  1.20187141e-01
  1.41486302e-01  1.61832511e-01  1.81137443e-01  1.99308380e-01  2.16254801e-01
  1.19378738e-01  1.14214189e-01  1.02559574e-01  8.88334811e-02  7.50662908e-02
  6.10414296e-02  4.66524288e-02  3.18468027e-02  1.65852439e-02  6.05143723e-04
 -1.60860699e-02 -3.33766341e-02 -5.10875434e-02 -6.90035447e-02 -8.68968144e-02
 -1.04542986e-01 -1.21730812e-01 -1.38267159e-01 -1.53979719e-01 -1.68718994e-01
 -1.82360411e-01 -1.94806784e-01 -2.05994263e-01 -2.15904385e-01 -2.24567428e-01
 -2.32056528e-01 -2.38475576e-01 -2.43944734e-01 -2.48586252e-01 -2.52512753e-01
 -2.55818307e-01 -2.58571982e-01 -2.60813266e-01 -2.62547880e-01 -2.63743609e-01
 -2.64325380e-01 -2.64169961e-01 -2.63101190e-01 -2.60888785e-01 -2.57254899e-01
 -2.51894504e-01 -2.44514167e-01 -2.34887391e-01 -2.22913638e-01 -2.08656579e-01
 -1.92337841e-01 -1.74278766e-01 -1.54805586e-01 -1.34165451e-01 -1.12496138e-01
 -8.98342356e-02 -6.61598369e-02 -4.14799228e-02 -1.59565527e-02  9.91803035e-03
  3.51228006e-02  5.97475283e-02  8.37684572e-02  1.07141443e-01  1.29801989e-01
  1.51664481e-01  1.72622144e-01  1.92549184e-01  2.11306259e-01  2.28750288e-01
  1.18033960e-01  1.12354457e-01  1.02064289e-01  8.93199816e-02  7.58525729e-02
  6.19767383e-02  4.77136001e-02  3.30406018e-02  1.79273337e-02  2.11653020e-03
 -1.43936323e-02 -3.14999819e-02 -4.90309112e-02 -6.67772442e-02 -8.45161304e-02
 -1.02027431e-01 -1.19103722e-01 -1.35555506e-01 -1.51213869e-01 -1.65932208e-01
 -1.79588005e-01 -1.92084804e-01 -2.03355983e-01 -2.13375732e-01 -2.22163960e-01
 -2.29782104e-01 -2.36322552e-01 -2.41895035e-01 -2.46612892e-01 -2.50581086e-01
 -2.53886789e-01 -2.56592304e-01 -2.58729726e-01 -2.60296136e-01 -2.61249304e-01
 -2.61502892e-01 -2.60922134e-01 -2.59321451e-01 -2.56467134e-01 -2.52089441e-01
 -2.45908782e-01 -2.37678051e-01 -2.27234483e-01 -2.14545995e-01 -1.99729398e-01
 -1.83025196e-01 -1.64730072e-01 -1.45109385e-01 -1.24343075e-01 -1.02511212e-01
 -7.96126351e-02 -5.56185767e-02 -3.05654854e-02 -4.69209626e-03  2.13861335e-02
  4.65117358e-02  7.13178888e-02  9.57301557e-02  1.19681485e-01  1.43092036e-01
  1.65856034e-01  1.87832147e-01  2.08838090e-01  2.28652552e-01  2.47029170e-01
  1.18786767e-01  1.13444760e-01  1.02832817e-01  8.99114236e-02  7.65665099e-02
  6.28968179e-02  4.88621816e-02  3.44302021e-02  1.95735637e-02  4.04375792e-03
 -1.21731209e-02 -2.89855022e-02 -4.62317169e-02 -6.37106225e-02 -8.12057331e-02
 -9.85021591e-02 -1.15397073e-01 -1.31705284e-01 -1.47261962e-01 -1.61924019e-01
 -1.75571516e-01 -1.88109070e-01 -1.99467689e-01 -2.09612831e-01 -2.18551055e-01
 -2.26328000e-01 -2.33019859e-01 -2.38721222e-01 -2.43532017e-01 -2.47545525e-01
 -2.50838369e-01 -2.53462762e-01 -2.55440235e-01 -2.56756574e-01 -2.57357150e-01
 -2.57143140e-01 -2.55969077e-01 -2.53644228e-01 -2.49940544e-01 -2.44611159e-01
 -2.37421617e-01 -2.28191584e-01 -2.16837451e-01 -2.03399464e-01 -1.88037485e-01
 -1.70989156e-01 -1.52499184e-01 -1.32757619e-01 -1.11871839e-01 -8.98669362e-02
 -6.67176023e-02 -4.24159840e-02 -1.70824062e-02  8.87820218e-03  3.45950201e-02
  6.00381419e-02  8.52577090e-02  1.10263228e-01  1.35036573e-01  1.59529537e-01
  1.83651984e-01  2.07252070e-01  2.30090380e-01  2.51816958e-01  2.71976411e-01
  1.18289202e-01  1.13067612e-01  1.02668427e-01  9.00789499e-02  7.71057308e-02
  6.37877434e-02  5.00860028e-02  3.59841436e-02  2.14722715e-02  6.33120118e-03
 -9.47869290e-03 -2.58829333e-02 -4.27327231e-02 -5.98369129e-02 -7.69867823e-02
 -9.39736515e-02 -1.10599950e-01 -1.26685306e-01 -1.42069370e-01 -1.56613052e-01
 -1.70199469e-01 -1.82734698e-01 -1.94148660e-01 -2.04398662e-01 -2.13476539e-01
 -2.21409112e-01 -2.28252247e-01 -2.34080538e-01 -2.38975450e-01 -2.43013635e-01
 -2.46256754e-01 -2.48742938e-01 -2.50480056e-01 -2.51440376e-01 -2.51556486e-01
 -2.50719130e-01 -2.48778120e-01 -2.45548293e-01 -2.40823537e-01 -2.34400213e-01
 -2.26109341e-01 -2.15851501e-01 -2.03623295e-01 -1.89522699e-01 -1.73725218e-01
 -1.56432465e-01 -1.37817442e-01 -1.17992349e-01 -9.69978049e-02 -7.48182982e-02
 -5.14290929e-02 -2.68825013e-02 -1.44234160e-03  2.42341217e-02  4.98245955e-02
  7.53802955e-02  1.00951299e-01  1.26582250e-01  1.52309507e-01  1.78154722e-01
  2.04110771e-01  2.30112374e-01  2.55973279e-01  2.81254321e-01  3.05064023e-01
  1.15617432e-01  1.09923936e-01  1.01058602e-01  8.99207667e-02  7.76437595e-02
  6.47545829e-02  5.14185466e-02  3.76746319e-02  2.35161018e-02  8.90942384e-03
 -6.36884524e-03 -2.22462360e-02 -3.85827273e-02 -5.51969893e-02 -7.18890131e-02
 -8.84572491e-02 -1.04710035e-01 -1.20472111e-01 -1.35587737e-01 -1.49921954e-01
 -1.63360968e-01 -1.75812557e-01 -1.87206328e-01 -1.97493955e-01 -2.06653371e-01
 -2.14691535e-01 -2.21641093e-01 -2.27552548e-01 -2.32484028e-01 -2.36490637e-01
 -2.39614382e-01 -2.41875663e-01 -2.43266493e-01 -2.43745625e-01 -2.43235931e-01
 -2.41624966e-01 -2.38769770e-01 -2.34507814e-01 -2.28675038e-01 -2.21130088e-01
 -2.11781159e-01 -2.00607717e-01 -1.87668025e-01 -1.73085630e-01 -1.57013491e-01
 -1.39592648e-01 -1.20923176e-01 -1.01048909e-01 -7.99619257e-02 -5.76321781e-02
 -3.40689197e-02 -9.42122657e-03  1.58812199e-02  4.09709439e-02  6.62374124e-02
  9.17130560e-02  1.17462009e-01  1.43571824e-01  1.70151651e-01  1.97333589e-01
  2.25276381e-01  2.54172862e-01  2.84270436e-01  3.15927982e-01  3.49313319e-01
  1.22964308e-01  1.19548790e-01  1.05314061e-01  9.14557427e-02  7.87010938e-02
  6.59135878e-02  5.28806038e-02  3.95387448e-02  2.58546323e-02  1.17997201e-02
 -2.87682214e-03 -1.81302559e-02 -3.38420942e-02 -4.98479307e-02 -6.59606680e-02
 -8.19883570e-02 -9.77464542e-02 -1.13065183e-01 -1.27793297e-01 -1.41799480e-01
 -1.54972643e-01 -1.67221814e-01 -1.78475857e-01 -1.88683093e-01 -1.97810784e-01
 -2.05847487e-01 -2.12802187e-01 -2.18699202e-01 -2.23570213e-01 -2.27445126e-01
 -2.30343223e-01 -2.32265383e-01 -2.33188257e-01 -2.33060777e-01 -2.31803879e-01
 -2.29314074e-01 -2.25471810e-01 -2.20155075e-01 -2.13257343e-01 -2.04706892e-01
 -1.94482878e-01 -1.82621494e-01 -1.69207543e-01 -1.54349715e-01 -1.38153806e-01
 -1.20699830e-01 -1.02027386e-01 -8.21355060e-02 -6.10022470e-02 -3.86306085e-02
 -1.51282242e-02  9.17441119e-03  3.35769132e-02  5.81484176e-02  8.29741582e-02
  1.08143315e-01  1.33764312e-01  1.59975097e-01  1.86953709e-01  2.14932412e-01
  2.44218200e-01  2.75223166e-01  3.08502734e-01  3.44696969e-01  3.83152485e-01
  1.15937471e-01  1.10831983e-01  1.02152482e-01  9.11152214e-02  7.91490451e-02
  6.68115169e-02  5.42213097e-02  4.13808227e-02  2.82670166e-02  1.48515403e-02
  8.75149912e-04 -1.36434147e-02 -2.86095776e-02 -4.38790731e-02 -5.92805445e-02
 -7.46336058e-02 -8.97618458e-02 -1.04501121e-01 -1.18704140e-01 -1.32242307e-01
 -1.45006105e-01 -1.56904727e-01 -1.67865381e-01 -1.77832291e-01 -1.86765552e-01
 -1.94639549e-01 -2.01442435e-01 -2.07173660e-01 -2.11838692e-01 -2.15442151e-01
 -2.17980996e-01 -2.19438583e-01 -2.19780669e-01 -2.18954071e-01 -2.16888696e-01
 -2.13503391e-01 -2.08715379e-01 -2.02452838e-01 -1.94667891e-01 -1.85347170e-01
 -1.74515635e-01 -1.62229702e-01 -1.48562998e-01 -1.33589938e-01 -1.17369182e-01
 -9.99324396e-02 -8.12833235e-02 -6.14115000e-02 -4.03278582e-02 -1.81273855e-02
  4.91558667e-03  2.82249115e-02  5.17277718e-02  7.54802674e-02  9.95558128e-02
  1.24047056e-01  1.49072409e-01  1.74785480e-01  2.01387689e-01  2.29145840e-01
  2.58416295e-01  2.89676756e-01  3.23563188e-01  3.60929102e-01  4.03200924e-01
  1.19574338e-01  1.16416343e-01  1.04316793e-01  9.13412347e-02  7.92829469e-02
  6.73083887e-02  5.52351847e-02  4.29997258e-02  3.05636562e-02  1.78951304e-02
  4.73437551e-03 -8.92529450e-03 -2.30143704e-02 -3.74105275e-02 -5.19599803e-02
 -6.64953142e-02 -8.08489844e-02 -9.48625207e-02 -1.08391896e-01 -1.21310085e-01
 -1.33507773e-01 -1.44892931e-01 -1.55389786e-01 -1.64937586e-01 -1.73488945e-01
 -1.81008041e-01 -1.87468320e-01 -1.92849874e-01 -1.97136670e-01 -2.00312704e-01
 -2.02357724e-01 -2.03243673e-01 -2.02933118e-01 -2.01379776e-01 -1.98531896e-01
 -1.94338128e-01 -1.88755304e-01 -1.81756333e-01 -1.73336014e-01 -1.63511783e-01
 -1.52320504e-01 -1.39810771e-01 -1.26032412e-01 -1.11025684e-01 -9.48142558e-02
 -7.74053261e-02 -5.88015504e-02 -3.90295945e-02 -1.81904212e-02  3.46442731e-03
  2.54342109e-02  4.76079956e-02  7.00139850e-02  9.26930979e-02  1.15701444e-01
  1.39113531e-01  1.63027078e-01  1.87569767e-01  2.12908775e-01  2.39264458e-01
  2.66931206e-01  2.96313465e-01  3.28006804e-01  3.63132566e-01  4.06792343e-01
  1.12708651e-01  1.08092695e-01  9.98708829e-02  8.94573405e-02  7.83622190e-02
  6.70829192e-02  5.57020567e-02  4.42063399e-02  3.25666294e-02  2.07572691e-02
  8.53979774e-03 -4.12764354e-03 -1.72024071e-02 -3.05844657e-02 -4.41381335e-02
 -5.77097200e-02 -7.11412132e-02 -8.42799693e-02 -9.69849154e-02 -1.09129801e-01
 -1.20604433e-01 -1.31314427e-01 -1.41180262e-01 -1.50135785e-01 -1.58126548e-01
 -1.65107757e-01 -1.71042249e-01 -1.75898194e-01 -1.79646835e-01 -1.82260185e-01
 -1.83709159e-01 -1.83962524e-01 -1.82987064e-01 -1.80749133e-01 -1.77217692e-01
 -1.72368094e-01 -1.66186020e-01 -1.58670262e-01 -1.49833396e-01 -1.39699683e-01
 -1.28300324e-01 -1.15667209e-01 -1.01826720e-01 -8.67963657e-02 -7.05871060e-02
 -5.32151945e-02 -3.47276218e-02 -1.52448956e-02  4.97888401e-03  2.54791118e-02
  4.61983122e-02  6.71371296e-02  8.83040875e-02  1.09716944e-01  1.31404191e-01
  1.53406560e-01  1.75779000e-01  1.98592648e-01  2.21936896e-01  2.45921195e-01
  2.70675540e-01  2.96347320e-01  3.23082715e-01  3.50942552e-01  3.78812253e-01
  1.12120487e-01  1.08771183e-01  9.87973586e-02  8.73874202e-02  7.66242221e-02
  6.60509467e-02  5.54915182e-02  4.48671281e-02  3.41285765e-02  2.32345220e-02
  1.21381888e-02  6.07002061e-04 -1.13192415e-02 -2.35531945e-02 -3.59741375e-02
 -4.84418310e-02 -6.08085394e-02 -7.29283616e-02 -8.46637487e-02 -9.58893672e-02
 -1.06493935e-01 -1.16380505e-01 -1.25465736e-01 -1.33678660e-01 -1.40958980e-01
 -1.47255376e-01 -1.52523711e-01 -1.56725273e-01 -1.59825280e-01 -1.61791623e-01
 -1.62594229e-01 -1.62204891e-01 -1.60598010e-01 -1.57751888e-01 -1.53650433e-01
 -1.48284912e-01 -1.41654924e-01 -1.33768424e-01 -1.24640197e-01 -1.14289112e-01
 -1.02734633e-01 -8.99939239e-02 -7.60813951e-02 -6.10129908e-02 -4.48183008e-02
 -2.75641978e-02 -9.39374324e-03  9.41262487e-03  2.83924881e-02  4.76292185e-02
  6.70954287e-02  8.67695510e-02  1.06635787e-01  1.26684055e-01  1.46909907e-01
  1.67314231e-01  1.87902227e-01  2.08681300e-01  2.29656801e-01  2.50823766e-01
  2.72151768e-01  2.93556809e-01  3.14848065e-01  3.35611820e-01  3.54929715e-01
  1.03773624e-01  9.94809121e-02  9.19749662e-02  8.28577578e-02  7.34756961e-02
  6.40440360e-02  5.45501709e-02  4.49698716e-02  3.52838412e-02  2.54753176e-02
  1.55288605e-02  5.20092342e-03 -5.48763294e-03 -1.64689999e-02 -2.76413355e-02
 -3.88809405e-02 -5.00531308e-02 -6.10211827e-02 -7.16530606e-02 -8.18258449e-02
 -9.14282501e-02 -1.00361563e-01 -1.08539529e-01 -1.15887441e-01 -1.22340925e-01
 -1.27844498e-01 -1.32350191e-01 -1.35816216e-01 -1.38205990e-01 -1.39487341e-01
 -1.39632300e-01 -1.38617039e-01 -1.36422276e-01 -1.33033872e-01 -1.28443241e-01
 -1.22647591e-01 -1.15649506e-01 -1.07455939e-01 -9.80767459e-02 -8.75232965e-02
 -7.58080259e-02 -6.29464164e-02 -4.89630289e-02 -3.39037664e-02 -1.78562291e-02
 -9.80214681e-04  1.64665803e-02  3.39439139e-02  5.17478250e-02  6.98189512e-02
  8.81083682e-02  1.06572799e-01  1.25172347e-01  1.43869370e-01  1.62627563e-01
  1.81410760e-01  2.00181052e-01  2.18895406e-01  2.37500176e-01  2.55922228e-01
  2.74055481e-01  2.91741341e-01  3.08743328e-01  3.24723363e-01  3.39246452e-01
  9.54384953e-02  9.07472670e-02  8.45857635e-02  7.73317218e-02  6.94968477e-02
  6.13548160e-02  5.30272685e-02  4.45686914e-02  3.60040069e-02  2.73447372e-02
  1.85962226e-02  9.52635240e-03  1.42968944e-04 -9.50468332e-03 -1.93346180e-02
 -2.92417053e-02 -3.91069762e-02 -4.88058031e-02 -5.82144670e-02 -6.72150031e-02
 -7.56982639e-02 -8.35656300e-02 -9.07295048e-02 -9.71130505e-02 -1.02649465e-01
 -1.07280955e-01 -1.10957660e-01 -1.13636702e-01 -1.15281351e-01 -1.15860425e-01
 -1.15347914e-01 -1.13722749e-01 -1.10968672e-01 -1.07074112e-01 -1.02031916e-01
 -9.58389491e-02 -8.84955600e-02 -8.00051689e-02 -7.03744441e-02 -5.96148334e-02
 -4.77466509e-02 -3.48075405e-02 -2.08654851e-02 -6.04094891e-03  9.46886092e-03
  2.53075473e-02  4.15532142e-02  5.81113435e-02  7.49530494e-02  9.20329019e-02
  1.09297954e-01  1.26691163e-01  1.44152701e-01  1.61620364e-01  1.79029703e-01
  1.96313709e-01  2.13402033e-01  2.30219185e-01  2.46681526e-01  2.62692720e-01
  2.78137624e-01  2.92875767e-01  3.06736618e-01  3.19520891e-01  3.31013530e-01
  9.03649777e-02  8.62291008e-02  7.97263905e-02  7.26708695e-02  6.56255409e-02
  5.84452711e-02  5.11419550e-02  4.37452979e-02  3.62802856e-02  2.87663769e-02
  2.12221723e-02  1.34421987e-02  5.40948985e-03 -2.84709898e-03 -1.12653682e-02
 -1.97592694e-02 -2.82271076e-02 -3.65587436e-02 -4.46416810e-02 -5.23658581e-02
 -5.96271046e-02 -6.63293898e-02 -7.23859668e-02 -7.77197704e-02 -8.22631419e-02
 -8.59573036e-02 -8.87515619e-02 -9.06025544e-02 -9.14734676e-02 -9.13334712e-02
 -9.01571438e-02 -8.79239887e-02 -8.46179873e-02 -8.02271292e-02 -7.47431293e-02
 -6.81613684e-02 -6.04813024e-02 -5.17079048e-02 -4.18550819e-02 -3.09505239e-02
 -1.90440100e-02 -6.22754265e-03  7.35712610e-03  2.14646384e-02  3.59312221e-02
  5.08910716e-02  6.62769377e-02  8.20218027e-02  9.80642736e-02  1.14340395e-01
  1.30780905e-01  1.47310376e-01  1.63847208e-01  1.80304050e-01  1.96588874e-01
  2.12606311e-01  2.28259102e-01  2.43449464e-01  2.58079678e-01  2.72052079e-01
  2.85268068e-01  2.97627181e-01  3.09026867e-01  3.19364965e-01  3.28545243e-01
  8.37088525e-02  7.92177692e-02  7.38453120e-02  6.78611770e-02  6.16162941e-02
  5.52710630e-02  4.88809347e-02  4.24698330e-02  3.60513031e-02  2.96330918e-02
  2.32165344e-02  1.67909991e-02  1.01468759e-02  3.31574795e-03 -3.65000125e-03
 -1.06794918e-02 -1.76875796e-02 -2.45797560e-02 -3.12569588e-02 -3.76198180e-02
 -4.35720645e-02 -4.90230843e-02 -5.38895652e-02 -5.80963828e-02 -6.15768731e-02
 -6.42726198e-02 -6.61329627e-02 -6.71143606e-02 -6.71797693e-02 -6.62981048e-02
 -6.44438192e-02 -6.15964271e-02 -5.77399731e-02 -5.28626852e-02 -4.69573103e-02
 -4.00226898e-02 -3.20653617e-02 -2.31028888e-02 -1.31763881e-02 -2.35544634e-03
  9.27581638e-03  2.15014778e-02  3.41873094e-02  4.74913158e-02  6.13296628e-02
  7.56602064e-02  9.04316232e-02  1.05585642e-01  1.21057659e-01  1.36775017e-01
  1.52655184e-01  1.68604478e-01  1.84517592e-01  2.00278327e-01  2.15761885e-01
  2.30838656e-01  2.45379537e-01  2.59261668e-01  2.72373974e-01  2.84621358e-01
  2.95927048e-01  3.06232899e-01  3.15498173e-01  3.23697567e-01  3.30819696e-01
  7.91486874e-02  7.55029842e-02  6.91521987e-02  6.29860237e-02  5.72298504e-02
  5.16101904e-02  4.60799560e-02  4.06259187e-02  3.52433771e-02  2.99318880e-02
  2.46948190e-02  1.95401367e-02  1.42438225e-02  8.82069115e-03  3.30627500e-03
 -2.24592583e-03 -7.76817696e-03 -1.31825740e-02 -1.84050407e-02 -2.33490076e-02
 -2.79285908e-02 -3.20612304e-02 -3.56697217e-02 -3.86835039e-02 -4.10393178e-02
 -4.26812470e-02 -4.35603969e-02 -4.36342955e-02 -4.28663939e-02 -4.12259623e-02
 -3.86888273e-02 -3.52374278e-02 -3.08602843e-02 -2.55511384e-02 -1.93096250e-02
 -1.21507710e-02 -4.10409179e-03  4.80462378e-03  1.44712506e-02  2.46687233e-02
  3.56130078e-02  4.72247414e-02  5.94480336e-02  7.22632259e-02  8.56366605e-02
  9.95309874e-02  1.13902643e-01  1.28700018e-01  1.43861219e-01  1.59311429e-01
  1.74959630e-01  1.90695643e-01  2.06387982e-01  2.21883506e-01  2.37010464e-01
  2.51585722e-01  2.65426427e-01  2.78364360e-01  2.90259987e-01  3.01013410e-01
  3.10569942e-01  3.18920046e-01  3.26093644e-01  3.32150042e-01  3.37165713e-01
  7.10905939e-02  6.67618364e-02  6.19430877e-02  5.68914078e-02  5.19147776e-02
  4.71177436e-02  4.24990617e-02  3.80357020e-02  3.37088220e-02  2.95097064e-02
  2.54410673e-02  2.15188991e-02  1.75389927e-02  1.34938248e-02  9.40364413e-03
  5.30767767e-03  1.25890423e-03 -2.67982832e-03 -6.43906463e-03 -9.94561054e-03
 -1.31251374e-02 -1.59047432e-02 -1.82156041e-02 -1.99946836e-02 -2.11855657e-02
 -2.17386112e-02 -2.16105282e-02 -2.07633581e-02 -1.91631243e-02 -1.67796984e-02
 -1.35942083e-02 -9.60060023e-03 -4.80476394e-03  7.81687500e-04  7.16472557e-03
  1.42816380e-02  2.19793897e-02  3.04667894e-02  3.96828763e-02  4.95758168e-02
  6.01410195e-02  7.13592768e-02  8.32093135e-02  9.56724659e-02  1.08728245e-01
  1.22352779e-01  1.36516675e-01  1.51182294e-01  1.66300163e-01  1.81804284e-01
  1.97606146e-01  2.13587523e-01  2.29592726e-01  2.45422229e-01  2.60831326e-01
  2.75539756e-01  2.89256006e-01  3.01713109e-01  3.12703967e-01  3.22104961e-01
  3.29886138e-01  3.36109847e-01  3.40916961e-01  3.44500244e-01  3.47067982e-01
  6.39195442e-02  6.00930341e-02  5.46609275e-02  4.96364720e-02  4.53755707e-02
  4.15270291e-02  3.79506312e-02  3.45716514e-02  3.13511193e-02  2.82725655e-02
  2.53336616e-02  2.25392226e-02  1.98917966e-02  1.71936955e-02  1.44779040e-02
  1.17829870e-02  9.15437285e-03  6.64360961e-03  4.30714339e-03  2.20524753e-03
  4.01195342e-04 -1.04029325e-03 -2.05989461e-03 -2.60532624e-03 -2.63179722e-03
 -2.10222229e-03 -9.87014268e-04  7.37756258e-04  3.09733488e-03  6.14004349e-03
  9.87537205e-03  1.42826345e-02  1.93013661e-02  2.48008016e-02  3.10705490e-02
  3.80469821e-02  4.56902273e-02  5.40049300e-02  6.29828498e-02  7.26138204e-02
  8.28927830e-02  9.38157290e-02  1.05379537e-01  1.17582105e-01  1.30421430e-01
  1.43894374e-01  1.57994881e-01  1.72711298e-01  1.88022435e-01  2.03891680e-01
  2.20258191e-01  2.37023994e-01  2.54035354e-01  2.71057397e-01  2.87745416e-01
  3.03631067e-01  3.18166703e-01  3.30845803e-01  3.41314077e-01  3.49396616e-01
  3.55097264e-01  3.58596623e-01  3.60247344e-01  3.60527664e-01  3.59912187e-01
  5.17992266e-02  4.71454300e-02  4.31814864e-02  3.98971476e-02  3.71387899e-02
  3.46917138e-02  3.24221775e-02  3.02724820e-02  2.82264091e-02  2.62887925e-02
  2.44765002e-02  2.28158515e-02  2.13453230e-02  1.98794585e-02  1.84346624e-02
  1.70417298e-02  1.57376751e-02  1.45625621e-02  1.35583086e-02  1.27692558e-02
  1.22467633e-02  1.20647699e-02  1.22720264e-02  1.29050184e-02  1.39912562e-02
  1.55481929e-02  1.75786968e-02  2.00610422e-02  2.29269806e-02  2.64496617e-02
  3.05842198e-02  3.53025943e-02  4.05832119e-02  4.64159623e-02  5.28327562e-02
  5.98410107e-02  6.74423948e-02  7.56416768e-02  8.44441876e-02  9.38565582e-02
  1.03887878e-01  1.14549905e-01  1.25857189e-01  1.37827322e-01  1.50480971e-01
  1.63841650e-01  1.77935317e-01  1.92789212e-01  2.08429754e-01  2.24878401e-01
  2.42144465e-01  2.60212243e-01  2.79018283e-01  2.98408538e-01  3.18046510e-01
  3.37198734e-01  3.54475707e-01  3.68514180e-01  3.78989220e-01  3.85626793e-01
  3.88512135e-01  3.87940288e-01  3.84431392e-01  3.79514813e-01  3.74415785e-01
  3.58484872e-02  2.99258158e-02  2.81439833e-02  2.80248523e-02  2.77181715e-02
  2.71039587e-02  2.63104737e-02  2.54362077e-02  2.45493762e-02  2.37015653e-02
  2.29353849e-02  2.22883131e-02  2.17946637e-02  2.14857869e-02  2.12004576e-02
  2.09899452e-02  2.08922271e-02  2.09374614e-02  2.11477000e-02  2.15313770e-02
  2.20690239e-02  2.30065435e-02  2.43290253e-02  2.60388367e-02  2.81433780e-02
  3.06495819e-02  3.35618109e-02  3.68830189e-02  4.06222083e-02  4.48181666e-02
  4.94824536e-02  5.46169989e-02  6.02220818e-02  6.63014948e-02  7.28657097e-02
  7.99258351e-02  8.74938071e-02  9.55835953e-02  1.04211628e-01  1.13397241e-01
  1.23163290e-01  1.33536696e-01  1.44549116e-01  1.56237721e-01  1.68646351e-01
  1.81826711e-01  1.95840150e-01  2.10759535e-01  2.26671413e-01  2.43677989e-01
  2.61898488e-01  2.81468511e-01  3.02537024e-01  3.25263113e-01  3.49851847e-01
  3.77009630e-01  4.08050478e-01  4.17082191e-01  4.31835264e-01  4.34951723e-01
  4.32723552e-01  4.31803375e-01  4.11718577e-01  3.97867262e-01  3.87284189e-01
  2.21532062e-02  1.47716030e-02  1.55673744e-02  1.80172436e-02  1.93178337e-02
  2.00058650e-02  2.03611925e-02  2.05384698e-02  2.06409674e-02  2.07439158e-02
  2.09039021e-02  2.11632457e-02  2.15513874e-02  2.20831633e-02  2.27523502e-02
  2.35700142e-02  2.45532170e-02  2.57205945e-02  2.70908419e-02  2.86834948e-02
  3.05239558e-02  3.26597057e-02  3.51136029e-02  3.78980488e-02  4.10200767e-02
  4.44833860e-02  4.82896753e-02  5.24402671e-02  5.69383204e-02  6.17903508e-02
  6.70008585e-02  7.25730658e-02  7.85109997e-02  8.48213807e-02  9.15148184e-02
  9.86056179e-02  1.06111772e-01  1.14055194e-01  1.22461848e-01  1.31361976e-01
  1.40790433e-01  1.50787279e-01  1.61398560e-01  1.72677651e-01  1.84687093e-01
  1.97501332e-01  2.11210459e-01  2.25925475e-01  2.41785660e-01  2.58968741e-01
  2.77704388e-01  2.98291534e-01  3.21117133e-01  3.46678168e-01  3.75675917e-01
  4.08557236e-01  4.31122750e-01  4.46745723e-01  4.58832711e-01  4.57924187e-01
  4.57343608e-01  4.41393167e-01  4.22315598e-01  4.06220406e-01  3.93277526e-01
  1.86128281e-02  1.22355428e-02  1.05554108e-02  1.14518628e-02  1.28012476e-02
  1.39994184e-02  1.50012393e-02  1.58780925e-02  1.67125966e-02  1.75757594e-02
  1.85234621e-02  1.95975788e-02  2.08279956e-02  2.22347099e-02  2.38306429e-02
  2.56277043e-02  2.76381075e-02  2.98743639e-02  3.23491655e-02  3.50755490e-02
  3.80673297e-02  4.13388275e-02  4.48993146e-02  4.87526320e-02  5.28979860e-02
  5.73309921e-02  6.20447882e-02  6.70313239e-02  7.22826570e-02  7.77919739e-02
  8.35539922e-02  8.95658955e-02  9.58285928e-02  1.02347918e-01  1.09135464e-01
  1.16208874e-01  1.23591870e-01  1.31313995e-01  1.39410272e-01  1.47920936e-01
  1.56891271e-01  1.66371793e-01  1.76418841e-01  1.87095866e-01  1.98475435e-01
  2.10642278e-01  2.23697990e-01  2.37767562e-01  2.53009498e-01  2.69630849e-01
  2.87911206e-01  3.08241725e-01  3.31192076e-01  3.57608169e-01  3.88242751e-01
  4.16836470e-01  4.35536921e-01  4.51538473e-01  4.57344800e-01  4.58420753e-01
  4.51238871e-01  4.34144020e-01  4.17076886e-01  4.02626306e-01  3.90526891e-01
  8.13916977e-03 -5.18865185e-04  1.94363797e-03  5.44359768e-03  7.39790453e-03
  8.86934344e-03  1.01633742e-02  1.14210499e-02  1.27336280e-02  1.41661828e-02
  1.57648791e-02  1.75615922e-02  1.95778385e-02  2.18281113e-02  2.43226532e-02
  2.70697661e-02  3.00769452e-02  3.33511569e-02  3.68986353e-02  4.07244638e-02
  4.48319688e-02  4.92218435e-02  5.38908243e-02  5.88310622e-02  6.40300810e-02
  6.94712400e-02  7.51345530e-02  8.09978992e-02  8.70385841e-02  9.32350978e-02
  9.95690376e-02  1.06027111e-01  1.12603031e-01  1.19299114e-01  1.26127139e-01
  1.33108586e-01  1.40274107e-01  1.47662506e-01  1.55319378e-01  1.63295850e-01
  1.71647355e-01  1.80433035e-01  1.89715609e-01  1.99561998e-01  2.10044637e-01
  2.21243784e-01  2.33250767e-01  2.46172711e-01  2.60139287e-01  2.75312394e-01
  2.91901112e-01  3.10185075e-01  3.30551624e-01  3.53508353e-01  3.78910422e-01
  4.00766104e-01  4.15758878e-01  4.28296745e-01  4.32358533e-01  4.33092624e-01
  4.25911099e-01  4.13081497e-01  4.01048958e-01  3.90294760e-01  3.80733937e-01
  1.17742028e-02  4.83586872e-03  2.27827486e-03  2.40249373e-03  3.30618839e-03
  4.35988046e-03  5.51723177e-03  6.85009174e-03  8.42414796e-03  1.02793202e-02
  1.24346204e-02  1.48964534e-02  1.76652800e-02  2.07399148e-02  2.41198111e-02
  2.78058499e-02  3.18000801e-02  3.61048058e-02  4.07214239e-02  4.56491597e-02
  5.08839488e-02  5.64173348e-02  6.22356050e-02  6.83191046e-02  7.46419802e-02
  8.11722502e-02  8.78724381e-02  9.47008505e-02  1.01613663e-01  1.08567849e-01
  1.15524709e-01  1.22453757e-01  1.29336298e-01  1.36168227e-01  1.42961442e-01
  1.49743706e-01  1.56557053e-01  1.63454890e-01  1.70498818e-01  1.77755147e-01
  1.85292169e-01  1.93178147e-01  2.01480240e-01  2.10264221e-01  2.19594896e-01
  2.29536951e-01  2.40155995e-01  2.51519501e-01  2.63696969e-01  2.76758611e-01
  2.90769696e-01  3.05776298e-01  3.21770996e-01  3.38615924e-01  3.55610937e-01
  3.70461017e-01  3.82240504e-01  3.90586495e-01  3.95144820e-01  3.95742685e-01
  3.92365903e-01  3.86595786e-01  3.80053461e-01  3.73324841e-01  3.66745204e-01
  2.72043515e-03 -7.20978621e-03 -3.69184511e-03 -1.20290450e-03 -6.96227828e-04
 -3.51242459e-04  3.28956172e-04  1.51503470e-03  3.24234273e-03  5.48765808e-03
  8.20796285e-03  1.13597233e-02  1.49077186e-02  1.88279990e-02  2.31073983e-02
  2.77411342e-02  3.27295661e-02  3.80748473e-02  4.37779538e-02  4.98362593e-02
  5.62417582e-02  6.29798099e-02  7.00281784e-02  7.73562863e-02  8.49244148e-02
  9.26830694e-02  1.00572757e-01  1.08524792e-01  1.16463810e-01  1.24312326e-01
  1.31997377e-01  1.39458328e-01  1.46654427e-01  1.53570667e-01  1.60220593e-01
  1.66645363e-01  1.72909603e-01  1.79094553e-01  1.85290381e-01  1.91588983e-01
  1.98078558e-01  2.04840034e-01  2.11945415e-01  2.19457448e-01  2.27429807e-01
  2.35907450e-01  2.44926408e-01  2.54512399e-01  2.64677525e-01  2.75413662e-01
  2.86680400e-01  2.98384100e-01  3.10343415e-01  3.22238624e-01  3.33571762e-01
  3.43733370e-01  3.52182597e-01  3.58547360e-01  3.62629384e-01  3.64415795e-01
  3.64118904e-01  3.62176806e-01  3.59110326e-01  3.55362743e-01  3.51257831e-01
  1.56624038e-02  7.58692762e-03  1.82851055e-03 -2.18432513e-03 -5.00483252e-03
 -6.55304221e-03 -6.72596321e-03 -5.66945504e-03 -3.61401425e-03 -7.64111523e-04
  2.71860952e-03  6.71588117e-03  1.11505948e-02  1.59810167e-02  2.11923122e-02
  2.67871507e-02  3.27769257e-02  3.91745120e-02  4.59888540e-02  5.32213375e-02
  6.08638301e-02  6.88979998e-02  7.72952661e-02  8.60164315e-02  9.50102583e-02
  1.04210861e-01  1.13534354e-01  1.22876637e-01  1.32114291e-01  1.41111031e-01
  1.49730593e-01  1.57854140e-01  1.65397972e-01  1.72327116e-01  1.78661600e-01
  1.84473991e-01  1.89878568e-01  1.95014447e-01  2.00027302e-01  2.05054313e-01
  2.10214913e-01  2.15607166e-01  2.21307889e-01  2.27374464e-01  2.33847156e-01
  2.40750685e-01  2.48094723e-01  2.55872935e-01  2.64060169e-01  2.72607356e-01
  2.81434119e-01  2.90419102e-01  2.99389839e-01  3.08117688e-01  3.16326171e-01
  3.23720455e-01  3.30030560e-01  3.35051030e-01  3.38666826e-01  3.40866119e-01
  3.41740489e-01  3.41466308e-01  3.40267599e-01  3.38373840e-01  3.35990727e-01
  2.03012377e-02  1.11451494e-02  2.19577039e-03 -6.51366683e-03 -1.43178012e-02
 -1.82115678e-02 -1.80990994e-02 -1.61749609e-02 -1.29947700e-02 -8.91260151e-03
 -4.21218015e-03  9.24866123e-04  6.40576566e-03  1.22066457e-02  1.83485039e-02
  2.48746388e-02  3.18336897e-02  3.92681472e-02  4.72070090e-02  5.56615740e-02
  6.46243766e-02  7.40716159e-02  8.39678571e-02  9.42694396e-02  1.04923323e-01
  1.15860082e-01  1.26981884e-01  1.38148293e-01  1.49165809e-01  1.59791052e-01
  1.69756964e-01  1.78818688e-01  1.86800331e-01  1.93626419e-01  1.99335322e-01
  2.04075158e-01  2.08078057e-01  2.11613744e-01  2.14939594e-01  2.18268543e-01
  2.21759886e-01  2.25524217e-01  2.29633257e-01  2.34129176e-01  2.39031553e-01
  2.44341955e-01  2.50046074e-01  2.56114334e-01  2.62500733e-01  2.69140810e-01
  2.75948882e-01  2.82815725e-01  2.89607674e-01  2.96169609e-01  3.02332848e-01
  3.07928950e-01  3.12806457e-01  3.16847712e-01  3.19981217e-01  3.22188109e-01
  3.23501408e-01  3.23997766e-01  3.23783726e-01  3.22979927e-01  3.21707219e-01
  2.33067907e-02  1.27540082e-02  1.09481334e-03 -1.22749610e-02 -2.75783371e-02
 -3.49787734e-02 -3.48333232e-02 -3.09925042e-02 -2.50661615e-02 -1.87117103e-02
 -1.21420873e-02 -5.54510904e-03  1.04429724e-03  7.72365928e-03  1.46375410e-02
  2.19285488e-02  2.97205932e-02  3.81093659e-02  4.71571796e-02  5.68892360e-02
  6.72874600e-02  7.82991797e-02  8.98643062e-02  1.01937369e-01  1.14489369e-01
  1.27492160e-01  1.40889466e-01  1.54553160e-01  1.68222845e-01  1.81451648e-01
  1.93643555e-01  2.04238757e-01  2.12868720e-01  2.19378322e-01  2.23838434e-01
  2.26561412e-01  2.28095412e-01  2.29056552e-01  2.29927123e-01  2.31007785e-01
  2.32462808e-01  2.34371901e-01  2.36765161e-01  2.39643529e-01  2.42989704e-01
  2.46773869e-01  2.50956029e-01  2.55486697e-01  2.60306507e-01  2.65345544e-01
  2.70522386e-01  2.75744379e-01  2.80908495e-01  2.85904616e-01  2.90620387e-01
  2.94948071e-01  2.98792481e-01  3.02078217e-01  3.04755569e-01  3.06803495e-01
  3.08229387e-01  3.09065849e-01  3.09364736e-01  3.09190392e-01  3.08612794e-01
  2.76687220e-02  1.67601407e-02  4.30040713e-03 -1.05048958e-02 -2.89730970e-02
 -4.07965854e-02 -4.75619659e-02 -4.48667221e-02 -3.85653488e-02 -2.86841169e-02
 -1.92870516e-02 -1.12632373e-02 -4.06222371e-03  2.92503461e-03  1.01108095e-02
  1.77338924e-02  2.60447357e-02  3.52041274e-02  4.52888198e-02  5.64079359e-02
  6.85096905e-02  8.13577995e-02  9.47723985e-02  1.08713835e-01  1.23241492e-01
  1.38467148e-01  1.54520079e-01  1.71503559e-01  1.89386010e-01  2.07614496e-01
  2.24222422e-01  2.37407252e-01  2.47222006e-01  2.52951324e-01  2.55112320e-01
  2.53438056e-01  2.49922574e-01  2.46584564e-01  2.44033068e-01  2.42374524e-01
  2.41577715e-01  2.41573125e-01  2.42283568e-01  2.43633673e-01  2.45551825e-01
  2.47969404e-01  2.50819117e-01  2.54033297e-01  2.57542342e-01  2.61273623e-01
  2.65150696e-01  2.69093663e-01  2.73019791e-01  2.76845634e-01  2.80489832e-01
  2.83876508e-01  2.86939055e-01  2.89623797e-01  2.91892558e-01  2.93724149e-01
  2.95114428e-01  2.96074808e-01  2.96629518e-01  2.96812534e-01  2.96663821e-01
  3.45122479e-02  2.46514250e-02  1.36961294e-02  1.46399857e-03 -1.18139088e-02
 -2.52672322e-02 -4.14240845e-02 -4.27595899e-02 -4.28438932e-02 -3.07530109e-02
 -2.05346905e-02 -1.33610861e-02 -8.24292097e-03 -2.40019429e-03  4.86395042e-03
  1.14709130e-02  1.97853018e-02  3.00299432e-02  4.01477665e-02  5.28920293e-02
  6.81634620e-02  8.35159943e-02  9.88432392e-02  1.14397399e-01  1.30487844e-01
  1.47463948e-01  1.65745243e-01  1.85883462e-01  2.08693460e-01  2.35727668e-01
  2.65257359e-01  2.74899036e-01  2.94206649e-01  2.90856868e-01  2.98269033e-01
  2.81688601e-01  2.69260913e-01  2.60735959e-01  2.54742682e-01  2.50594616e-01
  2.47864977e-01  2.46266291e-01  2.45594293e-01  2.45696053e-01  2.46450737e-01
  2.47757778e-01  2.49529257e-01  2.51684994e-01  2.54149497e-01  2.56849766e-01
  2.59714276e-01  2.62672603e-01  2.65655637e-01  2.68596500e-01  2.71432012e-01
  2.74104357e-01  2.76562989e-01  2.78766304e-01  2.80682892e-01  2.82292277e-01
  2.83584982e-01  2.84561664e-01  2.85232008e-01  2.85612851e-01  2.85726309e-01
  4.33349274e-02  3.53075080e-02  2.66778637e-02  1.74608324e-02  7.81361572e-03
 -1.96090597e-03 -1.11989584e-02 -1.95094515e-02 -3.14736217e-02 -1.73790008e-02
 -1.07375262e-02 -7.03186961e-03 -6.78990688e-03 -3.35293519e-03  5.22741769e-03
  8.85388255e-03  1.66817345e-02  2.90539693e-02  3.66168357e-02  5.06644286e-02
  6.98965862e-02  8.69542286e-02  1.03155501e-01  1.19235292e-01  1.35718584e-01
  1.53079584e-01  1.71844259e-01  1.92691922e-01  2.16586679e-01  2.44849056e-01
  2.72799760e-01  2.86050349e-01  3.01770270e-01  3.01943123e-01  3.04773152e-01
  2.90333837e-01  2.76246607e-01  2.66186565e-01  2.58975297e-01  2.53801823e-01
  2.50152111e-01  2.47692838e-01  2.46196166e-01  2.45495498e-01  2.45460823e-01
  2.45985061e-01  2.46976301e-01  2.48352900e-01  2.50040501e-01  2.51969904e-01
  2.54075915e-01  2.56296605e-01  2.58573264e-01  2.60850638e-01  2.63077587e-01
  2.65207827e-01  2.67200798e-01  2.69022614e-01  2.70646483e-01  2.72053123e-01
  2.73230731e-01  2.74174631e-01  2.74886459e-01  2.75373310e-01  2.75646657e-01
  3.04583502e+00  2.98846459e+00  2.83769059e+00  2.69204545e+00  2.54266739e+00
  2.41162562e+00  2.30020571e+00  2.20726037e+00  2.12854505e+00  2.06362462e+00
  2.01024985e+00  1.96523201e+00  1.92893457e+00  1.89897132e+00  1.87512469e+00
  1.85636902e+00  1.84181464e+00  1.83118021e+00  1.82405543e+00  1.81978273e+00
  1.81835878e+00  1.81887734e+00  1.82155383e+00  1.82604551e+00  1.83218682e+00
  1.83981514e+00  1.84875369e+00  1.85903084e+00  1.87055063e+00  1.88317096e+00
  1.89699495e+00  1.91186142e+00  1.92781734e+00  1.94490874e+00  1.96311057e+00
  1.98245656e+00  2.00302124e+00  2.02485561e+00  2.04800320e+00  2.07266665e+00
  2.09886432e+00  2.12674856e+00  2.15654373e+00  2.18835998e+00  2.22251081e+00
  2.25922513e+00  2.29875183e+00  2.34153318e+00  2.38788867e+00  2.43841767e+00
  2.49349213e+00  2.55385923e+00  2.62045240e+00  2.69378042e+00  2.77585173e+00
  2.86748266e+00  2.97219276e+00  3.09082675e+00  3.22912908e+00  3.39182234e+00
  3.59003258e+00  3.84100080e+00  4.17861557e+00  4.70348120e+00  7.50100327e+00
   90   89
  1.04078102e+00  0.00000000e+00  1.04190254e+00  1.00000001e-01  1.04586136e+00
  2.00000003e-01  1.05207491e+00  3.00000012e-01  1.05579448e+00  3.49999994e-01
  1.06549370e+00  4.49999988e-01  1.07693195e+00  5.50000012e-01  1.08272505e+00
  6.00000024e-01  1.09618759e+00  6.99999988e-01  1.10562503e+00  7.62092054e-01
  1.12103438e+00  8.50000024e-01  1.13218749e+00  9.09094751e-01  1.15226221e+00
  1.00000000e+00  1.16172266e+00  1.05447280e+00  1.16469538e+00  1.06897962e+00
  1.23843753e+00  1.06384742e+00  1.29156256e+00  1.05801809e+00  1.34468746e+00
  1.05121017e+00  1.37125003e+00  1.04814434e+00  1.42437506e+00  1.03911614e+00
  1.47749996e+00  1.02725112e+00  1.53062499e+00  1.01290667e+00  1.57241952e+00
  1.00000000e+00  1.61031246e+00  9.88317907e-01  1.66343749e+00  9.67654288e-01
  1.70160723e+00  9.49999988e-01  1.74312496e+00  9.30410504e-01  1.79530144e+00
  8.99999976e-01  1.82281256e+00  8.82927597e-01  1.86821628e+00  8.50000024e-01
  1.90250003e+00  8.23595285e-01  1.92948759e+00  8.00000012e-01  1.98218751e+00
  7.50460804e-01  2.00874996e+00  7.23118901e-01  2.03531241e+00  6.93146884e-01
  2.06983566e+00  6.49999976e-01  2.10564017e+00  6.00000024e-01  2.13667154e+00
  5.50000012e-01  2.16361570e+00  5.00000000e-01  2.18725705e+00  4.49999988e-01
  2.20832658e+00  4.00000006e-01  2.22741508e+00  3.49999994e-01  2.24781251e+00
  2.91763335e-01  2.27437496e+00  2.01205090e-01  2.28679633e+00  1.50000006e-01
  2.30047202e+00  5.00000007e-02  2.30159736e+00  0.00000000e+00  2.29942822e+00
 -5.00000007e-02  2.28287387e+00 -1.50000006e-01  2.26991367e+00 -2.00000003e-01
  2.24781251e+00 -2.68514693e-01  2.22125006e+00 -3.40668917e-01  2.19598627e+00
 -4.00000006e-01  2.17267776e+00 -4.49999988e-01  2.14654779e+00 -5.00000000e-01
  2.11675978e+00 -5.50000012e-01  2.08843756e+00 -5.92539072e-01  2.06187510e+00
 -6.27515376e-01  2.03531241e+00 -6.58703625e-01  1.99606979e+00 -6.99999988e-01
  1.95562506e+00 -7.37957299e-01  1.92906249e+00 -7.59911537e-01  1.87593746e+00
 -7.99095392e-01  1.84937501e+00 -8.16688597e-01  1.79624999e+00 -8.46594810e-01
  1.76968753e+00 -8.59689176e-01  1.71656251e+00 -8.82781744e-01  1.66350710e+00
 -8.99999976e-01  1.63687503e+00 -9.07364845e-01  1.58375001e+00 -9.19449091e-01
  1.53062499e+00 -9.27250445e-01  1.47749996e+00 -9.30320740e-01  1.42437506e+00
 -9.27737832e-01  1.37125003e+00 -9.17476535e-01  1.32586598e+00 -8.99999976e-01
  1.29156256e+00 -8.80835950e-01  1.25730276e+00 -8.50000024e-01  1.21743321e+00
 -8.00000012e-01  1.18932652e+00 -7.50000000e-01  1.16743267e+00 -6.99999988e-01
  1.14931953e+00 -6.49999976e-01  1.13218749e+00 -5.95616400e-01  1.10707104e+00
 -5.00000000e-01  1.09559608e+00 -4.49999988e-01  1.07906246e+00 -3.69787663e-01
  1.06639194e+00 -3.00000012e-01  1.05264056e+00 -2.00000003e-01  1.04776287e+00
 -1.50000006e-01  1.04180264e+00 -5.00000007e-02  1.04078102e+00  0.00000000e+00
  1.01600003e+00  0.00000000e+00  1.01600003e+00  9.63999987e-01  1.01800001e+00
  9.67999995e-01  1.01800001e+00  1.00100005e+00  1.01800001e+00  1.01900005e+00
  1.01800001e+00  1.07700002e+00  1.01800001e+00  1.07000005e+00  1.01800001e+00
  1.09599996e+00  1.01800001e+00  1.11300004e+00  1.01800001e+00  1.13800001e+00
  1.01600003e+00  1.14699996e+00  1.01199996e+00  1.16499996e+00  1.00100005e+00
  1.21700001e+00  1.02900004e+00  1.21700001e+00  1.04200006e+00  1.16240001e+00
  1.04600000e+00  1.16237998e+00  1.05599999e+00  1.16260004e+00  1.09700000e+00
  1.16450000e+00  1.10800004e+00  1.16594005e+00  1.11600006e+00  1.16591001e+00
  1.13399994e+00  1.16895998e+00  1.14800000e+00  1.17174995e+00  1.16199994e+00
  1.17556000e+00  1.18099999e+00  1.18299997e+00  1.18200004e+00  1.18350005e+00
  1.18499994e+00  1.18499994e+00  1.19000006e+00  1.18799996e+00  1.19500005e+00
  1.19099998e+00  1.20099998e+00  1.19599998e+00  1.20899999e+00  1.20200002e+00
  1.21500003e+00  1.20799994e+00  1.22200000e+00  1.21399999e+00  1.22800004e+00
  1.22099996e+00  1.23399997e+00  1.23099995e+00  1.23899996e+00  1.23800004e+00
  1.24199998e+00  1.24399996e+00  1.24800003e+00  1.25399995e+00  1.25800002e+00
  1.27800000e+00  1.26300001e+00  1.28999996e+00  1.27999997e+00  1.33099997e+00
  1.27999997e+00  1.34700000e+00  1.27999997e+00  1.34800005e+00  1.30999994e+00
  1.34800005e+00  1.32799995e+00  1.34800005e+00  1.36099994e+00  1.34800005e+00
  1.38000000e+00  1.34800005e+00  1.41900003e+00  1.34800005e+00  1.41900003e+00
  1.30999994e+00  1.37199998e+00  1.30999994e+00  1.37199998e+00  1.29200006e+00
  1.60800004e+00  1.09500003e+00  1.64699996e+00  1.07700002e+00  1.78499997e+00
  1.07700002e+00  2.06999993e+00  1.03999996e+00  2.12800002e+00  9.92999971e-01
  2.24499989e+00  7.08999991e-01  2.32299995e+00  5.18999994e-01  2.37700009e+00
  3.88999999e-01  2.35200000e+00  4.00000006e-01  2.35100007e+00  3.37000012e-01
  2.35100007e+00  2.04999998e-01  2.35400009e+00  6.80000037e-02  2.35400009e+00
  0.00000000e+00  2.35400009e+00 -6.80000037e-02  2.35299993e+00 -2.04999998e-01
  2.35100007e+00 -3.37000012e-01  2.35299993e+00 -4.00000006e-01  2.37700009e+00
 -3.88999999e-01  2.13400006e+00 -9.72999990e-01  1.78600001e+00 -1.17400002e+00
  1.76800001e+00 -1.21099997e+00  1.76800001e+00 -1.25399995e+00  1.68200004e+00
 -1.25399995e+00  1.67400002e+00 -1.26199996e+00  1.67400002e+00 -1.32900000e+00
  1.68099999e+00 -1.33899999e+00  1.75399995e+00 -1.33899999e+00  1.75399995e+00
 -1.36800003e+00  1.68900001e+00 -1.36800003e+00  1.68900001e+00 -1.36600006e+00
  1.55499995e+00 -1.36600006e+00  1.41199994e+00 -1.36600006e+00  1.27300000e+00
 -1.36600006e+00  1.15300000e+00 -1.36600006e+00  1.01600003e+00 -1.22899997e+00
  1.01600003e+00 -8.00000012e-01  1.01600003e+00 -4.14999992e-01  1.01600003e+00
 -4.00000006e-01  1.01600003e+00  0.00000000e+00
    0 0.000000000e+00    0
  0.00000000e+00  1.41670153e-01  1.98288783e-01  2.38235772e-01  2.72080570e-01
  3.00400823e-01  3.25277269e-01  3.47163379e-01  3.67296636e-01  3.85628253e-01
  4.02592301e-01  4.18706387e-01  4.33757842e-01  4.48060334e-01  4.61802304e-01
  4.74990398e-01  4.87724423e-01  4.99979973e-01  5.11948526e-01  5.23627162e-01
  5.34986913e-01  5.46133041e-01  5.57046413e-01  5.67788482e-01  5.78360677e-01
  5.88788629e-01  5.99063337e-01  6.09206736e-01  6.19276524e-01  6.29239500e-01
  6.39084995e-01  6.48889661e-01  6.58623695e-01  6.68271065e-01  6.77893519e-01
  6.87449276e-01  6.96991861e-01  7.06502080e-01  7.15969026e-01  7.25435615e-01
  7.34907687e-01  7.44356215e-01  7.53835261e-01  7.63313711e-01  7.72828758e-01
  7.82376885e-01  7.91964650e-01  8.01612258e-01  8.11325908e-01  8.21130216e-01
  8.31017077e-01  8.41018558e-01  8.51160765e-01  8.61429155e-01  8.71905208e-01
  8.82545531e-01  8.93487990e-01  9.04646277e-01  9.16163146e-01  9.28041697e-01
  9.40452039e-01  9.53463078e-01  9.67207909e-01  9.82211947e-01  1.00000000e+00
    0
