   EFIT?   05/12/98      #102940  1434             3  65  65
  1.70000005e+00  3.20000005e+00  1.69550002e+00  8.39999974e-01  0.00000000e+00
  1.79972923e+00  3.13432589e-02 -2.69852638e-01  2.83273477e-02 -2.00141883e+00
  1.47740162e+06 -2.69852638e-01  0.00000000e+00  1.79972923e+00  0.00000000e+00
  3.13432589e-02  0.00000000e+00  2.83273477e-02  0.00000000e+00  0.00000000e+00
 -3.39947891e+00 -3.41194296e+00 -3.42216969e+00 -3.43043852e+00 -3.43699789e+00
 -3.44206953e+00 -3.44585133e+00 -3.44851995e+00 -3.45023346e+00 -3.45113301e+00
 -3.45134377e+00 -3.45097780e+00 -3.45013428e+00 -3.44889998e+00 -3.44735193e+00
 -3.44555640e+00 -3.44357038e+00 -3.44144154e+00 -3.43920970e+00 -3.43690562e+00
 -3.43455338e+00 -3.43217087e+00 -3.42977405e+00 -3.42737699e+00 -3.42499304e+00
 -3.42263389e+00 -3.42031026e+00 -3.41803169e+00 -3.41580725e+00 -3.41364455e+00
 -3.41155052e+00 -3.40953183e+00 -3.40759397e+00 -3.40574193e+00 -3.40398002e+00
 -3.40231180e+00 -3.40074086e+00 -3.39926982e+00 -3.39790082e+00 -3.39663553e+00
 -3.39547539e+00 -3.39442086e+00 -3.39347267e+00 -3.39263034e+00 -3.39189315e+00
 -3.39126062e+00 -3.39073062e+00 -3.39030123e+00 -3.38997006e+00 -3.38973403e+00
 -3.38958931e+00 -3.38953161e+00 -3.38955641e+00 -3.38965774e+00 -3.38982964e+00
 -3.39006495e+00 -3.39035606e+00 -3.39069366e+00 -3.39106846e+00 -3.39146972e+00
 -3.39188528e+00 -3.39230180e+00 -3.39270496e+00 -3.39307880e+00 -3.39340544e+00
  1.39553922e+05  1.27067422e+05  1.15788586e+05  1.05630883e+05  9.65120391e+04
  8.83538594e+04  8.10820469e+04  7.46260625e+04  6.89189375e+04  6.38971406e+04
  5.95004492e+04  5.56718086e+04  5.23571992e+04  4.95055273e+04  4.70685039e+04
  4.50005547e+04  4.32587070e+04  4.18024883e+04  4.05938594e+04  3.95971133e+04
  3.87787969e+04  3.81076562e+04  3.75545352e+04  3.70923477e+04  3.66959922e+04
  3.63423008e+04  3.60100039e+04  3.56796641e+04  3.53336406e+04  3.49560586e+04
  3.45327578e+04  3.40512812e+04  3.35008320e+04  3.28722461e+04  3.21579980e+04
  3.13521543e+04  3.04503770e+04  2.94499141e+04  2.83495859e+04  2.71497871e+04
  2.58524883e+04  2.44612363e+04  2.29811680e+04  2.14190156e+04  1.97831270e+04
  1.80834766e+04  1.63316992e+04  1.45411006e+04  1.27266992e+04  1.09052520e+04
  9.09529492e+03  7.31718164e+03  5.59313037e+03  3.94726929e+03  2.40569336e+03
  9.96519104e+02 -2.50052856e+02 -1.30167102e+03 -2.12376245e+03 -2.67945630e+03
 -2.92950317e+03 -2.83218921e+03 -2.34324316e+03 -1.41574072e+03  0.00000000e+00
  9.96631813e+00  8.25569153e+00  6.74532175e+00  5.41647339e+00  4.25200653e+00
  3.23622656e+00  2.35474801e+00  1.59436548e+00  9.42939401e-01  3.89288157e-01
 -7.69097656e-02 -4.65206712e-01 -7.84469843e-01 -1.04295921e+00 -1.24840009e+00
 -1.40805149e+00 -1.52876937e+00 -1.61706758e+00 -1.67917442e+00 -1.72108817e+00
 -1.74825060e+00 -1.76317132e+00 -1.76699734e+00 -1.76077163e+00 -1.74544919e+00
 -1.72190464e+00 -1.69094038e+00 -1.65329385e+00 -1.60964334e+00 -1.56061447e+00
 -1.50678551e+00 -1.44869268e+00 -1.38683438e+00 -1.32167637e+00 -1.25365496e+00
 -1.18318129e+00 -1.11064517e+00 -1.03641832e+00 -9.60857093e-01 -8.84306729e-01
 -8.07103276e-01 -7.29577363e-01 -6.52056634e-01 -5.74868798e-01 -4.98344511e-01
 -4.22820210e-01 -3.48641217e-01 -2.76164591e-01 -2.05762476e-01 -1.37825161e-01
 -7.27646500e-02 -1.10182669e-02  4.69475351e-02  1.00633040e-01  1.49500892e-01
  1.92971364e-01  2.30417252e-01  2.61158347e-01  2.84455508e-01  2.99504071e-01
  3.05426866e-01  3.01266402e-01  2.85976589e-01  2.58413345e-01  2.17324734e-01
 -2.81440825e+06 -2.54568200e+06 -2.29599450e+06 -2.06441262e+06 -1.85004238e+06
 -1.65202762e+06 -1.46954850e+06 -1.30181888e+06 -1.14808550e+06 -1.00762544e+06
 -8.79745250e+05 -7.63778938e+05 -6.59086812e+05 -5.65053875e+05 -4.81088562e+05
 -4.06621531e+05 -3.41104188e+05 -2.84007656e+05 -2.34821625e+05 -1.93053078e+05
 -1.58225344e+05 -1.29877000e+05 -1.07560852e+05 -9.08429766e+04 -7.93017500e+04
 -7.25269219e+04 -7.01187188e+04 -7.16869688e+04 -7.68502188e+04 -8.52349453e+04
 -9.64746875e+04 -1.10209250e+05 -1.26083945e+05 -1.43748766e+05 -1.62857656e+05
 -1.83067719e+05 -2.04038500e+05 -2.25431172e+05 -2.46907891e+05 -2.68130969e+05
 -2.88762125e+05 -3.08461875e+05 -3.26888562e+05 -3.43697875e+05 -3.58541781e+05
 -3.71068094e+05 -3.80919406e+05 -3.87732500e+05 -3.91137469e+05 -3.90756906e+05
 -3.86205062e+05 -3.77087125e+05 -3.62998094e+05 -3.43522156e+05 -3.18231594e+05
 -2.86686000e+05 -2.48431109e+05 -2.02998000e+05 -1.49901922e+05 -8.86412969e+04
 -1.86966211e+04  6.04707070e+04  1.49419562e+05  2.48730297e+05  3.59006062e+05
  6.30017892e-02  5.58477379e-02  4.81208377e-02  3.98359112e-02  3.11444961e-02
  2.23411247e-02  1.40777119e-02  6.59713568e-03 -2.36042123e-03  1.00873252e-02
  1.64018255e-02  2.00648997e-02  2.05964055e-02  2.36943550e-02  3.19157876e-02
  3.56119461e-02  4.27426025e-02  5.44671193e-02  6.18073940e-02  7.46225342e-02
  9.26400051e-02  1.08631246e-01  1.23828366e-01  1.38918683e-01  1.54392973e-01
  1.70693383e-01  1.88307717e-01  2.07862943e-01  2.30250776e-01  2.56518334e-01
  2.81213164e-01  2.94889033e-01  3.07761192e-01  3.09324771e-01  3.09995621e-01
  2.97731847e-01  2.84270316e-01  2.74375707e-01  2.67093420e-01  2.61681318e-01
  2.57674605e-01  2.54773557e-01  2.52773494e-01  2.51524776e-01  2.50910193e-01
  2.50833154e-01  2.51210570e-01  2.51968920e-01  2.53041327e-01  2.54365861e-01
  2.55884290e-01  2.57541358e-01  2.59284586e-01  2.61064380e-01  2.62834519e-01
  2.64552712e-01  2.66181380e-01  2.67688334e-01  2.69047439e-01  2.70238936e-01
  2.71249503e-01  2.72072047e-01  2.72705197e-01  2.73152500e-01  2.73421586e-01
  5.54477014e-02  4.65499684e-02  3.66090797e-02  2.54604612e-02  1.33632086e-02
  1.09554804e-03 -1.38623025e-02 -1.39334593e-02 -1.32670850e-02 -1.55286014e-03
  8.03184044e-03  1.48565145e-02  1.98316183e-02  2.53807381e-02  3.22505087e-02
  3.86004448e-02  4.64224555e-02  5.60497083e-02  6.56434819e-02  7.75357857e-02
  9.17890966e-02  1.06198192e-01  1.20631397e-01  1.35321468e-01  1.50566801e-01
  1.66714355e-01  1.84192866e-01  2.03580126e-01  2.25723654e-01  2.51757652e-01
  2.76673526e-01  2.89683700e-01  3.03124607e-01  3.04205805e-01  3.05772990e-01
  2.93388754e-01  2.80468106e-01  2.71179914e-01  2.64489859e-01  2.59675115e-01
  2.56279409e-01  2.54001170e-01  2.52631217e-01  2.52016723e-01  2.52039671e-01
  2.52604038e-01  2.53627509e-01  2.55036384e-01  2.56762296e-01  2.58739889e-01
  2.60905743e-01  2.63197541e-01  2.65554070e-01  2.67915964e-01  2.70226479e-01
  2.72433102e-01  2.74488956e-01  2.76354373e-01  2.77998149e-01  2.79398352e-01
  2.80542493e-01  2.81427145e-01  2.82056957e-01  2.82443285e-01  2.82602608e-01
  4.98371832e-02  3.99530269e-02  2.85654757e-02  1.49118239e-02 -2.22404744e-03
 -1.21620595e-02 -1.81381404e-02 -1.48665011e-02 -8.65434948e-03  8.29470111e-04
  9.68131796e-03  1.72664579e-02  2.40973700e-02  3.07301283e-02  3.75476405e-02
  4.47735004e-02  5.26365750e-02  6.12888411e-02  7.08046630e-02  8.12847018e-02
  9.26916376e-02  1.04822710e-01  1.17522895e-01  1.30766943e-01  1.44626960e-01
  1.59233809e-01  1.74751386e-01  1.91349074e-01  2.09127635e-01  2.27740183e-01
  2.44669646e-01  2.57336825e-01  2.66803712e-01  2.71453947e-01  2.72708595e-01
  2.69126654e-01  2.63723969e-01  2.58985460e-01  2.55300343e-01  2.52641618e-01
  2.50910074e-01  2.49999866e-01  2.49814242e-01  2.50268012e-01  2.51285791e-01
  2.52799153e-01  2.54743904e-01  2.57057786e-01  2.59678364e-01  2.62541711e-01
  2.65581369e-01  2.68728077e-01  2.71910131e-01  2.75054544e-01  2.78089315e-01
  2.80946016e-01  2.83563137e-01  2.85889179e-01  2.87885368e-01  2.89527178e-01
  2.90804923e-01  2.91722775e-01  2.92296857e-01  2.92552531e-01  2.92521328e-01
  4.67312708e-02  3.71985324e-02  2.65663974e-02  1.42633822e-02  2.53710168e-04
 -5.67305274e-03 -5.22911409e-03 -1.28039194e-03  4.41648066e-03  1.04867565e-02
  1.67401750e-02  2.30063852e-02  2.92608775e-02  3.55987996e-02  4.21568528e-02
  4.90690880e-02  5.64519204e-02  6.43959492e-02  7.29615018e-02  8.21756050e-02
  9.20269564e-02  1.02473736e-01  1.13468237e-01  1.24977350e-01  1.36985019e-01
  1.49478078e-01  1.62418127e-01  1.75695047e-01  1.89053252e-01  2.02007338e-01
  2.13865131e-01  2.23982140e-01  2.31959641e-01  2.37627849e-01  2.41059780e-01
  2.42590815e-01  2.42857933e-01  2.42576018e-01  2.42265075e-01  2.42219791e-01
  2.42585793e-01  2.43425190e-01  2.44755149e-01  2.46568397e-01  2.48843655e-01
  2.51550615e-01  2.54651994e-01  2.58103877e-01  2.61855215e-01  2.65846908e-01
  2.70010918e-01  2.74269760e-01  2.78536767e-01  2.82718062e-01  2.86716133e-01
  2.90435016e-01  2.93787122e-01  2.96699703e-01  2.99120665e-01  3.01022023e-01
  3.02400678e-01  3.03276509e-01  3.03687811e-01  3.03685516e-01  3.03327143e-01
  4.51400541e-02  3.69453914e-02  2.88749188e-02  2.09847316e-02  1.39948931e-02
  1.07822353e-02  1.11213448e-02  1.30779631e-02  1.61776412e-02  2.00972650e-02
  2.45807953e-02  2.94656623e-02  3.46703269e-02  4.01760377e-02  4.60046940e-02
  5.21982275e-02  5.88031635e-02  6.58602715e-02  7.33979866e-02  8.14286917e-02
  8.99478495e-02  9.89361703e-02  1.08363762e-01  1.18192986e-01  1.28376797e-01
  1.38851047e-01  1.49521098e-01  1.60244793e-01  1.70818165e-01  1.80975795e-01
  1.90419942e-01  1.98875725e-01  2.06145987e-01  2.12145746e-01  2.16916531e-01
  2.20622763e-01  2.23523647e-01  2.25917906e-01  2.28083864e-01  2.30244100e-01
  2.32559100e-01  2.35136375e-01  2.38043517e-01  2.41319269e-01  2.44981483e-01
  2.49032229e-01  2.53460437e-01  2.58242697e-01  2.63342857e-01  2.68710285e-01
  2.74277508e-01  2.79957831e-01  2.85643578e-01  2.91207075e-01  2.96505511e-01
  3.01391065e-01  3.05725098e-01  3.09393048e-01  3.12317133e-01  3.14463884e-01
  3.15845788e-01  3.16516191e-01  3.16558480e-01  3.16072524e-01  3.15161496e-01
  4.23800386e-02  3.51548605e-02  3.00299991e-02  2.64802761e-02  2.39688754e-02
  2.26094276e-02  2.25137584e-02  2.35513449e-02  2.55145561e-02  2.82184500e-02
  3.15162204e-02  3.53004672e-02  3.95014323e-02  4.40817364e-02  4.90285382e-02
  5.43448739e-02  6.00415617e-02  6.61305711e-02  7.26200491e-02  7.95110092e-02
  8.67955163e-02  9.44559202e-02  1.02464683e-01  1.10783637e-01  1.19362146e-01
  1.28133848e-01  1.37012511e-01  1.45888895e-01  1.54630885e-01  1.63090155e-01
  1.71116471e-01  1.78577498e-01  1.85379252e-01  1.91481456e-01  1.96904555e-01
  2.01726958e-01  2.06072569e-01  2.10091293e-01  2.13938132e-01  2.17756525e-01
  2.21668944e-01  2.25773960e-01  2.30147392e-01  2.34845310e-01  2.39907041e-01
  2.45357618e-01  2.51209110e-01  2.57460505e-01  2.64096200e-01  2.71082520e-01
  2.78362036e-01  2.85845846e-01  2.93404222e-01  3.00858974e-01  3.07984650e-01
  3.14527065e-01  3.20238650e-01  3.24916929e-01  3.28431755e-01  3.30740124e-01
  3.31890553e-01  3.32013369e-01  3.31292272e-01  3.29926312e-01  3.28098953e-01
  3.51110250e-02  2.51537561e-02  2.73738448e-02  2.91583948e-02  2.93134041e-02
  2.94343196e-02  2.99338773e-02  3.09483856e-02  3.24996710e-02  3.45604196e-02
  3.70875113e-02  4.00386751e-02  4.33800668e-02  4.70886305e-02  5.11513725e-02
  5.55629469e-02  6.03224821e-02  6.54303879e-02  7.08855689e-02  7.66831264e-02
  8.28127414e-02  8.92574340e-02  9.59926397e-02  1.02985345e-01  1.10193081e-01
  1.17563017e-01  1.25031397e-01  1.32524118e-01  1.39959142e-01  1.47251412e-01
  1.54320061e-01  1.61097139e-01  1.67536184e-01  1.73618704e-01  1.79357290e-01
  1.84794545e-01  1.89998150e-01  1.95053160e-01  2.00053260e-01  2.05092877e-01
  2.10261270e-01  2.15639025e-01  2.21296683e-01  2.27294654e-01  2.33683974e-01
  2.40507156e-01  2.47798681e-01  2.55584657e-01  2.63881177e-01  2.72690147e-01
  2.81991690e-01  2.91729569e-01  3.01786631e-01  3.11943680e-01  3.21829617e-01
  3.30929935e-01  3.38729531e-01  3.44848692e-01  3.49062949e-01  3.51300478e-01
  3.51671576e-01  3.50499451e-01  3.48238289e-01  3.45304549e-01  3.42005134e-01
  4.25693579e-02  3.66138406e-02  3.39937210e-02  3.36131230e-02  3.40142623e-02
  3.46502028e-02  3.54639664e-02  3.65071185e-02  3.78288962e-02  3.94577980e-02
  4.14054319e-02  4.36735265e-02  4.62595969e-02  4.91604507e-02  5.23738004e-02
  5.58985621e-02  5.97342514e-02  6.38799444e-02  6.83330894e-02  7.30883479e-02
  7.81365782e-02  8.34640414e-02  8.90516937e-02  9.48747173e-02  1.00902222e-01
  1.07097194e-01  1.13417022e-01  1.19814627e-01  1.26240626e-01  1.32646352e-01
  1.38987705e-01  1.45229474e-01  1.51349142e-01  1.57339990e-01  1.63212538e-01
  1.68994233e-01  1.74727485e-01  1.80466503e-01  1.86273366e-01  1.92214310e-01
  1.98356554e-01  2.04766139e-01  2.11506680e-01  2.18639061e-01  2.26221889e-01
  2.34312326e-01  2.42967293e-01  2.52244592e-01  2.62203932e-01  2.72906780e-01
  2.84414619e-01  2.96781987e-01  3.10039371e-01  3.24153602e-01  3.38883549e-01
  3.52549821e-01  3.63674641e-01  3.71923953e-01  3.77051026e-01  3.78852129e-01
  3.77154857e-01  3.72636706e-01  3.67289335e-01  3.61722261e-01  3.56242210e-01
  3.98354009e-02  3.11967935e-02  3.40471528e-02  3.70710380e-02  3.84068005e-02
  3.93657498e-02  4.02400196e-02  4.11523394e-02  4.21780385e-02  4.33693975e-02
  4.47629355e-02  4.63837162e-02  4.82488237e-02  5.03700599e-02  5.27557805e-02
  5.54119647e-02  5.83427064e-02  6.15502037e-02  6.50345460e-02  6.87933564e-02
  7.28213713e-02  7.71101117e-02  8.16475824e-02  8.64181072e-02  9.14023221e-02
  9.65774581e-02  1.01917900e-01  1.07396215e-01  1.12984598e-01  1.18656754e-01
  1.24390043e-01  1.30167663e-01  1.35980681e-01  1.41829476e-01  1.47724643e-01
  1.53686881e-01  1.59746379e-01  1.65941417e-01  1.72316775e-01  1.78922012e-01
  1.85810030e-01  1.93036094e-01  2.00657442e-01  2.08733439e-01  2.17326611e-01
  2.26504296e-01  2.36341164e-01  2.46922895e-01  2.58351266e-01  2.70751476e-01
  2.84283280e-01  2.99158156e-01  3.15667331e-01  3.34214151e-01  3.55110645e-01
  3.75806510e-01  3.89993727e-01  4.01827633e-01  4.08064038e-01  4.09505129e-01
  4.06863868e-01  3.96912277e-01  3.86619806e-01  3.77427131e-01  3.69278789e-01
  5.01009896e-02  4.47659791e-02  4.28020097e-02  4.29562703e-02  4.36554067e-02
  4.43310291e-02  4.49130572e-02  4.54526097e-02  4.60158512e-02  4.66604307e-02
  4.74320166e-02  4.83656079e-02  4.94876876e-02  5.08183166e-02  5.23727126e-02
  5.41624613e-02  5.61962500e-02  5.84803298e-02  6.10187314e-02  6.38133511e-02
  6.68639839e-02  7.01683089e-02  7.37218559e-02  7.75179788e-02  8.15479085e-02
  8.58009607e-02  9.02649537e-02  9.49268863e-02  9.97738764e-02  1.04794323e-01
  1.09979145e-01  1.15323037e-01  1.20825507e-01  1.26491666e-01  1.32332653e-01
  1.38365820e-01  1.44614562e-01  1.51107818e-01  1.57879591e-01  1.64968252e-01
  1.72416106e-01  1.80269197e-01  1.88577488e-01  1.97395608e-01  2.06784219e-01
  2.16812223e-01  2.27559999e-01  2.39124298e-01  2.51625270e-01  2.65216947e-01
  2.80103624e-01  2.96565592e-01  3.15001994e-01  3.36000830e-01  3.60333115e-01
  3.86365891e-01  4.04572338e-01  4.18998569e-01  4.27719057e-01  4.29553896e-01
  4.27794218e-01  4.15933639e-01  4.01585221e-01  3.89102668e-01  3.78672749e-01
  5.25445566e-02  4.55608368e-02  4.65363339e-02  4.87318002e-02  4.95198257e-02
  4.97726053e-02  4.97857407e-02  4.96989861e-02  4.95987646e-02  4.95460406e-02
  4.95864525e-02  4.97552082e-02  5.00799827e-02  5.05827963e-02  5.12813590e-02
  5.21900244e-02  5.33204600e-02  5.46821244e-02  5.62826432e-02  5.81280924e-02
  6.02232926e-02  6.25721514e-02  6.51777461e-02  6.80422261e-02  7.11666495e-02
  7.45508969e-02  7.81937763e-02  8.20933655e-02  8.62476155e-02  9.06551406e-02
  9.53161344e-02  1.00233153e-01  1.05411604e-01  1.10859938e-01  1.16589770e-01
  1.22616090e-01  1.28957435e-01  1.35635957e-01  1.42677397e-01  1.50110930e-01
  1.57969251e-01  1.66288704e-01  1.75109729e-01  1.84477687e-01  1.94444135e-01
  2.05068752e-01  2.16421947e-01  2.28588730e-01  2.41673842e-01  2.55808979e-01
  2.71162540e-01  2.87951916e-01  3.06458116e-01  3.27040225e-01  3.50175261e-01
  3.76568109e-01  4.00884718e-01  4.14174587e-01  4.27670509e-01  4.29623306e-01
  4.29849833e-01  4.22568589e-01  4.06963676e-01  3.93062621e-01  3.81833911e-01
  6.54666796e-02  6.06768206e-02  5.84698394e-02  5.76016419e-02  5.68260774e-02
  5.59242368e-02  5.49450517e-02  5.39492108e-02  5.29836379e-02  5.20849451e-02
  5.12831323e-02  5.06035946e-02  5.00682220e-02  4.96960618e-02  4.95037362e-02
  4.95058149e-02  4.97151054e-02  5.01429476e-02  5.07994778e-02  5.16938195e-02
  5.28346933e-02  5.42318597e-02  5.58962971e-02  5.78395091e-02  6.00726455e-02
  6.26057386e-02  6.54473156e-02  6.86043650e-02  7.20828027e-02  7.58883208e-02
  8.00276026e-02  8.45093653e-02  8.93445089e-02  9.45444480e-02  1.00120723e-01
  1.06085561e-01  1.12452686e-01  1.19237922e-01  1.26459286e-01  1.34137034e-01
  1.42293841e-01  1.50955006e-01  1.60148859e-01  1.69907331e-01  1.80266693e-01
  1.91268504e-01  2.02960849e-01  2.15399757e-01  2.28650838e-01  2.42790878e-01
  2.57909000e-01  2.74106711e-01  2.91495979e-01  3.10195774e-01  3.30339730e-01
  3.52230251e-01  3.77500862e-01  3.92496288e-01  4.02084678e-01  4.13182408e-01
  4.09114540e-01  4.12309140e-01  3.98682088e-01  3.86168420e-01  3.77057374e-01
  7.77256116e-02  7.38863572e-02  7.03448951e-02  6.72517046e-02  6.45977110e-02
  6.22318834e-02  6.00450635e-02  5.79860546e-02  5.60373813e-02  5.41985184e-02
  5.24772853e-02  5.08855619e-02  4.94370684e-02  4.81461100e-02  4.70268391e-02
  4.60928082e-02  4.53568064e-02  4.48310375e-02  4.45273966e-02  4.44559045e-02
  4.46240343e-02  4.50469591e-02  4.57460172e-02  4.67452370e-02  4.80684265e-02
  4.97371592e-02  5.17695770e-02  5.41799366e-02  5.69789223e-02  6.01751246e-02
  6.37779459e-02  6.78019673e-02  7.22694248e-02  7.71961361e-02  8.25916231e-02
  8.84624794e-02  9.48157459e-02  1.01660617e-01  1.09007388e-01  1.16867051e-01
  1.25251532e-01  1.34173900e-01  1.43648550e-01  1.53691515e-01  1.64320558e-01
  1.75555080e-01  1.87415883e-01  1.99924439e-01  2.13101402e-01  2.26963952e-01
  2.41520971e-01  2.56764472e-01  2.72654802e-01  2.89093435e-01  3.05868298e-01
  3.22525799e-01  3.38130742e-01  3.51408213e-01  3.61790538e-01  3.69111985e-01
  3.73237431e-01  3.74441534e-01  3.72939855e-01  3.69729519e-01  3.66024166e-01
  8.71457830e-02  8.37773606e-02  7.92908147e-02  7.49987140e-02  7.12258741e-02
  6.77697510e-02  6.45347536e-02  6.14681281e-02  5.85418269e-02  5.57438359e-02
  5.30726127e-02  5.05333319e-02  4.81354147e-02  4.58907560e-02  4.38123643e-02
  4.19131853e-02  4.02052738e-02  3.87006216e-02  3.74183282e-02  3.63714993e-02
  3.55302989e-02  3.49211656e-02  3.45883593e-02  3.45788263e-02  3.49360220e-02
  3.56970467e-02  3.68910655e-02  3.85381244e-02  4.06484082e-02  4.32228744e-02
  4.62585054e-02  4.97671552e-02  5.38324229e-02  5.84736094e-02  6.36860058e-02
  6.94587380e-02  7.57860765e-02  8.26745257e-02  9.01280120e-02  9.81476530e-02
  1.06733948e-01  1.15886874e-01  1.25606149e-01  1.35891482e-01  1.46742240e-01
  1.58156559e-01  1.70130149e-01  1.82654336e-01  1.95713207e-01  2.09279492e-01
  2.23308235e-01  2.37727731e-01  2.52426207e-01  2.67233342e-01  2.81897098e-01
  2.96065003e-01  3.09297800e-01  3.21147591e-01  3.31263781e-01  3.39440197e-01
  3.45617086e-01  3.49880576e-01  3.52459908e-01  3.53710502e-01  3.54030073e-01
  9.29878205e-02  8.93643349e-02  8.52221102e-02  8.08319896e-02  7.64784589e-02
  7.22539276e-02  6.81646839e-02  6.41994700e-02  6.03488684e-02  5.66092990e-02
  5.29830195e-02  4.94772270e-02  4.61030789e-02  4.28747386e-02  3.98080908e-02
  3.69182192e-02  3.42134014e-02  3.16801481e-02  2.93912552e-02  2.74920259e-02
  2.55643129e-02  2.37845797e-02  2.22741906e-02  2.11248398e-02  2.04091873e-02
  2.01850347e-02  2.04961207e-02  2.13703103e-02  2.28144042e-02  2.48028152e-02
  2.72536594e-02  2.99769640e-02  3.35999057e-02  3.79999317e-02  4.30941544e-02
  4.88140360e-02  5.51167242e-02  6.20585494e-02  6.96378946e-02  7.78381377e-02
  8.66480470e-02  9.60534364e-02  1.06038451e-01  1.16587706e-01  1.27684832e-01
  1.39310956e-01  1.51442915e-01  1.64051160e-01  1.77096993e-01  1.90528959e-01
  2.04278305e-01  2.18253374e-01  2.32333407e-01  2.46362612e-01  2.60147154e-01
  2.73459077e-01  2.86051542e-01  2.97685593e-01  3.08160514e-01  3.17337453e-01
  3.25152129e-01  3.31617326e-01  3.36815953e-01  3.40883851e-01  3.43982249e-01
  9.96979475e-02  9.63562429e-02  9.10512283e-02  8.57751071e-02  8.07692409e-02
  7.58470297e-02  7.09822103e-02  6.61746040e-02  6.14300929e-02  5.67570776e-02
  5.21661900e-02  4.76706512e-02  4.32869978e-02  3.90362963e-02  3.49462032e-02
  3.10548171e-02  2.74185259e-02  2.36178990e-02  1.98337901e-02  1.61855165e-02
  1.27181122e-02  9.51467920e-03  6.66426588e-03  4.25018277e-03  2.34600995e-03
  1.01439783e-03  3.06753616e-04  2.63084541e-04  9.11939132e-04  2.27127317e-03
  4.35313955e-03  7.18055246e-03  1.08392565e-02  1.53286364e-02  2.05791071e-02
  2.64255255e-02  3.25309634e-02  3.95594761e-02  4.73497845e-02  5.57950474e-02
  6.49019778e-02  7.46375918e-02  8.49627852e-02  9.58522633e-02  1.07279152e-01
  1.19213484e-01  1.31620437e-01  1.44458875e-01  1.57679379e-01  1.71221897e-01
  1.85013071e-01  1.98963732e-01  2.12966785e-01  2.26896241e-01  2.40608573e-01
  2.53947169e-01  2.66750574e-01  2.78863579e-01  2.90149212e-01  3.00498992e-01
  3.09839576e-01  3.18134725e-01  3.25383157e-01  3.31611991e-01  3.36867988e-01
  1.03464283e-01  9.96631756e-02  9.50333029e-02  8.98299441e-02  8.43633339e-02
  7.87814707e-02  7.31453598e-02  6.74891397e-02  6.18374534e-02  5.62102459e-02
  5.06250300e-02  4.50986773e-02  3.96491773e-02  3.42975631e-02  2.90701780e-02
  2.40013711e-02  1.87162030e-02  1.33346580e-02  7.98574183e-03  2.78756861e-03
 -2.15844391e-03 -6.75743492e-03 -1.09211970e-02 -1.45697743e-02 -1.76324435e-02
 -2.00478416e-02 -2.17634682e-02 -2.27347314e-02 -2.29235757e-02 -2.22965088e-02
 -2.08218284e-02 -1.84665341e-02 -1.51965627e-02 -1.09956218e-02 -5.87068172e-03
  1.47965213e-04  7.01917708e-03  1.47439148e-02  2.31538676e-02  3.18469591e-02
  4.13927883e-02  5.16196191e-02  6.23945929e-02  7.37374425e-02  8.56160522e-02
  9.79954377e-02  1.10834017e-01  1.24085836e-01  1.37698993e-01  1.51613846e-01
  1.65761679e-01  1.80063635e-01  1.94430292e-01  2.08761856e-01  2.22949415e-01
  2.36877412e-01  2.50427365e-01  2.63482243e-01  2.75931060e-01  2.87672818e-01
  2.98619032e-01  3.08695406e-01  3.17841887e-01  3.26012582e-01  3.33175778e-01
  1.09729655e-01  1.06162228e-01  1.00197561e-01  9.39701125e-02  8.77267942e-02
  8.13379362e-02  7.48350024e-02  6.82604313e-02  6.16478138e-02  5.50215244e-02
  4.83995974e-02  4.17963751e-02  3.52247022e-02  2.86979415e-02  2.22320147e-02
  1.54772727e-02  8.56096204e-03  1.61412731e-03 -5.23410691e-03 -1.18628163e-02
 -1.81626305e-02 -2.40357723e-02 -2.93956883e-02 -3.41665447e-02 -3.82824391e-02
 -4.16863523e-02 -4.43289094e-02 -4.61669900e-02 -4.71622832e-02 -4.72798049e-02
 -4.64865826e-02 -4.47508916e-02 -4.20428924e-02 -3.83373462e-02 -3.36150527e-02
 -2.78628655e-02 -2.10732613e-02 -1.32477442e-02 -4.42195730e-03  5.33377845e-03
  1.59579329e-02  2.71691941e-02  3.83430198e-02  5.02709784e-02  6.27410337e-02
  7.57261217e-02  8.91699642e-02  1.03027314e-01  1.17249958e-01  1.31783590e-01
  1.46567613e-01  1.61535367e-01  1.76614389e-01  1.91726655e-01  2.06788763e-01
  2.21712619e-01  2.36406013e-01  2.50773162e-01  2.64714956e-01  2.78128594e-01
  2.90906817e-01  3.02937448e-01  3.14104021e-01  3.24288964e-01  3.33380342e-01
  1.14105925e-01  1.10138357e-01  1.04698025e-01  9.81635451e-02  9.10519883e-02
  8.36660191e-02  7.61435032e-02  6.85462877e-02  6.09041862e-02  5.32328263e-02
  4.55407463e-02  3.78320999e-02  3.01076137e-02  2.23660618e-02  1.42498193e-02
  5.89838764e-03 -2.54528318e-03 -1.09409289e-02 -1.91561021e-02 -2.70698983e-02
 -3.45748551e-02 -4.15771566e-02 -4.79957871e-02 -5.37611619e-02 -5.88134713e-02
 -6.31010234e-02 -6.65786490e-02 -6.92062452e-02 -7.09476098e-02 -7.17693716e-02
 -7.16402754e-02 -7.05306903e-02 -6.84124902e-02 -6.52591139e-02 -6.10454418e-02
 -5.57474717e-02 -4.93424796e-02 -4.18110304e-02 -3.31425183e-02 -2.33417451e-02
 -1.24415588e-02 -5.41573565e-04  1.21724363e-02  2.54593752e-02  3.86330299e-02
  5.24370745e-02  6.66576251e-02  8.13000724e-02  9.63309482e-02  1.11702003e-01
  1.27359644e-01  1.43248633e-01  1.59312725e-01  1.75494224e-01  1.91733137e-01
  2.07966030e-01  2.24124596e-01  2.40133345e-01  2.55906284e-01  2.71342099e-01
  2.86318153e-01  3.00683856e-01  3.14256489e-01  3.26822937e-01  3.38153392e-01
  1.22810178e-01  1.19448900e-01  1.12145655e-01  1.03266664e-01  9.44113582e-02
  8.56660828e-02  7.69665539e-02  6.82747811e-02  5.95708117e-02  5.08428626e-02
  4.20825481e-02  3.32811475e-02  2.44222675e-02  1.50990449e-02  5.45660267e-03
 -4.35159355e-03 -1.41730206e-02 -2.38631386e-02 -3.32900658e-02 -4.23370153e-02
 -5.09028435e-02 -5.89011796e-02 -6.62586689e-02 -7.29128048e-02 -7.88097382e-02
 -8.39022547e-02 -8.81480947e-02 -9.15086940e-02 -9.39482972e-02 -9.54334810e-02
 -9.59329382e-02 -9.54174474e-02 -9.38599184e-02 -9.12352875e-02 -8.75201076e-02
 -8.26919079e-02 -7.67283216e-02 -6.96067289e-02 -6.13048039e-02 -5.18029369e-02
 -4.10902537e-02 -2.91768461e-02 -1.61103439e-02 -2.00156169e-03  1.29206022e-02
  2.83169616e-02  4.33054529e-02  5.88610172e-02  7.48786554e-02  9.12820697e-02
  1.08011812e-01  1.25021562e-01  1.42272890e-01  1.59731269e-01  1.77363545e-01
  1.95135802e-01  2.13010922e-01  2.30945081e-01  2.48881936e-01  2.66743630e-01
  2.84417093e-01  3.01734179e-01  3.18446100e-01  3.34199548e-01  3.48541945e-01
  1.28862292e-01  1.25869244e-01  1.17086537e-01  1.06628455e-01  9.65557247e-02
  8.67095962e-02  7.69658312e-02  6.72586635e-02  5.75479008e-02  4.78077307e-02
  3.80243473e-02  2.82012485e-02  1.78848375e-02  7.14527164e-03 -3.85486986e-03
 -1.49499234e-02 -2.59814095e-02 -3.68045866e-02 -4.72918898e-02 -5.73337972e-02
 -6.68379068e-02 -7.57267699e-02 -8.39351714e-02 -9.14072543e-02 -9.80938748e-02
 -1.03950411e-01 -1.08935088e-01 -1.13007993e-01 -1.16130576e-01 -1.18265778e-01
 -1.19378448e-01 -1.19436070e-01 -1.18409485e-01 -1.16273396e-01 -1.13006510e-01
 -1.08591020e-01 -1.03011496e-01 -9.62531492e-02 -8.82999152e-02 -7.91329965e-02
 -6.87308684e-02 -5.70726059e-02 -4.41465862e-02 -2.99687292e-02 -1.46162668e-02
  1.71976094e-03  1.86397731e-02  3.54947969e-02  5.27794771e-02  7.04326928e-02
  8.84028822e-02  1.06671825e-01  1.25232860e-01  1.44083813e-01  1.63225323e-01
  1.82660773e-01  2.02395916e-01  2.22437099e-01  2.42787242e-01  2.63437599e-01
  2.84352183e-01  3.05439115e-01  3.26495826e-01  3.47090989e-01  3.66279036e-01
  1.29357696e-01  1.25539541e-01  1.17664590e-01  1.07610792e-01  9.70810950e-02
  8.65102485e-02  7.59510472e-02  6.53821826e-02  5.47703616e-02  4.40814421e-02
  3.32773551e-02  2.23016869e-02  1.07321423e-02 -1.23598042e-03 -1.34134749e-02
 -2.56221555e-02 -3.77003551e-02 -4.95064892e-02 -6.09201640e-02 -7.18411654e-02
 -8.21869299e-02 -9.18891877e-02 -1.00890331e-01 -1.09140009e-01 -1.16592109e-01
 -1.23202473e-01 -1.28927365e-01 -1.33722678e-01 -1.37543917e-01 -1.40346810e-01
 -1.42088383e-01 -1.42728418e-01 -1.42231062e-01 -1.40566200e-01 -1.37710750e-01
 -1.33648932e-01 -1.28371850e-01 -1.21875666e-01 -1.14158586e-01 -1.05216980e-01
 -9.50413495e-02 -8.36135447e-02 -7.09072277e-02 -5.68946414e-02 -4.15637679e-02
 -2.49511730e-02 -7.19710020e-03  1.13766352e-02  3.01535167e-02  4.92451675e-02
  6.85247481e-02  8.80801305e-02  1.07961886e-01  1.28205761e-01  1.48846328e-01
  1.69925109e-01  1.91495582e-01  2.13626757e-01  2.36405894e-01  2.59940356e-01
  2.84358263e-01  3.09804708e-01  3.36422354e-01  3.64262581e-01  3.92171115e-01
  1.33484870e-01  1.30517885e-01  1.19865291e-01  1.07809715e-01  9.64258164e-02
  8.51976946e-02  7.39735439e-02  6.26936331e-02  5.13216145e-02  3.98327410e-02
  2.82167904e-02  1.60087831e-02  3.28732003e-03 -9.76566598e-03 -2.29635648e-02
 -3.61304581e-02 -4.91097309e-02 -6.17677756e-02 -7.39940852e-02 -8.56989846e-02
 -9.68099087e-02 -1.07267164e-01 -1.17019594e-01 -1.26020804e-01 -1.34225965e-01
 -1.41589582e-01 -1.48064137e-01 -1.53599694e-01 -1.58144295e-01 -1.61644876e-01
 -1.64048806e-01 -1.65305570e-01 -1.65368751e-01 -1.64198235e-01 -1.61762431e-01
 -1.58040389e-01 -1.53023094e-01 -1.46713108e-01 -1.39122263e-01 -1.30267054e-01
 -1.20161898e-01 -1.08811773e-01 -9.62055996e-02 -8.23131725e-02 -6.70887679e-02
 -5.04855104e-02 -3.24863717e-02 -1.31587451e-02  7.25915749e-03  2.82404590e-02
  4.85192016e-02  6.91862479e-02  9.02684554e-02  1.11790799e-01  1.33793160e-01
  1.56337440e-01  1.79512635e-01  2.03441054e-01  2.28287235e-01  2.54271269e-01
  2.81689852e-01  3.10953110e-01  3.42667818e-01  3.77982110e-01  4.22136277e-01
  1.29104137e-01  1.24625362e-01  1.16351306e-01  1.05766594e-01  9.44272503e-02
  8.28595832e-02  7.11551160e-02  5.93026169e-02  4.72721085e-02  3.50326523e-02
  2.25571580e-02  9.38571896e-03 -4.28220024e-03 -1.82423331e-02 -3.22996117e-02
 -4.62782718e-02 -6.00273535e-02 -7.34220818e-02 -8.63621607e-02 -9.87679884e-02
 -1.10575914e-01 -1.21733144e-01 -1.32192999e-01 -1.41910851e-01 -1.50841072e-01
 -1.58935085e-01 -1.66140527e-01 -1.72401607e-01 -1.77660257e-01 -1.81857660e-01
 -1.84935197e-01 -1.86835438e-01 -1.87503040e-01 -1.86885700e-01 -1.84936494e-01
 -1.81617901e-01 -1.76906854e-01 -1.70798287e-01 -1.63306341e-01 -1.54462025e-01
 -1.44306153e-01 -1.32878125e-01 -1.20203525e-01 -1.06282890e-01 -9.10852030e-02
 -7.45499134e-02 -5.66031002e-02 -3.71955447e-02 -1.63748525e-02  5.59277227e-03
  2.80367043e-02  4.97294553e-02  7.19346404e-02  9.46073979e-02  1.17768943e-01
  1.41485050e-01  1.65860519e-01  1.91042617e-01  2.17230842e-01  2.44693443e-01
  2.73791522e-01  3.05011332e-01  3.39002371e-01  3.76638025e-01  4.19381022e-01
  1.32816479e-01  1.29635409e-01  1.16789751e-01  1.03705376e-01  9.17163938e-02
  7.98063353e-02  6.77440837e-02  5.54511994e-02  4.28832136e-02  2.99956668e-02
  1.67213026e-02  2.73677520e-03 -1.17255216e-02 -2.64455527e-02 -4.12236340e-02
 -5.58866076e-02 -7.02904612e-02 -8.43194723e-02 -9.78827626e-02 -1.10909201e-01
 -1.23341694e-01 -1.35131463e-01 -1.46232978e-01 -1.56599909e-01 -1.66182384e-01
 -1.74925819e-01 -1.82771280e-01 -1.89657331e-01 -1.95523947e-01 -2.00316980e-01
 -2.03987136e-01 -2.06486240e-01 -2.07762912e-01 -2.07759634e-01 -2.06412688e-01
 -2.03656286e-01 -1.99430749e-01 -1.93694055e-01 -1.86433628e-01 -1.77673966e-01
 -1.67472541e-01 -1.55904010e-01 -1.43043295e-01 -1.28945619e-01 -1.13629781e-01
 -9.70690846e-02 -7.91950226e-02 -5.99198975e-02 -3.91880721e-02 -1.70703214e-02
  6.08160254e-03  2.94129383e-02  5.29138148e-02  7.66762719e-02  1.00782171e-01
  1.25323147e-01  1.50410950e-01  1.76186427e-01  2.02830538e-01  2.30579138e-01
  2.59744376e-01  2.90746361e-01  3.24152350e-01  3.60616773e-01  3.99465144e-01
  1.23108633e-01  1.17707171e-01  1.09524220e-01  9.93224382e-02  8.80770832e-02
  7.62645379e-02  6.40398711e-02  5.14457636e-02  3.84929962e-02  2.51906496e-02
  1.10839680e-02 -3.65123665e-03 -1.88064817e-02 -3.41723599e-02 -4.95570078e-02
 -6.47955090e-02 -7.97528103e-02 -9.43221077e-02 -1.08420327e-01 -1.21982150e-01
 -1.34953484e-01 -1.47285268e-01 -1.58928141e-01 -1.69828445e-01 -1.79925993e-01
 -1.89153761e-01 -1.97441995e-01 -2.04730630e-01 -2.10975468e-01 -2.16146871e-01
 -2.20223308e-01 -2.23182291e-01 -2.24991277e-01 -2.25600332e-01 -2.24938318e-01
 -2.22914323e-01 -2.19425216e-01 -2.14370206e-01 -2.07670972e-01 -1.99293420e-01
 -1.89263850e-01 -1.77670553e-01 -1.64641306e-01 -1.50302380e-01 -1.34748846e-01
 -1.18021891e-01 -1.00098871e-01 -8.09005126e-02 -6.03211299e-02 -3.82910520e-02
 -1.48846060e-02  9.51293018e-03  3.39840837e-02  5.85517399e-02  8.32880437e-02
  1.08275183e-01  1.33601665e-01  1.59366310e-01  1.85683370e-01  2.12687582e-01
  2.40539655e-01  2.69434810e-01  2.99624145e-01  3.31473351e-01  3.65151793e-01
  1.22505881e-01  1.17409065e-01  1.07817955e-01  9.65377539e-02  8.49305242e-02
  7.29078427e-02  6.04404695e-02  4.75264005e-02  3.41618732e-02  2.03377716e-02
  5.65167237e-03 -9.66402516e-03 -2.53774319e-02 -4.12718579e-02 -5.71565181e-02
 -7.28717819e-02 -8.82894322e-02 -1.03309222e-01 -1.17852934e-01 -1.31857306e-01
 -1.45266756e-01 -1.58026546e-01 -1.70077160e-01 -1.81350231e-01 -1.91766664e-01
 -2.01242998e-01 -2.09711418e-01 -2.17130825e-01 -2.23487601e-01 -2.28788570e-01
 -2.33049572e-01 -2.36282483e-01 -2.38482699e-01 -2.39618868e-01 -2.39625752e-01
 -2.38401607e-01 -2.35811844e-01 -2.31700718e-01 -2.25912973e-01 -2.18324155e-01
 -2.08874434e-01 -1.97595060e-01 -1.84612960e-01 -1.70121685e-01 -1.54315248e-01
 -1.37333706e-01 -1.19236976e-01 -9.99976993e-02 -7.95162171e-02 -5.76631688e-02
 -3.43600810e-02 -9.71565209e-03  1.57619379e-02  4.08746302e-02  6.59493804e-02
  9.10723731e-02  1.16294958e-01  1.41656220e-01  1.67186767e-01  1.92903325e-01
  2.18794063e-01  2.44788066e-01  2.70690531e-01  2.96047091e-01  3.19938749e-01
  1.19746737e-01  1.14074551e-01  1.04965456e-01  9.39450189e-02  8.22073594e-02
  6.99588135e-02  5.72217293e-02  4.39892560e-02  3.02371085e-02  1.59101933e-02
  7.15580769e-04 -1.50922062e-02 -3.12712379e-02 -4.76028062e-02 -6.38989508e-02
 -8.00051913e-02 -9.57988352e-02 -1.11183889e-01 -1.26083925e-01 -1.40433982e-01
 -1.54172480e-01 -1.67233780e-01 -1.79542154e-01 -1.91007584e-01 -2.01529548e-01
 -2.11022571e-01 -2.19435558e-01 -2.26757273e-01 -2.33011037e-01 -2.38242581e-01
 -2.42504954e-01 -2.45843351e-01 -2.48281583e-01 -2.49810815e-01 -2.50380933e-01
 -2.49894753e-01 -2.48206660e-01 -2.45128065e-01 -2.40443423e-01 -2.33939707e-01
 -2.25448981e-01 -2.14896098e-01 -2.02334747e-01 -1.87950671e-01 -1.72016203e-01
 -1.54796064e-01 -1.36467010e-01 -1.17092863e-01 -9.66272429e-02 -7.49434754e-02
 -5.18971980e-02 -2.74343956e-02 -1.76484848e-03  2.43854858e-02  4.94800657e-02
  7.45453462e-02  9.95136425e-02  1.24348149e-01  1.49010733e-01  1.73442557e-01
  1.97545558e-01  2.21159860e-01  2.44036257e-01  2.65812337e-01  2.86017627e-01
  1.18740149e-01  1.12979889e-01  1.03439815e-01  9.20259058e-02  8.00144598e-02
  6.75166398e-02  5.45296147e-02  4.10512947e-02  2.70895343e-02  1.21676913e-02
 -3.53075028e-03 -1.97829194e-02 -3.63619924e-02 -5.30586652e-02 -6.96924552e-02
 -8.61152187e-02 -1.02209039e-01 -1.17880374e-01 -1.33052051e-01 -1.47654414e-01
 -1.61616489e-01 -1.74858138e-01 -1.87283620e-01 -1.98779166e-01 -2.09235460e-01
 -2.18578041e-01 -2.26781130e-01 -2.33866826e-01 -2.39894196e-01 -2.44943127e-01
 -2.49097094e-01 -2.52427638e-01 -2.54981428e-01 -2.56769776e-01 -2.57760018e-01
 -2.57868379e-01 -2.56954700e-01 -2.54821688e-01 -2.51222372e-01 -2.45881453e-01
 -2.38535732e-01 -2.28991807e-01 -2.17188239e-01 -2.03236103e-01 -1.87409118e-01
 -1.70067847e-01 -1.51529700e-01 -1.31980345e-01 -1.11461975e-01 -8.98949653e-02
 -6.71315417e-02 -4.30494174e-02 -1.77043360e-02  8.43272638e-03  3.41444314e-02
  5.93722574e-02  8.41925368e-02  1.08605847e-01  1.32571861e-01  1.56017959e-01
  1.78837419e-01  2.00884268e-01  2.21969455e-01  2.41863564e-01  2.60311484e-01
  1.18004978e-01  1.12165213e-01  1.02286711e-01  9.05627161e-02  7.83127919e-02
  6.55768886e-02  5.23321368e-02  3.85663435e-02  2.42702086e-02  8.97308253e-03
 -7.09500117e-03 -2.36937553e-02 -4.05916087e-02 -5.75802736e-02 -7.44826645e-02
 -9.11543593e-02 -1.07480094e-01 -1.23366751e-01 -1.38734490e-01 -1.53507099e-01
 -1.67602688e-01 -1.80925414e-01 -1.93359017e-01 -2.04773679e-01 -2.15063065e-01
 -2.24170864e-01 -2.32098714e-01 -2.38899633e-01 -2.44662553e-01 -2.49493390e-01
 -2.53497213e-01 -2.56763548e-01 -2.59354621e-01 -2.61296660e-01 -2.62572080e-01
 -2.63112098e-01 -2.62789667e-01 -2.61414081e-01 -2.58730888e-01 -2.54433423e-01
 -2.48194188e-01 -2.39721224e-01 -2.28834108e-01 -2.15536267e-01 -2.00045228e-01
 -1.82748735e-01 -1.64081603e-01 -1.44365743e-01 -1.23749681e-01 -1.02221660e-01
 -7.96562508e-02 -5.58948666e-02 -3.08711324e-02 -4.79938509e-03  2.15655286e-02
  4.66506332e-02  7.12868422e-02  9.53860357e-02  1.18874006e-01  1.41670585e-01
  1.63680524e-01  1.84789896e-01  2.04866633e-01  2.23765492e-01  2.41337776e-01
  1.16711125e-01  1.10505328e-01  1.00974388e-01  8.94670784e-02  7.71256536e-02
  6.41957000e-02  5.07116541e-02  3.66729088e-02  2.20699068e-02  6.46798499e-03
 -9.89264436e-03 -2.67644506e-02 -4.39128354e-02 -6.11296929e-02 -7.82398209e-02
 -9.51009542e-02 -1.11599006e-01 -1.27640113e-01 -1.43140942e-01 -1.58018500e-01
 -1.72180384e-01 -1.85516462e-01 -1.97893202e-01 -2.09174782e-01 -2.19263971e-01
 -2.28123963e-01 -2.35781118e-01 -2.42313474e-01 -2.47832075e-01 -2.52460659e-01
 -2.56318063e-01 -2.59504467e-01 -2.62091547e-01 -2.64115006e-01 -2.65568048e-01
 -2.66394347e-01 -2.66480297e-01 -2.65646994e-01 -2.63645053e-01 -2.60157973e-01
 -2.54823714e-01 -2.47283861e-01 -2.37262338e-01 -2.24657685e-01 -2.09607869e-01
 -1.92481756e-01 -1.73775181e-01 -1.53931871e-01 -1.33206695e-01 -1.11662067e-01
 -8.92109126e-02 -6.56929687e-02 -4.09909822e-02 -1.52055705e-02  1.10896984e-02
  3.65221426e-02  6.12519309e-02  8.52628797e-02  1.08518042e-01  1.30962789e-01
  1.52527124e-01  1.73128352e-01  1.92674473e-01  2.11069360e-01  2.28219241e-01
  1.18152037e-01  1.12365827e-01  1.01660781e-01  8.93018171e-02  7.66408369e-02
  6.34772107e-02  4.97545712e-02  3.54613774e-02  2.05892194e-02  4.73104417e-03
 -1.18675372e-02 -2.89560389e-02 -4.62992303e-02 -6.36900589e-02 -8.09551552e-02
 -9.79539901e-02 -1.14573240e-01 -1.30718186e-01 -1.46302447e-01 -1.61237419e-01
 -1.75422326e-01 -1.88735962e-01 -2.01033592e-01 -2.12179407e-01 -2.22086564e-01
 -2.30735064e-01 -2.38170251e-01 -2.44488046e-01 -2.49814108e-01 -2.54283130e-01
 -2.58021653e-01 -2.61135489e-01 -2.63701081e-01 -2.65759319e-01 -2.67309785e-01
 -2.68304348e-01 -2.68639296e-01 -2.68145919e-01 -2.66582489e-01 -2.63632506e-01
 -2.58918822e-01 -2.52045184e-01 -2.42672995e-01 -2.30622575e-01 -2.15961367e-01
 -1.99023932e-01 -1.80327877e-01 -1.60396323e-01 -1.39569849e-01 -1.17972620e-01
 -9.55529958e-02 -7.21581802e-02 -4.76454198e-02 -2.20462885e-02  4.19341680e-03
  2.98979469e-02  5.47371767e-02  7.87497386e-02  1.01924628e-01  1.24224320e-01
  1.45595059e-01  1.65972754e-01  1.85287550e-01  2.03468382e-01  2.20448002e-01
  1.16642185e-01  1.10099621e-01  1.00815840e-01  8.94367993e-02  7.68362433e-02
  6.34713322e-02  4.94981632e-02  3.49568613e-02  1.98478829e-02  3.77632934e-03
 -1.30114919e-02 -3.02657373e-02 -4.77527343e-02 -6.52675554e-02 -8.26390609e-02
 -9.97285694e-02 -1.16423793e-01 -1.32629812e-01 -1.48258552e-01 -1.63218051e-01
 -1.77402422e-01 -1.90683722e-01 -2.02911764e-01 -2.13952973e-01 -2.23728746e-01
 -2.32230529e-01 -2.39515737e-01 -2.45690897e-01 -2.50889838e-01 -2.55252838e-01
 -2.58909822e-01 -2.61968821e-01 -2.64507890e-01 -2.66569734e-01 -2.68156469e-01
 -2.69223541e-01 -2.69671857e-01 -2.69337863e-01 -2.67984331e-01 -2.65295953e-01
 -2.60889649e-01 -2.54352033e-01 -2.45313600e-01 -2.33553559e-01 -2.19099164e-01
 -2.02261403e-01 -1.83562875e-01 -1.63562879e-01 -1.42648861e-01 -1.20978676e-01
 -9.85196456e-02 -7.51223415e-02 -5.06288297e-02 -2.50291452e-02  1.31311559e-03
  2.73643602e-02  5.21301702e-02  7.61394948e-02  9.93242636e-02  1.21626668e-01
  1.42988205e-01  1.63346872e-01  1.82638258e-01  2.00798452e-01  2.17767909e-01
  1.23815037e-01  1.18956521e-01  1.06004342e-01  9.17822197e-02  7.80821368e-02
  6.41799271e-02  4.98732030e-02  3.50890867e-02  1.97873600e-02  3.55676096e-03
 -1.33630438e-02 -3.07262279e-02 -4.83021997e-02 -6.58887103e-02 -8.33170041e-02
 -1.00450367e-01 -1.17177978e-01 -1.33405745e-01 -1.49045706e-01 -1.64005294e-01
 -1.78177327e-01 -1.91431969e-01 -2.03618005e-01 -2.14603886e-01 -2.24315047e-01
 -2.32747883e-01 -2.39964470e-01 -2.46075079e-01 -2.51216024e-01 -2.55528837e-01
 -2.59143800e-01 -2.62168556e-01 -2.64680445e-01 -2.66721249e-01 -2.68292069e-01
 -2.69347399e-01 -2.69786984e-01 -2.69446164e-01 -2.68086284e-01 -2.65390247e-01
 -2.60972887e-01 -2.54418343e-01 -2.45354921e-01 -2.33560324e-01 -2.19061702e-01
 -2.02171296e-01 -1.83413431e-01 -1.63348004e-01 -1.42361194e-01 -1.20608598e-01
 -9.80553105e-02 -7.45514631e-02 -4.99437116e-02 -2.42380984e-02  2.16268748e-03
  2.81435549e-02  5.31817228e-02  7.73872435e-02  1.00744128e-01  1.23213708e-01
  1.44742385e-01  1.65266484e-01  1.84716418e-01  2.03021333e-01  2.20114052e-01
  1.21568240e-01  1.15518302e-01  1.05349354e-01  9.26937088e-02  7.91219845e-02
  6.50732145e-02  5.06020002e-02  3.56849246e-02  2.02860031e-02  3.98112833e-03
 -1.29935108e-02 -3.03949751e-02 -4.79950272e-02 -6.55934289e-02 -8.30232278e-02
 -1.00149408e-01 -1.16862856e-01 -1.33071259e-01 -1.48688614e-01 -1.63624585e-01
 -1.77774608e-01 -1.91011846e-01 -2.03187734e-01 -2.14171603e-01 -2.23888114e-01
 -2.32331619e-01 -2.39561498e-01 -2.45685041e-01 -2.50835717e-01 -2.55152404e-01
 -2.58762836e-01 -2.61772037e-01 -2.64254451e-01 -2.66248286e-01 -2.67750233e-01
 -2.68709093e-01 -2.69017816e-01 -2.68504113e-01 -2.66921848e-01 -2.63949126e-01
 -2.59202152e-01 -2.52277404e-01 -2.42829636e-01 -2.30675027e-01 -2.15881035e-01
 -1.98786110e-01 -1.79912806e-01 -1.59785509e-01 -1.38740569e-01 -1.16894595e-01
 -9.41872150e-02 -7.04592392e-02 -4.55700010e-02 -1.95714831e-02  7.03817839e-03
  3.29889543e-02  5.81700243e-02  8.25842023e-02  1.06206767e-01  1.28990233e-01
  1.50868565e-01  1.71760976e-01  1.91576362e-01  2.10218757e-01  2.27594256e-01
  1.24909669e-01  1.19732827e-01  1.07956536e-01  9.40836668e-02  8.01829249e-02
  6.60329461e-02  5.15242703e-02  3.66022661e-02  2.12256145e-02  4.95235156e-03
 -1.19828014e-02 -2.93379854e-02 -4.68857773e-02 -6.44266009e-02 -8.17942396e-02
 -9.88547206e-02 -1.15500502e-01 -1.31641701e-01 -1.47195801e-01 -1.62077278e-01
 -1.76187798e-01 -1.89408243e-01 -2.01596722e-01 -2.12622836e-01 -2.22406134e-01
 -2.30932340e-01 -2.38250807e-01 -2.44459033e-01 -2.49681994e-01 -2.54051507e-01
 -2.57689565e-01 -2.60695845e-01 -2.63139248e-01 -2.65051395e-01 -2.66420752e-01
 -2.67185837e-01 -2.67227471e-01 -2.66360223e-01 -2.64326841e-01 -2.60801136e-01
 -2.55409598e-01 -2.47781441e-01 -2.37630099e-01 -2.24848390e-01 -2.09575653e-01
 -1.92187861e-01 -1.73188612e-01 -1.53022543e-01 -1.31937429e-01 -1.09982729e-01
 -8.70558545e-02 -6.29838333e-02 -3.76493596e-02 -1.11835636e-02  1.57502815e-02
  4.15959097e-02  6.68658540e-02  9.15333107e-02  1.15547299e-01  1.38836369e-01
  1.61308318e-01  1.82849839e-01  2.03328446e-01  2.22597867e-01  2.40508184e-01
  1.23514958e-01  1.17807433e-01  1.07414924e-01  9.45353210e-02  8.09326172e-02
  6.69272393e-02  5.25401793e-02  3.77476774e-02  2.25177221e-02  6.38933294e-03
 -1.04031544e-02 -2.76180468e-02 -4.50276956e-02 -6.24320880e-02 -7.96646401e-02
 -9.65915471e-02 -1.13106407e-01 -1.29121915e-01 -1.44560024e-01 -1.59341931e-01
 -1.73378542e-01 -1.86562568e-01 -1.98763907e-01 -2.09853798e-01 -2.19744012e-01
 -2.28406236e-01 -2.35872850e-01 -2.42224514e-01 -2.47571230e-01 -2.52032459e-01
 -2.55719841e-01 -2.58723944e-01 -2.61104524e-01 -2.62882888e-01 -2.64035165e-01
 -2.64485240e-01 -2.64097631e-01 -2.62671620e-01 -2.59940356e-01 -2.55582273e-01
 -2.49252871e-01 -2.40643367e-01 -2.29560509e-01 -2.16002941e-01 -2.00193077e-01
 -1.82530090e-01 -1.63458779e-01 -1.43301353e-01 -1.22196808e-01 -1.00116611e-01
 -7.69154057e-02 -5.24184853e-02 -2.65592374e-02  4.10505047e-04  2.76245456e-02
  5.32735363e-02  7.86885247e-02  1.03750259e-01  1.28368258e-01  1.52448371e-01
  1.75874174e-01  1.98494494e-01  2.20116645e-01  2.40507767e-01  2.59409249e-01
  1.24220602e-01  1.18849903e-01  1.08122714e-01  9.50564966e-02  8.15732628e-02
  6.77736104e-02  5.36164492e-02  3.90682705e-02  2.41000317e-02  8.22721515e-03
 -8.31718557e-03 -2.52923705e-02 -4.24706973e-02 -5.96513562e-02 -7.66666755e-02
 -9.33821201e-02 -1.09691627e-01 -1.25510052e-01 -1.40763938e-01 -1.55382082e-01
 -1.69286475e-01 -1.82384610e-01 -1.94563687e-01 -2.05701172e-01 -2.15701461e-01
 -2.24518985e-01 -2.32163504e-01 -2.38691807e-01 -2.44191676e-01 -2.48763308e-01
 -2.52501935e-01 -2.55483627e-01 -2.57754087e-01 -2.59319812e-01 -2.60140568e-01
 -2.60122746e-01 -2.59114206e-01 -2.56902754e-01 -2.53223300e-01 -2.47779667e-01
 -2.40286633e-01 -2.30531573e-01 -2.18441680e-01 -2.04128221e-01 -1.87876195e-01
 -1.70062453e-01 -1.51015311e-01 -1.30919680e-01 -1.09807000e-01 -8.75810981e-02
 -6.40783906e-02 -3.91713418e-02 -1.29352743e-02  1.40994275e-02  4.06193547e-02
  6.68082610e-02  9.27610472e-02  1.18502609e-01  1.44018531e-01  1.69259101e-01
  1.94129497e-01  2.18470022e-01  2.42029294e-01  2.64440268e-01  2.85225630e-01
  1.23614803e-01  1.18356168e-01  1.07838117e-01  9.51048881e-02  8.19966048e-02
  6.85528144e-02  5.47346696e-02  4.05267440e-02  2.59176996e-02  1.04039973e-02
 -5.78642357e-03 -2.24177018e-02 -3.92645262e-02 -5.61260246e-02 -7.28330612e-02
 -8.92493874e-02 -1.05268091e-01 -1.20804965e-01 -1.35790229e-01 -1.50159791e-01
 -1.63846880e-01 -1.76774755e-01 -1.88851207e-01 -1.99968100e-01 -2.10026965e-01
 -2.18965426e-01 -2.26767495e-01 -2.33460322e-01 -2.39102140e-01 -2.43766010e-01
 -2.47523174e-01 -2.50428259e-01 -2.52507091e-01 -2.53746927e-01 -2.54089028e-01
 -2.53423452e-01 -2.51587838e-01 -2.48372898e-01 -2.43538871e-01 -2.36846939e-01
 -2.28105560e-01 -2.17223391e-01 -2.04250082e-01 -1.89380854e-01 -1.72907114e-01
 -1.55112654e-01 -1.36182114e-01 -1.16175465e-01 -9.50345099e-02 -7.26198256e-02
 -4.87857535e-02 -2.35107001e-02  2.89002946e-03  2.94473562e-02  5.58696128e-02
  8.22328776e-02  1.08606011e-01  1.35045782e-01  1.61595851e-01  1.88281849e-01
  2.15097770e-01  2.41975889e-01  2.68721372e-01  2.94874400e-01  3.19501162e-01
  1.20745152e-01  1.14988133e-01  1.06028944e-01  9.47760493e-02  8.23756978e-02
  6.93640932e-02  5.59150055e-02  4.20810953e-02  2.78845597e-02  1.28351822e-02
 -2.88453582e-03 -1.90568659e-02 -3.54625359e-02 -5.19009493e-02 -6.82005510e-02
 -8.42218399e-02 -9.98551995e-02 -1.15015395e-01 -1.29634276e-01 -1.43652871e-01
 -1.57013789e-01 -1.69654563e-01 -1.81502461e-01 -1.92471310e-01 -2.02468827e-01
 -2.11421162e-01 -2.19287753e-01 -2.26063550e-01 -2.31771737e-01 -2.36451060e-01
 -2.40141138e-01 -2.42868260e-01 -2.44633302e-01 -2.45402262e-01 -2.45100230e-01
 -2.43609518e-01 -2.40774155e-01 -2.36412928e-01 -2.30343282e-01 -2.22415656e-01
 -2.12552458e-01 -2.00779259e-01 -1.87231630e-01 -1.72123492e-01 -1.55672491e-01
 -1.38031974e-01 -1.19262964e-01 -9.93283242e-02 -7.81114623e-02 -5.54654934e-02
 -3.13052684e-02 -5.76191535e-03  2.05811225e-02  4.63860556e-02  7.24228397e-02
  9.87002030e-02  1.25276625e-01  1.52241707e-01  1.79710001e-01  2.07820714e-01
  2.36740932e-01  2.66673177e-01  2.97876984e-01  3.30728412e-01  3.65403235e-01
  1.27991125e-01  1.24511622e-01  1.10143319e-01  9.61467475e-02  8.32537934e-02
  7.03211576e-02  5.71328700e-02  4.36187014e-02  2.97280960e-02  1.53888110e-02
  3.07509792e-04 -1.52716981e-02 -3.11179850e-02 -4.70238701e-02 -6.28120154e-02
 -7.83374533e-02 -9.34857354e-02 -1.08168229e-01 -1.22315682e-01 -1.35871142e-01
 -1.48783073e-01 -1.60999328e-01 -1.72462374e-01 -1.83106363e-01 -1.92856297e-01
 -2.01637104e-01 -2.09390417e-01 -2.16081783e-01 -2.21698612e-01 -2.26242065e-01
 -2.29715824e-01 -2.32114315e-01 -2.33412519e-01 -2.33558714e-01 -2.32471421e-01
 -2.30042249e-01 -2.26145491e-01 -2.20655769e-01 -2.13472411e-01 -2.04546019e-01
 -1.93899170e-01 -1.81630015e-01 -1.67888820e-01 -1.52825713e-01 -1.36551574e-01
 -1.19113445e-01 -1.00484140e-01 -8.05709213e-02 -5.92490174e-02 -3.64307500e-02
 -1.21873179e-02  1.30563173e-02  3.82487699e-02  6.36017695e-02  8.92219171e-02
  1.15207911e-01  1.41675264e-01  1.68769628e-01  1.96678534e-01  2.25646213e-01
  2.55994976e-01  2.88157046e-01  3.22714567e-01  3.60338032e-01  4.00343299e-01
  1.20798983e-01  1.15608275e-01  1.06817007e-01  9.56474096e-02  8.35351422e-02
  7.10387304e-02  5.82739674e-02  4.52377722e-02  3.18993554e-02  1.82222147e-02
  3.82148894e-03 -1.10836551e-02 -2.62737982e-02 -4.15451601e-02 -5.67193329e-02
 -7.16474578e-02 -8.62099975e-02 -1.00313365e-01 -1.13884643e-01 -1.26865491e-01
 -1.39206022e-01 -1.50859296e-01 -1.61776870e-01 -1.71905816e-01 -1.81187466e-01
 -1.89558119e-01 -1.96953893e-01 -2.03320488e-01 -2.08616138e-01 -2.12808669e-01
 -2.15868965e-01 -2.17763484e-01 -2.18447745e-01 -2.17862844e-01 -2.15936184e-01
 -2.12587655e-01 -2.07741082e-01 -2.01339811e-01 -1.93362862e-01 -1.83836013e-01
 -1.72830969e-01 -1.60443947e-01 -1.46770045e-01 -1.31880477e-01 -1.15803629e-01
 -9.85151455e-02 -7.99421817e-02 -5.99873029e-02 -3.85814533e-02 -1.57799553e-02
  8.08162894e-03  3.21643241e-02  5.64355701e-02  8.09599981e-02  1.05820946e-01
  1.31120145e-01  1.56984881e-01  1.83578312e-01  2.11113110e-01  2.39869997e-01
  2.70223141e-01  3.02673578e-01  3.37887704e-01  3.76759589e-01  4.20783013e-01
  1.24344014e-01  1.21103451e-01  1.08865231e-01  9.57401395e-02  8.35299864e-02
  7.13939518e-02  5.91454841e-02  4.67167087e-02  3.40643674e-02  2.11512875e-02
  7.53240427e-03 -6.59210049e-03 -2.10161023e-02 -3.55427787e-02 -4.99951355e-02
 -6.42216355e-02 -7.80975744e-02 -9.15232152e-02 -1.04419827e-01 -1.16724633e-01
 -1.28385484e-01 -1.39355883e-01 -1.49590716e-01 -1.59043178e-01 -1.67662948e-01
 -1.75395727e-01 -1.82184339e-01 -1.87970519e-01 -1.92697659e-01 -1.96313247e-01
 -1.98767662e-01 -2.00011551e-01 -1.99993923e-01 -1.98662192e-01 -1.95965409e-01
 -1.91860527e-01 -1.86320677e-01 -1.79342896e-01 -1.70950860e-01 -1.61189124e-01
 -1.50114745e-01 -1.37783900e-01 -1.24236770e-01 -1.09484896e-01 -9.35043842e-02
 -7.62393177e-02 -5.76207191e-02 -3.76089960e-02 -1.62713286e-02  6.09283056e-03
  2.87718270e-02  5.16562499e-02  7.47785866e-02  9.81851816e-02  1.21938370e-01
  1.46119386e-01  1.70833200e-01  1.96215689e-01  2.22443610e-01  2.49749020e-01
  2.78441221e-01  3.08944464e-01  3.41882944e-01  3.78431022e-01  4.23931003e-01
  1.17330328e-01  1.12618327e-01  1.04277752e-01  9.37296972e-02  8.24911073e-02
  7.10599124e-02  5.95167913e-02  4.78460081e-02  3.60154547e-02  2.39935610e-02
  1.12863276e-02 -1.92679174e-03 -1.54561941e-02 -2.91147269e-02 -4.27285954e-02
 -5.61444201e-02 -6.92322701e-02 -8.18854198e-02 -9.40177515e-02 -1.05559811e-01
 -1.16454326e-01 -1.26651779e-01 -1.36106431e-01 -1.44773215e-01 -1.52605534e-01
 -1.59554109e-01 -1.65566891e-01 -1.70589671e-01 -1.74567446e-01 -1.77445918e-01
 -1.79172605e-01 -1.79698154e-01 -1.78977728e-01 -1.76973239e-01 -1.73656031e-01
 -1.69009730e-01 -1.63032472e-01 -1.55737072e-01 -1.47148266e-01 -1.37296617e-01
 -1.26210362e-01 -1.13906451e-01 -1.00383110e-01 -8.56167823e-02 -6.95670694e-02
 -5.21942899e-02 -3.34961787e-02 -1.35721331e-02  7.27438089e-03  2.83913855e-02
  4.97336946e-02  7.13051334e-02  9.31173638e-02  1.15191579e-01  1.37560040e-01
  1.60267666e-01  1.83373928e-01  2.06955016e-01  2.31105909e-01  2.55942285e-01
  2.81601191e-01  3.08237493e-01  3.36004823e-01  3.64967614e-01  3.93958747e-01
  1.16626956e-01  1.13185257e-01  1.03084609e-01  9.15416628e-02  8.06480274e-02
  6.99407309e-02  5.92404604e-02  4.84689511e-02  3.75846662e-02  2.65698340e-02
  1.49265602e-02  2.77886447e-03 -9.70990490e-03 -2.23646685e-02 -3.50154005e-02
 -4.75070216e-02 -5.97043112e-02 -7.14931414e-02 -8.27792138e-02 -9.34851840e-02
 -1.03547022e-01 -1.12910211e-01 -1.21526197e-01 -1.29349381e-01 -1.36334911e-01
 -1.42437205e-01 -1.47609472e-01 -1.51803836e-01 -1.54972151e-01 -1.57067344e-01
 -1.58044964e-01 -1.57864898e-01 -1.56493157e-01 -1.53903559e-01 -1.50078952e-01
 -1.45011723e-01 -1.38702914e-01 -1.31160006e-01 -1.22392818e-01 -1.12408541e-01
 -1.01206467e-01 -8.87744948e-02 -7.50894696e-02 -6.01247773e-02 -4.38692644e-02
 -2.63630804e-02 -7.75661506e-03  1.16078919e-02  3.10839415e-02  5.08303531e-02
  7.08224550e-02  9.10401866e-02  1.11468829e-01  1.32099420e-01  1.52928829e-01
  1.73959404e-01  1.95197985e-01  2.16653526e-01  2.38332629e-01  2.60230839e-01
  2.82316834e-01  3.04502875e-01  3.26589108e-01  3.48141968e-01  3.68198484e-01
  1.08096428e-01  1.03700936e-01  9.60925221e-02  8.68765488e-02  7.73965865e-02
  6.78590909e-02  5.82431629e-02  4.85162847e-02  3.86474170e-02  2.85976585e-02
  1.83023829e-02  7.41594052e-03 -3.87483486e-03 -1.53877223e-02 -2.69498806e-02
 -3.84029895e-02 -4.96067517e-02 -6.04402460e-02 -7.08013624e-02 -8.06048363e-02
 -8.97794440e-02 -9.82648656e-02 -1.06008627e-01 -1.12963416e-01 -1.19084947e-01
 -1.24330483e-01 -1.28658071e-01 -1.32026330e-01 -1.34394944e-01 -1.35725439e-01
 -1.35982275e-01 -1.35134086e-01 -1.33154526e-01 -1.30023018e-01 -1.25724703e-01
 -1.20249599e-01 -1.13590904e-01 -1.05742484e-01 -9.66959298e-02 -8.64380747e-02
 -7.49501511e-02 -6.22107945e-02 -4.82057817e-02 -3.29484418e-02 -1.65168419e-02
  8.88329756e-04  1.88423935e-02  3.66462581e-02  5.48099354e-02  7.32743517e-02
  9.19876173e-02  1.10903278e-01  1.29978940e-01  1.49175167e-01  1.68454438e-01
  1.87779739e-01  2.07112283e-01  2.26407960e-01  2.45611340e-01  2.64646322e-01
  2.83401966e-01  3.01712006e-01  3.19328189e-01  3.35895509e-01  3.50956947e-01
  9.95028540e-02  9.46867242e-02  8.84734392e-02  8.12007040e-02  7.33374730e-02
  6.51447251e-02  5.67402057e-02  4.81739119e-02  3.94635312e-02  3.06098182e-02
  2.16047652e-02  1.20163476e-02  2.00461666e-03 -8.26497655e-03 -1.86296850e-02
 -2.89358534e-02 -3.90433744e-02 -4.88281287e-02 -5.81825823e-02 -6.70149848e-02
 -7.52475411e-02 -8.28141421e-02 -8.96579102e-02 -9.57289189e-02 -1.00982271e-01
 -1.05376638e-01 -1.08873263e-01 -1.11435488e-01 -1.13028698e-01 -1.13620497e-01
 -1.13181137e-01 -1.11683831e-01 -1.09104946e-01 -1.05423763e-01 -1.00621857e-01
 -9.46821198e-02 -8.75874460e-02 -7.93197006e-02 -6.98595122e-02 -5.91880046e-02
 -4.72918339e-02 -3.41742076e-02 -1.98758822e-02 -4.50668018e-03  1.16945766e-02
  2.83559505e-02  4.45399098e-02  6.12185337e-02  7.82838389e-02  9.56522897e-02
  1.13251343e-01  1.31013155e-01  1.48871511e-01  1.66760102e-01  1.84611648e-01
  2.02356860e-01  2.19923198e-01  2.37232730e-01  2.54198730e-01  2.70720720e-01
  2.86678076e-01  3.01923126e-01  3.16276073e-01  3.29526663e-01  3.41447622e-01
  9.41259041e-02  8.97820145e-02  8.33941549e-02  7.64636472e-02  6.94667101e-02
  6.22968115e-02  5.49746677e-02  4.75319922e-02  3.99930887e-02  3.23744565e-02
  2.46872213e-02  1.64493080e-02  7.79419392e-03 -1.13654195e-03 -1.01979477e-02
 -1.92477629e-02 -2.81515941e-02 -3.67864668e-02 -4.50427011e-02 -5.28242849e-02
 -6.00482300e-02 -6.66431561e-02 -7.25475922e-02 -7.77081996e-02 -8.20781067e-02
 -8.56155083e-02 -8.82825479e-02 -9.00444835e-02 -9.08691734e-02 -9.07267034e-02
 -8.95891786e-02 -8.74305591e-02 -8.42262655e-02 -7.99527019e-02 -7.45867416e-02
 -6.81055337e-02 -6.04871213e-02 -5.17123751e-02 -4.17696945e-02 -3.06645148e-02
 -1.84313618e-02 -5.15267719e-03  8.99616163e-03  2.37570629e-02  3.84192243e-02
  5.36462367e-02  6.92303330e-02  8.51762891e-02  1.01444826e-01  1.17976539e-01
  1.34700999e-01  1.51540175e-01  1.68409750e-01  1.85219958e-01  2.01876655e-01
  2.18282402e-01  2.34337777e-01  2.49942452e-01  2.64995635e-01  2.79395759e-01
  2.93039382e-01  3.05820227e-01  3.17628980e-01  3.28355998e-01  3.37897480e-01
  8.76560137e-02  8.30518231e-02  7.76756704e-02  7.17519894e-02  6.55746087e-02
  5.92815019e-02  5.29245622e-02  4.65301946e-02  4.01180908e-02  3.37087177e-02
  2.73317061e-02  2.05014180e-02  1.32870944e-02  5.79386624e-03 -1.85677141e-03
 -9.53809172e-03 -1.71253011e-02 -2.45002583e-02 -3.15543637e-02 -3.81899737e-02
 -4.43206988e-02 -4.98708822e-02 -5.47746345e-02 -5.89746386e-02 -6.24209084e-02
 -6.50695264e-02 -6.68814778e-02 -6.78215399e-02 -6.78573325e-02 -6.69586658e-02
 -6.50971159e-02 -6.22459128e-02 -5.83797656e-02 -5.34745269e-02 -4.75073270e-02
 -4.04583178e-02 -3.23154368e-02 -2.30795853e-02 -1.27747897e-02 -1.48239464e-03
  1.06448829e-02  2.34169532e-02  3.62534858e-02  4.97876108e-02  6.38371930e-02
  7.83771798e-02  9.33507383e-02  1.08708583e-01  1.24394082e-01  1.40339240e-01
  1.56463608e-01  1.72674045e-01  1.88865006e-01  2.04919651e-01  2.20712334e-01
  2.36112460e-01  2.50989556e-01  2.65218973e-01  2.78687298e-01  2.91296273e-01
  3.02965313e-01  3.13631564e-01  3.23249102e-01  3.31787020e-01  3.39228332e-01
  8.29760730e-02  7.91041926e-02  7.29902834e-02  6.70209378e-02  6.13837391e-02
  5.58544062e-02  5.03954627e-02  4.49971706e-02  3.96558568e-02  3.43679711e-02
  2.91231330e-02  2.38874294e-02  1.82326678e-02  1.22771459e-02  6.13682251e-03
 -7.19443342e-05 -6.23409823e-03 -1.22386413e-02 -1.79810822e-02 -2.33650915e-02
 -2.83032972e-02 -3.27174030e-02 -3.65378782e-02 -3.97034958e-02 -4.21608239e-02
 -4.38634083e-02 -4.47706357e-02 -4.48463671e-02 -4.40575369e-02 -4.23731804e-02
 -3.97645608e-02 -3.62071283e-02 -3.16818021e-02 -2.61749066e-02 -1.96774583e-02
 -1.21878535e-02 -3.73491738e-03  5.62357204e-03  1.58456098e-02  2.66868360e-02
  3.75905000e-02  4.93118577e-02  6.16691411e-02  7.46408105e-02  8.81799832e-02
  1.02245159e-01  1.16790906e-01  1.31766647e-01  1.47112653e-01  1.62756056e-01
  1.78607330e-01  1.94557324e-01  2.10475251e-01  2.26208523e-01  2.41585851e-01
  2.56424427e-01  2.70541430e-01  2.83768147e-01  2.95963883e-01  3.07026625e-01
  3.16898614e-01  3.25566381e-01  3.33055198e-01  3.39419335e-01  3.44730198e-01
  7.53546953e-02  7.09476173e-02  6.61630258e-02  6.12145811e-02  5.63547723e-02
  5.16666770e-02  4.71463315e-02  4.27731685e-02  3.85319106e-02  3.44177149e-02
  3.04379836e-02  2.66176146e-02  2.24762689e-02  1.80721600e-02  1.34879565e-02
  8.81819800e-03  4.16218024e-03 -3.80750454e-04 -4.71441541e-03 -8.74783751e-03
 -1.23962611e-02 -1.55814327e-02 -1.82316210e-02 -2.02821568e-02 -2.16770880e-02
 -2.23694295e-02 -2.23202035e-02 -2.14965865e-02 -1.98692419e-02 -1.74092297e-02
 -1.40874088e-02 -9.88863409e-03 -4.81873052e-03  1.09528040e-03  7.81767257e-03
  1.53558413e-02  2.35574525e-02  3.20511684e-02  4.14161868e-02  5.15009165e-02
  6.21962808e-02  7.35376030e-02  8.55126977e-02  9.81062055e-02  1.11297153e-01
  1.25060752e-01  1.39367014e-01  1.54178247e-01  1.69445425e-01  1.85103193e-01
  2.01063797e-01  2.17209831e-01  2.33386725e-01  2.49396369e-01  2.64996022e-01
  2.79907674e-01  2.93841988e-01  3.06533784e-01  3.17776501e-01  3.27445626e-01
  3.35508764e-01  3.42024177e-01  3.47127587e-01  3.51005733e-01  3.53860945e-01
  6.82895780e-02  6.43105581e-02  5.90864010e-02  5.42756394e-02  5.01590632e-02
  4.64320146e-02  4.29677442e-02  3.96992341e-02  3.65945548e-02  3.36455777e-02
  3.08613274e-02  2.82633808e-02  2.56871581e-02  2.28481088e-02  1.98304076e-02
  1.67199690e-02  1.36044547e-02  1.05711082e-02  7.70460628e-03  5.08569181e-03
  2.79093743e-03  8.93819088e-04 -5.33316575e-04 -1.41919905e-03 -1.70678715e-03
 -1.35446142e-03 -3.34785407e-04  1.36732729e-03  3.75899207e-03  6.85333880e-03
  1.07124867e-02  1.53416330e-02  2.06774697e-02  2.65655089e-02  3.26885618e-02
  3.96989137e-02  4.74503376e-02  5.58533706e-02  6.49318770e-02  7.46723041e-02
  8.50571617e-02  9.60842371e-02  1.07752547e-01  1.20061226e-01  1.33008555e-01
  1.46591112e-01  1.60802409e-01  1.75630286e-01  1.91053182e-01  2.07034200e-01
  2.23512381e-01  2.40390018e-01  2.57514268e-01  2.74652243e-01  2.91462809e-01
  3.07483166e-01  3.22172463e-01  3.35030168e-01  3.45705628e-01  3.54024559e-01
  3.59988570e-01  3.63773167e-01  3.65723312e-01  3.66307437e-01  3.65990639e-01
  5.67843765e-02  5.21003380e-02  4.81851324e-02  4.49944660e-02  4.23376374e-02
  3.99912335e-02  3.78233567e-02  3.57805043e-02  3.38520035e-02  3.20500284e-02
  3.04014068e-02  2.89459676e-02  2.77401656e-02  2.63437498e-02  2.48023849e-02
  2.31847167e-02  2.15649419e-02  2.00159624e-02  1.86062362e-02  1.73982382e-02
  1.64485332e-02  1.58114787e-02  1.55526921e-02  1.57887060e-02  1.65736321e-02
  1.79307126e-02  1.98596288e-02  2.23306138e-02  2.52647698e-02  2.84891967e-02
  3.24428715e-02  3.71206626e-02  4.24400494e-02  4.83363159e-02  5.47727607e-02
  6.18112348e-02  6.94599673e-02  7.77155459e-02  8.65827575e-02  9.60663855e-02
  1.06172755e-01  1.16912335e-01  1.28299102e-01  1.40350178e-01  1.53085604e-01
  1.66528136e-01  1.80702686e-01  1.95635363e-01  2.11351231e-01  2.27870330e-01
  2.45200485e-01  2.63324648e-01  2.82178491e-01  3.01608354e-01  3.21281016e-01
  3.40472788e-01  3.57814997e-01  3.71964961e-01  3.82601202e-01  3.89452547e-01
  3.92601490e-01  3.92336935e-01  3.89169455e-01  3.84601951e-01  3.79838407e-01
  4.13537212e-02  3.54431719e-02  3.36835235e-02  3.36030945e-02  3.33518647e-02
  3.28047387e-02  3.20869796e-02  3.12968381e-02  3.05043831e-02  2.97647957e-02
  2.91260350e-02  2.86330543e-02  2.83308066e-02  2.82672122e-02  2.80389842e-02
  2.77546085e-02  2.74921209e-02  2.73132268e-02  2.72673648e-02  2.73902472e-02
  2.76972353e-02  2.81681195e-02  2.87130438e-02  2.98776347e-02  3.15848552e-02
  3.37991565e-02  3.64983454e-02  3.96620668e-02  4.32706475e-02  4.73181941e-02
  5.18590547e-02  5.69128245e-02  6.24747239e-02  6.85351118e-02  7.50914812e-02
  8.21556374e-02  8.97397399e-02  9.78561640e-02  1.06519863e-01  1.15748562e-01
  1.25563428e-01  1.35989949e-01  1.47058457e-01  1.58804968e-01  1.71272025e-01
  1.84509933e-01  1.98578432e-01  2.13548407e-01  2.29504138e-01  2.46545032e-01
  2.64786929e-01  2.84361362e-01  3.05412591e-01  3.28094333e-01  3.52605104e-01
  3.79636258e-01  4.10476774e-01  4.19666409e-01  4.34468448e-01  4.37815100e-01
  4.35892433e-01  4.35241520e-01  4.15733665e-01  4.02341127e-01  3.92148614e-01
  2.80831661e-02  2.07379162e-02  2.15501841e-02  2.40210313e-02  2.53559593e-02
  2.60874666e-02  2.64926478e-02  2.67246310e-02  2.68860273e-02  2.70518195e-02
  2.72780508e-02  2.76049301e-02  2.80557629e-02  2.86300331e-02  2.92853806e-02
  3.00265439e-02  3.08761038e-02  3.18621285e-02  3.30124870e-02  3.43521163e-02
  3.59024853e-02  3.76849398e-02  3.97339649e-02  4.21372801e-02  4.49251086e-02
  4.81047183e-02  5.16734794e-02  5.56247383e-02  5.99521287e-02  6.46542907e-02
  6.97382838e-02  7.52098560e-02  8.10719728e-02  8.73278081e-02  9.39840227e-02
  1.01052597e-01  1.08549826e-01  1.16495959e-01  1.24915347e-01  1.33836642e-01
  1.43293098e-01  1.53323233e-01  1.63971558e-01  1.75289959e-01  1.87339365e-01
  2.00192451e-01  2.13937312e-01  2.28682548e-01  2.44564518e-01  2.61757135e-01
  2.80485153e-01  3.01040858e-01  3.23802173e-01  3.49254251e-01  3.78081948e-01
  4.10719484e-01  4.33200985e-01  4.48839724e-01  4.60983008e-01  4.60329920e-01
  4.59981740e-01  4.44506556e-01  4.25944358e-01  4.10304129e-01  3.97754073e-01
  2.48891562e-02  1.85603537e-02  1.69149674e-02  1.78396907e-02  1.92176718e-02
  2.04455201e-02  2.14767661e-02  2.23812051e-02  2.32399628e-02  2.41224896e-02
  2.50826161e-02  2.61590406e-02  2.73765940e-02  2.87478343e-02  3.02767027e-02
  3.19705606e-02  3.38412598e-02  3.59035358e-02  3.81732397e-02  4.06661928e-02
  4.33979668e-02  4.63848747e-02  4.96458560e-02  5.32027446e-02  5.70679046e-02
  6.12440854e-02  6.57270253e-02  7.05083758e-02  7.55784810e-02  8.09288993e-02
  8.65539163e-02  9.24505144e-02  9.86187905e-02  1.05063096e-01  1.11793190e-01
  1.18824981e-01  1.26180515e-01  1.33887678e-01  1.41979918e-01  1.50495842e-01
  1.59479097e-01  1.68978631e-01  1.79049179e-01  1.89752579e-01  2.01159716e-01
  2.13353589e-01  2.26433769e-01  2.40523025e-01  2.55777061e-01  2.72399455e-01
  2.90665030e-01  3.10958028e-01  3.33837092e-01  3.60129923e-01  3.90568137e-01
  4.18986082e-01  4.37653661e-01  4.53639060e-01  4.59569544e-01  4.60818827e-01
  4.53923643e-01  4.37265635e-01  4.20627356e-01  4.06558692e-01  3.94799620e-01
  1.47739109e-02  6.19040010e-03  8.68423283e-03  1.22092888e-02  1.41903460e-02
  1.56840831e-02  1.69929918e-02  1.82561371e-02  1.95632856e-02  2.09782552e-02
  2.25458834e-02  2.42963526e-02  2.62489282e-02  2.84153465e-02  3.08031403e-02
  3.34189571e-02  3.62700373e-02  3.93642969e-02  4.27097827e-02  4.63139452e-02
  5.01830652e-02  5.43218330e-02  5.87328933e-02  6.34158030e-02  6.83649108e-02
  7.35687613e-02  7.90107921e-02  8.46708193e-02  9.05271173e-02  9.65586081e-02
  1.02747142e-01  1.09079413e-01  1.15548827e-01  1.22156933e-01  1.28914475e-01
  1.35841668e-01  1.42967701e-01  1.50329888e-01  1.57972217e-01  1.65944144e-01
  1.74299508e-01  1.83095798e-01  1.92394152e-01  2.02259913e-01  2.12763995e-01
  2.23985106e-01  2.36012995e-01  2.48953193e-01  2.62933642e-01  2.78114468e-01
  2.94702828e-01  3.12976629e-01  3.33321363e-01  3.56243044e-01  3.81589442e-01
  4.03412253e-01  4.18435723e-01  4.30996388e-01  4.35172766e-01  4.36020851e-01
  4.29026872e-01  4.16467130e-01  4.04713571e-01  3.94233316e-01  3.84935439e-01
  1.87141709e-02  1.18656661e-02  9.37756244e-03  9.55384225e-03  1.04957307e-02
  1.15728043e-02  1.27364118e-02  1.40567487e-02  1.55988736e-02  1.74028501e-02
  1.94881801e-02  2.18617525e-02  2.45242938e-02  2.74746530e-02  3.07122506e-02
  3.42381336e-02  3.80549170e-02  4.21659313e-02  4.65740710e-02  5.12805320e-02
  5.62837012e-02  6.15782142e-02  6.71540648e-02  7.29957521e-02  7.90815204e-02
  8.53830501e-02  9.18659046e-02  9.84907895e-02  1.05215766e-01  1.11999199e-01
  1.18803434e-01  1.25598609e-01  1.32366285e-01  1.39102101e-01  1.45817310e-01
  1.52538642e-01  1.59306735e-01  1.66173503e-01  1.73198760e-01  1.80447102e-01
  1.87985033e-01  1.95879161e-01  2.04195052e-01  2.12996989e-01  2.22348437e-01
  2.32312903e-01  2.42954925e-01  2.54341096e-01  2.66540349e-01  2.79622763e-01
  2.93654442e-01  3.08684021e-01  3.24710310e-01  3.41609001e-01  3.58690113e-01
  3.73611301e-01  3.85455549e-01  3.93873364e-01  3.98513883e-01  3.99198800e-01
  3.95903111e-01  3.90246451e-01  3.83865505e-01  3.77322197e-01  3.70936930e-01
  1.00222891e-02  2.26141681e-04  3.82163958e-03  6.38051797e-03  6.94559328e-03
  7.32370419e-03  8.00583232e-03  9.16136149e-03  1.08274398e-02  1.29841259e-02
  1.55920358e-02  1.86109953e-02  2.20085848e-02  2.57630367e-02  2.98628490e-02
  3.43045481e-02  3.90896238e-02  4.42213565e-02  4.97019403e-02  5.55301644e-02
  6.16997108e-02  6.81979358e-02  7.50049353e-02  8.20927098e-02  8.94242674e-02
  9.69528332e-02  1.04621567e-01  1.12364329e-01  1.20108120e-01  1.27777591e-01
  1.35301635e-01  1.42620996e-01  1.49695814e-01  1.56511262e-01  1.63080409e-01
  1.69443369e-01  1.75663143e-01  1.81819007e-01  1.87999010e-01  1.94292933e-01
  2.00786904e-01  2.07560003e-01  2.14682639e-01  2.22216129e-01  2.30213016e-01
  2.38717362e-01  2.47764498e-01  2.57379800e-01  2.67575353e-01  2.78343469e-01
  2.89644808e-01  3.01387548e-01  3.13392609e-01  3.25342149e-01  3.36737484e-01
  3.46966445e-01  3.55486929e-01  3.61927897e-01  3.66092503e-01  3.67969036e-01
  3.67772073e-01  3.65943760e-01  3.63006860e-01  3.59402239e-01  3.55449021e-01
  2.32498553e-02  1.53513970e-02  9.76109505e-03  5.89775108e-03  3.19162779e-03
  1.70294230e-03  1.52651453e-03  2.52272282e-03  4.47200192e-03  7.18011055e-03
  1.04940673e-02  1.43026114e-02  1.85340084e-02  2.31504068e-02  2.81396341e-02
  3.35060991e-02  3.92623246e-02  4.54219654e-02  5.19945808e-02  5.89821860e-02
  6.63773790e-02  7.41627589e-02  8.23109075e-02  9.07840878e-02  9.95328426e-02
  1.08493328e-01  1.17584117e-01  1.26703858e-01  1.35732174e-01  1.44536033e-01
  1.52982250e-01  1.60954580e-01  1.68371171e-01  1.75197735e-01  1.81453824e-01
  1.87210426e-01  1.92579314e-01  1.97696626e-01  2.02704906e-01  2.07738340e-01
  2.12913826e-01  2.18327284e-01  2.24053830e-01  2.30149597e-01  2.36653909e-01
  2.43590847e-01  2.50969738e-01  2.58784175e-01  2.67009109e-01  2.75595993e-01
  2.84465134e-01  2.93495953e-01  3.02516967e-01  3.11300009e-01  3.19568843e-01
  3.27028483e-01  3.33408922e-01  3.38505030e-01  3.42202365e-01  3.44489932e-01
  3.45460176e-01  3.45290273e-01  3.44204217e-01  3.42430651e-01  3.40173542e-01
  2.81959102e-02  1.92903597e-02  1.06144100e-02  2.19544070e-03 -5.33913495e-03
 -9.12361592e-03 -9.07168631e-03 -7.28487782e-03 -4.29541338e-03 -4.41386917e-04
  4.00748895e-03  8.88003223e-03  1.40906665e-02  1.96199752e-02  2.54913382e-02
  3.17490473e-02  3.84418964e-02  4.56120819e-02  5.32880984e-02  6.14806935e-02
  7.01819137e-02  7.93676376e-02  8.90023261e-02  9.90426019e-02  1.09436154e-01
  1.20114915e-01  1.30983174e-01  1.41903654e-01  1.52687088e-01  1.63095385e-01
  1.72867164e-01  1.81762770e-01  1.89610004e-01  1.96334958e-01  2.01975212e-01
  2.06675783e-01  2.10663989e-01  2.14203984e-01  2.17547789e-01  2.20903993e-01
  2.24428535e-01  2.28229761e-01  2.32377842e-01  2.36914009e-01  2.41857365e-01
  2.47209176e-01  2.52955198e-01  2.59066015e-01  2.65495896e-01  2.72180915e-01
  2.79035896e-01  2.85952151e-01  2.92796582e-01  2.99414515e-01  3.05637598e-01
  3.11297625e-01  3.16243440e-01  3.20357591e-01  3.23568910e-01  3.25858921e-01
  3.27260882e-01  3.27851474e-01  3.27737093e-01  3.27037752e-01  3.25873405e-01
  3.14528272e-02  2.12233532e-02  9.94981546e-03 -2.94700963e-03 -1.76833645e-02
 -2.48554237e-02 -2.48076040e-02 -2.12243758e-02 -1.56461094e-02 -9.65727400e-03
 -3.45924008e-03  2.77248770e-03  9.01021902e-03  1.53535418e-02  2.19463557e-02
  2.89294645e-02  3.64246145e-02  4.45252992e-02  5.32917082e-02  6.27470016e-02
  7.28710964e-02  8.36093798e-02  9.49000865e-02  1.06696472e-01  1.18968807e-01
  1.31688938e-01  1.44801661e-01  1.58181638e-01  1.71574086e-01  1.84541568e-01
  1.96500510e-01  2.06902698e-01  2.15387180e-01  2.21802056e-01  2.26216674e-01
  2.28936926e-01  2.30499744e-01  2.31508613e-01  2.32435986e-01  2.33576462e-01
  2.35091031e-01  2.37057865e-01  2.39506528e-01  2.42437929e-01  2.45835111e-01
  2.49668628e-01  2.53899038e-01  2.58477390e-01  2.63344944e-01  2.68432230e-01
  2.73658484e-01  2.78931499e-01  2.84148842e-01  2.89200723e-01  2.93975174e-01
  2.98364788e-01  3.02274585e-01  3.05629432e-01  3.08379799e-01  3.10504794e-01
  3.12011838e-01  3.12933415e-01  3.13321203e-01  3.13239098e-01  3.12756509e-01
  3.59406434e-02  2.53819339e-02  1.33447982e-02 -9.32099880e-04 -1.87105555e-02
 -3.01348474e-02 -3.67242359e-02 -3.42699662e-02 -2.83721648e-02 -1.90561600e-02
 -1.02067683e-02 -2.66829436e-03  4.09813179e-03  1.06910691e-02  1.75142400e-02
  2.47993488e-02  3.27917114e-02  4.16477881e-02  5.14404401e-02  6.22757897e-02
  7.40985125e-02  8.66678730e-02  9.98000726e-02  1.13452367e-01  1.27681598e-01
  1.42597169e-01  1.58326253e-01  1.74970657e-01  1.92500085e-01  2.10373402e-01
  2.26664588e-01  2.39608049e-01  2.49255732e-01  2.54906774e-01  2.57067472e-01
  2.55476236e-01  2.52086222e-01  2.48874843e-01  2.46438831e-01  2.44882658e-01
  2.44176060e-01  2.44251281e-01  2.45032996e-01  2.46447578e-01  2.48424992e-01
  2.50897914e-01  2.53800213e-01  2.57065177e-01  2.60624081e-01  2.64404953e-01
  2.68332094e-01  2.72326082e-01  2.76304692e-01  2.80184925e-01  2.83885688e-01
  2.87331432e-01  2.90455848e-01  2.93205351e-01  2.95541912e-01  2.97444403e-01
  2.98908681e-01  2.99946010e-01  3.00580472e-01  3.00845683e-01  3.00781190e-01
  4.27649207e-02  3.32240611e-02  2.26347018e-02  1.08194342e-02 -2.00282573e-03
 -1.50010278e-02 -3.05941012e-02 -3.20236459e-02 -3.22702304e-02 -2.08907146e-02
 -1.13252960e-02 -4.70043579e-03 -6.17991536e-05  5.36107551e-03  1.22519964e-02
  1.85074527e-02  2.64984164e-02  3.64426598e-02  4.62650172e-02  5.87317012e-02
  7.37389326e-02  8.88215154e-02  1.03868559e-01  1.19129576e-01  1.34910733e-01
  1.51556969e-01  1.69481501e-01  1.89226508e-01  2.11591467e-01  2.38097966e-01
  2.67053127e-01  2.76530713e-01  2.95480728e-01  2.92239666e-01  2.99543560e-01
  2.83347309e-01  2.71220893e-01  2.62919396e-01  2.57100016e-01  2.53090829e-01
  2.50474513e-01  2.48970270e-01  2.48378724e-01  2.48550609e-01  2.49367863e-01
  2.50732064e-01  2.52556890e-01  2.54763484e-01  2.57277340e-01  2.60026336e-01
  2.62939602e-01  2.65947223e-01  2.68980622e-01  2.71973252e-01  2.74862319e-01
  2.77590185e-01  2.80106574e-01  2.82369941e-01  2.84348994e-01  2.86023289e-01
  2.87383288e-01  2.88429618e-01  2.89171696e-01  2.89626151e-01  2.89814830e-01
  5.14633693e-02  4.37060110e-02  3.53606828e-02  2.64362991e-02  1.70821156e-02
  7.58958561e-03 -1.40429894e-03 -9.52518266e-03 -2.11572386e-02 -7.89203309e-03
 -1.79296383e-03  1.43334107e-03  1.22605124e-03  4.27052751e-03  1.25169549e-02
  1.57967526e-02  2.33166367e-02  3.54167297e-02  4.26801592e-02  5.64682223e-02
  7.54690021e-02  9.22736079e-02  1.08204678e-01  1.23997360e-01  1.40174493e-01
  1.57205939e-01  1.75610572e-01  1.96056411e-01  2.19489738e-01  2.47205243e-01
  2.74619818e-01  2.87638724e-01  3.03079873e-01  3.03293496e-01  3.06110352e-01
  2.92009532e-01  2.78251588e-01  2.68436342e-01  2.61409909e-01  2.56379247e-01
  2.52842426e-01  2.50474751e-01  2.49054551e-01  2.48419672e-01  2.48443276e-01
  2.49020576e-01  2.50061363e-01  2.51485229e-01  2.53218770e-01  2.55193591e-01
  2.57345080e-01  2.59611756e-01  2.61935323e-01  2.64260858e-01  2.66537428e-01
  2.68719018e-01  2.70765185e-01  2.72642136e-01  2.74323106e-01  2.75788873e-01
  2.77027547e-01  2.78034359e-01  2.78810829e-01  2.79363871e-01  2.79704660e-01
  2.97313857e+00  2.83772588e+00  2.63649511e+00  2.46167111e+00  2.29669499e+00
  2.16203070e+00  2.05328655e+00  1.96611011e+00  1.89633441e+00  1.84119558e+00
  1.79769719e+00  1.76455235e+00  1.73904705e+00  1.72166741e+00  1.70986521e+00
  1.70381820e+00  1.70236576e+00  1.70533943e+00  1.71200669e+00  1.72209537e+00
  1.73463452e+00  1.74954689e+00  1.76622820e+00  1.78443646e+00  1.80401814e+00
  1.82446384e+00  1.84571469e+00  1.86765313e+00  1.89014935e+00  1.91307092e+00
  1.93623209e+00  1.95962954e+00  1.98324573e+00  2.00705194e+00  2.03097153e+00
  2.05500960e+00  2.07926130e+00  2.10380292e+00  2.12866163e+00  2.15397000e+00
  2.17978501e+00  2.20633292e+00  2.23378563e+00  2.26234293e+00  2.29226208e+00
  2.32374835e+00  2.35732365e+00  2.39323139e+00  2.43190956e+00  2.47382474e+00
  2.51943541e+00  2.56966901e+00  2.62486458e+00  2.68636084e+00  2.75510025e+00
  2.83322334e+00  2.92254734e+00  3.02620840e+00  3.14812803e+00  3.29568434e+00
  3.48032951e+00  3.71765661e+00  4.04855061e+00  4.58456564e+00  8.02739239e+00
   90   89
  1.03763580e+00  0.00000000e+00  1.03867149e+00  1.00000001e-01  1.04241037e+00
  2.00000003e-01  1.04816341e+00  3.00000012e-01  1.05250001e+00  3.61341923e-01
  1.05948496e+00  4.49999988e-01  1.06954134e+00  5.50000012e-01  1.07906246e+00
  6.42728329e-01  1.08586776e+00  6.99999988e-01  1.10158026e+00  8.00000012e-01
  1.10978711e+00  8.50000024e-01  1.13178504e+00  9.49999988e-01  1.14662290e+00
  1.00483036e+00  1.16105843e+00  1.05677748e+00  1.18531251e+00  1.05489671e+00
  1.23843753e+00  1.06206322e+00  1.29156256e+00  1.06087649e+00  1.34468746e+00
  1.05655348e+00  1.39781249e+00  1.05070734e+00  1.42437506e+00  1.04844117e+00
  1.47749996e+00  1.03906786e+00  1.53062499e+00  1.02537191e+00  1.58375001e+00
  1.00843608e+00  1.61031246e+00  9.99569118e-01  1.66343749e+00  9.79755938e-01
  1.71656251e+00  9.53989804e-01  1.74312496e+00  9.41182852e-01  1.79624999e+00
  9.09930348e-01  1.82281256e+00  8.92908156e-01  1.87593746e+00  8.53256047e-01
  1.90250003e+00  8.32765758e-01  1.93917263e+00  8.00000012e-01  1.98218751e+00
  7.58731425e-01  2.00874996e+00  7.31072724e-01  2.03531241e+00  6.99903131e-01
  2.07598948e+00  6.49999976e-01  2.11120677e+00  6.00000024e-01  2.14145088e+00
  5.50000012e-01  2.16757560e+00  5.00000000e-01  2.19042826e+00  4.49999988e-01
  2.21076298e+00  4.00000006e-01  2.22919822e+00  3.49999994e-01  2.24781251e+00
  2.96271116e-01  2.27437496e+00  2.02609509e-01  2.28727555e+00  1.50000006e-01
  2.30093741e+00  5.16426899e-02  2.30194402e+00  0.00000000e+00  2.29928899e+00
 -5.00000007e-02  2.28150892e+00 -1.50000006e-01  2.26834011e+00 -2.00000003e-01
  2.24781251e+00 -2.61878312e-01  2.22125006e+00 -3.34410906e-01  2.19468760e+00
 -3.97210568e-01  2.16845083e+00 -4.49999988e-01  2.14164400e+00 -5.00000000e-01
  2.11500001e+00 -5.45958042e-01  2.08843756e+00 -5.85089982e-01  2.06187510e+00
 -6.19587898e-01  2.03528786e+00 -6.49999976e-01  1.98792064e+00 -6.99999988e-01
  1.95562506e+00 -7.30817616e-01  1.92906249e+00 -7.52318084e-01  1.87593746e+00
 -7.93316126e-01  1.84937501e+00 -8.10639977e-01  1.79624999e+00 -8.41713190e-01
  1.76968753e+00 -8.54192376e-01  1.71656251e+00 -8.78613532e-01  1.66343749e+00
 -8.96327913e-01  1.63687503e+00 -9.02760029e-01  1.58375001e+00 -9.15387273e-01
  1.53062499e+00 -9.23808038e-01  1.47749996e+00 -9.27168906e-01  1.42437506e+00
 -9.24478114e-01  1.37125003e+00 -9.13738906e-01  1.33334887e+00 -8.99999976e-01
  1.29156256e+00 -8.79054189e-01  1.25854099e+00 -8.50000024e-01  1.21589661e+00
 -8.00000012e-01  1.18693602e+00 -7.50000000e-01  1.16494274e+00 -6.99999988e-01
  1.14711475e+00 -6.49999976e-01  1.13191307e+00 -6.00000024e-01  1.10562503e+00
 -5.00849247e-01  1.09339166e+00 -4.49999988e-01  1.07906246e+00 -3.82383823e-01
  1.06375813e+00 -3.00000012e-01  1.05250001e+00 -2.19272152e-01  1.04500747e+00
 -1.50000006e-01  1.03872323e+00 -5.00000007e-02  1.03763580e+00  0.00000000e+00
  1.01600003e+00  0.00000000e+00  1.01600003e+00  9.63999987e-01  1.01800001e+00
  9.67999995e-01  1.01800001e+00  1.00100005e+00  1.01800001e+00  1.01900005e+00
  1.01800001e+00  1.07700002e+00  1.01800001e+00  1.07000005e+00  1.01800001e+00
  1.09599996e+00  1.01800001e+00  1.11300004e+00  1.01800001e+00  1.13800001e+00
  1.01600003e+00  1.14699996e+00  1.01199996e+00  1.16499996e+00  1.00100005e+00
  1.21700001e+00  1.02900004e+00  1.21700001e+00  1.04200006e+00  1.16240001e+00
  1.04600000e+00  1.16237998e+00  1.05599999e+00  1.16260004e+00  1.09700000e+00
  1.16450000e+00  1.10800004e+00  1.16594005e+00  1.11600006e+00  1.16591001e+00
  1.13399994e+00  1.16895998e+00  1.14800000e+00  1.17174995e+00  1.16199994e+00
  1.17556000e+00  1.18099999e+00  1.18299997e+00  1.18200004e+00  1.18350005e+00
  1.18499994e+00  1.18499994e+00  1.19000006e+00  1.18799996e+00  1.19500005e+00
  1.19099998e+00  1.20099998e+00  1.19599998e+00  1.20899999e+00  1.20200002e+00
  1.21500003e+00  1.20799994e+00  1.22200000e+00  1.21399999e+00  1.22800004e+00
  1.22099996e+00  1.23399997e+00  1.23099995e+00  1.23899996e+00  1.23800004e+00
  1.24199998e+00  1.24399996e+00  1.24800003e+00  1.25399995e+00  1.25800002e+00
  1.27800000e+00  1.26300001e+00  1.28999996e+00  1.27999997e+00  1.33099997e+00
  1.27999997e+00  1.34700000e+00  1.27999997e+00  1.34800005e+00  1.30999994e+00
  1.34800005e+00  1.32799995e+00  1.34800005e+00  1.36099994e+00  1.34800005e+00
  1.38000000e+00  1.34800005e+00  1.41900003e+00  1.34800005e+00  1.41900003e+00
  1.30999994e+00  1.37199998e+00  1.30999994e+00  1.37199998e+00  1.29200006e+00
  1.60800004e+00  1.09500003e+00  1.64699996e+00  1.07700002e+00  1.78499997e+00
  1.07700002e+00  2.06999993e+00  1.03999996e+00  2.12800002e+00  9.92999971e-01
  2.24499989e+00  7.08999991e-01  2.32299995e+00  5.18999994e-01  2.37700009e+00
  3.88999999e-01  2.35200000e+00  4.00000006e-01  2.35100007e+00  3.37000012e-01
  2.35100007e+00  2.04999998e-01  2.35400009e+00  6.80000037e-02  2.35400009e+00
  0.00000000e+00  2.35400009e+00 -6.80000037e-02  2.35299993e+00 -2.04999998e-01
  2.35100007e+00 -3.37000012e-01  2.35299993e+00 -4.00000006e-01  2.37700009e+00
 -3.88999999e-01  2.13400006e+00 -9.72999990e-01  1.78600001e+00 -1.17400002e+00
  1.76800001e+00 -1.21099997e+00  1.76800001e+00 -1.25399995e+00  1.68200004e+00
 -1.25399995e+00  1.67400002e+00 -1.26199996e+00  1.67400002e+00 -1.32900000e+00
  1.68099999e+00 -1.33899999e+00  1.75399995e+00 -1.33899999e+00  1.75399995e+00
 -1.36800003e+00  1.68900001e+00 -1.36800003e+00  1.68900001e+00 -1.36600006e+00
  1.55499995e+00 -1.36600006e+00  1.41199994e+00 -1.36600006e+00  1.27300000e+00
 -1.36600006e+00  1.15300000e+00 -1.36600006e+00  1.01600003e+00 -1.22899997e+00
  1.01600003e+00 -8.00000012e-01  1.01600003e+00 -4.14999992e-01  1.01600003e+00
 -4.00000006e-01  1.01600003e+00  0.00000000e+00
    0 0.000000000e+00    0
  0.00000000e+00  1.40405089e-01  1.95436731e-01  2.33616352e-01  2.65594959e-01
  2.92391837e-01  3.15663815e-01  3.36439759e-01  3.55327696e-01  3.72566849e-01
  3.88748199e-01  4.03949767e-01  4.18367267e-01  4.32083786e-01  4.45365280e-01
  4.58191156e-01  4.70575422e-01  4.82693762e-01  4.94560093e-01  5.06176293e-01
  5.17644167e-01  5.28892875e-01  5.40033221e-01  5.51086009e-01  5.61989009e-01
  5.72816432e-01  5.83558023e-01  5.94237208e-01  6.04844093e-01  6.15395188e-01
  6.25895619e-01  6.36327505e-01  6.46734715e-01  6.57098889e-01  6.67413771e-01
  6.77680016e-01  6.87928379e-01  6.98147535e-01  7.08328903e-01  7.18491554e-01
  7.28612125e-01  7.38736749e-01  7.48837471e-01  7.58935928e-01  7.69037366e-01
  7.79112816e-01  7.89231241e-01  7.99354732e-01  8.09518278e-01  8.19729149e-01
  8.29967499e-01  8.40308785e-01  8.50704670e-01  8.61231685e-01  8.71875107e-01
  8.82693708e-01  8.93695533e-01  9.04920161e-01  9.16416466e-01  9.28283215e-01
  9.40644741e-01  9.53510106e-01  9.67174888e-01  9.82105970e-01  1.00000000e+00
    0
