   EFIT?   05/12/98      #102940   834             3  65  65
  1.70000005e+00  3.20000005e+00  1.69550002e+00  8.39999974e-01  0.00000000e+00
  1.76169813e+00  1.17100496e-02 -2.84270614e-01 -8.44962969e-02 -2.00470853e+00
  1.19761188e+06 -2.84270614e-01  0.00000000e+00  1.76169813e+00  0.00000000e+00
  1.17100496e-02  0.00000000e+00 -8.44962969e-02  0.00000000e+00  0.00000000e+00
 -3.43259072e+00 -3.43661594e+00 -3.43998313e+00 -3.44275141e+00 -3.44497442e+00
 -3.44670129e+00 -3.44797659e+00 -3.44884157e+00 -3.44933414e+00 -3.44948864e+00
 -3.44933724e+00 -3.44890976e+00 -3.44823384e+00 -3.44733572e+00 -3.44623971e+00
 -3.44496894e+00 -3.44354558e+00 -3.44199109e+00 -3.44032550e+00 -3.43856931e+00
 -3.43674207e+00 -3.43486261e+00 -3.43294835e+00 -3.43101501e+00 -3.42907691e+00
 -3.42714667e+00 -3.42523623e+00 -3.42335582e+00 -3.42151499e+00 -3.41972184e+00
 -3.41798449e+00 -3.41630888e+00 -3.41470122e+00 -3.41316652e+00 -3.41170931e+00
 -3.41033292e+00 -3.40904069e+00 -3.40783501e+00 -3.40671730e+00 -3.40568924e+00
 -3.40475130e+00 -3.40390348e+00 -3.40314531e+00 -3.40247536e+00 -3.40189219e+00
 -3.40139341e+00 -3.40097618e+00 -3.40063643e+00 -3.40037036e+00 -3.40017223e+00
 -3.40003681e+00 -3.39995718e+00 -3.39992571e+00 -3.39993382e+00 -3.39997220e+00
 -3.40003014e+00 -3.40009570e+00 -3.40015578e+00 -3.40019560e+00 -3.40019941e+00
 -3.40014911e+00 -3.40002513e+00 -3.39980602e+00 -3.39946747e+00 -3.39898324e+00
  3.99122812e+04  3.52279727e+04  3.10675371e+04  2.73919355e+04  2.41640664e+04
  2.13486621e+04  1.89122305e+04  1.68229648e+04  1.50506865e+04  1.35667734e+04
  1.23440928e+04  1.13569521e+04  1.05810312e+04  9.99333887e+03  9.57215332e+03
  9.29698242e+03  9.14851270e+03  9.10857031e+03  9.16008008e+03  9.28702734e+03
  9.47442285e+03  9.70827148e+03  9.97554004e+03  1.02641289e+04  1.05628447e+04
  1.08613770e+04  1.11502744e+04  1.14209268e+04  1.16655391e+04  1.18771250e+04
  1.20494824e+04  1.21771826e+04  1.22555615e+04  1.22807031e+04  1.22494385e+04
  1.21593311e+04  1.20086787e+04  1.17965029e+04  1.15225527e+04  1.11873008e+04
  1.07919424e+04  1.03384062e+04  9.82934863e+03  9.26816504e+03  8.65899902e+03
  8.00674512e+03  7.31706494e+03  6.59639893e+03  5.85197803e+03  5.09184180e+03
  4.32485498e+03  3.56072705e+03  2.81003516e+03  2.08424512e+03  1.39573743e+03
  7.57835144e+02  1.84832367e+02 -3.07974060e+02 -7.04250916e+02 -9.86592651e+02
 -1.13648340e+03 -1.13425610e+03 -9.59049072e+02 -5.88760559e+02  0.00000000e+00
  4.80544758e+00  4.05252695e+00  3.36537838e+00  2.73846245e+00  2.16676903e+00
  1.64577448e+00  1.17140055e+00  7.39979148e-01  3.48219961e-01 -6.81839883e-03
 -3.27754378e-01 -6.16906524e-01 -8.76313746e-01 -1.10775340e+00 -1.31275678e+00
 -1.49262285e+00 -1.64842916e+00 -1.78104186e+00 -1.89112306e+00 -1.97913682e+00
 -2.04552341e+00 -2.09179378e+00 -2.11984706e+00 -2.13142490e+00 -2.12812400e+00
 -2.11140990e+00 -2.08263087e+00 -2.04302812e+00 -1.99374843e+00 -1.93585300e+00
 -1.87032747e+00 -1.79809034e+00 -1.72000122e+00 -1.63686788e+00 -1.54945397e+00
 -1.45848548e+00 -1.36465716e+00 -1.26863849e+00 -1.17107987e+00 -1.07261789e+00
 -9.73881423e-01 -8.75496864e-01 -7.78093636e-01 -6.82309866e-01 -5.88797927e-01
 -4.98230100e-01 -4.11304653e-01 -3.28751832e-01 -2.51340359e-01 -1.79884166e-01
 -1.15249604e-01 -5.83629720e-02 -1.02187535e-02  2.81116962e-02  5.54706939e-02
  7.06040636e-02  7.21500888e-02  5.86275607e-02  2.84227207e-02 -2.02249140e-02
 -8.92380401e-02 -1.80718467e-01 -2.96965659e-01 -4.40496832e-01 -6.14069283e-01
 -1.58779000e+06 -1.41355262e+06 -1.25213488e+06 -1.10290662e+06 -9.65264125e+05
 -8.38629438e+05 -7.22448812e+05 -6.16191250e+05 -5.19347781e+05 -4.31429969e+05
 -3.51969094e+05 -2.80514969e+05 -2.16635016e+05 -1.59913312e+05 -1.09949672e+05
 -6.63587344e+04 -2.87691562e+04  3.17720996e+03  2.98261152e+04  5.15116680e+04
  6.85570625e+04  8.12753125e+04  8.99699062e+04  9.49354922e+04  9.64585312e+04
  9.48178984e+04  9.02855547e+04  8.31270625e+04  7.36022422e+04  6.19656992e+04
  4.84674062e+04  3.33532383e+04  1.68655273e+04 -7.56423218e+02 -1.92757969e+04
 -3.84577500e+04 -5.80688945e+04 -7.78767812e+04 -9.76494141e+04 -1.17154688e+05
 -1.36159938e+05 -1.54431375e+05 -1.71733625e+05 -1.87829172e+05 -2.02477828e+05
 -2.15436250e+05 -2.26457391e+05 -2.35289906e+05 -2.41677672e+05 -2.45359188e+05
 -2.46067000e+05 -2.43527109e+05 -2.37458406e+05 -2.27572016e+05 -2.13570641e+05
 -1.95148000e+05 -1.71988047e+05 -1.43764344e+05 -1.10139320e+05 -7.07635391e+04
 -2.52749219e+04  2.67020430e+04  8.55571250e+04  1.51695219e+05  2.25537203e+05
 -4.48281877e-02 -5.16909882e-02 -5.90307526e-02 -6.67887926e-02 -7.48080909e-02
 -8.28176215e-02 -9.02078673e-02 -9.67494398e-02 -1.04592167e-01 -9.17312726e-02
 -8.44966248e-02 -7.93684572e-02 -7.64408931e-02 -7.22205192e-02 -6.51134774e-02
 -6.08054586e-02 -5.45156151e-02 -4.55163419e-02 -3.91164236e-02 -2.94192228e-02
 -1.65578835e-02 -4.80430480e-03  6.60581607e-03  1.81173459e-02  3.00668050e-02
  4.27763127e-02  5.66191822e-02  7.20916092e-02  8.99137780e-02  1.10939167e-01
  1.30680367e-01  1.41370788e-01  1.51423842e-01  1.52213380e-01  1.52324796e-01
  1.41867369e-01  1.30505651e-01  1.22161537e-01  1.16044216e-01  1.11530349e-01
  1.08219445e-01  1.05845280e-01  1.04222178e-01  1.03214055e-01  1.02716304e-01
  1.02645025e-01  1.02930285e-01  1.03511833e-01  1.04336165e-01  1.05354629e-01
  1.06522150e-01  1.07796490e-01  1.09137885e-01  1.10509038e-01  1.11875318e-01
  1.13205165e-01  1.14470541e-01  1.15647420e-01  1.16716184e-01  1.17661901e-01
  1.18474364e-01  1.19147979e-01  1.19681396e-01  1.20077007e-01  1.20340332e-01
 -5.15588447e-02 -5.99041171e-02 -6.92436323e-02 -7.97101259e-02 -9.10381302e-02
 -1.02470718e-01 -1.16417930e-01 -1.16003893e-01 -1.14788122e-01 -1.02850996e-01
 -9.28005278e-02 -8.52068439e-02 -7.92521909e-02 -7.33138695e-02 -6.68296292e-02
 -6.08128607e-02 -5.40181212e-02 -4.61999588e-02 -3.84132154e-02 -2.92358845e-02
 -1.85987111e-02 -7.78202480e-03  3.16949515e-03  1.44325653e-02  2.62311678e-02
  3.88319045e-02  5.25725260e-02  6.79171458e-02  8.55551511e-02  1.06415123e-01
  1.26375809e-01  1.36565238e-01  1.47136107e-01  1.47573531e-01  1.48451507e-01
  1.37899846e-01  1.26957580e-01  1.19054437e-01  1.13336414e-01  1.09202363e-01
  1.06268004e-01  1.04275294e-01  1.03042431e-01  1.02435336e-01  1.02350540e-01
  1.02704607e-01  1.03427239e-01  1.04456857e-01  1.05737522e-01  1.07216969e-01
  1.08845294e-01  1.10574298e-01  1.12357274e-01  1.14149302e-01  1.15907818e-01
  1.17593527e-01  1.19171411e-01  1.20611750e-01  1.21890947e-01  1.22992113e-01
  1.23905249e-01  1.24626987e-01  1.25159979e-01  1.25512004e-01  1.25694826e-01
 -5.63201159e-02 -6.55404553e-02 -7.62329847e-02 -8.91168043e-02 -1.05344884e-01
 -1.14656083e-01 -1.20143741e-01 -1.16726585e-01 -1.10450312e-01 -1.00996964e-01
 -9.21250507e-02 -8.44831094e-02 -7.76605159e-02 -7.12288544e-02 -6.48836344e-02
 -5.84315881e-02 -5.16882651e-02 -4.45233285e-02 -3.68583985e-02 -2.86032427e-02
 -1.97519641e-02 -1.03980666e-02 -6.06407353e-04  9.63673741e-03  2.04054546e-02
  3.18119861e-02  4.39912453e-02  5.70810884e-02  7.11628348e-02  8.59503001e-02
  9.93731022e-02  1.09310970e-01  1.16639800e-01  1.20032951e-01  1.20662265e-01
  1.17344722e-01  1.12562314e-01  1.08358607e-01  1.05051585e-01  1.02615148e-01
  1.00962587e-01  1.00001015e-01  9.96449590e-02  9.98188928e-02  1.00456156e-01
  1.01496927e-01  1.02886051e-01  1.04571112e-01  1.06500857e-01  1.08623929e-01
  1.10888109e-01  1.13239922e-01  1.15624875e-01  1.17988236e-01  1.20276406e-01
  1.22438751e-01  1.24429733e-01  1.26211002e-01  1.27753168e-01  1.29037052e-01
  1.30053952e-01  1.30805314e-01  1.31301448e-01  1.31559774e-01  1.31602734e-01
 -5.85006513e-02 -6.73539340e-02 -7.73386732e-02 -8.89936686e-02 -1.02335826e-01
 -1.07952528e-01 -1.07470796e-01 -1.03630759e-01 -9.81155932e-02 -9.22506899e-02
 -8.62352103e-02 -8.02607983e-02 -7.43891597e-02 -6.85706809e-02 -6.27109706e-02
 -5.67093603e-02 -5.04734702e-02 -4.39264439e-02 -3.70104760e-02 -2.96888053e-02
 -2.19487082e-02 -1.37967747e-02 -5.24437334e-03  3.70413717e-03  1.30517678e-02
  2.27981247e-02  3.29179578e-02  4.33243960e-02  5.38095199e-02  6.39756471e-02
  7.32548237e-02  8.11183304e-02  8.72396678e-02  9.14806128e-02  9.39024240e-02
  9.47816819e-02  9.46423337e-02  9.40715298e-02  9.34951752e-02  9.31529179e-02
  9.31611210e-02  9.35669690e-02  9.43805277e-02  9.55918729e-02  9.71799567e-02
  9.91169140e-02  1.01369902e-01  1.03901580e-01  1.06669866e-01  1.09627366e-01
  1.12720855e-01  1.15890965e-01  1.19072646e-01  1.22196473e-01  1.25191152e-01
  1.27987057e-01  1.30520523e-01  1.32738292e-01  1.34601161e-01  1.36086583e-01
  1.37189403e-01  1.37920812e-01  1.38305768e-01  1.38379231e-01  1.38182148e-01
 -5.89108653e-02 -6.64517581e-02 -7.40442052e-02 -8.16105008e-02 -8.84101540e-02
 -9.16384533e-02 -9.14845914e-02 -8.97925720e-02 -8.70163888e-02 -8.34727734e-02
 -7.94205889e-02 -7.50343204e-02 -7.04143122e-02 -6.56018108e-02 -6.05975613e-02
 -5.53793870e-02 -4.99156192e-02 -4.41741608e-02 -3.81283201e-02 -3.17602381e-02
 -2.50623282e-02 -1.80367064e-02 -1.06935166e-02 -3.05026351e-03  4.86574182e-03
  1.30106974e-02  2.13134438e-02  2.96619460e-02  3.78919058e-02  4.57875468e-02
  5.31058758e-02  5.96221909e-02  6.51754215e-02  6.96964338e-02  7.32197240e-02
  7.58804753e-02  7.78913200e-02  7.94968009e-02  8.09240788e-02  8.23539570e-02
  8.39156732e-02  8.56945738e-02  8.77429694e-02  9.00894031e-02  9.27454010e-02
  9.57097411e-02  9.89708528e-02  1.02507703e-01  1.06289655e-01  1.10275514e-01
  1.14412136e-01  1.18633136e-01  1.22858271e-01  1.26994550e-01  1.30939916e-01
  1.34589940e-01  1.37846664e-01  1.40628174e-01  1.42876834e-01  1.44564509e-01
  1.45694226e-01  1.46297649e-01  1.46428898e-01  1.46156177e-01  1.45553097e-01
 -5.98271079e-02 -6.63113818e-02 -7.12962598e-02 -7.50855207e-02 -7.79537112e-02
 -7.97104165e-02 -8.02373961e-02 -7.96649382e-02 -7.82013610e-02 -7.60353953e-02
 -7.33211040e-02 -7.01763257e-02 -6.66836277e-02 -6.28944486e-02 -5.88354543e-02
 -5.45158237e-02 -4.99341339e-02 -4.50841635e-02 -3.99593674e-02 -3.45560648e-02
 -2.88755503e-02 -2.29254253e-02 -1.67206246e-02 -1.02847675e-02 -3.65228858e-03
  3.12847993e-03  9.99180041e-03  1.68518908e-02  2.36032438e-02  3.01261917e-02
  3.62988040e-02  4.20133695e-02  4.71932292e-02  5.18054664e-02  5.58667369e-02
  5.94409294e-02  6.26289546e-02  6.55527115e-02  6.83378428e-02  7.11001307e-02
  7.39377365e-02  7.69288912e-02  8.01329091e-02  8.35926458e-02  8.73371214e-02
  9.13835391e-02  9.57384184e-02  1.00397669e-01  1.05345480e-01  1.10551916e-01
  1.15969136e-01  1.21526539e-01  1.27125680e-01  1.32637277e-01  1.37903914e-01
  1.42752260e-01  1.47013992e-01  1.50548577e-01  1.53261140e-01  1.55113250e-01
  1.56126648e-01  1.56378224e-01  1.55984864e-01  1.55081615e-01  1.53801218e-01
 -6.39478490e-02 -7.21362010e-02 -7.16000199e-02 -7.13064447e-02 -7.20642731e-02
 -7.26965517e-02 -7.28878304e-02 -7.25403279e-02 -7.16532171e-02 -7.02686086e-02
 -6.84421808e-02 -6.62280619e-02 -6.36716112e-02 -6.08069636e-02 -5.76572530e-02
 -5.42365201e-02 -5.05523235e-02 -4.66085300e-02 -4.24078293e-02 -3.79539542e-02
 -3.32534127e-02 -2.83169560e-02 -2.31607947e-02 -1.78077929e-02 -1.22886337e-02
 -6.64287899e-03 -9.19588783e-04  4.82305605e-03  1.05197309e-02  1.61019992e-02
  2.15043370e-02  2.66713500e-02  3.15648578e-02  3.61692868e-02  4.04942557e-02
  4.45737317e-02  4.84619774e-02  5.22272214e-02  5.59444986e-02  5.96891679e-02
  6.35320693e-02  6.75366670e-02  7.17578754e-02  7.62420371e-02  8.10274556e-02
  8.61450210e-02  9.16184932e-02  9.74640474e-02  1.03688642e-01  1.10286459e-01
  1.17232434e-01  1.24471493e-01  1.31901979e-01  1.39353871e-01  1.46570563e-01
  1.53223529e-01  1.58982456e-01  1.63585991e-01  1.66867673e-01  1.68765575e-01
  1.69335738e-01  1.68760508e-01  1.67312488e-01  1.65274680e-01  1.62884831e-01
 -5.76522872e-02 -6.28416315e-02 -6.56246692e-02 -6.67620003e-02 -6.72726855e-02
 -6.75284788e-02 -6.75573796e-02 -6.73174039e-02 -6.67753518e-02 -6.59181476e-02
 -6.47480041e-02 -6.32754937e-02 -6.15141280e-02 -5.94768897e-02 -5.71745373e-02
 -5.46151586e-02 -5.18045761e-02 -4.87472564e-02 -4.54474017e-02 -4.19100970e-02
 -3.81424055e-02 -3.41543071e-02 -2.99595576e-02 -2.55763773e-02 -2.10279338e-02
 -1.63425580e-02 -1.15534998e-02 -6.69804355e-03 -1.81583711e-03  3.05361091e-03
  7.87412096e-03  1.26163447e-02  1.72610488e-02  2.18016133e-02  2.62452997e-02
  3.06130406e-02  3.49378549e-02  3.92622165e-02  4.36349139e-02  4.81079519e-02
  5.27339876e-02  5.75644821e-02  6.26486912e-02  6.80333450e-02  7.37629011e-02
  7.98800662e-02  8.64264965e-02  9.34432521e-02  1.00970857e-01  1.09047927e-01
  1.17707200e-01  1.26965389e-01  1.36799470e-01  1.47094399e-01  1.57532766e-01
  1.67244196e-01  1.75390199e-01  1.81603625e-01  1.85633793e-01  1.87352881e-01
  1.86749712e-01  1.84181139e-01  1.80580288e-01  1.76538676e-01  1.72416449e-01
 -5.87542765e-02 -6.57846108e-02 -6.45979717e-02 -6.32626489e-02 -6.30951077e-02
 -6.31469563e-02 -6.32000342e-02 -6.31605163e-02 -6.29719943e-02 -6.25977367e-02
 -6.20146953e-02 -6.12095483e-02 -6.01754002e-02 -5.89091852e-02 -5.74098416e-02
 -5.56772538e-02 -5.37117682e-02 -5.15141711e-02 -4.90859523e-02 -4.64297533e-02
 -4.35498580e-02 -4.04527038e-02 -3.71473022e-02 -3.36455740e-02 -2.99624912e-02
 -2.61159912e-02 -2.21265908e-02 -1.80166308e-02 -1.38091343e-02 -9.52629186e-03
 -5.18770423e-03 -8.08541779e-04  3.60214128e-03  8.04270804e-03  1.25196651e-02
  1.70477368e-02  2.16492992e-02  2.63533276e-02  3.11940536e-02  3.62096019e-02
  4.14407924e-02  4.69303280e-02  5.27223982e-02  5.88628501e-02  6.53998554e-02
  7.23851398e-02  7.98758715e-02  8.79372284e-02  9.66460332e-02  1.06095806e-01
  1.16404034e-01  1.27723292e-01  1.40258640e-01  1.54288426e-01  1.70050159e-01
  1.85790822e-01  1.96501866e-01  2.05681205e-01  2.10572258e-01  2.11887524e-01
  2.10290849e-01  2.02836066e-01  1.94910750e-01  1.87713057e-01  1.81265280e-01
 -5.06747328e-02 -5.53042330e-02 -5.75334206e-02 -5.82483597e-02 -5.85623272e-02
 -5.88707030e-02 -5.92140704e-02 -5.95484674e-02 -5.98215386e-02 -5.99892810e-02
 -6.00181408e-02 -5.98835684e-02 -5.95679432e-02 -5.90586066e-02 -5.83463348e-02
 -5.74242175e-02 -5.62869720e-02 -5.49305752e-02 -5.33521697e-02 -5.15501127e-02
 -4.95241843e-02 -4.72757742e-02 -4.48080897e-02 -4.21262830e-02 -3.92374732e-02
 -3.61506194e-02 -3.28762196e-02 -2.94257775e-02 -2.58111004e-02 -2.20433977e-02
 -1.81322582e-02 -1.40846092e-02 -9.90375970e-03 -5.58860693e-03 -1.13314041e-03
  3.47376033e-03  8.24822299e-03  1.32110538e-02  1.83872674e-02  2.38056071e-02
  2.94981673e-02  3.55002284e-02  4.18504290e-02  4.85913381e-02  5.57705611e-02
  6.34425357e-02  7.16711879e-02  8.05339217e-02  9.01274681e-02  1.00576848e-01
  1.12049565e-01  1.24779031e-01  1.39105648e-01  1.55547097e-01  1.74810946e-01
  1.95608705e-01  2.09975183e-01  2.21389994e-01  2.28249699e-01  2.29555979e-01
  2.28058547e-01  2.18178555e-01  2.06263408e-01  1.95934221e-01  1.87326029e-01
 -4.82222699e-02 -5.40076271e-02 -5.41452579e-02 -5.34388497e-02 -5.37513494e-02
 -5.44456728e-02 -5.52982725e-02 -5.61997630e-02 -5.70816062e-02 -5.78957535e-02
 -5.86067997e-02 -5.91879524e-02 -5.96185029e-02 -5.98820522e-02 -5.99652529e-02
 -5.98568916e-02 -5.95473051e-02 -5.90279847e-02 -5.82914166e-02 -5.73310591e-02
 -5.61414212e-02 -5.47181964e-02 -5.30583598e-02 -5.11602685e-02 -4.90236729e-02
 -4.66497093e-02 -4.40406986e-02 -4.11999188e-02 -3.81311737e-02 -3.48382965e-02
 -3.13245431e-02 -2.75919475e-02 -2.36406773e-02 -1.94684640e-02 -1.50701832e-02
 -1.04376134e-02 -5.55932475e-03 -4.20665863e-04  4.99620009e-03  1.07122576e-02
  1.67516675e-02  2.31419411e-02  2.99143214e-02  3.71044911e-02  4.47536595e-02
  5.29101938e-02  6.16319776e-02  7.09897354e-02  8.10717642e-02  9.19905230e-02
  1.03891835e-01  1.16967112e-01  1.31467864e-01  1.47720903e-01  1.66162789e-01
  1.87429830e-01  2.07050189e-01  2.17484832e-01  2.28250980e-01  2.29413480e-01
  2.29261383e-01  2.22879142e-01  2.09546193e-01  1.97716340e-01  1.88190281e-01
 -3.82306203e-02 -4.24358547e-02 -4.48895954e-02 -4.64600734e-02 -4.80034687e-02
 -4.96482588e-02 -5.13420440e-02 -5.30313179e-02 -5.46764918e-02 -5.62475584e-02
 -5.77204823e-02 -5.90751544e-02 -6.02941811e-02 -6.13620877e-02 -6.22647107e-02
 -6.29887804e-02 -6.35215789e-02 -6.38507232e-02 -6.39641359e-02 -6.38500750e-02
 -6.34973943e-02 -6.28957078e-02 -6.20354936e-02 -6.09082319e-02 -5.95065504e-02
 -5.78243211e-02 -5.58567420e-02 -5.36003001e-02 -5.10526560e-02 -4.82124202e-02
 -4.50787991e-02 -4.16511521e-02 -3.79284173e-02 -3.39085199e-02 -2.95879003e-02
 -2.49613971e-02 -2.00221017e-02 -1.47611490e-02 -9.16751288e-03 -3.22784157e-03
  3.07371235e-03  9.75573715e-03  1.68399047e-02  2.43514534e-02  3.23198661e-02
  4.07797620e-02  4.97720614e-02  5.93454055e-02  6.95578605e-02  8.04787204e-02
  9.21900794e-02  1.04787588e-01  1.18379474e-01  1.33083910e-01  1.49034917e-01
  1.66510954e-01  1.86915472e-01  1.98717698e-01  2.06047192e-01  2.14758754e-01
  2.10748106e-01  2.12976873e-01  2.01066211e-01  1.90174520e-01  1.82229415e-01
 -2.84681544e-02 -3.19315903e-02 -3.55007611e-02 -3.89033630e-02 -4.20000702e-02
 -4.48683910e-02 -4.75848578e-02 -5.01869693e-02 -5.26875667e-02 -5.50868884e-02
 -5.73788658e-02 -5.95541447e-02 -6.16015196e-02 -6.35085925e-02 -6.52620718e-02
 -6.68478087e-02 -6.82507828e-02 -6.94550350e-02 -7.04436377e-02 -7.11988211e-02
 -7.17032701e-02 -7.19401464e-02 -7.18929991e-02 -7.15460032e-02 -7.08843097e-02
 -6.98944107e-02 -6.85645342e-02 -6.68848902e-02 -6.48478642e-02 -6.24481142e-02
 -5.96824586e-02 -5.65495677e-02 -5.30492403e-02 -4.91811708e-02 -4.49436605e-02
 -4.03350219e-02 -3.53534631e-02 -2.99964864e-02 -2.42602788e-02 -1.81395784e-02
 -1.16275419e-02 -4.71554277e-03  2.60697561e-03  1.03526376e-02  1.85362436e-02
  2.71748081e-02  3.62874307e-02  4.58948873e-02  5.60186133e-02  6.66786879e-02
  7.78900161e-02  8.96553472e-02  1.01952754e-01  1.14712611e-01  1.27770722e-01
  1.40759289e-01  1.52902707e-01  1.63136497e-01  1.70991659e-01  1.76336080e-01
  1.79060400e-01  1.79399118e-01  1.77534834e-01  1.74310103e-01  1.70750290e-01
 -2.06742529e-02 -2.36328915e-02 -2.83052903e-02 -3.29251289e-02 -3.70247476e-02
 -4.08356860e-02 -4.44520786e-02 -4.79217917e-02 -5.12700826e-02 -5.45085967e-02
 -5.76402619e-02 -6.06621653e-02 -6.35673031e-02 -6.63455799e-02 -6.89843670e-02
 -7.14687929e-02 -7.37818256e-02 -7.59038851e-02 -7.78129250e-02 -7.94802904e-02
 -8.08827654e-02 -8.19971859e-02 -8.27995241e-02 -8.32654685e-02 -8.33714008e-02
 -8.30952898e-02 -8.24175179e-02 -8.13214853e-02 -7.97941983e-02 -7.78267682e-02
 -7.54149035e-02 -7.25592524e-02 -6.92647845e-02 -6.55374601e-02 -6.13724925e-02
 -5.67719638e-02 -5.17412983e-02 -4.62864265e-02 -4.04111259e-02 -3.41186225e-02
 -2.74116360e-02 -2.02919655e-02 -1.27605777e-02 -4.81780618e-03  3.53633799e-03
  1.23015875e-02  2.14764904e-02  3.10569499e-02  4.10339758e-02  5.13902754e-02
  6.20950982e-02  7.30965585e-02  8.43103826e-02  9.56040919e-02  1.06777117e-01
  1.17544509e-01  1.27548054e-01  1.36421710e-01  1.43880889e-01  1.49761990e-01
  1.54023796e-01  1.56747237e-01  1.58133030e-01  1.58487573e-01  1.58152059e-01
 -1.67931058e-02 -2.01339740e-02 -2.42480207e-02 -2.87775416e-02 -3.33381929e-02
 -3.77988108e-02 -4.21434119e-02 -4.63819318e-02 -5.05253635e-02 -5.45803942e-02
 -5.85488714e-02 -6.24283217e-02 -6.62124604e-02 -6.98915347e-02 -7.34525248e-02
 -7.68794641e-02 -8.01547021e-02 -8.32545832e-02 -8.61662850e-02 -8.88077468e-02
 -9.11691338e-02 -9.32242349e-02 -9.49393809e-02 -9.62784365e-02 -9.72058252e-02
 -9.76883918e-02 -9.76965874e-02 -9.72052813e-02 -9.61944535e-02 -9.46501791e-02
 -9.25662741e-02 -8.99475440e-02 -8.68162811e-02 -8.32257718e-02 -7.91057795e-02
 -7.44747669e-02 -6.93555698e-02 -6.37718216e-02 -5.77291176e-02 -5.12390062e-02
 -4.43151779e-02 -3.69694717e-02 -2.92137228e-02 -2.10601334e-02 -1.25216218e-02
 -3.61266662e-03  5.64949727e-03  1.52432295e-02  2.51402520e-02  3.53027061e-02
  4.56793495e-02  5.62008657e-02  6.67745396e-02  7.72792175e-02  8.75625536e-02
  9.74441841e-02  1.06728464e-01  1.15226805e-01  1.22783177e-01  1.29293963e-01
  1.34718448e-01  1.39080748e-01  1.42463788e-01  1.44994304e-01  1.46819413e-01
 -1.13399886e-02 -1.42997149e-02 -1.98740605e-02 -2.53992882e-02 -3.05601098e-02
 -3.56158502e-02 -4.06112969e-02 -4.55566682e-02 -5.04544526e-02 -5.53043373e-02
 -6.01039454e-02 -6.48487583e-02 -6.95317537e-02 -7.41426498e-02 -7.86666051e-02
 -8.30821395e-02 -8.73859525e-02 -9.14909691e-02 -9.53943953e-02 -9.90610793e-02
 -1.02448761e-01 -1.05510101e-01 -1.08195938e-01 -1.10458292e-01 -1.12252459e-01
 -1.13538384e-01 -1.14281379e-01 -1.14452444e-01 -1.14028290e-01 -1.12991430e-01
 -1.11330323e-01 -1.09039627e-01 -1.06120192e-01 -1.02577209e-01 -9.84120071e-02
 -9.36466753e-02 -8.83342996e-02 -8.25823992e-02 -7.63128996e-02 -6.95595369e-02
 -6.23609424e-02 -5.47325388e-02 -4.66956161e-02 -3.82731520e-02 -2.94880494e-02
 -2.03649811e-02 -1.09314043e-02 -1.21900032e-03  8.73462204e-03  1.88839883e-02
  2.91736107e-02  3.95358242e-02  4.98889871e-02  6.01366833e-02  7.01688081e-02
  7.98653886e-02  8.91035870e-02  9.77670848e-02  1.05756246e-01  1.12996757e-01
  1.19445086e-01  1.25089988e-01  1.29950047e-01  1.34067550e-01  1.37500122e-01
 -9.75157879e-03 -1.33038359e-02 -1.78511553e-02 -2.30605174e-02 -2.85366327e-02
 -3.41075696e-02 -3.97187173e-02 -4.53491695e-02 -5.09875417e-02 -5.66260070e-02
 -6.22584261e-02 -6.78793788e-02 -7.34834224e-02 -7.90640935e-02 -8.46116841e-02
 -9.00117978e-02 -9.52951238e-02 -1.00438841e-01 -1.05401367e-01 -1.10127091e-01
 -1.14553824e-01 -1.18618041e-01 -1.22258648e-01 -1.25419557e-01 -1.28051162e-01
 -1.30111039e-01 -1.31563902e-01 -1.32381186e-01 -1.32540479e-01 -1.32024705e-01
 -1.30821481e-01 -1.28922358e-01 -1.26322240e-01 -1.23018906e-01 -1.19013309e-01
 -1.14313625e-01 -1.08938210e-01 -1.02916330e-01 -9.62798223e-02 -8.91081542e-02
 -8.15639868e-02 -7.35627264e-02 -6.51501566e-02 -5.63663356e-02 -4.72375378e-02
 -3.77952233e-02 -2.80720554e-02 -1.81038994e-02 -7.93098006e-03  2.40113330e-03
  1.28404750e-02  2.33277734e-02  3.37959491e-02  4.41703051e-02  5.43697141e-02
  6.43089116e-02  7.39018992e-02  8.30660239e-02  9.17261690e-02  9.98183638e-02
  1.07292168e-01  1.14111736e-01  1.20255426e-01  1.25714511e-01  1.30491465e-01
 -5.05972281e-03 -8.28621164e-03 -1.44554181e-02 -2.07324140e-02 -2.68439520e-02
 -3.30280997e-02 -3.92972715e-02 -4.56355587e-02 -5.20275943e-02 -5.84625863e-02
 -6.49336874e-02 -7.14371502e-02 -7.79724866e-02 -8.45447108e-02 -9.10188556e-02
 -9.74272564e-02 -1.03758238e-01 -1.09966822e-01 -1.15987971e-01 -1.21746488e-01
 -1.27164751e-01 -1.32168218e-01 -1.36688992e-01 -1.40667826e-01 -1.44054785e-01
 -1.46809161e-01 -1.48898706e-01 -1.50298521e-01 -1.50989965e-01 -1.50959387e-01
 -1.50197074e-01 -1.48696229e-01 -1.46452218e-01 -1.43462002e-01 -1.39724076e-01
 -1.35239094e-01 -1.30010858e-01 -1.24047905e-01 -1.17366523e-01 -1.09999716e-01
 -1.02003455e-01 -9.34518501e-02 -8.45089927e-02 -7.52601400e-02 -6.56673461e-02
 -5.57831340e-02 -4.56382483e-02 -3.52686904e-02 -2.47138198e-02 -1.40155759e-02
 -3.21909995e-03  7.62664247e-03  1.84685644e-02  2.92495806e-02  3.99091579e-02
  5.03842272e-02  6.06103875e-02  7.05231056e-02  8.00587833e-02  8.91554207e-02
  9.77529064e-02  1.05793074e-01  1.13220058e-01  1.19981602e-01  1.26031607e-01
 -3.69345746e-03 -7.50040589e-03 -1.26502542e-02 -1.87703837e-02 -2.53829937e-02
 -3.22376452e-02 -3.92318033e-02 -4.63235676e-02 -5.34949638e-02 -6.07379936e-02
 -6.80489317e-02 -7.54253566e-02 -8.28639790e-02 -9.03588608e-02 -9.78173763e-02
 -1.05251729e-01 -1.12623423e-01 -1.19862825e-01 -1.26884103e-01 -1.33596316e-01
 -1.39911354e-01 -1.45748943e-01 -1.51039526e-01 -1.55725241e-01 -1.59759790e-01
 -1.63107350e-01 -1.65741190e-01 -1.67641997e-01 -1.68796331e-01 -1.69195056e-01
 -1.68832242e-01 -1.67704076e-01 -1.65808111e-01 -1.63142785e-01 -1.59706965e-01
 -1.55499831e-01 -1.50520876e-01 -1.44770429e-01 -1.38250992e-01 -1.30970344e-01
 -1.22946069e-01 -1.14212982e-01 -1.04838043e-01 -9.49281603e-02 -8.46769288e-02
 -7.42357448e-02 -6.35372028e-02 -5.26241213e-02 -4.15378176e-02 -3.03143486e-02
 -1.89897697e-02 -7.60169327e-03  3.81031586e-03  1.52047379e-02  2.65381578e-02
  3.77652571e-02  4.88385633e-02  5.97077757e-02  7.03184828e-02  8.06101337e-02
  9.05134529e-02  9.99477208e-02  1.08819306e-01  1.17023341e-01  1.24450527e-01
  1.44291436e-03 -2.02513533e-03 -8.45582131e-03 -1.61413848e-02 -2.39133053e-02
 -3.16914730e-02 -3.95114459e-02 -4.73960787e-02 -5.53591736e-02 -6.34107962e-02
 -7.15591162e-02 -7.98098743e-02 -8.81630331e-02 -9.65280086e-02 -1.04933396e-01
 -1.13346286e-01 -1.21693388e-01 -1.29878804e-01 -1.37798101e-01 -1.45348713e-01
 -1.52436763e-01 -1.58981010e-01 -1.64914533e-01 -1.70184553e-01 -1.74751386e-01
 -1.78586513e-01 -1.81670532e-01 -1.83990911e-01 -1.85539961e-01 -1.86313197e-01
 -1.86308011e-01 -1.85522780e-01 -1.83956385e-01 -1.81607977e-01 -1.78476810e-01
 -1.74562261e-01 -1.69863492e-01 -1.64379388e-01 -1.58108324e-01 -1.51048779e-01
 -1.43201023e-01 -1.34570986e-01 -1.25178039e-01 -1.15066886e-01 -1.04327261e-01
 -9.31141824e-02 -8.17060694e-02 -7.01009110e-02 -5.83548956e-02 -4.64794450e-02
 -3.44959013e-02 -2.24292148e-02 -1.03054661e-02  1.84900127e-03  1.40077146e-02
  2.61436868e-02  3.82284448e-02  5.02302200e-02  6.21108599e-02  7.38210157e-02
  8.52930024e-02  9.64311883e-02  1.07101142e-01  1.17122032e-01  1.26273543e-01
  5.02559589e-03  1.76935992e-03 -5.73809072e-03 -1.45457620e-02 -2.31716391e-02
 -3.17246355e-02 -4.02898900e-02 -4.89128605e-02 -5.76236919e-02 -6.64463863e-02
 -7.54035786e-02 -8.45211148e-02 -9.36584994e-02 -1.02887981e-01 -1.12196691e-01
 -1.21515475e-01 -1.30742088e-01 -1.39759645e-01 -1.48450404e-01 -1.56705201e-01
 -1.64428979e-01 -1.71543509e-01 -1.77987829e-01 -1.83717117e-01 -1.88700721e-01
 -1.92919493e-01 -1.96363002e-01 -1.99026674e-01 -2.00909287e-01 -2.02010915e-01
 -2.02331498e-01 -2.01870099e-01 -2.00624704e-01 -1.98592559e-01 -1.95770741e-01
 -1.92156658e-01 -1.87748477e-01 -1.82544917e-01 -1.76544741e-01 -1.69745922e-01
 -1.62144929e-01 -1.53737202e-01 -1.44519553e-01 -1.34496495e-01 -1.23691864e-01
 -1.12167381e-01 -1.00049287e-01 -8.75519812e-02 -7.51063898e-02 -6.25044927e-02
 -4.97757420e-02 -3.69412564e-02 -2.40168404e-02 -1.10142883e-02  2.05796398e-03
  1.51942959e-02  2.83910707e-02  4.16450687e-02  5.49505018e-02  6.82934970e-02
  8.16420615e-02  9.49280411e-02  1.08015686e-01  1.20648764e-01  1.32369027e-01
  4.83386545e-03  9.50707123e-04 -5.92841534e-03 -1.44587494e-02 -2.34190468e-02
 -3.24967727e-02 -4.16531377e-02 -5.09028621e-02 -6.02695793e-02 -6.97768033e-02
 -7.94465020e-02 -8.92995149e-02 -9.92337763e-02 -1.09293878e-01 -1.19436324e-01
 -1.29564241e-01 -1.39553770e-01 -1.49273455e-01 -1.58597767e-01 -1.67415455e-01
 -1.75633997e-01 -1.83181107e-01 -1.90004274e-01 -1.96068928e-01 -2.01355577e-01
 -2.05856517e-01 -2.09572092e-01 -2.12507218e-01 -2.14668065e-01 -2.16059551e-01
 -2.16683701e-01 -2.16538861e-01 -2.15619922e-01 -2.13919222e-01 -2.11427897e-01
 -2.08137453e-01 -2.04041168e-01 -1.99134812e-01 -1.93416685e-01 -1.86886489e-01
 -1.79543585e-01 -1.71384886e-01 -1.62403613e-01 -1.52590305e-01 -1.41937986e-01
 -1.30454212e-01 -1.18182749e-01 -1.05237767e-01 -9.18538570e-02 -7.84214586e-02
 -6.48740754e-02 -5.12179509e-02 -3.74538787e-02 -2.35767886e-02 -9.57529992e-03
  4.56892932e-03  1.88819524e-02  3.33983228e-02  4.81616408e-02  6.32243827e-02
  7.86458999e-02  9.44854096e-02  1.10777788e-01  1.27438605e-01  1.43730819e-01
  7.41370767e-03  4.11846489e-03 -4.77381889e-03 -1.47577394e-02 -2.43458580e-02
 -3.39085385e-02 -4.35547940e-02 -5.33281416e-02 -6.32568523e-02 -7.33638853e-02
 -8.36677179e-02 -9.41790268e-02 -1.04833417e-01 -1.15634635e-01 -1.26505226e-01
 -1.37322262e-01 -1.47943914e-01 -1.58228323e-01 -1.68045804e-01 -1.77286059e-01
 -1.85861424e-01 -1.93707600e-01 -2.00782478e-01 -2.07063630e-01 -2.12544888e-01
 -2.17231989e-01 -2.21138030e-01 -2.24278763e-01 -2.26668596e-01 -2.28317454e-01
 -2.29228795e-01 -2.29399174e-01 -2.28818804e-01 -2.27473080e-01 -2.25344524e-01
 -2.22415075e-01 -2.18668655e-01 -2.14093402e-01 -2.08682805e-01 -2.02435553e-01
 -1.95354059e-01 -1.87441304e-01 -1.78697124e-01 -1.69115022e-01 -1.58681646e-01
 -1.47381157e-01 -1.35207802e-01 -1.22189984e-01 -1.08428866e-01 -9.41500813e-02
 -7.97634721e-02 -6.52844682e-02 -5.06999195e-02 -3.59893851e-02 -2.11236831e-02
 -6.06307015e-03  9.24546923e-03  2.48721056e-02  4.09096032e-02  5.74812517e-02
  7.47532696e-02  9.29571316e-02  1.12442434e-01  1.33891523e-01  1.60400778e-01
  4.04909207e-03 -3.47856578e-04 -7.55195040e-03 -1.65000223e-02 -2.60756463e-02
 -3.58999968e-02 -4.59058881e-02 -5.61001115e-02 -6.65036812e-02 -7.71402642e-02
 -8.80369693e-02 -9.90910158e-02 -1.10357255e-01 -1.21786296e-01 -1.33263588e-01
 -1.44641191e-01 -1.55761898e-01 -1.66476145e-01 -1.76652461e-01 -1.86183274e-01
 -1.94987372e-01 -2.03009933e-01 -2.10221007e-01 -2.16612339e-01 -2.22193211e-01
 -2.26985037e-01 -2.31015563e-01 -2.34312162e-01 -2.36896425e-01 -2.38781288e-01
 -2.39969820e-01 -2.40455270e-01 -2.40222111e-01 -2.39247963e-01 -2.37506121e-01
 -2.34968469e-01 -2.31608436e-01 -2.27403536e-01 -2.22337380e-01 -2.16401830e-01
 -2.09597781e-01 -2.01932475e-01 -1.93414822e-01 -1.84049517e-01 -1.73831776e-01
 -1.62745178e-01 -1.50765494e-01 -1.37874424e-01 -1.24087289e-01 -1.09498747e-01
 -9.43480060e-02 -7.90944099e-02 -6.37623221e-02 -4.83205616e-02 -3.27279493e-02
 -1.69322025e-02 -8.65917245e-04  1.55591695e-02  3.24599929e-02  4.99930419e-02
  6.83696643e-02  8.78766403e-02  1.08900867e-01  1.31967559e-01  1.57951996e-01
  6.64960733e-03  3.17723583e-03 -7.32420478e-03 -1.80917233e-02 -2.81630158e-02
 -3.82613316e-02 -4.85474430e-02 -5.90729639e-02 -6.98625967e-02 -8.09314921e-02
 -9.22842175e-02 -1.03849709e-01 -1.15651444e-01 -1.27607688e-01 -1.39577627e-01
 -1.51394874e-01 -1.62891299e-01 -1.73912525e-01 -1.84327289e-01 -1.94032237e-01
 -2.02953964e-01 -2.11048722e-01 -2.18300581e-01 -2.24717781e-01 -2.30327696e-01
 -2.35169351e-01 -2.39283502e-01 -2.42705762e-01 -2.45462418e-01 -2.47568190e-01
 -2.49025241e-01 -2.49823377e-01 -2.49941096e-01 -2.49347746e-01 -2.48006403e-01
 -2.45877504e-01 -2.42922798e-01 -2.39109069e-01 -2.34411016e-01 -2.28812888e-01
 -2.22308829e-01 -2.14903325e-01 -2.06610426e-01 -1.97446674e-01 -1.87422618e-01
 -1.76535115e-01 -1.64764032e-01 -1.52076542e-01 -1.38443828e-01 -1.23875029e-01
 -1.08473815e-01 -9.25181508e-02 -7.65503198e-02 -6.05221801e-02 -4.43835743e-02
 -2.80829240e-02 -1.15572540e-02  5.27431676e-03  2.25172248e-02  4.03102823e-02
  5.88384084e-02  7.83514157e-02  9.91872996e-02  1.21737599e-01  1.45627365e-01
 -1.80393079e-04 -5.23416931e-03 -1.24221919e-02 -2.11779829e-02 -3.07736658e-02
 -4.08517048e-02 -5.12966327e-02 -6.20807968e-02 -7.32070580e-02 -8.46938416e-02
 -9.63789225e-02 -1.08359784e-01 -1.20601311e-01 -1.32983282e-01 -1.45339534e-01
 -1.57488063e-01 -1.69252485e-01 -1.80475682e-01 -1.91028118e-01 -2.00811997e-01
 -2.09763050e-01 -2.17850313e-01 -2.25073874e-01 -2.31460914e-01 -2.37057686e-01
 -2.41916731e-01 -2.46087983e-01 -2.49613121e-01 -2.52522141e-01 -2.54831463e-01
 -2.56542802e-01 -2.57643372e-01 -2.58106589e-01 -2.57894099e-01 -2.56958634e-01
 -2.55248189e-01 -2.52710938e-01 -2.49300361e-01 -2.44979933e-01 -2.39726260e-01
 -2.33529672e-01 -2.26392865e-01 -2.18328595e-01 -2.09359199e-01 -1.99509680e-01
 -1.88795954e-01 -1.77215070e-01 -1.64741576e-01 -1.51334360e-01 -1.36958763e-01
 -1.21629968e-01 -1.05482616e-01 -8.88643116e-02 -7.24290758e-02 -5.59256449e-02
 -3.93378027e-02 -2.26288699e-02 -5.74714877e-03  1.13728391e-02  2.88112536e-02
  4.66652550e-02  6.50535971e-02  8.41288343e-02  1.04110964e-01  1.25107050e-01
 -1.29227366e-04 -4.87664388e-03 -1.32549275e-02 -2.29738094e-02 -3.29332761e-02
 -4.32207994e-02 -5.38709089e-02 -6.48915917e-02 -7.62895942e-02 -8.80753919e-02
 -1.00113273e-01 -1.12471633e-01 -1.25085756e-01 -1.37811422e-01 -1.50465444e-01
 -1.62855461e-01 -1.74800083e-01 -1.86141670e-01 -1.96753830e-01 -2.06545591e-01
 -2.15463191e-01 -2.23489791e-01 -2.30643272e-01 -2.36969918e-01 -2.42530033e-01
 -2.47385800e-01 -2.51593947e-01 -2.55200952e-01 -2.58240223e-01 -2.60730058e-01
 -2.62672782e-01 -2.64054298e-01 -2.64844507e-01 -2.64998943e-01 -2.64461160e-01
 -2.63167083e-01 -2.61050314e-01 -2.58048803e-01 -2.54111558e-01 -2.49204025e-01
 -2.43310928e-01 -2.36435205e-01 -2.28593722e-01 -2.19812155e-01 -2.10123017e-01
 -1.99559376e-01 -1.88140273e-01 -1.75859839e-01 -1.62685752e-01 -1.48571551e-01
 -1.33488923e-01 -1.17486596e-01 -1.00781970e-01 -8.38801488e-02 -6.70726299e-02
 -5.03292792e-02 -3.36197987e-02 -1.69167072e-02 -1.97018089e-04  1.65540650e-02
  3.33348513e-02  5.01097068e-02  6.67716414e-02  8.30637589e-02  9.84603018e-02
 -2.08195206e-03 -7.26876035e-03 -1.52416769e-02 -2.47520525e-02 -3.48256454e-02
 -4.52981777e-02 -5.61544560e-02 -6.73984960e-02 -7.90384337e-02 -9.10847038e-02
 -1.03431322e-01 -1.16110124e-01 -1.29029393e-01 -1.42025635e-01 -1.54903114e-01
 -1.67462364e-01 -1.79519340e-01 -1.90917343e-01 -2.01534286e-01 -2.11286917e-01
 -2.20132783e-01 -2.28069976e-01 -2.35134363e-01 -2.41386995e-01 -2.46898100e-01
 -2.51736909e-01 -2.55965263e-01 -2.59633720e-01 -2.62778729e-01 -2.65420884e-01
 -2.67563790e-01 -2.69193381e-01 -2.70277917e-01 -2.70768791e-01 -2.70602584e-01
 -2.69704670e-01 -2.67994940e-01 -2.65395224e-01 -2.61837631e-01 -2.57273018e-01
 -2.51676530e-01 -2.45048761e-01 -2.37411663e-01 -2.28800371e-01 -2.19255239e-01
 -2.08819419e-01 -1.97531432e-01 -1.85408279e-01 -1.72435850e-01 -1.58572286e-01
 -1.43768966e-01 -1.28015488e-01 -1.11414827e-01 -9.42892879e-02 -7.72965997e-02
 -6.05164953e-02 -4.39152457e-02 -2.74850409e-02 -1.12348320e-02  4.80865315e-03
  2.05940101e-02  3.60334069e-02  5.09871244e-02  6.52498305e-02  7.85534680e-02
 -2.75860867e-03 -7.99225364e-03 -1.62982065e-02 -2.61142962e-02 -3.63968313e-02
 -4.70585786e-02 -5.81075661e-02 -6.95542246e-02 -8.14083740e-02 -9.36805084e-02
 -1.06284797e-01 -1.19223677e-01 -1.32383689e-01 -1.45586163e-01 -1.58625886e-01
 -1.71298429e-01 -1.83418453e-01 -1.94831029e-01 -2.05418915e-01 -2.15106875e-01
 -2.23863780e-01 -2.31702447e-01 -2.38673940e-01 -2.44849667e-01 -2.50306994e-01
 -2.55120277e-01 -2.59355336e-01 -2.63065964e-01 -2.66291350e-01 -2.69054413e-01
 -2.71360546e-01 -2.73196667e-01 -2.74530768e-01 -2.75312096e-01 -2.75472552e-01
 -2.74929613e-01 -2.73591578e-01 -2.71365285e-01 -2.68165916e-01 -2.63927698e-01
 -2.58612812e-01 -2.52215773e-01 -2.44760945e-01 -2.36293539e-01 -2.26867214e-01
 -2.16534838e-01 -2.05347687e-01 -1.93343177e-01 -1.80528149e-01 -1.66874006e-01
 -1.52328819e-01 -1.36851087e-01 -1.20471261e-01 -1.03385471e-01 -8.60727280e-02
 -6.93943053e-02 -5.29483147e-02 -3.67807150e-02 -2.09307447e-02 -5.44437114e-03
  9.61730536e-03  2.41721440e-02  3.81136164e-02  5.13119474e-02  6.36223778e-02
 -3.34681966e-03 -8.63012299e-03 -1.71911791e-02 -2.72331983e-02 -3.76775041e-02
 -4.84953448e-02 -5.97099662e-02 -7.13347867e-02 -8.33764225e-02 -9.58311111e-02
 -1.08636558e-01 -1.21775180e-01 -1.35116786e-01 -1.48470744e-01 -1.61624312e-01
 -1.74369320e-01 -1.86519757e-01 -1.97922736e-01 -2.08465755e-01 -2.18081146e-01
 -2.26748273e-01 -2.34493151e-01 -2.41377920e-01 -2.47481316e-01 -2.52885729e-01
 -2.57669240e-01 -2.61900634e-01 -2.65636206e-01 -2.68917441e-01 -2.71769315e-01
 -2.74199039e-01 -2.76194930e-01 -2.77725548e-01 -2.78739482e-01 -2.79165953e-01
 -2.78917044e-01 -2.77892381e-01 -2.75986522e-01 -2.73099512e-01 -2.69149452e-01
 -2.64084399e-01 -2.57890046e-01 -2.50589937e-01 -2.42236838e-01 -2.32897878e-01
 -2.22639740e-01 -2.11522728e-01 -1.99599266e-01 -1.86895207e-01 -1.73398435e-01
 -1.59064189e-01 -1.43841803e-01 -1.27728462e-01 -1.10856563e-01 -9.36150029e-02
 -7.67801180e-02 -6.03479594e-02 -4.43276018e-02 -2.87407674e-02 -1.36225875e-02
  9.78232594e-04  1.49997873e-02  2.83685010e-02  4.10025865e-02  5.28179333e-02
 -4.55032801e-03 -1.01244301e-02 -1.83746107e-02 -2.81975735e-02 -3.86639461e-02
 -4.95813750e-02 -6.09310567e-02 -7.27229714e-02 -8.49761069e-02 -9.75179449e-02
 -1.10454068e-01 -1.23733267e-01 -1.37205154e-01 -1.50666878e-01 -1.63898721e-01
 -1.76689312e-01 -1.88852087e-01 -2.00236037e-01 -2.10732818e-01 -2.20281273e-01
 -2.28869662e-01 -2.36534446e-01 -2.43345365e-01 -2.49386162e-01 -2.54742742e-01
 -2.59495765e-01 -2.63716131e-01 -2.67461926e-01 -2.70776272e-01 -2.73685813e-01
 -2.76199222e-01 -2.78306097e-01 -2.79975832e-01 -2.81157076e-01 -2.81777680e-01
 -2.81746507e-01 -2.80957192e-01 -2.79295325e-01 -2.76649326e-01 -2.72923857e-01
 -2.68054277e-01 -2.62017220e-01 -2.54833341e-01 -2.46559948e-01 -2.37274826e-01
 -2.27057725e-01 -2.15978563e-01 -2.04098716e-01 -1.91458046e-01 -1.78058118e-01
 -1.63862482e-01 -1.48817837e-01 -1.32901371e-01 -1.16200835e-01 -9.90303829e-02
 -8.20666552e-02 -6.56421334e-02 -4.97180969e-02 -3.42962295e-02 -1.94001235e-02
 -5.06700622e-03  8.65663122e-03  2.17182841e-02  3.40628289e-02  4.56365310e-02
 -3.73160071e-03 -8.96288548e-03 -1.81347709e-02 -2.85817087e-02 -3.92178223e-02
 -5.02290130e-02 -6.16769604e-02 -7.35802799e-02 -8.59499872e-02 -9.86097381e-02
 -1.11664616e-01 -1.25056252e-01 -1.38626769e-01 -1.52167544e-01 -1.65455237e-01
 -1.78276777e-01 -1.90445632e-01 -2.01812461e-01 -2.12272242e-01 -2.21768856e-01
 -2.30297253e-01 -2.37901181e-01 -2.44655311e-01 -2.50646651e-01 -2.55963385e-01
 -2.60687828e-01 -2.64892161e-01 -2.68635631e-01 -2.71962374e-01 -2.74899989e-01
 -2.77458102e-01 -2.79627115e-01 -2.81376958e-01 -2.82656401e-01 -2.83392608e-01
 -2.83492535e-01 -2.82846212e-01 -2.81333655e-01 -2.78835654e-01 -2.75247902e-01
 -2.70496905e-01 -2.64552444e-01 -2.57432401e-01 -2.49196410e-01 -2.39929020e-01
 -2.29719132e-01 -2.18644470e-01 -2.06771404e-01 -1.94147736e-01 -1.80783257e-01
 -1.66646287e-01 -1.51680857e-01 -1.35848701e-01 -1.19201399e-01 -1.01985440e-01
 -8.47661868e-02 -6.85159042e-02 -5.27099334e-02 -3.73964719e-02 -2.26173420e-02
 -8.41387641e-03  5.17129153e-03  1.80945359e-02  3.03128343e-02  4.17861305e-02
 -5.68500161e-03 -1.15793720e-02 -1.94858797e-02 -2.89509241e-02 -3.93573605e-02
 -5.03795110e-02 -6.19041882e-02 -7.39001259e-02 -8.63632783e-02 -9.91183892e-02
 -1.12264805e-01 -1.25739753e-01 -1.39381751e-01 -1.52979463e-01 -1.66307941e-01
 -1.79153398e-01 -1.91329584e-01 -2.02688381e-01 -2.13126957e-01 -2.22592369e-01
 -2.31083706e-01 -2.38648936e-01 -2.45365515e-01 -2.51322299e-01 -2.56608665e-01
 -2.61307836e-01 -2.65492588e-01 -2.69222587e-01 -2.72542387e-01 -2.75479764e-01
 -2.78044581e-01 -2.80227304e-01 -2.81997889e-01 -2.83304811e-01 -2.84074664e-01
 -2.84213305e-01 -2.83609033e-01 -2.82139361e-01 -2.79681802e-01 -2.76128441e-01
 -2.71402210e-01 -2.65470356e-01 -2.58349955e-01 -2.50101656e-01 -2.40812972e-01
 -2.30576456e-01 -2.19473079e-01 -2.07571194e-01 -1.94921285e-01 -1.81535944e-01
 -1.67385444e-01 -1.52414143e-01 -1.36581749e-01 -1.19934820e-01 -1.02711692e-01
 -8.54681879e-02 -6.91724047e-02 -5.33394217e-02 -3.80125269e-02 -2.32307129e-02
 -9.03288927e-03  4.54098405e-03  1.74504295e-02  2.96559781e-02  4.11213078e-02
 -1.38214207e-03 -6.21707225e-03 -1.64314620e-02 -2.76281312e-02 -3.86415236e-02
 -4.99247722e-02 -6.15971498e-02 -7.36970007e-02 -8.62430409e-02 -9.90666300e-02
 -1.12272479e-01 -1.25799358e-01 -1.39485791e-01 -1.53120086e-01 -1.66476861e-01
 -1.79342240e-01 -1.91530138e-01 -2.02892959e-01 -2.13328704e-01 -2.22785592e-01
 -2.31264085e-01 -2.38813460e-01 -2.45512098e-01 -2.51449376e-01 -2.56715029e-01
 -2.61392385e-01 -2.65554160e-01 -2.69259810e-01 -2.72553504e-01 -2.75462598e-01
 -2.77996302e-01 -2.80144393e-01 -2.81876087e-01 -2.83139020e-01 -2.83859104e-01
 -2.83941656e-01 -2.83274889e-01 -2.81736761e-01 -2.79206008e-01 -2.75576681e-01
 -2.70774215e-01 -2.64768332e-01 -2.57577926e-01 -2.49264076e-01 -2.39913195e-01
 -2.29615584e-01 -2.18449906e-01 -2.06483245e-01 -1.93763673e-01 -1.80300921e-01
 -1.66063800e-01 -1.50999129e-01 -1.35076627e-01 -1.18366159e-01 -1.01151027e-01
 -8.40644315e-02 -6.75441399e-02 -5.15569635e-02 -3.61051448e-02 -2.12098639e-02
 -6.90348912e-03  6.77476684e-03  1.97820123e-02  3.20746601e-02  4.36115265e-02
 -2.75283912e-03 -8.35176650e-03 -1.67523846e-02 -2.69045494e-02 -3.77938747e-02
 -4.91321310e-02 -6.08777516e-02 -7.30396211e-02 -8.56352672e-02 -9.84898731e-02
 -1.11717641e-01 -1.25262082e-01 -1.38964176e-01 -1.52613446e-01 -1.65985137e-01
 -1.78865612e-01 -1.91068769e-01 -2.02446774e-01 -2.12897077e-01 -2.22366974e-01
 -2.30855539e-01 -2.38410592e-01 -2.45109528e-01 -2.51041114e-01 -2.56294459e-01
 -2.60952264e-01 -2.65086532e-01 -2.68755853e-01 -2.72003293e-01 -2.74855018e-01
 -2.77318835e-01 -2.79383093e-01 -2.81015456e-01 -2.82162368e-01 -2.82749027e-01
 -2.82680988e-01 -2.81848103e-01 -2.80131966e-01 -2.77416974e-01 -2.73604751e-01
 -2.68628895e-01 -2.62466133e-01 -2.55139112e-01 -2.46708214e-01 -2.37254560e-01
 -2.26860449e-01 -2.15597361e-01 -2.03527793e-01 -1.90691352e-01 -1.77088425e-01
 -1.62681445e-01 -1.47418171e-01 -1.31281927e-01 -1.14374794e-01 -9.70355347e-02
 -7.99722224e-02 -6.33750930e-02 -4.72542532e-02 -3.16301733e-02 -1.65342279e-02
 -2.00784346e-03  1.18990913e-02  2.51305308e-02  3.76275256e-02  4.93324250e-02
 -1.93318920e-04 -5.21628605e-03 -1.46379881e-02 -2.55608074e-02 -3.66508923e-02
 -4.80464250e-02 -5.98124042e-02 -7.19795153e-02 -8.45741928e-02 -9.74211469e-02
 -1.10634223e-01 -1.24161497e-01 -1.37848511e-01 -1.51488081e-01 -1.64857432e-01
 -1.77743867e-01 -1.89961329e-01 -2.01361150e-01 -2.11839020e-01 -2.21339375e-01
 -2.29857311e-01 -2.37436309e-01 -2.44150907e-01 -2.50087887e-01 -2.55334795e-01
 -2.59972870e-01 -2.64072716e-01 -2.67691314e-01 -2.70870030e-01 -2.73633093e-01
 -2.75986254e-01 -2.77915716e-01 -2.79387295e-01 -2.80346036e-01 -2.80716896e-01
 -2.80406862e-01 -2.79309839e-01 -2.77314454e-01 -2.74315298e-01 -2.70226359e-01
 -2.64993817e-01 -2.58604169e-01 -2.51084030e-01 -2.42490649e-01 -2.32895538e-01
 -2.22368583e-01 -2.10972130e-01 -1.98759586e-01 -1.85755938e-01 -1.71946868e-01
 -1.57286078e-01 -1.41725287e-01 -1.25272170e-01 -1.08081542e-01 -9.05742794e-02
 -7.35466331e-02 -5.68645298e-02 -4.05647382e-02 -2.46843398e-02 -9.26801749e-03
  5.62820723e-03  1.99355371e-02  3.35731171e-02  4.64513414e-02  5.84780574e-02
 -3.52617208e-04 -5.69236092e-03 -1.42128877e-02 -2.45000701e-02 -3.54130976e-02
 -4.67363261e-02 -5.84441088e-02 -7.05373436e-02 -8.30183402e-02 -9.58809108e-02
 -1.09062441e-01 -1.22541122e-01 -1.36178970e-01 -1.49777994e-01 -1.63120329e-01
 -1.75995588e-01 -1.88218176e-01 -1.99638337e-01 -2.10149035e-01 -2.19690278e-01
 -2.28250861e-01 -2.35866979e-01 -2.42608100e-01 -2.48557478e-01 -2.53799975e-01
 -2.58414507e-01 -2.62469500e-01 -2.66019672e-01 -2.69103944e-01 -2.71744072e-01
 -2.73943216e-01 -2.75685191e-01 -2.76933908e-01 -2.77633518e-01 -2.77709872e-01
 -2.77073473e-01 -2.75625020e-01 -2.73263931e-01 -2.69899011e-01 -2.65460104e-01
 -2.59908110e-01 -2.53239363e-01 -2.45482594e-01 -2.36688375e-01 -2.26915181e-01
 -2.16219217e-01 -2.04653978e-01 -1.92257434e-01 -1.79034799e-01 -1.64955154e-01
 -1.49967194e-01 -1.34039491e-01 -1.17232606e-01 -9.98082384e-02 -8.23666230e-02
 -6.52160719e-02 -4.83431965e-02 -3.17586437e-02 -1.54898530e-02  4.18672571e-04
  1.59020070e-02  3.08706220e-02  4.52075824e-02  5.87700866e-02  7.13986903e-02
  1.22438208e-03 -3.85664357e-03 -1.25919357e-02 -2.30346359e-02 -3.39313485e-02
 -4.51961793e-02 -5.68345822e-02 -6.88497275e-02 -8.12446252e-02 -9.40249339e-02
 -1.07103743e-01 -1.20474435e-01 -1.34011343e-01 -1.47525072e-01 -1.60803184e-01
 -1.73638031e-01 -1.85844705e-01 -1.97272107e-01 -2.07809880e-01 -2.17392355e-01
 -2.26000220e-01 -2.33659521e-01 -2.40431920e-01 -2.46395320e-01 -2.51630545e-01
 -2.56213188e-01 -2.60208577e-01 -2.63668507e-01 -2.66629010e-01 -2.69108832e-01
 -2.71108478e-01 -2.72609413e-01 -2.73574352e-01 -2.73947746e-01 -2.73658276e-01
 -2.72622526e-01 -2.70751446e-01 -2.67958432e-01 -2.64169216e-01 -2.59330899e-01
 -2.53418505e-01 -2.46435717e-01 -2.38409683e-01 -2.29381159e-01 -2.19394952e-01
 -2.08497405e-01 -1.96729138e-01 -1.84106782e-01 -1.70613572e-01 -1.56204700e-01
 -1.40832752e-01 -1.24499321e-01 -1.07338741e-01 -8.97314847e-02 -7.24189728e-02
 -5.52156679e-02 -3.81374210e-02 -2.11954061e-02 -4.40697698e-03  1.21954856e-02
  2.85541285e-02  4.45716009e-02  6.00935631e-02  7.48933330e-02  8.86749849e-02
  2.49041221e-03 -2.44877231e-03 -1.10845342e-02 -2.14292966e-02 -3.22395042e-02
 -4.34353203e-02 -5.50054908e-02 -6.69394806e-02 -7.92341754e-02 -9.18939188e-02
 -1.04816683e-01 -1.18020684e-01 -1.31397873e-01 -1.44770920e-01 -1.57934919e-01
 -1.70686334e-01 -1.82841688e-01 -1.94248825e-01 -2.04793826e-01 -2.14404702e-01
 -2.23052844e-01 -2.30752006e-01 -2.37552673e-01 -2.43525043e-01 -2.48744234e-01
 -2.53281325e-01 -2.57197678e-01 -2.60541528e-01 -2.63345569e-01 -2.65625536e-01
 -2.67379403e-01 -2.68587202e-01 -2.69211531e-01 -2.69199193e-01 -2.68484175e-01
 -2.66992241e-01 -2.64647245e-01 -2.61378884e-01 -2.57130444e-01 -2.51865119e-01
 -2.45568797e-01 -2.38248467e-01 -2.29926288e-01 -2.20632747e-01 -2.10404098e-01
 -1.99277014e-01 -1.87272221e-01 -1.74382985e-01 -1.60574779e-01 -1.45801365e-01
 -1.30043462e-01 -1.13376088e-01 -9.60671529e-02 -7.86912367e-02 -6.13747388e-02
 -4.40787263e-02 -2.67737731e-02 -9.43399314e-03  7.96290208e-03  2.54314113e-02
  4.29687127e-02  6.05350658e-02  7.80122504e-02  9.51166227e-02  1.11267537e-01
  3.19769885e-03 -1.88087695e-03 -9.73101053e-03 -1.95268914e-02 -3.02520432e-02
 -4.14562300e-02 -5.30066974e-02 -6.48721755e-02 -7.70523474e-02 -8.95578340e-02
 -1.02271557e-01 -1.15245447e-01 -1.28395364e-01 -1.41560391e-01 -1.54546276e-01
 -1.67155653e-01 -1.79207712e-01 -1.90550029e-01 -2.01065406e-01 -2.10675508e-01
 -2.19341993e-01 -2.27065384e-01 -2.33881444e-01 -2.39849597e-01 -2.45037228e-01
 -2.49509409e-01 -2.53322661e-01 -2.56521046e-01 -2.59133726e-01 -2.61173755e-01
 -2.62637317e-01 -2.63504207e-01 -2.63738871e-01 -2.63292789e-01 -2.62107849e-01
 -2.60121405e-01 -2.57272035e-01 -2.53505945e-01 -2.48782411e-01 -2.43077159e-01
 -2.36382738e-01 -2.28705779e-01 -2.20063180e-01 -2.10480854e-01 -1.99988469e-01
 -1.88605368e-01 -1.76329568e-01 -1.63134620e-01 -1.48979798e-01 -1.33839011e-01
 -1.17755525e-01 -1.00928389e-01 -8.38268548e-02 -6.67117313e-02 -4.95400615e-02
 -3.22656222e-02 -1.48359835e-02  2.81057600e-03  2.07480043e-02  3.90653983e-02
  5.78703880e-02  7.72945434e-02  9.75069404e-02  1.18751377e-01  1.41146958e-01
  1.26171382e-02  9.86371748e-03 -3.57292406e-03 -1.64269637e-02 -2.79932395e-02
 -3.94463576e-02 -5.10237180e-02 -6.28034770e-02 -7.48261586e-02 -8.71226490e-02
 -9.95597616e-02 -1.12227693e-01 -1.25069886e-01 -1.37945250e-01 -1.50673106e-01
 -1.63064510e-01 -1.74942881e-01 -1.86156631e-01 -1.96586043e-01 -2.06146896e-01
 -2.14791387e-01 -2.22506940e-01 -2.29312807e-01 -2.35253677e-01 -2.40386426e-01
 -2.44768396e-01 -2.48450160e-01 -2.51471132e-01 -2.53857106e-01 -2.55618870e-01
 -2.56752074e-01 -2.57237881e-01 -2.57044673e-01 -2.56130725e-01 -2.54447967e-01
 -2.51946568e-01 -2.48579755e-01 -2.44308501e-01 -2.39104703e-01 -2.32952595e-01
 -2.25848228e-01 -2.17798233e-01 -2.08820224e-01 -1.98936149e-01 -1.88161135e-01
 -1.76494226e-01 -1.63914651e-01 -1.50388226e-01 -1.35888591e-01 -1.20439023e-01
 -1.04179233e-01 -8.74544308e-02 -7.09025562e-02 -5.42059727e-02 -3.73462103e-02
 -2.02798601e-02 -2.94226734e-03  1.47541501e-02  3.29253078e-02  5.17245419e-02
  7.13565052e-02  9.20979008e-02  1.14323266e-01  1.38466641e-01  1.64115310e-01
  6.90995203e-03  2.42609042e-03 -5.52461948e-03 -1.57167576e-02 -2.67180465e-02
 -3.79774868e-02 -4.93868366e-02 -6.09541051e-02 -7.27124214e-02 -8.47025737e-02
 -9.67786610e-02 -1.09053262e-01 -1.21495098e-01 -1.33985013e-01 -1.46358743e-01
 -1.58438325e-01 -1.70053437e-01 -1.81054562e-01 -1.91320568e-01 -2.00762153e-01
 -2.09322885e-01 -2.16977924e-01 -2.23730817e-01 -2.29608491e-01 -2.34653652e-01
 -2.38913536e-01 -2.42431402e-01 -2.45241553e-01 -2.47366443e-01 -2.48815477e-01
 -2.49584943e-01 -2.49659017e-01 -2.49011710e-01 -2.47609630e-01 -2.45415524e-01
 -2.42392063e-01 -2.38505468e-01 -2.33728588e-01 -2.28042737e-01 -2.21438617e-01
 -2.13917732e-01 -2.05491528e-01 -1.96174771e-01 -1.85977444e-01 -1.74897894e-01
 -1.62919968e-01 -1.50018305e-01 -1.36175752e-01 -1.21417895e-01 -1.05868816e-01
 -8.98274779e-02 -7.38497227e-02 -5.77755980e-02 -4.15617302e-02 -2.51639932e-02
 -8.52732640e-03  8.42075422e-03  2.57766582e-02  4.36691344e-02  6.22711256e-02
  8.18165988e-02  1.02623336e-01  1.25120386e-01  1.49890557e-01  1.77904323e-01
  1.15611842e-02  8.98689404e-03 -2.50348961e-03 -1.47867166e-02 -2.60584764e-02
 -3.71616930e-02 -4.82844412e-02 -5.94949462e-02 -7.08343983e-02 -8.23330656e-02
 -9.40084532e-02 -1.05809711e-01 -1.17751949e-01 -1.29748136e-01 -1.41656309e-01
 -1.53313130e-01 -1.64556801e-01 -1.75241500e-01 -1.85245663e-01 -1.94475979e-01
 -2.02868387e-01 -2.10387051e-01 -2.17021450e-01 -2.22781941e-01 -2.27693975e-01
 -2.31791362e-01 -2.35108152e-01 -2.37672552e-01 -2.39503697e-01 -2.40610108e-01
 -2.40989670e-01 -2.40630671e-01 -2.39513651e-01 -2.37613976e-01 -2.34904736e-01
 -2.31359765e-01 -2.26956233e-01 -2.21676946e-01 -2.15512857e-01 -2.08464101e-01
 -2.00537279e-01 -1.91740990e-01 -1.82080328e-01 -1.71552122e-01 -1.60143763e-01
 -1.47838473e-01 -1.34630978e-01 -1.20557658e-01 -1.05744094e-01 -9.04674158e-02
 -7.52233267e-02 -5.98896593e-02 -4.44474630e-02 -2.88702566e-02 -1.31237675e-02
  2.83682044e-03  1.90705433e-02  3.56552824e-02  5.26939072e-02  7.03230351e-02
  8.87267441e-02  1.08161278e-01  1.29013881e-01  1.52041316e-01  1.80672288e-01
  5.39538823e-03  1.29568262e-03 -6.38133753e-03 -1.62100289e-02 -2.66693886e-02
 -3.72593775e-02 -4.78985868e-02 -5.86031228e-02 -6.94065541e-02 -8.03426430e-02
 -9.14431214e-02 -1.02629408e-01 -1.13940947e-01 -1.25315085e-01 -1.36630252e-01
 -1.47738099e-01 -1.58486322e-01 -1.68733791e-01 -1.78359419e-01 -1.87266678e-01
 -1.95384949e-01 -2.02668741e-01 -2.09095150e-01 -2.14660168e-01 -2.19373807e-01
 -2.23254815e-01 -2.26325125e-01 -2.28605166e-01 -2.30109930e-01 -2.30846986e-01
 -2.30816051e-01 -2.30009764e-01 -2.28415266e-01 -2.26016179e-01 -2.22795174e-01
 -2.18736544e-01 -2.13828847e-01 -2.08066121e-01 -2.01447785e-01 -1.93977073e-01
 -1.85657993e-01 -1.76491797e-01 -1.66474372e-01 -1.55596659e-01 -1.43850461e-01
 -1.31242976e-01 -1.17823392e-01 -1.03725433e-01 -8.92273113e-02 -7.47944117e-02
 -6.02664202e-02 -4.56459820e-02 -3.09299771e-02 -1.61093511e-02 -1.16878352e-03
  1.39140999e-02  2.91697606e-02  4.46377583e-02  6.03674166e-02  7.64175951e-02
  9.28542838e-02  1.09742403e-01  1.27117828e-01  1.44878387e-01  1.62204832e-01
  5.42707974e-03  2.53917044e-03 -6.99487841e-03 -1.79491844e-02 -2.82248575e-02
 -3.82807665e-02 -4.82935347e-02 -5.83419465e-02 -6.84737861e-02 -7.87248388e-02
 -8.91256407e-02 -9.95736942e-02 -1.10130072e-01 -1.20754838e-01 -1.31346822e-01
 -1.41773686e-01 -1.51894048e-01 -1.61572784e-01 -1.70690447e-01 -1.79148376e-01
 -1.86870515e-01 -1.93803057e-01 -1.99912414e-01 -2.05182090e-01 -2.09608868e-01
 -2.13198453e-01 -2.15961277e-01 -2.17908710e-01 -2.19050080e-01 -2.19390884e-01
 -2.18931988e-01 -2.17670068e-01 -2.15598688e-01 -2.12709993e-01 -2.08996415e-01
 -2.04452261e-01 -1.99074596e-01 -1.92863181e-01 -1.85819373e-01 -1.77944303e-01
 -1.69237182e-01 -1.59694567e-01 -1.49312571e-01 -1.38093844e-01 -1.26061559e-01
 -1.13282174e-01 -9.98956934e-02 -8.61512572e-02 -7.25441277e-02 -5.88185936e-02
 -4.50000986e-02 -3.11064776e-02 -1.71507690e-02 -3.14234965e-03  1.09125264e-02
  2.50102803e-02  3.91492359e-02  5.33279814e-02  6.75421432e-02  8.17782506e-02
  9.60025713e-02  1.10141061e-01  1.24044560e-01  1.37431785e-01  1.49806902e-01
 -2.38857046e-03 -6.28967304e-03 -1.34340562e-02 -2.22066045e-02 -3.12456358e-02
 -4.03299630e-02 -4.94709052e-02 -5.86937815e-02 -6.80204034e-02 -7.74710551e-02
 -8.70662630e-02 -9.66736749e-02 -1.06368534e-01 -1.16130233e-01 -1.25877574e-01
 -1.35495529e-01 -1.44855738e-01 -1.53831169e-01 -1.62305921e-01 -1.70180842e-01
 -1.77375987e-01 -1.83830827e-01 -1.89502865e-01 -1.94365233e-01 -1.98403537e-01
 -2.01612502e-01 -2.03992769e-01 -2.05547810e-01 -2.06281751e-01 -2.06197798e-01
 -2.05297485e-01 -2.03580782e-01 -2.01046526e-01 -1.97693288e-01 -1.93520024e-01
 -1.88526571e-01 -1.82713434e-01 -1.76081315e-01 -1.68630257e-01 -1.60359338e-01
 -1.51267722e-01 -1.41358584e-01 -1.30647644e-01 -1.19178534e-01 -1.07046284e-01
 -9.44341123e-02 -8.16362798e-02 -6.86967596e-02 -5.56716435e-02 -4.25657779e-02
 -2.93968283e-02 -1.61877014e-02 -2.96344678e-03  1.02500021e-02  2.34261956e-02
  3.65379415e-02  4.95563932e-02  6.24491572e-02  7.51769915e-02  8.76884982e-02
  9.99123007e-02  1.11746520e-01  1.23047039e-01  1.33619636e-01  1.43227831e-01
 -1.01314597e-02 -1.44713745e-02 -2.03760881e-02 -2.74306089e-02 -3.50828469e-02
 -4.30502184e-02 -5.12137078e-02 -5.95243648e-02 -6.79648295e-02 -7.65342936e-02
 -8.52439478e-02 -9.39417705e-02 -1.02698721e-01 -1.11507729e-01 -1.20307058e-01
 -1.29000932e-01 -1.37476757e-01 -1.45618722e-01 -1.53317243e-01 -1.60475180e-01
 -1.67010933e-01 -1.72859386e-01 -1.77971318e-01 -1.82311609e-01 -1.85857043e-01
 -1.88593596e-01 -1.90514013e-01 -1.91615447e-01 -1.91897631e-01 -1.91361502e-01
 -1.90008491e-01 -1.87840044e-01 -1.84857607e-01 -1.81062594e-01 -1.76456407e-01
 -1.71040297e-01 -1.64815128e-01 -1.57781556e-01 -1.49940759e-01 -1.41296908e-01
 -1.31862178e-01 -1.21666044e-01 -1.10769160e-01 -9.92858186e-02 -8.73936936e-02
 -7.54538029e-02 -6.32931739e-02 -5.09620830e-02 -3.85053456e-02 -2.59603821e-02
 -1.33643793e-02 -7.56515306e-04  1.18215494e-02  2.43257750e-02  3.67100090e-02
  4.89262082e-02  6.09243512e-02  7.26518705e-02  8.40523243e-02  9.50631648e-02
  1.05612837e-01  1.15617692e-01  1.24980286e-01  1.33591071e-01  1.41335636e-01
 -1.44730033e-02 -1.82228591e-02 -2.46881396e-02 -3.17530707e-02 -3.87738198e-02
 -4.59377691e-02 -5.32470308e-02 -6.06806315e-02 -6.82215691e-02 -7.58590847e-02
 -8.35850090e-02 -9.13866535e-02 -9.91743281e-02 -1.06971063e-01 -1.14741832e-01
 -1.22414447e-01 -1.29895881e-01 -1.37085021e-01 -1.43882096e-01 -1.50195122e-01
 -1.55943781e-01 -1.61061049e-01 -1.65493459e-01 -1.69200152e-01 -1.72151357e-01
 -1.74326435e-01 -1.75711989e-01 -1.76300019e-01 -1.76086351e-01 -1.75069362e-01
 -1.73249036e-01 -1.70626327e-01 -1.67202592e-01 -1.62979379e-01 -1.57958210e-01
 -1.52140826e-01 -1.45529971e-01 -1.38131320e-01 -1.29957214e-01 -1.21032722e-01
 -1.11404516e-01 -1.01157300e-01 -9.04188901e-02 -7.94526339e-02 -6.81933984e-02
 -5.67016713e-02 -4.49986979e-02 -3.31179164e-02 -2.10993309e-02 -8.98724981e-03
  3.16949980e-03  1.53171569e-02  2.73969527e-02  3.93455699e-02  5.10961339e-02
  6.25796244e-02  7.37265795e-02  8.44687074e-02  9.47401524e-02  1.04478195e-01
  1.13623321e-01  1.22118913e-01  1.29911259e-01  1.36950463e-01  1.43192917e-01
 -2.07509007e-02 -2.49845181e-02 -3.02502718e-02 -3.62398587e-02 -4.25510034e-02
 -4.90051135e-02 -5.55463880e-02 -6.21552803e-02 -6.88232034e-02 -7.55460411e-02
 -8.23219344e-02 -8.91508088e-02 -9.59123820e-02 -1.02639548e-01 -1.09315224e-01
 -1.15887597e-01 -1.22283086e-01 -1.28417015e-01 -1.34202123e-01 -1.39554769e-01
 -1.44399017e-01 -1.48669064e-01 -1.52310103e-01 -1.55278116e-01 -1.57539144e-01
 -1.59067869e-01 -1.59846321e-01 -1.59862265e-01 -1.59107983e-01 -1.57578990e-01
 -1.55273139e-01 -1.52189851e-01 -1.48329675e-01 -1.43694252e-01 -1.38286799e-01
 -1.32113576e-01 -1.25186399e-01 -1.17526904e-01 -1.09175935e-01 -1.00202218e-01
 -9.07006338e-02 -8.08746442e-02 -7.06707016e-02 -6.01334795e-02 -4.92882580e-02
 -3.81669477e-02 -2.68019307e-02 -1.52301397e-02 -3.49476072e-03  8.35368410e-03
  2.02562753e-02  3.21448818e-02  4.39419337e-02  5.55611588e-02  6.69095963e-02
  7.78909624e-02  8.84102136e-02  9.83786285e-02  1.07718691e-01  1.16367832e-01
  1.24280550e-01  1.31428644e-01  1.37799844e-01  1.43395454e-01  1.48227647e-01
 -2.44817305e-02 -2.77752019e-02 -3.42875794e-02 -4.06421348e-02 -4.65799607e-02
 -5.24253324e-02 -5.82373030e-02 -6.40359968e-02 -6.98328391e-02 -7.56360218e-02
 -8.14515725e-02 -8.72837007e-02 -9.29928198e-02 -9.86192673e-02 -1.04159951e-01
 -1.09580576e-01 -1.14825837e-01 -1.19828038e-01 -1.24514230e-01 -1.28811762e-01
 -1.32652298e-01 -1.35974422e-01 -1.38725117e-01 -1.40860140e-01 -1.42343849e-01
 -1.43148452e-01 -1.43253103e-01 -1.42642811e-01 -1.41307324e-01 -1.39240295e-01
 -1.36438355e-01 -1.32900923e-01 -1.28630280e-01 -1.23632245e-01 -1.17917560e-01
 -1.11506477e-01 -1.04432300e-01 -9.67381150e-02 -8.85115638e-02 -7.99272507e-02
 -7.08916709e-02 -6.14451542e-02 -5.16077802e-02 -4.14025635e-02 -3.08525115e-02
 -1.99829973e-02 -8.82294681e-03  2.59306002e-03  1.42224925e-02  2.60123778e-02
  3.78966890e-02  4.97938655e-02  6.16050363e-02  7.32138306e-02  8.44888389e-02
  9.52896625e-02  1.05476610e-01  1.14922613e-01  1.23524986e-01  1.31214395e-01
  1.37959570e-01  1.43767074e-01  1.48676321e-01  1.52750701e-01  1.56066865e-01
 -3.20394225e-02 -3.61610502e-02 -4.09666523e-02 -4.61603068e-02 -5.13800383e-02
 -5.64988814e-02 -6.15140572e-02 -6.64512590e-02 -7.13357478e-02 -7.61865154e-02
 -8.10163766e-02 -8.58331472e-02 -9.04808566e-02 -9.50002596e-02 -9.93959829e-02
 -1.03646532e-01 -1.07712023e-01 -1.11540698e-01 -1.15074478e-01 -1.18253477e-01
 -1.21019505e-01 -1.23318627e-01 -1.25102788e-01 -1.26330689e-01 -1.26968041e-01
 -1.26987427e-01 -1.26367778e-01 -1.25093922e-01 -1.23156004e-01 -1.20548911e-01
 -1.17271788e-01 -1.13328174e-01 -1.08728766e-01 -1.03492118e-01 -9.76397768e-02
 -9.12199765e-02 -8.43312070e-02 -7.69522265e-02 -6.91018775e-02 -6.08100854e-02
 -5.20831570e-02 -4.29325439e-02 -3.33694778e-02 -2.34056264e-02 -1.30535569e-02
 -2.32788431e-03  8.75309762e-03  2.01651379e-02  3.18749845e-02  4.38364372e-02
  5.59853315e-02  6.82335496e-02  8.04625377e-02  9.25179049e-02  1.04208209e-01
  1.15312696e-01  1.25601351e-01  1.34864375e-01  1.42941266e-01  1.49740368e-01
  1.55247316e-01  1.59523591e-01  1.62695363e-01  1.64930940e-01  1.66410580e-01
 -3.80912833e-02 -4.16207984e-02 -4.72306497e-02 -5.25607169e-02 -5.71712293e-02
 -6.14458583e-02 -6.55275732e-02 -6.94924444e-02 -7.33838379e-02 -7.72262141e-02
 -8.10333714e-02 -8.48148242e-02 -8.84107798e-02 -9.18434188e-02 -9.51157212e-02
 -9.82133150e-02 -1.01108044e-01 -1.03761993e-01 -1.06131338e-01 -1.08169682e-01
 -1.09830737e-01 -1.11070469e-01 -1.11848772e-01 -1.12130634e-01 -1.11886688e-01
 -1.11093462e-01 -1.09733395e-01 -1.07795246e-01 -1.05274543e-01 -1.02173798e-01
 -9.85011905e-02 -9.42642912e-02 -8.94932225e-02 -8.42529163e-02 -7.85122216e-02
 -7.22851008e-02 -6.55920655e-02 -5.84424846e-02 -5.08451089e-02 -4.28078026e-02
 -3.43343168e-02 -2.54263673e-02 -1.60840116e-02 -6.30608760e-03  3.90923349e-03
  1.45635661e-02  2.56569367e-02  3.71856764e-02  4.91392128e-02  6.14952333e-02
  7.42124543e-02  8.72198716e-02  1.00401260e-01  1.13573924e-01  1.26464516e-01
  1.38697281e-01  1.49830207e-01  1.59454435e-01  1.67286083e-01  1.73188403e-01
  1.77171513e-01  1.79390609e-01  1.80142567e-01  1.79827452e-01  1.78841650e-01
 -4.91663404e-02 -5.35822548e-02 -5.76127246e-02 -6.12028241e-02 -6.44116700e-02
 -6.74026608e-02 -7.02902228e-02 -7.31280223e-02 -7.59354904e-02 -7.87148774e-02
 -8.14589188e-02 -8.41527060e-02 -8.67702886e-02 -8.91730636e-02 -9.13737491e-02
 -9.33670178e-02 -9.51351076e-02 -9.66520533e-02 -9.78872180e-02 -9.88080800e-02
 -9.93810296e-02 -9.95733738e-02 -9.93552282e-02 -9.87009332e-02 -9.75899845e-02
 -9.60070491e-02 -9.39410627e-02 -9.13880467e-02 -8.83542225e-02 -8.48612487e-02
 -8.09569284e-02 -7.65812322e-02 -7.17512146e-02 -6.64832592e-02 -6.07827418e-02
 -5.46552576e-02 -4.81058359e-02 -4.11367416e-02 -3.37476581e-02 -2.59355251e-02
 -1.76940858e-02 -9.01389495e-03  1.17701151e-04  9.71660484e-03  1.98019892e-02
  3.03962231e-02  4.15245667e-02  5.32144010e-02  6.54936209e-02  7.83874840e-02
  9.19127837e-02  1.06067389e-01  1.20811373e-01  1.36031225e-01  1.51463091e-01
  1.66514039e-01  1.80046305e-01  1.90941662e-01  1.98939607e-01  2.03818604e-01
  2.05652013e-01  2.04684600e-01  2.01346278e-01  1.96902886e-01  1.92368165e-01
 -6.31871894e-02 -6.87062368e-02 -7.08085746e-02 -7.15868324e-02 -7.25946501e-02
 -7.39227235e-02 -7.54565373e-02 -7.71106631e-02 -7.88277313e-02 -8.05660784e-02
 -8.22929889e-02 -8.39816928e-02 -8.56104642e-02 -8.70128870e-02 -8.81923735e-02
 -8.91423747e-02 -8.98487270e-02 -9.02924538e-02 -9.04534683e-02 -9.03168097e-02
 -8.98606777e-02 -8.90628770e-02 -8.79040807e-02 -8.63699988e-02 -8.44537765e-02
 -8.21564198e-02 -7.94683695e-02 -7.63873830e-02 -7.29171261e-02 -6.90657124e-02
 -6.48418963e-02 -6.02443814e-02 -5.52764796e-02 -4.99421954e-02 -4.42434512e-02
 -3.81800197e-02 -3.17492038e-02 -2.49453112e-02 -1.77593492e-02 -1.01787429e-02
 -2.18703412e-03  6.23645680e-03  1.51170734e-02  2.44854409e-02  3.43783274e-02
  4.48397882e-02  5.59226386e-02  6.76902682e-02  8.02187100e-02  9.35987979e-02
  1.07937776e-01  1.23359561e-01  1.40002638e-01  1.58017471e-01  1.77595243e-01
  1.99343249e-01  2.24370405e-01  2.31231198e-01  2.42918804e-01  2.45048091e-01
  2.42829993e-01  2.41769940e-01  2.24888906e-01  2.13228256e-01  2.04322517e-01
 -7.50535950e-02 -8.18015039e-02 -8.16829875e-02 -8.02212954e-02 -7.97873065e-02
 -7.99229667e-02 -8.03877115e-02 -8.10476318e-02 -8.18130448e-02 -8.26185420e-02
 -8.34150687e-02 -8.41666460e-02 -8.48508105e-02 -8.53040740e-02 -8.55248794e-02
 -8.55032653e-02 -8.52238387e-02 -8.46664086e-02 -8.38042051e-02 -8.26864168e-02
 -8.12839642e-02 -7.95775726e-02 -7.75544941e-02 -7.52072632e-02 -7.25331008e-02
 -6.95328414e-02 -6.62087724e-02 -6.25655651e-02 -5.86100668e-02 -5.43502197e-02
 -4.97934707e-02 -4.49450500e-02 -3.98085788e-02 -3.43854800e-02 -2.86742076e-02
 -2.26697512e-02 -1.63633265e-02 -9.74214729e-03 -2.78927968e-03  4.51650098e-03
  1.22009227e-02  2.02945899e-02  2.88336072e-02  3.78605798e-02  4.74261343e-02
  5.75911142e-02  6.84297755e-02  8.00343156e-02  9.25212428e-02  1.06040470e-01
  1.20787703e-01  1.37020558e-01  1.55076593e-01  1.75393969e-01  1.98589146e-01
  2.25071743e-01  2.43108094e-01  2.55518883e-01  2.65138239e-01  2.64121413e-01
  2.63493031e-01  2.50214249e-01  2.34403297e-01  2.21100658e-01  2.10432708e-01
 -7.81892762e-02 -8.40660185e-02 -8.60082656e-02 -8.58119354e-02 -8.52741078e-02
 -8.49043205e-02 -8.47380757e-02 -8.47115517e-02 -8.47506672e-02 -8.47900584e-02
 -8.47752243e-02 -8.46599042e-02 -8.44009668e-02 -8.39489698e-02 -8.32739696e-02
 -8.23551491e-02 -8.11763629e-02 -7.97248483e-02 -7.79921487e-02 -7.59784132e-02
 -7.36790597e-02 -7.10899904e-02 -6.82097301e-02 -6.50401562e-02 -6.15865812e-02
 -5.78574426e-02 -5.38635813e-02 -4.96176817e-02 -4.51334417e-02 -4.04244326e-02
 -3.55028212e-02 -3.03780958e-02 -2.50561405e-02 -1.95384342e-02 -1.38214361e-02
 -7.89623428e-03 -1.74847641e-03  4.64148587e-03  1.12983286e-02  1.82514731e-02
  2.55349167e-02  3.31873074e-02  4.12523746e-02  4.97798398e-02  5.88270128e-02
  6.84611872e-02  7.87633359e-02  8.98334682e-02  1.01798855e-01  1.14826664e-01
  1.29144460e-01  1.45075068e-01  1.63098380e-01  1.83946282e-01  2.08311379e-01
  2.31099904e-01  2.45880812e-01  2.58659273e-01  2.63236493e-01  2.64130920e-01
  2.58370757e-01  2.44500071e-01  2.30677634e-01  2.19005808e-01  2.09252268e-01
 -8.71029049e-02 -9.48844701e-02 -9.32851285e-02 -9.08410251e-02 -8.97383317e-02
 -8.90758261e-02 -8.85924250e-02 -8.81652236e-02 -8.77123624e-02 -8.71728361e-02
 -8.65000039e-02 -8.56572390e-02 -8.46143737e-02 -8.33453909e-02 -8.18299353e-02
 -8.00523758e-02 -7.80007988e-02 -7.56666660e-02 -7.30449110e-02 -7.01340958e-02
 -6.69351742e-02 -6.34519532e-02 -5.96916340e-02 -5.56652136e-02 -5.13875782e-02
 -4.68772426e-02 -4.21557650e-02 -3.72468494e-02 -3.21750604e-02 -2.69642491e-02
 -2.16357112e-02 -1.62063390e-02 -1.06869675e-02 -5.08107943e-03  6.15966797e-04
  6.41710917e-03  1.23431804e-02  1.84220523e-02  2.46875156e-02  3.11781280e-02
  3.79362293e-02  4.50073108e-02  5.24398237e-02  6.02855645e-02  6.86005875e-02
  7.74468556e-02  8.68946016e-02  9.70256776e-02  1.07938290e-01  1.19753703e-01
  1.32626116e-01  1.46757990e-01  1.62423596e-01  1.79979756e-01  1.99387059e-01
  2.16172978e-01  2.27714553e-01  2.37638116e-01  2.40960538e-01  2.41997018e-01
  2.36965001e-01  2.27330953e-01  2.18127757e-01  2.09804058e-01  2.02349141e-01
 -8.40061754e-02 -9.03048441e-02 -9.29216519e-02 -9.32955816e-02 -9.30368006e-02
 -9.26769599e-02 -9.22530666e-02 -9.17009860e-02 -9.09607038e-02 -8.99929106e-02
 -8.87749344e-02 -8.72937962e-02 -8.55408460e-02 -8.35086480e-02 -8.11900198e-02
 -7.85779655e-02 -7.56662339e-02 -7.24501833e-02 -6.89277202e-02 -6.51001334e-02
 -6.09726533e-02 -5.65549769e-02 -5.18617705e-02 -4.69130166e-02 -4.17341441e-02
 -3.63559164e-02 -3.08138784e-02 -2.51472816e-02 -1.93972979e-02 -1.36045441e-02
 -7.80602125e-03 -2.03182828e-03  3.69789428e-03  9.37529188e-03  1.50059946e-02
  2.06090063e-02  2.62153167e-02  3.18655819e-02  3.76073048e-02  4.34920080e-02
  4.95728701e-02  5.59029877e-02  6.25343844e-02  6.95176795e-02  7.69022852e-02
  8.47368166e-02  9.30696428e-02  1.01949058e-01  1.11422554e-01  1.21534072e-01
  1.32316649e-01  1.43774882e-01  1.55844897e-01  1.68309763e-01  1.80598930e-01
  1.91555277e-01  2.00467169e-01  2.06966475e-01  2.10777864e-01  2.11827815e-01
  2.10197225e-01  2.06627086e-01  2.02084139e-01  1.97174162e-01  1.92252919e-01
 -9.16075185e-02 -1.00407042e-01 -9.78464186e-02 -9.61813107e-02 -9.62187126e-02
 -9.64168087e-02 -9.63532180e-02 -9.58803147e-02 -9.49637890e-02 -9.36179906e-02
 -9.18733701e-02 -8.97603855e-02 -8.73023123e-02 -8.45130756e-02 -8.13980401e-02
 -7.79564157e-02 -7.41842166e-02 -7.00772032e-02 -6.56334013e-02 -6.08550832e-02
 -5.57500385e-02 -5.03324755e-02 -4.46235724e-02 -3.86519358e-02 -3.24541107e-02
 -2.60749944e-02 -1.95679441e-02 -1.29940500e-02 -6.42000651e-03  8.57592240e-05
  6.45864056e-03  1.26443906e-02  1.86054707e-02  2.43259072e-02  2.98136082e-02
  3.50996293e-02  4.02345769e-02  4.52829488e-02  5.03166355e-02  5.54089397e-02
  6.06299490e-02  6.60435930e-02  7.17062280e-02  7.76662752e-02  8.39643553e-02
  9.06334743e-02  9.76986960e-02  1.05175875e-01  1.13068767e-01  1.21363431e-01
  1.30018726e-01  1.38951004e-01  1.48012057e-01  1.56963959e-01  1.65468782e-01
  1.73131049e-01  1.79588407e-01  1.84574232e-01  1.87937438e-01  1.89655483e-01
  1.89849705e-01  1.88781008e-01  1.86784655e-01  1.84181347e-01  1.81229472e-01
 -8.05425048e-02 -8.77437592e-02 -9.30030420e-02 -9.68053192e-02 -9.96217430e-02
 -1.01387404e-01 -1.02014638e-01 -1.01622678e-01 -1.00400858e-01 -9.85162258e-02
 -9.60994735e-02 -9.32445750e-02 -9.00108218e-02 -8.64279345e-02 -8.25034827e-02
 -7.82310218e-02 -7.35977590e-02 -6.85907230e-02 -6.32014126e-02 -5.74288219e-02
 -5.12809381e-02 -4.47751656e-02 -3.79380994e-02 -3.08055971e-02 -2.34237518e-02
 -1.58509500e-02 -8.16050917e-03 -4.42543504e-04  7.19684968e-03  1.46409981e-02
  2.17733849e-02  2.84921769e-02  3.47250253e-02  4.04403433e-02  4.56524864e-02
  5.04196696e-02  5.48348241e-02  5.90115115e-02  6.30685687e-02  6.71175495e-02
  7.12550431e-02  7.55596310e-02  8.00920650e-02  8.48968774e-02  9.00043026e-02
  9.54317153e-02  1.01184167e-01  1.07253775e-01  1.13617696e-01  1.20234646e-01
  1.27039894e-01  1.33939326e-01  1.40804157e-01  1.47469625e-01  1.53742254e-01
  1.59418508e-01  1.64311022e-01  1.68273598e-01  1.71219215e-01  1.73129693e-01
  1.74056560e-01  1.74111009e-01  1.73442587e-01  1.72213346e-01  1.70576259e-01
 -7.64779299e-02 -8.45681280e-02 -9.24929231e-02 -1.00224242e-01 -1.07206009e-01
 -1.10925250e-01 -1.11301206e-01 -1.10167816e-01 -1.07987680e-01 -1.05054058e-01
 -1.01600505e-01 -9.77743492e-02 -9.36479643e-02 -8.92359018e-02 -8.45154375e-02
 -7.94459209e-02 -7.39832520e-02 -6.80897087e-02 -6.17402792e-02 -5.49261868e-02
 -4.76557091e-02 -3.99518609e-02 -3.18480209e-02 -2.33846027e-02 -1.46096805e-02
 -5.58467396e-03  3.60567402e-03  1.28414333e-02  2.19586976e-02  3.07522193e-02
  3.89972515e-02  4.64878678e-02  5.30759469e-02  5.86973093e-02  6.33829087e-02
  6.72552064e-02  7.05066249e-02  7.33606145e-02  7.60298967e-02  7.86897317e-02
  8.14701915e-02  8.44605193e-02  8.77174139e-02  9.12729949e-02  9.51408595e-02
  9.93199572e-02  1.03796743e-01  1.08545840e-01  1.13529533e-01  1.18696555e-01
  1.23980515e-01  1.29298672e-01  1.34551987e-01  1.39627561e-01  1.44404352e-01
  1.48762196e-01  1.52592778e-01  1.55810490e-01  1.58360943e-01  1.60225660e-01
  1.61422297e-01  1.61999956e-01  1.62030935e-01  1.61600396e-01  1.60796613e-01
 -7.37962425e-02 -8.30457956e-02 -9.32331681e-02 -1.04859613e-01 -1.18109234e-01
 -1.24754824e-01 -1.25094712e-01 -1.22349016e-01 -1.17863663e-01 -1.13023341e-01
 -1.08003125e-01 -1.02955095e-01 -9.79016274e-02 -9.27535743e-02 -8.73830244e-02
 -8.16650465e-02 -7.54917562e-02 -6.87805414e-02 -6.14786223e-02 -5.35664223e-02
 -4.50630374e-02 -3.60185727e-02 -2.64899228e-02 -1.65210627e-02 -6.14095479e-03
  4.62330598e-03  1.57220755e-02  2.70463843e-02  3.83773372e-02  4.93407287e-02
  5.94382212e-02  6.82021528e-02  7.53250197e-02  8.06778744e-02  8.43204930e-02
  8.65141228e-02  8.77165496e-02  8.84415731e-02  8.90903473e-02  8.99114758e-02
  9.10389796e-02  9.25358683e-02  9.44237337e-02  9.66999680e-02  9.93473381e-02
  1.02338836e-01  1.05639964e-01  1.09209456e-01  1.12999201e-01  1.16953805e-01
  1.21010251e-01  1.25097975e-01  1.29139870e-01  1.33054405e-01  1.36759192e-01
  1.40175506e-01  1.43233553e-01  1.45877436e-01  1.48069143e-01  1.49790809e-01
  1.51044816e-01  1.51851863e-01  1.52247399e-01  1.52276978e-01  1.51991487e-01
 -6.99649081e-02 -7.95237646e-02 -9.03907120e-02 -1.03222825e-01 -1.19117916e-01
 -1.29455537e-01 -1.35564730e-01 -1.33767366e-01 -1.28963009e-01 -1.21175967e-01
 -1.13804393e-01 -1.07586272e-01 -1.02048427e-01 -9.66644436e-02 -9.10786688e-02
 -8.50865170e-02 -7.84713402e-02 -7.10949600e-02 -6.28933385e-02 -5.37738390e-02
 -4.37868722e-02 -3.31470072e-02 -2.20196694e-02 -1.04469489e-02  1.61603116e-03
  1.42600648e-02  2.75917221e-02  4.16965559e-02  5.65480813e-02  7.16847926e-02
  8.54643062e-02  9.63821560e-02  1.04485698e-01  1.09180264e-01  1.10901289e-01
  1.09428070e-01  1.06428742e-01  1.03590488e-01  1.01420522e-01  1.00004405e-01
  9.93115678e-02  9.92788598e-02  9.98367518e-02  1.00917742e-01  1.02458380e-01
  1.04398854e-01  1.06681719e-01  1.09250553e-01  1.12048648e-01  1.15018062e-01
  1.18099064e-01  1.21230088e-01  1.24348350e-01  1.27391130e-01  1.30297646e-01
  1.33011401e-01  1.35482758e-01  1.37671366e-01  1.39548004e-01  1.41095668e-01
  1.42309695e-01  1.43196881e-01  1.43773764e-01  1.44064441e-01  1.44097984e-01
 -6.40347451e-02 -7.27663189e-02 -8.24115574e-02 -9.31089893e-02 -1.04660891e-01
 -1.16343625e-01 -1.30281284e-01 -1.31830171e-01 -1.32350489e-01 -1.22717232e-01
 -1.14687316e-01 -1.09247588e-01 -1.05561905e-01 -1.01192385e-01 -9.55364406e-02
 -9.04445425e-02 -8.38275552e-02 -7.54923001e-02 -6.72649890e-02 -5.67105599e-02
 -4.39221114e-02 -3.10733039e-02 -1.82667896e-02 -5.28967148e-03  8.11909791e-03
  2.22528353e-02  3.74627337e-02  5.42102270e-02  7.31772110e-02  9.56631824e-02
  1.20226361e-01  1.28160328e-01  1.44177496e-01  1.41264990e-01  1.47367492e-01
  1.33438468e-01  1.23010084e-01  1.15874201e-01  1.10882141e-01  1.07454464e-01
  1.05226621e-01  1.03949703e-01  1.03444681e-01  1.03576779e-01  1.04239911e-01
  1.05346821e-01  1.06822625e-01  1.08600512e-01  1.10618852e-01  1.12819284e-01
  1.15145601e-01  1.17543198e-01  1.19959146e-01  1.22342683e-01  1.24646120e-01
  1.26825944e-01  1.28844112e-01  1.30669162e-01  1.32277116e-01  1.33652002e-01
  1.34785935e-01  1.35678589e-01  1.36336386e-01  1.36771321e-01  1.36999562e-01
 -5.64389117e-02 -6.37667701e-02 -7.15536326e-02 -7.97571614e-02 -8.82465467e-02
 -9.67921987e-02 -1.04871325e-01 -1.12186112e-01 -1.22590020e-01 -1.11252397e-01
 -1.06216066e-01 -1.03729226e-01 -1.04285911e-01 -1.01997629e-01 -9.51434970e-02
 -9.26714465e-02 -8.64713863e-02 -7.62398615e-02 -7.02645630e-02 -5.85417897e-02
 -4.22276370e-02 -2.78486274e-02 -1.42468568e-02 -7.84340722e-04  1.29874228e-02
  2.74677929e-02  4.30963598e-02  6.04398660e-02  8.03035945e-02  1.03792474e-01
  1.26998872e-01  1.37902960e-01  1.50870278e-01  1.50856555e-01  1.53097019e-01
  1.40949026e-01  1.29152760e-01  1.20783165e-01  1.14850447e-01  1.10665314e-01
  1.07781962e-01  1.05904564e-01  1.04827665e-01  1.04401104e-01  1.04509600e-01
  1.05060525e-01  1.05976462e-01  1.07190356e-01  1.08642384e-01  1.10277854e-01
  1.12045944e-01  1.13898940e-01  1.15791984e-01  1.17683150e-01  1.19533785e-01
  1.21309020e-01  1.22978330e-01  1.24516107e-01  1.25902057e-01  1.27121449e-01
  1.28165081e-01  1.29029080e-01  1.29714355e-01  1.30225986e-01  1.30572394e-01
  3.14407730e+00  3.25447941e+00  3.33121896e+00  3.39563680e+00  3.43158412e+00
  3.45216203e+00  3.45610261e+00  3.44982553e+00  3.43371987e+00  3.41196489e+00
  3.38495016e+00  3.35576653e+00  3.32416534e+00  3.29159260e+00  3.26015544e+00
  3.22802091e+00  3.19736981e+00  3.16784930e+00  3.14004183e+00  3.11398554e+00
  3.09035468e+00  3.06962967e+00  3.05138445e+00  3.03532076e+00  3.02249908e+00
  3.01189566e+00  3.00380874e+00  2.99790883e+00  2.99417424e+00  2.99283695e+00
  2.99327707e+00  2.99591208e+00  3.00045371e+00  3.00680137e+00  3.01536894e+00
  3.02579403e+00  3.03828692e+00  3.05285716e+00  3.06959796e+00  3.08861303e+00
  3.11015964e+00  3.13422942e+00  3.16103888e+00  3.19092369e+00  3.22399282e+00
  3.26066208e+00  3.30122662e+00  3.34592295e+00  3.39559197e+00  3.45036173e+00
  3.51086259e+00  3.57815742e+00  3.65236664e+00  3.73551035e+00  3.82756996e+00
  3.93149447e+00  4.04870653e+00  4.18371153e+00  4.33844185e+00  4.52075195e+00
  4.73877335e+00  5.00884676e+00  5.36505842e+00  5.93075085e+00  8.80026054e+00
   91   89
  1.04858267e+00  0.00000000e+00  1.05015922e+00  1.00000001e-01  1.05250001e+00
  1.51572064e-01  1.05931842e+00  2.50000000e-01  1.06837296e+00  3.49999994e-01
  1.07866967e+00  4.49999988e-01  1.08404994e+00  5.00000000e-01  1.09387624e+00
  6.00000024e-01  1.10343325e+00  6.99999988e-01  1.10882640e+00  7.50000000e-01
  1.11962426e+00  8.50000024e-01  1.13015354e+00  9.49999988e-01  1.13596821e+00
  1.00000000e+00  1.14468491e+00  1.09250295e+00  1.14831734e+00  1.13500595e+00
  1.21187496e+00  1.12220442e+00  1.26499999e+00  1.10862958e+00  1.29591048e+00
  1.10000002e+00  1.34468746e+00  1.08795047e+00  1.39781249e+00  1.07391918e+00
  1.45093751e+00  1.05826283e+00  1.47749996e+00  1.04972780e+00  1.53062499e+00
  1.03252947e+00  1.58375001e+00  1.01240182e+00  1.61259818e+00  1.00000000e+00
  1.66343749e+00  9.77537692e-01  1.71518195e+00  9.49999988e-01  1.74312496e+00
  9.34281707e-01  1.79550171e+00  8.99999976e-01  1.82281256e+00  8.80862474e-01
  1.86170983e+00  8.50000024e-01  1.90250003e+00  8.15587282e-01  1.92906249e+00
  7.91000605e-01  1.96990049e+00  7.50000000e-01  2.00874996e+00  7.07469702e-01
  2.03531241e+00  6.76102936e-01  2.06187510e+00  6.42089009e-01  2.09161162e+00
  6.00000024e-01  2.12365365e+00  5.50000012e-01  2.15191650e+00  5.00000000e-01
  2.17693973e+00  4.49999988e-01  2.19938827e+00  4.00000006e-01  2.22125006e+00
  3.47147018e-01  2.24781251e+00  2.73578286e-01  2.27108741e+00  2.00000003e-01
  2.28381133e+00  1.50000006e-01  2.30022097e+00  5.00000007e-02  2.30247450e+00
  0.00000000e+00  2.30093741e+00 -5.44620231e-02  2.28871703e+00 -1.50000006e-01
  2.27437496e+00 -2.08816245e-01  2.24781251e+00 -2.96901137e-01  2.22826266e+00
 -3.49999994e-01  2.20798373e+00 -4.00000006e-01  2.18523026e+00 -4.49999988e-01
  2.15933323e+00 -5.00000000e-01  2.12949228e+00 -5.50000012e-01  2.09489727e+00
 -6.00000024e-01  2.06187510e+00 -6.42315388e-01  2.03531241e+00 -6.72747910e-01
  2.00874996e+00 -7.00398862e-01  1.95562506e+00 -7.49959946e-01  1.92906249e+00
 -7.72440851e-01  1.89207351e+00 -8.00000012e-01  1.84937501e+00 -8.29435050e-01
  1.81384015e+00 -8.50000024e-01  1.76968753e+00 -8.73788416e-01  1.71656251e+00
 -8.96642387e-01  1.69000006e+00 -9.06526506e-01  1.63687503e+00 -9.23441291e-01
  1.58375001e+00 -9.35576200e-01  1.53062499e+00 -9.43102479e-01  1.47749996e+00
 -9.45829690e-01  1.42437506e+00 -9.42892194e-01  1.37125003e+00 -9.32294488e-01
  1.31812501e+00 -9.09822404e-01  1.29156256e+00 -8.92286062e-01  1.24734437e+00
 -8.50000024e-01  1.21187496e+00 -8.00726712e-01  1.18531251e+00 -7.50177324e-01
  1.16463780e+00 -6.99999988e-01  1.14718223e+00 -6.49999976e-01  1.13218749e+00
 -5.99956453e-01  1.10779214e+00 -5.00000000e-01  1.09706473e+00 -4.49999988e-01
  1.07906246e+00 -3.52240175e-01  1.07106137e+00 -3.00000012e-01  1.05924642e+00
 -2.00000003e-01  1.05250001e+00 -1.14091165e-01  1.04944062e+00 -5.00000007e-02
  1.04858267e+00  0.00000000e+00
  1.01600003e+00  0.00000000e+00  1.01600003e+00  9.63999987e-01  1.01800001e+00
  9.67999995e-01  1.01800001e+00  1.00100005e+00  1.01800001e+00  1.01900005e+00
  1.01800001e+00  1.07700002e+00  1.01800001e+00  1.07000005e+00  1.01800001e+00
  1.09599996e+00  1.01800001e+00  1.11300004e+00  1.01800001e+00  1.13800001e+00
  1.01600003e+00  1.14699996e+00  1.01199996e+00  1.16499996e+00  1.00100005e+00
  1.21700001e+00  1.02900004e+00  1.21700001e+00  1.04200006e+00  1.16240001e+00
  1.04600000e+00  1.16237998e+00  1.05599999e+00  1.16260004e+00  1.09700000e+00
  1.16450000e+00  1.10800004e+00  1.16594005e+00  1.11600006e+00  1.16591001e+00
  1.13399994e+00  1.16895998e+00  1.14800000e+00  1.17174995e+00  1.16199994e+00
  1.17556000e+00  1.18099999e+00  1.18299997e+00  1.18200004e+00  1.18350005e+00
  1.18499994e+00  1.18499994e+00  1.19000006e+00  1.18799996e+00  1.19500005e+00
  1.19099998e+00  1.20099998e+00  1.19599998e+00  1.20899999e+00  1.20200002e+00
  1.21500003e+00  1.20799994e+00  1.22200000e+00  1.21399999e+00  1.22800004e+00
  1.22099996e+00  1.23399997e+00  1.23099995e+00  1.23899996e+00  1.23800004e+00
  1.24199998e+00  1.24399996e+00  1.24800003e+00  1.25399995e+00  1.25800002e+00
  1.27800000e+00  1.26300001e+00  1.28999996e+00  1.27999997e+00  1.33099997e+00
  1.27999997e+00  1.34700000e+00  1.27999997e+00  1.34800005e+00  1.30999994e+00
  1.34800005e+00  1.32799995e+00  1.34800005e+00  1.36099994e+00  1.34800005e+00
  1.38000000e+00  1.34800005e+00  1.41900003e+00  1.34800005e+00  1.41900003e+00
  1.30999994e+00  1.37199998e+00  1.30999994e+00  1.37199998e+00  1.29200006e+00
  1.60800004e+00  1.09500003e+00  1.64699996e+00  1.07700002e+00  1.78499997e+00
  1.07700002e+00  2.06999993e+00  1.03999996e+00  2.12800002e+00  9.92999971e-01
  2.24499989e+00  7.08999991e-01  2.32299995e+00  5.18999994e-01  2.37700009e+00
  3.88999999e-01  2.35200000e+00  4.00000006e-01  2.35100007e+00  3.37000012e-01
  2.35100007e+00  2.04999998e-01  2.35400009e+00  6.80000037e-02  2.35400009e+00
  0.00000000e+00  2.35400009e+00 -6.80000037e-02  2.35299993e+00 -2.04999998e-01
  2.35100007e+00 -3.37000012e-01  2.35299993e+00 -4.00000006e-01  2.37700009e+00
 -3.88999999e-01  2.13400006e+00 -9.72999990e-01  1.78600001e+00 -1.17400002e+00
  1.76800001e+00 -1.21099997e+00  1.76800001e+00 -1.25399995e+00  1.68200004e+00
 -1.25399995e+00  1.67400002e+00 -1.26199996e+00  1.67400002e+00 -1.32900000e+00
  1.68099999e+00 -1.33899999e+00  1.75399995e+00 -1.33899999e+00  1.75399995e+00
 -1.36800003e+00  1.68900001e+00 -1.36800003e+00  1.68900001e+00 -1.36600006e+00
  1.55499995e+00 -1.36600006e+00  1.41199994e+00 -1.36600006e+00  1.27300000e+00
 -1.36600006e+00  1.15300000e+00 -1.36600006e+00  1.01600003e+00 -1.22899997e+00
  1.01600003e+00 -8.00000012e-01  1.01600003e+00 -4.14999992e-01  1.01600003e+00
 -4.00000006e-01  1.01600003e+00  0.00000000e+00
    0 0.000000000e+00    0
  0.00000000e+00  1.19940467e-01  1.70947596e-01  2.09260896e-01  2.43100598e-01
  2.73198545e-01  3.00257444e-01  3.25114459e-01  3.48082215e-01  3.69666725e-01
  3.89695257e-01  4.08812881e-01  4.26759392e-01  4.43842083e-01  4.60223466e-01
  4.75841194e-01  4.90725309e-01  5.05194843e-01  5.19092679e-01  5.32426000e-01
  5.45417905e-01  5.58029294e-01  5.70258141e-01  5.82161188e-01  5.93750417e-01
  6.05118215e-01  6.16248786e-01  6.27138913e-01  6.37796521e-01  6.48293018e-01
  6.58662617e-01  6.68838203e-01  6.78864598e-01  6.88778937e-01  6.98577523e-01
  7.08275855e-01  7.17864573e-01  7.27378011e-01  7.36832738e-01  7.46201456e-01
  7.55514085e-01  7.64784634e-01  7.74027884e-01  7.83253908e-01  7.92438984e-01
  8.01623762e-01  8.10819745e-01  8.20020199e-01  8.29274058e-01  8.38541806e-01
  8.47855926e-01  8.57266128e-01  8.66729319e-01  8.76337111e-01  8.86016846e-01
  8.95853341e-01  9.05863345e-01  9.16111052e-01  9.26555157e-01  9.37292337e-01
  9.48360443e-01  9.59915638e-01  9.72005367e-01  9.85012889e-01  1.00000000e+00
    0
