   EFIT?   05/12/98      #102940  1021             3  65  65
  1.70000005e+00  3.20000005e+00  1.69550002e+00  8.39999974e-01  0.00000000e+00
  1.76963603e+00  1.62905101e-02 -2.81348199e-01 -4.33004722e-02 -1.99886274e+00
  1.39106675e+06 -2.81348199e-01  0.00000000e+00  1.76963603e+00  0.00000000e+00
  1.62905101e-02  0.00000000e+00 -4.33004722e-02  0.00000000e+00  0.00000000e+00
 -3.42881227e+00 -3.43464994e+00 -3.43956733e+00 -3.44364667e+00 -3.44696283e+00
 -3.44958401e+00 -3.45157218e+00 -3.45298457e+00 -3.45387316e+00 -3.45428562e+00
 -3.45426679e+00 -3.45385766e+00 -3.45309663e+00 -3.45201945e+00 -3.45065999e+00
 -3.44905043e+00 -3.44722152e+00 -3.44520283e+00 -3.44302297e+00 -3.44071007e+00
 -3.43829155e+00 -3.43579412e+00 -3.43324208e+00 -3.43065763e+00 -3.42806077e+00
 -3.42546988e+00 -3.42290115e+00 -3.42036939e+00 -3.41788816e+00 -3.41546917e+00
 -3.41312337e+00 -3.41086006e+00 -3.40868759e+00 -3.40661335e+00 -3.40464377e+00
 -3.40278387e+00 -3.40103865e+00 -3.39941144e+00 -3.39790511e+00 -3.39652157e+00
 -3.39526200e+00 -3.39412665e+00 -3.39311528e+00 -3.39222646e+00 -3.39145827e+00
 -3.39080763e+00 -3.39027071e+00 -3.38984323e+00 -3.38951921e+00 -3.38929200e+00
 -3.38915420e+00 -3.38909721e+00 -3.38911057e+00 -3.38918352e+00 -3.38930321e+00
 -3.38945580e+00 -3.38962555e+00 -3.38979483e+00 -3.38994479e+00 -3.39005399e+00
 -3.39009881e+00 -3.39005303e+00 -3.38988829e+00 -3.38957286e+00 -3.38907170e+00
  6.18965742e+04  5.52107500e+04  4.92383633e+04  4.39274023e+04  3.92283945e+04
  3.50943242e+04  3.14805000e+04  2.83444902e+04  2.56460078e+04  2.33468223e+04
  2.14106836e+04  1.98032402e+04  1.84919609e+04  1.74460664e+04  1.66364570e+04
  1.60356562e+04  1.56177432e+04  1.53582998e+04  1.52343535e+04  1.52243340e+04
  1.53080156e+04  1.54664814e+04  1.56820781e+04  1.59383760e+04  1.62201357e+04
  1.65132734e+04  1.68048301e+04  1.70829414e+04  1.73368145e+04  1.75567031e+04
  1.77338848e+04  1.78606426e+04  1.79302520e+04  1.79369551e+04  1.78759609e+04
  1.77434316e+04  1.75364648e+04  1.72530996e+04  1.68923027e+04  1.64539746e+04
  1.59389414e+04  1.53489629e+04  1.46867305e+04  1.39558809e+04  1.31609951e+04
  1.23076172e+04  1.14022578e+04  1.04524160e+04  9.46659375e+03  8.45430957e+03
  7.42612598e+03  6.39367090e+03  5.36966064e+03  4.36793115e+03  3.40346509e+03
  2.49242871e+03  1.65220374e+03  9.01428101e+02  2.60035370e+02 -2.50700668e+02
 -6.08119568e+02 -7.88124268e+02 -7.65128357e+02 -5.11999451e+02  0.00000000e+00
  5.82608652e+00  4.94604063e+00  4.14185858e+00  3.40717387e+00  2.73623037e+00
  2.12383342e+00  1.56530237e+00  1.05643117e+00  5.93450010e-01  1.72993079e-01
 -2.07931653e-01 -5.51968396e-01 -8.61437023e-01 -1.13835323e+00 -1.38444638e+00
 -1.60117495e+00 -1.78973889e+00 -1.95109057e+00 -2.08594298e+00 -2.19477606e+00
 -2.27804780e+00 -2.33752084e+00 -2.37543488e+00 -2.39384246e+00 -2.39462495e+00
 -2.37950826e+00 -2.35007906e+00 -2.30779767e+00 -2.25401163e+00 -2.18996692e+00
 -2.11682010e+00 -2.03564644e+00 -1.94745195e+00 -1.85317981e+00 -1.75372040e+00
 -1.64991808e+00 -1.54257929e+00 -1.43247926e+00 -1.32036889e+00 -1.20698142e+00
 -1.09303904e+00 -9.79258597e-01 -8.66358876e-01 -7.55066156e-01 -6.46120846e-01
 -5.40284097e-01 -4.38344270e-01 -3.41124147e-01 -2.49487936e-01 -1.64348945e-01
 -8.66777003e-02 -1.75103415e-02  4.20421585e-02  9.07842740e-02  1.27425388e-01
  1.50568441e-01  1.58697680e-01  1.50165290e-01  1.23176865e-01  7.57757351e-02
  5.82564482e-03 -8.90079737e-02 -2.11278558e-01 -3.63780856e-01 -5.49575508e-01
 -1.89699850e+06 -1.69801888e+06 -1.51337562e+06 -1.34236750e+06 -1.18432300e+06
 -1.03859900e+06 -9.04579750e+05 -7.81675125e+05 -6.69319312e+05 -5.66969750e+05
 -4.74105906e+05 -3.90228062e+05 -3.14856281e+05 -2.47529234e+05 -1.87803344e+05
 -1.35251719e+05 -8.94632578e+04 -5.00416680e+04 -1.66046973e+04  1.12167744e+04
  3.37795195e+04  5.14287578e+04  6.44989102e+04  7.33143281e+04  7.81900312e+04
  7.94323516e+04  7.73396562e+04  7.22029844e+04  6.43066797e+04  5.39290195e+04
  4.13428281e+04  2.68160781e+04  1.06124785e+04 -7.00794629e+03 -2.57882891e+04
 -4.54741914e+04 -6.58132812e+04 -8.65546250e+04 -1.07448172e+05 -1.28244203e+05
 -1.48692797e+05 -1.68543250e+05 -1.87543562e+05 -2.05439859e+05 -2.21975828e+05
 -2.36892188e+05 -2.49926078e+05 -2.60810500e+05 -2.69273781e+05 -2.75038844e+05
 -2.77822719e+05 -2.77335969e+05 -2.73281781e+05 -2.65355719e+05 -2.53244656e+05
 -2.36626359e+05 -2.15168703e+05 -1.88528875e+05 -1.56352688e+05 -1.18273820e+05
 -7.39129375e+04 -2.28769238e+04  3.52420156e+04  1.00867242e+05  1.74438609e+05
  5.30217588e-03 -1.98336318e-03 -9.79919825e-03 -1.81089677e-02 -2.67578233e-02
 -3.54617015e-02 -4.35867459e-02 -5.08974418e-02 -5.96177615e-02 -4.71544489e-02
 -4.06399630e-02 -3.65695730e-02 -3.52746174e-02 -3.18931118e-02 -2.42321491e-02
 -2.04320736e-02 -1.37391556e-02 -3.15577537e-03  3.73714394e-03  1.52952606e-02
  3.13018449e-02  4.56552394e-02  5.94133809e-02  7.31759742e-02  8.73812139e-02
  1.02434151e-01  1.18791647e-01  1.37050182e-01  1.58066496e-01  1.82851151e-01
  2.06115454e-01  2.18701556e-01  2.30520964e-01  2.31395930e-01  2.31436640e-01
  2.18974844e-01  2.05397323e-01  1.95325762e-01  1.87831193e-01  1.82186529e-01
  1.77930504e-01  1.74761087e-01  1.72470003e-01  1.70904845e-01  1.69947699e-01
  1.69502899e-01  1.69489726e-01  1.69837892e-01  1.70484439e-01  1.71371788e-01
  1.72446325e-01  1.73657656e-01  1.74958289e-01  1.76303521e-01  1.77651867e-01
  1.78965494e-01  1.80210814e-01  1.81359068e-01  1.82386816e-01  1.83276236e-01
  1.84015244e-01  1.84597209e-01  1.85020551e-01  1.85288131e-01  1.85406402e-01
 -2.24307459e-03 -1.11685963e-02 -2.11181771e-02 -3.22415680e-02 -4.42753546e-02
 -5.64478226e-02 -7.12427124e-02 -7.13161007e-02 -7.06214905e-02 -5.89771569e-02
 -4.93697226e-02 -4.24073972e-02 -3.72127257e-02 -3.16645131e-02 -2.50842646e-02
 -1.89961307e-02 -1.16898613e-02 -2.86345812e-03  5.94463618e-03  1.67230759e-02
  2.95397136e-02  4.25440855e-02  5.56414127e-02  6.90479726e-02  8.30402076e-02
  9.79432687e-02  1.14163823e-01  1.32255256e-01  1.53034464e-01  1.77598312e-01
  2.01088995e-01  2.13046625e-01  2.25436226e-01  2.25858539e-01  2.26773873e-01
  2.14185640e-01  2.01104388e-01  1.91572666e-01  1.84585586e-01  1.79438353e-01
  1.75683334e-01  1.73022389e-01  1.71247229e-01  1.70205116e-01  1.69778436e-01
  1.69872090e-01  1.70405611e-01  1.71307981e-01  1.72514290e-01  1.73963428e-01
  1.75596759e-01  1.77357331e-01  1.79189757e-01  1.81040570e-01  1.82859018e-01
  1.84598207e-01  1.86216369e-01  1.87678114e-01  1.88955486e-01  1.90028623e-01
  1.90885946e-01  1.91523865e-01  1.91945881e-01  1.92161515e-01  1.92184851e-01
 -7.85077643e-03 -1.77303217e-02 -2.91001257e-02 -4.27065119e-02 -5.97434603e-02
 -6.96693808e-02 -7.56729543e-02 -7.25364611e-02 -6.64806664e-02 -5.71790896e-02
 -4.84879240e-02 -4.10482585e-02 -3.43851000e-02 -2.79894546e-02 -2.15066485e-02
 -1.47229368e-02 -7.42454734e-03  5.34176535e-04  9.23115015e-03  1.87652409e-02
  2.91179139e-02  4.01305370e-02  5.16852923e-02  6.37751147e-02  7.64767975e-02
  8.99187103e-02  1.04258932e-01  1.19660102e-01  1.36218384e-01  1.53596312e-01
  1.69352680e-01  1.80986777e-01  1.89529270e-01  1.93414122e-01  1.94020584e-01
  1.89952374e-01  1.84134260e-01  1.78975254e-01  1.74851298e-01  1.71733782e-01
  1.69523478e-01  1.68114364e-01  1.67409360e-01  1.67322993e-01  1.67779922e-01
  1.68712407e-01  1.70057744e-01  1.71755984e-01  1.73748046e-01  1.75974384e-01
  1.78373918e-01  1.80883735e-01  1.83439359e-01  1.85975716e-01  1.88428819e-01
  1.90738171e-01  1.92849398e-01  1.94716841e-01  1.96305871e-01  1.97594255e-01
  1.98572531e-01  1.99243426e-01  1.99620187e-01  1.99724257e-01  1.99582785e-01
 -1.09541174e-02 -2.04899404e-02 -3.11310105e-02 -4.34371121e-02 -5.74380122e-02
 -6.34700134e-02 -6.32180199e-02 -5.95070533e-02 -5.40700629e-02 -4.82660607e-02
 -4.22890373e-02 -3.63174677e-02 -3.03895194e-02 -2.44264342e-02 -1.83063876e-02
 -1.19066266e-02 -5.11836121e-03  2.14538025e-03  9.94562544e-03  1.83147993e-02
  2.72524338e-02  3.67318057e-02  4.67206538e-02  5.71982786e-02  6.81569800e-02
  7.95888007e-02  9.14591402e-02  1.03662468e-01  1.15951523e-01  1.27855808e-01
  1.38704315e-01  1.47872239e-01  1.54973254e-01  1.59842953e-01  1.62552282e-01
  1.63426369e-01  1.63082376e-01  1.62212551e-01  1.61319688e-01  1.60687611e-01
  1.60455331e-01  1.60680667e-01  1.61377922e-01  1.62537917e-01  1.64138332e-01
  1.66148663e-01  1.68532386e-01  1.71247393e-01  1.74245715e-01  1.77472770e-01
  1.80866629e-01  1.84357569e-01  1.87868536e-01  1.91316679e-01  1.94616407e-01
  1.97683930e-01  2.00442657e-01  2.02828825e-01  2.04796270e-01  2.06319377e-01
  2.07393959e-01  2.08035663e-01  2.08276346e-01  2.08159357e-01  2.07734287e-01
 -1.24944765e-02 -2.07206681e-02 -2.88685095e-02 -3.68761271e-02 -4.40211296e-02
 -4.74547110e-02 -4.73928116e-02 -4.57410328e-02 -4.29676101e-02 -3.93938199e-02
 -3.52768041e-02 -3.07832696e-02 -2.60011591e-02 -2.09567957e-02 -1.56356990e-02
 -1.00021595e-02 -4.01393604e-03  2.36782315e-03  9.17224120e-03  1.64150633e-02
  2.40975004e-02  3.22077312e-02  4.07239944e-02  4.96164709e-02  5.88450767e-02
  6.83518201e-02  7.80478716e-02  8.77973884e-02  9.74037722e-02  1.06610350e-01
  1.15128763e-01  1.22692518e-01  1.29110351e-01  1.34299561e-01  1.38299912e-01
  1.41270101e-01  1.43460482e-01  1.45159394e-01  1.46635100e-01  1.48101583e-01
  1.49712399e-01  1.51569679e-01  1.53736800e-01  1.56249329e-01  1.59122884e-01
  1.62358150e-01  1.65943652e-01  1.69856787e-01  1.74063548e-01  1.78517297e-01
  1.83156922e-01  1.87904909e-01  1.92666233e-01  1.97329357e-01  2.01770574e-01
  2.05862492e-01  2.09485590e-01  2.12540761e-01  2.14959636e-01  2.16711268e-01
  2.17803583e-01  2.18279570e-01  2.18208760e-01  2.17675999e-01  2.16770470e-01
 -1.50483008e-02 -2.23116223e-02 -2.76254304e-02 -3.14631201e-02 -3.43002453e-02
 -3.60061675e-02 -3.64678428e-02 -3.58150825e-02 -3.42549011e-02 -3.19727100e-02
 -2.91169845e-02 -2.57979129e-02 -2.20888611e-02 -1.80312172e-02 -1.36416927e-02
 -8.92050378e-03 -3.85902915e-03  1.55381812e-03  7.32677523e-03  1.34629086e-02
  1.99576132e-02  2.67975796e-02  3.39601599e-02  4.14123125e-02  4.91084978e-02
  5.69872856e-02  6.49673566e-02  7.29443580e-02  8.07912424e-02  8.83647278e-02
  9.55192223e-02  1.02126241e-01  1.08094133e-01  1.13383085e-01  1.18011944e-01
  1.22055493e-01  1.25632405e-01  1.28886372e-01  1.31965801e-01  1.35007694e-01
  1.38128579e-01  1.41421720e-01  1.44958302e-01  1.48790345e-01  1.52953774e-01
  1.57470852e-01  1.62351519e-01  1.67593598e-01  1.73181459e-01  1.79083154e-01
  1.85245723e-01  1.91588834e-01  1.97997451e-01  2.04316571e-01  2.10353032e-01
  2.15891093e-01  2.20720932e-01  2.24669561e-01  2.27623627e-01  2.29542375e-01
  2.30461612e-01  2.30486304e-01  2.29768470e-01  2.28476882e-01  2.26771101e-01
 -2.18001921e-02 -3.15745436e-02 -3.00069191e-02 -2.88403183e-02 -2.91770827e-02
 -2.95218006e-02 -2.94848680e-02 -2.89388224e-02 -2.78663598e-02 -2.62978375e-02
 -2.42789630e-02 -2.18545217e-02 -1.90608855e-02 -1.59235448e-02 -1.24576455e-02
 -8.67022946e-03 -4.56319842e-03 -1.36377785e-04  4.60973289e-03  9.67168622e-03
  1.50413280e-02  2.07044426e-02  2.66396310e-02  3.28172483e-02  3.91982831e-02
  4.57333066e-02  5.23618907e-02  5.90131022e-02  6.56078756e-02  7.20637739e-02
  7.83020258e-02  8.42560679e-02  8.98798257e-02  9.51541066e-02  1.00089587e-01
  1.04725853e-01  1.09126598e-01  1.13372162e-01  1.17551111e-01  1.21752568e-01
  1.26060501e-01  1.30550399e-01  1.35287806e-01  1.40328437e-01  1.45718768e-01
  1.51496872e-01  1.57692954e-01  1.64328948e-01  1.71416998e-01  1.78955615e-01
  1.86922535e-01  1.95262209e-01  2.03864798e-01  2.12534487e-01  2.20954850e-01
  2.28700146e-01  2.35343546e-01  2.40561858e-01  2.44158342e-01  2.46066079e-01
  2.46369645e-01  2.45325282e-01  2.43300781e-01  2.40649477e-01  2.37645879e-01
 -1.48402425e-02 -2.08766460e-02 -2.38139015e-02 -2.46677473e-02 -2.47911084e-02
 -2.46888064e-02 -2.44103819e-02 -2.39058789e-02 -2.31291093e-02 -2.20544301e-02
 -2.06727292e-02 -1.89844202e-02 -1.69938467e-02 -1.47057539e-02 -1.21236211e-02
 -9.24930442e-03 -6.08357461e-03 -2.62711919e-03  1.11825729e-03  5.14844153e-03
  9.45592765e-03  1.40288882e-02  1.88503955e-02  2.38978099e-02  2.91423816e-02
  3.45491506e-02  4.00773473e-02  4.56815213e-02  5.13135493e-02  5.69256283e-02
  6.24740273e-02  6.79232255e-02  7.32497796e-02  7.84452558e-02  8.35177004e-02
  8.84914249e-02  9.34050977e-02  9.83086303e-02  1.03259496e-01  1.08319081e-01
  1.13549583e-01  1.19011924e-01  1.24764517e-01  1.30862921e-01  1.37360185e-01
  1.44307584e-01  1.51755556e-01  1.59754634e-01  1.68355867e-01  1.77610338e-01
  1.87566176e-01  1.98260158e-01  2.09697291e-01  2.21805096e-01  2.34305218e-01
  2.45905682e-01  2.55434573e-01  2.62541324e-01  2.66977042e-01  2.68574685e-01
  2.67239869e-01  2.63497204e-01  2.58831888e-01  2.53846765e-01  2.48875767e-01
 -1.73828043e-02 -2.59270780e-02 -2.37802919e-02 -2.14835331e-02 -2.07681023e-02
 -2.04085186e-02 -2.01291833e-02 -1.98129807e-02 -1.93877742e-02 -1.88036896e-02
 -1.80261675e-02 -1.70317274e-02 -1.58045031e-02 -1.43335452e-02 -1.26109626e-02
 -1.06308181e-02 -8.38867296e-03 -5.88158146e-03 -3.10837897e-03 -7.01254394e-05
  3.22940014e-03  6.78323302e-03  1.05808396e-02  1.46078691e-02  1.88461002e-02
  2.32736506e-02  2.78655197e-02  3.25945579e-02  3.74328457e-02  4.23535183e-02
  4.73328531e-02  5.23524284e-02  5.74011207e-02  6.24766201e-02  6.75862804e-02
  7.27472007e-02  7.79855400e-02  8.33352879e-02  8.88366252e-02  9.45343599e-02
  1.00476459e-01  1.06713064e-01  1.13296069e-01  1.20279260e-01  1.27719104e-01
  1.35676220e-01  1.44217610e-01  1.53419852e-01  1.63373411e-01  1.74189016e-01
  1.86006904e-01  1.99011132e-01  2.13452518e-01  2.29675576e-01  2.47957721e-01
  2.66128123e-01  2.78491050e-01  2.88895696e-01  2.94325620e-01  2.95542479e-01
  2.93238163e-01  2.84312785e-01  2.74989933e-01  2.66597509e-01  2.59118110e-01
 -7.81244598e-03 -1.32894181e-02 -1.56507287e-02 -1.60616003e-02 -1.59842744e-02
 -1.59437656e-02 -1.60007570e-02 -1.61035433e-02 -1.61871798e-02 -1.61954444e-02
 -1.60839129e-02 -1.58185493e-02 -1.53734591e-02 -1.47287874e-02 -1.38690677e-02
 -1.27820391e-02 -1.14579117e-02 -9.88898333e-03 -8.06952082e-03 -5.99582540e-03
 -3.66638834e-03 -1.08207273e-03  1.75373617e-03  4.83506639e-03  8.15341901e-03
  1.16979992e-02  1.54561466e-02  1.94139984e-02  2.35573705e-02  2.78728362e-02
  3.23489308e-02  3.69773656e-02  4.17541489e-02  4.66804877e-02  5.17633781e-02
  5.70158176e-02  6.24566935e-02  6.81103617e-02  7.40060881e-02  8.01774710e-02
  8.66619200e-02  9.35004875e-02  1.00737981e-01  1.08423620e-01  1.16612211e-01
  1.25366196e-01  1.34758621e-01  1.44877553e-01  1.55832589e-01  1.67764679e-01
  1.80861384e-01  1.95381656e-01  2.11697996e-01  2.30366662e-01  2.52130866e-01
  2.75520623e-01  2.91739643e-01  3.04571807e-01  3.12243104e-01  3.13659191e-01
  3.11859161e-01  3.00768465e-01  2.87409455e-01  2.75794089e-01  2.66085297e-01
 -5.49274916e-03 -1.25180632e-02 -1.21719912e-02 -1.07299211e-02 -1.06322626e-02
 -1.10575566e-02 -1.17225936e-02 -1.24911396e-02 -1.32782832e-02 -1.40240705e-02
 -1.46836182e-02 -1.52221937e-02 -1.56122269e-02 -1.58313122e-02 -1.58607997e-02
 -1.56848133e-02 -1.52895963e-02 -1.46631151e-02 -1.37948776e-02 -1.26759075e-02
 -1.12988241e-02 -9.65794083e-03 -7.74934003e-03 -5.57090621e-03 -3.12229549e-03
 -4.04811144e-04  2.57883547e-03  5.82488952e-03  9.32904612e-03  1.30870584e-02
  1.70954242e-02  2.13521067e-02  2.58572381e-02  3.06137409e-02  3.56278121e-02
  4.09092121e-02  4.64714244e-02  5.23316227e-02  5.85106313e-02  6.50328323e-02
  7.19261691e-02  7.92222843e-02  8.69569629e-02  9.51708183e-02  1.03910498e-01
  1.13230430e-01  1.23195343e-01  1.33883849e-01  1.45393401e-01  1.57847226e-01
  1.71403825e-01  1.86269298e-01  2.02711910e-01  2.21076980e-01  2.41824180e-01
  2.65628189e-01  2.87558615e-01  2.99324661e-01  3.11360866e-01  3.12764883e-01
  3.12642395e-01  3.05616230e-01  2.90915608e-01  2.77835041e-01  2.67265499e-01
  6.69513782e-03  1.70460891e-03 -9.65839310e-04 -2.46146857e-03 -3.91820399e-03
 -5.51949302e-03 -7.20753241e-03 -8.91923718e-03 -1.06073543e-02 -1.22356592e-02
 -1.37747135e-02 -1.51994862e-02 -1.64880082e-02 -1.76205039e-02 -1.85787864e-02
 -1.93457995e-02 -1.99052896e-02 -2.02416033e-02 -2.03396212e-02 -2.01848596e-02
 -1.97637826e-02 -1.90639440e-02 -1.80740748e-02 -1.67841595e-02 -1.51855219e-02
 -1.32708820e-02 -1.10343629e-02 -8.47141352e-03 -5.57864830e-03 -2.35358928e-03
  1.20568217e-03  5.10095665e-03  9.33440216e-03  1.39091099e-02  1.88296121e-02
  2.41022184e-02  2.97352597e-02  3.57392617e-02  4.21271361e-02  4.89143245e-02
  5.61189875e-02  6.37622252e-02  7.18684644e-02  8.04659203e-02  8.95873159e-02
  9.92708057e-02  1.09561123e-01  1.20511048e-01  1.32183015e-01  1.44650877e-01
  1.58001199e-01  1.72333688e-01  1.87759727e-01  2.04399228e-01  2.22387567e-01
  2.42017612e-01  2.64817446e-01  2.78123885e-01  2.86462516e-01  2.96256542e-01
  2.92030901e-01  2.94599175e-01  2.81605810e-01  2.69692838e-01  2.60982066e-01
  1.85062084e-02  1.44410497e-02  1.03858886e-02  6.61453884e-03  3.23640625e-03
  1.33627793e-04 -2.79640569e-03 -5.60413254e-03 -8.30791797e-03 -1.09097017e-02
 -1.34030906e-02 -1.57772824e-02 -1.80189777e-02 -2.01133005e-02 -2.20442377e-02
 -2.37947982e-02 -2.53470186e-02 -2.66818907e-02 -2.77793501e-02 -2.86183730e-02
 -2.91787907e-02 -2.94411778e-02 -2.93867048e-02 -2.89972369e-02 -2.82556377e-02
 -2.71461122e-02 -2.56545432e-02 -2.37687398e-02 -2.14786176e-02 -1.87762622e-02
 -1.56559013e-02 -1.21137099e-02 -8.14739708e-03 -3.75543907e-03  1.06392195e-03
  6.31286018e-03  1.19940406e-02  1.81108974e-02  2.46680416e-02  3.16715352e-02
  3.91290784e-02  4.70501669e-02  5.54462783e-02  6.43309951e-02  7.37200901e-02
  8.36314932e-02  9.40850899e-02  1.05102129e-01  1.16703965e-01  1.28909707e-01
  1.41731828e-01  1.55168399e-01  1.69189245e-01  1.83710843e-01  1.98545069e-01
  2.13280201e-01  2.27057412e-01  2.38701969e-01  2.47694314e-01  2.53886580e-01
  2.57157773e-01  2.57765949e-01  2.55913287e-01  2.52526760e-01  2.48734012e-01
  2.77455878e-02  2.42514312e-02  1.89617574e-02  1.37800621e-02  9.20107495e-03
  4.96251695e-03  9.51808179e-04 -2.89088488e-03 -6.59826864e-03 -1.01862494e-02
 -1.36597911e-02 -1.70165282e-02 -2.02489849e-02 -2.33458895e-02 -2.62929350e-02
 -2.90732067e-02 -3.16673219e-02 -3.40529345e-02 -3.62046733e-02 -3.80886011e-02
 -3.96783724e-02 -4.09482047e-02 -4.18714024e-02 -4.24207561e-02 -4.25695032e-02
 -4.22922894e-02 -4.15659770e-02 -4.03702781e-02 -3.86882871e-02 -3.65069211e-02
 -3.38173285e-02 -3.06152515e-02 -2.69010123e-02 -2.26782132e-02 -1.79484580e-02
 -1.27139175e-02 -6.97850529e-03 -7.47246493e-04  5.97532652e-03  1.31853502e-02
  2.08795331e-02  2.90552899e-02  3.77107486e-02  4.68445905e-02  5.64556941e-02
  6.65424466e-02  7.71016479e-02  8.81268010e-02  9.96055454e-02  1.11515850e-01
  1.23820268e-01  1.36457458e-01  1.49329916e-01  1.62286609e-01  1.75101429e-01
  1.87455520e-01  1.98949799e-01  2.09177032e-01  2.17820078e-01  2.24695429e-01
  2.29754791e-01  2.33084708e-01  2.34903932e-01  2.35547617e-01  2.35389635e-01
  3.25440802e-02  2.86444314e-02  2.39358898e-02  1.88044999e-02  1.36624249e-02
  8.64698458e-03  3.77076073e-03 -9.81213059e-04 -5.62422629e-03 -1.01680113e-02
 -1.46162650e-02 -1.89673454e-02 -2.32150052e-02 -2.73488928e-02 -3.13548893e-02
 -3.52156200e-02 -3.89119498e-02 -4.24182750e-02 -4.57232445e-02 -4.87228073e-02
 -5.14096916e-02 -5.37570901e-02 -5.57289533e-02 -5.72857000e-02 -5.83876409e-02
 -5.89971505e-02 -5.90799749e-02 -5.86061366e-02 -5.75505644e-02 -5.58937602e-02
 -5.36228158e-02 -5.07332943e-02 -4.72329520e-02 -4.31492180e-02 -3.84778753e-02
 -3.32213007e-02 -2.73922514e-02 -2.10098717e-02 -1.40883988e-02 -6.64120773e-03
  1.31697580e-03  9.77149047e-03  1.87076870e-02  2.81105358e-02  3.79643142e-02
  4.82515208e-02  5.89514300e-02  7.00381771e-02  8.14782381e-02  9.32271332e-02
  1.05225228e-01  1.17392570e-01  1.29623085e-01  1.41779065e-01  1.53688237e-01
  1.65147394e-01  1.75936416e-01  1.85842916e-01  1.94690406e-01  2.02360049e-01
  2.08802268e-01  2.14038923e-01  2.18156800e-01  2.21291065e-01  2.23599851e-01
  3.89208384e-02  3.54322270e-02  2.91306600e-02  2.28919592e-02  1.70561876e-02
  1.13425329e-02  5.70136309e-03  1.20258446e-04 -5.40480949e-03 -1.08746421e-02
 -1.62875708e-02 -2.16393713e-02 -2.69228742e-02 -3.21272276e-02 -3.72364931e-02
 -4.22274098e-02 -4.70976308e-02 -5.17451502e-02 -5.61695024e-02 -6.03325516e-02
 -6.41891211e-02 -6.76880255e-02 -7.07753003e-02 -7.33972937e-02 -7.55031109e-02
 -7.70462826e-02 -7.79857188e-02 -7.82861635e-02 -7.79183730e-02 -7.68591166e-02
 -7.50912800e-02 -7.26040378e-02 -6.93931133e-02 -6.54604509e-02 -6.08111694e-02
 -5.54607846e-02 -4.94453683e-02 -4.28381898e-02 -3.56486551e-02 -2.78917868e-02
 -1.95987541e-02 -1.07961018e-02 -1.50986994e-03  8.23222566e-03  1.84036158e-02
  2.89757848e-02  3.99169624e-02  5.11904247e-02  6.27525821e-02  7.45508373e-02
  8.65212232e-02  9.85860452e-02  1.10651888e-01  1.22608781e-01  1.34331360e-01
  1.45683095e-01  1.56523898e-01  1.66720495e-01  1.76157534e-01  1.84747040e-01
  1.92434430e-01  1.99200317e-01  2.05057845e-01  2.10046351e-01  2.14222506e-01
  4.10637558e-02  3.69318463e-02  3.17221731e-02  2.57949959e-02  1.95783060e-02
  1.32590868e-02  6.89742621e-03  5.16640779e-04 -5.87060349e-03 -1.22557562e-02
 -1.86322425e-02 -2.49943398e-02 -3.13363113e-02 -3.76513414e-02 -4.39292043e-02
 -5.00412434e-02 -5.60230613e-02 -6.18516617e-02 -6.74840435e-02 -7.28610829e-02
 -7.79154375e-02 -8.25770199e-02 -8.67770687e-02 -9.04511362e-02 -9.35409591e-02
 -9.59954783e-02 -9.77711901e-02 -9.88319218e-02 -9.91483852e-02 -9.86975282e-02
 -9.74618569e-02 -9.54288840e-02 -9.25905630e-02 -8.89429972e-02 -8.44865143e-02
 -7.92275295e-02 -7.31811747e-02 -6.63734525e-02 -5.88388890e-02 -5.06401472e-02
 -4.18986008e-02 -3.26379463e-02 -2.28878632e-02 -1.26987491e-02 -2.09702970e-03
  8.88224691e-03  2.02021692e-02  3.18217203e-02  4.36946750e-02  5.57685681e-02
  6.79835975e-02  8.02716762e-02  9.25558656e-02  1.04750581e-01  1.16762795e-01
  1.28494471e-01  1.39846161e-01  1.50721371e-01  1.61030948e-01  1.70696899e-01
  1.79654926e-01  1.87855572e-01  1.95263967e-01  2.01858982e-01  2.07631886e-01
  4.65379916e-02  4.27543260e-02  3.57744768e-02  2.86608450e-02  2.17130613e-02
  1.46791469e-02  7.54965283e-03  3.44409229e-04 -6.91841543e-03 -1.42262820e-02
 -2.15713400e-02 -2.89492998e-02 -3.63594778e-02 -4.38071378e-02 -5.11438847e-02
 -5.84071502e-02 -6.55881315e-02 -7.26416335e-02 -7.94995576e-02 -8.60810131e-02
 -9.23004523e-02 -9.80737656e-02 -1.03322454e-01 -1.07976198e-01 -1.11974075e-01
 -1.15264863e-01 -1.17806584e-01 -1.19565681e-01 -1.20515950e-01 -1.20637387e-01
 -1.19915165e-01 -1.18338652e-01 -1.15900621e-01 -1.12596668e-01 -1.08424954e-01
 -1.03386462e-01 -9.74857137e-02 -9.07321647e-02 -8.31425935e-02 -7.47468472e-02
 -6.55940175e-02 -5.57524227e-02 -4.53446954e-02 -3.46021093e-02 -2.34350245e-02
 -1.19091198e-02 -5.85662638e-05  1.20752202e-02  2.44469699e-02  3.70082110e-02
  4.97067869e-02  6.24862984e-02  7.52857700e-02  8.80397111e-02  1.00678548e-01
  1.13129459e-01  1.25317439e-01  1.37166247e-01  1.48599282e-01  1.59539774e-01
  1.69910654e-01  1.79634333e-01  1.88632965e-01  1.96830422e-01  2.04156399e-01
  4.84601744e-02  4.40509953e-02  3.81399952e-02  3.11409328e-02  2.35877372e-02
  1.57636460e-02  7.78591260e-03 -2.97266612e-04 -8.46517365e-03 -1.67086050e-02
 -2.50232648e-02 -3.34063433e-02 -4.18540612e-02 -5.03595583e-02 -5.88255562e-02
 -6.72704726e-02 -7.56578520e-02 -8.39160755e-02 -9.19536054e-02 -9.96707156e-02
 -1.06968112e-01 -1.13752849e-01 -1.19942002e-01 -1.25464380e-01 -1.30260900e-01
 -1.34284005e-01 -1.37496427e-01 -1.39869675e-01 -1.41382471e-01 -1.42019257e-01
 -1.41768888e-01 -1.40623629e-01 -1.38578326e-01 -1.35629863e-01 -1.31776705e-01
 -1.27018750e-01 -1.21357247e-01 -1.14795111e-01 -1.07337952e-01 -9.89964232e-02
 -8.97902772e-02 -7.97549635e-02 -6.89541250e-02 -5.74926026e-02 -4.55166996e-02
 -3.33150141e-02 -2.07809526e-02 -7.96848722e-03  5.07576996e-03  1.83090847e-02
  3.16889845e-02  4.51718904e-02  5.87125756e-02  7.22638890e-02  8.57765898e-02
  9.91990417e-02  1.12476610e-01  1.25550464e-01  1.38355538e-01  1.50817409e-01
  1.62848309e-01  1.74342677e-01  1.85174167e-01  1.95197091e-01  2.04255760e-01
  5.46010137e-02  5.05949408e-02  4.31939512e-02  3.43657769e-02  2.54544988e-02
  1.65494308e-02  7.60758435e-03 -1.39848399e-03 -1.04852188e-02 -1.96644217e-02
 -2.89454814e-02 -3.83349247e-02 -4.78328355e-02 -5.73452562e-02 -6.69094399e-02
 -7.64966756e-02 -8.60331133e-02 -9.54176188e-02 -1.04536474e-01 -1.13274641e-01
 -1.21523716e-01 -1.29186973e-01 -1.36181831e-01 -1.42440677e-01 -1.47910103e-01
 -1.52549431e-01 -1.56328678e-01 -1.59226373e-01 -1.61227375e-01 -1.62321046e-01
 -1.62499800e-01 -1.61757991e-01 -1.60091490e-01 -1.57497302e-01 -1.53973654e-01
 -1.49519935e-01 -1.44136637e-01 -1.37825221e-01 -1.30587995e-01 -1.22428440e-01
 -1.13352507e-01 -1.03371933e-01 -9.25107598e-02 -8.08157697e-02 -6.83722273e-02
 -5.53296395e-02 -4.19146307e-02 -2.82545034e-02 -1.43844932e-02 -3.28596187e-04
  1.38852950e-02  2.82283742e-02  4.26719524e-02  5.71877100e-02  7.17474744e-02
  8.63225758e-02  1.00882553e-01  1.15392752e-01  1.29810393e-01  1.44078210e-01
  1.58114776e-01  1.71800748e-01  1.84961274e-01  1.97350278e-01  2.08655134e-01
  5.88753968e-02  5.51189668e-02  4.64749336e-02  3.63464467e-02  2.64418777e-02
  1.66346654e-02  6.82572694e-03 -3.03803920e-03 -1.29917301e-02 -2.30629779e-02
 -3.32773589e-02 -4.36633825e-02 -5.40737286e-02 -6.45934194e-02 -7.52170756e-02
 -8.58772397e-02 -9.64676440e-02 -1.06862232e-01 -1.16929963e-01 -1.26545563e-01
 -1.35596424e-01 -1.43986538e-01 -1.51637837e-01 -1.58489913e-01 -1.64498329e-01
 -1.69632271e-01 -1.73871562e-01 -1.77203760e-01 -1.79621220e-01 -1.81118801e-01
 -1.81692034e-01 -1.81336150e-01 -1.80045724e-01 -1.77815065e-01 -1.74638867e-01
 -1.70513064e-01 -1.65435508e-01 -1.59406126e-01 -1.52426645e-01 -1.44499779e-01
 -1.35628447e-01 -1.25815749e-01 -1.15066618e-01 -1.03392936e-01 -9.08234268e-02
 -7.74200708e-02 -6.33002743e-02 -4.86652367e-02 -3.38833779e-02 -1.89061053e-02
 -3.75739951e-03  1.15449745e-02  2.69879382e-02  4.25625332e-02  5.82636520e-02
  7.40897357e-02  9.00420323e-02  1.06122963e-01  1.22332886e-01  1.38663918e-01
  1.55088499e-01  1.71538264e-01  1.87864795e-01  2.03758270e-01  2.18562186e-01
  5.87469041e-02  5.42700402e-02  4.63507287e-02  3.65401357e-02  2.62465663e-02
  1.58301573e-02  5.33524668e-03 -5.25550637e-03 -1.59696117e-02 -2.68342476e-02
 -3.78745645e-02 -4.91140038e-02 -6.04522415e-02 -7.19467029e-02 -8.35594758e-02
 -9.51921269e-02 -1.06712706e-01 -1.17976353e-01 -1.28840297e-01 -1.39173895e-01
 -1.48864597e-01 -1.57820746e-01 -1.65972084e-01 -1.73268482e-01 -1.79677516e-01
 -1.85181066e-01 -1.89771563e-01 -1.93447873e-01 -1.96211681e-01 -1.98064312e-01
 -1.99004471e-01 -1.99027240e-01 -1.98123828e-01 -1.96282610e-01 -1.93490639e-01
 -1.89735606e-01 -1.85007796e-01 -1.79301485e-01 -1.72615394e-01 -1.64952070e-01
 -1.56316206e-01 -1.46712258e-01 -1.36142671e-01 -1.24607749e-01 -1.12109512e-01
 -9.86616910e-02 -8.43085647e-02 -6.91554025e-02 -5.34115322e-02 -3.74276154e-02
 -2.12817062e-02 -4.97491006e-03  1.14974249e-02  2.81465985e-02  4.49915677e-02
  6.20600916e-02  7.93900788e-02  9.70310271e-02  1.15045384e-01  1.33509561e-01
  1.52513728e-01  1.72158062e-01  1.92535579e-01  2.13657722e-01  2.34679386e-01
  6.17726259e-02  5.79741821e-02  4.77334447e-02  3.62461582e-02  2.52276100e-02
  1.42504880e-02  3.18873744e-03 -8.00823048e-03 -1.93733908e-02 -3.09336036e-02
 -4.27107625e-02 -5.47184758e-02 -6.69023320e-02 -7.92762339e-02 -9.17646587e-02
 -1.04238786e-01 -1.16544172e-01 -1.28521234e-01 -1.40019417e-01 -1.50906220e-01
 -1.61072105e-01 -1.70432493e-01 -1.78927481e-01 -1.86520010e-01 -1.93192482e-01
 -1.98942438e-01 -2.03777596e-01 -2.07710534e-01 -2.10753769e-01 -2.12915882e-01
 -2.14198813e-01 -2.14596659e-01 -2.14095950e-01 -2.12677136e-01 -2.10316688e-01
 -2.06990004e-01 -2.02674687e-01 -1.97353467e-01 -1.91016391e-01 -1.83661476e-01
 -1.75293714e-01 -1.65922105e-01 -1.55555397e-01 -1.44198060e-01 -1.31848305e-01
 -1.18500821e-01 -1.04157165e-01 -8.88472274e-02 -7.26642758e-02 -5.58131710e-02
 -3.86667103e-02 -2.13722419e-02 -3.91027285e-03  1.37474928e-02  3.16402279e-02
  4.98205610e-02  6.83581904e-02  8.73448476e-02  1.06901266e-01  1.27187222e-01
  1.48416996e-01  1.70886219e-01  1.95033133e-01  2.21690178e-01  2.54645854e-01
  5.79024553e-02  5.28330468e-02  4.45391759e-02  3.42471488e-02  2.32440718e-02
  1.19661652e-02  4.90212813e-04 -1.11922240e-02 -2.31057815e-02 -3.52778286e-02
 -4.77390140e-02 -6.03911020e-02 -7.33035803e-02 -8.64331573e-02 -9.96625870e-02
 -1.12833180e-01 -1.25770479e-01 -1.38303131e-01 -1.50275543e-01 -1.61555693e-01
 -1.72039211e-01 -1.81650683e-01 -1.90343037e-01 -1.98094860e-01 -2.04906330e-01
 -2.10793570e-01 -2.15782285e-01 -2.19900504e-01 -2.23171473e-01 -2.25609362e-01
 -2.27217257e-01 -2.27986649e-01 -2.27898270e-01 -2.26923943e-01 -2.25029364e-01
 -2.22177476e-01 -2.18332082e-01 -2.13461220e-01 -2.07540333e-01 -2.00555563e-01
 -1.92506075e-01 -1.83401763e-01 -1.73258856e-01 -1.62093148e-01 -1.49913400e-01
 -1.36717319e-01 -1.22493409e-01 -1.07232489e-01 -9.09528881e-02 -7.37428665e-02
 -5.58212399e-02 -3.76084186e-02 -1.92556884e-02 -7.24517391e-04  1.80360861e-02
  3.70918922e-02  5.65281920e-02  7.64565319e-02  9.70240086e-02  1.18426315e-01
  1.40925840e-01  1.64875627e-01  1.90747440e-01  2.19176352e-01  2.51223713e-01
  6.08681701e-02  5.68621419e-02  4.47666720e-02  3.23800668e-02  2.08101831e-02
  9.22098290e-03 -2.57450854e-03 -1.46368872e-02 -2.69954633e-02 -3.96687277e-02
 -5.26641458e-02 -6.59216866e-02 -7.94761330e-02 -9.32475328e-02 -1.07087500e-01
 -1.20814092e-01 -1.34237513e-01 -1.47177979e-01 -1.59477398e-01 -1.71006247e-01
 -1.81667209e-01 -1.91396251e-01 -2.00161561e-01 -2.07960382e-01 -2.14813933e-01
 -2.20760211e-01 -2.25842804e-01 -2.30101615e-01 -2.33567163e-01 -2.36257210e-01
 -2.38175109e-01 -2.39309534e-01 -2.39635348e-01 -2.39115581e-01 -2.37704515e-01
 -2.35351712e-01 -2.32006550e-01 -2.27622941e-01 -2.22163305e-01 -2.15601474e-01
 -2.07924336e-01 -1.99133739e-01 -1.89247161e-01 -1.78290740e-01 -1.66289404e-01
 -1.53257221e-01 -1.39191538e-01 -1.24074914e-01 -1.07889511e-01 -9.06484276e-02
 -7.24486411e-02 -5.35456166e-02 -3.44381742e-02 -1.52108213e-02  4.19200258e-03
  2.38337126e-02  4.37932014e-02  6.41714036e-02  8.50990117e-02  1.06747061e-01
  1.29342273e-01  1.53189778e-01  1.78701565e-01  2.06353098e-01  2.35664293e-01
  5.29033281e-02  4.70664352e-02  3.87977548e-02  2.87444051e-02  1.77368261e-02
  6.18208526e-03 -5.78863733e-03 -1.81438494e-02 -3.08864061e-02 -4.40362282e-02
 -5.74330762e-02 -7.11899921e-02 -8.52784738e-02 -9.95751768e-02 -1.13901459e-01
 -1.28055185e-01 -1.41834304e-01 -1.55053273e-01 -1.67553529e-01 -1.79209918e-01
 -1.89934134e-01 -1.99675739e-01 -2.08420858e-01 -2.16188461e-01 -2.23023385e-01
 -2.28982165e-01 -2.34121054e-01 -2.38488585e-01 -2.42120877e-01 -2.45038733e-01
 -2.47246191e-01 -2.48730049e-01 -2.49460414e-01 -2.49392480e-01 -2.48469546e-01
 -2.46627256e-01 -2.43799135e-01 -2.39922717e-01 -2.34945372e-01 -2.28829011e-01
 -2.21552268e-01 -2.13110447e-01 -2.03514427e-01 -1.92791715e-01 -1.80980444e-01
 -1.68115377e-01 -1.54215202e-01 -1.39275625e-01 -1.23273380e-01 -1.06185772e-01
 -8.80314633e-02 -6.89361691e-02 -4.92212437e-02 -2.94945277e-02 -9.67042986e-03
  1.02860387e-02  3.04255914e-02  5.08133322e-02  7.15294331e-02  9.26710144e-02
  1.14355192e-01  1.36724725e-01  1.59963235e-01  1.84337154e-01  2.09971949e-01
  5.27720340e-02  4.72581424e-02  3.76687385e-02  2.65597552e-02  1.51619399e-02
  3.38162668e-03 -8.81694257e-03 -2.14409884e-02 -3.44970003e-02 -4.79960591e-02
 -6.18101247e-02 -7.60198832e-02 -9.05631557e-02 -1.05288081e-01 -1.19994573e-01
 -1.34466037e-01 -1.48492157e-01 -1.61884248e-01 -1.74485385e-01 -1.86176613e-01
 -1.96880490e-01 -2.06562176e-01 -2.15227976e-01 -2.22920373e-01 -2.29703203e-01
 -2.35646084e-01 -2.40814537e-01 -2.45263770e-01 -2.49034658e-01 -2.52151191e-01
 -2.54618883e-01 -2.56424069e-01 -2.57533997e-01 -2.57898062e-01 -2.57450223e-01
 -2.56113201e-01 -2.53804386e-01 -2.50443101e-01 -2.45958641e-01 -2.40297511e-01
 -2.33428150e-01 -2.25341842e-01 -2.16049775e-01 -2.05578610e-01 -1.93969697e-01
 -1.81274191e-01 -1.67535469e-01 -1.52774006e-01 -1.36981681e-01 -1.20130867e-01
 -1.02203570e-01 -8.32463950e-02 -6.34554848e-02 -4.32858318e-02 -2.31674183e-02
 -3.07664787e-03  1.70142725e-02  3.71328294e-02  5.73027618e-02  7.75383860e-02
  9.78336781e-02  1.18140176e-01  1.38320386e-01  1.58050135e-01  1.76670834e-01
  5.04734963e-02  4.44581099e-02  3.53152528e-02  2.44374573e-02  1.29120918e-02
  9.23651212e-04 -1.15096597e-02 -2.43913196e-02 -3.77297252e-02 -5.15361205e-02
 -6.57172352e-02 -8.03136900e-02 -9.52323899e-02 -1.10298112e-01 -1.25294313e-01
 -1.39993876e-01 -1.54181108e-01 -1.67666361e-01 -1.80295974e-01 -1.91958621e-01
 -2.02589080e-01 -2.12169319e-01 -2.20726892e-01 -2.28323907e-01 -2.35037684e-01
 -2.40947247e-01 -2.46125057e-01 -2.50631630e-01 -2.54512072e-01 -2.57793576e-01
 -2.60483950e-01 -2.62570411e-01 -2.64019310e-01 -2.64776528e-01 -2.64769405e-01
 -2.63910085e-01 -2.62101233e-01 -2.59244055e-01 -2.55247921e-01 -2.50040531e-01
 -2.43576005e-01 -2.35838652e-01 -2.26840869e-01 -2.16616064e-01 -2.05210745e-01
 -1.92682713e-01 -1.79095179e-01 -1.64495587e-01 -1.48900613e-01 -1.32294923e-01
 -1.14648998e-01 -9.59612355e-02 -7.63291270e-02 -5.60498796e-02 -3.57330777e-02
 -1.56184947e-02  4.31399094e-03  2.40648966e-02  4.36183885e-02  6.29379973e-02
  8.19569081e-02  1.00562982e-01  1.18579470e-01  1.35747969e-01  1.51732177e-01
  4.96432707e-02  4.35667112e-02  3.40449661e-02  2.28196532e-02  1.10547384e-02
 -1.15213206e-03 -1.38094611e-02 -2.69285589e-02 -4.05202992e-02 -5.45964949e-02
 -6.90875202e-02 -8.40014815e-02 -9.92200300e-02 -1.14549272e-01 -1.29759863e-01
 -1.44616991e-01 -1.58901528e-01 -1.72424302e-01 -1.85035929e-01 -1.96633428e-01
 -2.07164183e-01 -2.16627061e-01 -2.25068852e-01 -2.32565731e-01 -2.39204541e-01
 -2.45071203e-01 -2.50243366e-01 -2.54785776e-01 -2.58747131e-01 -2.62157768e-01
 -2.65028059e-01 -2.67347038e-01 -2.69081593e-01 -2.70176411e-01 -2.70554751e-01
 -2.70121157e-01 -2.68766493e-01 -2.66375870e-01 -2.62839317e-01 -2.58064240e-01
 -2.51987129e-01 -2.44581252e-01 -2.35857084e-01 -2.25855231e-01 -2.14634165e-01
 -2.02260017e-01 -1.88806519e-01 -1.74343705e-01 -1.58914536e-01 -1.42524272e-01
 -1.25148132e-01 -1.06762193e-01 -8.74017999e-02 -6.72504604e-02 -4.67512086e-02
 -2.67052203e-02 -6.95529999e-03  1.24588031e-02  3.14947069e-02  5.00968359e-02
  6.81886971e-02  8.56667534e-02  1.02396764e-01  1.18215479e-01  1.32941082e-01
  4.89501096e-02  4.28120308e-02  3.29985395e-02  2.15130169e-02  9.55846440e-03
 -2.83270073e-03 -1.56860407e-02 -2.90164705e-02 -4.28321548e-02 -5.71315065e-02
 -7.18699694e-02 -8.70327801e-02 -1.02481939e-01 -1.18008614e-01 -1.33373365e-01
 -1.48335546e-01 -1.62673786e-01 -1.76200137e-01 -1.88769788e-01 -2.00287998e-01
 -2.10714102e-01 -2.20062539e-01 -2.28394896e-01 -2.35797226e-01 -2.42363155e-01
 -2.48183489e-01 -2.53339738e-01 -2.57899910e-01 -2.61915594e-01 -2.65419841e-01
 -2.68425494e-01 -2.70923674e-01 -2.72882700e-01 -2.74247348e-01 -2.74939001e-01
 -2.74857521e-01 -2.73885250e-01 -2.71894544e-01 -2.68758684e-01 -2.64366060e-01
 -2.58634925e-01 -2.51524806e-01 -2.43040845e-01 -2.33227983e-01 -2.22156838e-01
 -2.09907472e-01 -1.96561575e-01 -1.82203859e-01 -1.66899964e-01 -1.50677234e-01
 -1.33524284e-01 -1.15413636e-01 -9.63516086e-02 -7.64601603e-02 -5.60892262e-02
 -3.59404534e-02 -1.62585285e-02  2.94036185e-03  2.16245670e-02  3.97469737e-02
  5.72445877e-02  7.40386322e-02  9.00361910e-02  1.05134338e-01  1.19227372e-01
  4.76127267e-02  4.11462933e-02  3.16722952e-02  2.04210747e-02  8.42997432e-03
 -4.08508256e-03 -1.71016268e-02 -3.06292977e-02 -4.46875393e-02 -5.91131710e-02
 -7.40234032e-02 -8.93682986e-02 -1.04987599e-01 -1.20658174e-01 -1.36131763e-01
 -1.51162967e-01 -1.65528908e-01 -1.79043040e-01 -1.91564873e-01 -2.03006968e-01
 -2.13338956e-01 -2.22588211e-01 -2.30826661e-01 -2.38147154e-01 -2.44647995e-01
 -2.50423431e-01 -2.55557686e-01 -2.60121077e-01 -2.64167398e-01 -2.67731726e-01
 -2.70828903e-01 -2.73451895e-01 -2.75570512e-01 -2.77130216e-01 -2.78051913e-01
 -2.78232723e-01 -2.77549535e-01 -2.75865614e-01 -2.73041576e-01 -2.68950373e-01
 -2.63494104e-01 -2.56619096e-01 -2.48323441e-01 -2.38653347e-01 -2.27688700e-01
 -2.15522960e-01 -2.02248394e-01 -1.87957510e-01 -1.72731921e-01 -1.56617016e-01
 -1.39614746e-01 -1.21699765e-01 -1.02862410e-01 -8.31826627e-02 -6.29359186e-02
 -4.27170992e-02 -2.30764523e-02 -4.01162636e-03  1.44563364e-02  3.22904326e-02
  4.94413413e-02  6.58500642e-02  8.14507827e-02  9.61746350e-02  1.09954506e-01
  4.85832021e-02  4.24979627e-02  3.19869816e-02  2.00243648e-02  7.82509707e-03
 -4.81405295e-03 -1.79589260e-02 -3.16284932e-02 -4.58340906e-02 -6.04107529e-02
 -7.54737109e-02 -9.09643173e-02 -1.06713228e-01 -1.22490071e-01 -1.38041690e-01
 -1.53120071e-01 -1.67501807e-01 -1.81001827e-01 -1.93483308e-01 -2.04864606e-01
 -2.15123326e-01 -2.24296197e-01 -2.32461914e-01 -2.39717767e-01 -2.46165156e-01
 -2.51900554e-01 -2.57009923e-01 -2.61565089e-01 -2.65621096e-01 -2.69214392e-01
 -2.72361040e-01 -2.75055230e-01 -2.77267754e-01 -2.78944761e-01 -2.80006915e-01
 -2.80349970e-01 -2.79847562e-01 -2.78357267e-01 -2.75731534e-01 -2.71832794e-01
 -2.66551882e-01 -2.59825230e-01 -2.51644909e-01 -2.42056906e-01 -2.31146812e-01
 -2.19017595e-01 -2.05770612e-01 -1.91503122e-01 -1.76305696e-01 -1.60234928e-01
 -1.43301561e-01 -1.25482127e-01 -1.06757008e-01 -8.71782750e-02 -6.69683591e-02
 -4.66379896e-02 -2.70802807e-02 -8.10758770e-03  1.02428859e-02  2.79311109e-02
  4.49121520e-02  6.11365698e-02  7.65521601e-02  9.11066160e-02  1.04750842e-01
  4.65420075e-02  3.97250578e-02  3.06045339e-02  1.97009780e-02  7.72187999e-03
 -4.96004289e-03 -1.82156563e-02 -3.20096426e-02 -4.63379249e-02 -6.10381179e-02
 -7.62194395e-02 -9.18182433e-02 -1.07660815e-01 -1.23513341e-01 -1.39120415e-01
 -1.54232889e-01 -1.68627441e-01 -1.82120293e-01 -1.94577128e-01 -2.05920160e-01
 -2.16132134e-01 -2.25255355e-01 -2.33372435e-01 -2.40583226e-01 -2.46990830e-01
 -2.52692938e-01 -2.57776409e-01 -2.62313724e-01 -2.66360402e-01 -2.69953340e-01
 -2.73109019e-01 -2.75821924e-01 -2.78063059e-01 -2.79778540e-01 -2.80888706e-01
 -2.81288415e-01 -2.80849576e-01 -2.79427111e-01 -2.76869625e-01 -2.73034871e-01
 -2.67808706e-01 -2.61123210e-01 -2.52967864e-01 -2.43388698e-01 -2.32473776e-01
 -2.20330298e-01 -2.07063809e-01 -1.92773804e-01 -1.77554026e-01 -1.61465138e-01
 -1.44521132e-01 -1.26699507e-01 -1.07978262e-01 -8.84029418e-02 -6.81859702e-02
 -4.78298515e-02 -2.82386709e-02 -9.25875641e-03  9.08343680e-03  2.67522149e-02
  4.37055975e-02  5.98973930e-02  7.52793700e-02  8.98038819e-02  1.03426754e-01
  5.16557507e-02  4.60828990e-02  3.42511050e-02  2.12984569e-02  8.58413056e-03
 -4.42480296e-03 -1.78704634e-02 -3.17996629e-02 -4.62357886e-02 -6.10256605e-02
 -7.62846544e-02 -9.19509009e-02 -1.07850738e-01 -1.23749889e-01 -1.39392540e-01
 -1.54529437e-01 -1.68937564e-01 -1.82433844e-01 -1.94885135e-01 -2.06215248e-01
 -2.16408834e-01 -2.25510225e-01 -2.33603373e-01 -2.40789026e-01 -2.47170821e-01
 -2.52846718e-01 -2.57903606e-01 -2.62413800e-01 -2.66432583e-01 -2.69996375e-01
 -2.73121119e-01 -2.75800556e-01 -2.78005004e-01 -2.79679656e-01 -2.80744106e-01
 -2.81092435e-01 -2.80596107e-01 -2.79110074e-01 -2.76483446e-01 -2.72575349e-01
 -2.67273635e-01 -2.60512561e-01 -2.52283633e-01 -2.42633834e-01 -2.31650978e-01
 -2.19440728e-01 -2.06106693e-01 -1.91747442e-01 -1.76454782e-01 -1.60286263e-01
 -1.43252924e-01 -1.25331178e-01 -1.06501542e-01 -8.68176296e-02 -6.65060431e-02
 -4.60850261e-02 -2.64570639e-02 -7.40927691e-03  1.10181207e-02  2.87831239e-02
  4.58392315e-02  6.21355735e-02  7.76185691e-02  9.22345892e-02  1.05933286e-01
  5.00501730e-02  4.35840264e-02  3.38666104e-02  2.21253447e-02  9.54491086e-03
 -3.53924814e-03 -1.70801189e-02 -3.10895517e-02 -4.55892533e-02 -6.04204312e-02
 -7.57084414e-02 -9.13966745e-02 -1.07314408e-01 -1.23229109e-01 -1.38886005e-01
 -1.54036522e-01 -1.68457955e-01 -1.81967303e-01 -1.94431111e-01 -2.05772460e-01
 -2.15974718e-01 -2.25080639e-01 -2.33173102e-01 -2.40352124e-01 -2.46720701e-01
 -2.52376109e-01 -2.57404447e-01 -2.61877090e-01 -2.65848219e-01 -2.69352973e-01
 -2.72405654e-01 -2.74998486e-01 -2.77099937e-01 -2.78653711e-01 -2.79578060e-01
 -2.79766768e-01 -2.79092222e-01 -2.77412146e-01 -2.74580806e-01 -2.70464689e-01
 -2.64960378e-01 -2.58010626e-01 -2.49612838e-01 -2.39815652e-01 -2.28703350e-01
 -2.16374472e-01 -2.02925175e-01 -1.88450307e-01 -1.73034027e-01 -1.56723469e-01
 -1.39521033e-01 -1.21401235e-01 -1.02355279e-01 -8.24676976e-02 -6.20255321e-02
 -4.16454040e-02 -2.18443833e-02 -2.61861412e-03  1.60101876e-02  3.40033472e-02
  5.13093621e-02  6.78667054e-02  8.36068243e-02  9.84580517e-02  1.12350523e-01
  5.29664233e-02  4.71706875e-02  3.62565741e-02  2.36109290e-02  1.07921204e-02
 -2.36247457e-03 -1.59301776e-02 -2.99479533e-02 -4.44467999e-02 -5.92668280e-02
 -7.45338202e-02 -9.01964754e-02 -1.06089473e-01 -1.21984459e-01 -1.37629494e-01
 -1.52777642e-01 -1.67206824e-01 -1.80733606e-01 -1.93222910e-01 -2.04594895e-01
 -2.14828610e-01 -2.23961622e-01 -2.32073247e-01 -2.39261001e-01 -2.45625973e-01
 -2.51263738e-01 -2.56258756e-01 -2.60680676e-01 -2.64581680e-01 -2.67994672e-01
 -2.70931691e-01 -2.73382366e-01 -2.75312722e-01 -2.76664466e-01 -2.77354717e-01
 -2.77277678e-01 -2.76308715e-01 -2.74311721e-01 -2.71150887e-01 -2.66705692e-01
 -2.60887235e-01 -2.53651261e-01 -2.45003119e-01 -2.34991938e-01 -2.23694801e-01
 -2.11198330e-01 -1.97588593e-01 -1.82953820e-01 -1.67363361e-01 -1.50846690e-01
 -1.33392662e-01 -1.14973277e-01 -9.55964550e-02 -7.53917769e-02 -5.47279716e-02
 -3.43403853e-02 -1.44134611e-02  5.03449794e-03  2.39692312e-02  4.23405878e-02
  6.00820743e-02  7.71108940e-02  9.33296010e-02  1.08630367e-01  1.22902505e-01
  5.26356176e-02  4.64645736e-02  3.66015658e-02  2.46993341e-02  1.20898942e-02
 -9.76972515e-04 -1.44741656e-02 -2.84061134e-02 -4.27797213e-02 -5.75940944e-02
 -7.28078857e-02 -8.83995146e-02 -1.04220793e-01 -1.20053619e-01 -1.35652140e-01
 -1.50772750e-01 -1.65194646e-01 -1.78733766e-01 -1.91252455e-01 -2.02666134e-01
 -2.12946862e-01 -2.22123489e-01 -2.30268791e-01 -2.37475827e-01 -2.43842304e-01
 -2.49461025e-01 -2.54413813e-01 -2.58767605e-01 -2.62571931e-01 -2.65856683e-01
 -2.68630773e-01 -2.70880818e-01 -2.72570163e-01 -2.73638546e-01 -2.74002880e-01
 -2.73559600e-01 -2.72189826e-01 -2.69767612e-01 -2.66171664e-01 -2.61299223e-01
 -2.55079657e-01 -2.47483283e-01 -2.38522768e-01 -2.28244722e-01 -2.16715336e-01
 -2.04007313e-01 -1.90198585e-01 -1.75364554e-01 -1.59552693e-01 -1.42770171e-01
 -1.24991871e-01 -1.06193163e-01 -8.64121690e-02 -6.58437386e-02 -4.49558869e-02
 -2.45891828e-02 -4.50220611e-03  1.52582098e-02  3.46448570e-02  5.35979122e-02
  7.20363185e-02  8.98510143e-02  1.06901020e-01  1.23015054e-01  1.38002396e-01
  5.42537309e-02  4.83770445e-02  3.82635258e-02  2.61874776e-02  1.36101218e-02
  6.26985624e-04 -1.27732288e-02 -2.65986230e-02 -4.08565365e-02 -5.55567034e-02
 -7.06337616e-02 -8.60820264e-02 -1.01766929e-01 -1.17480658e-01 -1.32984400e-01
 -1.48038775e-01 -1.62424758e-01 -1.75957665e-01 -1.88496634e-01 -1.99951053e-01
 -2.10283920e-01 -2.19512060e-01 -2.27698252e-01 -2.34928638e-01 -2.41295859e-01
 -2.46888518e-01 -2.51784801e-01 -2.56048083e-01 -2.59724349e-01 -2.62839973e-01
 -2.65400380e-01 -2.67388999e-01 -2.68766850e-01 -2.69472808e-01 -2.69425273e-01
 -2.68525690e-01 -2.66664475e-01 -2.63729930e-01 -2.59619087e-01 -2.54249811e-01
 -2.47570395e-01 -2.39564478e-01 -2.30248600e-01 -2.19663426e-01 -2.07862750e-01
 -1.94909170e-01 -1.80872247e-01 -1.65806219e-01 -1.49732262e-01 -1.32636353e-01
 -1.14488266e-01 -9.52870101e-02 -7.51373917e-02 -5.43572493e-02 -3.35945226e-02
 -1.30314082e-02  7.35543203e-03  2.75668260e-02  4.75858934e-02  6.73740357e-02
  8.68609473e-02  1.05928890e-01  1.24392457e-01  1.41980603e-01  1.58340573e-01
  5.53971902e-02  4.96727861e-02  3.96844260e-02  2.77490020e-02  1.53070334e-02
  2.43975152e-03 -1.08480919e-02 -2.45494507e-02 -3.86640206e-02 -5.31990938e-02
 -6.80734143e-02 -8.33065063e-02 -9.87830088e-02 -1.14309169e-01 -1.29655853e-01
 -1.44589737e-01 -1.58894688e-01 -1.72385901e-01 -1.84919372e-01 -1.96397737e-01
 -2.06773624e-01 -2.16049686e-01 -2.24274412e-01 -2.31524020e-01 -2.37883881e-01
 -2.43436903e-01 -2.48256370e-01 -2.52401263e-01 -2.55913377e-01 -2.58815229e-01
 -2.61108786e-01 -2.62774885e-01 -2.63773322e-01 -2.64043987e-01 -2.63509452e-01
 -2.62079507e-01 -2.59657532e-01 -2.56149322e-01 -2.51472384e-01 -2.45565191e-01
 -2.38392815e-01 -2.29948208e-01 -2.20247909e-01 -2.09325060e-01 -1.97225481e-01
 -1.84007078e-01 -1.69721857e-01 -1.54397309e-01 -1.38028756e-01 -1.20588705e-01
 -1.02058455e-01 -8.24883208e-02 -6.20903522e-02 -4.13569808e-02 -2.06764955e-02
 -2.10219168e-05  2.06401851e-02  4.13367115e-02  6.20938316e-02  8.29268545e-02
  1.03829756e-01  1.24752082e-01  1.45549983e-01  1.65883690e-01  1.85062408e-01
  5.56986146e-02  4.97743934e-02  4.07528765e-02  2.95476075e-02  1.72869097e-02
  4.47417516e-03 -8.74062534e-03 -2.23218035e-02 -3.62689793e-02 -5.05945235e-02
 -6.52012452e-02 -8.01428556e-02 -9.53296870e-02 -1.10586904e-01 -1.25698611e-01
 -1.40440047e-01 -1.54599681e-01 -1.67993769e-01 -1.80475637e-01 -1.91941410e-01
 -2.02332929e-01 -2.11637720e-01 -2.19886199e-01 -2.27140650e-01 -2.33476430e-01
 -2.38968804e-01 -2.43684858e-01 -2.47678325e-01 -2.50986367e-01 -2.53627688e-01
 -2.55601406e-01 -2.56886899e-01 -2.57444680e-01 -2.57218182e-01 -2.56137311e-01
 -2.54123330e-01 -2.51095474e-01 -2.46978506e-01 -2.41710082e-01 -2.35246554e-01
 -2.27565587e-01 -2.18665257e-01 -2.08560601e-01 -1.97282150e-01 -1.84875220e-01
 -1.71384573e-01 -1.56837925e-01 -1.41236454e-01 -1.24558024e-01 -1.06778286e-01
 -8.79151896e-02 -6.81010932e-02 -4.76792157e-02 -2.72997748e-02 -6.81295013e-03
  1.38137611e-02  3.46319266e-02  5.57093620e-02  7.71302655e-02  9.89969373e-02
  1.21432930e-01  1.44588932e-01  1.68658659e-01  1.93922997e-01  2.20514879e-01
  6.57150820e-02  6.23277687e-02  4.72285636e-02  3.27278711e-02  1.96000133e-02
  6.56589167e-03 -6.63050776e-03 -2.00723968e-02 -3.38028260e-02 -4.78550345e-02
 -6.21154197e-02 -7.66768008e-02 -9.14792791e-02 -1.06370777e-01 -1.21151991e-01
 -1.35609433e-01 -1.49538219e-01 -1.62757128e-01 -1.75117999e-01 -1.86511174e-01
 -1.96868211e-01 -2.06161767e-01 -2.14402854e-01 -2.21634910e-01 -2.27919638e-01
 -2.33322278e-01 -2.37902120e-01 -2.41706818e-01 -2.44768754e-01 -2.47103184e-01
 -2.48707473e-01 -2.49561280e-01 -2.49628067e-01 -2.48857588e-01 -2.47189790e-01
 -2.44559735e-01 -2.40903556e-01 -2.36164302e-01 -2.30297059e-01 -2.23272130e-01
 -2.15075985e-01 -2.05710933e-01 -1.95196435e-01 -1.83566511e-01 -1.70856982e-01
 -1.57092273e-01 -1.42276734e-01 -1.26395404e-01 -1.09428898e-01 -9.13878903e-02
 -7.23716542e-02 -5.26508018e-02 -3.27602066e-02 -1.27574271e-02  7.41774403e-03
  2.78323311e-02  4.85693626e-02  6.97351098e-02  9.14673060e-02  1.13946252e-01
  1.37410969e-01  1.62183061e-01  1.88696593e-01  2.17452615e-01  2.47948930e-01
  5.92978150e-02  5.40246442e-02  4.49356064e-02  3.33695002e-02  2.08921134e-02
  8.10688827e-03 -4.86640027e-03 -1.80351287e-02 -3.14342119e-02 -4.51066084e-02
 -5.89243770e-02 -7.30045363e-02 -8.73150304e-02 -1.01728730e-01 -1.16066165e-01
 -1.30128026e-01 -1.43718421e-01 -1.56660423e-01 -1.68805748e-01 -1.80040225e-01
 -1.90286279e-01 -1.99502870e-01 -2.07682908e-01 -2.14848265e-01 -2.21042231e-01
 -2.26316720e-01 -2.30721354e-01 -2.34296665e-01 -2.37070188e-01 -2.39054412e-01
 -2.40246147e-01 -2.40627244e-01 -2.40166292e-01 -2.38821521e-01 -2.36544579e-01
 -2.33285025e-01 -2.28995025e-01 -2.23633617e-01 -2.17170104e-01 -2.09586158e-01
 -2.00877950e-01 -1.91058621e-01 -1.80152744e-01 -1.68187171e-01 -1.55181333e-01
 -1.41140595e-01 -1.26056552e-01 -1.09918572e-01 -9.27413106e-02 -7.46120289e-02
 -5.57588451e-02 -3.66303697e-02 -1.73805933e-02  2.03181570e-03  2.16614176e-02
  4.15781550e-02  6.18723817e-02  8.26620460e-02  1.04102500e-01  1.26400277e-01
  1.49832159e-01  1.74770415e-01  2.01712415e-01  2.31327668e-01  2.64733881e-01
  6.42536059e-02  6.10749759e-02  4.81329598e-02  3.43028083e-02  2.15560142e-02
  8.97191092e-03 -3.65460664e-03 -1.63978394e-02 -2.93029491e-02 -4.24040817e-02
 -5.57233654e-02 -6.92271665e-02 -8.29306990e-02 -9.67414752e-02 -1.10505529e-01
 -1.24041528e-01 -1.37165189e-01 -1.49705783e-01 -1.61516368e-01 -1.72479630e-01
 -1.82510376e-01 -1.91555530e-01 -1.99591950e-01 -2.06622094e-01 -2.12667987e-01
 -2.17763826e-01 -2.21946746e-01 -2.25248799e-01 -2.27692246e-01 -2.29287267e-01
 -2.30031312e-01 -2.29909748e-01 -2.28897825e-01 -2.26963297e-01 -2.24069819e-01
 -2.20180735e-01 -2.15262622e-01 -2.09288672e-01 -2.02242002e-01 -1.94119230e-01
 -1.84929207e-01 -1.74688935e-01 -1.63417310e-01 -1.51128590e-01 -1.37827978e-01
 -1.23512954e-01 -1.08183332e-01 -9.18642879e-02 -7.46451691e-02 -5.67352287e-02
 -3.85288037e-02 -2.02054065e-02 -1.74345868e-03  1.68879144e-02  3.57309841e-02
  5.48421182e-02  7.42955729e-02  9.41887572e-02  1.14649586e-01  1.35847017e-01
  1.58007309e-01  1.81442291e-01  2.06613854e-01  2.34399199e-01  2.68782288e-01
  5.74251860e-02  5.25894724e-02  4.38283943e-02  3.26993279e-02  2.08639763e-02
  8.86864122e-03 -3.19769420e-03 -1.53525909e-02 -2.76327301e-02 -4.00751345e-02
 -5.27146719e-02 -6.54895827e-02 -7.84415454e-02 -9.15052891e-02 -1.04550660e-01
 -1.17414854e-01 -1.29926488e-01 -1.41922340e-01 -1.53258055e-01 -1.63814411e-01
 -1.73500076e-01 -1.82251766e-01 -1.90032497e-01 -1.96828038e-01 -2.02641979e-01
 -2.07489803e-01 -2.11392671e-01 -2.14371517e-01 -2.16442242e-01 -2.17612475e-01
 -2.17880592e-01 -2.17236176e-01 -2.15661526e-01 -2.13134065e-01 -2.09629118e-01
 -2.05123350e-01 -1.99598461e-01 -1.93043768e-01 -1.85457319e-01 -1.76845163e-01
 -1.67218700e-01 -1.56590551e-01 -1.44970626e-01 -1.32364109e-01 -1.18774071e-01
 -1.04211599e-01 -8.87164026e-02 -7.23900944e-02 -5.54408617e-02 -3.82346250e-02
 -2.09124200e-02 -3.47251841e-03  1.40920915e-02  3.17949168e-02  4.96572293e-02
  6.77094087e-02  8.59924778e-02  1.04559667e-01  1.23477869e-01  1.42828658e-01
  1.62707970e-01  1.83221787e-01  2.04467326e-01  2.26452097e-01  2.48287112e-01
  5.73870987e-02  5.38860299e-02  4.31108065e-02  3.07710785e-02  1.91597883e-02
  7.77530717e-03 -3.57545051e-03 -1.49784312e-02 -2.64854860e-02 -3.81351374e-02
 -4.99600247e-02 -6.18716925e-02 -7.39349201e-02 -8.61096904e-02 -9.82894301e-02
 -1.10330909e-01 -1.22077130e-01 -1.33373916e-01 -1.44081026e-01 -1.54078722e-01
 -1.63271040e-01 -1.71586350e-01 -1.78976014e-01 -1.85411662e-01 -1.90881222e-01
 -1.95384324e-01 -1.98927552e-01 -2.01519847e-01 -2.03168854e-01 -2.03878343e-01
 -2.03646868e-01 -2.02468008e-01 -2.00331360e-01 -1.97224528e-01 -1.93135455e-01
 -1.88054651e-01 -1.81977063e-01 -1.74902812e-01 -1.66836649e-01 -1.57786354e-01
 -1.47760466e-01 -1.36766344e-01 -1.24810375e-01 -1.11901902e-01 -9.80636179e-02
 -8.33506510e-02 -6.78806081e-02 -5.18759973e-02 -3.56955789e-02 -1.93819329e-02
 -2.95311701e-03  1.35759106e-02  3.01935207e-02  4.68916520e-02  6.36659935e-02
  8.05158839e-02  9.74437296e-02  1.14453413e-01  1.31546900e-01  1.48717806e-01
  1.65939257e-01  1.83141649e-01  2.00171307e-01  2.16706008e-01  2.32065558e-01
  4.87806164e-02  4.41831015e-02  3.60345207e-02  2.60989703e-02  1.58630703e-02
  5.56757860e-03 -4.80020838e-03 -1.52677093e-02 -2.58579198e-02 -3.65914255e-02
 -4.74882461e-02 -5.84247522e-02 -6.94817156e-02 -8.06410536e-02 -9.18191895e-02
 -1.02893494e-01 -1.13723256e-01 -1.24165498e-01 -1.34086117e-01 -1.43366843e-01
 -1.51909009e-01 -1.59634709e-01 -1.66486055e-01 -1.72423184e-01 -1.77421212e-01
 -1.81466743e-01 -1.84554219e-01 -1.86682478e-01 -1.87852010e-01 -1.88062906e-01
 -1.87313810e-01 -1.85601816e-01 -1.82923034e-01 -1.79273635e-01 -1.74651071e-01
 -1.69054896e-01 -1.62487239e-01 -1.54952511e-01 -1.46456599e-01 -1.37006149e-01
 -1.26608476e-01 -1.15273483e-01 -1.03019141e-01 -8.98818821e-02 -7.59337470e-02
 -6.13054857e-02 -4.62106615e-02 -3.10428720e-02 -1.56982914e-02 -2.16205954e-04
  1.53687214e-02  3.10241040e-02  4.67188470e-02  6.24226741e-02  7.81057775e-02
  9.37381759e-02  1.09288462e-01  1.24721467e-01  1.39994174e-01  1.55049101e-01
  1.69804156e-01  1.84138224e-01  1.97872773e-01  2.10755616e-01  2.22465888e-01
  4.02439982e-02  3.51745337e-02  2.83999071e-02  2.03676317e-02  1.16745494e-02
  2.62776925e-03 -6.64271135e-03 -1.60830729e-02 -2.56735068e-02 -3.54108550e-02
 -4.53009792e-02 -5.51829562e-02 -6.51459396e-02 -7.51894712e-02 -8.52516145e-02
 -9.52311978e-02 -1.05005927e-01 -1.14446767e-01 -1.23428568e-01 -1.31837279e-01
 -1.39574155e-01 -1.46557629e-01 -1.52723342e-01 -1.58022851e-01 -1.62421554e-01
 -1.65896058e-01 -1.68431491e-01 -1.70018941e-01 -1.70653358e-01 -1.70331880e-01
 -1.69052914e-01 -1.66815668e-01 -1.63620144e-01 -1.59467280e-01 -1.54359177e-01
 -1.48299098e-01 -1.41291380e-01 -1.33341342e-01 -1.24455534e-01 -1.14643358e-01
 -1.03920631e-01 -9.23166871e-02 -7.98855051e-02 -6.67217001e-02 -5.29849194e-02
 -3.89301479e-02 -2.46351603e-02 -1.01503059e-02  4.49616555e-03  1.92665588e-02
  3.41180637e-02  4.90044169e-02  6.38765991e-02  7.86832571e-02  9.33709368e-02
  1.07884213e-01  1.22165352e-01  1.36153370e-01  1.49782017e-01  1.62976637e-01
  1.75649852e-01  1.87696815e-01  1.98991835e-01  2.09389627e-01  2.18734741e-01
  3.54069136e-02  3.09792105e-02  2.36292854e-02  1.56215867e-02  7.64649408e-03
 -4.94924840e-04 -8.80400836e-03 -1.72585230e-02 -2.58424189e-02 -3.45501229e-02
 -4.33873907e-02 -5.21756113e-02 -6.09946847e-02 -6.98556229e-02 -7.87166953e-02
 -8.74991044e-02 -9.61013287e-02 -1.04411326e-01 -1.12316340e-01 -1.19709924e-01
 -1.26496628e-01 -1.32594496e-01 -1.37935862e-01 -1.42466903e-01 -1.46146372e-01
 -1.48943871e-01 -1.50837809e-01 -1.51813522e-01 -1.51861593e-01 -1.50976449e-01
 -1.49155304e-01 -1.46397486e-01 -1.42703891e-01 -1.38076723e-01 -1.32519200e-01
 -1.26035661e-01 -1.18631795e-01 -1.10315815e-01 -1.01100869e-01 -9.10097733e-02
 -8.00827369e-02 -6.83906004e-02 -5.60499765e-02 -4.32259068e-02 -3.01530492e-02
 -1.67541802e-02 -3.07960412e-03  1.08217038e-02  2.49016397e-02  3.91085073e-02
  5.33853620e-02  6.76694512e-02  8.18922743e-02  9.59801897e-02  1.09855466e-01
  1.23437867e-01  1.36646330e-01  1.49400577e-01  1.61622226e-01  1.73235223e-01
  1.84165388e-01  1.94339827e-01  2.03686625e-01  2.12136284e-01  2.19625384e-01
  2.85119414e-02  2.35790219e-02  1.75332259e-02  1.07049365e-02  3.52519890e-03
 -3.81428027e-03 -1.12532265e-02 -1.87701639e-02 -2.63550449e-02 -3.40014137e-02
 -4.17016409e-02 -4.94396612e-02 -5.71117662e-02 -6.47583157e-02 -7.23642632e-02
 -7.98761249e-02 -8.72154459e-02 -9.42899287e-02 -1.01002358e-01 -1.07257456e-01
 -1.12966694e-01 -1.18051335e-01 -1.22443914e-01 -1.26088560e-01 -1.28940508e-01
 -1.30965024e-01 -1.32136047e-01 -1.32434770e-01 -1.31848231e-01 -1.30368128e-01
 -1.27989739e-01 -1.24711178e-01 -1.20532788e-01 -1.15456901e-01 -1.09487943e-01
 -1.02633230e-01 -9.49046984e-02 -8.63217637e-02 -7.69156590e-02 -6.67377785e-02
 -5.58633171e-02 -4.44204882e-02 -3.26489620e-02 -2.04433538e-02 -7.86115509e-03
  5.06497081e-03  1.82951856e-02  3.17837596e-02  4.54786830e-02  5.93201630e-02
  7.32390955e-02  8.71560052e-02  1.00980707e-01  1.14613153e-01  1.27945647e-01
  1.40866548e-01  1.53265387e-01  1.65038392e-01  1.76093891e-01  1.86356351e-01
  1.95768565e-01  2.04291984e-01  2.11905167e-01  2.18601465e-01  2.24386498e-01
  2.43295040e-02  2.04138439e-02  1.30533613e-02  5.86150354e-03 -8.84532055e-04
 -7.53173511e-03 -1.41433217e-02 -2.07405947e-02 -2.73350067e-02 -3.39337103e-02
 -4.05405127e-02 -4.71567847e-02 -5.36427386e-02 -6.00434728e-02 -6.63584247e-02
 -7.25532025e-02 -7.85697475e-02 -8.43352079e-02 -8.97693411e-02 -9.47905406e-02
 -9.93204191e-02 -1.03286952e-01 -1.06626421e-01 -1.09284334e-01 -1.11215517e-01
 -1.12383671e-01 -1.12760536e-01 -1.12324871e-01 -1.11061424e-01 -1.08959951e-01
 -1.06014386e-01 -1.02222338e-01 -9.75849703e-02 -9.21073630e-02 -8.57993811e-02
 -7.86776319e-02 -7.07704276e-02 -6.21221922e-02 -5.27918115e-02 -4.28931341e-02
 -3.24820168e-02 -2.15750188e-02 -1.02130370e-02  1.58809905e-03  1.38030779e-02
  2.64032297e-02  3.93544883e-02  5.26156202e-02  6.61360770e-02  7.98533633e-02
  9.36901495e-02  1.07551463e-01  1.21322729e-01  1.34869531e-01  1.48040429e-01
  1.60673812e-01  1.72608718e-01  1.83698282e-01  1.93822891e-01  2.02900276e-01
  2.10890755e-01  2.17796966e-01  2.23658398e-01  2.28541598e-01  2.32528284e-01
  1.60144661e-02  1.12216948e-02  5.70579572e-03 -2.16316417e-04 -6.15828810e-03
 -1.19858244e-02 -1.76975131e-02 -2.33219117e-02 -2.88863573e-02 -3.44105475e-02
 -3.99065539e-02 -4.53802347e-02 -5.06693311e-02 -5.58191650e-02 -6.08372837e-02
 -6.57028109e-02 -7.03742281e-02 -7.47961327e-02 -7.89050609e-02 -8.26343745e-02
 -8.59180987e-02 -8.86939093e-02 -9.09051374e-02 -9.25020427e-02 -9.34423879e-02
 -9.36914608e-02 -9.32217315e-02 -9.20122117e-02 -9.00478289e-02 -8.73189270e-02
 -8.38208571e-02 -7.95539096e-02 -7.45243281e-02 -6.87460527e-02 -6.22417293e-02
 -5.50392605e-02 -4.71929871e-02 -3.88070978e-02 -2.98545305e-02 -2.03557443e-02
 -1.03322370e-02  1.98723923e-04  1.12201218e-02  2.27176659e-02  3.46762165e-02
  4.70781252e-02  5.99011481e-02  7.31158704e-02  8.66823122e-02  1.00545540e-01
  1.14630058e-01  1.28833100e-01  1.43017426e-01  1.57005265e-01  1.70577168e-01
  1.83480695e-01  1.95453152e-01  2.06254765e-01  2.15701461e-01  2.23686859e-01
  2.30191663e-01  2.35282227e-01  2.39097789e-01  2.41825253e-01  2.43665352e-01
  9.24076326e-03  5.08616259e-03 -1.27016450e-03 -7.30434433e-03 -1.25506055e-02
 -1.74250547e-02 -2.20853481e-02 -2.66160537e-02 -3.10653616e-02 -3.54599208e-02
 -3.98131795e-02 -4.41302396e-02 -4.82299291e-02 -5.21492064e-02 -5.58959395e-02
 -5.94563335e-02 -6.28005490e-02 -6.58874884e-02 -6.86690286e-02 -7.10935667e-02
 -7.31088296e-02 -7.46642351e-02 -7.57128522e-02 -7.62128234e-02 -7.61283040e-02
 -7.54299536e-02 -7.40950182e-02 -7.21065700e-02 -6.94536865e-02 -6.61318004e-02
 -6.21425919e-02 -5.74922115e-02 -5.21952957e-02 -4.62835245e-02 -3.98190953e-02
 -3.27827819e-02 -2.51870509e-02 -1.70512777e-02 -8.38262495e-03  8.12069222e-04
  1.05270734e-02  2.07586400e-02  3.15048918e-02  4.27657217e-02  5.45418784e-02
  6.68337643e-02  7.96396956e-02  9.29534286e-02  1.06760472e-01  1.21032588e-01
  1.35719612e-01  1.50737420e-01  1.65950507e-01  1.81148365e-01  1.96018398e-01
  2.10133120e-01  2.22990975e-01  2.34128401e-01  2.43223026e-01  2.50118852e-01
  2.54825652e-01  2.57517070e-01  2.58526504e-01  2.58303553e-01  2.57294029e-01
 -3.02943424e-03 -8.13861750e-03 -1.27737140e-02 -1.68879721e-02 -2.05659810e-02
 -2.39984859e-02 -2.73163375e-02 -3.05810478e-02 -3.38159539e-02 -3.70265171e-02
 -4.02109586e-02 -4.33670245e-02 -4.63085212e-02 -4.90448847e-02 -5.15752658e-02
 -5.38872108e-02 -5.59581630e-02 -5.77580892e-02 -5.92524558e-02 -6.04047701e-02
 -6.11768588e-02 -6.15308136e-02 -6.14309870e-02 -6.08455911e-02 -5.97480461e-02
 -5.81183024e-02 -5.59447780e-02 -5.32178581e-02 -4.99340184e-02 -4.60991785e-02
 -4.17337641e-02 -3.68426442e-02 -3.14262882e-02 -2.54933182e-02 -1.90555993e-02
 -1.21167870e-02 -4.68007382e-03  3.25239450e-03  1.16817569e-02  2.06120629e-02
  3.00503336e-02  4.00068127e-02  5.04951477e-02  6.15325570e-02  7.31398091e-02
  8.53410661e-02  9.81633961e-02  1.11635789e-01  1.25787184e-01  1.40642762e-01
  1.56217292e-01  1.72503188e-01  1.89449340e-01  2.06921130e-01  2.24614486e-01
  2.41855875e-01  2.57360429e-01  2.69866765e-01  2.79078901e-01  2.84746766e-01
  2.86953360e-01  2.85975814e-01  2.82300144e-01  2.77351528e-01  2.72271842e-01
 -1.87021457e-02 -2.50473619e-02 -2.75032502e-02 -2.84469035e-02 -2.96454374e-02
 -3.12049929e-02 -3.29976864e-02 -3.49278413e-02 -3.69311273e-02 -3.89605127e-02
 -4.09780294e-02 -4.29491587e-02 -4.48356122e-02 -4.64716479e-02 -4.78639416e-02
 -4.90053818e-02 -4.98795547e-02 -5.04645072e-02 -5.07373326e-02 -5.06823063e-02
 -5.02745137e-02 -4.94873971e-02 -4.82960902e-02 -4.66790460e-02 -4.46187817e-02
 -4.21018638e-02 -3.91547605e-02 -3.57642323e-02 -3.19260545e-02 -2.76421458e-02
 -2.29181461e-02 -1.77588668e-02 -1.21679250e-02 -6.14854088e-03  2.97419087e-04
  7.17111677e-03  1.44766755e-02  2.22214181e-02  3.04163173e-02  3.90762649e-02
  4.82203439e-02  5.78722358e-02  6.80607334e-02  7.88204372e-02  9.01927501e-02
  1.02227025e-01  1.14982188e-01  1.28528550e-01  1.42949939e-01  1.58345804e-01
  1.74832582e-01  1.92543551e-01  2.11626157e-01  2.32239038e-01  2.54584938e-01
  2.79333681e-01  3.07719946e-01  3.15645635e-01  3.28935623e-01  3.31431448e-01
  3.28991383e-01  3.27807248e-01  3.08814734e-01  2.95658082e-01  2.85574436e-01
 -3.19748819e-02 -3.97062339e-02 -3.96394245e-02 -3.80442776e-02 -3.76129411e-02
 -3.78265828e-02 -3.84131595e-02 -3.92213725e-02 -4.01497297e-02 -4.11238596e-02
 -4.20873836e-02 -4.29981798e-02 -4.38294001e-02 -4.44040634e-02 -4.47200537e-02
 -4.47655432e-02 -4.45218869e-02 -4.39637303e-02 -4.30556759e-02 -4.18647975e-02
 -4.03560027e-02 -3.85055728e-02 -3.62969041e-02 -3.37189697e-02 -3.07659190e-02
 -2.74372678e-02 -2.37389170e-02 -1.96754932e-02 -1.52526423e-02 -1.04771648e-02
 -5.35613019e-03  1.04500592e-04  5.90085611e-03  1.20318290e-02  1.84997693e-02
  2.53111124e-02  3.24766897e-02  4.00119163e-02  4.79369350e-02  5.62767312e-02
  6.50613457e-02  7.43263140e-02  8.41133296e-02  9.44713876e-02  1.05458483e-01
  1.17144071e-01  1.29612565e-01  1.42968267e-01  1.57342419e-01  1.72902837e-01
  1.89867109e-01  2.08519533e-01  2.29229674e-01  2.52474070e-01  2.78923720e-01
  3.09014678e-01  3.29544693e-01  3.43667716e-01  3.54562074e-01  3.53419989e-01
  3.52639288e-01  3.37592781e-01  3.19667011e-01  3.04540664e-01  2.92366415e-01
 -3.53580043e-02 -4.20935862e-02 -4.43623401e-02 -4.42029163e-02 -4.36555408e-02
 -4.32990715e-02 -4.31741700e-02 -4.32086177e-02 -4.33183350e-02 -4.34288718e-02
 -4.34779413e-02 -4.34126295e-02 -4.31839190e-02 -4.27365974e-02 -4.20368128e-02
 -4.10605893e-02 -3.97890061e-02 -3.82068194e-02 -3.63039449e-02 -3.40816192e-02
 -3.15346234e-02 -2.86578275e-02 -2.54487973e-02 -2.19088104e-02 -1.80431996e-02
 -1.38612352e-02 -9.37550887e-03 -4.60034516e-03  4.49131097e-04  5.75804198e-03
  1.13130147e-02  1.71035435e-02  2.31232382e-02  2.93708406e-02  3.58509496e-02
  4.25744392e-02  4.95585203e-02  5.68265580e-02  6.44077435e-02  7.23367333e-02
  8.06534514e-02  8.94031450e-02  9.86368805e-02  1.08412609e-01  1.18796945e-01
  1.29867971e-01  1.41719401e-01  1.54466763e-01  1.68256536e-01  1.83280423e-01
  1.99797764e-01  2.18173221e-01  2.38941938e-01  2.62907207e-01  2.90803373e-01
  3.16848189e-01  3.33768219e-01  3.48282993e-01  3.53421092e-01  3.54266644e-01
  3.47514123e-01  3.31584156e-01  3.15695435e-01  3.02239060e-01  2.90963143e-01
 -4.53092940e-02 -5.42007349e-02 -5.24449460e-02 -4.97317426e-02 -4.85430807e-02
 -4.78562899e-02 -4.73751985e-02 -4.69602346e-02 -4.65181135e-02 -4.59789746e-02
 -4.52890843e-02 -4.44060378e-02 -4.32948135e-02 -4.19252552e-02 -4.02736142e-02
 -3.83214504e-02 -3.60546224e-02 -3.34629081e-02 -3.05402633e-02 -2.72850562e-02
 -2.36984231e-02 -1.97846927e-02 -1.55520672e-02 -1.10131251e-02 -6.18497143e-03
 -1.08899875e-03  4.24980000e-03  9.80400853e-03  1.55452890e-02  2.14462057e-02
  2.74822954e-02  3.36342044e-02  3.98896299e-02  4.62448597e-02  5.27056716e-02
  5.92875592e-02  6.60152510e-02  7.29217157e-02  8.00468624e-02  8.74361619e-02
  9.51395407e-02  1.03210606e-01  1.11706488e-01  1.20688252e-01  1.30222067e-01
  1.40381142e-01  1.51248664e-01  1.62921846e-01  1.75517842e-01  1.89182147e-01
  2.04101264e-01  2.20522746e-01  2.38786116e-01  2.59334922e-01  2.82073170e-01
  3.01655233e-01  3.15053433e-01  3.26360106e-01  3.29973757e-01  3.30711365e-01
  3.24311763e-01  3.12693089e-01  3.01711768e-01  2.91840196e-01  2.83028126e-01
 -4.16296981e-02 -4.88314703e-02 -5.18560484e-02 -5.23378477e-02 -5.21056131e-02
 -5.17636314e-02 -5.13541959e-02 -5.08042239e-02 -5.00447154e-02 -4.90297340e-02
 -4.77319397e-02 -4.61348854e-02 -4.42270339e-02 -4.19983640e-02 -3.94392870e-02
 -3.65406498e-02 -3.32943909e-02 -2.96945684e-02 -2.57384591e-02 -2.14274973e-02
 -1.67678334e-02 -1.17709246e-02 -6.45405287e-03 -8.40704946e-04  5.03926631e-03
  1.11498022e-02  1.74492821e-02  2.38918159e-02  3.04293223e-02  3.70144248e-02
  4.36040126e-02  5.01630455e-02  5.66681661e-02  6.31103814e-02  6.94964975e-02
  7.58490041e-02  8.22044387e-02  8.86107236e-02  9.51238349e-02  1.01804554e-01
  1.08715691e-01  1.15920074e-01  1.23479456e-01  1.31454140e-01  1.39903262e-01
  1.48885503e-01  1.58459887e-01  1.68686330e-01  1.79625481e-01  1.91336691e-01
  2.03871533e-01  2.17257813e-01  2.31462181e-01  2.46308759e-01  2.61151016e-01
  2.74203092e-01  2.84630001e-01  2.92063057e-01  2.96181798e-01  2.96858937e-01
  2.94125527e-01  2.89186954e-01  2.83376157e-01  2.77295798e-01  2.71295279e-01
 -5.00949100e-02 -6.01262972e-02 -5.72645888e-02 -5.54242283e-02 -5.55239283e-02
 -5.58156483e-02 -5.58207296e-02 -5.53708896e-02 -5.44252358e-02 -5.29973693e-02
 -5.11188209e-02 -4.88210730e-02 -4.61275764e-02 -4.30514254e-02 -3.95963863e-02
 -3.57596539e-02 -3.15353014e-02 -2.69176252e-02 -2.19040439e-02 -1.64972600e-02
 -1.07067209e-02 -4.54952288e-03  1.94900506e-03  8.75482056e-03  1.58246513e-02
  2.31055114e-02  3.05346157e-02  3.80402319e-02  4.55441549e-02  5.29662296e-02
  6.02308214e-02  6.72744513e-02  7.40532055e-02  8.05484131e-02  8.67693797e-02
  9.27525386e-02  9.85572860e-02  1.04259335e-01  1.09943219e-01  1.15695260e-01
  1.21598199e-01  1.27727777e-01  1.34151086e-01  1.40926197e-01  1.48102358e-01
  1.55720323e-01  1.63812101e-01  1.72399700e-01  1.81491986e-01  1.91078529e-01
  2.01118574e-01  2.11522579e-01  2.22123161e-01  2.32635871e-01  2.42632732e-01
  2.51598418e-01  2.59070277e-01  2.64722049e-01  2.68375963e-01  2.70015031e-01
  2.69811809e-01  2.68126756e-01  2.65399992e-01  2.62022883e-01  2.58292615e-01
 -3.73779535e-02 -4.55768481e-02 -5.15729338e-02 -5.59212267e-02 -5.91633543e-02
 -6.12324849e-02 -6.20312952e-02 -6.16919175e-02 -6.04240708e-02 -5.84119149e-02
 -5.57984896e-02 -5.26853949e-02 -4.91352528e-02 -4.51776646e-02 -4.08177264e-02
 -3.60454321e-02 -3.08443438e-02 -2.51986831e-02 -1.90985743e-02 -1.25434026e-02
 -5.54346526e-03  1.87972793e-03  9.69381724e-03  1.78556535e-02  2.63102502e-02
  3.49884108e-02  4.38036621e-02  5.26500531e-02  6.14030994e-02  6.99260384e-02
  7.80823678e-02  8.57527703e-02  9.28524211e-02  9.93441865e-02  1.05244674e-01
  1.10621832e-01  1.15584351e-01  1.20265208e-01  1.24803752e-01  1.29331067e-01
  1.33961022e-01  1.38786629e-01  1.43880323e-01  1.49295762e-01  1.55070141e-01
  1.61225811e-01  1.67770952e-01  1.74698815e-01  1.81985319e-01  1.89584762e-01
  1.97423398e-01  2.05391482e-01  2.13335350e-01  2.21053988e-01  2.28307053e-01
  2.34839544e-01  2.40417525e-01  2.44861409e-01  2.48068362e-01  2.50023872e-01
  2.50802070e-01  2.50551254e-01  2.49463305e-01  2.47739092e-01  2.45562270e-01
 -3.26150693e-02 -4.17967364e-02 -5.07849306e-02 -5.95504381e-02 -6.74754530e-02
 -7.17544705e-02 -7.22986236e-02 -7.11573511e-02 -6.88460842e-02 -6.56897426e-02
 -6.19453937e-02 -5.77727184e-02 -5.32470196e-02 -4.83788215e-02 -4.31374498e-02
 -3.74731049e-02 -3.13333273e-02 -2.46741846e-02 -1.74673945e-02 -9.70431883e-03
 -1.39674381e-03  7.42604444e-03  1.67226288e-02  2.64436007e-02  3.65309641e-02
  4.69115116e-02  5.74851483e-02  6.81109130e-02  7.85966441e-02  8.87019932e-02
  9.81638357e-02  1.06741048e-01  1.14260010e-01  1.20645151e-01  1.25932112e-01
  1.30263582e-01  1.33864179e-01  1.36995077e-01  1.39905289e-01  1.42800376e-01
  1.45833537e-01  1.49110496e-01  1.52699158e-01  1.56638920e-01  1.60947531e-01
  1.65625632e-01  1.70659244e-01  1.76020294e-01  1.81666046e-01  1.87537372e-01
  1.93556547e-01  1.99625418e-01  2.05625057e-01  2.11418360e-01  2.16857210e-01
  2.21793950e-01  2.26095870e-01  2.29659140e-01  2.32419714e-01  2.34358937e-01
  2.35503212e-01  2.35917419e-01  2.35693470e-01  2.34937012e-01  2.33755216e-01
 -2.94446368e-02 -3.99151146e-02 -5.14324754e-02 -6.45598322e-02 -7.95055851e-02
 -8.70768502e-02 -8.76078531e-02 -8.46970081e-02 -7.98467472e-02 -7.46012181e-02
 -6.91507459e-02 -6.36575967e-02 -5.81371449e-02 -5.24795726e-02 -4.65331264e-02
 -4.01514992e-02 -3.32094617e-02 -2.56121662e-02 -1.73003506e-02 -8.25428218e-03
  1.49966113e-03  1.18982503e-02  2.28704978e-02  3.43614221e-02  4.63346690e-02
  5.87569512e-02  7.15692416e-02  8.46435502e-02  9.77236181e-02  1.10371821e-01
  1.22005433e-01  1.32077381e-01  1.40227482e-01  1.46303922e-01  1.50375411e-01
  1.52746111e-01  1.53950065e-01  1.54587269e-01  1.55126780e-01  1.55860081e-01
  1.56945422e-01  1.58458412e-01  1.60426483e-01  1.62848875e-01  1.65707588e-01
  1.68973014e-01  1.72606468e-01  1.76560998e-01  1.80781141e-01  1.85202330e-01
  1.89750418e-01  1.94341585e-01  1.98883504e-01  2.03277990e-01  2.07425281e-01
  2.11229965e-01  2.14607641e-01  2.17491239e-01  2.19836041e-01  2.21622333e-01
  2.22855359e-01  2.23562658e-01  2.23789111e-01  2.23591164e-01  2.23030776e-01
 -2.50188038e-02 -3.58174145e-02 -4.80834842e-02 -6.25567138e-02 -8.04677829e-02
 -9.21843275e-02 -9.91921052e-02 -9.73797441e-02 -9.22217146e-02 -8.37427154e-02
 -7.57356286e-02 -6.90146238e-02 -6.30311370e-02 -5.71720451e-02 -5.10255247e-02
 -4.43580747e-02 -3.69192176e-02 -2.85510141e-02 -1.91832501e-02 -8.71028565e-03
  2.80234776e-03  1.50923254e-02  2.79568397e-02  4.13416363e-02  5.52970730e-02
  6.99286684e-02  8.53609666e-02  1.01694018e-01  1.18896805e-01  1.36430010e-01
  1.52375162e-01  1.64974242e-01  1.74280360e-01  1.79596931e-01  1.81429952e-01
  1.79519951e-01  1.75813213e-01  1.72279283e-01  1.69511244e-01  1.67610943e-01
  1.66545436e-01  1.66244134e-01  1.66629195e-01  1.67624921e-01  1.69160008e-01
  1.71166807e-01  1.73579976e-01  1.76334709e-01  1.79365337e-01  1.82604179e-01
  1.85980886e-01  1.89422488e-01  1.92854136e-01  1.96200714e-01  1.99389204e-01
  2.02351734e-01  2.05028728e-01  2.07372025e-01  2.09347159e-01  2.10934669e-01
  2.12130114e-01  2.12942913e-01  2.13394061e-01  2.13513315e-01  2.13336110e-01
 -1.82627793e-02 -2.80954596e-02 -3.89657207e-02 -5.10391705e-02 -6.40999302e-02
 -7.73394853e-02 -9.31293070e-02 -9.51010212e-02 -9.59503949e-02 -8.54818523e-02
 -7.68409744e-02 -7.11374730e-02 -6.74238279e-02 -6.28070086e-02 -5.65878041e-02
 -5.10091931e-02 -4.35721651e-02 -3.40546519e-02 -2.46609431e-02 -1.24696214e-02
  2.40170979e-03  1.73343159e-02  3.22002992e-02  4.72511984e-02  6.27958104e-02
  7.91802481e-02  9.68175158e-02  1.16248481e-01  1.38270348e-01  1.64400175e-01
  1.92953452e-01  2.02089548e-01  2.20653832e-01  2.17106625e-01  2.24065825e-01
  2.07618341e-01  1.95233107e-01  1.86666548e-01  1.80579275e-01  1.76298365e-01
  1.73403144e-01  1.71608597e-01  1.70711175e-01  1.70558244e-01  1.71029672e-01
  1.72026277e-01  1.73462346e-01  1.75260812e-01  1.77349985e-01  1.79661483e-01
  1.82128996e-01  1.84687749e-01  1.87274724e-01  1.89829230e-01  1.92294165e-01
  1.94617420e-01  1.96753457e-01  1.98664725e-01  2.00322822e-01  2.01709062e-01
  2.02814519e-01  2.03639418e-01  2.04191998e-01  2.04487041e-01  2.04544157e-01
 -9.64501500e-03 -1.78107470e-02 -2.65361406e-02 -3.57947350e-02 -4.54423502e-02
 -5.52105866e-02 -6.44993633e-02 -7.29643553e-02 -8.49090368e-02 -7.25891218e-02
 -6.73647448e-02 -6.50828406e-02 -6.63803890e-02 -6.41995296e-02 -5.64876385e-02
 -5.40179573e-02 -4.70489562e-02 -3.52249853e-02 -2.85199247e-02 -1.49107557e-02
  4.20702202e-03  2.09809709e-02  3.68000530e-02  5.24282083e-02  6.84009045e-02
  8.51927325e-02  1.03323169e-01  1.23458505e-01  1.46541893e-01  1.73864365e-01
  2.00862855e-01  2.13501126e-01  2.28542149e-01  2.28413314e-01  2.30889708e-01
  2.16533527e-01  2.02546716e-01  1.92517370e-01  1.85293019e-01  1.80076271e-01
  1.76356882e-01  1.73800468e-01  1.72176853e-01  1.71317965e-01  1.71093866e-01
  1.71399012e-01  1.72144160e-01  1.73251167e-01  1.74649745e-01  1.76275194e-01
  1.78067088e-01  1.79968476e-01  1.81925699e-01  1.83888480e-01  1.85810432e-01
  1.87649682e-01  1.89369634e-01  1.90939590e-01  1.92335337e-01  1.93539366e-01
  1.94540873e-01  1.95335418e-01  1.95924282e-01  1.96313679e-01  1.96513772e-01
  2.64765859e+00  2.73922729e+00  2.80049706e+00  2.84514117e+00  2.87707543e+00
  2.89259171e+00  2.89236736e+00  2.88446426e+00  2.86825657e+00  2.84828186e+00
  2.82354450e+00  2.79720306e+00  2.76953697e+00  2.74105096e+00  2.71352673e+00
  2.68591452e+00  2.65949655e+00  2.63425803e+00  2.61083770e+00  2.58893633e+00
  2.56936932e+00  2.55193281e+00  2.53723836e+00  2.52444935e+00  2.51420712e+00
  2.50641346e+00  2.50077033e+00  2.49716473e+00  2.49547005e+00  2.49591684e+00
  2.49817014e+00  2.50226784e+00  2.50818968e+00  2.51588273e+00  2.52534294e+00
  2.53676391e+00  2.54992294e+00  2.56501269e+00  2.58212543e+00  2.60129452e+00
  2.62267470e+00  2.64634061e+00  2.67249894e+00  2.70135307e+00  2.73308253e+00
  2.76792479e+00  2.80631971e+00  2.84839320e+00  2.89473534e+00  2.94578695e+00
  3.00171328e+00  3.06385660e+00  3.13233638e+00  3.20830345e+00  3.29285288e+00
  3.38738179e+00  3.49393868e+00  3.61597204e+00  3.75509453e+00  3.91906548e+00
  4.11428452e+00  4.35592270e+00  4.67450857e+00  5.18023014e+00  7.59300613e+00
   91   89
  1.04691124e+00  0.00000000e+00  1.04834878e+00  1.00000001e-01  1.05250001e+00
  1.83697984e-01  1.05695724e+00  2.50000000e-01  1.06558013e+00  3.49999994e-01
  1.07559788e+00  4.49999988e-01  1.08089554e+00  5.00000000e-01  1.09071672e+00
  6.00000024e-01  1.10031331e+00  6.99999988e-01  1.10562503e+00  7.51902223e-01
  1.11679697e+00  8.50000024e-01  1.12722218e+00  9.49999988e-01  1.13218749e+00
  1.00523686e+00  1.14171040e+00  1.09435928e+00  1.14596581e+00  1.13871849e+00
  1.21187496e+00  1.12602818e+00  1.26499999e+00  1.11266279e+00  1.31029773e+00
  1.10000002e+00  1.34468746e+00  1.09172976e+00  1.39781249e+00  1.07806516e+00
  1.45093751e+00  1.06294668e+00  1.49117243e+00  1.04999995e+00  1.53062499e+00
  1.03758633e+00  1.58375001e+00  1.01835513e+00  1.62720335e+00  1.00000000e+00
  1.66343749e+00  9.84308124e-01  1.71656251e+00  9.57119405e-01  1.74312496e+00
  9.42186117e-01  1.79624999e+00  9.08792496e-01  1.82281256e+00  8.90314937e-01
  1.87478328e+00  8.50000024e-01  1.90250003e+00  8.26816440e-01  1.93153846e+00
  8.00000012e-01  1.98198581e+00  7.50000000e-01  2.00874996e+00  7.21158266e-01
  2.03531241e+00  6.90183163e-01  2.06693149e+00  6.49999976e-01  2.10247803e+00
  6.00000024e-01  2.13370681e+00  5.50000012e-01  2.16112995e+00  5.00000000e-01
  2.18539357e+00  4.49999988e-01  2.20714378e+00  4.00000006e-01  2.22692752e+00
  3.49999994e-01  2.24781251e+00  2.92437553e-01  2.27437496e+00  2.07185000e-01
  2.28923392e+00  1.50000006e-01  2.30093741e+00  8.11036676e-02  2.30704761e+00
  0.00000000e+00  2.30093741e+00 -9.22701731e-02  2.29120469e+00 -1.50000006e-01
  2.27437496e+00 -2.15555951e-01  2.24781251e+00 -2.99853414e-01  2.22919178e+00
 -3.49999994e-01  2.20889831e+00 -4.00000006e-01  2.18635273e+00 -4.49999988e-01
  2.16091132e+00 -5.00000000e-01  2.13176489e+00 -5.50000012e-01  2.09803677e+00
 -6.00000024e-01  2.06187510e+00 -6.46706581e-01  2.03531241e+00 -6.77269101e-01
  2.00874996e+00 -7.04966664e-01  1.96062326e+00 -7.50000000e-01  1.92906249e+00
 -7.76886106e-01  1.89817095e+00 -8.00000012e-01  1.84937501e+00 -8.33452940e-01
  1.82086241e+00 -8.50000024e-01  1.76968753e+00 -8.77288222e-01  1.71656251e+00
 -8.99609983e-01  1.69000006e+00 -9.09614682e-01  1.63687503e+00 -9.26001787e-01
  1.58375001e+00 -9.37713683e-01  1.53062499e+00 -9.44983184e-01  1.47749996e+00
 -9.47617412e-01  1.42437506e+00 -9.44761515e-01  1.37125003e+00 -9.34465170e-01
  1.31812501e+00 -9.12606895e-01  1.29156256e+00 -8.95148516e-01  1.24441433e+00
 -8.50000024e-01  1.21187496e+00 -8.04526925e-01  1.18531251e+00 -7.53930271e-01
  1.16333830e+00 -6.99999988e-01  1.14613819e+00 -6.49999976e-01  1.13131762e+00
 -6.00000024e-01  1.10697997e+00 -5.00000000e-01  1.09621227e+00 -4.49999988e-01
  1.07906246e+00 -3.58162224e-01  1.06986773e+00 -3.00000012e-01  1.05778933e+00
 -2.00000003e-01  1.05250001e+00 -1.36765540e-01  1.04780507e+00 -5.00000007e-02
  1.04691124e+00  0.00000000e+00
  1.01600003e+00  0.00000000e+00  1.01600003e+00  9.63999987e-01  1.01800001e+00
  9.67999995e-01  1.01800001e+00  1.00100005e+00  1.01800001e+00  1.01900005e+00
  1.01800001e+00  1.07700002e+00  1.01800001e+00  1.07000005e+00  1.01800001e+00
  1.09599996e+00  1.01800001e+00  1.11300004e+00  1.01800001e+00  1.13800001e+00
  1.01600003e+00  1.14699996e+00  1.01199996e+00  1.16499996e+00  1.00100005e+00
  1.21700001e+00  1.02900004e+00  1.21700001e+00  1.04200006e+00  1.16240001e+00
  1.04600000e+00  1.16237998e+00  1.05599999e+00  1.16260004e+00  1.09700000e+00
  1.16450000e+00  1.10800004e+00  1.16594005e+00  1.11600006e+00  1.16591001e+00
  1.13399994e+00  1.16895998e+00  1.14800000e+00  1.17174995e+00  1.16199994e+00
  1.17556000e+00  1.18099999e+00  1.18299997e+00  1.18200004e+00  1.18350005e+00
  1.18499994e+00  1.18499994e+00  1.19000006e+00  1.18799996e+00  1.19500005e+00
  1.19099998e+00  1.20099998e+00  1.19599998e+00  1.20899999e+00  1.20200002e+00
  1.21500003e+00  1.20799994e+00  1.22200000e+00  1.21399999e+00  1.22800004e+00
  1.22099996e+00  1.23399997e+00  1.23099995e+00  1.23899996e+00  1.23800004e+00
  1.24199998e+00  1.24399996e+00  1.24800003e+00  1.25399995e+00  1.25800002e+00
  1.27800000e+00  1.26300001e+00  1.28999996e+00  1.27999997e+00  1.33099997e+00
  1.27999997e+00  1.34700000e+00  1.27999997e+00  1.34800005e+00  1.30999994e+00
  1.34800005e+00  1.32799995e+00  1.34800005e+00  1.36099994e+00  1.34800005e+00
  1.38000000e+00  1.34800005e+00  1.41900003e+00  1.34800005e+00  1.41900003e+00
  1.30999994e+00  1.37199998e+00  1.30999994e+00  1.37199998e+00  1.29200006e+00
  1.60800004e+00  1.09500003e+00  1.64699996e+00  1.07700002e+00  1.78499997e+00
  1.07700002e+00  2.06999993e+00  1.03999996e+00  2.12800002e+00  9.92999971e-01
  2.24499989e+00  7.08999991e-01  2.32299995e+00  5.18999994e-01  2.37700009e+00
  3.88999999e-01  2.35200000e+00  4.00000006e-01  2.35100007e+00  3.37000012e-01
  2.35100007e+00  2.04999998e-01  2.35400009e+00  6.80000037e-02  2.35400009e+00
  0.00000000e+00  2.35400009e+00 -6.80000037e-02  2.35299993e+00 -2.04999998e-01
  2.35100007e+00 -3.37000012e-01  2.35299993e+00 -4.00000006e-01  2.37700009e+00
 -3.88999999e-01  2.13400006e+00 -9.72999990e-01  1.78600001e+00 -1.17400002e+00
  1.76800001e+00 -1.21099997e+00  1.76800001e+00 -1.25399995e+00  1.68200004e+00
 -1.25399995e+00  1.67400002e+00 -1.26199996e+00  1.67400002e+00 -1.32900000e+00
  1.68099999e+00 -1.33899999e+00  1.75399995e+00 -1.33899999e+00  1.75399995e+00
 -1.36800003e+00  1.68900001e+00 -1.36800003e+00  1.68900001e+00 -1.36600006e+00
  1.55499995e+00 -1.36600006e+00  1.41199994e+00 -1.36600006e+00  1.27300000e+00
 -1.36600006e+00  1.15300000e+00 -1.36600006e+00  1.01600003e+00 -1.22899997e+00
  1.01600003e+00 -8.00000012e-01  1.01600003e+00 -4.14999992e-01  1.01600003e+00
 -4.00000006e-01  1.01600003e+00  0.00000000e+00
    0 0.000000000e+00    0
  0.00000000e+00  1.19681805e-01  1.70527101e-01  2.10055396e-01  2.42388979e-01
  2.72232533e-01  2.99102306e-01  3.23813766e-01  3.46632689e-01  3.67971390e-01
  3.87857407e-01  4.06788111e-01  4.24550802e-01  4.41476196e-01  4.57665175e-01
  4.73114222e-01  4.87865746e-01  5.02138078e-01  5.15901744e-01  5.29102147e-01
  5.41936159e-01  5.54417968e-01  5.66501379e-01  5.78295231e-01  5.89792550e-01
  6.01025760e-01  6.12044334e-01  6.22857869e-01  6.33442223e-01  6.43846273e-01
  6.54132903e-01  6.64258897e-01  6.74233198e-01  6.84101880e-01  6.93873763e-01
  7.03536510e-01  7.13115335e-01  7.22619951e-01  7.32074261e-01  7.41465509e-01
  7.50802577e-01  7.60106981e-01  7.69400895e-01  7.78671026e-01  7.87927091e-01
  7.97185957e-01  8.06484938e-01  8.15785229e-01  8.25137734e-01  8.34538937e-01
  8.43980670e-01  8.53542268e-01  8.63189042e-01  8.72946322e-01  8.82839799e-01
  8.92871797e-01  9.03102994e-01  9.13594425e-01  9.24284816e-01  9.35310185e-01
  9.46681380e-01  9.58568990e-01  9.71020341e-01  9.84443069e-01  1.00000000e+00
    0
