   EFIT?   05/12/98      #102940   934             3  65  65
  1.70000005e+00  3.20000005e+00  1.69550002e+00  8.39999974e-01  0.00000000e+00
  1.76130950e+00  1.39394850e-02 -2.81920165e-01 -6.12087213e-02 -2.00212383e+00
  1.30335212e+06 -2.81920165e-01  0.00000000e+00  1.76130950e+00  0.00000000e+00
  1.39394850e-02  0.00000000e+00 -6.12087213e-02  0.00000000e+00  0.00000000e+00
 -3.43566751e+00 -3.44001913e+00 -3.44363904e+00 -3.44659257e+00 -3.44893980e+00
 -3.45073581e+00 -3.45203018e+00 -3.45286870e+00 -3.45329356e+00 -3.45334315e+00
 -3.45305371e+00 -3.45245790e+00 -3.45158720e+00 -3.45046997e+00 -3.44913411e+00
 -3.44760537e+00 -3.44590831e+00 -3.44406652e+00 -3.44210362e+00 -3.44004154e+00
 -3.43790293e+00 -3.43570852e+00 -3.43347812e+00 -3.43122935e+00 -3.42897820e+00
 -3.42673922e+00 -3.42452526e+00 -3.42234850e+00 -3.42021918e+00 -3.41814685e+00
 -3.41614008e+00 -3.41420627e+00 -3.41235209e+00 -3.41058302e+00 -3.40890408e+00
 -3.40731955e+00 -3.40583277e+00 -3.40444636e+00 -3.40316248e+00 -3.40198231e+00
 -3.40090656e+00 -3.39993525e+00 -3.39906788e+00 -3.39830279e+00 -3.39763832e+00
 -3.39707160e+00 -3.39659905e+00 -3.39621687e+00 -3.39591956e+00 -3.39570165e+00
 -3.39555645e+00 -3.39547586e+00 -3.39545178e+00 -3.39547420e+00 -3.39553213e+00
 -3.39561367e+00 -3.39570475e+00 -3.39579082e+00 -3.39585495e+00 -3.39587879e+00
 -3.39584184e+00 -3.39572167e+00 -3.39549351e+00 -3.39512992e+00 -3.39460087e+00
  4.73457461e+04  4.21413594e+04  3.75152812e+04  3.34243477e+04  2.98275059e+04
  2.66857559e+04  2.39620508e+04  2.16212148e+04  1.96298711e+04  1.79563594e+04
  1.65706797e+04  1.54444150e+04  1.45506729e+04  1.38640283e+04  1.33604648e+04
  1.30173232e+04  1.28132500e+04  1.27281543e+04  1.27431592e+04  1.28405635e+04
  1.30038008e+04  1.32174043e+04  1.34669727e+04  1.37391377e+04  1.40215352e+04
  1.43027793e+04  1.45724346e+04  1.48209961e+04  1.50398643e+04  1.52213330e+04
  1.53585654e+04  1.54455830e+04  1.54772520e+04  1.54492695e+04  1.53581582e+04
  1.52012559e+04  1.49767090e+04  1.46834727e+04  1.43213037e+04  1.38907617e+04
  1.33932119e+04  1.28308252e+04  1.22065850e+04  1.15242939e+04  1.07885820e+04
  1.00049150e+04  9.17960938e+03  8.31984277e+03  7.43367236e+03  6.53005273e+03
  5.61885352e+03  4.71088330e+03  3.81791113e+03  2.95269458e+03  2.12900562e+03
  1.36166333e+03  6.66564209e+02  6.07183189e+01 -4.37713470e+02 -8.09379822e+02
 -1.03369617e+03 -1.08879968e+03 -9.51501221e+02 -5.97233948e+02  0.00000000e+00
  4.71763515e+00  3.95881152e+00  3.26637721e+00  2.63474751e+00  2.05887341e+00
  1.53419518e+00  1.05660427e+00  6.22405887e-01  2.28286862e-01 -1.28713310e-01
 -4.51228708e-01 -7.41590142e-01 -1.00184560e+00 -1.23377812e+00 -1.43892193e+00
 -1.61857533e+00 -1.77381253e+00 -1.90549326e+00 -2.01426935e+00 -2.10059214e+00
 -2.16489029e+00 -2.20869827e+00 -2.23395157e+00 -2.24242592e+00 -2.23574924e+00
 -2.21541643e+00 -2.18280149e+00 -2.13917136e+00 -2.08569574e+00 -2.02345729e+00
 -1.95346224e+00 -1.87664831e+00 -1.79389310e+00 -1.70602238e+00 -1.61381650e+00
 -1.51801789e+00 -1.41933727e+00 -1.31846011e+00 -1.21605253e+00 -1.11276734e+00
 -1.00924921e+00 -9.06141222e-01 -8.04089785e-01 -7.03750730e-01 -6.05794907e-01
 -5.10914087e-01 -4.19827193e-01 -3.33286375e-01 -2.52083898e-01 -1.77058905e-01
 -1.09104924e-01 -4.91776206e-02  1.69669650e-03  4.24121171e-02  7.17733651e-02
  8.84853080e-02  9.11415592e-02  7.82120824e-02  4.80297916e-02 -1.22417789e-03
 -7.15364143e-02 -1.65078744e-01 -2.84227282e-01 -4.31583405e-01 -6.09996557e-01
 -1.59617875e+06 -1.42206750e+06 -1.26079100e+06 -1.11171800e+06 -9.74244062e+05
 -8.47790438e+05 -7.31802375e+05 -6.25748125e+05 -5.29117938e+05 -4.41422500e+05
 -3.62192438e+05 -2.90976812e+05 -2.27342281e+05 -1.70872250e+05 -1.21165812e+05
 -7.78369453e+04 -4.05136484e+04 -8.83710059e+03  1.75390977e+04  3.89497031e+04
  5.57185547e+04  6.81592891e+04  7.65760469e+04  8.12641016e+04  8.25105391e+04
  8.05949062e+04  7.57897578e+04  6.83613359e+04  5.85701016e+04  4.66713242e+04
  3.29156367e+04  1.75496016e+04  8.16234070e+02 -1.70444492e+04 -3.57949141e+04
 -5.51995820e+04 -7.50243125e+04 -9.50358750e+04 -1.15001469e+05 -1.34688188e+05
 -1.53862500e+05 -1.72289750e+05 -1.89733672e+05 -2.05955797e+05 -2.20714984e+05
 -2.33766891e+05 -2.44863406e+05 -2.53752141e+05 -2.60175828e+05 -2.63871812e+05
 -2.64571406e+05 -2.61999391e+05 -2.55873281e+05 -2.45902875e+05 -2.31789438e+05
 -2.13225188e+05 -1.89892516e+05 -1.61463391e+05 -1.27598508e+05 -8.79466797e+04
 -4.21439727e+04  1.01870625e+04  6.94382188e+04  1.36016500e+05  2.10345000e+05
 -1.71325058e-02 -2.42205374e-02 -3.18136774e-02 -3.98647562e-02 -4.82170954e-02
 -5.65912798e-02 -6.43619224e-02 -7.12946951e-02 -7.95860440e-02 -6.68315068e-02
 -5.98867238e-02 -5.52212112e-02 -5.30451871e-02 -4.91803400e-02 -4.17326987e-02
 -3.76133248e-02 -3.10552809e-02 -2.11954638e-02 -1.44769372e-02 -3.77399614e-03
  1.07394056e-02  2.38785744e-02  3.65559757e-02  4.92957383e-02  6.24876581e-02
  7.64986277e-02  9.17483270e-02  1.08789772e-01  1.28421545e-01  1.51587814e-01
  1.73334405e-01  1.85084909e-01  1.96124479e-01  1.96924224e-01  1.96957022e-01
  1.85298041e-01  1.72614112e-01  1.63234293e-01  1.56287238e-01  1.51088834e-01
  1.47202820e-01  1.44341648e-01  1.42306075e-01  1.40950203e-01  1.40161470e-01
  1.39849022e-01  1.39936596e-01  1.40358075e-01  1.41054481e-01  1.41971990e-01
  1.43060625e-01  1.44273445e-01  1.45566240e-01  1.46897480e-01  1.48228630e-01
  1.49524510e-01  1.50753930e-01  1.51890144e-01  1.52911395e-01  1.53801084e-01
  1.54547945e-01  1.55145809e-01  1.55593216e-01  1.55892849e-01  1.56050786e-01
 -2.43017785e-02 -3.29634547e-02 -4.26367149e-02 -5.34639768e-02 -6.51797056e-02
 -7.70159289e-02 -9.14307982e-02 -9.12337676e-02 -9.02455598e-02 -7.83679038e-02
 -6.84577525e-02 -6.11066185e-02 -5.54634072e-02 -4.96540777e-02 -4.30567451e-02
 -3.69387977e-02 -2.98216864e-02 -2.14308873e-02 -1.30619844e-02 -3.00904433e-03
  8.79748911e-03  2.07936913e-02  3.29113156e-02  4.53486778e-02  5.83583266e-02
  7.22392648e-02  8.73680487e-02  1.04259744e-01  1.23677209e-01  1.46646410e-01
  1.68617114e-01  1.79793090e-01  1.91381559e-01  1.91771075e-01  1.92633286e-01
  1.80860698e-01  1.68639556e-01  1.59756124e-01  1.53268486e-01  1.48514986e-01
  1.45074233e-01  1.42664596e-01  1.41088635e-01  1.40201196e-01  1.39890417e-01
  1.40065953e-01  1.40651524e-01  1.41580015e-01  1.42790258e-01  1.44224852e-01
  1.45828828e-01  1.47548974e-01  1.49333552e-01  1.51132762e-01  1.52899355e-01
  1.54589668e-01  1.56164825e-01  1.57591864e-01  1.58844724e-01  1.59904793e-01
  1.60761192e-01  1.61410436e-01  1.61855668e-01  1.62105694e-01  1.62173644e-01
 -2.95174029e-02 -3.90997864e-02 -5.01681790e-02 -6.34587035e-02 -8.01504329e-02
 -8.97932649e-02 -9.55430120e-02 -9.22260135e-02 -8.60042796e-02 -7.65540749e-02
 -6.77007213e-02 -6.00923896e-02 -5.32849096e-02 -4.68082987e-02 -4.03319150e-02
 -3.36513594e-02 -2.65667196e-02 -1.89392641e-02 -1.06900949e-02 -1.72388589e-03
  7.95390364e-03  1.82181913e-02  2.89787501e-02  4.02401835e-02  5.20793907e-02
  6.46183491e-02  7.80054033e-02  9.23926383e-02  1.07869774e-01  1.24120578e-01
  1.38858706e-01  1.49742380e-01  1.57737479e-01  1.61378026e-01  1.61956489e-01
  1.58165753e-01  1.52745441e-01  1.47951677e-01  1.44136131e-01  1.41271085e-01
  1.39262423e-01  1.38009459e-01  1.37419850e-01  1.37412116e-01  1.37914434e-01
  1.38862297e-01  1.40196085e-01  1.41858950e-01  1.43795073e-01  1.45948336e-01
  1.48261398e-01  1.50675341e-01  1.53129935e-01  1.55564487e-01  1.57919481e-01
  1.60138652e-01  1.62171364e-01  1.63975149e-01  1.65517583e-01  1.66777730e-01
  1.67746484e-01  1.68426007e-01  1.68828294e-01  1.68973088e-01  1.68885544e-01
 -3.21847126e-02 -4.14123721e-02 -5.17607369e-02 -6.37817606e-02 -7.74991959e-02
 -8.33304971e-02 -8.29397440e-02 -7.91228414e-02 -7.35960603e-02 -6.77080676e-02
 -6.16565607e-02 -5.56276999e-02 -4.96719591e-02 -4.37251590e-02 -3.76789011e-02
 -3.14210653e-02 -2.48505902e-02 -1.78850610e-02 -1.04645211e-02 -2.55381945e-03
  5.85375912e-03  1.47421667e-02  2.40902007e-02  3.38859111e-02  4.41274308e-02
  5.48108146e-02  6.59058690e-02  7.73151293e-02  8.88078958e-02  9.99441668e-02
  1.10096030e-01  1.18678860e-01  1.25331327e-01  1.29899949e-01  1.32451639e-01
  1.33291200e-01  1.32996768e-01  1.32216662e-01  1.31421462e-01  1.30876422e-01
  1.30711034e-01  1.30978584e-01  1.31691501e-01  1.32840216e-01  1.34402856e-01
  1.36349961e-01  1.38646483e-01  1.41252279e-01  1.44121811e-01  1.47203520e-01
  1.50439128e-01  1.53763309e-01  1.57104105e-01  1.60384417e-01  1.63524777e-01
  1.66447490e-01  1.69081509e-01  1.71367571e-01  1.73262507e-01  1.74741998e-01
  1.75801396e-01  1.76454425e-01  1.76729962e-01  1.76667765e-01  1.76313758e-01
 -3.31864543e-02 -4.10999022e-02 -4.89948764e-02 -5.68020195e-02 -6.37876913e-02
 -6.71129823e-02 -6.69821128e-02 -6.52790964e-02 -6.24674521e-02 -5.88678233e-02
 -5.47395460e-02 -5.02541326e-02 -4.55062836e-02 -4.05300446e-02 -3.53185795e-02
 -2.98428237e-02 -2.40656026e-02 -1.79511625e-02 -1.14712734e-02 -4.60880389e-03
  2.64096726e-03  1.02713648e-02  1.82666555e-02  2.66032759e-02  3.52474228e-02
  4.41477709e-02  5.32234348e-02  6.23489022e-02  7.13413507e-02  7.99613819e-02
  8.79397318e-02  9.50274542e-02  1.01045959e-01  1.05918266e-01  1.09681956e-01
  1.12485901e-01  1.14564694e-01  1.16188340e-01  1.17607899e-01  1.19023457e-01
  1.20578349e-01  1.22367650e-01  1.24450058e-01  1.26858145e-01  1.29605785e-01
  1.32692799e-01  1.36107609e-01  1.39828250e-01  1.43822089e-01  1.48044720e-01
  1.52438402e-01  1.56930313e-01  1.61431715e-01  1.65839031e-01  1.70037866e-01
  1.73910737e-01  1.77347437e-01  1.80256262e-01  1.82573423e-01  1.84269145e-01
  1.85349137e-01  1.85851425e-01  1.85838863e-01  1.85389146e-01  1.84584826e-01
 -3.49687114e-02 -4.18717004e-02 -4.70298938e-02 -5.08383587e-02 -5.36796674e-02
 -5.53945340e-02 -5.58671243e-02 -5.52280806e-02 -5.36860153e-02 -5.14288284e-02
 -4.86084819e-02 -4.53394912e-02 -4.17001843e-02 -3.77371721e-02 -3.34722176e-02
 -2.89099868e-02 -2.40453593e-02 -1.88695323e-02 -1.33746983e-02 -7.55731342e-03
 -1.42018555e-03  5.02632186e-03  1.17634162e-02  1.87626462e-02  2.59837173e-02
  3.33712101e-02  4.08507586e-02  4.83261384e-02  5.56795746e-02  6.27778694e-02
  6.94855005e-02  7.56827742e-02  8.12843964e-02  8.62535164e-02  9.06080976e-02
  9.44184214e-02  9.77957472e-02  1.00874677e-01  1.03794105e-01  1.06682152e-01
  1.09647676e-01  1.12777621e-01  1.16138190e-01  1.19777560e-01  1.23728730e-01
  1.28011793e-01  1.32635236e-01  1.37595996e-01  1.42878324e-01  1.48451015e-01
  1.54263198e-01  1.60238564e-01  1.66269109e-01  1.72210813e-01  1.77885965e-01
  1.83097243e-01  1.87652871e-01  1.91393897e-01  1.94214895e-01  1.96075961e-01
  1.97006583e-01  1.97099373e-01  1.96490988e-01  1.95335642e-01  1.93781525e-01
 -4.04936895e-02 -4.95384336e-02 -4.84319553e-02 -4.76534478e-02 -4.81711328e-02
 -4.86340895e-02 -4.86862846e-02 -4.82138619e-02 -4.72073555e-02 -4.57029343e-02
 -4.37513627e-02 -4.14021909e-02 -3.86963710e-02 -3.56637537e-02 -3.23234759e-02
 -2.86860317e-02 -2.47560758e-02 -2.05353554e-02 -1.60253681e-02 -1.12296166e-02
 -6.15538051e-03 -8.15140607e-04  4.77222260e-03  1.05802771e-02  1.65738743e-02
  2.27080677e-02  2.89275032e-02  3.51668596e-02  4.13530469e-02  4.74096686e-02
  5.32636531e-02  5.88532276e-02  6.41357154e-02  6.90935105e-02  7.37369210e-02
  7.81032220e-02  8.22522193e-02  8.62592235e-02  9.02071670e-02  9.41794515e-02
  9.82545689e-02  1.02502994e-01  1.06985845e-01  1.11754909e-01  1.16853237e-01
  1.22315884e-01  1.28170311e-01  1.34435996e-01  1.41122788e-01  1.48227200e-01
  1.55725583e-01  1.63562253e-01  1.71630442e-01  1.79745108e-01  1.87615663e-01
  1.94859073e-01  2.01090842e-01  2.06014529e-01  2.09446281e-01  2.11321071e-01
  2.11710751e-01  2.10838750e-01  2.09030807e-01  2.06609905e-01  2.03835353e-01
 -3.38059664e-02 -3.94483842e-02 -4.23065759e-02 -4.32801619e-02 -4.35699634e-02
 -4.36200872e-02 -4.34701815e-02 -4.30739410e-02 -4.23912071e-02 -4.14022580e-02
 -4.01033945e-02 -3.84999439e-02 -3.66006903e-02 -3.44143957e-02 -3.19480710e-02
 -2.92065796e-02 -2.61931214e-02 -2.29101703e-02 -1.93606410e-02 -1.55490674e-02
 -1.14826960e-02 -7.17244484e-03 -2.63372576e-03  2.11289269e-03  7.04122568e-03
  1.21193156e-02  1.73097569e-02  2.25707088e-02  2.78577656e-02  3.31267342e-02
  3.83371674e-02  4.34562266e-02  4.84623127e-02  5.33478186e-02  5.81205338e-02
  6.28034100e-02  6.74328133e-02  7.20556080e-02  7.67256692e-02  8.15005302e-02
  8.64384323e-02  9.15963948e-02  9.70290303e-02  1.02788262e-01  1.08923554e-01
  1.15482636e-01  1.22512259e-01  1.30058959e-01  1.38169304e-01  1.46888986e-01
  1.56259313e-01  1.66307971e-01  1.77026868e-01  1.88322961e-01  1.99897394e-01
  2.10647345e-01  2.19549298e-01  2.26242214e-01  2.30474591e-01  2.32096627e-01
  2.31052667e-01  2.27792218e-01  2.23551482e-01  2.18932688e-01  2.14284822e-01
 -3.56635302e-02 -4.35088575e-02 -4.17899005e-02 -3.99220549e-02 -3.94476429e-02
 -3.92671451e-02 -3.91310193e-02 -3.89327072e-02 -3.86072472e-02 -3.81108150e-02
 -3.74141932e-02 -3.64986658e-02 -3.53525877e-02 -3.39687318e-02 -3.23424451e-02
 -3.04705352e-02 -2.83508077e-02 -2.59820521e-02 -2.33643223e-02 -2.04993803e-02
 -1.73911992e-02 -1.40464567e-02 -1.04749491e-02 -6.68988284e-03 -2.70797987e-03
  1.45066984e-03  5.76308044e-03  1.02042360e-02  1.47483805e-02  1.93706956e-02
  2.40492560e-02  2.87670661e-02  3.35139185e-02  3.82878371e-02  4.30958755e-02
  4.79542017e-02  5.28874546e-02  5.79276010e-02  6.31124079e-02  6.84839711e-02
  7.40873292e-02  7.99696073e-02  8.61795470e-02  9.27676931e-02  9.97871161e-02
  1.07294798e-01  1.15353711e-01  1.24035731e-01  1.33425683e-01  1.43627137e-01
  1.54770777e-01  1.67027339e-01  1.80628076e-01  1.95889056e-01  2.13071123e-01
  2.30184004e-01  2.41812274e-01  2.51669317e-01  2.56838053e-01  2.58063018e-01
  2.56028295e-01  2.47682631e-01  2.38903344e-01  2.30967447e-01  2.23876253e-01
 -2.67371181e-02 -3.18186656e-02 -3.41113508e-02 -3.46532688e-02 -3.47477309e-02
 -3.48606072e-02 -3.50432917e-02 -3.52475084e-02 -3.54139656e-02 -3.54919955e-02
 -3.54421362e-02 -3.52347046e-02 -3.48476358e-02 -3.42643969e-02 -3.34724225e-02
 -3.24619152e-02 -3.12251579e-02 -2.97561213e-02 -2.80503575e-02 -2.61050668e-02
 -2.39192769e-02 -2.14940365e-02 -1.88325960e-02 -1.59405079e-02 -1.28256110e-02
 -9.49784461e-03 -5.96888410e-03 -2.25153891e-03  1.64105569e-03  5.69643872e-03
  9.90394689e-03  1.42558673e-02  1.87484976e-02  2.33830102e-02  2.81660166e-02
  3.31097879e-02  3.82321402e-02  4.35560383e-02  4.91090789e-02  5.49229309e-02
  6.10328950e-02  6.74777105e-02  7.42997155e-02  8.15454572e-02  8.92668664e-02
  9.75231826e-02  1.06383808e-01  1.15932554e-01  1.26273900e-01  1.37542486e-01
  1.49917960e-01  1.63649365e-01  1.79097041e-01  1.96803510e-01  2.17501029e-01
  2.39794075e-01  2.55210578e-01  2.67420292e-01  2.74716109e-01  2.76040673e-01
  2.74320185e-01  2.63667136e-01  2.50839800e-01  2.39696935e-01  2.30389640e-01
 -2.43168548e-02 -3.07685193e-02 -3.06351334e-02 -2.95224525e-02 -2.96078883e-02
 -3.01535986e-02 -3.09032630e-02 -3.17326598e-02 -3.25642079e-02 -3.33433002e-02
 -3.40293385e-02 -3.45912017e-02 -3.50044444e-02 -3.52494009e-02 -3.53098400e-02
 -3.51720005e-02 -3.48239504e-02 -3.42552252e-02 -3.34566161e-02 -3.24201770e-02
 -3.11393142e-02 -2.96088699e-02 -2.78252568e-02 -2.57864967e-02 -2.34922357e-02
 -2.09436491e-02 -1.81432478e-02 -1.50945606e-02 -1.18016805e-02 -8.26870557e-03
 -4.49908851e-03 -4.94942709e-04  3.74364690e-03  8.21925234e-03  1.29375989e-02
  1.79078728e-02  2.31428221e-02  2.86587216e-02  3.44753042e-02  4.06156704e-02
  4.71063145e-02  5.39772883e-02  6.12625889e-02  6.90009072e-02  7.72367716e-02
  8.60222653e-02  9.54194814e-02  1.05504028e-01  1.16369903e-01  1.28136322e-01
  1.40957162e-01  1.55033335e-01  1.70627400e-01  1.88078776e-01  2.07839951e-01
  2.30572879e-01  2.51525581e-01  2.62698025e-01  2.74172783e-01  2.75419712e-01
  2.75229782e-01  2.68402249e-01  2.54184186e-01  2.41545483e-01  2.31341526e-01
 -1.30818775e-02 -1.77041013e-02 -2.02696864e-02 -2.17970870e-02 -2.32937988e-02
 -2.49173846e-02 -2.66120080e-02 -2.83186976e-02 -2.99935695e-02 -3.16031836e-02
 -3.31205428e-02 -3.45228426e-02 -3.57902013e-02 -3.69047783e-02 -3.78502011e-02
 -3.86110842e-02 -3.91727127e-02 -3.95208299e-02 -3.96415815e-02 -3.95215936e-02
 -3.91482748e-02 -3.85099724e-02 -3.75960916e-02 -3.63971852e-02 -3.49050686e-02
 -3.31129096e-02 -3.10152676e-02 -2.86080204e-02 -2.58882511e-02 -2.28540152e-02
 -1.95040014e-02 -1.58371162e-02 -1.18519384e-02 -7.54610449e-03 -2.91566341e-03
  2.04537460e-03  7.34504499e-03  1.29934847e-02  1.90030634e-02  2.53885351e-02
  3.21672335e-02  3.93593274e-02  4.69881967e-02  5.50809391e-02  6.36690706e-02
  7.27894455e-02  8.24854523e-02  9.28084254e-02  1.03819348e-01  1.15590625e-01
  1.28207520e-01  1.41768754e-01  1.56385243e-01  1.72177196e-01  1.89280540e-01
  2.07983837e-01  2.29768366e-01  2.42407531e-01  2.50275254e-01  2.59576440e-01
  2.55363345e-01  2.57736951e-01  2.45101660e-01  2.33528361e-01  2.25063860e-01
 -2.13837717e-03 -5.91624714e-03 -9.74952243e-03 -1.33592226e-02 -1.66171771e-02
 -1.96219180e-02 -2.24642474e-02 -2.51888521e-02 -2.78116819e-02 -3.03339679e-02
 -3.27495188e-02 -3.50482166e-02 -3.72177288e-02 -3.92443053e-02 -4.11131270e-02
 -4.28084247e-02 -4.43134718e-02 -4.56104949e-02 -4.66806665e-02 -4.75042053e-02
 -4.80620004e-02 -4.83355783e-02 -4.83070090e-02 -4.79590558e-02 -4.72754911e-02
 -4.62414548e-02 -4.48437817e-02 -4.30712849e-02 -4.09149304e-02 -3.83679420e-02
 -3.54258157e-02 -3.20861377e-02 -2.83481702e-02 -2.42119338e-02 -1.96767375e-02
 -1.47396661e-02 -9.39744152e-03 -3.64637212e-03  2.51817564e-03  9.10210144e-03
  1.61128249e-02  2.35595144e-02  3.14532928e-02  3.98073979e-02  4.86373007e-02
  5.79607002e-02  6.77973628e-02  7.81685859e-02  8.90960768e-02  1.00599691e-01
  1.12693310e-01  1.25377342e-01  1.38625488e-01  1.52360290e-01  1.66403696e-01
  1.80361718e-01  1.93408400e-01  2.04412177e-01  2.12873593e-01  2.18651339e-01
  2.21629232e-01  2.22056508e-01  2.20127910e-01  2.16738015e-01  2.12975144e-01
  6.51835185e-03  3.28776683e-03 -1.73518574e-03 -6.67981617e-03 -1.10553959e-02
 -1.51135009e-02 -1.89593472e-02 -2.26477608e-02 -2.62082927e-02 -2.96550728e-02
 -3.29922400e-02 -3.62172537e-02 -3.93229015e-02 -4.22984473e-02 -4.51303273e-02
 -4.78024743e-02 -5.02964519e-02 -5.25909550e-02 -5.46618626e-02 -5.64771704e-02
 -5.80115207e-02 -5.92399836e-02 -6.01368323e-02 -6.06760196e-02 -6.08320720e-02
 -6.05810359e-02 -5.99012189e-02 -5.87738268e-02 -5.71834892e-02 -5.51187471e-02
 -5.25725707e-02 -4.95428927e-02 -4.60328981e-02 -4.20502201e-02 -3.76026295e-02
 -3.26836407e-02 -2.72948202e-02 -2.14407314e-02 -1.51255447e-02 -8.35299864e-03
 -1.12632744e-03  6.55202428e-03  1.46804135e-02  2.32578609e-02  3.22837383e-02
  4.17571217e-02  5.16757183e-02  6.20342642e-02  7.28220716e-02  8.40193406e-02
  9.55916643e-02  1.07481882e-01  1.19598158e-01  1.31797254e-01  1.43863589e-01
  1.55492082e-01  1.66300088e-01  1.75897002e-01  1.83978856e-01  1.90370485e-01
  1.95026875e-01  1.98032960e-01  1.99601024e-01  2.00055584e-01  1.99758276e-01
  1.09311258e-02  7.30087748e-03  2.86155683e-03 -2.00771191e-03 -6.90090237e-03
 -1.16811665e-02 -1.63339712e-02 -2.08720602e-02 -2.53089163e-02 -2.96530277e-02
 -3.39073725e-02 -3.80700380e-02 -4.21348438e-02 -4.60917614e-02 -4.99271750e-02
 -5.36243059e-02 -5.71645871e-02 -6.05229810e-02 -6.36876076e-02 -6.65629357e-02
 -6.91396147e-02 -7.13906735e-02 -7.32809529e-02 -7.47723803e-02 -7.58271366e-02
 -7.64095932e-02 -7.64875188e-02 -7.60328844e-02 -7.50224665e-02 -7.34385103e-02
 -7.12698773e-02 -6.85141161e-02 -6.51813671e-02 -6.13022037e-02 -5.69435544e-02
 -5.20159528e-02 -4.65441272e-02 -4.05528434e-02 -3.40552032e-02 -2.70647798e-02
 -1.95964202e-02 -1.16641996e-02 -3.28204036e-03  5.53591875e-03  1.47751365e-02
  2.44195480e-02  3.44501399e-02  4.48430888e-02  5.55673093e-02  6.65813088e-02
  7.78291449e-02  8.92354399e-02  1.00699797e-01  1.12091444e-01  1.23246416e-01
  1.33970976e-01  1.44055143e-01  1.53296471e-01  1.61527127e-01  1.68634966e-01
  1.74574658e-01  1.79369748e-01  1.83106363e-01  1.85917199e-01  1.87956825e-01
  1.69652794e-02  1.37407407e-02  7.74734141e-03  1.80933287e-03 -3.73931369e-03
 -9.17413738e-03 -1.45434141e-02 -1.98588129e-02 -2.51238141e-02 -3.03388387e-02
 -3.55020426e-02 -4.06092070e-02 -4.56533842e-02 -5.06241061e-02 -5.55060171e-02
 -6.02766499e-02 -6.49337098e-02 -6.93791285e-02 -7.36103654e-02 -7.75899887e-02
 -8.12738463e-02 -8.46124813e-02 -8.75542983e-02 -9.00485069e-02 -9.20473188e-02
 -9.35074240e-02 -9.43907723e-02 -9.46649462e-02 -9.43032503e-02 -9.32847336e-02
 -9.15944204e-02 -8.92236531e-02 -8.61708149e-02 -8.24417323e-02 -7.80480877e-02
 -7.29985908e-02 -6.73324615e-02 -6.11357093e-02 -5.43871224e-02 -4.71071713e-02
 -3.93296108e-02 -3.10778785e-02 -2.23769080e-02 -1.32533703e-02 -3.73186124e-03
  6.16125669e-03  1.63965560e-02  2.69398540e-02  3.77503671e-02  4.87786792e-02
  5.99644929e-02  7.12343752e-02  8.24998990e-02  9.36567858e-02  1.04586117e-01
  1.15158379e-01  1.25240877e-01  1.34707689e-01  1.43450469e-01  1.51387513e-01
  1.58469662e-01  1.64681807e-01  1.70040458e-01  1.74587265e-01  1.78380445e-01
  1.88822690e-02  1.50296176e-02  1.01196021e-02  4.50522546e-03 -1.39402191e-03
 -7.39533082e-03 -1.34403845e-02 -1.95068028e-02 -2.55825110e-02 -3.16593796e-02
 -3.77311893e-02 -4.37925793e-02 -4.98382263e-02 -5.58618009e-02 -6.18536063e-02
 -6.76893741e-02 -7.34004527e-02 -7.89625645e-02 -8.43327194e-02 -8.94532874e-02
 -9.42595527e-02 -9.86849070e-02 -1.02664739e-01 -1.06139071e-01 -1.09054223e-01
 -1.11363612e-01 -1.13027848e-01 -1.14014514e-01 -1.14297532e-01 -1.13856569e-01
 -1.12676367e-01 -1.10746212e-01 -1.08059496e-01 -1.04613326e-01 -1.00408413e-01
 -9.54497829e-02 -8.97516385e-02 -8.33393633e-02 -7.62449056e-02 -6.85355812e-02
 -6.03476167e-02 -5.16717210e-02 -4.25430238e-02 -3.30141969e-02 -2.31062695e-02
 -1.28513956e-02 -2.28356593e-03  8.55901092e-03  1.96329113e-02  3.08886245e-02
  4.22695987e-02  5.37113659e-02  6.51410595e-02  7.64776319e-02  8.76331031e-02
  9.85149369e-02  1.09029599e-01  1.19086824e-01  1.28603950e-01  1.37509689e-01
  1.45746544e-01  1.53271973e-01  1.60058051e-01  1.66090280e-01  1.71366081e-01
  2.40872130e-02  2.05825530e-02  1.39471227e-02  7.18772784e-03  5.96405705e-04
 -6.07677363e-03 -1.28430650e-02 -1.96843874e-02 -2.65838392e-02 -3.35297547e-02
 -4.05149311e-02 -4.75356393e-02 -5.45917563e-02 -6.16891533e-02 -6.86821118e-02
 -7.56031275e-02 -8.24406594e-02 -8.91490206e-02 -9.56616029e-02 -1.01900674e-01
 -1.07785180e-01 -1.13236398e-01 -1.18181735e-01 -1.22556902e-01 -1.26306906e-01
 -1.29386023e-01 -1.31757304e-01 -1.33391559e-01 -1.34266257e-01 -1.34364411e-01
 -1.33673534e-01 -1.32184610e-01 -1.29891321e-01 -1.26789451e-01 -1.22876510e-01
 -1.18151948e-01 -1.12618215e-01 -1.06282257e-01 -9.91582498e-02 -9.12743509e-02
 -8.26788172e-02 -7.34377056e-02 -6.36808202e-02 -5.36606498e-02 -4.32425253e-02
 -3.24975885e-02 -2.14559678e-02 -1.01564433e-02  1.35794946e-03  1.30410288e-02
  2.48431247e-02  3.67105640e-02  4.85854074e-02  6.04055263e-02  7.21051097e-02
  8.36155638e-02  9.48665962e-02  1.05787411e-01  1.16307572e-01  1.26357526e-01
  1.35868669e-01  1.44773155e-01  1.53004318e-01  1.60498172e-01  1.67196751e-01
  2.57959235e-02  2.16804110e-02  1.61136650e-02  9.49681643e-03  2.34595872e-03
 -5.06669329e-03 -1.26291066e-02 -2.02954747e-02 -2.80462466e-02 -3.58728804e-02
 -4.37715501e-02 -5.17398864e-02 -5.97746298e-02 -6.78696185e-02 -7.59225637e-02
 -8.39476958e-02 -9.19071734e-02 -9.97306406e-02 -1.07330039e-01 -1.14610918e-01
 -1.21480487e-01 -1.27853021e-01 -1.33653045e-01 -1.38816595e-01 -1.43291414e-01
 -1.47036076e-01 -1.50018737e-01 -1.52215540e-01 -1.53609097e-01 -1.54186979e-01
 -1.53940484e-01 -1.52863607e-01 -1.50952175e-01 -1.48203298e-01 -1.44614846e-01
 -1.40185252e-01 -1.34913504e-01 -1.28799602e-01 -1.21845722e-01 -1.14058919e-01
 -1.05455428e-01 -9.60677713e-02 -8.59587789e-02 -7.52349719e-02 -6.40447140e-02
 -5.26957549e-02 -4.10375148e-02 -2.91250870e-02 -1.70050543e-02 -4.71901800e-03
  7.69206928e-03  2.01863311e-02  3.27203758e-02  4.52490859e-02  5.77255040e-02
  7.01006651e-02  8.23231414e-02  9.43381339e-02  1.06085777e-01  1.17498614e-01
  1.28498197e-01  1.38991550e-01  1.48868814e-01  1.58004791e-01  1.66266903e-01
  3.15887332e-02  2.78560333e-02  2.08790675e-02  1.25341089e-02  4.10379749e-03
 -4.32558637e-03 -1.27943344e-02 -2.13283058e-02 -2.99431235e-02 -3.86501625e-02
 -4.74586189e-02 -5.63749932e-02 -6.53995201e-02 -7.44327083e-02 -8.35057646e-02
 -9.25873742e-02 -1.01604342e-01 -1.10459089e-01 -1.19043730e-01 -1.27250731e-01
 -1.34980097e-01 -1.42143831e-01 -1.48667902e-01 -1.54492572e-01 -1.59571558e-01
 -1.63870379e-01 -1.67364329e-01 -1.70036346e-01 -1.71875015e-01 -1.72872767e-01
 -1.73024490e-01 -1.72326580e-01 -1.70776308e-01 -1.68371543e-01 -1.65110528e-01
 -1.60991862e-01 -1.56014353e-01 -1.50176838e-01 -1.43478125e-01 -1.35917574e-01
 -1.27496615e-01 -1.18222438e-01 -1.08115047e-01 -9.72182229e-02 -8.56160372e-02
 -7.34606832e-02 -6.09849654e-02 -4.82912958e-02 -3.54169011e-02 -2.23832242e-02
 -9.21683386e-03  4.05424554e-03  1.74018703e-02  3.07981540e-02  4.42153625e-02
  5.76253794e-02  7.09985644e-02  8.43016654e-02  9.74943191e-02  1.10523477e-01
  1.23314984e-01  1.35761842e-01  1.47709817e-01  1.58945501e-01  1.69201806e-01
  3.56362946e-02  3.21450382e-02  2.39892639e-02  1.44134117e-02  5.04643284e-03
 -4.23197867e-03 -1.35159651e-02 -2.28559487e-02 -3.22853513e-02 -4.18306887e-02
 -5.15168235e-02 -6.13718890e-02 -7.12440684e-02 -8.12097639e-02 -9.12591740e-02
 -1.01324446e-01 -1.11302502e-01 -1.21073432e-01 -1.30514503e-01 -1.39509976e-01
 -1.47957265e-01 -1.55770123e-01 -1.62879512e-01 -1.69232994e-01 -1.74792901e-01
 -1.79533958e-01 -1.83440521e-01 -1.86503768e-01 -1.88719124e-01 -1.90084070e-01
 -1.90596595e-01 -1.90254211e-01 -1.89053670e-01 -1.86991110e-01 -1.84062630e-01
 -1.80264771e-01 -1.75594956e-01 -1.70051590e-01 -1.63633540e-01 -1.56339586e-01
 -1.48167714e-01 -1.39115497e-01 -1.29182145e-01 -1.18373968e-01 -1.06714696e-01
 -9.42623317e-02 -8.11316222e-02 -6.75231367e-02 -5.38180135e-02 -3.99431698e-02
 -2.59239562e-02 -1.17793055e-02  2.47644517e-03  1.68328434e-02  3.12830023e-02
  4.58232388e-02  6.04523607e-02  7.51700848e-02  8.99739712e-02  1.04853652e-01
  1.19780168e-01  1.34686545e-01  1.49432614e-01  1.63737267e-01  1.77041158e-01
  3.55126262e-02  3.13386060e-02  2.38793027e-02  1.46134878e-02  4.88384906e-03
 -4.96611651e-03 -1.48939313e-02 -2.49159262e-02 -3.50581780e-02 -4.53465469e-02
 -5.58051132e-02 -6.64566308e-02 -7.71889612e-02 -8.80526826e-02 -9.90078300e-02
 -1.09958321e-01 -1.20778263e-01 -1.31331638e-01 -1.41486287e-01 -1.51122868e-01
 -1.60139993e-01 -1.68456316e-01 -1.76010534e-01 -1.82759881e-01 -1.88677698e-01
 -1.93750128e-01 -1.97972611e-01 -2.01346263e-01 -2.03874558e-01 -2.05560580e-01
 -2.06405118e-01 -2.06405684e-01 -2.05556482e-01 -2.03849107e-01 -2.01273844e-01
 -1.97821185e-01 -1.93483278e-01 -1.88254908e-01 -1.82133600e-01 -1.75118953e-01
 -1.67210922e-01 -1.58407971e-01 -1.48705661e-01 -1.38097093e-01 -1.26577303e-01
 -1.14153624e-01 -1.00864865e-01 -8.68126079e-02 -7.22060725e-02 -5.74005321e-02
 -4.24626097e-02 -2.73954775e-02 -1.21970559e-02  3.14078340e-03  1.86331011e-02
  3.43028940e-02  5.01821861e-02  6.63131475e-02  8.27490836e-02  9.95548591e-02
  1.16805956e-01  1.34583369e-01  1.52953640e-01  1.71887010e-01  1.90600038e-01
  3.84180546e-02  3.48949209e-02  2.52276752e-02  1.43694906e-02  3.95567389e-03
 -6.42095366e-03 -1.68802608e-02 -2.74701118e-02 -3.82215492e-02 -4.91597094e-02
 -6.03047349e-02 -7.16680959e-02 -8.31789821e-02 -9.48474780e-02 -1.06599152e-01
 -1.18310675e-01 -1.29836649e-01 -1.41028926e-01 -1.51749581e-01 -1.61878839e-01
 -1.71318993e-01 -1.79995820e-01 -1.87857777e-01 -1.94873944e-01 -2.01030821e-01
 -2.06328243e-01 -2.10774839e-01 -2.14383379e-01 -2.17166424e-01 -2.19133019e-01
 -2.20286414e-01 -2.20623136e-01 -2.20133319e-01 -2.18802020e-01 -2.16611102e-01
 -2.13541389e-01 -2.09575415e-01 -2.04699591e-01 -1.98905677e-01 -1.92190960e-01
 -1.84557021e-01 -1.76007062e-01 -1.66542128e-01 -1.56158000e-01 -1.44843981e-01
 -1.32586375e-01 -1.19379252e-01 -1.05246209e-01 -9.02756974e-02 -7.46699274e-02
 -5.88034615e-02 -4.28223871e-02 -2.67108250e-02 -1.04449661e-02  6.00890489e-03
  2.26967968e-02  3.96801233e-02  5.70399947e-02  7.48833120e-02  9.33516696e-02
  1.12635210e-01  1.32997036e-01  1.54829815e-01  1.78887010e-01  2.08592892e-01
  3.47660072e-02  3.00373454e-02  2.22317819e-02  1.25185335e-02  2.12510512e-03
 -8.53203423e-03 -1.93790533e-02 -3.04234158e-02 -4.16881368e-02 -5.31990416e-02
 -6.49856105e-02 -7.69350454e-02 -8.91092867e-02 -1.01463586e-01 -1.13884725e-01
 -1.26222551e-01 -1.38314456e-01 -1.50002822e-01 -1.61146402e-01 -1.71626851e-01
 -1.81351945e-01 -1.90256134e-01 -1.98299512e-01 -2.05465078e-01 -2.11754814e-01
 -2.17184588e-01 -2.21778408e-01 -2.25561932e-01 -2.28556365e-01 -2.30775014e-01
 -2.32221574e-01 -2.32889935e-01 -2.32764959e-01 -2.31824219e-01 -2.30040506e-01
 -2.27384552e-01 -2.23828122e-01 -2.19346613e-01 -2.13921160e-01 -2.07541004e-01
 -2.00204745e-01 -1.91918060e-01 -1.82689548e-01 -1.72525063e-01 -1.61422208e-01
 -1.49367720e-01 -1.36340141e-01 -1.22321814e-01 -1.07324019e-01 -9.14292634e-02
 -7.48525932e-02 -5.80151640e-02 -4.10746746e-02 -2.39981860e-02 -6.74107717e-03
  1.07555827e-02  2.85686757e-02  4.67986688e-02  6.55778795e-02  8.50823075e-02
  1.05548233e-01  1.27294347e-01  1.50747895e-01  1.76485777e-01  2.05470860e-01
  3.76523174e-02  3.39439921e-02  2.25186162e-02  1.08116316e-02 -1.19305943e-04
 -1.10697169e-02 -2.22166069e-02 -3.36167850e-02 -4.52973433e-02 -5.72747812e-02
 -6.95540607e-02 -8.20567757e-02 -9.48142558e-02 -1.07748687e-01 -1.20719112e-01
 -1.33555189e-01 -1.46081552e-01 -1.58134207e-01 -1.69570699e-01 -1.80275798e-01
 -1.90164119e-01 -1.99180514e-01 -2.07298622e-01 -2.14517757e-01 -2.20858127e-01
 -2.26354271e-01 -2.31045082e-01 -2.34965906e-01 -2.38143727e-01 -2.40594447e-01
 -2.42321491e-01 -2.43315771e-01 -2.43556589e-01 -2.43013546e-01 -2.41649330e-01
 -2.39423349e-01 -2.36295536e-01 -2.32230201e-01 -2.27198988e-01 -2.21182838e-01
 -2.14172527e-01 -2.06169397e-01 -1.97185233e-01 -1.87236041e-01 -1.76333696e-01
 -1.64478168e-01 -1.51653364e-01 -1.37830287e-01 -1.22981586e-01 -1.07112765e-01
 -9.03147310e-02 -7.28392676e-02 -5.51873818e-02 -3.74565050e-02 -1.95995644e-02
 -1.55637832e-03  1.67471208e-02  3.54038216e-02  5.45326769e-02  7.42886588e-02
  9.48769897e-02  1.16573960e-01  1.39752686e-01  1.64844394e-01  1.91422865e-01
  3.01469881e-02  2.47008558e-02  1.69242099e-02  7.43791275e-03 -2.96043255e-03
 -1.38791734e-02 -2.51917597e-02 -3.68676931e-02 -4.89097796e-02 -6.13377057e-02
 -7.39757195e-02 -8.69292021e-02 -1.00168578e-01 -1.13575630e-01 -1.26982138e-01
 -1.40200302e-01 -1.53044790e-01 -1.65347427e-01 -1.76966250e-01 -1.87790528e-01
 -1.97743222e-01 -2.06781283e-01 -2.14894041e-01 -2.22099692e-01 -2.28438661e-01
 -2.33960941e-01 -2.38715976e-01 -2.42746279e-01 -2.46083349e-01 -2.48745292e-01
 -2.50735641e-01 -2.52043009e-01 -2.52641916e-01 -2.52494484e-01 -2.51553327e-01
 -2.49765575e-01 -2.47077614e-01 -2.43440315e-01 -2.38813743e-01 -2.33170420e-01
 -2.26496488e-01 -2.18790591e-01 -2.10061952e-01 -2.00330198e-01 -1.89619929e-01
 -1.77949056e-01 -1.65318787e-01 -1.51708841e-01 -1.37082577e-01 -1.21406697e-01
 -1.04691327e-01 -8.70557129e-02 -6.88194185e-02 -5.06023727e-02 -3.23568545e-02
 -1.40232686e-02  4.45347698e-03  2.31350008e-02  4.20945324e-02  6.14202209e-02
  8.12184364e-02  1.01619042e-01  1.22789063e-01  1.44970343e-01  1.68278322e-01
  3.01632676e-02  2.50487756e-02  1.59838255e-02  5.46028465e-03 -5.32393157e-03
 -1.64625216e-02 -2.79919598e-02 -3.99201997e-02 -5.22540286e-02 -6.50044605e-02
 -7.80235976e-02 -9.13881660e-02 -1.05038263e-01 -1.18830308e-01 -1.32577553e-01
 -1.46080181e-01 -1.59146473e-01 -1.71606421e-01 -1.83320135e-01 -1.94182858e-01
 -2.04127252e-01 -2.13123947e-01 -2.21179828e-01 -2.28333294e-01 -2.34640718e-01
 -2.40163192e-01 -2.44958028e-01 -2.49073327e-01 -2.52544522e-01 -2.55392194e-01
 -2.57620633e-01 -2.59217471e-01 -2.60153949e-01 -2.60386229e-01 -2.59857982e-01
 -2.58504421e-01 -2.56257623e-01 -2.53053039e-01 -2.48836115e-01 -2.43567824e-01
 -2.37227812e-01 -2.29813933e-01 -2.21338540e-01 -2.11823791e-01 -2.01299652e-01
 -1.89799502e-01 -1.77345604e-01 -1.63937524e-01 -1.49548680e-01 -1.34135962e-01
 -1.17667787e-01 -1.00176260e-01 -8.18379521e-02 -6.30771443e-02 -4.46589701e-02
 -2.62320619e-02 -7.79951829e-03  1.06513584e-02  2.91370172e-02  4.76687588e-02
  6.62412196e-02  8.48117843e-02  1.03258319e-01  1.21291310e-01  1.38320997e-01
  2.80110035e-02  2.24181619e-02  1.37958713e-02  3.50267882e-03 -7.40121817e-03
 -1.87365096e-02 -3.04860696e-02 -4.26537544e-02 -5.52479886e-02 -6.82797730e-02
 -8.16335231e-02 -9.53486934e-02 -1.09337389e-01 -1.23435490e-01 -1.37442261e-01
 -1.51149511e-01 -1.64361581e-01 -1.76908374e-01 -1.88653424e-01 -1.99498877e-01
 -2.09388152e-01 -2.18306497e-01 -2.26279184e-01 -2.33361214e-01 -2.39620373e-01
 -2.45125860e-01 -2.49940947e-01 -2.54118353e-01 -2.57697046e-01 -2.60700196e-01
 -2.63133764e-01 -2.64985532e-01 -2.66225159e-01 -2.66804844e-01 -2.66661376e-01
 -2.65719712e-01 -2.63898492e-01 -2.61117190e-01 -2.57304609e-01 -2.52406955e-01
 -2.46393740e-01 -2.39259526e-01 -2.31020570e-01 -2.21707568e-01 -2.11357877e-01
 -2.00013146e-01 -1.87713921e-01 -1.74482852e-01 -1.60313636e-01 -1.45172313e-01
 -1.29015610e-01 -1.11832529e-01 -9.37160924e-02 -7.49683529e-02 -5.62282279e-02
 -3.77071649e-02 -1.93751082e-02 -1.22657558e-03  1.67270247e-02  3.44549529e-02
  5.18988669e-02  6.89595416e-02  8.54796171e-02  1.01228327e-01  1.15904860e-01
  2.72503719e-02  2.16048993e-02  1.26205347e-02  1.99619657e-03 -9.13283508e-03
 -2.06714533e-02 -3.26281227e-02 -4.50139567e-02 -5.78394197e-02 -7.11157471e-02
 -8.47498402e-02 -9.87510383e-02 -1.13008700e-01 -1.27342418e-01 -1.41540736e-01
 -1.55389383e-01 -1.68690398e-01 -1.81274608e-01 -1.93009630e-01 -2.03805000e-01
 -2.13615090e-01 -2.22439781e-01 -2.30320767e-01 -2.37324938e-01 -2.43528321e-01
 -2.49006033e-01 -2.53825933e-01 -2.58044451e-01 -2.61703759e-01 -2.64829576e-01
 -2.67429858e-01 -2.69493490e-01 -2.70989954e-01 -2.71869391e-01 -2.72063971e-01
 -2.71490902e-01 -2.70057380e-01 -2.67668307e-01 -2.64235854e-01 -2.59689689e-01
 -2.53986180e-01 -2.47113034e-01 -2.39087850e-01 -2.29950160e-01 -2.19750002e-01
 -2.08538637e-01 -1.96367785e-01 -1.83280081e-01 -1.69291303e-01 -1.54383734e-01
 -1.38515696e-01 -1.21652260e-01 -1.03822723e-01 -8.52086544e-02 -6.62551671e-02
 -4.77669276e-02 -2.95759179e-02 -1.17129171e-02  5.78943174e-03  2.28851922e-02
  3.95083316e-02  5.55676445e-02  7.09438846e-02  8.54914412e-02  9.90478769e-02
  2.65808012e-02  2.08814014e-02  1.16198845e-02  7.50640174e-04 -1.05530322e-02
 -2.22597811e-02 -3.43948379e-02 -4.69727777e-02 -6.00008741e-02 -7.34753385e-02
 -8.73291790e-02 -1.01551183e-01 -1.16013125e-01 -1.30521551e-01 -1.44856498e-01
 -1.58799008e-01 -1.72149628e-01 -1.84740514e-01 -1.96443468e-01 -2.07175151e-01
 -2.16900244e-01 -2.25632012e-01 -2.33424678e-01 -2.40353540e-01 -2.46500462e-01
 -2.51944900e-01 -2.56758153e-01 -2.60999590e-01 -2.64713913e-01 -2.67929196e-01
 -2.70655334e-01 -2.72882760e-01 -2.74581611e-01 -2.75701314e-01 -2.76171446e-01
 -2.75903821e-01 -2.74797171e-01 -2.72744358e-01 -2.69642740e-01 -2.65406191e-01
 -2.59976894e-01 -2.53333300e-01 -2.45491236e-01 -2.36496612e-01 -2.26412028e-01
 -2.15302348e-01 -2.03227952e-01 -1.90245211e-01 -1.76388875e-01 -1.61658630e-01
 -1.46021530e-01 -1.29435062e-01 -1.11895964e-01 -9.35209990e-02 -7.46611208e-02
 -5.60335591e-02 -3.78995128e-02 -2.02331934e-02 -3.04814405e-03  1.36187579e-02
  2.97129340e-02  4.51644287e-02  5.98902032e-02  7.37981200e-02  8.67935717e-02
  2.52375156e-02  1.92213599e-02  1.02980006e-02 -3.32323340e-04 -1.16587905e-02
 -2.34722644e-02 -3.57523710e-02 -4.85099703e-02 -6.17656112e-02 -7.53359273e-02
 -8.93335268e-02 -1.03711821e-01 -1.18321091e-01 -1.32954612e-01 -1.47384584e-01
 -1.61388010e-01 -1.74764335e-01 -1.87347040e-01 -1.99011639e-01 -2.09681064e-01
 -2.19328791e-01 -2.27979094e-01 -2.35694915e-01 -2.42557347e-01 -2.48652309e-01
 -2.54062325e-01 -2.58861154e-01 -2.63110250e-01 -2.66856283e-01 -2.70129085e-01
 -2.72940189e-01 -2.75281459e-01 -2.77123839e-01 -2.78416872e-01 -2.79088706e-01
 -2.79047996e-01 -2.78187513e-01 -2.76391417e-01 -2.73545533e-01 -2.69550681e-01
 -2.64336377e-01 -2.57871687e-01 -2.50168920e-01 -2.41277486e-01 -2.31269747e-01
 -2.20223203e-01 -2.08208203e-01 -1.95289001e-01 -1.81513876e-01 -1.66896507e-01
 -1.51412830e-01 -1.35017917e-01 -1.17686935e-01 -9.94855464e-02 -8.06709230e-02
 -6.18087724e-02 -4.38530110e-02 -2.63644774e-02 -9.39516723e-03  7.00703543e-03
  2.27911528e-02  3.79010476e-02  5.22761084e-02  6.58537820e-02  7.85734951e-02
  2.60882061e-02  2.04425212e-02  1.05163744e-02 -7.91572733e-04 -1.23008760e-02
 -2.42142547e-02 -3.65991667e-02 -4.94760983e-02 -6.28571659e-02 -7.65551850e-02
 -9.06825736e-02 -1.05185263e-01 -1.19905487e-01 -1.34630159e-01 -1.49127290e-01
 -1.63171723e-01 -1.76562518e-01 -1.89134493e-01 -2.00766236e-01 -2.11385563e-01
 -2.20972672e-01 -2.29559764e-01 -2.37215400e-01 -2.44024470e-01 -2.50075579e-01
 -2.55453229e-01 -2.60232747e-01 -2.64476955e-01 -2.68233657e-01 -2.71533877e-01
 -2.74390161e-01 -2.76795208e-01 -2.78720647e-01 -2.80116081e-01 -2.80909061e-01
 -2.81006187e-01 -2.80296743e-01 -2.78659314e-01 -2.75972217e-01 -2.72127390e-01
 -2.67045468e-01 -2.60688543e-01 -2.53065556e-01 -2.44227618e-01 -2.34253228e-01
 -2.23228753e-01 -2.11232692e-01 -1.98334098e-01 -1.84589177e-01 -1.70020744e-01
 -1.54611677e-01 -1.38318494e-01 -1.21108919e-01 -1.03028923e-01 -8.43028650e-02
 -6.54589459e-02 -4.74422202e-02 -2.99753267e-02 -1.30809639e-02  3.20795248e-03
  1.88515615e-02  3.38052250e-02  4.80217002e-02  6.14537261e-02  7.40569979e-02
  2.39085685e-02  1.75401103e-02  8.99200886e-03 -1.24419038e-03 -1.24996658e-02
 -2.44214460e-02 -3.68868709e-02 -4.98621166e-02 -6.33429289e-02 -7.71436244e-02
 -9.13703367e-02 -1.05964214e-01 -1.20763570e-01 -1.35552332e-01 -1.50096580e-01
 -1.64170235e-01 -1.77572459e-01 -1.90139115e-01 -2.01750875e-01 -2.12338731e-01
 -2.21887141e-01 -2.30432913e-01 -2.38047853e-01 -2.44818971e-01 -2.50836343e-01
 -2.56185532e-01 -2.60942608e-01 -2.65170991e-01 -2.68918961e-01 -2.72217900e-01
 -2.75080591e-01 -2.77499914e-01 -2.79447526e-01 -2.80872762e-01 -2.81702608e-01
 -2.81842589e-01 -2.81180173e-01 -2.79591411e-01 -2.76951283e-01 -2.73147970e-01
 -2.68098414e-01 -2.61761844e-01 -2.54146099e-01 -2.45303035e-01 -2.35313892e-01
 -2.24268734e-01 -2.12249607e-01 -1.99327648e-01 -1.85561836e-01 -1.70978308e-01
 -1.55562565e-01 -1.39272243e-01 -1.22073747e-01 -1.04008384e-01 -8.52914006e-02
 -6.64369315e-02 -4.83716018e-02 -3.08760293e-02 -1.39699597e-02  2.31688120e-03
  1.79479700e-02  3.28823254e-02  4.70767878e-02  6.04885370e-02  7.30778351e-02
  2.85075530e-02  2.32830960e-02  1.22412313e-02  1.35828988e-04 -1.17726997e-02
 -2.39738729e-02 -3.65964361e-02 -4.96817864e-02 -6.32502288e-02 -7.71239027e-02
 -9.14141089e-02 -1.06063440e-01 -1.20910153e-01 -1.35737717e-01 -1.50311798e-01
 -1.64406210e-01 -1.77820280e-01 -1.90390423e-01 -2.01998189e-01 -2.12575793e-01
 -2.22109169e-01 -2.30636641e-01 -2.38231018e-01 -2.44980037e-01 -2.50974149e-01
 -2.56299078e-01 -2.61030972e-01 -2.65233010e-01 -2.68953174e-01 -2.72222430e-01
 -2.75052994e-01 -2.77437091e-01 -2.79345632e-01 -2.80727208e-01 -2.81508058e-01
 -2.81593233e-01 -2.80869991e-01 -2.79214680e-01 -2.76503265e-01 -2.72625506e-01
 -2.67500490e-01 -2.61089623e-01 -2.53402382e-01 -2.44491294e-01 -2.34436765e-01
 -2.23327041e-01 -2.11242035e-01 -1.98251754e-01 -1.84413105e-01 -1.69749245e-01
 -1.54243365e-01 -1.37852743e-01 -1.20547444e-01 -1.02377906e-01 -8.35740939e-02
 -6.46644086e-02 -4.65683751e-02 -2.90048365e-02 -1.20121548e-02  4.37159929e-03
  2.01047994e-02  3.51418816e-02  4.94346954e-02  6.29349351e-02  7.55971596e-02
  2.69813649e-02  2.09288839e-02  1.18474998e-02  8.72189703e-04 -1.09005123e-02
 -2.31590178e-02 -3.58583853e-02 -4.90082726e-02 -6.26277030e-02 -7.65331313e-02
 -9.08450857e-02 -1.05510816e-01 -1.20371126e-01 -1.35210887e-01 -1.49796590e-01
 -1.63902476e-01 -1.77328050e-01 -1.89909682e-01 -2.01528549e-01 -2.12116063e-01
 -2.21656874e-01 -2.30187744e-01 -2.37780437e-01 -2.44521916e-01 -2.50502020e-01
 -2.55805731e-01 -2.60508448e-01 -2.64672458e-01 -2.68344700e-01 -2.71554798e-01
 -2.74313688e-01 -2.76612073e-01 -2.78419465e-01 -2.79683203e-01 -2.80328870e-01
 -2.80261636e-01 -2.79370338e-01 -2.77534664e-01 -2.74635792e-01 -2.70570546e-01
 -2.65265614e-01 -2.58689195e-01 -2.50854790e-01 -2.41814733e-01 -2.31645033e-01
 -2.20426649e-01 -2.08232328e-01 -1.95127979e-01 -1.81162983e-01 -1.66351423e-01
 -1.50669724e-01 -1.34075433e-01 -1.16551816e-01 -9.81837735e-02 -7.92674571e-02
 -6.04395121e-02 -4.21633907e-02 -2.44257636e-02 -7.24164071e-03  9.35631432e-03
  2.53227018e-02  4.06024382e-02  5.51337115e-02  6.88516349e-02  8.16928521e-02
  2.97032166e-02  2.42731646e-02  1.40882069e-02  2.28071492e-03 -9.70746018e-03
 -2.20258143e-02 -3.47447358e-02 -4.78974730e-02 -6.15125671e-02 -7.54068643e-02
 -8.96994546e-02 -1.04341984e-01 -1.19180009e-01 -1.34002090e-01 -1.48577124e-01
 -1.62680671e-01 -1.76112682e-01 -1.88709021e-01 -2.00349391e-01 -2.10962594e-01
 -2.20529363e-01 -2.29081810e-01 -2.36688465e-01 -2.43434027e-01 -2.49406502e-01
 -2.54689366e-01 -2.59356320e-01 -2.63468087e-01 -2.67069668e-01 -2.70188808e-01
 -2.72834271e-01 -2.74994701e-01 -2.76637614e-01 -2.77709097e-01 -2.78134406e-01
 -2.77820110e-01 -2.76658773e-01 -2.74536759e-01 -2.71344900e-01 -2.66991705e-01
 -2.61416078e-01 -2.54595906e-01 -2.46549338e-01 -2.37326697e-01 -2.26995602e-01
 -2.15625256e-01 -2.03278825e-01 -1.90014645e-01 -1.75868288e-01 -1.60838783e-01
 -1.44892037e-01 -1.27986163e-01 -1.10124104e-01 -9.14391279e-02 -7.23134130e-02
 -5.35080582e-02 -3.51305231e-02 -1.71960555e-02  2.65187758e-04  1.72082819e-02
  3.35731953e-02  4.92848530e-02  6.42546490e-02  7.83843622e-02  9.15730670e-02
  2.94845570e-02  2.37121116e-02  1.45019209e-02  3.38286045e-03 -8.41194112e-03
 -2.06496436e-02 -3.33028957e-02 -4.63731326e-02 -5.98634593e-02 -7.37681389e-02
 -8.80207568e-02 -1.02603853e-01 -1.17380187e-01 -1.32148221e-01 -1.46682456e-01
 -1.60761416e-01 -1.74186036e-01 -1.86791599e-01 -1.98455513e-01 -2.09102407e-01
 -2.18706891e-01 -2.27293357e-01 -2.34924585e-01 -2.41681218e-01 -2.47648239e-01
 -2.52906471e-01 -2.57527262e-01 -2.61568725e-01 -2.65073448e-01 -2.68066496e-01
 -2.70553976e-01 -2.72522122e-01 -2.73936480e-01 -2.74742275e-01 -2.74865508e-01
 -2.74216056e-01 -2.72693127e-01 -2.70193189e-01 -2.66620696e-01 -2.61899561e-01
 -2.55983174e-01 -2.48859838e-01 -2.40550801e-01 -2.31101200e-01 -2.20566854e-01
 -2.09003389e-01 -1.96465462e-01 -1.82997927e-01 -1.68616906e-01 -1.53303146e-01
 -1.37012959e-01 -1.19712025e-01 -1.01437449e-01 -8.23916867e-02 -6.30597994e-02
 -4.43099029e-02 -2.58053504e-02 -7.59589532e-03  1.02724060e-02  2.77438015e-02
  4.47439104e-02  6.11730739e-02  7.69024789e-02  9.17755440e-02  1.05617821e-01
  3.11411750e-02  2.56467517e-02  1.62048433e-02  4.91967145e-03 -6.85435627e-03
 -1.90250278e-02 -3.15988921e-02 -4.45799716e-02 -5.79720885e-02 -7.17818588e-02
 -8.59170780e-02 -1.00375324e-01 -1.15032107e-01 -1.29695252e-01 -1.44145444e-01
 -1.58164755e-01 -1.71555534e-01 -1.84152365e-01 -1.95829824e-01 -2.06507325e-01
 -2.16151550e-01 -2.24776387e-01 -2.32435822e-01 -2.39204422e-01 -2.45162532e-01
 -2.50387222e-01 -2.54946440e-01 -2.58895129e-01 -2.62272656e-01 -2.65100986e-01
 -2.67383456e-01 -2.69103855e-01 -2.70226419e-01 -2.70696640e-01 -2.70443112e-01
 -2.69381672e-01 -2.67421156e-01 -2.64471650e-01 -2.60454029e-01 -2.55309194e-01
 -2.49005020e-01 -2.41538092e-01 -2.32929587e-01 -2.23216340e-01 -2.12441191e-01
 -2.00649589e-01 -1.87885806e-01 -1.74174890e-01 -1.59510881e-01 -1.43858820e-01
 -1.27175957e-01 -1.09458067e-01 -9.08164904e-02 -7.15859756e-02 -5.24416678e-02
 -3.34913731e-02 -1.47071872e-02  3.91411688e-03  2.23581698e-02  4.05903198e-02
  5.85467815e-02  7.61203021e-02  9.31415260e-02  1.09362476e-01  1.24460034e-01
  3.24501656e-02  2.71084197e-02  1.77761633e-02  6.60125585e-03 -5.07350126e-03
 -1.71632413e-02 -2.96568237e-02 -4.25435416e-02 -5.58205061e-02 -6.94927946e-02
 -8.34521651e-02 -9.77211222e-02 -1.12193398e-01 -1.26689747e-01 -1.40999407e-01
 -1.54909551e-01 -1.68224782e-01 -1.80779427e-01 -1.92445189e-01 -2.03135654e-01
 -2.12808549e-01 -2.21465424e-01 -2.29147807e-01 -2.35921532e-01 -2.41860524e-01
 -2.47036710e-01 -2.51513630e-01 -2.55342275e-01 -2.58558393e-01 -2.61180758e-01
 -2.63209969e-01 -2.64628202e-01 -2.65399545e-01 -2.65471518e-01 -2.64777958e-01
 -2.63243377e-01 -2.60789216e-01 -2.57341444e-01 -2.52838343e-01 -2.47237131e-01
 -2.40517437e-01 -2.32680500e-01 -2.23744035e-01 -2.13735655e-01 -2.02689350e-01
 -1.90643236e-01 -1.77623823e-01 -1.63632870e-01 -1.48644134e-01 -1.32615700e-01
 -1.15523510e-01 -9.74231958e-02 -7.85451531e-02 -5.94170950e-02 -4.03529890e-02
 -2.13210918e-02 -2.28957902e-03  1.67708397e-02  3.58848013e-02  5.50675429e-02
  7.43147358e-02  9.35813636e-02  1.12736747e-01  1.31470293e-01  1.49148762e-01
  3.31350453e-02  2.76398100e-02  1.91636942e-02  8.59381072e-03 -2.97768740e-03
 -1.50666675e-02 -2.75302362e-02 -4.03347388e-02 -5.34798801e-02 -6.69772401e-02
 -8.07029456e-02 -9.47135091e-02 -1.08927354e-01 -1.23182736e-01 -1.37280717e-01
 -1.51015788e-01 -1.64196268e-01 -1.76657140e-01 -1.88267618e-01 -1.98935613e-01
 -2.08609536e-01 -2.17277929e-01 -2.24966645e-01 -2.31729329e-01 -2.37631142e-01
 -2.42737219e-01 -2.47105643e-01 -2.50782788e-01 -2.53800571e-01 -2.56174654e-01
 -2.57903665e-01 -2.58969337e-01 -2.59337425e-01 -2.58959800e-01 -2.57777989e-01
 -2.55727738e-01 -2.52744973e-01 -2.48772040e-01 -2.43763492e-01 -2.37689838e-01
 -2.30538577e-01 -2.22312033e-01 -2.13023752e-01 -2.02696830e-01 -1.91361278e-01
 -1.79040596e-01 -1.65739521e-01 -1.51438564e-01 -1.36100307e-01 -1.19692698e-01
 -1.02235109e-01 -8.38720128e-02 -6.49711117e-02 -4.62196246e-02 -2.73602791e-02
 -8.37106165e-03  1.07922629e-02  3.01909540e-02  4.99023423e-02  7.00210556e-02
  9.06617716e-02  1.11964643e-01  1.34109899e-01  1.57358304e-01  1.81834847e-01
  4.31884788e-02  4.01860513e-02  2.57226266e-02  1.18798176e-02 -5.85771340e-04
 -1.29333502e-02 -2.54171509e-02 -3.81207578e-02 -5.10874875e-02 -6.43504336e-02
 -7.77694806e-02 -9.14397314e-02 -1.05307996e-01 -1.19233511e-01 -1.33032203e-01
 -1.46508276e-01 -1.59475505e-01 -1.71770722e-01 -1.83261544e-01 -1.93850800e-01
 -2.03477994e-01 -2.12118909e-01 -2.19782725e-01 -2.26506755e-01 -2.32344270e-01
 -2.37351656e-01 -2.41580263e-01 -2.45071232e-01 -2.47852549e-01 -2.49937341e-01
 -2.51323342e-01 -2.51993328e-01 -2.51916707e-01 -2.51051962e-01 -2.49350309e-01
 -2.46760160e-01 -2.43232027e-01 -2.38723323e-01 -2.33201846e-01 -2.26647675e-01
 -2.19053000e-01 -2.10421085e-01 -2.00766802e-01 -1.90112293e-01 -1.78476095e-01
 -1.65863141e-01 -1.52259395e-01 -1.37635529e-01 -1.21964157e-01 -1.05256297e-01
 -8.76219347e-02 -6.93550855e-02 -5.10286093e-02 -3.26075442e-02 -1.40333027e-02
  4.75594169e-03  2.38360204e-02  4.33041863e-02  6.32869229e-02  8.39503258e-02
  1.05515122e-01  1.28278881e-01  1.52643621e-01  1.79074109e-01  2.07113996e-01
  3.70279141e-02  3.21711190e-02  2.35939063e-02  1.26103824e-02  7.56623980e-04
 -1.13763157e-02 -2.36721896e-02 -3.61394174e-02 -4.88133356e-02 -6.17373772e-02
 -7.47589692e-02 -8.79950002e-02 -1.01418056e-01 -1.14910334e-01 -1.28305554e-01
 -1.41420290e-01 -1.54075861e-01 -1.66112393e-01 -1.77397043e-01 -1.87828451e-01
 -1.97338179e-01 -2.05890208e-01 -2.13478222e-01 -2.20121115e-01 -2.25856230e-01
 -2.30728507e-01 -2.34780908e-01 -2.38048688e-01 -2.40555912e-01 -2.42313772e-01
 -2.43320242e-01 -2.43560761e-01 -2.43010044e-01 -2.41634652e-01 -2.39396453e-01
 -2.36256346e-01 -2.32178107e-01 -2.27131501e-01 -2.21094593e-01 -2.14054853e-01
 -2.06010476e-01 -1.96971014e-01 -1.86951607e-01 -1.75965279e-01 -1.64015472e-01
 -1.51092082e-01 -1.37174249e-01 -1.22244298e-01 -1.06317267e-01 -8.94904807e-02
 -7.20141977e-02 -5.43731563e-02 -3.66308056e-02 -1.87483951e-02 -6.75209507e-04
  1.76529940e-02  3.63187939e-02  5.54299057e-02  7.51284286e-02  9.56036896e-02
  1.17110170e-01  1.39991313e-01  1.64707795e-01  1.91881850e-01  2.22551137e-01
  4.19789180e-02  3.91721576e-02  2.68019177e-02  1.35799740e-02  1.44139573e-03
 -1.05177527e-02 -2.24991627e-02 -3.45760100e-02 -4.67924774e-02 -5.91811165e-02
 -7.17609599e-02 -8.44766349e-02 -9.73482355e-02 -1.10291362e-01 -1.23163447e-01
 -1.35797173e-01 -1.48023784e-01 -1.59688324e-01 -1.70658678e-01 -1.80830300e-01
 -1.90127954e-01 -1.98505163e-01 -2.05941856e-01 -2.12440372e-01 -2.18019977e-01
 -2.22710446e-01 -2.26544172e-01 -2.29549289e-01 -2.31745690e-01 -2.33143032e-01
 -2.33740389e-01 -2.33526886e-01 -2.32483447e-01 -2.30585188e-01 -2.27804258e-01
 -2.24112913e-01 -2.19486222e-01 -2.13904470e-01 -2.07355827e-01 -1.99838072e-01
 -1.91356644e-01 -1.81920826e-01 -1.71538383e-01 -1.60210654e-01 -1.47930369e-01
 -1.34684891e-01 -1.20468698e-01 -1.05308354e-01 -8.93036351e-02 -7.26854652e-02
 -5.58827296e-02 -3.89810428e-02 -2.19610687e-02 -4.79496783e-03  1.25554530e-02
  3.01410817e-02  4.80289347e-02  6.63069487e-02  8.50907043e-02  1.04533039e-01
  1.24838993e-01  1.46292135e-01  1.69315666e-01  1.94721967e-01  2.26196751e-01
  3.53319794e-02  3.08896005e-02  2.26111524e-02  1.20253693e-02  7.63222517e-04
 -1.06392540e-02 -2.20949557e-02 -3.36213149e-02 -4.52544130e-02 -5.70304580e-02
 -6.89833909e-02 -8.10282677e-02 -9.32093710e-02 -1.05467208e-01 -1.17680632e-01
 -1.29698604e-01 -1.41363263e-01 -1.52525604e-01 -1.63055137e-01 -1.72845080e-01
 -1.81814432e-01 -1.89907670e-01 -1.97092727e-01 -2.03357682e-01 -2.08706141e-01
 -2.13152155e-01 -2.16714650e-01 -2.19412461e-01 -2.21260279e-01 -2.22266003e-01
 -2.22429842e-01 -2.21744806e-01 -2.20198095e-01 -2.17772946e-01 -2.14451060e-01
 -2.10215330e-01 -2.05052465e-01 -1.98954672e-01 -1.91919893e-01 -1.83950812e-01
 -1.75052196e-01 -1.65227532e-01 -1.54476300e-01 -1.42793581e-01 -1.30174652e-01
 -1.16627067e-01 -1.02193609e-01 -8.69879276e-02 -7.12409541e-02 -5.53529933e-02
 -3.93631458e-02 -2.32714992e-02 -7.07312813e-03  9.24295094e-03  2.56948248e-02
  4.23088260e-02  5.91207705e-02  7.61772543e-02  9.35367346e-02  1.11269996e-01
  1.29458949e-01  1.48190841e-01  1.67535871e-01  1.87456042e-01  2.07106635e-01
  3.53247821e-02  3.21827978e-02  2.19156649e-02  1.01274457e-02 -9.31563845e-04
 -1.17541347e-02 -2.25302484e-02 -3.33447456e-02 -4.42490280e-02 -5.52814417e-02
 -6.64745420e-02 -7.77180195e-02 -8.90773311e-02 -1.00515805e-01 -1.11933336e-01
 -1.23195976e-01 -1.34158105e-01 -1.44677997e-01 -1.54628038e-01 -1.63900346e-01
 -1.72409326e-01 -1.80091828e-01 -1.86905533e-01 -1.92826271e-01 -1.97844282e-01
 -2.01960176e-01 -2.05180660e-01 -2.07514644e-01 -2.08970025e-01 -2.09551588e-01
 -2.09259883e-01 -2.08091348e-01 -2.06039220e-01 -2.03095004e-01 -1.99250236e-01
 -1.94498181e-01 -1.88834846e-01 -1.82259262e-01 -1.74772710e-01 -1.66377127e-01
 -1.57073379e-01 -1.46860242e-01 -1.35735869e-01 -1.23703375e-01 -1.10783197e-01
 -9.70347300e-02 -8.25888067e-02 -6.76945522e-02 -5.27477674e-02 -3.76772471e-02
 -2.25030351e-02 -7.24158715e-03  8.09417758e-03  2.34948974e-02  3.89547646e-02
  5.44713214e-02  7.00447857e-02  8.56764540e-02  1.01365425e-01  1.17102340e-01
  1.32857919e-01  1.48561925e-01  1.64065301e-01  1.79068491e-01  1.92979634e-01
  2.68889368e-02  2.26608142e-02  1.49606494e-02  5.51966298e-03 -4.20409255e-03
 -1.39753586e-02 -2.38073934e-02 -3.37278135e-02 -4.37600911e-02 -5.39258048e-02
 -6.42466173e-02 -7.45807663e-02 -8.50069225e-02 -9.55073684e-02 -1.06002249e-01
 -1.16375774e-01 -1.26496419e-01 -1.36231929e-01 -1.45459443e-01 -1.54071748e-01
 -1.61980331e-01 -1.69116080e-01 -1.75428316e-01 -1.80882752e-01 -1.85458541e-01
 -1.89145103e-01 -1.91938862e-01 -1.93840206e-01 -1.94851011e-01 -1.94972962e-01
 -1.94206521e-01 -1.92550853e-01 -1.90004081e-01 -1.86564118e-01 -1.82229325e-01
 -1.76999018e-01 -1.70873582e-01 -1.63854033e-01 -1.55941233e-01 -1.47135571e-01
 -1.37437433e-01 -1.26850188e-01 -1.15386829e-01 -1.03082284e-01 -9.00122896e-02
 -7.63212591e-02 -6.22402690e-02 -4.82175909e-02 -3.40242572e-02 -1.97029244e-02
 -5.28945075e-03  9.18361172e-03  2.36854795e-02  3.81864198e-02  5.26572652e-02
  6.70687705e-02  8.13904256e-02  9.55882818e-02  1.09621249e-01  1.23435140e-01
  1.36953607e-01  1.50065601e-01  1.62610069e-01  1.74363419e-01  1.85045555e-01
  1.85075887e-02  1.38018792e-02  7.44234258e-03 -1.37417475e-04 -8.35751742e-03
 -1.69180278e-02 -2.56913863e-02 -3.46246958e-02 -4.36988659e-02 -5.29124960e-02
 -6.22769520e-02 -7.16300085e-02 -8.10441300e-02 -9.05143172e-02 -9.99801457e-02
 -1.09345585e-01 -1.18495949e-01 -1.27311364e-01 -1.35676637e-01 -1.43487826e-01
 -1.50655821e-01 -1.57107800e-01 -1.62787005e-01 -1.67651340e-01 -1.71671316e-01
 -1.74827561e-01 -1.77108333e-01 -1.78507239e-01 -1.79021209e-01 -1.78649127e-01
 -1.77390814e-01 -1.75246581e-01 -1.72217026e-01 -1.68303043e-01 -1.63505852e-01
 -1.57826796e-01 -1.51267290e-01 -1.43828735e-01 -1.35513201e-01 -1.26325339e-01
 -1.16276771e-01 -1.05394006e-01 -9.37307775e-02 -8.13876465e-02 -6.85270056e-02
 -5.54569475e-02 -4.21625040e-02 -2.87111886e-02 -1.51213044e-02 -1.42490864e-03
  1.23390304e-02  2.61273589e-02  3.98939177e-02  5.35901599e-02  6.71655461e-02
  8.05677250e-02  9.37423632e-02  1.06632367e-01  1.19176231e-01  1.31305307e-01
  1.42940164e-01  1.53986603e-01  1.64333031e-01  1.73851803e-01  1.82407588e-01
  1.37489755e-02  9.65010189e-03  2.73451954e-03 -4.81906300e-03 -1.23450179e-02
 -2.00327262e-02 -2.78813485e-02 -3.58670317e-02 -4.39706892e-02 -5.21800853e-02
 -6.04858585e-02 -6.88738674e-02 -7.72452801e-02 -8.56254175e-02 -9.39807817e-02
 -1.02239460e-01 -1.10307150e-01 -1.18079834e-01 -1.25453398e-01 -1.32330343e-01
 -1.38624012e-01 -1.44260690e-01 -1.49180189e-01 -1.53335243e-01 -1.56690121e-01
 -1.59218952e-01 -1.60903826e-01 -1.61732912e-01 -1.61698997e-01 -1.60798013e-01
 -1.59028172e-01 -1.56389102e-01 -1.52881429e-01 -1.48506388e-01 -1.43265620e-01
 -1.37161329e-01 -1.30196795e-01 -1.22377843e-01 -1.13715813e-01 -1.04233012e-01
 -9.39709246e-02 -8.30043629e-02 -7.14502633e-02 -5.95281422e-02 -4.72913831e-02
 -3.47816348e-02 -2.20340323e-02 -9.09056608e-03  4.00715787e-03  1.72130857e-02
  3.04752961e-02  4.37357426e-02  5.69305383e-02  6.99907169e-02  8.28433782e-02
  9.54133198e-02  1.07624725e-01  1.19402871e-01  1.30675331e-01  1.41372532e-01
  1.51427552e-01  1.60775647e-01  1.69354111e-01  1.77103326e-01  1.83969900e-01
  7.04664784e-03  2.45462428e-03 -3.21233761e-03 -9.63627361e-03 -1.64020732e-02
 -2.33246125e-02 -3.03451307e-02 -3.74423340e-02 -4.46064174e-02 -5.18323369e-02
 -5.91175184e-02 -6.64612874e-02 -7.37323314e-02 -8.09651390e-02 -8.81438106e-02
 -9.52169076e-02 -1.02110095e-01 -1.08736694e-01 -1.15006179e-01 -1.20830588e-01
 -1.26128897e-01 -1.30829692e-01 -1.34872362e-01 -1.38207212e-01 -1.40794873e-01
 -1.42605081e-01 -1.43615469e-01 -1.43810034e-01 -1.43177867e-01 -1.41711980e-01
 -1.39408261e-01 -1.36264831e-01 -1.32281527e-01 -1.27459750e-01 -1.21802792e-01
 -1.15316994e-01 -1.08014084e-01 -9.99145582e-02 -9.10528228e-02 -8.14878270e-02
 -7.13050365e-02 -6.06722571e-02 -4.96329032e-02 -3.82138342e-02 -2.64480114e-02
 -1.43707115e-02 -2.01960676e-03  1.05631370e-02  2.33298503e-02  3.62255089e-02
  4.91861142e-02  6.21376298e-02  7.49957263e-02  8.76666009e-02  1.00049153e-01
  1.12038627e-01  1.23531498e-01  1.34430856e-01  1.44651622e-01  1.54124439e-01
  1.62797928e-01  1.70638829e-01  1.77630663e-01  1.83771178e-01  1.89069822e-01
  2.98602995e-03 -6.34672819e-04 -7.57348584e-03 -1.43547431e-02 -2.07117926e-02
 -2.69782282e-02 -3.32146622e-02 -3.94416265e-02 -4.56706956e-02 -5.19100875e-02
 -5.81657812e-02 -6.44418448e-02 -7.05868378e-02 -7.66422227e-02 -8.26057643e-02
 -8.84434581e-02 -9.40994546e-02 -9.95046347e-02 -1.04583651e-01 -1.09260596e-01
 -1.13463134e-01 -1.17125377e-01 -1.20189503e-01 -1.22606456e-01 -1.24335863e-01
 -1.25345528e-01 -1.25610530e-01 -1.25112236e-01 -1.23837255e-01 -1.21776544e-01
 -1.18924655e-01 -1.15279369e-01 -1.10841893e-01 -1.05617419e-01 -9.96162295e-02
 -9.28560346e-02 -8.53689387e-02 -7.72056207e-02 -6.84301853e-02 -5.91829792e-02
 -4.94496375e-02 -3.92548777e-02 -2.86243334e-02 -1.75826717e-02 -6.15595654e-03
  5.62712317e-03  1.77337974e-02  3.01252473e-02  4.27542999e-02  5.55627160e-02
  6.84782714e-02  8.14120397e-02  9.42564383e-02  1.06885016e-01  1.19155161e-01
  1.30914569e-01  1.42011628e-01  1.52308300e-01  1.61692619e-01  1.70088336e-01
  1.77459985e-01  1.83812618e-01  1.89186424e-01  1.93647385e-01  1.97275817e-01
 -5.02066687e-03 -9.49025620e-03 -1.46615095e-02 -2.02299692e-02 -2.58237645e-02
 -3.13132070e-02 -3.66964675e-02 -4.20008302e-02 -4.72528972e-02 -5.24726063e-02
 -5.76733835e-02 -6.28633574e-02 -6.78741783e-02 -7.27473199e-02 -7.74878636e-02
 -8.20743442e-02 -8.64664018e-02 -9.06111449e-02 -9.44487154e-02 -9.79167894e-02
 -1.00954160e-01 -1.03503406e-01 -1.05512686e-01 -1.06936783e-01 -1.07737519e-01
 -1.07883669e-01 -1.07350610e-01 -1.06119722e-01 -1.04177877e-01 -1.01516873e-01
 -9.81330723e-02 -9.40274671e-02 -8.92079771e-02 -8.36914554e-02 -7.75038525e-02
 -7.06731156e-02 -6.32658899e-02 -5.54142259e-02 -4.70233746e-02 -3.81254554e-02
 -2.87379250e-02 -1.88762248e-02 -8.55480600e-03  2.21221079e-03  1.34099182e-02
  2.50212327e-02  3.70250717e-02  4.93939035e-02  6.20905049e-02  7.50636756e-02
  8.82428810e-02  1.01531751e-01  1.14801191e-01  1.27883554e-01  1.40571475e-01
  1.52626157e-01  1.63798943e-01  1.73863053e-01  1.82644725e-01  1.90044224e-01
  1.96044832e-01  2.00711444e-01  2.04178363e-01  2.06625283e-01  2.08244875e-01
 -1.15100965e-02 -1.53677948e-02 -2.13544890e-02 -2.70416513e-02 -3.19795161e-02
 -3.65663879e-02 -4.09522839e-02 -4.52174693e-02 -4.94078249e-02 -5.35492636e-02
 -5.76564521e-02 -6.17396645e-02 -6.56269193e-02 -6.93398416e-02 -7.28812069e-02
 -7.62363523e-02 -7.93765560e-02 -8.22629705e-02 -8.48504230e-02 -8.70907232e-02
 -8.89353380e-02 -9.03375819e-02 -9.12544131e-02 -9.16476771e-02 -9.14849117e-02
 -9.07396376e-02 -8.93914327e-02 -8.74257758e-02 -8.48344117e-02 -8.16155896e-02
 -7.77731687e-02 -7.33119994e-02 -6.82514533e-02 -6.26344234e-02 -5.65452464e-02
 -4.99121919e-02 -4.27598469e-02 -3.51130441e-02 -2.69728079e-02 -1.83441062e-02
 -9.23094433e-03  3.64194129e-04  1.04403738e-02  2.09979247e-02  3.20378430e-02
  4.35608067e-02  5.55656776e-02  6.80471957e-02  8.09925050e-02  9.43759456e-02
  1.08151235e-01  1.22239985e-01  1.36515051e-01  1.50777832e-01  1.64732471e-01
  1.77973434e-01  1.90024361e-01  2.00444892e-01  2.08929047e-01  2.15329260e-01
  2.19655871e-01  2.22075209e-01  2.22905800e-01  2.22577006e-01  2.21514329e-01
 -2.32337732e-02 -2.80093662e-02 -3.23517099e-02 -3.62116881e-02 -3.96631807e-02
 -4.28840108e-02 -4.59969155e-02 -4.90592532e-02 -5.20917885e-02 -5.50970063e-02
 -5.80673106e-02 -6.09870180e-02 -6.38287142e-02 -6.64411262e-02 -6.88374043e-02
 -7.10121319e-02 -7.29470551e-02 -7.46154487e-02 -7.59857371e-02 -7.70242438e-02
 -7.76957795e-02 -7.79655799e-02 -7.78012946e-02 -7.71745294e-02 -7.60620236e-02
 -7.44463205e-02 -7.23158643e-02 -6.96636364e-02 -6.64909631e-02 -6.28119931e-02
 -5.86621687e-02 -5.40114790e-02 -4.88691069e-02 -4.32495810e-02 -3.71676944e-02
 -3.06222327e-02 -2.36158073e-02 -1.61505993e-02 -8.22454784e-03  1.67113874e-04
  9.03190114e-03  1.83802638e-02  2.82257702e-02  3.85852642e-02  4.94789220e-02
  6.09301701e-02  7.29653463e-02  8.56128111e-02  9.89011601e-02  1.12855747e-01
  1.27492383e-01  1.42806038e-01  1.58750594e-01  1.75200582e-01  1.91869095e-01
  2.08116561e-01  2.22719729e-01  2.34477118e-01  2.43107885e-01  2.48374149e-01
  2.50355124e-01  2.49314725e-01  2.45715782e-01  2.40917385e-01  2.36008257e-01
 -3.81382443e-02 -4.40847799e-02 -4.63719405e-02 -4.72382084e-02 -4.83468138e-02
 -4.97966148e-02 -5.14663942e-02 -5.32655492e-02 -5.51332273e-02 -5.70252687e-02
 -5.89071214e-02 -6.07506633e-02 -6.25333413e-02 -6.40740246e-02 -6.53759688e-02
 -6.64321557e-02 -6.72276318e-02 -6.77424818e-02 -6.79558739e-02 -6.78534135e-02
 -6.74122497e-02 -6.66083619e-02 -6.54199719e-02 -6.38294816e-02 -6.18251711e-02
 -5.94031699e-02 -5.65700755e-02 -5.33180647e-02 -4.96468768e-02 -4.55616228e-02
 -4.10696641e-02 -3.61726247e-02 -3.08742002e-02 -2.51785442e-02 -1.90881547e-02
 -1.26016047e-02 -5.71471546e-03  1.57969329e-03  9.29240044e-03  1.74379479e-02
  2.60348618e-02  3.51059884e-02  4.46789972e-02  5.47870658e-02  6.54698014e-02
  7.67744780e-02  8.87575522e-02  1.01486571e-01  1.15042232e-01  1.29520550e-01
  1.45034373e-01  1.61713392e-01  1.79701656e-01  1.99154928e-01  2.20271617e-01
  2.43696123e-01  2.70611346e-01  2.78022617e-01  2.90577710e-01  2.92855710e-01
  2.90445775e-01  2.89254338e-01  2.71084130e-01  2.58497059e-01  2.48853847e-01
 -5.07664829e-02 -5.80219068e-02 -5.79339229e-02 -5.64074740e-02 -5.59777319e-02
 -5.61555400e-02 -5.66842966e-02 -5.74213602e-02 -5.82712553e-02 -5.91644682e-02
 -6.00489676e-02 -6.08868375e-02 -6.16548769e-02 -6.21750429e-02 -6.24454953e-02
 -6.24553226e-02 -6.21875674e-02 -6.16195574e-02 -6.07202202e-02 -5.95510863e-02
 -5.80795705e-02 -5.62840737e-02 -5.41500188e-02 -5.16683720e-02 -4.88351248e-02
 -4.56508249e-02 -4.21195328e-02 -3.82458977e-02 -3.40362005e-02 -2.94978730e-02
 -2.46382393e-02 -1.94629319e-02 -1.39757581e-02 -8.17804132e-03 -2.06777919e-03
  4.36106417e-03  1.11187659e-02  1.82199888e-02  2.56838985e-02  3.35342772e-02
  4.17997129e-02  5.05139567e-02  5.97166121e-02  6.94542006e-02  7.97817856e-02
  9.07653421e-02  1.02485143e-01  1.15040556e-01  1.28556758e-01  1.43194243e-01
  1.59161702e-01  1.76732585e-01  1.96263552e-01  2.18215793e-01  2.43238404e-01
  2.71757305e-01  2.91181684e-01  3.04527581e-01  3.14830512e-01  3.13683122e-01
  3.12912107e-01  2.98550308e-01  2.81456441e-01  2.67043471e-01  2.55452991e-01
 -5.40704615e-02 -6.03927448e-02 -6.25071526e-02 -6.23335727e-02 -6.17932901e-02
 -6.14311881e-02 -6.12853691e-02 -6.12877868e-02 -6.13594390e-02 -6.14306070e-02
 -6.14431351e-02 -6.13476299e-02 -6.10978305e-02 -6.06402904e-02 -5.99425994e-02
 -5.89821823e-02 -5.77415340e-02 -5.62068298e-02 -5.43691628e-02 -5.22298962e-02
 -4.97844256e-02 -4.70283553e-02 -4.39599045e-02 -4.05808277e-02 -3.68966609e-02
 -3.29164304e-02 -2.86519863e-02 -2.41169427e-02 -1.93258040e-02 -1.42928902e-02
 -9.03103966e-03 -3.55028501e-03  2.14323937e-03  8.04823264e-03  1.41689349e-02
  2.05155294e-02  2.71042045e-02  3.39569747e-02  4.11013477e-02  4.85700071e-02
  5.64005971e-02  6.46357834e-02  7.33237118e-02  8.25190172e-02  9.22845304e-02
  1.02693908e-01  1.13835588e-01  1.25818670e-01  1.38781637e-01  1.52905986e-01
  1.68437839e-01  1.85724512e-01  2.05278412e-01  2.27873817e-01  2.54229128e-01
  2.78850257e-01  2.94815660e-01  3.08548689e-01  3.13399613e-01  3.14217240e-01
  3.07834029e-01  2.92720437e-01  2.77652949e-01  2.64901936e-01  2.54223406e-01
 -6.35599867e-02 -7.19181895e-02 -7.02456906e-02 -6.76686838e-02 -6.65243044e-02
 -6.58488423e-02 -6.53630719e-02 -6.49355501e-02 -6.44787401e-02 -6.39274120e-02
 -6.32316619e-02 -6.23522624e-02 -6.12567775e-02 -5.99171594e-02 -5.83114102e-02
 -5.64225987e-02 -5.42378686e-02 -5.17480522e-02 -4.89478521e-02 -4.58360091e-02
 -4.24138084e-02 -3.86854894e-02 -3.46589163e-02 -3.03460304e-02 -2.57629789e-02
 -2.09298786e-02 -1.58701688e-02 -1.06095765e-02 -5.17471973e-03  4.08607360e-04
  6.11740071e-03  1.19334590e-02  1.78452116e-02  2.38491409e-02  2.99506541e-02
  3.61642726e-02  4.25131992e-02  4.90283743e-02  5.57472371e-02  6.27124757e-02
  6.99709207e-02  7.75728673e-02  8.55718777e-02  9.40251946e-02  1.02994792e-01
  1.12549208e-01  1.22766197e-01  1.33736536e-01  1.45569399e-01  1.58400014e-01
  1.72401175e-01  1.87801212e-01  2.04911679e-01  2.24138945e-01  2.45412186e-01
  2.63758272e-01  2.76320338e-01  2.86996514e-01  2.90442675e-01  2.91268170e-01
  2.85411298e-01  2.74594605e-01  2.64326364e-01  2.55070001e-01  2.46792987e-01
 -6.02162853e-02 -6.69887885e-02 -6.98242411e-02 -7.02604502e-02 -7.00184256e-02
 -6.96662068e-02 -6.92430735e-02 -6.86802566e-02 -6.79134727e-02 -6.69006035e-02
 -6.56173080e-02 -6.40495941e-02 -6.21880330e-02 -6.00244701e-02 -5.75510040e-02
 -5.47599755e-02 -5.16445637e-02 -4.81997430e-02 -4.44233268e-02 -4.03168388e-02
 -3.58860865e-02 -3.11417226e-02 -2.60997973e-02 -2.07821168e-02 -1.52164325e-02
 -9.43630282e-03 -3.48050985e-03  2.60813721e-03  8.78474023e-03  1.50050260e-02
  2.12286822e-02  2.74229608e-02  3.35660167e-02  3.96494754e-02  4.56797518e-02
  5.16779348e-02  5.76782823e-02  6.37256801e-02  6.98725581e-02  7.61758089e-02
  8.26942027e-02  8.94864798e-02  9.66103002e-02  1.04121901e-01  1.12076327e-01
  1.20528027e-01  1.29531518e-01  1.39141798e-01  1.49413913e-01  1.60400599e-01
  1.72145367e-01  1.84665814e-01  1.97914898e-01  2.11697772e-01  2.25399777e-01
  2.37510741e-01  2.47248113e-01  2.54242271e-01  2.58191913e-01  2.58993506e-01
  2.56700754e-01  2.52315104e-01  2.47010171e-01  2.41392255e-01  2.35814959e-01
 -6.83142468e-02 -7.77632594e-02 -7.50653520e-02 -7.33232349e-02 -7.33990446e-02
 -7.36436993e-02 -7.36051202e-02 -7.31252357e-02 -7.21673146e-02 -7.07466528e-02
 -6.88957423e-02 -6.66470155e-02 -6.40251264e-02 -6.10446893e-02 -5.77111468e-02
 -5.40233701e-02 -4.99768555e-02 -4.55669351e-02 -4.07914817e-02 -3.56530063e-02
 -3.01600806e-02 -2.43282542e-02 -1.81806739e-02 -1.17486026e-02 -5.07195760e-03
  1.80020183e-03  8.80955998e-03  1.58893429e-02  2.29666326e-02  2.99666170e-02
  3.68186571e-02  4.34634537e-02  4.98600118e-02  5.59909530e-02  6.18650764e-02
  6.75165728e-02  7.30010867e-02  7.83895403e-02  8.37610438e-02  8.91963318e-02
  9.47727263e-02  1.00560896e-01  1.06623352e-01  1.13014050e-01  1.19778566e-01
  1.26954332e-01  1.34570435e-01  1.42646238e-01  1.51188388e-01  1.60184950e-01
  1.69594884e-01  1.79331079e-01  1.89234242e-01  1.99039832e-01  2.08358824e-01
  2.16727898e-01  2.23727822e-01  2.29057983e-01  2.32552096e-01  2.34190643e-01
  2.34123975e-01  2.32669249e-01  2.30221242e-01  2.27141082e-01  2.23709717e-01
 -5.64635694e-02 -6.42063618e-02 -6.98725730e-02 -7.39798695e-02 -7.70303234e-02
 -7.89526701e-02 -7.96522871e-02 -7.92568848e-02 -7.79694319e-02 -7.59688392e-02
 -7.33948946e-02 -7.03479201e-02 -6.68909401e-02 -6.30552396e-02 -5.88483736e-02
 -5.42629473e-02 -4.92848344e-02 -4.38998751e-02 -3.80988494e-02 -3.18807103e-02
 -2.52542440e-02 -1.82384662e-02 -1.08624259e-02 -3.16528068e-03  4.80262190e-03
  1.29774604e-02  2.12790482e-02  2.96087861e-02  3.78505513e-02  4.58766185e-02
  5.35594039e-02  6.07873760e-02  6.74812868e-02  7.36064985e-02  7.91787282e-02
  8.42617229e-02  8.89573544e-02  9.33901593e-02  9.76905823e-02  1.01981230e-01
  1.06368445e-01  1.10939004e-01  1.15760259e-01  1.20881937e-01  1.26338214e-01
  1.32149309e-01  1.38322026e-01  1.44849151e-01  1.51707083e-01  1.58852026e-01
  1.66214079e-01  1.73690170e-01  1.81137338e-01  1.88370168e-01  1.95168555e-01
  2.01299772e-01  2.06550002e-01  2.10754082e-01  2.13815987e-01  2.15719566e-01
  2.16529205e-01  2.16377124e-01  2.15437010e-01  2.13893116e-01  2.11916029e-01
 -5.21021783e-02 -6.07979968e-02 -6.93201423e-02 -7.76381642e-02 -8.51543322e-02
 -8.91696066e-02 -8.95965844e-02 -8.84037316e-02 -8.60870034e-02 -8.29604343e-02
 -7.92738423e-02 -7.51843676e-02 -7.07686469e-02 -6.60412461e-02 -6.09768443e-02
 -5.55309877e-02 -4.96557318e-02 -4.33101989e-02 -3.64673436e-02 -2.91177686e-02
 -2.12705918e-02 -1.29509047e-02 -4.19506337e-03  4.95290710e-03  1.44405672e-02
  2.42008138e-02  3.41409482e-02  4.41296920e-02  5.39875589e-02  6.34897426e-02
  7.23900497e-02  8.04628283e-02  8.75456557e-02  9.35679823e-02  9.85634327e-02
  1.02665864e-01  1.06085844e-01  1.09068058e-01  1.11845657e-01  1.14610963e-01
  1.17507048e-01  1.20632432e-01  1.24050111e-01  1.27796292e-01  1.31886870e-01
  1.36321738e-01  1.41087085e-01  1.46155983e-01  1.51487842e-01  1.57026872e-01
  1.62700251e-01  1.68416440e-01  1.74065083e-01  1.79519504e-01  1.84643269e-01
  1.89300627e-01  1.93369389e-01  1.96753636e-01  1.99393451e-01  2.01270297e-01
  2.02406824e-01  2.02861145e-01  2.02716753e-01  2.02070549e-01  2.01021701e-01
 -4.92131785e-02 -5.91513254e-02 -7.00984746e-02 -8.25940892e-02 -9.68364328e-02
 -1.03991605e-01 -1.04379453e-01 -1.01456687e-01 -9.66674164e-02 -9.14971679e-02
 -8.61325040e-02 -8.07350501e-02 -7.53270388e-02 -6.98109567e-02 -6.40479848e-02
 -5.79028167e-02 -5.12587950e-02 -4.40266766e-02 -3.61495502e-02 -2.76064221e-02
 -1.84181929e-02 -8.63928907e-03  1.66857464e-03  1.24577731e-02  2.36969590e-02
  3.53566669e-02  4.73826081e-02  5.96554317e-02  7.19353557e-02  8.38125199e-02
  9.47410762e-02  1.04208648e-01  1.11878023e-01  1.17607363e-01  1.21461444e-01
  1.23725623e-01  1.24900579e-01  1.25548586e-01  1.26108959e-01  1.26854405e-01
  1.27932489e-01  1.29413262e-01  1.31321520e-01  1.33655652e-01  1.36397898e-01
  1.39519751e-01  1.42984286e-01  1.46746978e-01  1.50755495e-01  1.54949263e-01
  1.59258857e-01  1.63606226e-01  1.67905599e-01  1.72065958e-01  1.75995067e-01
  1.79604739e-01  1.82816863e-01  1.85569257e-01  1.87820107e-01  1.89550504e-01
  1.90764517e-01  1.91486776e-01  1.91758171e-01  1.91630498e-01  1.91161036e-01
 -4.50891592e-02 -5.53500205e-02 -6.70183375e-02 -8.08022842e-02 -9.78819877e-02
 -1.09001473e-01 -1.15586974e-01 -1.13687724e-01 -1.08563036e-01 -1.00237362e-01
 -9.23577175e-02 -8.57142136e-02 -7.97954798e-02 -7.40324184e-02 -6.80409521e-02
 -6.16006069e-02 -5.44774868e-02 -4.65226173e-02 -3.76672037e-02 -2.78111305e-02
 -1.70093030e-02 -5.49457036e-03  6.55384501e-03  1.90908965e-02  3.21661495e-02
  4.58791293e-02  6.03464507e-02  7.56615624e-02  9.17951241e-02  1.08241513e-01
  1.23202711e-01  1.35031328e-01  1.43777817e-01  1.48790017e-01  1.50543019e-01
  1.48794219e-01  1.45368263e-01  1.42111123e-01  1.39578298e-01  1.37864366e-01
  1.36937276e-01  1.36729598e-01  1.37166947e-01  1.38177112e-01  1.39692083e-01
  1.41647562e-01  1.43981546e-01  1.46632850e-01  1.49539635e-01  1.52638420e-01
  1.55863449e-01  1.59146667e-01  1.62418455e-01  1.65609047e-01  1.68650731e-01
  1.71480551e-01  1.74043283e-01  1.76294133e-01  1.78200945e-01  1.79745346e-01
  1.80922866e-01  1.81741819e-01  1.82221368e-01  1.82388857e-01  1.82277039e-01
 -3.87128815e-02 -4.80626673e-02 -5.84014021e-02 -6.98829219e-02 -8.22967589e-02
 -9.48647931e-02 -1.09864816e-01 -1.11570008e-01 -1.12175472e-01 -1.01881608e-01
 -9.33117047e-02 -8.75255093e-02 -8.36229771e-02 -7.89624602e-02 -7.28933811e-02
 -6.74276948e-02 -6.02991246e-02 -5.12994751e-02 -4.24127653e-02 -3.09956707e-02
 -1.71494260e-02 -3.23383277e-03  1.06405104e-02  2.47061420e-02  3.92483696e-02
  5.45880497e-02  7.11094737e-02  8.93175006e-02  1.09957963e-01  1.34452105e-01
  1.61220983e-01  1.69793770e-01  1.87208876e-01  1.83905393e-01  1.90458223e-01
  1.75081670e-01  1.63523614e-01  1.55555889e-01  1.49922296e-01  1.45990580e-01
  1.43364385e-01  1.41774252e-01  1.41027078e-01  1.40977874e-01  1.41512468e-01
  1.42536759e-01  1.43969685e-01  1.45738602e-01  1.47776127e-01  1.50018215e-01
  1.52402952e-01  1.54869959e-01  1.57360584e-01  1.59818470e-01  1.62190601e-01
  1.64428607e-01  1.66490212e-01  1.68340534e-01  1.69953138e-01  1.71310529e-01
  1.72404274e-01  1.73234433e-01  1.73808485e-01  1.74140081e-01  1.74247399e-01
 -3.05422340e-02 -3.83334756e-02 -4.66410369e-02 -5.54302782e-02 -6.45608157e-02
 -7.37781897e-02 -8.25104713e-02 -9.04289931e-02 -1.01665981e-01 -8.95579755e-02
 -8.42170566e-02 -8.16201568e-02 -8.23100358e-02 -7.98968598e-02 -7.25152269e-02
 -6.98834732e-02 -6.31980449e-02 -5.21314219e-02 -4.56838608e-02 -3.29943113e-02
 -1.53182484e-02  2.58444517e-04  1.49944443e-02  2.95846723e-02  4.45190296e-02
  6.02347516e-02  7.72135332e-02  9.60762054e-02  1.17704310e-01  1.43306538e-01
  1.68605730e-01  1.80446729e-01  1.94544286e-01  1.94431081e-01  1.96771950e-01
  1.83351099e-01  1.70294330e-01  1.60965323e-01  1.54282480e-01  1.49495348e-01
  1.46121427e-01  1.43842757e-01  1.42439589e-01  1.41751379e-01  1.41654402e-01
  1.42048627e-01  1.42849907e-01  1.43984884e-01  1.45387813e-01  1.46998361e-01
  1.48760274e-01  1.50620639e-01  1.52529612e-01  1.54440597e-01  1.56310558e-01
  1.58100694e-01  1.59777075e-01  1.61311239e-01  1.62680700e-01  1.63869202e-01
  1.64866686e-01  1.65668979e-01  1.66277289e-01  1.66697353e-01  1.66938648e-01
  2.89340734e+00  2.97688270e+00  3.02980900e+00  3.07403612e+00  3.09387779e+00
  3.10440397e+00  3.10097218e+00  3.09195328e+00  3.07478285e+00  3.05496192e+00
  3.03107429e+00  3.00587511e+00  2.97978878e+00  2.95243382e+00  2.92629552e+00
  2.89991570e+00  2.87473536e+00  2.85046339e+00  2.82794595e+00  2.80674314e+00
  2.78774500e+00  2.77078509e+00  2.75645900e+00  2.74381280e+00  2.73372984e+00
  2.72593689e+00  2.72028112e+00  2.71662021e+00  2.71465468e+00  2.71490407e+00
  2.71691322e+00  2.72078562e+00  2.72639155e+00  2.73373675e+00  2.74290538e+00
  2.75404119e+00  2.76693130e+00  2.78181839e+00  2.79871249e+00  2.81773281e+00
  2.83907366e+00  2.86276388e+00  2.88905430e+00  2.91815567e+00  2.95025897e+00
  2.98563004e+00  3.02471042e+00  3.06767988e+00  3.11511731e+00  3.16749930e+00
  3.22501206e+00  3.28903484e+00  3.35955024e+00  3.43807864e+00  3.52541685e+00
  3.62337351e+00  3.73390579e+00  3.86065030e+00  4.00565100e+00  4.17662668e+00
  4.38045454e+00  4.63265371e+00  4.96496677e+00  5.49229574e+00  8.06983852e+00
   91   89
  1.04834867e+00  0.00000000e+00  1.04978585e+00  1.00000001e-01  1.05250001e+00
  1.58383742e-01  1.05877805e+00  2.50000000e-01  1.06776392e+00  3.49999994e-01
  1.07803214e+00  4.49999988e-01  1.08340156e+00  5.00000000e-01  1.09319341e+00
  6.00000024e-01  1.10267246e+00  6.99999988e-01  1.10800064e+00  7.50000000e-01
  1.11861944e+00  8.50000024e-01  1.12891138e+00  9.49999988e-01  1.13451529e+00
  1.00000000e+00  1.14321518e+00  1.09346211e+00  1.14701056e+00  1.13692415e+00
  1.21187496e+00  1.12416089e+00  1.26499999e+00  1.11070073e+00  1.30288959e+00
  1.10000002e+00  1.34468746e+00  1.08985245e+00  1.39781249e+00  1.07601786e+00
  1.45093751e+00  1.06066275e+00  1.48396099e+00  1.04999995e+00  1.53062499e+00
  1.03518343e+00  1.58375001e+00  1.01559865e+00  1.62039995e+00  1.00000000e+00
  1.66343749e+00  9.81284022e-01  1.71656251e+00  9.53606904e-01  1.74312496e+00
  9.38809335e-01  1.79624999e+00  9.04949367e-01  1.82281256e+00  8.86641920e-01
  1.87004006e+00  8.50000024e-01  1.90250003e+00  8.23035479e-01  1.92906249e+00
  7.98737705e-01  1.97838223e+00  7.50000000e-01  2.00874996e+00  7.17166781e-01
  2.03531241e+00  6.86150730e-01  2.06377721e+00  6.49999976e-01  2.09991527e+00
  6.00000024e-01  2.13172674e+00  5.50000012e-01  2.15966225e+00  5.00000000e-01
  2.18435383e+00  4.49999988e-01  2.20645523e+00  4.00000006e-01  2.22654080e+00
  3.49999994e-01  2.24781251e+00  2.92526215e-01  2.27437496e+00  2.08587885e-01
  2.29002166e+00  1.50000006e-01  2.30093741e+00  9.05732438e-02  2.30858469e+00
  0.00000000e+00  2.30178475e+00 -1.00000001e-01  2.29351878e+00 -1.50000006e-01
  2.27437496e+00 -2.25028142e-01  2.25046778e+00 -3.00000012e-01  2.23230743e+00
 -3.49999994e-01  2.21214795e+00 -4.00000006e-01  2.18960619e+00 -4.49999988e-01
  2.16405249e+00 -5.00000000e-01  2.13468122e+00 -5.50000012e-01  2.10062265e+00
 -6.00000024e-01  2.06187510e+00 -6.49376869e-01  2.03531241e+00 -6.79435790e-01
  2.00874996e+00 -7.06750870e-01  1.96210587e+00 -7.50000000e-01  1.92906249e+00
 -7.78029203e-01  1.89961779e+00 -8.00000012e-01  1.84937501e+00 -8.34332943e-01
  1.82238233e+00 -8.50000024e-01  1.76968753e+00 -8.78029227e-01  1.71696568e+00
 -8.99999976e-01  1.69000006e+00 -9.10301924e-01  1.63687503e+00 -9.26832259e-01
  1.58375001e+00 -9.38641250e-01  1.53062499e+00 -9.45976079e-01  1.47749996e+00
 -9.48652983e-01  1.42437506e+00 -9.45818603e-01  1.37125003e+00 -9.35511768e-01
  1.31812501e+00 -9.13580894e-01  1.29156256e+00 -8.95974159e-01  1.24390960e+00
 -8.50000024e-01  1.21187496e+00 -8.04864466e-01  1.18531251e+00 -7.53887713e-01
  1.16354549e+00 -6.99999988e-01  1.14649534e+00 -6.49999976e-01  1.13182139e+00
 -6.00000024e-01  1.10780203e+00 -5.00000000e-01  1.09717488e+00 -4.49999988e-01
  1.07906246e+00 -3.51251006e-01  1.07121193e+00 -3.00000012e-01  1.05929577e+00
 -2.00000003e-01  1.05250001e+00 -1.15003914e-01  1.04928195e+00 -5.00000007e-02
  1.04834867e+00  0.00000000e+00
  1.01600003e+00  0.00000000e+00  1.01600003e+00  9.63999987e-01  1.01800001e+00
  9.67999995e-01  1.01800001e+00  1.00100005e+00  1.01800001e+00  1.01900005e+00
  1.01800001e+00  1.07700002e+00  1.01800001e+00  1.07000005e+00  1.01800001e+00
  1.09599996e+00  1.01800001e+00  1.11300004e+00  1.01800001e+00  1.13800001e+00
  1.01600003e+00  1.14699996e+00  1.01199996e+00  1.16499996e+00  1.00100005e+00
  1.21700001e+00  1.02900004e+00  1.21700001e+00  1.04200006e+00  1.16240001e+00
  1.04600000e+00  1.16237998e+00  1.05599999e+00  1.16260004e+00  1.09700000e+00
  1.16450000e+00  1.10800004e+00  1.16594005e+00  1.11600006e+00  1.16591001e+00
  1.13399994e+00  1.16895998e+00  1.14800000e+00  1.17174995e+00  1.16199994e+00
  1.17556000e+00  1.18099999e+00  1.18299997e+00  1.18200004e+00  1.18350005e+00
  1.18499994e+00  1.18499994e+00  1.19000006e+00  1.18799996e+00  1.19500005e+00
  1.19099998e+00  1.20099998e+00  1.19599998e+00  1.20899999e+00  1.20200002e+00
  1.21500003e+00  1.20799994e+00  1.22200000e+00  1.21399999e+00  1.22800004e+00
  1.22099996e+00  1.23399997e+00  1.23099995e+00  1.23899996e+00  1.23800004e+00
  1.24199998e+00  1.24399996e+00  1.24800003e+00  1.25399995e+00  1.25800002e+00
  1.27800000e+00  1.26300001e+00  1.28999996e+00  1.27999997e+00  1.33099997e+00
  1.27999997e+00  1.34700000e+00  1.27999997e+00  1.34800005e+00  1.30999994e+00
  1.34800005e+00  1.32799995e+00  1.34800005e+00  1.36099994e+00  1.34800005e+00
  1.38000000e+00  1.34800005e+00  1.41900003e+00  1.34800005e+00  1.41900003e+00
  1.30999994e+00  1.37199998e+00  1.30999994e+00  1.37199998e+00  1.29200006e+00
  1.60800004e+00  1.09500003e+00  1.64699996e+00  1.07700002e+00  1.78499997e+00
  1.07700002e+00  2.06999993e+00  1.03999996e+00  2.12800002e+00  9.92999971e-01
  2.24499989e+00  7.08999991e-01  2.32299995e+00  5.18999994e-01  2.37700009e+00
  3.88999999e-01  2.35200000e+00  4.00000006e-01  2.35100007e+00  3.37000012e-01
  2.35100007e+00  2.04999998e-01  2.35400009e+00  6.80000037e-02  2.35400009e+00
  0.00000000e+00  2.35400009e+00 -6.80000037e-02  2.35299993e+00 -2.04999998e-01
  2.35100007e+00 -3.37000012e-01  2.35299993e+00 -4.00000006e-01  2.37700009e+00
 -3.88999999e-01  2.13400006e+00 -9.72999990e-01  1.78600001e+00 -1.17400002e+00
  1.76800001e+00 -1.21099997e+00  1.76800001e+00 -1.25399995e+00  1.68200004e+00
 -1.25399995e+00  1.67400002e+00 -1.26199996e+00  1.67400002e+00 -1.32900000e+00
  1.68099999e+00 -1.33899999e+00  1.75399995e+00 -1.33899999e+00  1.75399995e+00
 -1.36800003e+00  1.68900001e+00 -1.36800003e+00  1.68900001e+00 -1.36600006e+00
  1.55499995e+00 -1.36600006e+00  1.41199994e+00 -1.36600006e+00  1.27300000e+00
 -1.36600006e+00  1.15300000e+00 -1.36600006e+00  1.01600003e+00 -1.22899997e+00
  1.01600003e+00 -8.00000012e-01  1.01600003e+00 -4.14999992e-01  1.01600003e+00
 -4.00000006e-01  1.01600003e+00  0.00000000e+00
    0 0.000000000e+00    0
  0.00000000e+00  1.20367147e-01  1.71300411e-01  2.09406495e-01  2.42972940e-01
  2.72732049e-01  2.99468458e-01  3.24006706e-01  3.46691221e-01  3.67985040e-01
  3.87771606e-01  4.06656325e-01  4.24411714e-01  4.41325426e-01  4.57539260e-01
  4.73039418e-01  4.87819433e-01  5.02158821e-01  5.16004622e-01  5.29269874e-01
  5.42193472e-01  5.54766238e-01  5.66953897e-01  5.78834057e-01  5.90421557e-01
  6.01749599e-01  6.12875044e-01  6.23775840e-01  6.34444356e-01  6.44935131e-01
  6.55310214e-01  6.65518343e-01  6.75560951e-01  6.85497701e-01  6.95332289e-01
  7.05053806e-01  7.14690506e-01  7.24243820e-01  7.33735561e-01  7.43160367e-01
  7.52524197e-01  7.61855781e-01  7.71170318e-01  7.80445874e-01  7.89705932e-01
  7.98962176e-01  8.08250546e-01  8.17537665e-01  8.26865196e-01  8.36236238e-01
  8.45642626e-01  8.55164230e-01  8.64746332e-01  8.74450088e-01  8.84268999e-01
  8.94229531e-01  9.04376805e-01  9.14766014e-01  9.25356925e-01  9.36259329e-01
  9.47494745e-01  9.59233284e-01  9.71518934e-01  9.84739780e-01  1.00000000e+00
    0
