   EFIT?   05/12/98      #102940  1234             3  65  65
  1.70000005e+00  3.20000005e+00  1.69550002e+00  8.39999974e-01  0.00000000e+00
  1.77917337e+00  2.33290456e-02 -2.72637069e-01  1.26194922e-04 -2.00141883e+00
  1.47278312e+06 -2.72637069e-01  0.00000000e+00  1.77917337e+00  0.00000000e+00
  2.33290456e-02  0.00000000e+00  1.26194922e-04  0.00000000e+00  0.00000000e+00
 -3.42807198e+00 -3.43676209e+00 -3.44392276e+00 -3.44972157e+00 -3.45430994e+00
 -3.45782399e+00 -3.46038580e+00 -3.46210599e+00 -3.46308398e+00 -3.46340990e+00
 -3.46316552e+00 -3.46242380e+00 -3.46125197e+00 -3.45971012e+00 -3.45785260e+00
 -3.45572901e+00 -3.45338368e+00 -3.45085716e+00 -3.44818568e+00 -3.44540167e+00
 -3.44253445e+00 -3.43961048e+00 -3.43665361e+00 -3.43368554e+00 -3.43072605e+00
 -3.42779303e+00 -3.42490244e+00 -3.42206907e+00 -3.41930580e+00 -3.41662478e+00
 -3.41403604e+00 -3.41154933e+00 -3.40917277e+00 -3.40691376e+00 -3.40477824e+00
 -3.40277195e+00 -3.40089893e+00 -3.39916325e+00 -3.39756727e+00 -3.39611316e+00
 -3.39480186e+00 -3.39363408e+00 -3.39260936e+00 -3.39172626e+00 -3.39098310e+00
 -3.39037681e+00 -3.38990378e+00 -3.38955927e+00 -3.38933802e+00 -3.38923359e+00
 -3.38923860e+00 -3.38934398e+00 -3.38954043e+00 -3.38981700e+00 -3.39016104e+00
 -3.39055896e+00 -3.39099574e+00 -3.39145374e+00 -3.39191484e+00 -3.39235759e+00
 -3.39275932e+00 -3.39309454e+00 -3.39333510e+00 -3.39345002e+00 -3.39340568e+00
  9.50092266e+04  8.56979609e+04  7.73641172e+04  6.99360156e+04  6.33454883e+04
  5.75277578e+04  5.24212734e+04  4.79675898e+04  4.41112383e+04  4.07995898e+04
  3.79827578e+04  3.56134844e+04  3.36470234e+04  3.20410547e+04  3.07555938e+04
  2.97528926e+04  2.89973652e+04  2.84555020e+04  2.80958027e+04  2.78887109e+04
  2.78065352e+04  2.78234004e+04  2.79151836e+04  2.80594707e+04  2.82354941e+04
  2.84240957e+04  2.86076836e+04  2.87701934e+04  2.88970469e+04  2.89751348e+04
  2.89927676e+04  2.89396680e+04  2.88069395e+04  2.85870449e+04  2.82737969e+04
  2.78623418e+04  2.73491406e+04  2.67319785e+04  2.60099414e+04  2.51834258e+04
  2.42541367e+04  2.32250918e+04  2.21006250e+04  2.08864004e+04  1.95894180e+04
  1.82180410e+04  1.67819980e+04  1.52924229e+04  1.37618613e+04  1.22043115e+04
  1.06352471e+04  9.07165723e+03  7.53207715e+03  6.03663574e+03  4.60709473e+03
  3.26689941e+03  2.04122815e+03  9.57049377e+02  4.31800804e+01 -6.69650879e+02
 -1.14873511e+03 -1.35931274e+03 -1.26449622e+03 -8.25189087e+02  0.00000000e+00
  7.64194679e+00  6.35587502e+00  5.20437860e+00  4.17532873e+00  3.25767469e+00
  2.44134521e+00  1.71715975e+00  1.07674861e+00  5.12479067e-01  1.73877180e-02
 -4.14880097e-01 -7.90126562e-01 -1.11365247e+00 -1.39030337e+00 -1.62451279e+00
 -1.82034099e+00 -1.98151052e+00 -2.11143923e+00 -2.21326971e+00 -2.28989816e+00
 -2.34396625e+00 -2.37767839e+00 -2.39295244e+00 -2.39154410e+00 -2.37506199e+00
 -2.34498215e+00 -2.30266118e+00 -2.24934769e+00 -2.18619418e+00 -2.11426592e+00
 -2.03455162e+00 -1.94797122e+00 -1.85538411e+00 -1.75759709e+00 -1.65537119e+00
 -1.54942834e+00 -1.44045782e+00 -1.32912219e+00 -1.21606326e+00 -1.10190785e+00
 -9.87272918e-01 -8.72771263e-01 -7.59016812e-01 -6.46630168e-01 -5.36243916e-01
 -4.28508222e-01 -3.24096560e-01 -2.23711684e-01 -1.28091738e-01 -3.80167663e-02
  4.56844084e-02  1.22126900e-01  1.90361977e-01  2.49368712e-01  2.98045039e-01
  3.35197985e-01  3.59533280e-01  3.69643867e-01  3.63997579e-01  3.40923727e-01
  2.98598230e-01  2.35027745e-01  1.48032069e-01  3.52249630e-02 -1.06006868e-01
 -2.30373575e+06 -2.06577488e+06 -1.84505775e+06 -1.64073838e+06 -1.45200712e+06
 -1.27808825e+06 -1.11823900e+06 -9.71747000e+05 -8.37929625e+05 -7.16132062e+05
 -6.05725750e+05 -5.06107250e+05 -4.16696906e+05 -3.36937344e+05 -2.66292531e+05
 -2.04246375e+05 -1.50301750e+05 -1.03979297e+05 -6.48164062e+04 -3.23662148e+04
 -6.19661133e+03  1.41107188e+04  2.89612031e+04  3.87482773e+04  4.38542539e+04
  4.46511484e+04  4.15015156e+04  3.47592305e+04  2.47702793e+04  1.18735059e+04
 -3.59863037e+03 -2.13193340e+04 -4.09667461e+04 -6.22232539e+04 -8.47747578e+04
 -1.08310039e+05 -1.32520000e+05 -1.57097062e+05 -1.81734422e+05 -2.06125438e+05
 -2.29962906e+05 -2.52938422e+05 -2.74741688e+05 -2.95059781e+05 -3.13576594e+05
 -3.29972000e+05 -3.43921219e+05 -3.55094156e+05 -3.63154500e+05 -3.67759219e+05
 -3.68557625e+05 -3.65190625e+05 -3.57290094e+05 -3.44477812e+05 -3.26364844e+05
 -3.02550594e+05 -2.72621875e+05 -2.36152188e+05 -1.92700547e+05 -1.41810656e+05
 -8.30098750e+04 -1.58081943e+04  6.03028789e+04  1.45851422e+05  2.41386219e+05
  4.36203554e-02  3.62721048e-02  2.83516217e-02  1.98795721e-02  1.10081146e-02
  2.02848692e-03 -6.41118409e-03 -1.40730347e-02 -2.32303180e-02 -1.09218052e-02
 -4.79437085e-03 -1.36610423e-03 -1.14575378e-03  1.74381118e-03  9.93963238e-03
  1.34787904e-02  2.05788482e-02  3.24371308e-02  3.97852436e-02  5.28029650e-02
  7.12100193e-02  8.75446573e-02  1.03080310e-01  1.18528470e-01  1.34398684e-01
  1.51152104e-01  1.69299990e-01  1.89502239e-01  2.12700307e-01  2.40001395e-01
  2.65630603e-01  2.79584944e-01  2.92686343e-01  2.93813884e-01  2.94003993e-01
  2.80507833e-01  2.65758753e-01  2.54803777e-01  2.46630564e-01  2.40449622e-01
  2.35763744e-01  2.32250214e-01  2.29687899e-01  2.27915287e-01  2.26806954e-01
  2.26260513e-01  2.26189047e-01  2.26516411e-01  2.27174178e-01  2.28099555e-01
  2.29233950e-01  2.30522230e-01  2.31912330e-01  2.33355269e-01  2.34805539e-01
  2.36221597e-01  2.37566561e-01  2.38808811e-01  2.39922583e-01  2.40888253e-01
  2.41692439e-01  2.42327690e-01  2.42792115e-01  2.43088514e-01  2.43223667e-01
  3.59903276e-02  2.69167870e-02  1.67896785e-02  5.44678792e-03 -6.85067521e-03
 -1.93221141e-02 -3.44981775e-02 -3.47395241e-02 -3.42496485e-02 -2.26827450e-02
 -1.32670738e-02 -6.63719466e-03 -1.87339506e-03  3.51411896e-03  1.02890525e-02
  1.65471938e-02  2.43428610e-02  3.40190046e-02  4.36770469e-02  5.57248741e-02
  7.02276453e-02  8.49096999e-02  9.96366143e-02  1.14650942e-01  1.30264089e-01
  1.46839440e-01  1.64827555e-01  1.84837639e-01  2.07765236e-01  2.34810337e-01
  2.60668039e-01  2.73913801e-01  2.87614256e-01  2.88224995e-01  2.89352685e-01
  2.75708556e-01  2.61501312e-01  2.51146227e-01  2.43547112e-01  2.37936616e-01
  2.33829245e-01  2.30903164e-01  2.28934601e-01  2.27760091e-01  2.27253929e-01
  2.27314427e-01  2.27855355e-01  2.28800341e-01  2.30079338e-01  2.31626227e-01
  2.33377337e-01  2.35270739e-01  2.37246051e-01  2.39244878e-01  2.41211757e-01
  2.43095383e-01  2.44850010e-01  2.46436894e-01  2.47825444e-01  2.48993948e-01
  2.49929711e-01  2.50628740e-01  2.51094818e-01  2.51338094e-01  2.51373678e-01
  3.03330235e-02  2.02771649e-02  8.70266650e-03 -5.15459385e-03 -2.25139912e-02
 -3.26553397e-02 -3.88259664e-02 -3.57203670e-02 -2.96685640e-02 -2.03373525e-02
 -1.16427215e-02 -4.21745703e-03  2.46057939e-03  8.95937067e-03  1.56699456e-02
  2.28203032e-02  3.06449458e-02  3.92997786e-02  4.88611348e-02  5.94329014e-02
  7.09768683e-02  8.32843110e-02  9.61961150e-02  1.09687530e-01  1.23834796e-01
  1.38775334e-01  1.54681221e-01  1.71730369e-01  1.90028220e-01  2.09206492e-01
  2.26598814e-01  2.39473477e-01  2.48955354e-01  2.53333092e-01  2.54112035e-01
  2.49766469e-01  2.43490472e-01  2.37915382e-01  2.33452693e-01  2.30072647e-01
  2.27668867e-01  2.26127833e-01  2.25345910e-01  2.25232065e-01  2.25706130e-01
  2.26696014e-01  2.28134856e-01  2.29958534e-01  2.32103676e-01  2.34506100e-01
  2.37099797e-01  2.39816576e-01  2.42586270e-01  2.45337918e-01  2.48001665e-01
  2.50511318e-01  2.52807379e-01  2.54839987e-01  2.56571293e-01  2.57977247e-01
  2.59047717e-01  2.59785891e-01  2.60206342e-01  2.60332525e-01  2.60193795e-01
  2.72145551e-02  1.75134297e-02  6.69574738e-03 -5.81088942e-03 -2.00405512e-02
 -2.61656549e-02 -2.59027760e-02 -2.21265890e-02 -1.65983923e-02 -1.06958970e-02
 -4.60736919e-03  1.49974553e-03  7.60517735e-03  1.38090756e-02  2.02529803e-02
  2.70751342e-02  3.43954600e-02  4.23072800e-02  5.08727655e-02  6.01198263e-02
  7.00368509e-02  8.05808157e-02  9.17025879e-02  1.03368074e-01  1.15560547e-01
  1.28265783e-01  1.41442508e-01  1.54973224e-01  1.68586433e-01  1.81767240e-01
  1.93781912e-01  2.03947306e-01  2.11840764e-01  2.17282072e-01  2.20348209e-01
  2.21393928e-01  2.21093282e-01  2.20202655e-01  2.19271854e-01  2.18611896e-01
  2.18375921e-01  2.18628615e-01  2.19387263e-01  2.20643550e-01  2.22374782e-01
  2.24549279e-01  2.27128670e-01  2.30068401e-01  2.33317390e-01  2.36817166e-01
  2.40501016e-01  2.44293526e-01  2.48110920e-01  2.51862764e-01  2.55455434e-01
  2.58797020e-01  2.61803538e-01  2.64405191e-01  2.66551703e-01  2.68215597e-01
  2.69393086e-01  2.70102024e-01  2.70377904e-01  2.70268381e-01  2.69827425e-01
  2.56508123e-02  1.72928385e-02  9.03923530e-03  9.48747445e-04 -6.25130441e-03
 -9.66911577e-03 -9.52761248e-03 -7.76566239e-03 -4.85730777e-03 -1.12470658e-03
  3.17750871e-03  7.88879674e-03  1.29301837e-02  1.82857942e-02  2.39804592e-02
  3.00588217e-02  3.65697332e-02  4.35557738e-02  5.10465726e-02  5.90550303e-02
  6.75764233e-02  7.65906274e-02  8.60663429e-02  9.59639624e-02  1.06233656e-01
  1.16807245e-01  1.27583981e-01  1.38412684e-01  1.49076551e-01  1.59293637e-01
  1.68747813e-01  1.77147031e-01  1.84281707e-01  1.90060943e-01  1.94527805e-01
  1.97855487e-01  2.00317472e-01  2.02228993e-01  2.03883573e-01  2.05515683e-01
  2.07294002e-01  2.09331170e-01  2.11697668e-01  2.14433685e-01  2.17557654e-01
  2.21071795e-01  2.24965051e-01  2.29214251e-01  2.33783841e-01  2.38624394e-01
  2.43670598e-01  2.48838887e-01  2.54026085e-01  2.59110302e-01  2.63955563e-01
  2.68421441e-01  2.72376060e-01  2.75710434e-01  2.78350115e-01  2.80262411e-01
  2.81457990e-01  2.81986117e-01  2.81924754e-01  2.81367630e-01  2.80412078e-01
  2.29708198e-02  1.55920396e-02  1.02737620e-02  6.50516525e-03  3.76724568e-03
  2.18153931e-03  1.86249532e-03  2.68039131e-03  4.42814548e-03  6.92165550e-03
  1.00152977e-02  1.36031788e-02  1.76173057e-02  2.20222026e-02  2.68069506e-02
  3.19763720e-02  3.75428349e-02  4.35194895e-02  4.99152169e-02  5.67312650e-02
  6.39593527e-02  7.15809166e-02  7.95668140e-02  8.78765509e-02  9.64562744e-02
  1.05235279e-01  1.14121675e-01  1.22998990e-01  1.31726444e-01  1.40145957e-01
  1.48097321e-01  1.55439228e-01  1.62070945e-01  1.67948514e-01  1.73092261e-01
  1.77583829e-01  1.81552947e-01  1.85156822e-01  1.88558012e-01  1.91906750e-01
  1.95331052e-01  1.98933616e-01  2.02793166e-01  2.06967533e-01  2.11497143e-01
  2.16407567e-01  2.21711129e-01  2.27407098e-01  2.33480334e-01  2.39898205e-01
  2.46605322e-01  2.53516346e-01  2.60507405e-01  2.67409146e-01  2.74008185e-01
  2.80064434e-01  2.85344183e-01  2.89655894e-01  2.92875797e-01  2.94961840e-01
  2.95958161e-01  2.95985848e-01  2.95216799e-01  2.93838263e-01  2.92023897e-01
  1.58610269e-02  5.80806099e-03  7.73529662e-03  9.23200790e-03  9.12731700e-03
  8.99570715e-03  9.24648996e-03  1.00155650e-02  1.13252066e-02  1.31489178e-02
  1.54446494e-02  1.81713868e-02  2.12966613e-02  2.47988533e-02  2.86663845e-02
  3.28952037e-02  3.74855436e-02  4.24386524e-02  4.77539077e-02  5.34264930e-02
  5.94456717e-02  6.57935366e-02  7.24439919e-02  7.93618336e-02  8.65016803e-02
  9.38069969e-02  1.01209491e-01  1.08629756e-01  1.15979806e-01  1.23168305e-01
  1.30108237e-01  1.36726156e-01  1.42971262e-01  1.48822308e-01  1.54290855e-01
  1.59420177e-01  1.64280072e-01  1.68958619e-01  1.73552945e-01  1.78160936e-01
  1.82874858e-01  1.87777817e-01  1.92942098e-01  1.98429286e-01  2.04290986e-01
  2.10569769e-01  2.17299774e-01  2.24506587e-01  2.32205600e-01  2.40398228e-01
  2.49064535e-01  2.58149624e-01  2.67540425e-01  2.77027726e-01  2.86261201e-01
  2.94758230e-01  3.02035630e-01  3.07734907e-01  3.11642766e-01  3.13689709e-01
  3.13977301e-01  3.12805474e-01  3.10597777e-01  3.07746589e-01  3.04544330e-01
  2.32502185e-02  1.71409138e-02  1.43067939e-02  1.36715760e-02  1.38030946e-02
  1.41657740e-02  1.47061031e-02  1.54770492e-02  1.65288914e-02  1.78912096e-02
  1.95767470e-02  2.15884577e-02  2.39251107e-02  2.65847538e-02  2.95663066e-02
  3.28697786e-02  3.64956185e-02  4.04436253e-02  4.47116755e-02  4.92945164e-02
  5.41827083e-02  5.93617260e-02  6.48112670e-02  7.05046952e-02  7.64087290e-02
  8.24834183e-02  8.86826292e-02  9.49553475e-02  1.01247884e-01  1.07507132e-01
  1.13684691e-01  1.19741358e-01  1.25651315e-01  1.31405354e-01  1.37012392e-01
  1.42499253e-01  1.47908524e-01  1.53295159e-01  1.58722416e-01  1.64257780e-01
  1.69969708e-01  1.75925180e-01  1.82188392e-01  1.88820422e-01  1.95879549e-01
  2.03422159e-01  2.11503804e-01  2.20180392e-01  2.29509041e-01  2.39547998e-01
  2.50354499e-01  2.61977822e-01  2.74441749e-01  2.87704110e-01  3.01519573e-01
  3.14337671e-01  3.24785441e-01  3.32531482e-01  3.37333441e-01  3.39000553e-01
  3.37382883e-01  3.33106488e-01  3.27998489e-01  3.22654068e-01  3.17380250e-01
  2.06147954e-02  1.18626580e-02  1.44073172e-02  1.71126798e-02  1.81484893e-02
  1.88079719e-02  1.93813629e-02  1.99920814e-02  2.07166672e-02  2.16087196e-02
  2.27060653e-02  2.40350701e-02  2.56140810e-02  2.74561197e-02  2.95707099e-02
  3.19649242e-02  3.46438140e-02  3.76103818e-02  4.08652946e-02  4.44064625e-02
  4.82285805e-02  5.23227081e-02  5.66759408e-02  6.12712279e-02  6.60873577e-02
  7.10992441e-02  7.62785450e-02  8.15947503e-02  8.70166942e-02  9.25146043e-02
  9.80623364e-02  1.03639767e-01  1.09234937e-01  1.14845715e-01  1.20480612e-01
  1.26158893e-01  1.31909743e-01  1.37770921e-01  1.43786907e-01  1.50007173e-01
  1.56484544e-01  1.63274139e-01  1.70432746e-01  1.78019091e-01  1.86094582e-01
  1.94724917e-01  2.03982517e-01  2.13949978e-01  2.24724934e-01  2.36427024e-01
  2.49208286e-01  2.63269454e-01  2.78886020e-01  2.96438843e-01  3.16225082e-01
  3.35839391e-01  3.49252433e-01  3.60459656e-01  3.66338849e-01  3.67665797e-01
  3.65133673e-01  3.55611891e-01  3.45744848e-01  3.36916089e-01  3.29080552e-01
  3.07906903e-02  2.52861083e-02  2.30809320e-02  2.29434222e-02  2.33276617e-02
  2.36776546e-02  2.39280798e-02  2.41327044e-02  2.43597087e-02  2.46684458e-02
  2.51061041e-02  2.57090516e-02  2.65050773e-02  2.75154784e-02  2.87567079e-02
  3.02415378e-02  3.19798179e-02  3.39788571e-02  3.62436138e-02  3.87766883e-02
  4.15782668e-02  4.46460135e-02  4.79749776e-02  5.15575744e-02  5.53836301e-02
  5.94406389e-02  6.37142211e-02  6.81888312e-02  7.28487521e-02  7.76793063e-02
  8.26681852e-02  8.78068060e-02  9.30915326e-02  9.85245928e-02  1.04114652e-01
  1.09876946e-01  1.15833096e-01  1.22010663e-01  1.28442451e-01  1.35165825e-01
  1.42222211e-01  1.49656713e-01  1.57518268e-01  1.65860265e-01  1.74741760e-01
  1.84229627e-01  1.94401592e-01  2.05350965e-01  2.17193350e-01  2.30076879e-01
  2.44197801e-01  2.59825677e-01  2.77345091e-01  2.97324419e-01  3.20512027e-01
  3.45348299e-01  3.62680137e-01  3.76406670e-01  3.84678870e-01  3.86361927e-01
  3.84617984e-01  3.73179495e-01  3.59359294e-01  3.47338349e-01  3.37293863e-01
  3.33074965e-02  2.61757262e-02  2.68461239e-02  2.86881216e-02  2.91213598e-02
  2.90109832e-02  2.86539793e-02  2.81927157e-02  2.77159233e-02  2.72863936e-02
  2.69512404e-02  2.67469455e-02  2.67023612e-02  2.68407129e-02  2.71809828e-02
  2.77388953e-02  2.85275895e-02  2.95580719e-02  3.08395009e-02  3.23793665e-02
  3.41836140e-02  3.62567492e-02  3.86018455e-02  4.12204489e-02  4.41125259e-02
  4.72764522e-02  5.07091992e-02  5.44066876e-02  5.83643354e-02  6.25778064e-02
  6.70438632e-02  7.17612952e-02  7.67316818e-02  8.19600001e-02  8.74548182e-02
  9.32285190e-02  9.92973223e-02  1.05681352e-01  1.12404555e-01  1.19494565e-01
  1.26982689e-01  1.34903938e-01  1.43297434e-01  1.52207106e-01  1.61682889e-01
  1.71782434e-01  1.82573810e-01  1.94139048e-01  2.06579238e-01  2.20021516e-01
  2.34628484e-01  2.50610501e-01  2.68239707e-01  2.87864625e-01  3.09948206e-01
  3.35173607e-01  3.58414739e-01  3.71065795e-01  3.83934408e-01  3.85719121e-01
  3.85862082e-01  3.78799081e-01  3.63742083e-01  3.50334227e-01  3.39505285e-01
  4.62233163e-02  4.12506238e-02  3.87567952e-02  3.75280380e-02  3.63569483e-02
  3.50437164e-02  3.36459205e-02  3.22284810e-02  3.08405180e-02  2.95199081e-02
  2.82974970e-02  2.71993894e-02  2.62482371e-02  2.54640244e-02  2.48645972e-02
  2.44660899e-02  2.42832433e-02  2.43296698e-02  2.46180426e-02  2.51602307e-02
  2.59675328e-02  2.70512719e-02  2.84227617e-02  3.00929006e-02  3.20716575e-02
  3.43676507e-02  3.69878784e-02  3.99376862e-02  4.32209708e-02  4.68406603e-02
  5.07994369e-02  5.51006943e-02  5.97494170e-02  6.47525489e-02  7.01183006e-02
  7.58561119e-02  8.19770172e-02  8.84942263e-02  9.54235122e-02  1.02783270e-01
  1.10594571e-01  1.18881375e-01  1.27670750e-01  1.36993334e-01  1.46884024e-01
  1.57382861e-01  1.68536216e-01  1.80398181e-01  1.93032205e-01  2.06512719e-01
  2.20926315e-01  2.36371934e-01  2.52959073e-01  2.70804435e-01  2.90039450e-01
  3.10957968e-01  3.35134417e-01  3.49435836e-01  3.58547062e-01  3.69122475e-01
  3.65122139e-01  3.68120313e-01  3.54948908e-01  3.42859834e-01  3.34054649e-01
  5.86778671e-02  5.46761118e-02  5.07683270e-02  4.72035594e-02  4.40619662e-02
  4.12123799e-02  3.85469794e-02  3.60136218e-02  3.35938372e-02  3.12862657e-02
  2.90980674e-02  2.70406995e-02  2.51277853e-02  2.33739913e-02  2.17944365e-02
  2.04043873e-02  1.92191564e-02  1.82541944e-02  1.75252222e-02  1.70475580e-02
  1.68358069e-02  1.69081986e-02  1.72857419e-02  1.79904494e-02  1.90437604e-02
  2.04653349e-02  2.22722292e-02  2.44783703e-02  2.70943660e-02  3.01277284e-02
  3.35837491e-02  3.74672860e-02  4.17855196e-02  4.65498902e-02  5.17685972e-02
  5.74467443e-02  6.35883883e-02  7.01986700e-02  7.72850588e-02  8.48566517e-02
  9.29239690e-02  1.01499036e-01  1.10595472e-01  1.20228499e-01  1.30414963e-01
  1.41173348e-01  1.52523443e-01  1.64485842e-01  1.77080512e-01  1.90324381e-01
  2.04226643e-01  2.18780726e-01  2.33949900e-01  2.49641240e-01  2.65652835e-01
  2.81550765e-01  2.96437681e-01  3.09089571e-01  3.18962306e-01  3.25898230e-01
  3.29768747e-01  3.30839217e-01  3.29317778e-01  3.26164335e-01  3.22547019e-01
  6.84009120e-02  6.49670959e-02  5.98676130e-02  5.49075641e-02  5.05517423e-02
  4.65456918e-02  4.27780412e-02  3.91893201e-02  3.57474536e-02  3.24374884e-02
  2.92555336e-02  2.62048990e-02  2.32936349e-02  2.05329321e-02  1.79360714e-02
  1.55176781e-02  1.32932765e-02  1.12796454e-02  9.49785952e-03  7.96776544e-03
  6.69197645e-03  5.69880987e-03  5.02535375e-03  4.71033016e-03  4.79075778e-03
  5.30012930e-03  6.26718113e-03  7.71489087e-03  9.65955574e-03  1.21100387e-02
  1.50677692e-02  1.85294133e-02  2.24976558e-02  2.70150173e-02  3.20890136e-02
  3.77131216e-02  4.38768119e-02  5.05729914e-02  5.78033477e-02  6.55685812e-02
  7.38683492e-02  8.27026665e-02  9.20715779e-02  1.01974785e-01  1.12411231e-01
  1.23378456e-01  1.34871572e-01  1.46881640e-01  1.59392968e-01  1.72379285e-01
  1.85797706e-01  1.99580029e-01  2.13619933e-01  2.27755144e-01  2.41745085e-01
  2.55252838e-01  2.67858177e-01  2.79132634e-01  2.88741320e-01  2.96488315e-01
  3.02318305e-01  3.06316227e-01  3.08704585e-01  3.09827000e-01  3.10067743e-01
  7.37711564e-02  6.99658096e-02  6.54067844e-02  6.04620241e-02  5.55230379e-02
  5.07200994e-02  4.60652672e-02  4.15449403e-02  3.71458232e-02  3.28603946e-02
  2.86872182e-02  2.46300399e-02  2.06968300e-02  1.68989655e-02  1.32504506e-02
  9.76676680e-03  6.46241149e-03  3.34479497e-03  4.59998526e-04 -2.11160514e-03
 -4.53126850e-03 -6.69943076e-03 -8.53738189e-03 -9.97798145e-03 -1.09624080e-02
 -1.14393365e-02 -1.13651762e-02 -1.07050510e-02 -9.43475123e-03 -7.54451612e-03
 -5.04655391e-03 -1.99053390e-03  1.50320900e-03  5.77358389e-03  1.07517699e-02
  1.63836312e-02  2.26177126e-02  2.94161756e-02  3.68096493e-02  4.47907746e-02
  5.33431843e-02  6.24562018e-02  7.21174851e-02  8.23126137e-02  9.30246487e-02
  1.04233585e-01  1.15915246e-01  1.28039584e-01  1.40568197e-01  1.53450966e-01
  1.66621700e-01  1.79992750e-01  1.93449005e-01  2.06842110e-01  2.19987527e-01
  2.32668221e-01  2.44649336e-01  2.55703807e-01  2.65641451e-01  2.74331838e-01
  2.81716228e-01  2.87810087e-01  2.92696238e-01  2.96508253e-01  2.99403995e-01
  8.05863068e-02  7.71744549e-02  7.10900202e-02  6.50634766e-02  5.94201013e-02
  5.38966656e-02  4.84496206e-02  4.30709645e-02  3.77607904e-02  3.25223766e-02
  2.73614433e-02  2.22862605e-02  1.73079334e-02  1.24409534e-02  7.70417135e-03
  3.12259421e-03 -1.26907777e-03 -5.63379517e-03 -9.88245662e-03 -1.39404982e-02
 -1.77579951e-02 -2.12643314e-02 -2.43844762e-02 -2.70459708e-02 -2.91821621e-02
 -3.07337381e-02 -3.16495225e-02 -3.18869390e-02 -3.14123668e-02 -3.02014668e-02
 -2.82390751e-02 -2.55169924e-02 -2.20248532e-02 -1.77203193e-02 -1.26133543e-02
 -6.76251808e-03 -2.98332016e-04  6.51849806e-03  1.41255390e-02  2.24035718e-02
  3.12679447e-02  4.07235697e-02  5.07470518e-02  6.13112114e-02  7.23850578e-02
  8.39345828e-02  9.59220603e-02  1.08304664e-01  1.21032618e-01  1.34046823e-01
  1.47276327e-01  1.60635799e-01  1.74023286e-01  1.87319309e-01  2.00387985e-01
  2.13081300e-01  2.25246981e-01  2.36739099e-01  2.47429609e-01  2.57218182e-01
  2.66038448e-01  2.73860067e-01  2.80686200e-01  2.86547363e-01  2.91492701e-01
  8.33923519e-02  7.93686137e-02  7.42989555e-02  6.85274154e-02  6.24654181e-02
  5.62974326e-02  5.00879847e-02  4.38664258e-02  3.76514867e-02  3.14575955e-02
  2.52971891e-02  1.91821903e-02  1.31251914e-02  7.14066578e-03  1.24632206e-03
 -4.53530485e-03 -1.03564970e-02 -1.61535237e-02 -2.18443349e-02 -2.73411050e-02
 -3.25568542e-02 -3.74046899e-02 -4.18007597e-02 -4.56670411e-02 -4.89332080e-02
 -5.15375286e-02 -5.34270070e-02 -5.45570552e-02 -5.48908301e-02 -5.43982461e-02
 -5.30547053e-02 -5.08393906e-02 -4.77334373e-02 -4.37201709e-02 -3.87963578e-02
 -3.29770036e-02 -2.62973364e-02 -1.88064072e-02 -1.05319954e-02 -1.63187843e-03
  7.54949171e-03  1.74517669e-02  2.79529076e-02  3.90128866e-02  5.05836420e-02
  6.26197010e-02  7.50743076e-02  8.78984630e-02  1.01039007e-01  1.14436872e-01
  1.28025562e-01  1.41729966e-01  1.55465648e-01  1.69138804e-01  1.82647377e-01
  1.95883408e-01  2.08736524e-01  2.21098229e-01  2.32866347e-01  2.43948787e-01
  2.54266143e-01  2.63752937e-01  2.72357851e-01  2.80043304e-01  2.86785007e-01
  8.94313902e-02  8.57400820e-02  7.89580122e-02  7.19974712e-02  6.51569217e-02
  5.82131892e-02  5.11712357e-02  4.40609306e-02  3.69082391e-02  2.97324043e-02
  2.25477125e-02  1.53655652e-02  8.19601212e-03  1.04891532e-03 -6.06442336e-03
 -1.32928705e-02 -2.05739643e-02 -2.78228186e-02 -3.49408314e-02 -4.18241061e-02
 -4.83698286e-02 -5.44802584e-02 -6.00654632e-02 -6.50449768e-02 -6.93484992e-02
 -7.29158148e-02 -7.56961927e-02 -7.76473731e-02 -7.87344277e-02 -7.89284706e-02
 -7.82053843e-02 -7.65446499e-02 -7.39285350e-02 -7.03422800e-02 -6.57756701e-02
 -6.02242947e-02 -5.36904857e-02 -4.61847074e-02 -3.77305895e-02 -2.83866748e-02
 -1.82529166e-02 -7.44661689e-03  3.69420438e-03  1.54377138e-02  2.76810266e-02
  4.03811522e-02  5.34856804e-02  6.69462681e-02  8.07126462e-02  9.47310701e-02
  1.08943850e-01  1.23288892e-01  1.37699261e-01  1.52103052e-01  1.66423544e-01
  1.80579722e-01  1.94487035e-01  2.08058029e-01  2.21202672e-01  2.33828291e-01
  2.45838881e-01  2.57134765e-01  2.67612994e-01  2.77170390e-01  2.85709143e-01
  9.22982171e-02  8.80267099e-02  8.21890831e-02  7.52099082e-02  6.76466748e-02
  5.98052256e-02  5.18171415e-02  4.37391438e-02  3.55977528e-02  2.74067707e-02
  1.91743001e-02  1.09057641e-02  2.60470668e-03 -5.72918216e-03 -1.42535558e-02
 -2.29116343e-02 -3.16156112e-02 -4.02581431e-02 -4.87226062e-02 -5.68915680e-02
 -6.46529943e-02 -7.19042122e-02 -7.85540417e-02 -8.45234692e-02 -8.97454172e-02
 -9.41637680e-02 -9.77321267e-02 -1.00412406e-01 -1.02173470e-01 -1.02989793e-01
 -1.02840357e-01 -1.01707675e-01 -9.95770171e-02 -9.64359418e-02 -9.22739953e-02
 -8.70824382e-02 -8.08541551e-02 -7.35842660e-02 -6.52726069e-02 -5.59293590e-02
 -4.55819331e-02 -3.42858918e-02 -2.21519656e-02 -9.34230816e-03  3.73997027e-03
  1.73012968e-02  3.12358551e-02  4.55173403e-02  6.01040013e-02  7.49490410e-02
  9.00052711e-02  1.05225071e-01  1.20559603e-01  1.35957971e-01  1.51366621e-01
  1.66728586e-01  1.81982338e-01  1.97059974e-01  2.11884260e-01  2.26364523e-01
  2.40391195e-01  2.53830016e-01  2.66518056e-01  2.78265595e-01  2.88868129e-01
  9.96509194e-02  9.58734900e-02  8.83406550e-02  7.92609230e-02  7.01374933e-02
  6.10641651e-02  5.19893803e-02  4.28818725e-02  3.37247215e-02  2.45076250e-02
  1.52240451e-02  5.87129407e-03 -3.54636367e-03 -1.32165188e-02 -2.31025480e-02
 -3.31207961e-02 -4.31582965e-02 -5.30872084e-02 -6.27762303e-02 -7.20989853e-02
 -8.09394494e-02 -8.91949087e-02 -9.67769250e-02 -1.03610985e-01 -1.09635286e-01
 -1.14799097e-01 -1.19060993e-01 -1.22387186e-01 -1.24750011e-01 -1.26126736e-01
 -1.26498595e-01 -1.25850126e-01 -1.24168679e-01 -1.21443957e-01 -1.17667630e-01
 -1.12832636e-01 -1.06932394e-01 -9.99600068e-02 -9.19079632e-02 -8.27689320e-02
 -7.25385547e-02 -6.12219907e-02 -4.88467775e-02 -3.54824513e-02 -2.12769508e-02
 -6.46838034e-03  8.39725230e-03  2.36536898e-02  3.92305218e-02  5.50713800e-02
  7.11397082e-02  8.74053389e-02  1.03840075e-01  1.20416194e-01  1.37105599e-01
  1.53878823e-01  1.70703337e-01  1.87540457e-01  2.04340309e-01  2.21033782e-01
  2.37520084e-01  2.53649056e-01  2.69198149e-01  2.83850998e-01  2.97202379e-01
  1.04770765e-01  1.01297565e-01  9.23750624e-02  8.18303674e-02  7.15833753e-02
  6.14903755e-02  5.14391363e-02  4.13702726e-02  3.12460978e-02  2.10391805e-02
  1.07270041e-02  2.87693721e-04 -1.03069190e-02 -2.12220531e-02 -3.23731937e-02
 -4.36415114e-02 -5.48882708e-02 -6.59681335e-02 -7.67395943e-02 -8.70721117e-02
 -9.68501046e-02 -1.05974466e-01 -1.14362247e-01 -1.21945322e-01 -1.28668338e-01
 -1.34486556e-01 -1.39363661e-01 -1.43269852e-01 -1.46180183e-01 -1.48073390e-01
 -1.48931086e-01 -1.48737356e-01 -1.47478774e-01 -1.45144477e-01 -1.41726330e-01
 -1.37218788e-01 -1.31618187e-01 -1.24921627e-01 -1.17125228e-01 -1.08222418e-01
 -9.82029811e-02 -8.70541930e-02 -7.47661889e-02 -6.13441058e-02 -4.68310751e-02
 -3.13448273e-02 -1.51399095e-02  1.34824566e-03  1.81192569e-02  3.50877047e-02
  5.22756837e-02  6.96863011e-02  8.73173475e-02  1.05166882e-01  1.23235367e-01
  1.41526341e-01  1.60045937e-01  1.78801134e-01  1.97795898e-01  2.17023641e-01
  2.36453220e-01  2.56002843e-01  2.75490791e-01  2.94529229e-01  3.12269390e-01
  1.04864918e-01  1.00596577e-01  9.24984738e-02  8.23160037e-02  7.16331601e-02
  6.08549863e-02  5.00314087e-02  3.91432941e-02  2.81606186e-02  1.70547124e-02
  5.80124324e-03 -5.61693357e-03 -1.73930749e-02 -2.94897184e-02 -4.18044142e-02
 -5.41977957e-02 -6.65145889e-02 -7.85989687e-02 -9.03049335e-02 -1.01502270e-01
 -1.12079181e-01 -1.21942535e-01 -1.31016463e-01 -1.39240265e-01 -1.46565825e-01
 -1.52955025e-01 -1.58377215e-01 -1.62807018e-01 -1.66222379e-01 -1.68603092e-01
 -1.69929922e-01 -1.70184299e-01 -1.69348687e-01 -1.67407349e-01 -1.64347574e-01
 -1.60160720e-01 -1.54842690e-01 -1.48393527e-01 -1.40815705e-01 -1.32111356e-01
 -1.22278705e-01 -1.11308917e-01 -9.91848856e-02 -8.58843327e-02 -7.13902116e-02
 -5.57121076e-02 -3.89227048e-02 -2.12089866e-02 -2.93940748e-03  1.50786666e-02
  3.33762802e-02  5.19405976e-02  7.07755089e-02  8.98969918e-02  1.09331600e-01
  1.29116893e-01  1.49302930e-01  1.69954166e-01  1.91151395e-01  2.12993309e-01
  2.35596910e-01  2.59094208e-01  2.83614039e-01  3.09200674e-01  3.34811747e-01
  1.08450651e-01  1.04953744e-01  9.42528322e-02  8.21905285e-02  7.06959441e-02
  5.92888184e-02  4.78273407e-02  3.62541489e-02  2.45308373e-02  1.26236649e-02
  4.98644076e-04 -1.18848961e-02 -2.46934872e-02 -3.78361642e-02 -5.11752553e-02
 -6.45479262e-02 -7.77846575e-02 -9.07228515e-02 -1.03215411e-01 -1.15135029e-01
 -1.26375377e-01 -1.36850223e-01 -1.46491349e-01 -1.55245990e-01 -1.63073972e-01
 -1.69944867e-01 -1.75835237e-01 -1.80725887e-01 -1.84599519e-01 -1.87438592e-01
 -1.89223871e-01 -1.89933702e-01 -1.89544275e-01 -1.88030958e-01 -1.85370505e-01
 -1.81543782e-01 -1.76538423e-01 -1.70350432e-01 -1.62984148e-01 -1.54449880e-01
 -1.44759417e-01 -1.33919924e-01 -1.21927924e-01 -1.08765163e-01 -9.43995565e-02
 -7.87949711e-02 -6.19350448e-02 -4.38681096e-02 -2.47822627e-02 -5.11785969e-03
  1.43382158e-02  3.40458229e-02  5.40319793e-02  7.43364543e-02  9.50106233e-02
  1.16121233e-01  1.37755886e-01  1.60029754e-01  1.83094621e-01  2.07151517e-01
  2.32470110e-01  2.59422034e-01  2.88556546e-01  3.20911825e-01  3.61220777e-01
  1.04229443e-01  9.93114114e-02  9.08059627e-02  8.00929964e-02  6.86202273e-02
  5.68783209e-02  4.49537411e-02  3.28372642e-02  2.05022022e-02  7.92143680e-03
 -4.92707733e-03 -1.82391163e-02 -3.19830701e-02 -4.60459962e-02 -6.02687746e-02
 -7.44728670e-02 -8.84797275e-02 -1.02123573e-01 -1.15258411e-01 -1.27760932e-01
 -1.39530510e-01 -1.50487676e-01 -1.60571665e-01 -1.69737771e-01 -1.77954525e-01
 -1.85200736e-01 -1.91462398e-01 -1.96729615e-01 -2.00993374e-01 -2.04242676e-01
 -2.06461862e-01 -2.07628742e-01 -2.07713991e-01 -2.06682235e-01 -2.04494834e-01
 -2.01114252e-01 -1.96509421e-01 -1.90660790e-01 -1.83563754e-01 -1.75228670e-01
 -1.65677533e-01 -1.54936701e-01 -1.43027350e-01 -1.29955530e-01 -1.15705036e-01
 -1.00236826e-01 -8.34994912e-02 -6.54573143e-02 -4.61436324e-02 -2.57473476e-02
 -4.73182648e-03  1.60269253e-02  3.70290987e-02  5.83431013e-02  8.00325200e-02
  1.02175370e-01  1.24874502e-01  1.48266867e-01  1.72534853e-01  1.97922260e-01
  2.24756464e-01  2.53477812e-01  2.84674048e-01  3.19135368e-01  3.58184040e-01
  1.07649714e-01  1.03930652e-01  9.11553726e-02  7.80928060e-02  6.59881830e-02
  5.39008342e-02  4.16200198e-02  2.90766507e-02  1.62345488e-02  3.06264777e-03
 -1.04772989e-02 -2.45591216e-02 -3.90947051e-02 -5.39344549e-02 -6.88953847e-02
 -8.37847292e-02 -9.84170288e-02 -1.12624750e-01 -1.26263559e-01 -1.39213815e-01
 -1.51379824e-01 -1.62687927e-01 -1.73084199e-01 -1.82531938e-01 -1.91008970e-01
 -1.98504791e-01 -2.05017298e-01 -2.10549593e-01 -2.15105951e-01 -2.18687251e-01
 -2.21286729e-01 -2.22886473e-01 -2.23455474e-01 -2.22949579e-01 -2.21313953e-01
 -2.18488052e-01 -2.14413062e-01 -2.09040552e-01 -2.02341095e-01 -1.94309875e-01
 -1.84967548e-01 -1.74354032e-01 -1.62516892e-01 -1.49496764e-01 -1.35312855e-01
 -1.19952746e-01 -1.03371091e-01 -8.55024680e-02 -6.62953034e-02 -4.57756557e-02
 -2.41497327e-02 -1.94573915e-03  1.98349617e-02  4.19421457e-02  6.43841028e-02
  8.72146785e-02  1.10521749e-01  1.34426713e-01  1.59090549e-01  1.84725538e-01
  2.11613774e-01  2.40135208e-01  2.70803034e-01  3.04209232e-01  3.39746684e-01
  9.87312347e-02  9.29501355e-02  8.44832659e-02  7.40542710e-02  6.25915080e-02
  5.05505316e-02  3.80800590e-02  2.52198540e-02  1.19758630e-02 -1.65530678e-03
 -1.58580970e-02 -3.06210909e-02 -4.58323173e-02 -6.13200404e-02 -7.68850744e-02
 -9.23248380e-02 -1.07449323e-01 -1.22090131e-01 -1.36104301e-01 -1.49374917e-01
 -1.61809951e-01 -1.73340484e-01 -1.83918625e-01 -1.93515450e-01 -2.02118486e-01
 -2.09729359e-01 -2.16361016e-01 -2.22033426e-01 -2.26767987e-01 -2.30581582e-01
 -2.33480752e-01 -2.35456824e-01 -2.36482367e-01 -2.36509636e-01 -2.35471621e-01
 -2.33286351e-01 -2.29864538e-01 -2.25120842e-01 -2.18986943e-01 -2.11424112e-01
 -2.02431515e-01 -1.92046672e-01 -1.80335850e-01 -1.67375267e-01 -1.53229579e-01
 -1.37932479e-01 -1.21474512e-01 -1.03803679e-01 -8.48445594e-02 -6.45446777e-02
 -4.29595932e-02 -2.03897096e-02  2.42887367e-03  2.53070109e-02  4.83205244e-02
  7.15421960e-02  9.50490013e-02  1.18928201e-01  1.43282086e-01  1.68232322e-01
  1.93924546e-01  2.20535889e-01  2.48294115e-01  2.77530491e-01  3.08399230e-01
  9.85378027e-02  9.31007862e-02  8.31856132e-02  7.16061667e-02  5.97200468e-02
  4.74279225e-02  3.46937627e-02  2.15128828e-02  7.88188167e-03 -6.20709173e-03
 -2.09448636e-02 -3.62703353e-02 -5.20375818e-02 -6.80517778e-02 -8.40991586e-02
 -9.99689922e-02 -1.15467601e-01 -1.30425647e-01 -1.44700810e-01 -1.58177778e-01
 -1.70767069e-01 -1.82403520e-01 -1.93044767e-01 -2.02669472e-01 -2.11275697e-01
 -2.18879461e-01 -2.25510836e-01 -2.31208324e-01 -2.36011907e-01 -2.39956006e-01
 -2.43062586e-01 -2.45335340e-01 -2.46754855e-01 -2.47275770e-01 -2.46825904e-01
 -2.45308578e-01 -2.42608994e-01 -2.38605276e-01 -2.33184204e-01 -2.26259649e-01
 -2.17789650e-01 -2.07786649e-01 -1.96315765e-01 -1.83478698e-01 -1.69385999e-01
 -1.54126763e-01 -1.37745246e-01 -1.20229080e-01 -1.01514757e-01 -8.15164074e-02
 -6.01865947e-02 -3.76204066e-02 -1.42105017e-02  9.16458480e-03  3.24900448e-02
  5.58318533e-02  7.92349130e-02  1.02735698e-01  1.26363605e-01  1.50135472e-01
  1.74042240e-01  1.98021442e-01  2.21898705e-01  2.45265380e-01  2.67293304e-01
  9.60088670e-02  9.00127441e-02  8.05833191e-02  6.92527667e-02  5.72179183e-02
  4.46822569e-02  3.16658616e-02  1.81640815e-02  4.16582124e-03 -1.03437155e-02
 -2.55438667e-02 -4.13415134e-02 -5.75654656e-02 -7.40031078e-02 -9.04294625e-02
 -1.06627613e-01 -1.22400954e-01 -1.37579128e-01 -1.52019843e-01 -1.65608585e-01
 -1.78257704e-01 -1.89905390e-01 -2.00514555e-01 -2.10071832e-01 -2.18587413e-01
 -2.26092681e-01 -2.32635111e-01 -2.38271177e-01 -2.43058562e-01 -2.47048154e-01
 -2.50276864e-01 -2.52761215e-01 -2.54492104e-01 -2.55430818e-01 -2.55506665e-01
 -2.54617065e-01 -2.52631128e-01 -2.49398589e-01 -2.44765148e-01 -2.38593847e-01
 -2.30789542e-01 -2.21320227e-01 -2.10226908e-01 -1.97615817e-01 -1.83631942e-01
 -1.68419883e-01 -1.52086049e-01 -1.34674132e-01 -1.16158031e-01 -9.64568332e-02
 -7.54779056e-02 -5.31977788e-02 -2.97925714e-02 -5.82166202e-03  1.75687484e-02
  4.08597328e-02  6.40175045e-02  8.70209932e-02  1.09842010e-01  1.32431179e-01
  1.54702649e-01  1.76514179e-01  1.97642595e-01  2.17762306e-01  2.36449957e-01
  9.51366723e-02  8.90665799e-02  7.92132169e-02  6.74915314e-02  5.51814660e-02
  4.23896089e-02  2.91046798e-02  1.53098153e-02  9.83777689e-04 -1.39050316e-02
 -2.95081176e-02 -4.57047038e-02 -6.23041131e-02 -7.90807605e-02 -9.58018228e-02
 -1.12246104e-01 -1.28214911e-01 -1.43536985e-01 -1.58069804e-01 -1.71699405e-01
 -1.84339792e-01 -1.95932418e-01 -2.06445634e-01 -2.15875089e-01 -2.24243596e-01
 -2.31597528e-01 -2.38000333e-01 -2.43524402e-01 -2.48242438e-01 -2.52219170e-01
 -2.55504012e-01 -2.58124858e-01 -2.60082692e-01 -2.61347324e-01 -2.61853695e-01
 -2.61500329e-01 -2.60149896e-01 -2.57635057e-01 -2.53770977e-01 -2.48376384e-01
 -2.41302103e-01 -2.32461736e-01 -2.21854523e-01 -2.09569931e-01 -1.95767820e-01
 -1.80637494e-01 -1.64347112e-01 -1.47003531e-01 -1.28633127e-01 -1.09185793e-01
 -8.85664374e-02 -6.67014197e-02 -4.36526723e-02 -1.97933558e-02  3.95851303e-03
  2.72979029e-02  5.02613634e-02  7.28393421e-02  9.49935690e-02  1.16659433e-01
  1.37742326e-01  1.58112273e-01  1.77600220e-01  1.96000516e-01  2.13084057e-01
  9.44529995e-02  8.83146673e-02  7.81354308e-02  6.61191866e-02  5.35900444e-02
  4.05846797e-02  2.70758420e-02  1.30472211e-02 -1.51168287e-03 -1.67769808e-02
 -3.27410065e-02 -4.92761061e-02 -6.61829039e-02 -8.32288489e-02 -1.00176618e-01
 -1.16802521e-01 -1.32906586e-01 -1.48316935e-01 -1.62890941e-01 -1.76515236e-01
 -1.89105600e-01 -2.00606927e-01 -2.10993335e-01 -2.20269799e-01 -2.28471115e-01
 -2.35657021e-01 -2.41904512e-01 -2.47298881e-01 -2.51924485e-01 -2.55856574e-01
 -2.59154022e-01 -2.61853456e-01 -2.63964355e-01 -2.65464485e-01 -2.66295880e-01
 -2.66361862e-01 -2.65525430e-01 -2.63611853e-01 -2.60417700e-01 -2.55729258e-01
 -2.49351799e-01 -2.41146013e-01 -2.31062204e-01 -2.19158605e-01 -2.05591887e-01
 -1.90578789e-01 -1.74339369e-01 -1.57040849e-01 -1.38764754e-01 -1.19500719e-01
 -9.91677418e-02 -7.76672736e-02 -5.49763925e-02 -3.12922262e-02 -7.22636934e-03
  1.60005614e-02  3.87720540e-02  6.10267743e-02  8.27071220e-02  1.03746116e-01
  1.24061152e-01  1.43551648e-01  1.62099987e-01  1.79576322e-01  1.95847377e-01
  9.31159332e-02  8.66187662e-02  7.68072605e-02  6.50363863e-02  5.24510294e-02
  3.92937846e-02  2.55953465e-02  1.13526238e-02 -3.44427046e-03 -1.89831834e-02
 -3.52260582e-02 -5.20264693e-02 -6.91730827e-02 -8.64260718e-02 -1.03544034e-01
 -1.20301187e-01 -1.36496574e-01 -1.51957870e-01 -1.66542545e-01 -1.80138022e-01
 -1.92662001e-01 -2.04062790e-01 -2.14320347e-01 -2.23448232e-01 -2.31491521e-01
 -2.38520876e-01 -2.44623870e-01 -2.49895379e-01 -2.54428148e-01 -2.58304656e-01
 -2.61590153e-01 -2.64327437e-01 -2.66532004e-01 -2.68187851e-01 -2.69243389e-01
 -2.69607395e-01 -2.69146174e-01 -2.67683595e-01 -2.65006781e-01 -2.60881752e-01
 -2.55080879e-01 -2.47422054e-01 -2.37810761e-01 -2.26270124e-01 -2.12942779e-01
 -1.98057860e-01 -1.81871682e-01 -1.64601147e-01 -1.46376669e-01 -1.27226889e-01
 -1.07092820e-01 -8.58733281e-02 -6.35085329e-02 -4.01131362e-02 -1.61687788e-02
  7.24486727e-03  3.00085973e-02  5.21093123e-02  7.35170543e-02  9.41851437e-02
  1.14052109e-01  1.33044317e-01  1.51079491e-01  1.68071359e-01  1.83935732e-01
  9.44046676e-02  8.83320570e-02  7.73659050e-02  6.47831932e-02  5.19318543e-02
  3.85997258e-02  2.47231424e-02  1.02872783e-02 -4.71652765e-03 -2.04744916e-02
 -3.69341820e-02 -5.39375730e-02 -7.12651387e-02 -8.86719152e-02 -1.05913639e-01
 -1.22763135e-01 -1.39018893e-01 -1.54508501e-01 -1.69089764e-01 -1.82651088e-01
 -1.95112094e-01 -2.06424206e-01 -2.16572553e-01 -2.25577578e-01 -2.33492270e-01
 -2.40395293e-01 -2.46381655e-01 -2.51552701e-01 -2.56006569e-01 -2.59830087e-01
 -2.63092399e-01 -2.65839815e-01 -2.68091530e-01 -2.69835532e-01 -2.71024436e-01
 -2.71571279e-01 -2.71345556e-01 -2.70171851e-01 -2.67833412e-01 -2.64084995e-01
 -2.58678883e-01 -2.51404345e-01 -2.42134273e-01 -2.30863392e-01 -2.17718959e-01
 -2.02933297e-01 -1.86783969e-01 -1.69521376e-01 -1.51310846e-01 -1.32210076e-01
 -1.12178095e-01 -9.11158547e-02 -6.89432621e-02 -4.57238331e-02 -2.18490846e-02
  1.72630022e-03  2.44904347e-02  4.65054922e-02  6.77684173e-02  8.82457718e-02
  1.07887946e-01  1.26635894e-01  1.44425765e-01  1.61192924e-01  1.76876515e-01
  9.25297588e-02  8.56773034e-02  7.61960074e-02  6.46960586e-02  5.20045646e-02
  3.85561585e-02  2.45009083e-02  9.87922121e-03 -5.30571304e-03 -2.12385543e-02
 -3.78617607e-02 -5.50127663e-02 -7.24685788e-02 -8.99820477e-02 -1.07307792e-01
 -1.24218307e-01 -1.40512154e-01 -1.56017318e-01 -1.70592248e-01 -1.84126437e-01
 -1.96541190e-01 -2.07790405e-01 -2.17862934e-01 -2.26783872e-01 -2.34611273e-01
 -2.41428703e-01 -2.47335523e-01 -2.52436638e-01 -2.56832898e-01 -2.60613292e-01
 -2.63848543e-01 -2.66586363e-01 -2.68847317e-01 -2.70620942e-01 -2.71861494e-01
 -2.72483706e-01 -2.72358447e-01 -2.71310627e-01 -2.69121766e-01 -2.65541583e-01
 -2.60312974e-01 -2.53211766e-01 -2.44094893e-01 -2.32942641e-01 -2.19873756e-01
 -2.05120906e-01 -1.88970849e-01 -1.71689317e-01 -1.53458059e-01 -1.34348124e-01
 -1.14326172e-01 -9.32921320e-02 -7.11512417e-02 -4.79291528e-02 -2.39380617e-02
  2.18843161e-05  2.25237533e-02  4.44243215e-02  6.56221434e-02  8.60460848e-02
  1.05633944e-01  1.24325000e-01  1.42058715e-01  1.58776313e-01  1.74423590e-01
  9.89205390e-02  9.35945883e-02  8.07937682e-02  6.67517036e-02  5.31115904e-02
  3.92198376e-02  2.48982720e-02  1.00857103e-02 -5.25012938e-03 -2.13086270e-02
 -3.80387530e-02 -5.52803539e-02 -7.28113428e-02 -9.03850794e-02 -1.07756749e-01
 -1.24699488e-01 -1.41012609e-01 -1.56524926e-01 -1.71095803e-01 -1.84615791e-01
 -1.97007477e-01 -2.08226264e-01 -2.18262792e-01 -2.27144256e-01 -2.34930664e-01
 -2.41707310e-01 -2.47574925e-01 -2.52639264e-01 -2.57001668e-01 -2.60751039e-01
 -2.63957888e-01 -2.66669303e-01 -2.68905073e-01 -2.70653725e-01 -2.71868467e-01
 -2.72462755e-01 -2.72306144e-01 -2.71222204e-01 -2.68991381e-01 -2.65362769e-01
 -2.60079533e-01 -2.52918780e-01 -2.43739977e-01 -2.32526302e-01 -2.19399050e-01
 -2.04592049e-01 -1.88391238e-01 -1.71059594e-01 -1.52775168e-01 -1.33605480e-01
 -1.13515310e-01 -9.24064741e-02 -7.01941475e-02 -4.69303988e-02 -2.29874048e-02
  7.07194791e-04  2.35783532e-02  4.56885435e-02  6.70359880e-02  8.75887498e-02
  1.07298598e-01  1.26107767e-01  1.43953487e-01  1.60772234e-01  1.76504001e-01
  9.69035476e-02  9.04909372e-02  8.02430287e-02  6.76503628e-02  5.41494191e-02
  4.01448235e-02  2.56909113e-02  1.07709309e-02 -4.64341743e-03 -2.07553580e-02
 -3.75218391e-02 -5.47878221e-02 -7.23345205e-02 -8.99174809e-02 -1.07293531e-01
 -1.24237143e-01 -1.40548840e-01 -1.56058609e-01 -1.70626894e-01 -1.84145197e-01
 -1.96536779e-01 -2.07757428e-01 -2.17797607e-01 -2.26683781e-01 -2.34474823e-01
 -2.41254583e-01 -2.47122139e-01 -2.52181500e-01 -2.56532133e-01 -2.60260999e-01
 -2.63436347e-01 -2.66102791e-01 -2.68277138e-01 -2.69944489e-01 -2.71054149e-01
 -2.71515399e-01 -2.71193892e-01 -2.69910365e-01 -2.67445028e-01 -2.63551116e-01
 -2.57981896e-01 -2.50530988e-01 -2.41078496e-01 -2.29627565e-01 -2.16312379e-01
 -2.01367900e-01 -1.85068503e-01 -1.67655870e-01 -1.49283826e-01 -1.29998490e-01
 -1.09750070e-01 -8.84370729e-02 -6.59885556e-02 -4.24960777e-02 -1.84049234e-02
  5.25457226e-03  2.82307584e-02  5.05167134e-02  7.20878169e-02  9.29013640e-02
  1.12898894e-01  1.32009238e-01  1.50152266e-01  1.67243719e-01  1.83201328e-01
  1.00149602e-01  9.45404619e-02  8.28307867e-02  6.91318661e-02  5.53341135e-02
  4.12383340e-02  2.67486498e-02  1.18198926e-02 -3.58070573e-03 -1.96574107e-02
 -3.63766477e-02 -5.35902344e-02 -7.10842162e-02 -8.86174738e-02 -1.05949141e-01
 -1.22855462e-01 -1.39138475e-01 -1.54629499e-01 -1.69190139e-01 -1.82712659e-01
 -1.95120499e-01 -2.06368744e-01 -2.16445789e-01 -2.25374714e-01 -2.33210161e-01
 -2.40031362e-01 -2.45932698e-01 -2.51013696e-01 -2.55369484e-01 -2.59082854e-01
 -2.62217820e-01 -2.64814317e-01 -2.66883999e-01 -2.68406123e-01 -2.69323528e-01
 -2.69538969e-01 -2.68912524e-01 -2.67262131e-01 -2.64370710e-01 -2.60002613e-01
 -2.53933012e-01 -2.45987430e-01 -2.36083016e-01 -2.24255517e-01 -2.10656866e-01
 -1.95518240e-01 -1.79088980e-01 -1.61571100e-01 -1.43076494e-01 -1.23615317e-01
 -1.03114359e-01 -8.14679787e-02 -5.86298406e-02 -3.47583033e-02 -1.04218619e-02
  1.31669678e-02  3.62331532e-02  5.87432794e-02  8.06508660e-02  1.01894014e-01
  1.22393198e-01  1.42050490e-01  1.60751000e-01  1.78367749e-01  1.94770500e-01
  9.92309898e-02  9.31483060e-02  8.27054903e-02  6.99089244e-02  5.63715994e-02
  4.23903875e-02  2.79900040e-02  1.31550524e-02 -2.13692943e-03 -1.80842597e-02
 -3.46652642e-02 -5.17413206e-02 -6.91053122e-02 -8.65207314e-02 -1.03749730e-01
 -1.20570667e-01 -1.36787266e-01 -1.52232319e-01 -1.66768596e-01 -1.80289030e-01
 -1.92716777e-01 -2.04005450e-01 -2.14139834e-01 -2.23137319e-01 -2.31045470e-01
 -2.37935722e-01 -2.43894652e-01 -2.49014243e-01 -2.53382593e-01 -2.57075787e-01
 -2.60151118e-01 -2.62641609e-01 -2.64551401e-01 -2.65851706e-01 -2.66477108e-01
 -2.66322672e-01 -2.65243411e-01 -2.63057560e-01 -2.59557068e-01 -2.54528016e-01
 -2.47781098e-01 -2.39188284e-01 -2.28714973e-01 -2.16433972e-01 -2.02510819e-01
 -1.87161371e-01 -1.70593709e-01 -1.52955055e-01 -1.34303719e-01 -1.14607558e-01
 -9.37711522e-02 -7.16972351e-02 -4.83929962e-02 -2.41336077e-02  3.19922547e-04
  2.38728672e-02  4.71120700e-02  6.99748397e-02  9.24011394e-02  1.14317954e-01
  1.35628417e-01  1.56203434e-01  1.75876766e-01  1.94446862e-01  2.11689517e-01
  1.00417919e-01  9.46618989e-02  8.39126110e-02  7.09265098e-02  5.74652515e-02
  4.36296836e-02  2.93913465e-02  1.47284530e-02 -3.74829804e-04 -1.60981864e-02
 -3.24450172e-02 -4.92915139e-02 -6.64399639e-02 -8.36598054e-02 -1.00716963e-01
 -1.17392272e-01 -1.33491322e-01 -1.48848444e-01 -1.63327619e-01 -1.76822349e-01
 -1.89255312e-01 -2.00578064e-01 -2.10770905e-01 -2.19843775e-01 -2.27834746e-01
 -2.34804526e-01 -2.40828663e-01 -2.45988429e-01 -2.50361770e-01 -2.54015028e-01
 -2.56996155e-01 -2.59328753e-01 -2.61007428e-01 -2.61993855e-01 -2.62213826e-01
 -2.61556178e-01 -2.59874523e-01 -2.56994486e-01 -2.52727896e-01 -2.46895775e-01
 -2.39357769e-01 -2.30041817e-01 -2.18963817e-01 -2.06226960e-01 -1.91996798e-01
 -1.76456943e-01 -1.59758955e-01 -1.41986743e-01 -1.23142242e-01 -1.03155516e-01
 -8.19243565e-02 -5.93921617e-02 -3.56765911e-02 -1.12559488e-02  1.28143691e-02
  3.66332792e-02  6.02375716e-02  8.36323649e-02  1.06799357e-01  1.29693508e-01
  1.52231976e-01  1.74275994e-01  1.95607394e-01  2.15907633e-01  2.34762549e-01
  1.00665256e-01  9.50461850e-02  8.44725519e-02  7.17359483e-02  5.85426278e-02
  4.49516401e-02  3.09403539e-02  1.64974183e-02  1.60592562e-03 -1.37651563e-02
 -2.97704618e-02 -4.62890193e-02 -6.31293952e-02 -8.00668597e-02 -9.68716666e-02
 -1.13327645e-01 -1.29242525e-01 -1.44452304e-01 -1.58822224e-01 -1.72246277e-01
 -1.84646472e-01 -1.95972100e-01 -2.06198618e-01 -2.15327635e-01 -2.23385841e-01
 -2.30420828e-01 -2.36494169e-01 -2.41673157e-01 -2.46022284e-01 -2.49595165e-01
 -2.52427548e-01 -2.54531503e-01 -2.55890816e-01 -2.56457657e-01 -2.56151170e-01
 -2.54858494e-01 -2.52439976e-01 -2.48739704e-01 -2.43602663e-01 -2.36897573e-01
 -2.28541180e-01 -2.18517423e-01 -2.06883028e-01 -1.93754509e-01 -1.79277495e-01
 -1.63585842e-01 -1.46766827e-01 -1.28840834e-01 -1.09760188e-01 -8.94326195e-02
 -6.77776635e-02 -4.48289998e-02 -2.08978187e-02  3.20054335e-03  2.71836296e-02
  5.11126928e-02  7.50374198e-02  9.89989862e-02  1.23029873e-01  1.47148937e-01
  1.71348915e-01  1.95569724e-01  2.19641492e-01  2.43164673e-01  2.65328616e-01
  9.92768556e-02  9.32929665e-02  8.40451568e-02  7.24757686e-02  5.97614869e-02
  4.64392006e-02  3.26734111e-02  1.85034461e-02  3.92797356e-03 -1.10694310e-02
 -2.66700462e-02 -4.27776575e-02 -5.92185333e-02 -7.57801905e-02 -9.22408924e-02
 -1.08389467e-01 -1.24036729e-01 -1.39020666e-01 -1.53207749e-01 -1.66492328e-01
 -1.78795591e-01 -1.90064177e-01 -2.00268760e-01 -2.09402457e-01 -2.17479810e-01
 -2.24533573e-01 -2.30609044e-01 -2.35756859e-01 -2.40025163e-01 -2.43452117e-01
 -2.46059254e-01 -2.47845978e-01 -2.48785704e-01 -2.48823777e-01 -2.47877941e-01
 -2.45842084e-01 -2.42594332e-01 -2.38009945e-01 -2.31978551e-01 -2.24422961e-01
 -2.15314940e-01 -2.04682335e-01 -1.92602813e-01 -1.79183379e-01 -1.64530009e-01
 -1.48718521e-01 -1.31773815e-01 -1.13662638e-01 -9.43052769e-02 -7.36134425e-02
 -5.15641756e-02 -2.83220746e-02 -4.41407505e-03  1.90748237e-02  4.27373089e-02
  6.65855408e-02  9.06698704e-02  1.15065865e-01  1.39870435e-01  1.65202186e-01
  1.91204354e-01  2.18051448e-01  2.45967656e-01  2.75278658e-01  3.06136638e-01
  1.08170077e-01  1.04677320e-01  8.95056725e-02  7.48322234e-02  6.14359751e-02
  4.80670370e-02  3.44841368e-02  2.06130277e-02  6.41621323e-03 -8.13607499e-03
 -2.32453663e-02 -3.88438813e-02 -5.47803566e-02 -7.08587617e-02 -8.68684277e-02
 -1.02605022e-01 -1.17883310e-01 -1.32543370e-01 -1.46452591e-01 -1.59505233e-01
 -1.71621114e-01 -1.82743803e-01 -1.92838803e-01 -2.01891303e-01 -2.09903866e-01
 -2.16893956e-01 -2.22889543e-01 -2.27923021e-01 -2.32024610e-01 -2.35215724e-01
 -2.37503201e-01 -2.38874838e-01 -2.39296705e-01 -2.38712773e-01 -2.37047538e-01
 -2.34211832e-01 -2.30112553e-01 -2.24665210e-01 -2.17807800e-01 -2.09512725e-01
 -1.99792892e-01 -1.88698649e-01 -1.76304281e-01 -1.62686750e-01 -1.47903994e-01
 -1.31977171e-01 -1.14882104e-01 -9.65552330e-02 -7.69206583e-02 -5.59471138e-02
 -3.37464884e-02 -1.07222255e-02  1.22445039e-02  3.53327692e-02  5.86298220e-02
  8.22187960e-02  1.06198020e-01  1.30692080e-01  1.55862018e-01  1.81918263e-01
  2.09139228e-01  2.37898991e-01  2.68701792e-01  3.02128822e-01  3.37585807e-01
  1.01131111e-01  9.57860202e-02  8.66090283e-02  7.49235824e-02  6.22812137e-02
  4.92839552e-02  3.60563584e-02  2.25976091e-02  8.88084993e-03 -5.12503553e-03
 -1.96324270e-02 -3.46035026e-02 -4.99126166e-02 -6.53832853e-02 -8.08182806e-02
 -9.60215703e-02 -1.10812388e-01 -1.25032693e-01 -1.38550133e-01 -1.51257932e-01
 -1.63073659e-01 -1.73937067e-01 -1.83807924e-01 -1.92663461e-01 -2.00495422e-01
 -2.07307011e-01 -2.13109463e-01 -2.17917413e-01 -2.21743628e-01 -2.24593803e-01
 -2.26462156e-01 -2.27328435e-01 -2.27156758e-01 -2.25896999e-01 -2.23488748e-01
 -2.19868019e-01 -2.14976102e-01 -2.08769158e-01 -2.01226473e-01 -1.92354828e-01
 -1.82186604e-01 -1.70770645e-01 -1.58158720e-01 -1.44390106e-01 -1.29478186e-01
 -1.13403320e-01 -9.61166769e-02 -7.75608271e-02 -5.77148087e-02 -3.66732329e-02
 -1.47673376e-02  7.27852667e-03  2.94631962e-02  5.18412739e-02  7.44829997e-02
  9.74747688e-02  1.20925382e-01  1.44974977e-01  1.69806927e-01  1.95663825e-01
  2.22869650e-01  2.51858532e-01  2.83208281e-01  3.17693919e-01  3.56610835e-01
  1.05523236e-01  1.02273636e-01  8.93323421e-02  7.54748210e-02  6.26509264e-02
  4.99514863e-02  3.71752717e-02  2.42503993e-02  1.11334715e-02 -2.20848876e-03
 -1.59807615e-02 -3.01858578e-02 -4.47274223e-02 -5.94505332e-02 -7.41728544e-02
 -8.87075812e-02 -1.02878653e-01 -1.16529599e-01 -1.29527405e-01 -1.41763225e-01
 -1.53151199e-01 -1.63626358e-01 -1.73142090e-01 -1.81667462e-01 -1.89184204e-01
 -1.95683479e-01 -2.01162353e-01 -2.05620378e-01 -2.09055915e-01 -2.11462513e-01
 -2.12826177e-01 -2.13123888e-01 -2.12323949e-01 -2.10388228e-01 -2.07276434e-01
 -2.02951685e-01 -1.97386712e-01 -1.90569043e-01 -1.82503417e-01 -1.73210159e-01
 -1.62719846e-01 -1.51064381e-01 -1.38266787e-01 -1.24332033e-01 -1.09242573e-01
 -9.29624364e-02 -7.54548237e-02 -5.67195714e-02 -3.68577838e-02 -1.61701608e-02
  4.71556885e-03  2.57491991e-02  4.69578654e-02  6.83803856e-02  9.00693163e-02
  1.12093642e-01  1.34543136e-01  1.57534614e-01  1.81220695e-01  2.05802366e-01
  2.31548026e-01  2.58826196e-01  2.88179010e-01  3.20625305e-01  3.60798895e-01
  9.83797163e-02  9.35189128e-02  8.47566426e-02  7.36315250e-02  6.17856719e-02
  4.97582890e-02  3.76360230e-02  2.53991522e-02  1.30067552e-02  4.12930123e-04
 -1.24355219e-02 -2.57135611e-02 -3.93363014e-02 -5.31642102e-02 -6.70284182e-02
 -8.07514936e-02 -9.41624865e-02 -1.07106447e-01 -1.19449265e-01 -1.31079122e-01
 -1.41905829e-01 -1.51858911e-01 -1.60885066e-01 -1.68945357e-01 -1.76012337e-01
 -1.82066977e-01 -1.87095672e-01 -1.91087350e-01 -1.94030836e-01 -1.95912674e-01
 -1.96715936e-01 -1.96419880e-01 -1.95001051e-01 -1.92435548e-01 -1.88702121e-01
 -1.83785573e-01 -1.77679464e-01 -1.70387343e-01 -1.61921620e-01 -1.52299955e-01
 -1.41539633e-01 -1.29650980e-01 -1.16632029e-01 -1.02466807e-01 -8.71308595e-02
 -7.06083328e-02 -5.29259592e-02 -3.42094265e-02 -1.47621538e-02  4.83406056e-03
  2.45936159e-02  4.45173159e-02  6.46131262e-02  8.48975033e-02  1.05396681e-01
  1.26148105e-01  1.47202089e-01  1.68623805e-01  1.90495193e-01  2.12916657e-01
  2.36007854e-01  2.59904921e-01  2.84744591e-01  3.10590148e-01  3.36434126e-01
  9.80079845e-02  9.44989845e-02  8.37925076e-02  7.15333819e-02  5.99873401e-02
  4.86564972e-02  3.73480543e-02  2.59750281e-02  1.44837238e-02  2.83305976e-03
 -9.01209470e-03 -2.12527942e-02 -3.38301435e-02 -4.66270149e-02 -5.94923943e-02
 -7.22614154e-02 -8.47705305e-02 -9.68677253e-02 -1.08418405e-01 -1.19307846e-01
 -1.29441291e-01 -1.38742507e-01 -1.47151545e-01 -1.54622197e-01 -1.61119163e-01
 -1.66615456e-01 -1.71089813e-01 -1.74524441e-01 -1.76903233e-01 -1.78210482e-01
 -1.78430274e-01 -1.77546784e-01 -1.75545111e-01 -1.72412798e-01 -1.68141276e-01
 -1.62727162e-01 -1.56172410e-01 -1.48483381e-01 -1.39668390e-01 -1.29734233e-01
 -1.18682586e-01 -1.06507450e-01 -9.31960568e-02 -7.87357464e-02 -6.31308928e-02
 -4.64346223e-02 -2.88015399e-02 -1.05702411e-02  7.67770782e-03  2.61294059e-02
  4.47578430e-02  6.35418221e-02  8.24657530e-02  1.01519525e-01  1.20698363e-01
  1.40002534e-01  1.59436449e-01  1.79006815e-01  1.98718742e-01  2.18568414e-01
  2.38529384e-01  2.58527130e-01  2.78390497e-01  2.97745556e-01  3.15754145e-01
  8.91727284e-02  8.46121684e-02  7.65542015e-02  6.67416528e-02  5.66402785e-02
  4.64846343e-02  3.62603813e-02  2.59399842e-02  1.55010642e-02  4.92409151e-03
 -5.80969267e-03 -1.69040989e-02 -2.83191651e-02 -3.99591625e-02 -5.16926721e-02
 -6.33701906e-02 -7.48384520e-02 -8.59508291e-02 -9.65740308e-02 -1.06591567e-01
 -1.15904808e-01 -1.24432258e-01 -1.32107988e-01 -1.38879389e-01 -1.44704804e-01
 -1.49551272e-01 -1.53392345e-01 -1.56206369e-01 -1.57975018e-01 -1.58682451e-01
 -1.58314914e-01 -1.56860739e-01 -1.54310644e-01 -1.50658175e-01 -1.45899907e-01
 -1.40035048e-01 -1.33064598e-01 -1.24989763e-01 -1.15810119e-01 -1.05522260e-01
 -9.41200778e-02 -8.15980956e-02 -6.79600611e-02 -5.32354712e-02 -3.75075191e-02
 -2.09520347e-02 -3.87659273e-03  1.30291451e-02  3.02135851e-02  4.76153567e-02
  6.51857480e-02  8.28824714e-02  1.00666977e-01  1.18503042e-01  1.36355892e-01
  1.54191181e-01  1.71973228e-01  1.89662099e-01  2.07208648e-01  2.24546552e-01
  2.41579980e-01  2.58165747e-01  2.74090022e-01  2.89046288e-01  3.02639216e-01
  8.03616196e-02  7.53519461e-02  6.87172487e-02  6.08778074e-02  5.24001084e-02
  4.35830019e-02  3.45568210e-02  2.53780801e-02  1.60705987e-02  6.64291484e-03
 -2.90429150e-03 -1.27678774e-02 -2.29238458e-02 -3.32977697e-02 -4.37795483e-02
 -5.42379096e-02 -6.45331964e-02 -7.45274350e-02 -8.40914845e-02 -9.31093693e-02
 -1.01480260e-01 -1.09118775e-01 -1.15954064e-01 -1.21928245e-01 -1.26994550e-01
 -1.31115362e-01 -1.34260476e-01 -1.36405483e-01 -1.37530640e-01 -1.37619898e-01
 -1.36660293e-01 -1.34641603e-01 -1.31555989e-01 -1.27397597e-01 -1.22162029e-01
 -1.15845524e-01 -1.08444020e-01 -9.99525264e-02 -9.03655365e-02 -7.96796903e-02
 -6.79002851e-02 -5.50536327e-02 -4.12050486e-02 -2.64855139e-02 -1.11388043e-02
  4.40441165e-03  2.02885959e-02  3.64074297e-02  5.27473912e-02  6.92710876e-02
  8.59305114e-02  1.02672242e-01  1.19439483e-01  1.36172965e-01  1.52811289e-01
  1.69290856e-01  1.85545370e-01  2.01504365e-01  2.17090651e-01  2.32216179e-01
  2.46776640e-01  2.60645390e-01  2.73668975e-01  2.85668314e-01  2.96450108e-01
  7.51338676e-02  7.07337856e-02  6.36610687e-02  5.59712574e-02  4.82980534e-02
  4.04707938e-02  3.24972086e-02  2.44055577e-02  1.62186958e-02  7.95251783e-03
 -3.79936391e-04 -8.95608682e-03 -1.77790243e-02 -2.67984085e-02 -3.59269083e-02
 -4.50536162e-02 -5.40554784e-02 -6.28066435e-02 -7.11855814e-02 -7.90799409e-02
 -8.63893554e-02 -9.30266306e-02 -9.89176705e-02 -1.04000621e-01 -1.08224563e-01
 -1.11548014e-01 -1.13937378e-01 -1.15365550e-01 -1.15810685e-01 -1.15255132e-01
 -1.13684595e-01 -1.11087374e-01 -1.07453771e-01 -1.02775410e-01 -9.70448256e-02
 -9.02552679e-02 -8.24008510e-02 -7.34778494e-02 -6.34883195e-02 -5.24483882e-02
 -4.04020622e-02 -2.74519082e-02 -1.37825022e-02  3.47164081e-04  1.45820342e-02
  2.92753484e-02  4.43483666e-02  5.97288907e-02  7.53565580e-02  9.11702812e-02
  1.07104123e-01  1.23086020e-01  1.39037713e-01  1.54875338e-01  1.70510590e-01
  1.85852200e-01  2.00807616e-01  2.15284556e-01  2.29191899e-01  2.42439762e-01
  2.54938871e-01  2.66599476e-01  2.77331263e-01  2.87045062e-01  2.95657873e-01
  6.80923983e-02  6.32679015e-02  5.74396066e-02  5.09106480e-02  4.40760292e-02
  3.71142440e-02  3.00845299e-02  2.30102204e-02  1.59027688e-02  8.76705255e-03
  1.60124106e-03 -5.60778659e-03 -1.30340699e-02 -2.06320584e-02 -2.83296928e-02
 -3.60345952e-02 -4.36414517e-02 -5.10392711e-02 -5.81175797e-02 -6.47712052e-02
 -7.09035471e-02 -7.64283761e-02 -8.12705904e-02 -8.53660256e-02 -8.86607841e-02
 -9.11101699e-02 -9.26774591e-02 -9.33325812e-02 -9.30508673e-02 -9.18119326e-02
 -8.95987526e-02 -8.63970816e-02 -8.21948871e-02 -7.69822448e-02 -7.07521066e-02
 -6.35027364e-02 -5.52401878e-02 -4.59811166e-02 -3.57577205e-02 -2.46346928e-02
 -1.26954904e-02 -1.75249108e-04  1.24398516e-02  2.56584417e-02  3.93507257e-02
  5.34826666e-02  6.80062026e-02  8.28651115e-02  9.79971513e-02  1.13332435e-01
  1.28791496e-01  1.44283861e-01  1.59707606e-01  1.74950093e-01  1.89890280e-01
  2.04402745e-01  2.18362957e-01  2.31653243e-01  2.44168401e-01  2.55820006e-01
  2.66538739e-01  2.76274621e-01  2.84995615e-01  2.92685360e-01  2.99340993e-01
  6.34640008e-02  5.95851839e-02  5.26172072e-02  4.58368175e-02  3.94978859e-02
  3.32883708e-02  2.71531120e-02  2.10749879e-02  1.50459521e-02  9.06196702e-03
  3.12227709e-03 -2.77009723e-03 -8.80792458e-03 -1.49663473e-02 -2.11945679e-02
 -2.74213068e-02 -3.35610397e-02 -3.95201072e-02 -4.52022217e-02 -5.05129136e-02
 -5.53628840e-02 -5.96702173e-02 -6.33616149e-02 -6.63728863e-02 -6.86489493e-02
 -7.01433346e-02 -7.08173811e-02 -7.06390515e-02 -6.95816576e-02 -6.76227510e-02
 -6.47436380e-02 -6.09299913e-02 -5.61718717e-02 -5.04636355e-02 -4.38059829e-02
 -3.62190753e-02 -2.77506895e-02 -1.84772387e-02 -8.47946014e-03  1.98139367e-03
  1.31309144e-02  2.48800553e-02  3.71410996e-02  4.99244221e-02  6.32061660e-02
  7.69560337e-02  9.11354721e-02  1.05696693e-01  1.20581195e-01  1.35717288e-01
  1.51017144e-01  1.66373804e-01  1.81658998e-01  1.96723029e-01  2.11397633e-01
  2.25503445e-01  2.38861665e-01  2.51308501e-01  2.62709349e-01  2.72969633e-01
  2.82040626e-01  2.89918989e-01  2.96641171e-01  3.02272916e-01  3.06896806e-01
  5.49561270e-02  5.02959862e-02  4.50423472e-02  3.94852497e-02  3.39745395e-02
  2.86302287e-02  2.34522261e-02  1.84148382e-02  1.34958066e-02  8.68275482e-03
  3.97428777e-03 -6.18660357e-04 -5.27510699e-03 -9.99455247e-03 -1.47450333e-02
 -1.94732156e-02 -2.41113547e-02 -2.85828449e-02 -3.28068510e-02 -3.67021225e-02
 -4.01899144e-02 -4.31960747e-02 -4.56523784e-02 -4.74974252e-02 -4.86775152e-02
 -4.91473749e-02 -4.88699488e-02 -4.78153974e-02 -4.59594354e-02 -4.32813056e-02
 -3.97632867e-02 -3.53992768e-02 -3.01956981e-02 -2.41651889e-02 -1.73009131e-02
 -9.65896528e-03 -1.38001260e-03  7.24818232e-03  1.66399330e-02  2.66982745e-02
  3.73970456e-02  4.87040877e-02  6.05898499e-02  7.30368793e-02  8.60277116e-02
  9.95419845e-02  1.13553733e-01  1.28028557e-01  1.42920136e-01  1.58165514e-01
  1.73679247e-01  1.89346179e-01  2.05013663e-01  2.20485225e-01  2.35519230e-01
  2.49838457e-01  2.63154536e-01  2.75203943e-01  2.85783350e-01  2.94773340e-01
  3.02148581e-01  3.07976335e-01  3.12402725e-01  3.15625548e-01  3.17857981e-01
  4.76064235e-02  4.35202643e-02  3.75469178e-02  3.19718346e-02  2.72062477e-02
  2.28605382e-02  1.87826902e-02  1.48921525e-02  1.11462967e-02  7.52600841e-03
  4.02676687e-03  6.51528593e-04 -2.59810383e-03 -5.89229865e-03 -9.19054355e-03
 -1.24434689e-02 -1.55938314e-02 -1.85787529e-02 -2.13323049e-02 -2.37879641e-02
 -2.58805770e-02 -2.75476035e-02 -2.87295301e-02 -2.93700062e-02 -2.94184592e-02
 -2.88351867e-02 -2.75919978e-02 -2.56715845e-02 -2.30651069e-02 -1.97639503e-02
 -1.57337189e-02 -1.09910034e-02 -5.60418051e-03  2.74924416e-04  6.90956134e-03
  1.42347487e-02  2.21911725e-02  3.07343137e-02  3.98928002e-02  4.96664643e-02
  6.00511804e-02  7.10412264e-02  8.26318488e-02  9.48209018e-02  1.07607469e-01
  1.20990239e-01  1.34965375e-01  1.49523705e-01  1.64646700e-01  1.80300504e-01
  1.96427166e-01  2.12931648e-01  2.29663119e-01  2.46389478e-01  2.62768418e-01
  2.78333724e-01  2.92539418e-01  3.04880887e-01  3.15006316e-01  3.22743773e-01
  3.28100771e-01  3.31262022e-01  3.32584858e-01  3.32552433e-01  3.31643969e-01
  3.48858051e-02  2.98899245e-02  2.55420078e-02  2.18515880e-02  1.86825134e-02
  1.58192739e-02  1.31241316e-02  1.05370972e-02  8.04111920e-03  5.64099289e-03
  3.35371774e-03  1.20483642e-03 -7.71572057e-04 -2.74803862e-03 -4.68840683e-03
 -6.54964754e-03 -8.28432664e-03 -9.84241534e-03 -1.11730825e-02 -1.22265033e-02
 -1.29553759e-02 -1.33154327e-02 -1.32630635e-02 -1.27451066e-02 -1.17035601e-02
 -1.01096509e-02 -7.95442425e-03 -5.25072543e-03 -2.04506982e-03  1.55390101e-03
  5.84798725e-03  1.07766232e-02  1.62976123e-02  2.23839786e-02  2.90529728e-02
  3.63009274e-02  4.41182591e-02  5.24993464e-02  6.14495724e-02  7.09766448e-02
  8.10900182e-02  9.18012261e-02  1.03124656e-01  1.15078107e-01  1.27682984e-01
  1.40964031e-01  1.54948831e-01  1.69666648e-01  1.85146153e-01  2.01411411e-01
  2.18474552e-01  2.36322954e-01  2.54896343e-01  2.74043739e-01  2.93431193e-01
  3.12326163e-01  3.29337299e-01  3.43099326e-01  3.53289306e-01  3.59634966e-01
  3.62224489e-01  3.61356229e-01  3.57554406e-01  3.52356404e-01  3.46994072e-01
  1.83058605e-02  1.19928950e-02  9.92716849e-03  9.55028832e-03  8.95504747e-03
  8.02152511e-03  6.88509410e-03  5.64967841e-03  4.38792584e-03  3.15603730e-03
  2.00270489e-03  9.75157775e-04  1.25928040e-04 -6.66275911e-04 -1.38204941e-03
 -1.97902764e-03 -2.41742982e-03 -2.65896739e-03 -2.66752881e-03 -2.41112011e-03
 -1.86531583e-03 -1.01948762e-03  1.10816887e-04  1.58371939e-03  3.57464049e-03
  6.05701050e-03  9.01650824e-03  1.24407662e-02  1.63175333e-02  2.06427034e-02
  2.54500788e-02  3.07448935e-02  3.65233980e-02  4.27824631e-02  4.95248474e-02
  5.67543171e-02  6.44761473e-02  7.26989806e-02  8.14362168e-02  9.07055736e-02
  1.00528926e-01  1.10932648e-01  1.21948153e-01  1.33612767e-01  1.45970836e-01
  1.59075007e-01  1.72987863e-01  1.87783927e-01  2.03551769e-01  2.20396057e-01
  2.38438934e-01  2.57819504e-01  2.78690815e-01  3.01216602e-01  3.25607240e-01
  3.52576524e-01  3.83448333e-01  3.92226905e-01  4.06760544e-01  4.09621388e-01
  4.07128781e-01  4.05963421e-01  3.85568172e-01  3.71446609e-01  3.60621631e-01
  4.13986156e-03 -3.67604615e-03 -3.06494348e-03 -7.66671030e-04  3.23340035e-04
  7.61115458e-04  8.37624480e-04  7.14674243e-04  5.01203467e-04  2.77465966e-04
  1.04647792e-04  2.88254942e-05  8.04998854e-05  2.67121795e-04  6.04660832e-04
  1.11569150e-03  1.82503858e-03  2.75760400e-03  3.93694779e-03  5.38416347e-03
  7.11710472e-03  9.15059261e-03  1.14994766e-02  1.41896661e-02  1.72548648e-02
  2.07049102e-02  2.45392099e-02  2.87525393e-02  3.33387181e-02  3.82941514e-02
  4.36203368e-02  4.93178777e-02  5.53871840e-02  6.18305430e-02  6.86537400e-02
  7.58663341e-02  8.34820196e-02  9.15191248e-02  1.00000948e-01  1.08955860e-01
  1.18417531e-01  1.28425255e-01  1.39024749e-01  1.50269419e-01  1.62222147e-01
  1.74958020e-01  1.88568071e-01  2.03164548e-01  2.18888372e-01  2.35919312e-01
  2.54489869e-01  2.74902642e-01  2.97549635e-01  3.22934657e-01  3.51767868e-01
  3.84504467e-01  4.06892359e-01  4.22323525e-01  4.34221357e-01  4.33088154e-01
  4.32301521e-01  4.16096359e-01  3.96763653e-01  3.80436331e-01  3.67284358e-01
  5.15604275e-04 -6.25274098e-03 -8.18662159e-03 -7.47759268e-03 -6.31977525e-03
 -5.33683505e-03 -4.57433565e-03 -3.95694422e-03 -3.39724822e-03 -2.81943311e-03
 -2.16303067e-03 -1.38193299e-03 -4.42413118e-04  6.79515244e-04  2.00391910e-03
  3.54943005e-03  5.33373700e-03  7.37335766e-03  9.68316011e-03  1.22758830e-02
  1.51618682e-02  1.83492005e-02  2.18444187e-02  2.56533735e-02  2.97796745e-02
  3.42208296e-02  3.89689878e-02  4.40128632e-02  4.93398570e-02  5.49381673e-02
  6.07983209e-02  6.69137239e-02  7.32816234e-02  7.99041763e-02  8.67894143e-02
  9.39516723e-02  1.01411708e-01  1.09196603e-01  1.17339484e-01  1.25879198e-01
  1.34860083e-01  1.44332081e-01  1.54351339e-01  1.64981276e-01  1.76294714e-01
  1.88376814e-01  2.01329708e-01  2.15279162e-01  2.30384558e-01  2.46854097e-01
  2.64968872e-01  2.85122484e-01  3.07889014e-01  3.34122986e-01  3.64590347e-01
  3.93019319e-01  4.11536306e-01  4.27372128e-01  4.33002502e-01  4.33914602e-01
  4.26561296e-01  4.09270644e-01  3.92015010e-01  3.77389371e-01  3.65126461e-01
 -1.02298632e-02 -1.93412378e-02 -1.69810336e-02 -1.35676283e-02 -1.17705846e-02
 -1.04921758e-02 -9.41632409e-03 -8.39596987e-03 -7.33470591e-03 -6.16248325e-03
 -4.82826540e-03 -3.29540693e-03 -1.53769355e-03  4.64116398e-04  2.72523798e-03
  5.25863841e-03  8.07573460e-03  1.11863595e-02  1.45983407e-02  1.83169488e-02
  2.23443899e-02  2.66794432e-02  3.13172452e-02  3.62490751e-02  4.14618813e-02
  4.69378717e-02  5.26549518e-02  5.85879721e-02  6.47105202e-02  7.09970891e-02
  7.74253383e-02  8.39782506e-02  9.06460807e-02  9.74279717e-02  1.04332916e-01
  1.11380003e-01  1.18597955e-01  1.26024097e-01  1.33702993e-01  1.41685084e-01
  1.50025442e-01  1.58783108e-01  1.68020859e-01  1.77805766e-01  1.88210547e-01
  1.99315712e-01  2.11212859e-01  2.24009335e-01  2.37834781e-01  2.52850860e-01
  2.69265711e-01  2.87357211e-01  3.07508975e-01  3.30223233e-01  3.55366021e-01
  3.76986235e-01  3.91771138e-01  4.04144317e-01  4.08061624e-01  4.08699930e-01
  4.01455939e-01  3.88553351e-01  3.76424491e-01  3.65559906e-01  3.55882823e-01
 -6.36034133e-03 -1.36779705e-02 -1.64865069e-02 -1.65440608e-02 -1.58184189e-02
 -1.49614522e-02 -1.40212709e-02 -1.29223624e-02 -1.15941586e-02 -9.99159645e-03
 -8.09047464e-03 -5.87922661e-03 -3.35231493e-03 -5.06004493e-04  2.66379071e-03
  6.16207579e-03  9.99426935e-03  1.41651100e-02  1.86773445e-02  2.35304795e-02
  2.87197139e-02  3.42351347e-02  4.00610976e-02  4.61757705e-02  5.25508188e-02
  5.91513962e-02  6.59366623e-02  7.28611201e-02  7.98768029e-02  8.69364217e-02
  9.39971060e-02  1.01024501e-01  1.07996516e-01  1.14906214e-01  1.21763319e-01
  1.28594071e-01  1.35439590e-01  1.42352924e-01  1.49395704e-01  1.56634554e-01
  1.64138272e-01  1.71975672e-01  1.80214465e-01  1.88920915e-01  1.98160231e-01
  2.07997426e-01  2.18498230e-01  2.29730010e-01  2.41761893e-01  2.54663080e-01
  2.68497080e-01  2.83306360e-01  2.99076617e-01  3.15656602e-01  3.32345307e-01
  3.46936435e-01  3.58508468e-01  3.66688997e-01  3.71125400e-01  3.71654123e-01
  3.68273735e-01  3.62498283e-01  3.55906963e-01  3.49104434e-01  3.42438191e-01
 -1.55670466e-02 -2.59487778e-02 -2.24537831e-02 -2.00440958e-02 -1.97102856e-02
 -1.95760410e-02 -1.91296656e-02 -1.81929544e-02 -1.67246908e-02 -1.47425206e-02
 -1.22838411e-02 -9.38647054e-03 -6.07993128e-03 -2.38267216e-03  1.69721001e-03
  6.15930976e-03  1.10074347e-02  1.62460804e-02  2.18773466e-02  2.78985146e-02
  3.43003683e-02  4.10660915e-02  4.81705517e-02  5.55796959e-02  6.32498860e-02
  7.11273029e-02  7.91477412e-02  8.72374624e-02  9.53158140e-02  1.03299990e-01
  1.11111924e-01  1.18686400e-01  1.25978932e-01  1.32971808e-01  1.39676973e-01
  1.46135181e-01  1.52411535e-01  1.58588484e-01  1.64757818e-01  1.71013206e-01
  1.77444503e-01  1.84134111e-01  1.91155255e-01  1.98571607e-01  2.06437498e-01
  2.14798316e-01  2.23690242e-01  2.33138964e-01  2.43156374e-01  2.53733844e-01
  2.64830232e-01  2.76351273e-01  2.88115591e-01  2.99806178e-01  3.10933292e-01
  3.20899874e-01  3.29174638e-01  3.35389912e-01  3.39348972e-01  3.41037869e-01
  3.40663195e-01  3.38652045e-01  3.35515320e-01  3.31692547e-01  3.27507943e-01
 -2.01771734e-03 -1.04436129e-02 -1.64877195e-02 -2.07504518e-02 -2.38191858e-02
 -2.56275088e-02 -2.60742437e-02 -2.53026411e-02 -2.35388614e-02 -2.09820829e-02
 -1.77878849e-02 -1.40678678e-02 -9.89214703e-03 -5.29554859e-03 -2.86522554e-04
  5.14301704e-03  1.10085635e-02  1.73255205e-02  2.41036508e-02  3.13434638e-02
  3.90343964e-02  4.71544266e-02  5.56703731e-02  6.45378754e-02  7.37001747e-02
  8.30855519e-02  9.26039517e-02  1.02144621e-01  1.11577049e-01  1.20757610e-01
  1.29542887e-01  1.37807682e-01  1.45463437e-01  1.52472258e-01  1.58853412e-01
  1.64680779e-01  1.70071557e-01  1.75168842e-01  1.80122480e-01  1.85073599e-01
  1.90144971e-01  1.95437223e-01  2.01029003e-01  2.06979007e-01  2.13328272e-01
  2.20101953e-01  2.27309912e-01  2.34945849e-01  2.42984563e-01  2.51377016e-01
  2.60043025e-01  2.68861800e-01  2.77662337e-01  2.86218584e-01  2.94257939e-01
  3.01489979e-01  3.07648808e-01  3.12531620e-01  3.16024423e-01  3.18114638e-01
  3.18891406e-01  3.18527758e-01  3.17244232e-01  3.15267980e-01  3.12803626e-01
  2.96536926e-03 -6.52243756e-03 -1.57872457e-02 -2.47995742e-02 -3.29033285e-02
 -3.71083990e-02 -3.73226814e-02 -3.57350782e-02 -3.28977369e-02 -2.91595981e-02
 -2.47973315e-02 -1.99839007e-02 -1.48023171e-02 -9.26647522e-03 -3.34616681e-03
  3.00954236e-03  9.85480938e-03  1.72351953e-02  2.51800939e-02  3.36984918e-02
  4.27781045e-02  5.23884445e-02  6.24864511e-02  7.30207860e-02  8.39311332e-02
  9.51410905e-02  1.06545649e-01  1.17996313e-01  1.29290044e-01  1.40172422e-01
  1.50364771e-01  1.59611672e-01  1.67729467e-01  1.74638793e-01  1.80378646e-01
  1.85101911e-01  1.89048752e-01  1.92498326e-01  1.95716947e-01  1.98924795e-01
  2.02286378e-01  2.05915704e-01  2.09886536e-01  2.14242086e-01  2.19002455e-01
  2.24169225e-01  2.29727998e-01  2.35649019e-01  2.41886124e-01  2.48374879e-01
  2.55029887e-01  2.61742473e-01  2.68380046e-01  2.74788946e-01  2.80802488e-01
  2.86254168e-01  2.90994436e-01  2.94906855e-01  2.97920585e-01  3.00016612e-01
  3.01227033e-01  3.01627278e-01  3.01322520e-01  3.00432205e-01  2.99076468e-01
  6.22331444e-03 -4.65499097e-03 -1.66374557e-02 -3.03271729e-02 -4.59487624e-02
 -5.36963791e-02 -5.39283603e-02 -5.04853614e-02 -4.49717455e-02 -3.90365198e-02
 -3.28845382e-02 -2.66911015e-02 -2.04751138e-02 -1.41220335e-02 -7.47243874e-03
 -3.72406561e-04  7.30986567e-03  1.56742427e-02  2.47831438e-02  3.46573964e-02
  4.52692881e-02  5.65523580e-02  6.84321895e-02  8.08515102e-02  9.37729254e-02
  1.07162267e-01  1.20957933e-01  1.35024875e-01  1.49091408e-01  1.62692696e-01
  1.75209373e-01  1.86059833e-01  1.94861159e-01  2.01452166e-01  2.05906302e-01
  2.08547652e-01  2.09945142e-01  2.10738078e-01  2.11426735e-01  2.12322652e-01
  2.13595748e-01  2.15328127e-01  2.17550501e-01  2.20263481e-01  2.23449022e-01
  2.27076381e-01  2.31104702e-01  2.35483751e-01  2.40153641e-01  2.45044023e-01
  2.50073522e-01  2.55149573e-01  2.60169715e-01  2.65024573e-01  2.69602627e-01
  2.73797125e-01  2.77513742e-01  2.80677736e-01  2.83239752e-01  2.85178751e-01
  2.86501884e-01  2.87241161e-01  2.87447959e-01  2.87186027e-01  2.86524892e-01
  1.07996492e-02 -4.35824855e-04 -1.32277263e-02 -2.83687413e-02 -4.71742935e-02
 -5.93688898e-02 -6.65381253e-02 -6.42955154e-02 -5.84816597e-02 -4.91231121e-02
 -4.02673036e-02 -3.27846892e-02 -2.60931477e-02 -1.95424799e-02 -1.26962746e-02
 -5.30738616e-03  2.88914260e-03  1.20602576e-02  2.22800970e-02  3.36605646e-02
  4.61325310e-02  5.94187193e-02  7.33052418e-02  8.77358839e-02  1.02765486e-01
  1.18507460e-01  1.35095358e-01  1.52636543e-01  1.71098679e-01  1.89908281e-01
  2.07024008e-01  2.20574930e-01  2.30616987e-01  2.36408204e-01  2.38486335e-01
  2.36574754e-01  2.32744440e-01  2.29091555e-01  2.26248309e-01  2.24324629e-01
  2.23287433e-01  2.23063767e-01  2.23572820e-01  2.24735901e-01  2.26478502e-01
  2.28729576e-01  2.31419921e-01  2.34480351e-01  2.37840161e-01  2.41425887e-01
  2.45160714e-01  2.48964474e-01  2.52754509e-01  2.56447643e-01  2.59962797e-01
  2.63224542e-01  2.66166687e-01  2.68735826e-01  2.70893991e-01  2.72620082e-01
  2.73909807e-01  2.74774432e-01  2.75237978e-01  2.75334090e-01  2.75102526e-01
  1.78464353e-02  7.65046990e-03 -3.65029997e-03 -1.62383504e-02 -2.98858434e-02
 -4.37295288e-02 -6.02969527e-02 -6.21214695e-02 -6.27453327e-02 -5.12887575e-02
 -4.17754464e-02 -3.53889093e-02 -3.11206039e-02 -2.59033870e-02 -1.89957749e-02
 -1.27740139e-02 -4.59121121e-03  5.78728877e-03  1.60258543e-02  2.92191971e-02
  4.52429913e-02  6.13237694e-02  7.73273110e-02  9.35218632e-02  1.10236771e-01
  1.27841339e-01  1.46776095e-01  1.67617470e-01  1.91214398e-01  2.19181165e-01
  2.49724820e-01  2.59604245e-01  2.79510647e-01  2.75881410e-01  2.83421338e-01
  2.66042888e-01  2.52973408e-01  2.43953720e-01  2.37559900e-01  2.33078346e-01
  2.30064616e-01  2.28218928e-01  2.27327943e-01  2.27232024e-01  2.27805302e-01
  2.28943422e-01  2.30555654e-01  2.32559741e-01  2.34878629e-01  2.37438291e-01
  2.40166485e-01  2.42992297e-01  2.45846435e-01  2.48661980e-01  2.51375824e-01
  2.53930241e-01  2.56274909e-01  2.58368313e-01  2.60179132e-01  2.61687011e-01
  2.62882382e-01  2.63765931e-01  2.64347136e-01  2.64642805e-01  2.64674932e-01
  2.68765111e-02  1.84992086e-02  9.50970221e-03 -7.59589020e-05 -1.01044402e-02
 -2.02812105e-02 -2.99547706e-02 -3.87479700e-02 -5.12455292e-02 -3.78429852e-02
 -3.19957100e-02 -2.92694308e-02 -3.03365774e-02 -2.77203210e-02 -1.92471743e-02
 -1.63315088e-02 -8.65501817e-03  4.15750127e-03  1.15386946e-02  2.62247175e-02
  4.67372015e-02  6.47583082e-02  8.17611814e-02  9.85576510e-02  1.15718164e-01
  1.33749232e-01  1.53205439e-01  1.74797460e-01  1.99530125e-01  2.28777543e-01
  2.57683486e-01  2.71309972e-01  2.87489474e-01  2.87517726e-01  2.90302247e-01
  2.75154710e-01  2.60375589e-01  2.49782100e-01  2.42150024e-01  2.36635447e-01
  2.32701793e-01  2.30000034e-01  2.28291079e-01  2.27400348e-01  2.27192134e-01
  2.27555320e-01  2.28395060e-01  2.29627699e-01  2.31177345e-01  2.32973814e-01
  2.34951124e-01  2.37046942e-01  2.39202231e-01  2.41361633e-01  2.43473932e-01
  2.45492861e-01  2.47377977e-01  2.49095380e-01  2.50618398e-01  2.51927793e-01
  2.53011763e-01  2.53865600e-01  2.54491001e-01  2.54894972e-01  2.55088925e-01
  2.91754055e+00  2.90037847e+00  2.82034087e+00  2.73667812e+00  2.64076495e+00
  2.54724026e+00  2.46635771e+00  2.39404225e+00  2.33220291e+00  2.27846909e+00
  2.23376107e+00  2.19580650e+00  2.16427612e+00  2.13793039e+00  2.11674142e+00
  2.09988856e+00  2.08639169e+00  2.07658029e+00  2.06942916e+00  2.06509471e+00
  2.06270456e+00  2.06248307e+00  2.06396246e+00  2.06712675e+00  2.07159734e+00
  2.07728148e+00  2.08428931e+00  2.09219003e+00  2.10120869e+00  2.11112499e+00
  2.12191606e+00  2.13360810e+00  2.14618397e+00  2.15963650e+00  2.17400265e+00
  2.18931746e+00  2.20563793e+00  2.22309303e+00  2.24163651e+00  2.26151180e+00
  2.28280902e+00  2.30565691e+00  2.33023524e+00  2.35671520e+00  2.38536096e+00
  2.41648436e+00  2.45030427e+00  2.48720932e+00  2.52762747e+00  2.57183576e+00
  2.62070632e+00  2.67438769e+00  2.73389149e+00  2.80013990e+00  2.87401152e+00
  2.95759106e+00  3.05206823e+00  3.16094065e+00  3.28817248e+00  3.43889499e+00
  3.62404203e+00  3.85487223e+00  4.16947699e+00  4.66936207e+00  6.98497534e+00
   90   89
  1.04306293e+00  0.00000000e+00  1.04434466e+00  1.00000001e-01  1.04863322e+00
  2.00000003e-01  1.05250001e+00  2.61712462e-01  1.05929911e+00  3.49999994e-01
  1.06917369e+00  4.49999988e-01  1.07906246e+00  5.43824553e-01  1.08521569e+00
  6.00000024e-01  1.09729648e+00  6.99999988e-01  1.10562503e+00  7.61838853e-01
  1.11929810e+00  8.50000024e-01  1.13218749e+00  9.27862823e-01  1.14718199e+00
  1.00000000e+00  1.16264617e+00  1.06971288e+00  1.16654241e+00  1.09147418e+00
  1.23843753e+00  1.08341479e+00  1.29156256e+00  1.07536781e+00  1.34468746e+00
  1.06603718e+00  1.39781249e+00  1.05545056e+00  1.42437506e+00  1.04991901e+00
  1.47749996e+00  1.03859329e+00  1.53062499e+00  1.02369809e+00  1.58375001e+00
  1.00581133e+00  1.61031246e+00  9.96564507e-01  1.66343749e+00  9.75450993e-01
  1.71572316e+00  9.49999988e-01  1.74312496e+00  9.35914338e-01  1.79624999e+00
  9.03116465e-01  1.82281256e+00  8.86085689e-01  1.87113273e+00  8.50000024e-01
  1.90250003e+00  8.24751139e-01  1.92961919e+00  8.00000012e-01  1.98170245e+00
  7.50000000e-01  2.00874996e+00  7.21826613e-01  2.03531241e+00  6.91490829e-01
  2.06810594e+00  6.49999976e-01  2.10395384e+00  6.00000024e-01  2.13513088e+00
  5.50000012e-01  2.16224122e+00  5.00000000e-01  2.18602514e+00  4.49999988e-01
  2.20719147e+00  4.00000006e-01  2.22634244e+00  3.49999994e-01  2.24781251e+00
  2.89238811e-01  2.27412438e+00  2.00000003e-01  2.28621101e+00  1.50000006e-01
  2.30024457e+00  5.00000007e-02  2.30101681e+00  0.00000000e+00  2.29909301e+00
 -5.00000007e-02  2.28274107e+00 -1.50000006e-01  2.27004766e+00 -2.00000003e-01
  2.24781251e+00 -2.69720823e-01  2.22125006e+00 -3.42969358e-01  2.19716907e+00
 -4.00000006e-01  2.17429376e+00 -4.49999988e-01  2.14867139e+00 -5.00000000e-01
  2.11946487e+00 -5.50000012e-01  2.08843756e+00 -5.97209156e-01  2.06187510e+00
 -6.32351100e-01  2.03531241e+00 -6.63793921e-01  2.00133729e+00 -6.99999988e-01
  1.95562506e+00 -7.43025959e-01  1.92906249e+00 -7.65133083e-01  1.88091660e+00
 -8.00000012e-01  1.84937501e+00 -8.21537316e-01  1.79775989e+00 -8.50000024e-01
  1.76968753e+00 -8.64800930e-01  1.71656251e+00 -8.87902319e-01  1.67924917e+00
 -8.99999976e-01  1.63687503e+00 -9.12766337e-01  1.58375001e+00 -9.24939156e-01
  1.53062499e+00 -9.32480991e-01  1.47749996e+00 -9.35077310e-01  1.42437506e+00
 -9.31802392e-01  1.37125003e+00 -9.20584202e-01  1.32195544e+00 -8.99999976e-01
  1.29156256e+00 -8.81870031e-01  1.25678492e+00 -8.50000024e-01  1.21719134e+00
 -8.00000012e-01  1.18889642e+00 -7.50000000e-01  1.16676772e+00 -6.99999988e-01
  1.14849603e+00 -6.49999976e-01  1.13218749e+00 -5.98318815e-01  1.10650337e+00
 -5.00000000e-01  1.09525466e+00 -4.49999988e-01  1.07906246e+00 -3.68487537e-01
  1.06719196e+00 -3.00000012e-01  1.05409610e+00 -2.00000003e-01  1.04957926e+00
 -1.50000006e-01  1.04399204e+00 -5.00000007e-02  1.04306293e+00  0.00000000e+00
  1.01600003e+00  0.00000000e+00  1.01600003e+00  9.63999987e-01  1.01800001e+00
  9.67999995e-01  1.01800001e+00  1.00100005e+00  1.01800001e+00  1.01900005e+00
  1.01800001e+00  1.07700002e+00  1.01800001e+00  1.07000005e+00  1.01800001e+00
  1.09599996e+00  1.01800001e+00  1.11300004e+00  1.01800001e+00  1.13800001e+00
  1.01600003e+00  1.14699996e+00  1.01199996e+00  1.16499996e+00  1.00100005e+00
  1.21700001e+00  1.02900004e+00  1.21700001e+00  1.04200006e+00  1.16240001e+00
  1.04600000e+00  1.16237998e+00  1.05599999e+00  1.16260004e+00  1.09700000e+00
  1.16450000e+00  1.10800004e+00  1.16594005e+00  1.11600006e+00  1.16591001e+00
  1.13399994e+00  1.16895998e+00  1.14800000e+00  1.17174995e+00  1.16199994e+00
  1.17556000e+00  1.18099999e+00  1.18299997e+00  1.18200004e+00  1.18350005e+00
  1.18499994e+00  1.18499994e+00  1.19000006e+00  1.18799996e+00  1.19500005e+00
  1.19099998e+00  1.20099998e+00  1.19599998e+00  1.20899999e+00  1.20200002e+00
  1.21500003e+00  1.20799994e+00  1.22200000e+00  1.21399999e+00  1.22800004e+00
  1.22099996e+00  1.23399997e+00  1.23099995e+00  1.23899996e+00  1.23800004e+00
  1.24199998e+00  1.24399996e+00  1.24800003e+00  1.25399995e+00  1.25800002e+00
  1.27800000e+00  1.26300001e+00  1.28999996e+00  1.27999997e+00  1.33099997e+00
  1.27999997e+00  1.34700000e+00  1.27999997e+00  1.34800005e+00  1.30999994e+00
  1.34800005e+00  1.32799995e+00  1.34800005e+00  1.36099994e+00  1.34800005e+00
  1.38000000e+00  1.34800005e+00  1.41900003e+00  1.34800005e+00  1.41900003e+00
  1.30999994e+00  1.37199998e+00  1.30999994e+00  1.37199998e+00  1.29200006e+00
  1.60800004e+00  1.09500003e+00  1.64699996e+00  1.07700002e+00  1.78499997e+00
  1.07700002e+00  2.06999993e+00  1.03999996e+00  2.12800002e+00  9.92999971e-01
  2.24499989e+00  7.08999991e-01  2.32299995e+00  5.18999994e-01  2.37700009e+00
  3.88999999e-01  2.35200000e+00  4.00000006e-01  2.35100007e+00  3.37000012e-01
  2.35100007e+00  2.04999998e-01  2.35400009e+00  6.80000037e-02  2.35400009e+00
  0.00000000e+00  2.35400009e+00 -6.80000037e-02  2.35299993e+00 -2.04999998e-01
  2.35100007e+00 -3.37000012e-01  2.35299993e+00 -4.00000006e-01  2.37700009e+00
 -3.88999999e-01  2.13400006e+00 -9.72999990e-01  1.78600001e+00 -1.17400002e+00
  1.76800001e+00 -1.21099997e+00  1.76800001e+00 -1.25399995e+00  1.68200004e+00
 -1.25399995e+00  1.67400002e+00 -1.26199996e+00  1.67400002e+00 -1.32900000e+00
  1.68099999e+00 -1.33899999e+00  1.75399995e+00 -1.33899999e+00  1.75399995e+00
 -1.36800003e+00  1.68900001e+00 -1.36800003e+00  1.68900001e+00 -1.36600006e+00
  1.55499995e+00 -1.36600006e+00  1.41199994e+00 -1.36600006e+00  1.27300000e+00
 -1.36600006e+00  1.15300000e+00 -1.36600006e+00  1.01600003e+00 -1.22899997e+00
  1.01600003e+00 -8.00000012e-01  1.01600003e+00 -4.14999992e-01  1.01600003e+00
 -4.00000006e-01  1.01600003e+00  0.00000000e+00
    0 0.000000000e+00    0
  0.00000000e+00  1.34338796e-01  1.89082444e-01  2.28604972e-01  2.62337059e-01
  2.91087270e-01  3.16687852e-01  3.39409322e-01  3.60329270e-01  3.79603386e-01
  3.97483706e-01  4.14428085e-01  4.30374324e-01  4.45582420e-01  4.60107625e-01
  4.74122435e-01  4.87606257e-01  5.00612795e-01  5.13333619e-01  5.25647461e-01
  5.37683547e-01  5.49444139e-01  5.60958028e-01  5.72251379e-01  5.83381832e-01
  5.94288588e-01  6.05019927e-01  6.15650177e-01  6.26118302e-01  6.36456311e-01
  6.46677375e-01  6.56799972e-01  6.66830480e-01  6.76757693e-01  6.86604500e-01
  6.96399212e-01  7.06104636e-01  7.15760708e-01  7.25370347e-01  7.34927535e-01
  7.44452775e-01  7.53948092e-01  7.63428748e-01  7.72890687e-01  7.82340586e-01
  7.91809261e-01  8.01282704e-01  8.10789168e-01  8.20341170e-01  8.29914153e-01
  8.39581490e-01  8.49297643e-01  8.59126985e-01  8.69084895e-01  8.79158854e-01
  8.89415264e-01  8.99829388e-01  9.10492480e-01  9.21450138e-01  9.32706892e-01
  9.44428027e-01  9.56574619e-01  9.69513059e-01  9.83481705e-01  1.00000000e+00
    0
