   EFIT?   05/12/98      #102940  1321             3  65  65
  1.70000005e+00  3.20000005e+00  1.69550002e+00  8.39999974e-01  0.00000000e+00
  1.78927243e+00  2.57259496e-02 -2.70048171e-01  1.33194169e-02 -1.99826264e+00
  1.47509938e+06 -2.70048171e-01  0.00000000e+00  1.78927243e+00  0.00000000e+00
  2.57259496e-02  0.00000000e+00  1.33194169e-02  0.00000000e+00  0.00000000e+00
 -3.41368937e+00 -3.42419696e+00 -3.43294549e+00 -3.44012499e+00 -3.44590569e+00
 -3.45044112e+00 -3.45386839e+00 -3.45631242e+00 -3.45788503e+00 -3.45868754e+00
 -3.45881224e+00 -3.45834208e+00 -3.45735264e+00 -3.45591283e+00 -3.45408511e+00
 -3.45192623e+00 -3.44948792e+00 -3.44681787e+00 -3.44395924e+00 -3.44095135e+00
 -3.43783021e+00 -3.43462896e+00 -3.43137765e+00 -3.42810369e+00 -3.42483139e+00
 -3.42158341e+00 -3.41838026e+00 -3.41523981e+00 -3.41217875e+00 -3.40921187e+00
 -3.40635252e+00 -3.40361214e+00 -3.40100145e+00 -3.39852929e+00 -3.39620376e+00
 -3.39403152e+00 -3.39201808e+00 -3.39016771e+00 -3.38848424e+00 -3.38696980e+00
 -3.38562608e+00 -3.38445330e+00 -3.38345098e+00 -3.38261724e+00 -3.38194990e+00
 -3.38144493e+00 -3.38109779e+00 -3.38090253e+00 -3.38085222e+00 -3.38093829e+00
 -3.38115120e+00 -3.38148022e+00 -3.38191271e+00 -3.38243484e+00 -3.38303065e+00
 -3.38368273e+00 -3.38437152e+00 -3.38507533e+00 -3.38577008e+00 -3.38642955e+00
 -3.38702393e+00 -3.38752127e+00 -3.38788557e+00 -3.38807774e+00 -3.38805437e+00
  1.12022492e+05  1.01151680e+05  9.13880859e+04  8.26516875e+04  7.48664219e+04
  6.79599609e+04  6.18635820e+04  5.65120195e+04  5.18433125e+04  4.77986758e+04
  4.43223555e+04  4.13615312e+04  3.88661680e+04  3.67889414e+04  3.50851055e+04
  3.37124141e+04  3.26310098e+04  3.18033516e+04  3.11941250e+04  3.07701660e+04
  3.05003887e+04  3.03557148e+04  3.03090156e+04  3.03350430e+04  3.04103809e+04
  3.05133945e+04  3.06241777e+04  3.07245117e+04  3.07978262e+04  3.08291602e+04
  3.08051348e+04  3.07139160e+04  3.05451953e+04  3.02901621e+04  2.99414863e+04
  2.94933066e+04  2.89412070e+04  2.82822188e+04  2.75148066e+04  2.66388672e+04
  2.56557305e+04  2.45681602e+04  2.33803594e+04  2.20979863e+04  2.07281562e+04
  1.92794668e+04  1.77620078e+04  1.61873945e+04  1.45687832e+04  1.29209033e+04
  1.12600938e+04  9.60433203e+03  7.97327930e+03  6.38832080e+03  4.87261279e+03
  3.45113550e+03  2.15074561e+03  1.00023694e+03  3.04027729e+01 -7.25895935e+02
 -1.23365857e+03 -1.45566772e+03 -1.35240796e+03 -8.81978088e+02  0.00000000e+00
  8.81937790e+00  7.40822124e+00  6.14072418e+00  5.00404835e+00  3.98650742e+00
  3.07746172e+00  2.26722646e+00  1.54698598e+00  9.08715844e-01  3.45112920e-01
 -1.50469437e-01 -5.84079504e-01 -9.61220443e-01 -1.28689873e+00 -1.56566846e+00
 -1.80167067e+00 -1.99867070e+00 -2.16009045e+00 -2.28903937e+00 -2.38834071e+00
 -2.46057534e+00 -2.50821805e+00 -2.53358674e+00 -2.53880382e+00 -2.52581429e+00
 -2.49640298e+00 -2.45221019e+00 -2.39474678e+00 -2.32540607e+00 -2.24547768e+00
 -2.15615749e+00 -2.05855894e+00 -1.95372319e+00 -1.84262681e+00 -1.72619200e+00
 -1.60529387e+00 -1.48076808e+00 -1.35341859e+00 -1.22402442e+00 -1.09334671e+00
 -9.62135017e-01 -8.31134558e-01 -7.01092303e-01 -5.72763503e-01 -4.46918637e-01
 -3.24349999e-01 -2.05878645e-01 -9.23617110e-02  1.53000783e-02  1.16154529e-01
  2.09189564e-01  2.93324322e-01  3.67399663e-01  4.30167973e-01  4.80282217e-01
  5.16283989e-01  5.36590815e-01  5.39482176e-01  5.23084283e-01  4.85353857e-01
  4.24059868e-01  3.36764038e-01  2.20799431e-01  7.32469261e-02 -1.09090418e-01
 -2.58489375e+06 -2.32556175e+06 -2.08475375e+06 -1.86156275e+06 -1.65512125e+06
 -1.46459825e+06 -1.28919762e+06 -1.12815675e+06 -9.80744438e+05 -8.46259438e+05
 -7.24028875e+05 -6.13406875e+05 -5.13773094e+05 -4.24531219e+05 -3.45107906e+05
 -2.74951312e+05 -2.13530000e+05 -1.60331703e+05 -1.14862211e+05 -7.66443516e+04
 -4.52168398e+04 -2.01333418e+04 -9.61457764e+02  1.27182236e+04  2.13130410e+04
  2.52191602e+04  2.48224355e+04  2.04992754e+04  1.26174531e+04  1.53692163e+03
 -1.23893945e+04 -2.88148262e+04 -4.73981953e+04 -6.78030625e+04 -8.96970000e+04
 -1.12750852e+05 -1.36638000e+05 -1.61033672e+05 -1.85614188e+05 -2.10056328e+05
 -2.34036484e+05 -2.57230125e+05 -2.79310938e+05 -2.99950156e+05 -3.18815875e+05
 -3.35572250e+05 -3.49878906e+05 -3.61389938e+05 -3.69753375e+05 -3.74610344e+05
 -3.75594250e+05 -3.72329969e+05 -3.64433031e+05 -3.51508844e+05 -3.33151688e+05
 -3.08944000e+05 -2.78455250e+05 -2.41241172e+05 -1.96842719e+05 -1.44785047e+05
 -8.45764531e+04 -1.57073594e+04  6.23508633e+04  1.50147031e+05  2.48251391e+05
  5.05124442e-02  4.30580750e-02  3.50143723e-02  2.64032353e-02  1.73840392e-02
  8.26170575e-03 -2.86515657e-04 -8.00858438e-03 -1.72620323e-02 -4.15234594e-03
  2.58233072e-03  6.59914734e-03  7.44207716e-03  1.08189397e-02  1.92946643e-02
  2.32333504e-02  3.05962283e-02  4.25471924e-02  5.01180068e-02  6.31664991e-02
  8.14246163e-02  9.76723880e-02  1.13146134e-01  1.28538579e-01  1.44347548e-01
  1.61024854e-01  1.79072112e-01  1.99136972e-01  2.22143173e-01  2.49176875e-01
  2.74573535e-01  2.88521022e-01  3.01632226e-01  3.02997172e-01  3.03438425e-01
  2.90449440e-01  2.76223868e-01  2.65711606e-01  2.57920235e-01  2.52076983e-01
  2.47696310e-01  2.44463995e-01  2.42165059e-01  2.40642428e-01  2.39773661e-01
  2.39458382e-01  2.39610881e-01  2.40155756e-01  2.41024852e-01  2.42155358e-01
  2.43488520e-01  2.44968757e-01  2.46543527e-01  2.48163268e-01  2.49781832e-01
  2.51357079e-01  2.52851605e-01  2.54233301e-01  2.55476087e-01  2.56560117e-01
  2.57471979e-01  2.58204311e-01  2.58755445e-01  2.59128571e-01  2.59330839e-01
  4.28202748e-02  3.35779749e-02  2.32429989e-02  1.16470857e-02 -9.36927332e-04
 -1.36952279e-02 -2.92574596e-02 -2.92723440e-02 -2.85091847e-02 -1.62007287e-02
 -6.09924505e-03  1.14163733e-03  6.46597473e-03  1.23184444e-02  1.94600988e-02
  2.60619316e-02  3.41225304e-02  4.39811200e-02  5.38053587e-02  6.59307167e-02
  8.04242343e-02  9.50866789e-02  1.09791614e-01  1.24777697e-01  1.40350670e-01
  1.56867281e-01  1.74769893e-01  1.94656417e-01  2.17405528e-01  2.44194329e-01
  2.69819498e-01  2.83075064e-01  2.96776474e-01  2.97638088e-01  2.99004793e-01
  2.85880119e-01  2.72199929e-01  2.62294799e-01  2.55089879e-01  2.49833360e-01
  2.46050015e-01  2.43425310e-01  2.41740733e-01  2.40836650e-01  2.40590155e-01
  2.40901500e-01  2.41685688e-01  2.42867127e-01  2.44376078e-01  2.46146381e-01
  2.48114079e-01  2.50216633e-01  2.52392977e-01  2.54583895e-01  2.56732970e-01
  2.58788019e-01  2.60702550e-01  2.62437075e-01  2.63960570e-01  2.65251070e-01
  2.66295850e-01  2.67091155e-01  2.67641127e-01  2.67956585e-01  2.68053323e-01
  3.71906571e-02  2.69335154e-02  1.50951147e-02  8.80985695e-04 -1.69760864e-02
 -2.73237042e-02 -3.35377082e-02 -3.00977621e-02 -2.35869475e-02 -1.36588747e-02
 -4.38991934e-03  3.55288410e-03  1.06950300e-02  1.76045448e-02  2.46738140e-02
  3.21339779e-02  4.02199887e-02  4.90889475e-02  5.88196926e-02  6.95169270e-02
  8.11472535e-02  9.35118794e-02  1.06459863e-01  1.19970299e-01  1.34120047e-01
  1.49045303e-01  1.64915860e-01  1.81906924e-01  2.00122505e-01  2.19201699e-01
  2.36529440e-01  2.49426454e-01  2.58995920e-01  2.63559073e-01  2.64592260e-01
  2.60598868e-01  2.54711717e-01  2.49511927e-01  2.45403469e-01  2.42357686e-01
  2.40270838e-01  2.39032254e-01  2.38540828e-01  2.38707632e-01  2.39454240e-01
  2.40709767e-01  2.42408201e-01  2.44485840e-01  2.46879354e-01  2.49524266e-01
  2.52353966e-01  2.55299330e-01  2.58289039e-01  2.61250824e-01  2.64113367e-01
  2.66809106e-01  2.69277245e-01  2.71466851e-01  2.73339391e-01  2.74870425e-01
  2.76049882e-01  2.76881427e-01  2.77380377e-01  2.77571142e-01  2.77484268e-01
  3.42295580e-02  2.43494865e-02  1.32982461e-02  4.80993825e-04 -1.41354520e-02
 -2.03260127e-02 -1.98738575e-02 -1.57678574e-02 -9.84023605e-03 -3.52601986e-03
  2.97479355e-03  9.48136672e-03  1.59637704e-02  2.25164704e-02  2.92778760e-02
  3.63846682e-02  4.39561494e-02  5.20858020e-02  6.08367287e-02  7.02386051e-02
  8.02826360e-02  9.09294263e-02  1.02133505e-01  1.13863759e-01  1.26105696e-01
  1.38846844e-01  1.52047858e-01  1.65594473e-01  1.79221094e-01  1.92423299e-01
  2.04481900e-01  2.14727223e-01  2.22744972e-01  2.28358656e-01  2.31644034e-01
  2.32949331e-01  2.32935995e-01  2.32346311e-01  2.31720045e-01  2.31362790e-01
  2.31425270e-01  2.31971487e-01  2.33018830e-01  2.34559447e-01  2.36571178e-01
  2.39022821e-01  2.41876230e-01  2.45086879e-01  2.48603359e-01  2.52366543e-01
  2.56308675e-01  2.60352880e-01  2.64413625e-01  2.68398285e-01  2.72210926e-01
  2.75757313e-01  2.78951257e-01  2.81721205e-01  2.84015745e-01  2.85806894e-01
  2.87091047e-01  2.87887037e-01  2.88231701e-01  2.88174480e-01  2.87771225e-01
  3.29410173e-02  2.44711787e-02  1.60822272e-02  7.83912279e-03  5.07289311e-04
 -2.89748260e-03 -2.60259863e-03 -6.23301952e-04  2.54667620e-03  6.56996248e-03
  1.11780558e-02  1.61991809e-02  2.15455964e-02  2.71948911e-02  3.31672393e-02
  3.95041481e-02  4.62525226e-02  5.34539707e-02  6.11379817e-02  6.93180934e-02
  7.79908448e-02  8.71378854e-02  9.67299789e-02  1.06729686e-01  1.17089473e-01
  1.27743617e-01  1.38594359e-01  1.49494335e-01  1.60231680e-01  1.70530617e-01
  1.80081710e-01  1.88599154e-01  1.95877895e-01  2.01829404e-01  2.06496432e-01
  2.10049406e-01  2.12757200e-01  2.14929610e-01  2.16855183e-01  2.18764588e-01
  2.20823869e-01  2.23144189e-01  2.25795195e-01  2.28816718e-01  2.32227117e-01
  2.36028552e-01  2.40209892e-01  2.44747713e-01  2.49605894e-01  2.54734129e-01
  2.60065615e-01  2.65514821e-01  2.70975858e-01  2.76323467e-01  2.81417787e-01
  2.86114335e-01  2.90277392e-01  2.93794841e-01  2.96590179e-01  2.98630059e-01
  2.99925834e-01  3.00528675e-01  3.00519228e-01  2.99994528e-01  2.99055040e-01
  3.06065027e-02  2.31904369e-02  1.78228039e-02  1.40111996e-02  1.12624075e-02
  9.71805677e-03  9.49847419e-03  1.04667917e-02  1.24048088e-02  1.51177319e-02
  1.84503533e-02  2.22884230e-02  2.65568998e-02  3.12145445e-02  3.62459049e-02
  4.16523665e-02  4.74438183e-02  5.36317900e-02  6.02242947e-02  6.72223419e-02
  7.46179819e-02  8.23934674e-02  9.05208439e-02  9.89611447e-02  1.07662357e-01
  1.16555952e-01  1.25552639e-01  1.34538993e-01  1.43377736e-01  1.51914626e-01
  1.59993276e-01  1.67475939e-01  1.74264535e-01  1.80316791e-01  1.85653433e-01
  1.90355346e-01  1.94550604e-01  1.98394299e-01  2.02046692e-01  2.05656052e-01
  2.09348783e-01  2.13226482e-01  2.17367128e-01  2.21828207e-01  2.26649940e-01
  2.31857851e-01  2.37464204e-01  2.43468121e-01  2.49854043e-01  2.56588519e-01
  2.63614744e-01  2.70845056e-01  2.78152019e-01  2.85361201e-01  2.92252690e-01
  2.98578799e-01  3.04098576e-01  3.08614433e-01  3.11998934e-01  3.14209074e-01
  3.15290749e-01  3.15369368e-01  3.14622700e-01  3.13244164e-01  3.11412960e-01
  2.38795336e-02  1.38729922e-02  1.57547984e-02  1.72311421e-02  1.71496104e-02
  1.70775764e-02  1.74240079e-02  1.83227304e-02  1.97918154e-02  2.17993744e-02
  2.42976043e-02  2.72398982e-02  3.05886492e-02  3.43177132e-02  3.84116620e-02
  4.28633057e-02  4.76703867e-02  5.28323166e-02  5.83472066e-02  6.42095059e-02
  7.04082325e-02  7.69256651e-02  8.37363005e-02  9.08058807e-02  9.80903134e-02
  1.05534680e-01  1.13072649e-01  1.20627038e-01  1.28112361e-01  1.35439873e-01
  1.42525122e-01  1.49297014e-01  1.55706719e-01  1.61734372e-01  1.67392403e-01
  1.72724292e-01  1.77799568e-01  1.82705715e-01  1.87539145e-01  1.92396969e-01
  1.97370827e-01  2.02543378e-01  2.07986698e-01  2.13762313e-01  2.19921976e-01
  2.26508543e-01  2.33556539e-01  2.41091892e-01  2.49130279e-01  2.57673144e-01
  2.66700059e-01  2.76154786e-01  2.85920948e-01  2.95783222e-01  3.05380017e-01
  3.14212799e-01  3.21782321e-01  3.27718794e-01  3.31802219e-01  3.33961308e-01
  3.34301293e-01  3.33132714e-01  3.30893606e-01  3.27989101e-01  3.24720562e-01
  3.14919688e-02  2.54353732e-02  2.26400048e-02  2.20430344e-02  2.22286917e-02
  2.26690434e-02  2.33125631e-02  2.42116209e-02  2.54144184e-02  2.69475281e-02
  2.88201757e-02  3.10316104e-02  3.35769616e-02  3.64508666e-02  3.96491624e-02
  4.31691669e-02  4.70090657e-02  5.11668064e-02  5.56388460e-02  6.04189113e-02
  6.54969364e-02  7.08581582e-02  7.64823705e-02  8.23433995e-02  8.84087458e-02
  9.46395546e-02  1.00991100e-01  1.07413992e-01  1.13856375e-01  1.20267093e-01
  1.26599714e-01  1.32816911e-01  1.38894573e-01  1.44824892e-01  1.50617912e-01
  1.56301230e-01  1.61917970e-01  1.67523369e-01  1.73180804e-01  1.78957880e-01
  1.84923157e-01  1.91143766e-01  1.97684243e-01  2.04606116e-01  2.11968258e-01
  2.19827875e-01  2.28241548e-01  2.37266392e-01  2.46960968e-01  2.57385224e-01
  2.68598199e-01  2.80651093e-01  2.93569207e-01  3.07310969e-01  3.21626127e-01
  3.34908426e-01  3.45737010e-01  3.53772581e-01  3.58766645e-01  3.60522002e-01
  3.58881623e-01  3.54494035e-01  3.49254102e-01  3.43772680e-01  3.38363528e-01
  2.91281659e-02  2.04812139e-02  2.30463557e-02  2.57881377e-02  2.68943664e-02
  2.76481453e-02  2.83376668e-02  2.90849637e-02  2.99648549e-02  3.10287885e-02
  3.23121361e-02  3.38386334e-02  3.56239602e-02  3.76785360e-02  4.00094241e-02
  4.26214300e-02  4.55175713e-02  4.86990772e-02  5.21651171e-02  5.59123904e-02
  5.99346720e-02  6.42224252e-02  6.87624514e-02  7.35377222e-02  7.85273984e-02
  8.37070420e-02  8.90492946e-02  9.45248753e-02  1.00104123e-01  1.05758891e-01
  1.11464791e-01  1.17203467e-01  1.22964688e-01  1.28747851e-01  1.34562895e-01
  1.40430287e-01  1.46380216e-01  1.52451292e-01  1.58688769e-01  1.65142730e-01
  1.71866685e-01  1.78916350e-01  1.86349303e-01  1.94225118e-01  2.02606261e-01
  2.11559713e-01  2.21159562e-01  2.31490418e-01  2.42652535e-01  2.54768938e-01
  2.67996222e-01  2.82541186e-01  2.98687965e-01  3.16829532e-01  3.37272078e-01
  3.57532501e-01  3.71400923e-01  3.82988214e-01  3.89082253e-01  3.90480459e-01
  3.87894601e-01  3.78107995e-01  3.67966890e-01  3.58895034e-01  3.50844592e-01
  3.94213423e-02  3.40140872e-02  3.18933912e-02  3.18397395e-02  3.23215164e-02
  3.27877142e-02  3.31732109e-02  3.35305519e-02  3.39262672e-02  3.44178751e-02
  3.50506231e-02  3.58588696e-02  3.68683673e-02  3.80983651e-02  3.95633206e-02
  4.12740707e-02  4.32386063e-02  4.54625152e-02  4.79491614e-02  5.06997332e-02
  5.37132099e-02  5.69862798e-02  6.05133139e-02  6.42863438e-02  6.82951510e-02
  7.25275353e-02  7.69697875e-02  8.16073567e-02  8.64258856e-02  9.14122909e-02
  9.65561047e-02  1.01850696e-01  1.07294388e-01  1.12891279e-01  1.18651733e-01
  1.24592580e-01  1.30736858e-01  1.37113377e-01  1.43756121e-01  1.50703490e-01
  1.57997862e-01  1.65685311e-01  1.73815802e-01  1.82443798e-01  1.91629648e-01
  2.01441765e-01  2.11959794e-01  2.23279476e-01  2.35519528e-01  2.48832166e-01
  2.63419241e-01  2.79557884e-01  2.97643602e-01  3.18260461e-01  3.42177212e-01
  3.67787182e-01  3.85671049e-01  3.99839163e-01  4.08388376e-01  4.10150886e-01
  4.08380657e-01  3.96630496e-01  3.82425964e-01  3.70069712e-01  3.59744310e-01
  4.20763046e-02  3.50712128e-02  3.58197130e-02  3.77499275e-02  3.83031368e-02
  3.83351669e-02  3.81387509e-02  3.78536098e-02  3.75664867e-02  3.73385139e-02
  3.72152627e-02  3.72317173e-02  3.74151953e-02  3.77873443e-02  3.83655168e-02
  3.91637385e-02  4.01934236e-02  4.14638110e-02  4.29822989e-02  4.47546542e-02
  4.67852131e-02  4.90770489e-02  5.16320504e-02  5.44509180e-02  5.75331412e-02
  6.08770400e-02  6.44799843e-02  6.83387667e-02  7.24501759e-02  7.68117011e-02
  8.14223811e-02  8.62835273e-02  9.13992822e-02  9.67769176e-02  1.02427118e-01
  1.08364157e-01  1.14606038e-01  1.21174514e-01  1.28094986e-01  1.35396391e-01
  1.43111125e-01  1.51275307e-01  1.59929097e-01  1.69117495e-01  1.78891674e-01
  1.89310759e-01  2.00444549e-01  2.12377235e-01  2.25212604e-01  2.39081278e-01
  2.54150271e-01  2.70635694e-01  2.88817018e-01  3.09052140e-01  3.31816524e-01
  3.57811928e-01  3.81763309e-01  3.94815534e-01  4.08087522e-01  4.09951329e-01
  4.10121500e-01  4.02873427e-01  3.87396723e-01  3.73612970e-01  3.62478852e-01
  5.49778193e-02  5.01221046e-02  4.77552935e-02  4.66708504e-02  4.56650443e-02
  4.45341915e-02  4.33321893e-02  4.21217866e-02  4.09508385e-02  3.98563221e-02
  3.88682932e-02  3.80120203e-02  3.73092182e-02  3.67787704e-02  3.64372544e-02
  3.62993293e-02  3.63780521e-02  3.66851464e-02  3.72312069e-02  3.80258784e-02
  3.90781946e-02  4.03973125e-02  4.19926643e-02  4.38736640e-02  4.60492559e-02
  4.85275574e-02  5.13156280e-02  5.44195324e-02  5.78446165e-02  6.15961254e-02
  6.56799749e-02  7.01035410e-02  7.48758093e-02  8.00065398e-02  8.55061486e-02
  9.13861468e-02  9.76597518e-02  1.04342259e-01  1.11451179e-01  1.19006291e-01
  1.27029791e-01  1.35546520e-01  1.44584388e-01  1.54174879e-01  1.64353773e-01
  1.75162181e-01  1.86647668e-01  1.98865801e-01  2.11881727e-01  2.25771815e-01
  2.40624949e-01  2.56542534e-01  2.73636758e-01  2.92027175e-01  3.11848223e-01
  3.33401471e-01  3.58306020e-01  3.73049110e-01  3.82450104e-01  3.93354863e-01
  3.89260143e-01  3.92362446e-01  3.78824890e-01  3.66396964e-01  3.57343584e-01
  6.73222467e-02  6.34206384e-02  5.96989468e-02  5.63630760e-02  5.34564145e-02
  5.08424565e-02  4.84151244e-02  4.61240225e-02  4.39518206e-02  4.18978296e-02
  3.99695672e-02  3.81785445e-02  3.65381613e-02  3.50625515e-02  3.37659754e-02
  3.26624550e-02  3.17656621e-02  3.10889520e-02  3.06454934e-02  3.04475613e-02
  3.05062309e-02  3.08363140e-02  3.14558484e-02  3.23844850e-02  3.36419307e-02
  3.52467634e-02  3.72155607e-02  3.95624787e-02  4.22992893e-02  4.54361252e-02
  4.89831753e-02  5.29532470e-02  5.73632829e-02  6.22259416e-02  6.75498396e-02
  7.33417571e-02  7.96088353e-02  8.63596722e-02  9.36038122e-02  1.01351522e-01
  1.09614082e-01  1.18403934e-01  1.27734959e-01  1.37622640e-01  1.48084238e-01
  1.59138724e-01  1.70806482e-01  1.83108732e-01  1.96066052e-01  2.09695756e-01
  2.24007204e-01  2.38993302e-01  2.54615873e-01  2.70778835e-01  2.87273765e-01
  3.03653479e-01  3.18994015e-01  3.32035154e-01  3.42216313e-01  3.49374503e-01
  3.53376716e-01  3.54495198e-01  3.52943540e-01  3.49708766e-01  3.45992118e-01
  7.69169703e-02  7.35392347e-02  6.87473193e-02  6.41189739e-02  6.00556098e-02
  5.63284643e-02  5.28349690e-02  4.95199114e-02  4.63538989e-02  4.33238596e-02
  4.04272564e-02  3.76683250e-02  3.50556560e-02  3.26005593e-02  3.03159803e-02
  2.82156579e-02  2.63135955e-02  2.46243142e-02  2.31659394e-02  2.19544135e-02
  2.09854320e-02  2.02814844e-02  1.98750999e-02  1.98016595e-02  2.00958494e-02
  2.07895432e-02  2.19102520e-02  2.34798826e-02  2.55138446e-02  2.80211046e-02
  3.10070906e-02  3.44848298e-02  3.85090560e-02  4.30941954e-02  4.82391044e-02
  5.39381467e-02  6.01883233e-02  6.69937581e-02  7.43565708e-02  8.22768733e-02
  9.07543004e-02  9.97881368e-02  1.09377541e-01  1.19521625e-01  1.30219132e-01
  1.41467661e-01  1.53262496e-01  1.65594757e-01  1.78448603e-01  1.91797167e-01
  2.05596343e-01  2.19775766e-01  2.34225735e-01  2.48778746e-01  2.63186663e-01
  2.77102053e-01  2.90091664e-01  3.01713675e-01  3.11622560e-01  3.19615692e-01
  3.25635076e-01  3.29767138e-01  3.32239777e-01  3.33405614e-01  3.33659112e-01
  8.25285465e-02  7.88347945e-02  7.44963363e-02  6.98365644e-02  6.51981607e-02
  6.06947467e-02  5.63366301e-02  5.21121435e-02  4.80105020e-02  4.40265425e-02
  4.01608646e-02  3.64189111e-02  3.28099877e-02  2.93463953e-02  2.60425750e-02
  2.29137968e-02  1.99734140e-02  1.72262788e-02  1.47159463e-02  1.25252325e-02
  1.04679959e-02  8.63500778e-03  7.09912647e-03  5.92399528e-03  5.16659953e-03
  4.87728557e-03  5.09854918e-03  5.86279202e-03  7.18844868e-03  9.07274056e-03
  1.14770010e-02  1.42950043e-02  1.79098789e-02  2.22485587e-02  2.72603799e-02
  3.29019725e-02  3.91447321e-02  4.60207090e-02  5.35245314e-02  6.16407208e-02
  7.03568086e-02  7.96581581e-02  8.95287469e-02  9.99524668e-02  1.10912010e-01
  1.22387603e-01  1.34355396e-01  1.46785468e-01  1.59639060e-01  1.72865167e-01
  1.86395884e-01  2.00140998e-01  2.13981718e-01  2.27764875e-01  2.41299838e-01
  2.54362375e-01  2.66709745e-01  2.78107107e-01  2.88357526e-01  2.97325402e-01
  3.04948896e-01  3.11242402e-01  3.16289812e-01  3.20227087e-01  3.23215395e-01
  8.93211216e-02  8.59703496e-02  8.02765638e-02  7.46287107e-02  6.93137571e-02
  6.41046166e-02  5.89664802e-02  5.38957193e-02  4.88958023e-02  4.39729951e-02
  3.91357280e-02  3.43947224e-02  2.97633130e-02  2.52579898e-02  2.08993331e-02
  1.67137329e-02  1.27367657e-02  8.79747048e-03  4.96549951e-03  1.30194786e-03
 -2.15494353e-03 -5.34171704e-03 -8.18668865e-03 -1.06177479e-02 -1.25664631e-02
 -1.39705352e-02 -1.47754513e-02 -1.49356443e-02 -1.44152641e-02 -1.31881051e-02
 -1.12350900e-02 -8.53439141e-03 -5.03049791e-03 -7.23939040e-04  4.33960650e-03
  1.00533478e-02  1.62024889e-02  2.31952723e-02  3.09207160e-02  3.93011980e-02
  4.83305454e-02  5.79773188e-02  6.82056844e-02  7.89881945e-02  9.02958587e-02
  1.02096885e-01  1.14355162e-01  1.27028763e-01  1.40067950e-01  1.53412908e-01
  1.66991070e-01  1.80714563e-01  1.94478109e-01  2.08158046e-01  2.21613586e-01
  2.34691247e-01  2.47232959e-01  2.59087056e-01  2.70120144e-01  2.80227125e-01
  2.89337814e-01  2.97418982e-01  3.04471940e-01  3.10526043e-01  3.15630078e-01
  9.25982296e-02  8.87066722e-02  8.38711560e-02  7.83950314e-02  7.26433843e-02
  6.67844489e-02  6.08818606e-02  5.49680144e-02  4.90652621e-02  4.31914963e-02
  3.73624116e-02  3.15930322e-02  2.58990433e-02  2.02980787e-02  1.48111405e-02
  9.46423318e-03  4.08463087e-03 -1.28684123e-03 -6.58582058e-03 -1.17365308e-02
 -1.66589078e-02 -2.12682001e-02 -2.54786778e-02 -2.92074569e-02 -3.23773660e-02
 -3.49188074e-02 -3.67706791e-02 -3.78805697e-02 -3.82043310e-02 -3.77050042e-02
 -3.63510959e-02 -3.41146067e-02 -3.09709851e-02 -2.69103032e-02 -2.19403375e-02
 -1.60864741e-02 -9.38406587e-03 -1.84592383e-03  6.40556309e-03  1.50985187e-02
  2.45770589e-02  3.47181857e-02  4.54212315e-02  5.66827394e-02  6.84663877e-02
  8.07336867e-02  9.34413075e-02  1.06542073e-01  1.19983435e-01  1.33705780e-01
  1.47641078e-01  1.61711752e-01  1.75830141e-01  1.89898655e-01  2.03810915e-01
  2.17454270e-01  2.30713427e-01  2.43474826e-01  2.55631208e-01  2.67085493e-01
  2.77753443e-01  2.87564963e-01  2.96464473e-01  3.04410398e-01  3.11375141e-01
  9.87678170e-02  9.51624215e-02  8.87887776e-02  8.21993500e-02  7.56692886e-02
  6.90194368e-02  6.22678585e-02  5.54512329e-02  4.86002006e-02  4.17377539e-02
  3.48815396e-02  2.80462597e-02  2.12455336e-02  1.44933863e-02  7.80578749e-03
  1.00850372e-03 -5.86500717e-03 -1.27514843e-02 -1.95664987e-02 -2.62132250e-02
 -3.25897001e-02 -3.85939814e-02 -4.41282243e-02 -4.91016619e-02 -5.34324832e-02
 -5.70486933e-02 -5.98881878e-02 -6.18981943e-02 -6.30343109e-02 -6.32593408e-02
 -6.25420213e-02 -6.08561523e-02 -5.81804998e-02 -5.45000657e-02 -4.98066247e-02
 -4.40985970e-02 -3.73808332e-02 -2.96671037e-02 -2.09962465e-02 -1.14329346e-02
 -1.04057905e-03  9.97403543e-03  2.11831238e-02  3.30698565e-02  4.54809181e-02
  5.83805963e-02  7.17147589e-02  8.54363367e-02  9.94957834e-02  1.13838717e-01
  1.28405467e-01  1.43130943e-01  1.57944664e-01  1.72770828e-01  1.87528566e-01
  2.02132553e-01  2.16493681e-01  2.30519667e-01  2.44115368e-01  2.57182539e-01
  2.69619167e-01  2.81319082e-01  2.92172372e-01  3.02068681e-01  3.10903221e-01
  1.02359056e-01  9.82553586e-02  9.26295072e-02  8.58852789e-02  7.85620734e-02
  7.09650293e-02  6.32295161e-02  5.54157011e-02  4.75529321e-02  3.96575034e-02
  3.17399018e-02  2.38079466e-02  1.58681273e-02  7.92565662e-03 -1.99094167e-04
 -8.48570094e-03 -1.68731418e-02 -2.52712108e-02 -3.35713215e-02 -4.16561365e-02
 -4.94074374e-02 -5.67118935e-02 -6.34649470e-02 -6.95729777e-02 -7.49541894e-02
 -7.95384869e-02 -8.32667127e-02 -8.60894397e-02 -8.79657194e-02 -8.88617039e-02
 -8.87494609e-02 -8.76060501e-02 -8.54128152e-02 -8.21549743e-02 -7.78211579e-02
 -7.24029467e-02 -6.58948645e-02 -5.82957081e-02 -4.96123172e-02 -3.98644023e-02
 -2.90936250e-02 -1.73895042e-02 -4.90305247e-03  8.17248225e-03  2.13527828e-02
  3.50893475e-02  4.92269173e-02  6.37524277e-02  7.86278695e-02  9.38056856e-02
  1.09234788e-01  1.24862656e-01  1.40635654e-01  1.56498522e-01  1.72393635e-01
  1.88260108e-01  2.04032376e-01  2.19638184e-01  2.34995410e-01  2.50007540e-01
  2.64557987e-01  2.78503895e-01  2.91672051e-01  3.03860843e-01  3.14853042e-01
  1.10364497e-01  1.06804572e-01  9.94019136e-02  9.04391930e-02  8.14651772e-02
  7.25708753e-02  6.36995733e-02  5.48178367e-02  4.59084362e-02  3.69617343e-02
  2.79720649e-02  1.89365018e-02  9.85450018e-03  5.35815139e-04 -9.02616698e-03
 -1.87807828e-02 -2.86365245e-02 -3.84757333e-02 -4.81674112e-02 -5.75777069e-02
 -6.65777177e-02 -7.50486627e-02 -8.28847811e-02 -8.99943635e-02 -9.62994918e-02
 -1.01735003e-01 -1.06246911e-01 -1.09790727e-01 -1.12329841e-01 -1.13834061e-01
 -1.14278503e-01 -1.13642685e-01 -1.11909993e-01 -1.09067179e-01 -1.05103932e-01
 -1.00012317e-01 -9.37861949e-02 -8.64209235e-02 -7.79136792e-02 -6.82651848e-02
 -5.74840903e-02 -4.55959141e-02 -3.26556377e-02 -1.87666919e-02 -4.11849981e-03
  1.10184941e-02  2.60150563e-02  4.14871164e-02  5.73528744e-02  7.35502914e-02
  9.00291577e-02  1.06748596e-01  1.23673394e-01  1.40771240e-01  1.58010706e-01
  1.75359607e-01  1.92782700e-01  2.10238367e-01  2.27673069e-01  2.45012835e-01
  2.62150109e-01  2.78924912e-01  2.95100749e-01  3.10342193e-01  3.24220330e-01
  1.15944684e-01  1.12715282e-01  1.03876255e-01  9.33893248e-02  8.32407027e-02
  7.32802153e-02  6.33907244e-02  5.35106473e-02  4.36018892e-02  3.36383209e-02
  2.36012023e-02  1.34777576e-02  3.14685702e-03 -7.50751467e-03 -1.84513852e-02
 -2.95973141e-02 -4.08220515e-02 -5.19826859e-02 -6.29301667e-02 -7.35195726e-02
 -8.36170316e-02 -9.31036025e-02 -1.01876840e-01 -1.09850563e-01 -1.16953567e-01
 -1.23127669e-01 -1.28325522e-01 -1.32508382e-01 -1.35644138e-01 -1.37705684e-01
 -1.38669744e-01 -1.38516158e-01 -1.37227729e-01 -1.34790286e-01 -1.31192952e-01
 -1.26428127e-01 -1.20491333e-01 -1.13380305e-01 -1.05093934e-01 -9.56311002e-02
 -8.49905834e-02 -7.31732622e-02 -6.01885878e-02 -4.60684896e-02 -3.08926217e-02
 -1.48267439e-02  1.81242207e-03  1.85316112e-02  3.56147997e-02  5.30143902e-02
  7.06904382e-02  8.86269435e-02  1.06817037e-01  1.25258118e-01  1.43950775e-01
  1.62898540e-01  1.82107493e-01  2.01584324e-01  2.21332416e-01  2.41343796e-01
  2.61584252e-01  2.81965554e-01  3.02293181e-01  3.22154492e-01  3.40652645e-01
  1.16257474e-01  1.12214692e-01  1.04233220e-01  9.41206366e-02  8.35169703e-02
  7.28417411e-02  6.21469915e-02  5.14134839e-02  4.06108685e-02  2.97096986e-02
  1.86825655e-02  7.50137586e-03 -4.05003782e-03 -1.59779973e-02 -2.82132663e-02
 -4.06352766e-02 -5.30934222e-02 -6.54248744e-02 -7.74682835e-02 -8.90731737e-02
 -1.00105517e-01 -1.10450163e-01 -1.20011121e-01 -1.28710210e-01 -1.36485025e-01
 -1.43286213e-01 -1.49074718e-01 -1.53819010e-01 -1.57492504e-01 -1.60071522e-01
 -1.61533728e-01 -1.61857367e-01 -1.61021426e-01 -1.59006342e-01 -1.55795380e-01
 -1.51376083e-01 -1.45741284e-01 -1.38889313e-01 -1.30822986e-01 -1.21547244e-01
 -1.11066222e-01 -9.93806049e-02 -8.64872634e-02 -7.23837912e-02 -5.70815541e-02
 -4.06310782e-02 -2.31641363e-02 -4.95087076e-03  1.35244187e-02  3.22717689e-02
  5.12044728e-02  7.03845546e-02  8.98508877e-02  1.09634466e-01  1.29768133e-01
  1.50292560e-01  1.71260297e-01  1.92738727e-01  2.14812472e-01  2.37585068e-01
  2.61179268e-01  2.85733223e-01  3.11380565e-01  3.38161707e-01  3.64966393e-01
  1.20139033e-01  1.16900578e-01  1.06227674e-01  9.41689238e-02  8.27219710e-02
  7.13906065e-02  6.00291491e-02  4.85798866e-02  3.70058306e-02  2.52772290e-02
  1.33694354e-02  1.12996600e-03 -1.15546305e-02 -2.46499255e-02 -3.80496420e-02
 -5.16024269e-02 -6.51347861e-02 -7.84691721e-02 -9.14368480e-02 -1.03885889e-01
 -1.15685239e-01 -1.26725838e-01 -1.36919856e-01 -1.46198779e-01 -1.54510692e-01
 -1.61817208e-01 -1.68090105e-01 -1.73307821e-01 -1.77452132e-01 -1.80505112e-01
 -1.82446837e-01 -1.83254018e-01 -1.82899863e-01 -1.81355327e-01 -1.78591445e-01
 -1.74582645e-01 -1.69310018e-01 -1.62764013e-01 -1.54945299e-01 -1.45863339e-01
 -1.35532379e-01 -1.23965763e-01 -1.11169852e-01 -9.71401334e-02 -8.18626508e-02
 -6.53247535e-02 -4.75398898e-02 -2.85912659e-02 -8.69759079e-03  1.17056388e-02
  3.16758193e-02  5.19648232e-02  7.26022571e-02  9.36182737e-02  1.15056761e-01
  1.36981532e-01  1.59481332e-01  1.82675943e-01  2.06724942e-01  2.31840625e-01
  2.58308262e-01  2.86521405e-01  3.17062259e-01  3.51032853e-01  3.93457592e-01
  1.15905121e-01  1.11198954e-01  1.02799207e-01  9.21350196e-02  8.07057396e-02
  6.90200999e-02  5.71683645e-02  4.51417379e-02  3.29131037e-02  2.04541720e-02
  7.73959234e-03 -5.45792002e-03 -1.91598907e-02 -3.32894549e-02 -4.77045253e-02
 -6.22263849e-02 -7.66630024e-02 -9.08262804e-02 -1.04543440e-01 -1.17663391e-01
 -1.30059406e-01 -1.41629308e-01 -1.52294204e-01 -1.61996230e-01 -1.70695662e-01
 -1.78367555e-01 -1.84997708e-01 -1.90578461e-01 -1.95104212e-01 -1.98567107e-01
 -2.00953498e-01 -2.02241346e-01 -2.02399194e-01 -2.01387048e-01 -1.99159250e-01
 -1.95669219e-01 -1.90875441e-01 -1.84747636e-01 -1.77271590e-01 -1.68450966e-01
 -1.58305153e-01 -1.46862671e-01 -1.34151503e-01 -1.20188683e-01 -1.04972407e-01
 -8.84812325e-02 -7.06854910e-02 -5.15776724e-02 -3.12300902e-02 -9.88791138e-03
  1.19010489e-02  3.32004577e-02  5.49104773e-02  7.70142451e-02  9.95457619e-02
  1.22575812e-01  1.46209642e-01  1.70591548e-01  1.95915058e-01  2.22439080e-01
  2.50511169e-01  2.80598819e-01  3.13326061e-01  3.49532008e-01  3.90620768e-01
  1.19555630e-01  1.16091885e-01  1.03271037e-01  9.01705623e-02  7.80803263e-02
  6.60275072e-02  5.37945479e-02  4.13102321e-02  2.85371412e-02  1.54430093e-02
  1.98840629e-03 -1.20517844e-02 -2.66425572e-02 -4.16629724e-02 -5.69375344e-02
 -7.22640604e-02 -8.74358565e-02 -1.02257289e-01 -1.16553381e-01 -1.30174667e-01
 -1.42998904e-01 -1.54930711e-01 -1.65900335e-01 -1.75861359e-01 -1.84787899e-01
 -1.92670852e-01 -1.99513376e-01 -2.05325618e-01 -2.10118994e-01 -2.13900596e-01
 -2.16667980e-01 -2.18405202e-01 -2.19080329e-01 -2.18645126e-01 -2.17037380e-01
 -2.14185879e-01 -2.10018381e-01 -2.04471141e-01 -1.97499007e-01 -1.89082950e-01
 -1.79233029e-01 -1.67984575e-01 -1.55387685e-01 -1.41492158e-01 -1.26331627e-01
 -1.09912172e-01 -9.22111124e-02 -7.31925294e-02 -5.28480038e-02 -3.12725902e-02
 -8.78440775e-03  1.39174908e-02  3.67699191e-02  5.98526336e-02  8.32421556e-02
  1.07026629e-01  1.31314248e-01  1.56241387e-01  1.81982890e-01  2.08766192e-01
  2.36891910e-01  2.66763985e-01  2.98927546e-01  3.34011227e-01  3.71371329e-01
  1.10418312e-01  1.04820825e-01  9.64557007e-02  8.60738233e-02  7.46385604e-02
  6.26228079e-02  5.01808114e-02  3.73533703e-02  2.41457559e-02  1.05530210e-02
 -3.61393159e-03 -1.84132699e-02 -3.37764621e-02 -4.95508648e-02 -6.55356497e-02
 -8.15108940e-02 -9.72591192e-02 -1.12579398e-01 -1.27295464e-01 -1.41259491e-01
 -1.54353306e-01 -1.66488126e-01 -1.77603438e-01 -1.87665135e-01 -1.96662605e-01
 -2.04604641e-01 -2.11514145e-01 -2.17421681e-01 -2.22358659e-01 -2.26350352e-01
 -2.29409516e-01 -2.31531009e-01 -2.32687980e-01 -2.32829839e-01 -2.31883034e-01
 -2.29754895e-01 -2.26341411e-01 -2.21538693e-01 -2.15257466e-01 -2.07437560e-01
 -1.98059067e-01 -1.87145635e-01 -1.74757630e-01 -1.60975426e-01 -1.45876929e-01
 -1.29515439e-01 -1.11905098e-01 -9.30204391e-02 -7.28173628e-02 -5.12835756e-02
 -2.85274740e-02 -4.90951864e-03  1.88025236e-02  4.25973386e-02  6.65417984e-02
  9.07128081e-02  1.15194522e-01  1.40081912e-01  1.65485263e-01  1.91534758e-01
  2.18385637e-01  2.46226221e-01  2.75298387e-01  3.05953801e-01  3.38356137e-01
  1.10311158e-01  1.05075613e-01  9.51956436e-02  8.36052373e-02  7.17191249e-02
  5.94326220e-02  4.67070416e-02  3.35361920e-02  1.99149102e-02  5.83352661e-03
 -8.92709661e-03 -2.43678857e-02 -4.03776653e-02 -5.67719415e-02 -7.33273402e-02
 -8.98092538e-02 -1.05991647e-01 -1.21669434e-01 -1.36665314e-01 -1.50832847e-01
 -1.64057642e-01 -1.76257432e-01 -1.87381431e-01 -1.97408661e-01 -2.06344903e-01
 -2.14217931e-01 -2.21071184e-01 -2.26956278e-01 -2.31924936e-01 -2.36021280e-01
 -2.39274576e-01 -2.41693169e-01 -2.43259564e-01 -2.43927181e-01 -2.43619025e-01
 -2.42229417e-01 -2.39629582e-01 -2.35678405e-01 -2.30238497e-01 -2.23196313e-01
 -2.14482278e-01 -2.04085022e-01 -1.92053616e-01 -1.78484678e-01 -1.63496450e-01
 -1.47197068e-01 -1.29656255e-01 -1.10889353e-01 -9.08610448e-02 -6.95157871e-02
 -4.68440466e-02 -2.29950324e-02  1.55850290e-03  2.58235335e-02  5.00491373e-02
  7.43109062e-02  9.86568034e-02  1.23124816e-01  1.47745356e-01  1.72535643e-01
  1.97485581e-01  2.22528413e-01  2.47478768e-01  2.71902710e-01  2.94921190e-01
  1.07728921e-01  1.01910844e-01  9.25355777e-02  8.12011585e-02  6.91556036e-02
  5.66108897e-02  4.35874425e-02  3.00790519e-02  1.60701741e-02  1.53377419e-03
 -1.37488423e-02 -2.97358800e-02 -4.62822691e-02 -6.31780475e-02 -8.01820979e-02
 -9.70484614e-02 -1.13544501e-01 -1.29461884e-01 -1.44622505e-01 -1.58881277e-01
 -1.72127664e-01 -1.84286267e-01 -1.95316583e-01 -2.05211431e-01 -2.13993356e-01
 -2.21708924e-01 -2.28421286e-01 -2.34201491e-01 -2.39119723e-01 -2.43237004e-01
 -2.46597841e-01 -2.49223888e-01 -2.51108855e-01 -2.52214313e-01 -2.52466887e-01
 -2.51757443e-01 -2.49943763e-01 -2.46858150e-01 -2.42321983e-01 -2.36167595e-01
 -2.28265330e-01 -2.18549296e-01 -2.07033083e-01 -1.93807095e-01 -1.79015189e-01
 -1.62816465e-01 -1.45344153e-01 -1.26673907e-01 -1.06811538e-01 -8.57068226e-02
 -6.33004755e-02 -3.96140069e-02 -1.48921404e-02  1.02073913e-02  3.44331935e-02
  5.86041957e-02  8.26676860e-02  1.06593817e-01  1.30348831e-01  1.53878018e-01
  1.77088678e-01  1.99828729e-01  2.21860409e-01  2.42837474e-01  2.62310117e-01
  1.06842689e-01  1.00946292e-01  9.11270604e-02  7.93822855e-02  6.70471713e-02
  5.42337634e-02  4.09322865e-02  2.71298308e-02  1.28153013e-02 -2.17294367e-03
 -1.79249123e-02 -3.43780331e-02 -5.13662212e-02 -6.86622337e-02 -8.60124901e-02
 -1.03162959e-01 -1.19876243e-01 -1.35941654e-01 -1.51180640e-01 -1.65449828e-01
 -1.78642869e-01 -1.90691680e-01 -2.01566428e-01 -2.11273730e-01 -2.19852269e-01
 -2.27366015e-01 -2.33895466e-01 -2.39528179e-01 -2.44349420e-01 -2.48433754e-01
 -2.51837969e-01 -2.54595041e-01 -2.56709158e-01 -2.58151442e-01 -2.58855999e-01
 -2.58717507e-01 -2.57590622e-01 -2.55293936e-01 -2.51620740e-01 -2.46359140e-01
 -2.39321545e-01 -2.30379432e-01 -2.19493195e-01 -2.06724375e-01 -1.92221567e-01
 -1.76181421e-01 -1.58797309e-01 -1.40212387e-01 -1.20491602e-01 -9.96210724e-02
 -7.75408149e-02 -5.42186946e-02 -2.97776461e-02 -4.68587177e-03  2.00052243e-02
  4.42524999e-02  6.81157112e-02  9.15909410e-02  1.14638336e-01  1.37188241e-01
  1.59138784e-01  1.80350587e-01  2.00643063e-01  2.19797045e-01  2.37568617e-01
  1.06123805e-01  1.00153804e-01  8.99920091e-02  7.79366866e-02  6.53683841e-02
  5.23248427e-02  3.87766920e-02  2.47048419e-02  1.00932010e-02 -5.25246933e-03
 -2.13849992e-02 -3.82143110e-02 -5.55535518e-02 -7.31605291e-02 -9.07716006e-02
 -1.08126454e-01 -1.24984071e-01 -1.41132087e-01 -1.56391993e-01 -1.70622483e-01
 -1.83721706e-01 -1.95629045e-01 -2.06325114e-01 -2.15829432e-01 -2.24195227e-01
 -2.31501311e-01 -2.37842470e-01 -2.43319109e-01 -2.48027831e-01 -2.52053052e-01
 -2.55460471e-01 -2.58291513e-01 -2.60558873e-01 -2.62242228e-01 -2.63284177e-01
 -2.63586342e-01 -2.63006896e-01 -2.61360794e-01 -2.58426458e-01 -2.53961951e-01
 -2.47733504e-01 -2.39554524e-01 -2.29326829e-01 -2.17068598e-01 -2.02914000e-01
 -1.87079325e-01 -1.69805676e-01 -1.51298732e-01 -1.31685078e-01 -1.10997237e-01
 -8.91926661e-02 -6.62108809e-02 -4.20763567e-02 -1.70543715e-02  8.15122854e-03
  3.22301723e-02  5.58745265e-02  7.90058076e-02  1.01555154e-01  1.23446651e-01
  1.44589424e-01  1.64874554e-01  1.84175789e-01  2.02354237e-01  2.19267711e-01
  1.04694672e-01  9.83471423e-02  8.85664076e-02  7.67650753e-02  6.41360208e-02
  5.09308018e-02  3.71796563e-02  2.28772778e-02  8.01093224e-03 -7.62611534e-03
 -2.40624193e-02 -4.11872827e-02 -5.87977506e-02 -7.66400546e-02 -9.44429114e-02
 -1.11941300e-01 -1.28891617e-01 -1.45080477e-01 -1.60329878e-01 -1.74500749e-01
 -1.87495813e-01 -1.99261442e-01 -2.09787607e-01 -2.19105020e-01 -2.27278873e-01
 -2.34399810e-01 -2.40573376e-01 -2.45909333e-01 -2.50512034e-01 -2.54472524e-01
 -2.57862300e-01 -2.60728419e-01 -2.63089567e-01 -2.64932036e-01 -2.66205549e-01
 -2.66818911e-01 -2.66635984e-01 -2.65473515e-01 -2.63104379e-01 -2.59269476e-01
 -2.53703475e-01 -2.46174768e-01 -2.36533463e-01 -2.24752426e-01 -2.10940957e-01
 -1.95319578e-01 -1.78161412e-01 -1.59721836e-01 -1.40181512e-01 -1.19618952e-01
 -9.80189666e-02 -7.53199682e-02 -5.15052937e-02 -2.67484989e-02 -1.61541963e-03
  2.27100831e-02  4.63805124e-02  6.93762898e-02  9.16596055e-02  1.13176666e-01
  1.33859590e-01  1.53628647e-01  1.72395602e-01  1.90068319e-01  2.06557095e-01
  1.05970435e-01  1.00061253e-01  8.90762880e-02  7.64312446e-02  6.35288283e-02
  5.01448214e-02  3.62103358e-02  2.17079110e-02  6.62693102e-03 -9.24377330e-03
 -2.59162057e-02 -4.32656556e-02 -6.10782318e-02 -7.90923834e-02 -9.70317498e-02
 -1.14628322e-01 -1.31636977e-01 -1.47843957e-01 -1.63072124e-01 -1.77184701e-01
 -1.90088421e-01 -2.01735511e-01 -2.12123528e-01 -2.21291795e-01 -2.29314446e-01
 -2.36290559e-01 -2.42333114e-01 -2.47557983e-01 -2.52074391e-01 -2.55977213e-01
 -2.59341270e-01 -2.62216955e-01 -2.64626473e-01 -2.66560197e-01 -2.67972738e-01
 -2.68778145e-01 -2.68845141e-01 -2.67993599e-01 -2.65995175e-01 -2.62582481e-01
 -2.57471710e-01 -2.50401914e-01 -2.41186470e-01 -2.29762390e-01 -2.16215134e-01
 -2.00761527e-01 -1.83692396e-01 -1.65296197e-01 -1.45792291e-01 -1.25294030e-01
 -1.03809752e-01 -8.12833309e-02 -5.76777533e-02 -3.31102721e-02 -8.04482959e-03
  1.64819565e-02  4.02087457e-02  6.31641522e-02  8.53331387e-02  1.06677227e-01
  1.27143577e-01  1.46670133e-01  1.65189728e-01  1.82634339e-01  1.98939756e-01
  1.03898734e-01  9.71688703e-02  8.77402052e-02  7.62403905e-02  6.35205880e-02
  5.00279739e-02  3.59164998e-02  2.12270245e-02  5.96198207e-03 -1.00910636e-02
 -2.69374512e-02 -4.44462709e-02 -6.23984709e-02 -8.05287585e-02 -9.85583961e-02
 -1.16218112e-01 -1.33262381e-01 -1.49477720e-01 -1.64688051e-01 -1.78758532e-01
 -1.91598952e-01 -2.03165725e-01 -2.13461474e-01 -2.22531125e-01 -2.30454385e-01
 -2.37335458e-01 -2.43291542e-01 -2.48441845e-01 -2.52898008e-01 -2.56756663e-01
 -2.60094047e-01 -2.62961686e-01 -2.65383214e-01 -2.67350644e-01 -2.68820614e-01
 -2.69709527e-01 -2.69888401e-01 -2.69178659e-01 -2.67351776e-01 -2.64136761e-01
 -2.59241343e-01 -2.52390563e-01 -2.43379444e-01 -2.32126325e-01 -2.18703181e-01
 -2.03323290e-01 -1.86284915e-01 -1.67892143e-01 -1.48383141e-01 -1.27888352e-01
 -1.06427476e-01 -8.39464366e-02 -6.03962652e-02 -3.58605273e-02 -1.07349623e-02
  1.40667381e-02  3.77054736e-02  6.06326126e-02  8.27830285e-02  1.04101002e-01
  1.24530219e-01  1.44011319e-01  1.62482947e-01  1.79884389e-01  1.96159303e-01
  1.10343717e-01  1.05169222e-01  9.23535451e-02  7.82667547e-02  6.45888150e-02
  5.06525561e-02  3.62762213e-02  2.13970896e-02  5.98162692e-03 -1.01973712e-02
 -2.71519013e-02 -4.47531939e-02 -6.27826676e-02 -8.09750482e-02 -9.90517214e-02
 -1.16743736e-01 -1.33806109e-01 -1.50026187e-01 -1.65228918e-01 -1.79280847e-01
 -1.92093477e-01 -2.03625262e-01 -2.13881090e-01 -2.22908184e-01 -2.30788350e-01
 -2.37627536e-01 -2.43544281e-01 -2.48658523e-01 -2.53082305e-01 -2.56912202e-01
 -2.60224164e-01 -2.63069183e-01 -2.65470177e-01 -2.67418444e-01 -2.68869668e-01
 -2.69739270e-01 -2.69897193e-01 -2.69163758e-01 -2.67309278e-01 -2.64061868e-01
 -2.59128809e-01 -2.52235353e-01 -2.43177712e-01 -2.31876016e-01 -2.18404263e-01
 -2.02977017e-01 -1.85892627e-01 -1.67453811e-01 -1.47896260e-01 -1.27347514e-01
 -1.05824932e-01 -8.32740590e-02 -5.96503392e-02 -3.50519940e-02 -9.91065800e-03
  1.47806685e-02  3.86575982e-02  6.17477559e-02  8.40367526e-02  1.05487518e-01
  1.26048878e-01  1.45660475e-01  1.64256841e-01  1.81771547e-01  1.98141888e-01
  1.08233579e-01  1.01948135e-01  9.17441398e-02  7.91441053e-02  6.56155422e-02
  5.15716225e-02  3.70674469e-02  2.20853109e-02  6.59553055e-03 -9.63007286e-03
 -2.66130865e-02 -4.42310050e-02 -6.22693487e-02 -8.04656073e-02 -9.85431820e-02
 -1.16234683e-01 -1.33296445e-01 -1.49516970e-01 -1.64722115e-01 -1.78779051e-01
 -1.91599518e-01 -2.03141749e-01 -2.13409901e-01 -2.22450107e-01 -2.30342776e-01
 -2.37192288e-01 -2.43115529e-01 -2.48230860e-01 -2.52648592e-01 -2.56463617e-01
 -2.59749860e-01 -2.62556165e-01 -2.64902681e-01 -2.66777486e-01 -2.68132448e-01
 -2.68878669e-01 -2.68881619e-01 -2.67957807e-01 -2.65875697e-01 -2.62365252e-01
 -2.57141531e-01 -2.49944612e-01 -2.40591332e-01 -2.29024097e-01 -2.15333894e-01
 -1.99741021e-01 -1.82536066e-01 -1.64003164e-01 -1.44354150e-01 -1.23693384e-01
 -1.02020979e-01 -7.92760402e-02 -5.54244183e-02 -3.05998959e-02 -5.30379592e-03
  1.93650853e-02  4.33386452e-02  6.66009262e-02  8.91187266e-02  1.10842705e-01
  1.31709039e-01  1.51641801e-01  1.70556247e-01  1.88363597e-01  2.04977244e-01
  1.11526072e-01  1.06064118e-01  9.43705663e-02  8.06459412e-02  6.68213367e-02
  5.26924282e-02  3.81603502e-02  2.31779069e-02  7.71043310e-03 -8.46585352e-03
 -2.53847800e-02 -4.29330207e-02 -6.09028898e-02 -7.90368021e-02 -9.70616564e-02
 -1.14712648e-01 -1.31748050e-01 -1.47957727e-01 -1.63168326e-01 -1.77246928e-01
 -1.90104097e-01 -2.01695666e-01 -2.12022230e-01 -2.21125469e-01 -2.29080930e-01
 -2.35988051e-01 -2.41959080e-01 -2.47108117e-01 -2.51541644e-01 -2.55350858e-01
 -2.58605927e-01 -2.61351526e-01 -2.63602972e-01 -2.65342593e-01 -2.66515642e-01
 -2.67025977e-01 -2.66732067e-01 -2.65445292e-01 -2.62933403e-01 -2.58933663e-01
 -2.53179520e-01 -2.45441541e-01 -2.35575929e-01 -2.23563954e-01 -2.09522918e-01
 -1.93677679e-01 -1.76299855e-01 -1.57637358e-01 -1.37859032e-01 -1.17029905e-01
 -9.51231644e-02 -7.20718727e-02 -4.78665046e-02 -2.27073152e-02  2.79130647e-03
  2.73975246e-02  5.14835492e-02  7.49952272e-02  9.78765190e-02  1.20059624e-01
  1.41459927e-01  1.61974028e-01  1.81480914e-01  1.99846849e-01  2.16934681e-01
  1.10581376e-01  1.04640231e-01  9.42474231e-02  8.14525783e-02  6.79032579e-02
  5.39019071e-02  3.94725837e-02  2.45979335e-02  9.25288443e-03 -6.77296054e-03
 -2.35283915e-02 -4.09125686e-02 -5.87275699e-02 -7.67230093e-02 -9.46309045e-02
 -1.12190045e-01 -1.29161283e-01 -1.45336181e-01 -1.60542086e-01 -1.74645498e-01
 -1.87554687e-01 -1.99221268e-01 -2.09639773e-01 -2.18844414e-01 -2.26902425e-01
 -2.33904928e-01 -2.39956275e-01 -2.45163411e-01 -2.49626294e-01 -2.53430128e-01
 -2.56639063e-01 -2.59291351e-01 -2.61395186e-01 -2.62924761e-01 -2.63816357e-01
 -2.63964713e-01 -2.63220668e-01 -2.61391997e-01 -2.58250862e-01 -2.53551304e-01
 -2.47059062e-01 -2.38591760e-01 -2.28059694e-01 -2.15491518e-01 -2.01030269e-01
 -1.84895769e-01 -1.67325467e-01 -1.48514673e-01 -1.28575385e-01 -1.07525297e-01
 -8.53122920e-02 -6.18799180e-02 -3.72838639e-02 -1.18702194e-02  1.34911854e-02
  3.82556990e-02  6.26097694e-02  8.65316316e-02  1.09977745e-01  1.32880315e-01
  1.55141637e-01  1.76627800e-01  1.97164625e-01  2.16540143e-01  2.34518170e-01
  1.11802854e-01  1.06201962e-01  9.55039859e-02  8.25252309e-02  6.90653920e-02
  5.52268811e-02  4.09795977e-02  2.62992810e-02  1.11652277e-02 -4.61181859e-03
 -2.11020950e-02 -3.82220112e-02 -5.57871200e-02 -7.35570192e-02 -9.12707970e-02
 -1.08672135e-01 -1.25525221e-01 -1.41623750e-01 -1.56795934e-01 -1.70907483e-01
 -1.83863699e-01 -1.95610702e-01 -2.06135049e-01 -2.15460837e-01 -2.23643973e-01
 -2.30763838e-01 -2.36913443e-01 -2.42189214e-01 -2.46681511e-01 -2.50466555e-01
 -2.53599823e-01 -2.56110638e-01 -2.57997692e-01 -2.59225130e-01 -2.59719104e-01
 -2.59365559e-01 -2.58010238e-01 -2.55463272e-01 -2.51511335e-01 -2.45939136e-01
 -2.38560423e-01 -2.29253128e-01 -2.17987999e-01 -2.04837739e-01 -1.89958841e-01
 -1.73549339e-01 -1.55796245e-01 -1.36829972e-01 -1.16699725e-01 -9.53776538e-02
 -7.27981403e-02 -4.89400141e-02 -2.39616726e-02  1.61070901e-03  2.66855545e-02
  5.15577756e-02  7.62230679e-02  1.00673176e-01  1.24885328e-01  1.48811772e-01
  1.72365695e-01  1.95401341e-01  2.17688948e-01  2.38892600e-01  2.58575261e-01
  1.12074003e-01  1.06621198e-01  9.61121395e-02  8.33994448e-02  7.02269450e-02
  5.66554852e-02  4.26631235e-02  2.82412451e-02  1.33801447e-02 -2.04701023e-03
 -1.81675535e-02 -3.49175483e-02 -5.21290749e-02 -6.95745796e-02 -8.70024487e-02
 -1.04162842e-01 -1.20824262e-01 -1.36783168e-01 -1.51868910e-01 -1.65946499e-01
 -1.78918004e-01 -1.90723419e-01 -2.01340050e-01 -2.10780025e-01 -2.19085321e-01
 -2.26320505e-01 -2.32563794e-01 -2.37897456e-01 -2.42398739e-01 -2.46131569e-01
 -2.49139696e-01 -2.51441032e-01 -2.53023028e-01 -2.53839135e-01 -2.53806561e-01
 -2.52806038e-01 -2.50685334e-01 -2.47268036e-01 -2.42369592e-01 -2.35820800e-01
 -2.27495670e-01 -2.17336938e-01 -2.05369502e-01 -1.91694081e-01 -1.76460102e-01
 -1.59825176e-01 -1.41913727e-01 -1.22787707e-01 -1.02438927e-01 -8.08101520e-02
 -5.78537546e-02 -3.36400121e-02 -8.52743536e-03  1.66099276e-02  4.16240320e-02
  6.65941834e-02  9.15725902e-02  1.16600171e-01  1.41709313e-01  1.66918859e-01
  1.92220718e-01  2.17551291e-01  2.42731228e-01  2.67338574e-01  2.90517271e-01
  1.10680729e-01  1.04864560e-01  9.57193598e-02  8.42092261e-02  7.15378076e-02
  5.82538433e-02  4.45248149e-02  3.03893778e-02  1.58425383e-02  8.58047628e-04
 -1.47919944e-02 -3.10644135e-02 -4.78112735e-02 -6.48215711e-02 -8.18560719e-02
 -9.86735076e-02 -1.15048088e-01 -1.30779713e-01 -1.45699307e-01 -1.59671277e-01
 -1.72594592e-01 -1.84402883e-01 -1.95063710e-01 -2.04576105e-01 -2.12966368e-01
 -2.20281765e-01 -2.26582646e-01 -2.31933817e-01 -2.36395836e-01 -2.40017161e-01
 -2.42827147e-01 -2.44830549e-01 -2.46003330e-01 -2.46290043e-01 -2.45603412e-01
 -2.43826985e-01 -2.40821972e-01 -2.36439556e-01 -2.30538487e-01 -2.23006383e-01
 -2.13780016e-01 -2.02858165e-01 -1.90300912e-01 -1.76213279e-01 -1.60716265e-01
 -1.43913761e-01 -1.25865057e-01 -1.06571659e-01 -8.59860331e-02 -6.40495718e-02
 -4.07699533e-02 -1.63480043e-02  8.64729751e-03  3.30986865e-02  5.77541627e-02
  8.26221779e-02  1.07753500e-01  1.33226141e-01  1.59141153e-01  1.85622871e-01
  2.12822020e-01  2.40922496e-01  2.70160884e-01  3.00881028e-01  3.33243549e-01
  1.19803503e-01  1.16546169e-01  1.01347148e-01  8.66711363e-02  7.33151138e-02
  5.99989183e-02  4.64745499e-02  3.26645337e-02  1.85285471e-02  4.03405959e-03
 -1.10602472e-02 -2.67483182e-02 -4.29120436e-02 -5.93635663e-02 -7.58805647e-02
 -9.22333300e-02 -1.08203396e-01 -1.23594947e-01 -1.38240725e-01 -1.52004644e-01
 -1.64782539e-01 -1.76501781e-01 -1.87120095e-01 -1.96623132e-01 -2.05020711e-01
 -2.12341353e-01 -2.18625546e-01 -2.23918140e-01 -2.28260532e-01 -2.31683478e-01
 -2.34200671e-01 -2.35803917e-01 -2.36459896e-01 -2.36109257e-01 -2.34668329e-01
 -2.32034415e-01 -2.28095070e-01 -2.22741291e-01 -2.15883106e-01 -2.07464680e-01
 -1.97474629e-01 -1.85947284e-01 -1.72952861e-01 -1.58577889e-01 -1.42901003e-01
 -1.25970602e-01 -1.07791953e-01 -8.83302987e-02 -6.75373077e-02 -4.54101041e-02
 -2.20931154e-02  1.97228673e-03  2.58704666e-02  4.99045700e-02  7.41705522e-02
  9.87573788e-02  1.23769008e-01  1.49336725e-01  1.75630137e-01  2.02871025e-01
  2.31353059e-01  2.61470973e-01  2.93757111e-01  3.28825086e-01  3.66046995e-01
  1.12605572e-01  1.07461035e-01  9.84094441e-02  8.68056118e-02  7.42375851e-02
  6.13211915e-02  4.81831543e-02  3.48214842e-02  2.12070886e-02  7.30614364e-03
 -7.11815199e-03 -2.20959354e-02 -3.75416316e-02 -5.32942526e-02 -6.91517889e-02
 -8.48986283e-02 -1.00325182e-01 -1.15240507e-01 -1.29479185e-01 -1.42904401e-01
 -1.55408591e-01 -1.66912839e-01 -1.77365214e-01 -1.86738297e-01 -1.95025593e-01
 -2.02236831e-01 -2.08392188e-01 -2.13515937e-01 -2.17629761e-01 -2.20746726e-01
 -2.22865999e-01 -2.23969281e-01 -2.24019140e-01 -2.22959712e-01 -2.20720395e-01
 -2.17222467e-01 -2.12388530e-01 -2.06153423e-01 -1.98474914e-01 -1.89340934e-01
 -1.78771093e-01 -1.66810706e-01 -1.53517991e-01 -1.38947338e-01 -1.23133250e-01
 -1.06080256e-01 -8.77645984e-02 -6.81542233e-02 -4.72548157e-02 -2.51909774e-02
 -2.32763076e-03  2.05805022e-02  4.36433330e-02  6.69203103e-02  9.04871672e-02
  1.14436127e-01  1.38882548e-01  1.63974583e-01  1.89905763e-01  2.16932118e-01
  2.45395541e-01  2.75754243e-01  3.08618188e-01  3.44805807e-01  3.85685146e-01
  1.17090993e-01  1.14099801e-01  1.01206250e-01  8.73937011e-02  7.46582597e-02
  6.20692037e-02  4.94202562e-02  3.66371684e-02  2.36739200e-02  1.04923733e-02
 -3.12832883e-03 -1.72540136e-02 -3.18326876e-02 -4.67323586e-02 -6.17738217e-02
 -7.67576769e-02 -9.14846212e-02 -1.05769157e-01 -1.19447611e-01 -1.32381931e-01
 -1.44460753e-01 -1.55598581e-01 -1.65734127e-01 -1.74827576e-01 -1.82857201e-01
 -1.89815268e-01 -1.95703134e-01 -2.00526148e-01 -2.04288319e-01 -2.06987768e-01
 -2.08612964e-01 -2.09140688e-01 -2.08535761e-01 -2.06753090e-01 -2.03741938e-01
 -1.99452087e-01 -1.93841055e-01 -1.86880961e-01 -1.78563237e-01 -1.68899670e-01
 -1.57918543e-01 -1.45656511e-01 -1.32147774e-01 -1.17413528e-01 -1.01455756e-01
 -8.42600763e-02 -6.58128336e-02 -4.61390354e-02 -2.53678933e-02 -3.83025059e-03
  1.78208519e-02  3.96403447e-02  6.16572425e-02  8.39130729e-02  1.06463879e-01
  1.29382968e-01  1.52765393e-01  1.76734626e-01  2.01451778e-01  2.27128923e-01
  2.54049182e-01  2.82601416e-01  3.13357711e-01  3.47393900e-01  3.89604300e-01
  1.09741919e-01  1.05107687e-01  9.65024754e-02  8.55019540e-02  7.37872720e-02
  6.19105436e-02  4.99611124e-02  3.79206538e-02  2.57519111e-02  1.34186139e-02
  7.51460553e-04 -1.23710046e-02 -2.59274561e-02 -3.98143157e-02 -5.38762175e-02
 -6.79316372e-02 -8.17930624e-02 -9.52813551e-02 -1.08234845e-01 -1.20514072e-01
 -1.32003427e-01 -1.42610803e-01 -1.52265802e-01 -1.60917252e-01 -1.68530032e-01
 -1.75081357e-01 -1.80556908e-01 -1.84946701e-01 -1.88241303e-01 -1.90428615e-01
 -1.91491589e-01 -1.91407472e-01 -1.90148398e-01 -1.87683672e-01 -1.83983296e-01
 -1.79022193e-01 -1.72784209e-01 -1.65264755e-01 -1.56471163e-01 -1.46420240e-01
 -1.35133103e-01 -1.22628599e-01 -1.08917274e-01 -9.39989910e-02 -7.78677836e-02
 -6.05288595e-02 -4.20328416e-02 -2.25321688e-02 -2.35753856e-03  1.78890862e-02
  3.83260250e-02  5.89531660e-02  7.97784403e-02  1.00819074e-01  1.22102775e-01
  1.43669188e-01  1.65571511e-01  1.87878564e-01  2.10676730e-01  2.34071821e-01
  2.58189708e-01  2.83173591e-01  3.09166789e-01  3.36234391e-01  3.63310814e-01
  1.09284900e-01  1.06037363e-01  9.54516008e-02  8.33060965e-02  7.19189197e-02
  6.07788265e-02  4.96872552e-02  3.85545194e-02  2.73250919e-02  1.59547050e-02
  4.39891452e-03 -7.57545559e-03 -1.99638866e-02 -3.26861478e-02 -4.56101187e-02
 -5.85736446e-02 -7.14030787e-02 -8.39275271e-02 -9.59885716e-02 -1.07446015e-01
 -1.18180402e-01 -1.28093287e-01 -1.37105986e-01 -1.45157352e-01 -1.52200997e-01
 -1.58202216e-01 -1.63134769e-01 -1.66977823e-01 -1.69713244e-01 -1.71323538e-01
 -1.71790525e-01 -1.71095163e-01 -1.69218317e-01 -1.66142270e-01 -1.61852807e-01
 -1.56341076e-01 -1.49604782e-01 -1.41648024e-01 -1.32479623e-01 -1.22109994e-01
 -1.10547654e-01 -9.77965519e-02 -8.38567242e-02 -6.87312260e-02 -5.24431430e-02
 -3.50677371e-02 -1.67841595e-02  2.04378157e-03  2.08193082e-02  3.98334228e-02
  5.90553395e-02  7.84612969e-02  9.80340615e-02  1.17762610e-01  1.37641832e-01
  1.57672033e-01  1.77857935e-01  1.98206618e-01  2.18723401e-01  2.39403993e-01
  2.60220021e-01  2.81092077e-01  3.01838636e-01  3.22063804e-01  3.40882331e-01
  1.00102507e-01  9.57750678e-02  8.79122242e-02  7.82947391e-02  6.84153512e-02
  5.85077852e-02  4.85541187e-02  3.85252051e-02  2.83984523e-02  1.81548651e-02
  7.77711906e-03 -2.95843882e-03 -1.40693178e-02 -2.55010985e-02 -3.71474326e-02
 -4.88687009e-02 -6.05085976e-02 -7.19077215e-02 -8.29136595e-02 -9.33875442e-02
 -1.03207618e-01 -1.12270430e-01 -1.20490365e-01 -1.27798036e-01 -1.34138167e-01
 -1.39467031e-01 -1.43749982e-01 -1.46959081e-01 -1.49071187e-01 -1.50066435e-01
 -1.49927452e-01 -1.48639008e-01 -1.46188423e-01 -1.42565966e-01 -1.37765482e-01
 -1.31784528e-01 -1.24623977e-01 -1.16286799e-01 -1.06776617e-01 -9.60963294e-02
 -8.42482671e-02 -7.12375343e-02 -5.70807494e-02 -4.18230705e-02 -2.55652722e-02
 -8.50493927e-03  9.03747883e-03  2.63549332e-02  4.39930856e-02  6.18838109e-02
  7.99738839e-02  9.82177928e-02  1.16574511e-01  1.35005862e-01  1.53475404e-01
  1.71947211e-01  1.90383956e-01  2.08743691e-01  2.26974607e-01  2.45006487e-01
  2.62737781e-01  2.80016631e-01  2.96616524e-01  3.12212795e-01  3.26387197e-01
  9.08329263e-02  8.60194117e-02  7.96507001e-02  7.21163824e-02  6.39528707e-02
  5.54557666e-02  4.67594340e-02  3.79244387e-02  2.89782230e-02  1.99329257e-02
  1.07933702e-02  1.36362156e-03 -8.38852394e-03 -1.84317790e-02 -2.86856834e-02
 -3.90352309e-02 -4.93447855e-02 -5.94703183e-02 -6.92692176e-02 -7.86073431e-02
 -8.73634890e-02 -9.54316184e-02 -1.02721319e-01 -1.09157123e-01 -1.14677064e-01
 -1.19230792e-01 -1.22777678e-01 -1.25284970e-01 -1.26726195e-01 -1.27079993e-01
 -1.26329139e-01 -1.24460071e-01 -1.21462472e-01 -1.17328994e-01 -1.12054862e-01
 -1.05637416e-01 -9.80754420e-02 -8.93688500e-02 -7.95191601e-02 -6.85318410e-02
 -5.64221777e-02 -4.32268418e-02 -2.90215630e-02 -1.39520541e-02  1.74073689e-03
  1.75852068e-02  3.38198394e-02  5.03156856e-02  6.70608804e-02  8.40172395e-02
  1.01134993e-01  1.18358620e-01  1.35629088e-01  1.52884841e-01  1.70062125e-01
  1.87094823e-01  2.03913838e-01  2.20445454e-01  2.36608565e-01  2.52310246e-01
  2.67439991e-01  2.81863362e-01  2.95417219e-01  3.07911128e-01  3.19139451e-01
  8.51316303e-02  8.08413997e-02  7.41821676e-02  6.69291243e-02  5.96414357e-02
  5.21881096e-02  4.45899926e-02  3.68826874e-02  2.90946160e-02  2.12464798e-02
  1.33555084e-02  5.26634045e-03 -3.07736173e-03 -1.16661573e-02 -2.04441473e-02
 -2.93212738e-02 -3.81847024e-02 -4.69092056e-02 -5.53660467e-02 -6.34299815e-02
 -7.09842294e-02 -7.79235587e-02 -8.41557309e-02 -8.96017328e-02 -9.41950902e-02
 -9.78807434e-02 -1.00613549e-01 -1.02356859e-01 -1.03081129e-01 -1.02762774e-01
 -1.01383142e-01 -9.89277139e-02 -9.53853130e-02 -9.07475129e-02 -8.50082487e-02
 -7.81638473e-02 -7.02135786e-02 -6.11615069e-02 -5.10208979e-02 -3.98210809e-02
 -2.76185684e-02 -1.45233097e-02 -7.03163620e-04  1.35114808e-02  2.80398540e-02
  4.30305414e-02  5.84191978e-02  7.41371512e-02  9.01253894e-02  1.06322624e-01
  1.22661717e-01  1.39068782e-01  1.55463338e-01  1.71758994e-01  1.87864646e-01
  2.03685939e-01  2.19127029e-01  2.34091893e-01  2.48485252e-01  2.62212545e-01
  2.75179088e-01  2.87289202e-01  2.98445791e-01  3.08552712e-01  3.17519873e-01
  7.80567303e-02  7.34141394e-02  6.78790882e-02  6.17156103e-02  5.52693270e-02
  4.87010404e-02  4.20693085e-02  3.54015455e-02  2.87144817e-02  2.20188480e-02
  1.53195187e-02  8.61183740e-03  1.70408457e-03 -5.39773889e-03 -1.26535865e-02
 -1.99947786e-02 -2.73309760e-02 -3.45576666e-02 -4.15633209e-02 -4.82356437e-02
 -5.44664934e-02 -6.01554848e-02 -6.52121529e-02 -6.95570335e-02 -7.31217489e-02
 -7.58484602e-02 -7.76888803e-02 -7.86030963e-02 -7.85584897e-02 -7.75287077e-02
 -7.54929185e-02 -7.24350139e-02 -6.83428869e-02 -6.32079840e-02 -5.70259877e-02
 -4.97991629e-02 -4.15386893e-02 -3.22686732e-02 -2.20395904e-02 -1.09382980e-02
  9.30867391e-04  1.32785672e-02  2.60822959e-02  3.94801646e-02  5.33868596e-02
  6.77616000e-02  8.25541690e-02  9.77069736e-02  1.13156423e-01  1.28831029e-01
  1.44649372e-01  1.60518676e-01  1.76334351e-01  1.91980794e-01  2.07333773e-01
  2.22264379e-01  2.36644402e-01  2.50352293e-01  2.63278872e-01  2.75331467e-01
  2.86436498e-01  2.96539605e-01  3.05604339e-01  3.13610077e-01  3.20549935e-01
  7.31103942e-02  6.92931339e-02  6.28171489e-02  5.65050468e-02  5.05779497e-02
  4.47701775e-02  3.90374847e-02  3.33688296e-02  2.77615283e-02  2.22170632e-02
  1.67406090e-02  1.13416985e-02  5.82964439e-03  1.95336586e-04 -5.53968130e-03
 -1.13277975e-02 -1.71007551e-02 -2.27754042e-02 -2.82593817e-02 -3.34563293e-02
 -3.82704176e-02 -4.26099934e-02 -4.63903062e-02 -4.95352037e-02 -5.19778356e-02
 -5.36606126e-02 -5.45345359e-02 -5.45582622e-02 -5.36971949e-02 -5.19231893e-02
 -4.92152274e-02 -4.55593839e-02 -4.09480557e-02 -3.53789814e-02 -2.88565494e-02
 -2.14053020e-02 -1.30709438e-02 -3.90228024e-03  5.97965205e-03  1.62808839e-02
  2.73455456e-02  3.90667208e-02  5.13885431e-02  6.42883033e-02  7.77305886e-02
  9.16774124e-02  1.06085151e-01  1.20902367e-01  1.36067614e-01  1.51506498e-01
  1.67128474e-01  1.82823673e-01  1.98460683e-01  2.13886291e-01  2.28928506e-01
  2.43403926e-01  2.57129639e-01  2.69937724e-01  2.81689644e-01  2.92287111e-01
  3.01678061e-01  3.09856176e-01  3.16855401e-01  3.22739244e-01  3.27588469e-01
  6.47793487e-02  6.02945797e-02  5.53271174e-02  5.01282327e-02  4.49983440e-02
  4.00390401e-02  3.52487862e-02  3.06051485e-02  2.60901637e-02  2.16959883e-02
  1.74258482e-02  1.32952612e-02  9.13940836e-03  4.93264990e-03  6.82338898e-04
 -3.57981562e-03 -7.80349458e-03 -1.19244941e-02 -1.58689935e-02 -1.95574649e-02
 -2.29082797e-02 -2.58411355e-02 -2.82804593e-02 -3.01576406e-02 -3.14121544e-02
 -3.19917761e-02 -3.18519771e-02 -3.09545659e-02 -2.92659216e-02 -2.67567225e-02
 -2.34111100e-02 -1.92285031e-02 -1.42222205e-02 -8.41096137e-03 -1.78779394e-03
  5.56732761e-03  1.34648494e-02  2.20195036e-02  3.13360915e-02  4.13297564e-02
  5.19954860e-02  6.33098856e-02  7.52492398e-02  8.77930596e-02  1.00919627e-01
  1.14604421e-01  1.28817797e-01  1.43522158e-01  1.58668205e-01  1.74190193e-01
  1.89999729e-01  2.05978498e-01  2.21970320e-01  2.37774685e-01  2.53145456e-01
  2.67800391e-01  2.81446099e-01  2.93814123e-01  3.04696798e-01  3.13971251e-01
  3.21609706e-01  3.27677846e-01  3.32321227e-01  3.35737646e-01  3.38140607e-01
  5.73031269e-02  5.33051938e-02  4.77511100e-02  4.26058806e-02  3.82135622e-02
  3.42272483e-02  3.05070784e-02  2.69785095e-02  2.36031003e-02  2.03653350e-02
  1.72643289e-02  1.43072521e-02  1.15011791e-02  8.67291261e-03  5.84087754e-03
  3.03442194e-03  2.93983932e-04 -2.33046501e-03 -4.78135794e-03 -6.99528586e-03
 -8.90444126e-03 -1.04387654e-02 -1.15336562e-02 -1.21324072e-02 -1.21870916e-02
 -1.16590224e-02 -1.05185816e-02 -8.74295179e-03 -6.30745478e-03 -3.15860170e-03
  7.08573032e-04  5.26102353e-03  1.04152402e-02  1.59982890e-02  2.23919954e-02
  2.95056980e-02  3.72792110e-02  4.57038544e-02  5.47852479e-02  6.45153150e-02
  7.48896301e-02  8.59036818e-02  9.75536555e-02  1.09836780e-01  1.22750632e-01
  1.36291906e-01  1.50454611e-01  1.65227368e-01  1.80589452e-01  1.96504682e-01
  2.12912545e-01  2.29715079e-01  2.46757925e-01  2.63804615e-01  2.80507237e-01
  2.96392739e-01  3.10907573e-01  3.23539913e-01  3.33932400e-01  3.41909558e-01
  3.47477227e-01  3.50820392e-01  3.52298647e-01  3.52398694e-01  3.51603478e-01
  4.49247025e-02  4.01081368e-02  3.60089876e-02  3.26078944e-02  2.97383536e-02
  2.71787122e-02  2.47926209e-02  2.25218274e-02  2.03504991e-02  1.82843022e-02
  1.63410772e-02  1.45479431e-02  1.29433330e-02  1.13719329e-02  9.84094106e-03
  8.37361533e-03  7.00174412e-03  5.76238520e-03  4.69632819e-03  3.84832476e-03
  3.27162538e-03  3.04438989e-03  3.21979634e-03  3.83703411e-03  4.92468616e-03
  6.49910839e-03  8.55871849e-03  1.10715888e-02  1.39483921e-02  1.75246056e-02
  2.17394885e-02  2.65532210e-02  3.19342911e-02  3.78663763e-02  4.43881340e-02
  5.15047386e-02  5.92133030e-02  6.75153211e-02  7.64164776e-02  8.59238431e-02
  9.60467979e-02  1.06797136e-01  1.18189402e-01  1.30241200e-01  1.42973363e-01
  1.56409755e-01  1.70576930e-01  1.85502946e-01  2.01215178e-01  2.17736304e-01
  2.35076845e-01  2.53222167e-01  2.72109479e-01  2.91584224e-01  3.11306864e-01
  3.30535293e-01  3.47861826e-01  3.61905277e-01  3.72337759e-01  3.78882736e-01
  3.81628096e-01  3.80874246e-01  3.77149940e-01  3.72007608e-01  3.66691083e-01
  2.86290497e-02  2.25230604e-02  2.06419136e-02  2.04568356e-02  2.00785529e-02
  1.93831846e-02  1.85008422e-02  1.75318848e-02  1.65461730e-02  1.55968564e-02
  1.47280945e-02  1.39789470e-02  1.33854495e-02  1.29811903e-02  1.26250070e-02
  1.23596685e-02  1.22177266e-02  1.22256959e-02  1.24028753e-02  1.27548054e-02
  1.32573275e-02  1.41657954e-02  1.54739302e-02  1.71829443e-02  1.92993972e-02
  2.18289327e-02  2.47739404e-02  2.81350873e-02  3.19206044e-02  3.61757316e-02
  4.09116521e-02  4.61274236e-02  5.18199764e-02  5.79905957e-02  6.46488592e-02
  7.18045533e-02  7.94679672e-02  8.76517519e-02  9.63717327e-02  1.05647057e-01
  1.15500577e-01  1.25959337e-01  1.37055248e-01  1.48825869e-01  1.61315545e-01
  1.74576834e-01  1.88672096e-01  2.03675613e-01  2.19675645e-01  2.36776680e-01
  2.55100578e-01  2.74786174e-01  2.95986176e-01  3.18863839e-01  3.43629271e-01
  3.71001333e-01  4.02315229e-01  4.11305636e-01  4.26106125e-01  4.29108381e-01
  4.26696211e-01  4.25618887e-01  4.05107588e-01  3.90928358e-01  3.80073279e-01
  1.46265421e-02  7.03182444e-03  7.77760288e-03  1.02090770e-02  1.14660459e-02
  1.20956162e-02  1.23830531e-02  1.24861663e-02  1.25106182e-02  1.25337308e-02
  1.26140723e-02  1.27959643e-02  1.31110353e-02  1.35767451e-02  1.41903041e-02
  1.49628734e-02  1.59104671e-02  1.70504134e-02  1.84002053e-02  1.99784525e-02
  2.18103193e-02  2.39449572e-02  2.64070630e-02  2.92095616e-02  3.23593281e-02
  3.58594656e-02  3.97108085e-02  4.39138673e-02  4.84714210e-02  5.33902831e-02
  5.86744845e-02  6.43260702e-02  7.03475550e-02  7.67442584e-02  8.35256428e-02
  9.07049850e-02  9.82993767e-02  1.06330022e-01  1.14822470e-01  1.23806804e-01
  1.33317962e-01  1.43396229e-01  1.54088050e-01  1.65447414e-01  1.77537665e-01
  1.90434277e-01  2.04228729e-01  2.19033808e-01  2.34991089e-01  2.52281338e-01
  2.71138310e-01  2.91866302e-01  3.14859450e-01  3.40624183e-01  3.69874865e-01
  4.03067917e-01  4.25801396e-01  4.41499740e-01  4.53620166e-01  4.52566743e-01
  4.51855361e-01  4.35559869e-01  4.16099101e-01  3.99670124e-01  3.86445075e-01
  1.09805483e-02  4.41011321e-03  2.62875459e-03  3.47328279e-03  4.77731368e-03
  5.92455734e-03  6.86908327e-03  7.68397655e-03  8.45397171e-03  9.25215241e-03
  1.01363678e-02  1.11503648e-02  1.23258252e-02  1.36844451e-02  1.52405761e-02
  1.70068480e-02  1.89956054e-02  2.12191604e-02  2.36898810e-02  2.64205150e-02
  2.94247903e-02  3.27172093e-02  3.63072492e-02  4.01986726e-02  4.43903320e-02
  4.88772206e-02  5.36517277e-02  5.87049946e-02  6.40283152e-02  6.96141869e-02
  7.54564852e-02  8.15514252e-02  8.78988951e-02  9.45037529e-02  1.01376750e-01
  1.08534850e-01  1.16001233e-01  1.23805135e-01  1.31981447e-01  1.40570477e-01
  1.49617761e-01  1.59174189e-01  1.69296697e-01  1.80049449e-01  1.91505879e-01
  2.03751892e-01  2.16890395e-01  2.31048197e-01  2.46386021e-01  2.63113946e-01
  2.81515628e-01  3.01988214e-01  3.25110495e-01  3.51743162e-01  3.82654697e-01
  4.11501765e-01  4.30323839e-01  4.46422726e-01  4.52195108e-01  4.53184813e-01
  4.45810884e-01  4.28389341e-01  4.11000192e-01  3.96267533e-01  3.83921832e-01
  2.64087605e-04 -8.63377098e-03 -6.19069813e-03 -2.69246404e-03 -7.74049025e-04
  6.48853020e-04  1.88810262e-03  3.08800209e-03  4.34222585e-03  5.71790524e-03
  7.26302620e-03  9.01110098e-03  1.09851239e-02  1.32008856e-02  1.56696923e-02
  1.84005909e-02  2.14015115e-02  2.46795807e-02  2.82409973e-02  3.20906714e-02
  3.62316780e-02  4.06643748e-02  4.53850701e-02  5.03853038e-02  5.56518286e-02
  6.11670613e-02  6.69099540e-02  7.28572905e-02  7.89852217e-02  8.52711350e-02
  9.16955024e-02  9.82439816e-02  1.04909353e-01  1.11693107e-01  1.18606433e-01
  1.25670388e-01  1.32915452e-01  1.40380442e-01  1.48111194e-01  1.56159148e-01
  1.64580286e-01  1.73434317e-01  1.82784691e-01  1.92699075e-01  2.03250825e-01
  2.14521155e-01  2.26602539e-01  2.39603400e-01  2.53654897e-01  2.68920690e-01
  2.85611928e-01  3.04010868e-01  3.24507654e-01  3.47613603e-01  3.73187393e-01
  3.95182699e-01  4.10243601e-01  4.22840625e-01  4.26866382e-01  4.27547425e-01
  4.20231164e-01  4.07191843e-01  3.94948542e-01  3.83993179e-01  3.74243677e-01
  3.94529570e-03 -3.20011051e-03 -5.88006573e-03 -5.82796428e-03 -4.98451898e-03
 -3.99180688e-03 -2.89682625e-03 -1.62577035e-03 -1.10884590e-04  1.68949971e-03
  3.79587174e-03  6.21593790e-03  8.95135198e-03  1.20020229e-02  1.53683554e-02
  1.90519989e-02  2.30555329e-02  2.73815468e-02  3.20314392e-02  3.70042101e-02
  4.22952995e-02  4.78955731e-02  5.37903979e-02  5.99590391e-02  6.63743615e-02
  7.30029643e-02  7.98058510e-02  8.67397264e-02  9.37591568e-02  1.00819536e-01
  1.07880689e-01  1.14910811e-01  1.21890165e-01  1.28813863e-01  1.35693386e-01
  1.42556384e-01  1.49445072e-01  1.56413347e-01  1.63523436e-01  1.70842424e-01
  1.78439468e-01  1.86383665e-01  1.94743052e-01  2.03584224e-01  2.12972790e-01
  2.22974211e-01  2.33654872e-01  2.45082885e-01  2.57328361e-01  2.70461798e-01
  2.84548372e-01  2.99632937e-01  3.15704554e-01  3.32617074e-01  3.49661261e-01
  3.64557117e-01  3.76369536e-01  3.84726495e-01  3.89270186e-01  3.89830232e-01
  3.86398613e-01  3.80543292e-01  3.73884976e-01  3.67026180e-01  3.60312313e-01
 -5.31411404e-03 -1.55119104e-02 -1.19953686e-02 -9.53323580e-03 -9.09834076e-03
 -8.83370079e-03 -8.23223405e-03 -7.11918250e-03 -5.45741571e-03 -3.26926564e-03
 -5.97084756e-04  2.51632673e-03  6.03663689e-03  9.94090922e-03  1.42170172e-02
  1.88611168e-02  2.38742828e-02  2.92590689e-02  3.50164622e-02  4.11434583e-02
  4.76312712e-02  5.44641241e-02  6.16183579e-02  6.90617189e-02  7.67526254e-02
  8.46395567e-02  9.26608816e-02  1.00745678e-01  1.08816266e-01  1.16792917e-01
  1.24600582e-01  1.32176802e-01  1.39479458e-01  1.46492720e-01  1.53229877e-01
  1.59732416e-01  1.66065738e-01  1.72312260e-01  1.78563461e-01  1.84912682e-01
  1.91449404e-01  1.98255807e-01  2.05404952e-01  2.12960467e-01  2.20976770e-01
  2.29499400e-01  2.38564759e-01  2.48198807e-01  2.58413643e-01  2.69200742e-01
  2.80518860e-01  2.92272896e-01  3.04279238e-01  3.16215575e-01  3.27581793e-01
  3.37767065e-01  3.46228480e-01  3.52591604e-01  3.56656522e-01  3.58409673e-01
  3.58063281e-01  3.56055558e-01  3.52908969e-01  3.49070489e-01  3.44868213e-01
  7.87174050e-03 -4.33780311e-04 -6.38027443e-03 -1.05515672e-02 -1.35135418e-02
 -1.51861086e-02 -1.54644102e-02 -1.44959381e-02 -1.25138666e-02 -9.72461980e-03
 -6.29081205e-03 -2.33074301e-03  2.07925495e-03  6.89878594e-03  1.21146180e-02
  1.77309699e-02  2.37604752e-02  3.02167255e-02  3.71087417e-02  4.44373041e-02
  5.21930195e-02  6.03557602e-02  6.88947439e-02  7.77683407e-02  8.69227573e-02
  9.62893739e-02  1.05781473e-01  1.15291879e-01  1.24693930e-01  1.33847997e-01
  1.42614573e-01  1.50871977e-01  1.58534497e-01  1.65566102e-01  1.71986863e-01
  1.77870452e-01  1.83333069e-01  1.88516289e-01  1.93568334e-01  1.98628798e-01
  2.03819171e-01  2.09239185e-01  2.14966923e-01  2.21060693e-01  2.27561370e-01
  2.34494030e-01  2.41868496e-01  2.49678358e-01  2.57898122e-01  2.66478181e-01
  2.75337309e-01  2.84353018e-01  2.93351501e-01  3.02102566e-01  3.10328305e-01
  3.17732543e-01  3.24043900e-01  3.29055846e-01  3.32652450e-01  3.34821463e-01
  3.35654467e-01  3.35328490e-01  3.34068596e-01  3.32106113e-01  3.29648823e-01
  1.25949886e-02  3.18776560e-03 -6.01132959e-03 -1.49690788e-02 -2.30101217e-02
 -2.70812176e-02 -2.70850863e-02 -2.52515282e-02 -2.21442878e-02 -1.81217082e-02
 -1.34700052e-02 -8.37104395e-03 -2.91595887e-03  2.87423749e-03  9.02387034e-03
  1.55793605e-02  2.25917809e-02  3.01050674e-02  3.81484665e-02  4.67322655e-02
  5.58467954e-02  6.54651597e-02  7.55483583e-02  8.60491768e-02  9.69112143e-02
  1.08061835e-01  1.19399875e-01  1.30781144e-01  1.42007604e-01  1.52830601e-01
  1.62977472e-01  1.72198310e-01  1.80313617e-01  1.87246278e-01  1.93035305e-01
  1.97831586e-01  2.01871693e-01  2.05430463e-01  2.08770171e-01  2.12107778e-01
  2.15605482e-01  2.19375908e-01  2.23492041e-01  2.27996722e-01  2.32909918e-01
  2.38233179e-01  2.43952066e-01  2.50036627e-01  2.56440401e-01  2.63098210e-01
  2.69923657e-01  2.76806563e-01  2.83612251e-01  2.90184557e-01  2.96353787e-01
  3.01950455e-01  3.06822300e-01  3.10850918e-01  3.13964307e-01  3.16143394e-01
  3.17421287e-01  3.17874968e-01  3.17611814e-01  3.16753387e-01  3.15421760e-01
  1.56535637e-02  4.82302019e-03 -7.13706994e-03 -2.08407789e-02 -3.65150869e-02
 -4.41642962e-02 -4.41515744e-02 -4.03899588e-02 -3.45149152e-02 -2.82093845e-02
 -2.16871314e-02 -1.51348468e-02 -8.58248770e-03 -1.92495610e-03  4.98986663e-03
  1.23107880e-02  2.01663207e-02  2.86549013e-02  3.78395021e-02  4.77437042e-02
  5.83451353e-02  6.95847198e-02  8.13956633e-02  9.37270150e-02  1.06545970e-01
  1.19821720e-01  1.33495659e-01  1.47436440e-01  1.61378235e-01  1.74865291e-01
  1.87289968e-01  1.98081598e-01  2.06864551e-01  2.13480845e-01  2.18002900e-01
  2.20749289e-01  2.22278997e-01  2.23220214e-01  2.24064663e-01  2.25118786e-01
  2.26549968e-01  2.28439346e-01  2.30817512e-01  2.33685315e-01  2.37025157e-01
  2.40806639e-01  2.44989216e-01  2.49522701e-01  2.54347056e-01  2.59391546e-01
  2.64573991e-01  2.69800901e-01  2.74968475e-01  2.79965699e-01  2.84679443e-01
  2.89001316e-01  2.92835444e-01  2.96105951e-01  2.98762858e-01  3.00784916e-01
  3.02179605e-01  3.02979708e-01  3.03237617e-01  3.03018242e-01  3.02392244e-01
  2.00975463e-02  8.90045613e-03 -3.88003676e-03 -1.90513339e-02 -3.79526615e-02
 -5.01100644e-02 -5.71370572e-02 -5.45609184e-02 -4.83321361e-02 -3.84776220e-02
 -2.91256290e-02 -2.11740080e-02 -1.40515333e-02 -7.12398114e-03  3.64892039e-05
  7.67546939e-03  1.60525963e-02  2.53332127e-02  3.55939232e-02  4.69461605e-02
  5.93302585e-02  7.24902079e-02  8.62297788e-02  1.00501604e-01  1.15363285e-01
  1.30927846e-01  1.47327095e-01  1.64666697e-01  1.82914957e-01  2.01508701e-01
  2.18443394e-01  2.31881782e-01  2.41878510e-01  2.47704729e-01  2.49888211e-01
  2.48157218e-01  2.44545147e-01  2.41110370e-01  2.38473937e-01  2.36744300e-01
  2.35889494e-01  2.35838473e-01  2.36512363e-01  2.37834215e-01  2.39730954e-01
  2.42132694e-01  2.44970977e-01  2.48177141e-01  2.51680613e-01  2.55407900e-01
  2.59281754e-01  2.63221443e-01  2.67143548e-01  2.70963937e-01  2.74600565e-01
  2.77977049e-01  2.81026304e-01  2.83694267e-01  2.85942525e-01  2.87749827e-01
  2.89111972e-01  2.90040523e-01  2.90560067e-01  2.90704846e-01  2.90515333e-01
  2.70769373e-02  1.69380624e-02  5.67954872e-03 -6.88403565e-03 -2.05187909e-02
 -3.43420282e-02 -5.09254858e-02 -5.24632856e-02 -5.27498387e-02 -4.06889357e-02
 -3.05621978e-02 -2.35663205e-02 -1.86881870e-02 -1.29958391e-02 -5.76447230e-03
  7.83077849e-04  9.15430114e-03  1.95797049e-02  2.98650526e-02  4.29343805e-02
  5.86767904e-02  7.44841397e-02  9.02368352e-02  1.06195629e-01  1.22680373e-01
  1.40050873e-01  1.58737674e-01  1.79305330e-01  2.02586323e-01  2.30164796e-01
  2.60279387e-01  2.70109177e-01  2.89788187e-01  2.86360949e-01  2.93902367e-01
  2.76977897e-01  2.64284819e-01  2.55568594e-01  2.49431267e-01  2.45172858e-01
  2.42357820e-01  2.40692720e-01  2.39968896e-01  2.40030155e-01  2.40753189e-01
  2.42035449e-01  2.43787453e-01  2.45927766e-01  2.48379767e-01  2.51069546e-01
  2.53924787e-01  2.56874263e-01  2.59848207e-01  2.62779176e-01  2.65603483e-01
  2.68262863e-01  2.70706356e-01  2.72892088e-01  2.74788439e-01  2.76374876e-01
  2.77641863e-01  2.78590143e-01  2.79229611e-01  2.79577255e-01  2.79655606e-01
  3.60824689e-02  2.77976785e-02  1.88951902e-02  9.39121097e-03 -5.55812323e-04
 -1.06414091e-02 -2.01955978e-02 -2.88262926e-02 -4.11955453e-02 -2.71177553e-02
 -2.06627790e-02 -1.72656663e-02 -1.75160374e-02 -1.43435001e-02 -5.68456342e-03
 -2.28907727e-03  5.57805318e-03  1.82770286e-02  2.58516632e-02  4.03137319e-02
  6.02751262e-02  7.79007077e-02  9.45862532e-02  1.11105472e-01  1.28006518e-01
  1.45780265e-01  1.64967522e-01  1.86263815e-01  2.10654274e-01  2.39486918e-01
  2.67992228e-01  2.81501442e-01  2.97521889e-01  2.97685981e-01  3.00556272e-01
  2.85817325e-01  2.71436751e-01  2.61162102e-01  2.53791839e-01  2.48498619e-01
  2.44757354e-01  2.42227286e-01  2.40675271e-01  2.39930928e-01  2.39861444e-01
  2.40357667e-01  2.41326064e-01  2.42683753e-01  2.44355321e-01  2.46270716e-01
  2.48363987e-01  2.50572562e-01  2.52837211e-01  2.55102128e-01  2.57315755e-01
  2.59431452e-01  2.61408418e-01  2.63212442e-01  2.64816612e-01  2.66201556e-01
  2.67355502e-01  2.68273711e-01  2.68957973e-01  2.69415587e-01  2.69658118e-01
  2.79650784e+00  2.82654715e+00  2.76790476e+00  2.69370699e+00  2.59838390e+00
  2.50395608e+00  2.41733027e+00  2.33946013e+00  2.27092361e+00  2.21079278e+00
  2.16020918e+00  2.11630964e+00  2.07904935e+00  2.04742789e+00  2.02101135e+00
  1.99899340e+00  1.98073077e+00  1.96619570e+00  1.95439863e+00  1.94555795e+00
  1.93894994e+00  1.93475175e+00  1.93239176e+00  1.93194783e+00  1.93304205e+00
  1.93570352e+00  1.93984520e+00  1.94519293e+00  1.95184624e+00  1.95970845e+00
  1.96871591e+00  1.97881293e+00  1.99012601e+00  2.00247240e+00  2.01604557e+00
  2.03077793e+00  2.04679370e+00  2.06407928e+00  2.08283067e+00  2.10303831e+00
  2.12488341e+00  2.14854622e+00  2.17411208e+00  2.20184612e+00  2.23197556e+00
  2.26474500e+00  2.30053782e+00  2.33959007e+00  2.38241601e+00  2.42940640e+00
  2.48104501e+00  2.53835440e+00  2.60136724e+00  2.67189503e+00  2.75063109e+00
  2.83945203e+00  2.94105101e+00  3.05698013e+00  3.19202137e+00  3.35236835e+00
  3.54808426e+00  3.79403567e+00  4.12564325e+00  4.64059162e+00  7.39547634e+00
   89   89
  1.03980470e+00  0.00000000e+00  1.04107535e+00  1.00000001e-01  1.04556751e+00
  2.00000003e-01  1.05250001e+00  2.97236860e-01  1.05708194e+00  3.49999994e-01
  1.06768990e+00  4.49999988e-01  1.07906246e+00  5.47251225e-01  1.08526182e+00
  6.00000024e-01  1.09846270e+00  6.99999988e-01  1.10594606e+00  7.50000000e-01
  1.12276065e+00  8.50000024e-01  1.13242733e+00  8.99999976e-01  1.15354526e+00
  1.00000000e+00  1.16289508e+00  1.05441713e+00  1.16704011e+00  1.07327688e+00
  1.23843753e+00  1.06724942e+00  1.29156256e+00  1.06069541e+00  1.34468746e+00
  1.05348122e+00  1.37126207e+00  1.04999995e+00  1.42437506e+00  1.04095733e+00
  1.47749996e+00  1.02898514e+00  1.53062499e+00  1.01448953e+00  1.57737303e+00
  1.00000000e+00  1.61031246e+00  9.89685178e-01  1.66343749e+00  9.68778491e-01
  1.70352376e+00  9.49999988e-01  1.74312496e+00  9.31111813e-01  1.79555345e+00
  8.99999976e-01  1.82281256e+00  8.83099616e-01  1.86814213e+00  8.50000024e-01
  1.90250003e+00  8.23333383e-01  1.92906249e+00  7.99962521e-01  1.98171329e+00
  7.50000000e-01  2.00874996e+00  7.21896172e-01  2.03531241e+00  6.91706717e-01
  2.06834817e+00  6.49999976e-01  2.10430241e+00  6.00000024e-01  2.13548636e+00
  5.50000012e-01  2.16252685e+00  5.00000000e-01  2.18619657e+00  4.49999988e-01
  2.20723104e+00  4.00000006e-01  2.22625852e+00  3.49999994e-01  2.24781251e+00
  2.88825452e-01  2.27413058e+00  2.00000003e-01  2.28567362e+00  1.50000006e-01
  2.29929924e+00  5.00000007e-02  2.29744577e+00 -5.00000007e-02  2.28000832e+00
 -1.50000006e-01  2.26711607e+00 -2.00000003e-01  2.24781251e+00 -2.59766668e-01
  2.22125006e+00 -3.33922595e-01  2.19468760e+00 -3.98247868e-01  2.16981697e+00
 -4.49999988e-01  2.14362693e+00 -5.00000000e-01  2.11500001e+00 -5.49399972e-01
  2.08843756e+00 -5.88770628e-01  2.06187510e+00 -6.23644769e-01  2.03531241e+00
 -6.54651344e-01  1.99243593e+00 -6.99999988e-01  1.95562506e+00 -7.34809220e-01
  1.92906249e+00 -7.56635308e-01  1.87593746e+00 -7.96530962e-01  1.84937501e+00
 -8.13975394e-01  1.79624999e+00 -8.44245493e-01  1.76968753e+00 -8.57012212e-01
  1.71656251e+00 -8.80431354e-01  1.66343749e+00 -8.97728205e-01  1.63687503e+00
 -9.04558957e-01  1.58375001e+00 -9.16559815e-01  1.53062499e+00 -9.24266398e-01
  1.47749996e+00 -9.27098274e-01  1.42437506e+00 -9.24102306e-01  1.37125003e+00
 -9.13262486e-01  1.33580577e+00 -8.99999976e-01  1.29156256e+00 -8.76458466e-01
  1.26152039e+00 -8.50000024e-01  1.21959198e+00 -8.00000012e-01  1.19022036e+00
 -7.50000000e-01  1.16748011e+00 -6.99999988e-01  1.14879644e+00 -6.49999976e-01
  1.13218749e+00 -5.98159313e-01  1.10586739e+00 -5.00000000e-01  1.09409678e+00
 -4.49999988e-01  1.07906246e+00 -3.77655715e-01  1.06505775e+00 -3.00000012e-01
  1.05250001e+00 -2.06796587e-01  1.04674721e+00 -1.50000006e-01  1.04082096e+00
 -5.00000007e-02  1.03980470e+00  0.00000000e+00
  1.01600003e+00  0.00000000e+00  1.01600003e+00  9.63999987e-01  1.01800001e+00
  9.67999995e-01  1.01800001e+00  1.00100005e+00  1.01800001e+00  1.01900005e+00
  1.01800001e+00  1.07700002e+00  1.01800001e+00  1.07000005e+00  1.01800001e+00
  1.09599996e+00  1.01800001e+00  1.11300004e+00  1.01800001e+00  1.13800001e+00
  1.01600003e+00  1.14699996e+00  1.01199996e+00  1.16499996e+00  1.00100005e+00
  1.21700001e+00  1.02900004e+00  1.21700001e+00  1.04200006e+00  1.16240001e+00
  1.04600000e+00  1.16237998e+00  1.05599999e+00  1.16260004e+00  1.09700000e+00
  1.16450000e+00  1.10800004e+00  1.16594005e+00  1.11600006e+00  1.16591001e+00
  1.13399994e+00  1.16895998e+00  1.14800000e+00  1.17174995e+00  1.16199994e+00
  1.17556000e+00  1.18099999e+00  1.18299997e+00  1.18200004e+00  1.18350005e+00
  1.18499994e+00  1.18499994e+00  1.19000006e+00  1.18799996e+00  1.19500005e+00
  1.19099998e+00  1.20099998e+00  1.19599998e+00  1.20899999e+00  1.20200002e+00
  1.21500003e+00  1.20799994e+00  1.22200000e+00  1.21399999e+00  1.22800004e+00
  1.22099996e+00  1.23399997e+00  1.23099995e+00  1.23899996e+00  1.23800004e+00
  1.24199998e+00  1.24399996e+00  1.24800003e+00  1.25399995e+00  1.25800002e+00
  1.27800000e+00  1.26300001e+00  1.28999996e+00  1.27999997e+00  1.33099997e+00
  1.27999997e+00  1.34700000e+00  1.27999997e+00  1.34800005e+00  1.30999994e+00
  1.34800005e+00  1.32799995e+00  1.34800005e+00  1.36099994e+00  1.34800005e+00
  1.38000000e+00  1.34800005e+00  1.41900003e+00  1.34800005e+00  1.41900003e+00
  1.30999994e+00  1.37199998e+00  1.30999994e+00  1.37199998e+00  1.29200006e+00
  1.60800004e+00  1.09500003e+00  1.64699996e+00  1.07700002e+00  1.78499997e+00
  1.07700002e+00  2.06999993e+00  1.03999996e+00  2.12800002e+00  9.92999971e-01
  2.24499989e+00  7.08999991e-01  2.32299995e+00  5.18999994e-01  2.37700009e+00
  3.88999999e-01  2.35200000e+00  4.00000006e-01  2.35100007e+00  3.37000012e-01
  2.35100007e+00  2.04999998e-01  2.35400009e+00  6.80000037e-02  2.35400009e+00
  0.00000000e+00  2.35400009e+00 -6.80000037e-02  2.35299993e+00 -2.04999998e-01
  2.35100007e+00 -3.37000012e-01  2.35299993e+00 -4.00000006e-01  2.37700009e+00
 -3.88999999e-01  2.13400006e+00 -9.72999990e-01  1.78600001e+00 -1.17400002e+00
  1.76800001e+00 -1.21099997e+00  1.76800001e+00 -1.25399995e+00  1.68200004e+00
 -1.25399995e+00  1.67400002e+00 -1.26199996e+00  1.67400002e+00 -1.32900000e+00
  1.68099999e+00 -1.33899999e+00  1.75399995e+00 -1.33899999e+00  1.75399995e+00
 -1.36800003e+00  1.68900001e+00 -1.36800003e+00  1.68900001e+00 -1.36600006e+00
  1.55499995e+00 -1.36600006e+00  1.41199994e+00 -1.36600006e+00  1.27300000e+00
 -1.36600006e+00  1.15300000e+00 -1.36600006e+00  1.01600003e+00 -1.22899997e+00
  1.01600003e+00 -8.00000012e-01  1.01600003e+00 -4.14999992e-01  1.01600003e+00
 -4.00000006e-01  1.01600003e+00  0.00000000e+00
    0 0.000000000e+00    0
  0.00000000e+00  1.35409206e-01  1.91026926e-01  2.31229484e-01  2.65787452e-01
  2.94971675e-01  3.20945829e-01  3.43927979e-01  3.65025908e-01  3.84447992e-01
  4.02331829e-01  4.19282764e-01  4.35201377e-01  4.50290531e-01  4.64715660e-01
  4.78593528e-01  4.91883725e-01  5.04706204e-01  5.17219543e-01  5.29299974e-01
  5.41096210e-01  5.52603662e-01  5.63846409e-01  5.74877381e-01  5.85715652e-01
  5.96346200e-01  6.06787503e-01  6.17127836e-01  6.27312541e-01  6.37342155e-01
  6.47286713e-01  6.57128930e-01  6.66865647e-01  6.76534712e-01  6.86100662e-01
  6.95631504e-01  7.05099642e-01  7.14505553e-01  7.23878682e-01  7.33222485e-01
  7.42525935e-01  7.51831770e-01  7.61120141e-01  7.70414948e-01  7.79716551e-01
  7.89036870e-01  7.98394144e-01  8.07786524e-01  8.17246735e-01  8.26768100e-01
  8.36367667e-01  8.46095443e-01  8.55901182e-01  8.65887225e-01  8.76015186e-01
  8.86334062e-01  8.96924973e-01  9.07727957e-01  9.18851137e-01  9.30363178e-01
  9.42393959e-01  9.54962909e-01  9.68283653e-01  9.82810259e-01  1.00000000e+00
    0
