   EFIT?   05/12/98      #102940  1446             3  65  65
  1.70000005e+00  3.20000005e+00  1.69550002e+00  8.39999974e-01  0.00000000e+00
  1.79761338e+00  3.23413871e-02 -2.71234393e-01  2.94935275e-02 -2.00196600e+00
  1.48019025e+06 -2.71234393e-01  0.00000000e+00  1.79761338e+00  0.00000000e+00
  3.23413871e-02  0.00000000e+00  2.94935275e-02  0.00000000e+00  0.00000000e+00
 -3.40115404e+00 -3.41470122e+00 -3.42579150e+00 -3.43473411e+00 -3.44180393e+00
 -3.44724584e+00 -3.45127821e+00 -3.45409584e+00 -3.45587230e+00 -3.45676303e+00
 -3.45690584e+00 -3.45642376e+00 -3.45542526e+00 -3.45400643e+00 -3.45225072e+00
 -3.45023084e+00 -3.44800901e+00 -3.44563770e+00 -3.44315934e+00 -3.44060802e+00
 -3.43800879e+00 -3.43538117e+00 -3.43274140e+00 -3.43010497e+00 -3.42748570e+00
 -3.42489600e+00 -3.42234707e+00 -3.41984963e+00 -3.41741252e+00 -3.41504455e+00
 -3.41275287e+00 -3.41054440e+00 -3.40842533e+00 -3.40640068e+00 -3.40447521e+00
 -3.40265322e+00 -3.40093803e+00 -3.39933300e+00 -3.39784002e+00 -3.39646149e+00
 -3.39519858e+00 -3.39405274e+00 -3.39302373e+00 -3.39211226e+00 -3.39131784e+00
 -3.39063907e+00 -3.39007497e+00 -3.38962364e+00 -3.38928246e+00 -3.38904881e+00
 -3.38891888e+00 -3.38888860e+00 -3.38895321e+00 -3.38910770e+00 -3.38934541e+00
 -3.38965988e+00 -3.39004302e+00 -3.39048672e+00 -3.39098096e+00 -3.39151549e+00
 -3.39207840e+00 -3.39265656e+00 -3.39323592e+00 -3.39380074e+00 -3.39433336e+00
  1.41208672e+05  1.27675203e+05  1.15492594e+05  1.04564102e+05  9.47977188e+04
  8.61060000e+04  7.84058281e+04  7.16182656e+04  6.56683672e+04  6.04850039e+04
  5.60007305e+04  5.21516172e+04  4.88771250e+04  4.61199531e+04  4.38259414e+04
  4.19439141e+04  4.04256094e+04  3.92255352e+04  3.83008906e+04  3.76114727e+04
  3.71195742e+04  3.67899141e+04  3.65895547e+04  3.64878281e+04  3.64562656e+04
  3.64685547e+04  3.65004492e+04  3.65297383e+04  3.65362031e+04  3.65015430e+04
  3.64093672e+04  3.62451445e+04  3.59961680e+04  3.56515312e+04  3.52021094e+04
  3.46405312e+04  3.39611680e+04  3.31601172e+04  3.22351973e+04  3.11859355e+04
  3.00135840e+04  2.87211035e+04  2.73131777e+04  2.57962285e+04  2.41784219e+04
  2.24696875e+04  2.06817461e+04  1.88281309e+04  1.69242148e+04  1.49872480e+04
  1.30363975e+04  1.10927852e+04  9.17953613e+03  7.32182861e+03  5.54695117e+03
  3.88435962e+03  2.36574512e+03  1.02510168e+03 -1.01198494e+02 -9.74325073e+02
 -1.55290442e+03 -1.79292847e+03 -1.64765808e+03 -1.06752039e+03  0.00000000e+00
  1.07565823e+01  8.89414406e+00  7.25071478e+00  5.80578136e+00  4.54057884e+00
  3.43792272e+00  2.48205709e+00  1.65851843e+00  9.54006374e-01  3.56267720e-01
 -1.46011621e-01 -5.63306212e-01 -9.05343115e-01 -1.18118739e+00 -1.39932191e+00
 -1.56772208e+00 -1.69392586e+00 -1.78509986e+00 -1.84810269e+00 -1.88954544e+00
 -1.91542447e+00 -1.92846000e+00 -1.92985225e+00 -1.92069209e+00 -1.90197790e+00
 -1.87462401e+00 -1.83946872e+00 -1.79728162e+00 -1.74877059e+00 -1.69458771e+00
 -1.63533533e+00 -1.57157123e+00 -1.50381339e+00 -1.43254471e+00 -1.35821724e+00
 -1.28125620e+00 -1.20206320e+00 -1.12102103e+00 -1.03849542e+00 -9.54839468e-01
 -8.70396316e-01 -7.85502017e-01 -7.00488865e-01 -6.15687907e-01 -5.31432152e-01
 -4.48059410e-01 -3.65915269e-01 -2.85356075e-01 -2.06752121e-01 -1.30490959e-01
 -5.69806807e-02  1.33464066e-02  8.00299942e-02  1.42577723e-01  2.00460881e-01
  2.53109694e-01  2.99908370e-01  3.40189666e-01  3.73228967e-01  3.98238063e-01
  4.14358020e-01  4.20651764e-01  4.16095763e-01  3.99571091e-01  3.69853526e-01
 -3.02916925e+06 -2.73113250e+06 -2.45419950e+06 -2.19733900e+06 -1.95956350e+06
 -1.73992762e+06 -1.53752575e+06 -1.35149025e+06 -1.18098938e+06 -1.02522556e+06
 -8.83433625e+05 -7.54879125e+05 -6.38856562e+05 -5.34688188e+05 -4.41722125e+05
 -3.59331250e+05 -2.86911594e+05 -2.23881141e+05 -1.69678500e+05 -1.23761672e+05
 -8.56068828e+04 -5.47074141e+04 -3.05724766e+04 -1.27261602e+04 -7.06375122e+02
  5.93616748e+03  7.63893701e+03  4.82854736e+03 -2.07830591e+03 -1.26739297e+04
 -2.65587383e+04 -4.33403750e+04 -6.26328438e+04 -8.40556797e+04 -1.07233078e+05
 -1.31793125e+05 -1.57366891e+05 -1.83587750e+05 -2.10090406e+05 -2.36510281e+05
 -2.62482531e+05 -2.87641375e+05 -3.11619219e+05 -3.34045875e+05 -3.54547812e+05
 -3.72747188e+05 -3.88261094e+05 -4.00700812e+05 -4.09670750e+05 -4.14767781e+05
 -4.15580219e+05 -4.11687000e+05 -4.02656688e+05 -3.88046562e+05 -3.67401656e+05
 -3.40253688e+05 -3.06120156e+05 -2.64503156e+05 -2.14888375e+05 -1.56743906e+05
 -8.95190781e+04 -1.26432881e+04  7.44752812e+04  1.72450969e+05  2.81921938e+05
  6.42766356e-02  5.71896806e-02  4.95345592e-02  4.13250402e-02  3.27108540e-02
  2.39836723e-02  1.57888308e-02  8.36661551e-03 -5.19499124e-04  1.17695350e-02
  1.79836210e-02  2.15628259e-02  2.20219269e-02  2.50537116e-02  3.32121924e-02
  3.68512347e-02  4.39260826e-02  5.55946417e-02  6.28817677e-02  7.56416097e-02
  9.36009809e-02  1.09533593e-01  1.24670148e-01  1.39696658e-01  1.55102432e-01
  1.71327814e-01  1.88858151e-01  2.08316922e-01  2.30590567e-01  2.56719887e-01
  2.81286418e-01  2.94902623e-01  3.07720304e-01  3.09299737e-01  3.09991986e-01
  2.97829837e-01  2.84477204e-01  2.74669141e-01  2.67457008e-01  2.62103409e-01
  2.58146554e-01  2.55288690e-01  2.53326595e-01  2.52111554e-01  2.51527160e-01
  2.51477361e-01  2.51879603e-01  2.52660722e-01  2.53754228e-01  2.55098403e-01
  2.56635338e-01  2.58309931e-01  2.60069966e-01  2.61866033e-01  2.63652027e-01
  2.65385807e-01  2.67029941e-01  2.68552333e-01  2.69926935e-01  2.71134049e-01
  2.72160351e-01  2.72998810e-01  2.73648053e-01  2.74111599e-01  2.74397045e-01
  5.67786694e-02  4.79625538e-02  3.81146781e-02  2.70717256e-02  1.50896981e-02
  2.93833297e-03 -1.18757701e-02 -1.19618485e-02 -1.13200461e-02  2.50207435e-04
  9.70979594e-03  1.64339151e-02  2.13249773e-02  2.68005487e-02  3.36037129e-02
  3.98925431e-02  4.76564988e-02  5.72273396e-02  6.67661056e-02  7.86029026e-02
  9.27993283e-02  1.07150249e-01  1.21523127e-01  1.36149600e-01  1.51326671e-01
  1.67399585e-01  1.84794709e-01  2.04086512e-01  2.26117402e-01  2.52014667e-01
  2.76800960e-01  2.89755672e-01  3.03138673e-01  3.04239005e-01  3.05822462e-01
  2.93541312e-01  2.80727237e-01  2.71523178e-01  2.64901310e-01  2.60143310e-01
  2.56795824e-01  2.54559249e-01  2.53225744e-01  2.52643406e-01  2.52695054e-01
  2.53285199e-01  2.54332036e-01  2.55762219e-01  2.57507741e-01  2.59503573e-01
  2.61686534e-01  2.63994545e-01  2.66366661e-01  2.68743664e-01  2.71069050e-01
  2.73290455e-01  2.75361121e-01  2.77241528e-01  2.78900534e-01  2.80316323e-01
  2.81476408e-01  2.82377362e-01  2.83023834e-01  2.83427179e-01  2.83603758e-01
  5.11990339e-02  4.14052308e-02  3.01256329e-02  1.66053399e-02 -3.59280617e-04
 -1.02014383e-02 -1.61232557e-02 -1.28951529e-02 -6.75791595e-03  2.61605484e-03
  1.13647105e-02  1.88611168e-02  2.56146081e-02  3.21783312e-02  3.89329419e-02
  4.61003110e-02  5.39079048e-02  6.25065938e-02  7.19697922e-02  8.23973268e-02
  9.37511623e-02  1.05827898e-01  1.18471853e-01  1.31657034e-01  1.45454690e-01
  1.59994721e-01  1.75439969e-01  1.91958815e-01  2.09651440e-01  2.28173152e-01
  2.45022535e-01  2.57636487e-01  2.67070323e-01  2.71717876e-01  2.72991240e-01
  2.69458473e-01  2.64116645e-01  2.59435236e-01  2.55801141e-01  2.53187507e-01
  2.51495779e-01  2.50620812e-01  2.50466496e-01  2.50948220e-01  2.51991034e-01
  2.53526896e-01  2.55492061e-01  2.57824510e-01  2.60462105e-01  2.63341248e-01
  2.66395718e-01  2.69556493e-01  2.72752106e-01  2.75909841e-01  2.78957874e-01
  2.81827986e-01  2.84458846e-01  2.86799103e-01  2.88810074e-01  2.90467322e-01
  2.91761160e-01  2.92695791e-01  2.93287277e-01  2.93560922e-01  2.93548137e-01
  4.80891690e-02  3.86420339e-02  2.81107370e-02  1.59295741e-02  2.06251862e-03
 -3.80508741e-03 -3.36800795e-03  5.37693792e-04  6.17377460e-03  1.21801281e-02
  1.83689389e-02  2.45724376e-02  3.07674557e-02  3.70493270e-02  4.35543731e-02
  5.04160561e-02  5.77501394e-02  6.56466037e-02  7.41651878e-02  8.33323896e-02
  9.31363925e-02  1.03534929e-01  1.14479885e-01  1.25937760e-01  1.37892172e-01
  1.50329769e-01  1.63212270e-01  1.76430076e-01  1.89729214e-01  2.02627242e-01
  2.14436308e-01  2.24515900e-01  2.32469827e-01  2.38129318e-01  2.41566986e-01
  2.43116140e-01  2.43409798e-01  2.43158460e-01  2.42878929e-01  2.42864057e-01
  2.43258625e-01  2.44124398e-01  2.45478466e-01  2.47313589e-01  2.49608651e-01
  2.52333522e-01  2.55451083e-01  2.58917630e-01  2.62682378e-01  2.66686440e-01
  2.70862013e-01  2.75131881e-01  2.79409617e-01  2.83601671e-01  2.87610680e-01
  2.91341007e-01  2.94705272e-01  2.97630906e-01  3.00065935e-01  3.01982462e-01
  3.03377450e-01  3.04270715e-01  3.04700434e-01  3.04717451e-01  3.04379106e-01
  4.64636087e-02  3.83387543e-02  3.03444657e-02  2.25352831e-02  1.56215085e-02
  1.24476226e-02  1.27893891e-02  1.47324242e-02  1.78071521e-02  2.16940250e-02
  2.61400808e-02  3.09850127e-02  3.61488052e-02  4.16135974e-02  4.74017262e-02
  5.35552390e-02  6.01205900e-02  6.71383739e-02  7.46367797e-02  8.26279595e-02
  9.11071301e-02  1.00054778e-01  1.09440848e-01  1.19227611e-01  1.29368022e-01
  1.39798135e-01  1.50423720e-01  1.61103442e-01  1.71634480e-01  1.81753069e-01
  1.91163287e-01  1.99591964e-01  2.06843168e-01  2.12832466e-01  2.17601150e-01
  2.21312627e-01  2.24224538e-01  2.26633802e-01  2.28817001e-01  2.30995417e-01
  2.33328566e-01  2.35923320e-01  2.38846913e-01  2.42137834e-01  2.45813876e-01
  2.49877110e-01  2.54316449e-01  2.59108692e-01  2.64217734e-01  2.69593179e-01
  2.75167823e-01  2.80855149e-01  2.86547840e-01  2.92118520e-01  2.97424734e-01
  3.02319020e-01  3.06662977e-01  3.10342371e-01  3.13279510e-01  3.15441161e-01
  3.16839755e-01  3.17528576e-01  3.17590892e-01  3.17126274e-01  3.16237569e-01
  4.36540395e-02  3.64818834e-02  3.14110368e-02  2.79128794e-02  2.54454557e-02
  2.41175499e-02  2.40393057e-02  2.50817724e-02  2.70398539e-02  2.97309738e-02
  3.30103338e-02  3.67721654e-02  4.09479812e-02  4.55013067e-02  5.04199229e-02
  5.57072461e-02  6.13743067e-02  6.74331561e-02  7.38919526e-02  8.07516798e-02
  8.80043358e-02  9.56322774e-02  1.03607930e-01  1.11893199e-01  1.20437615e-01
  1.29175082e-01  1.38019830e-01  1.46863177e-01  1.55573800e-01  1.64004296e-01
  1.72005311e-01  1.79445356e-01  1.86231062e-01  1.92322418e-01  1.97739765e-01
  2.02561051e-01  2.06909463e-01  2.10934013e-01  2.14788795e-01  2.18616411e-01
  2.22538605e-01  2.26653412e-01  2.31036231e-01  2.35742837e-01  2.40812346e-01
  2.46269703e-01  2.52126902e-01  2.58382946e-01  2.65022337e-01  2.72011459e-01
  2.79293209e-01  2.86778897e-01  2.94339240e-01  3.01796466e-01  3.08925599e-01
  3.15472931e-01  3.21191341e-01  3.25878769e-01  3.29405367e-01  3.31728280e-01
  3.32896113e-01  3.33039045e-01  3.32340509e-01  3.30999017e-01  3.29197586e-01
  3.63323912e-02  2.64149252e-02  2.86791585e-02  3.05043943e-02  3.06941047e-02
  3.08428220e-02  3.13625373e-02  3.23895812e-02  3.39464210e-02  3.60066853e-02
  3.85282822e-02  4.14699204e-02  4.47985977e-02  4.84919623e-02  5.25375716e-02
  5.69304824e-02  6.16700985e-02  6.67570382e-02  7.21903145e-02  7.79651254e-02
  8.40712041e-02  9.04916376e-02  9.72019583e-02  1.04169257e-01  1.11351281e-01
  1.18695438e-01  1.26138330e-01  1.33606285e-01  1.41017780e-01  1.48288250e-01
  1.55337393e-01  1.62097678e-01  1.68522969e-01  1.74594924e-01  1.80326089e-01
  1.85758874e-01  1.90960571e-01  1.96015745e-01  2.01017603e-01  2.06060022e-01
  2.11231768e-01  2.16613054e-01  2.22274035e-01  2.28274822e-01  2.34666243e-01
  2.41490632e-01  2.48782307e-01  2.56567329e-01  2.64861733e-01  2.73667574e-01
  2.82965034e-01  2.92698324e-01  3.02750736e-01  3.12903792e-01  3.22787255e-01
  3.31887156e-01  3.39689046e-01  3.45813990e-01  3.50038111e-01  3.52289915e-01
  3.52679670e-01  3.51530463e-01  3.49296093e-01  3.46392155e-01  3.43124330e-01
  4.37502041e-02  3.78290229e-02  3.52434292e-02  3.48960757e-02  3.53275202e-02
  3.59897166e-02  3.68250869e-02  3.78849767e-02  3.92187163e-02  4.08551358e-02
  4.28062864e-02  4.50744107e-02  4.76575345e-02  5.05529195e-02  5.37586845e-02
  5.72740734e-02  6.10988624e-02  6.52323291e-02  6.96720630e-02  7.44128376e-02
  7.94456154e-02  8.47567394e-02  9.03272703e-02  9.61325318e-02  1.02141783e-01
  1.08318232e-01  1.14619538e-01  1.20998934e-01  1.27407372e-01  1.33796513e-01
  1.40122652e-01  1.46350786e-01  1.52458623e-01  1.58439532e-01  1.64304018e-01
  1.70079410e-01  1.75807923e-01  1.81543469e-01  1.87347829e-01  1.93286911e-01
  1.99427649e-01  2.05835745e-01  2.12574542e-01  2.19704658e-01  2.27284491e-01
  2.35370949e-01  2.44020745e-01  2.53291517e-01  2.63242781e-01  2.73935914e-01
  2.85432279e-01  2.97786623e-01  3.11029971e-01  3.25130701e-01  3.39850545e-01
  3.53509009e-01  3.64628553e-01  3.72877955e-01  3.78012270e-01  3.79827887e-01
  3.78150970e-01  3.73659194e-01  3.68347049e-01  3.62819701e-01  3.57380837e-01
  4.09769900e-02  3.23667154e-02  3.52501087e-02  3.83057259e-02  3.96704301e-02
  4.06556018e-02  4.15530801e-02  4.24853712e-02  4.35277224e-02  4.47324850e-02
  4.61363383e-02  4.77646030e-02  4.96346429e-02  5.17585427e-02  5.41449264e-02
  5.68000190e-02  5.97280972e-02  6.29315227e-02  6.64104968e-02  7.01627284e-02
  7.41830245e-02  7.84629583e-02  8.29906091e-02  8.77503827e-02  9.27230492e-02
  9.78859812e-02  1.03213780e-01  1.08679235e-01  1.14254832e-01  1.19914532e-01
  1.25635952e-01  1.31402507e-01  1.37205392e-01  1.43045068e-01  1.48932070e-01
  1.54887035e-01  1.60940021e-01  1.67129129e-01  1.73498958e-01  1.80098876e-01
  1.86981574e-01  1.94202125e-01  2.01817557e-01  2.09887028e-01  2.18472838e-01
  2.27642059e-01  2.37469107e-01  2.48039320e-01  2.59454072e-01  2.71838158e-01
  2.85350740e-01  3.00202668e-01  3.16684306e-01  3.35198134e-01  3.56054932e-01
  3.76709819e-01  3.90879184e-01  4.02698874e-01  4.08940107e-01  4.10400629e-01
  4.07788932e-01  3.97895753e-01  3.87665659e-01  3.78532767e-01  3.70440692e-01
  5.12141734e-02  4.59060296e-02  4.39705700e-02  4.41539846e-02  4.48816828e-02
  4.55844775e-02  4.61918041e-02  4.67544571e-02  4.73384261e-02  4.80013043e-02
  4.87888083e-02  4.97360528e-02  5.08696996e-02  5.22099771e-02  5.37723005e-02
  5.55684119e-02  5.76071292e-02  5.98947927e-02  6.24354891e-02  6.52311295e-02
  6.82815015e-02  7.15842620e-02  7.51349330e-02  7.89268687e-02  8.29513445e-02
  8.71977732e-02  9.16541219e-02  9.63076055e-02  1.01145618e-01  1.06156826e-01
  1.11332454e-01  1.16667405e-01  1.22161306e-01  1.27819255e-01  1.33652359e-01
  1.39677852e-01  1.45918950e-01  1.52404547e-01  1.59168497e-01  1.66249081e-01
  1.73688531e-01  1.81532800e-01  1.89831734e-01  1.98639840e-01  2.08017558e-01
  2.18033567e-01  2.28767917e-01  2.40316957e-01  2.52800256e-01  2.66371191e-01
  2.81233042e-01  2.97664732e-01  3.16063374e-01  3.37013721e-01  3.61282080e-01
  3.87241572e-01  4.05408889e-01  4.19809878e-01  4.28527564e-01  4.30387527e-01
  4.28665727e-01  4.16887641e-01  4.02631730e-01  3.90231907e-01  3.79874319e-01
  5.36277145e-02  4.66678105e-02  4.76723649e-02  4.98984829e-02  5.07167764e-02
  5.09990603e-02  5.10404333e-02  5.09802550e-02  5.09047322e-02  5.08747473e-02
  5.09359725e-02  5.11237271e-02  5.14658205e-02  5.19844443e-02  5.26974648e-02
  5.36193550e-02  5.47618680e-02  5.61344922e-02  5.77448197e-02  5.95988296e-02
  6.17012121e-02  6.40557110e-02  6.66652545e-02  6.95318654e-02  7.26565346e-02
  7.60391355e-02  7.96785727e-02  8.35731477e-02  8.77211466e-02  9.21216607e-02
  9.67753604e-02  1.01685174e-01  1.06856607e-01  1.12297967e-01  1.18020616e-01
  1.24039277e-01  1.30372316e-01  1.37041807e-01  1.44073427e-01  1.51496455e-01
  1.59343600e-01  1.67651311e-01  1.76460013e-01  1.85815066e-01  1.95767924e-01
  2.06378058e-01  2.17715606e-01  2.29865134e-01  2.42930874e-01  2.57043779e-01
  2.72371233e-01  2.89129436e-01  3.07597578e-01  3.28132659e-01  3.51208568e-01
  3.77526134e-01  4.01775658e-01  4.15048450e-01  4.28523600e-01  4.30507332e-01
  4.30770129e-01  4.23558086e-01  4.08059567e-01  3.94254863e-01  3.83108020e-01
  6.65223524e-02  6.17548376e-02  5.95763363e-02  5.87408356e-02  5.79994023e-02
  5.71312718e-02  5.61844222e-02  5.52191325e-02  5.42822070e-02  5.34103140e-02
  5.26335984e-02  5.19776568e-02  5.14646098e-02  5.11137061e-02  5.09417765e-02
  5.09635322e-02  5.11918478e-02  5.16380444e-02  5.23121208e-02  5.32229431e-02
  5.43788821e-02  5.57893105e-02  5.74648418e-02  5.94166555e-02  6.16556183e-02
  6.41915947e-02  6.70330524e-02  7.01871812e-02  7.36604109e-02  7.74593651e-02
  8.15919638e-02  8.60679597e-02  9.08981338e-02  9.60932001e-02  1.01663888e-01
  1.07621767e-01  1.13980234e-01  1.20755062e-01  1.27964452e-01  1.35628954e-01
  1.43771589e-01  1.52417943e-01  1.61596611e-01  1.71339661e-01  1.81683347e-01
  1.92669168e-01  2.04344988e-01  2.16766492e-01  2.29998887e-01  2.44118363e-01
  2.59213388e-01  2.75384635e-01  2.92743117e-01  3.11406761e-01  3.31508070e-01
  3.53347301e-01  3.78549784e-01  3.93524319e-01  4.03115660e-01  4.14207041e-01
  4.10202384e-01  4.13423389e-01  3.99899989e-01  3.87482315e-01  3.78448695e-01
  7.87389576e-02  7.49163702e-02  7.14115724e-02  6.83636665e-02  6.57535568e-02
  6.34282753e-02  6.12787902e-02  5.92542961e-02  5.73377125e-02  5.55289164e-02
  5.38361296e-02  5.22716343e-02  5.08495271e-02  4.95844670e-02  4.84909154e-02
  4.75826599e-02  4.68726233e-02  4.63729985e-02  4.60954569e-02  4.60495166e-02
  4.62418273e-02  4.66867909e-02  4.74050790e-02  4.84201349e-02  4.97551970e-02
  5.14312908e-02  5.34660816e-02  5.58736026e-02  5.86650185e-02  6.18506968e-02
  6.54438436e-02  6.94639310e-02  7.39310160e-02  7.88578540e-02  8.42515603e-02
  9.01172906e-02  9.64615867e-02  1.03294000e-01  1.10625520e-01  1.18467987e-01
  1.26834154e-01  1.35737792e-01  1.45193890e-01  1.55218810e-01  1.65830433e-01
  1.77048191e-01  1.88892722e-01  2.01385230e-01  2.14546070e-01  2.28392094e-01
  2.42931738e-01  2.58156717e-01  2.74027079e-01  2.90444314e-01  3.07196826e-01
  3.23832661e-01  3.39420497e-01  3.52690995e-01  3.63078654e-01  3.70418191e-01
  3.74574751e-01  3.75821441e-01  3.74372542e-01  3.71220261e-01  3.67572337e-01
  8.81166384e-02  8.47513676e-02  8.03279206e-02  7.61016756e-02  7.23813325e-02
  6.89706430e-02  6.57761768e-02  6.27463087e-02  5.98538592e-02  5.70875518e-02
  5.44465221e-02  5.19365892e-02  4.95677590e-02  4.73524742e-02  4.53042388e-02
  4.34364341e-02  4.17614542e-02  4.02914770e-02  3.90455648e-02  3.80361676e-02
  3.72308381e-02  3.66546772e-02  3.63511071e-02  3.63663919e-02  3.67431678e-02
  3.75174247e-02  3.87167335e-02  4.03591134e-02  4.24528532e-02  4.49993722e-02
  4.80051711e-02  5.15197478e-02  5.56001514e-02  6.02549314e-02  6.54744133e-02
  7.12453648e-02  7.75620043e-02  8.44332501e-02  9.18651819e-02  9.98606756e-02
  1.08421899e-01  1.17550224e-01  1.27246365e-01  1.37510568e-01  1.48342296e-01
  1.59739628e-01  1.71698064e-01  1.84208691e-01  1.97255343e-01  2.10810453e-01
  2.24828899e-01  2.39238799e-01  2.53928453e-01  2.68727839e-01  2.83385515e-01
  2.97550172e-01  3.10784072e-01  3.22640896e-01  3.32771182e-01  3.40969265e-01
  3.47175151e-01  3.51474196e-01  3.54094118e-01  3.55388254e-01  3.55752200e-01
  9.40185413e-02  9.04095694e-02  8.63050073e-02  8.19643810e-02  7.76599050e-02
  7.34799132e-02  6.94304407e-02  6.55009821e-02  6.16831034e-02  5.79742007e-02
  5.43774627e-02  5.09009436e-02  4.75566052e-02  4.43593524e-02  4.13257964e-02
  3.84717509e-02  3.58062200e-02  3.33163999e-02  3.10765523e-02  2.92358082e-02
  2.73602176e-02  2.56270599e-02  2.41580643e-02  2.30450146e-02  2.23602410e-02
  2.21603550e-02  2.24862769e-02  2.33599693e-02  2.47762669e-02  2.66852044e-02
  2.89536808e-02  3.17881405e-02  3.54800262e-02  3.99244577e-02  4.50425111e-02
  5.07638045e-02  5.70450053e-02  6.39570057e-02  7.15020970e-02  7.96652958e-02
  8.84384066e-02  9.78098437e-02  1.07765466e-01  1.18290126e-01  1.29367009e-01
  1.40976697e-01  1.53095603e-01  1.65693820e-01  1.78732321e-01  1.92159384e-01
  2.05906034e-01  2.19880491e-01  2.33962029e-01  2.47994989e-01  2.61785865e-01
  2.75107175e-01  2.87712634e-01  2.99363822e-01  3.09860319e-01  3.19063365e-01
  3.26908350e-01  3.33407342e-01  3.38642418e-01  3.42748106e-01  3.45884532e-01
  1.00735165e-01  9.73932371e-02  9.21649858e-02  8.69568884e-02  8.20008889e-02
  7.71198198e-02  7.22901076e-02  6.75132349e-02  6.27965108e-02  5.81496507e-02
  5.35844751e-02  4.91152741e-02  4.47595343e-02  4.05391678e-02  3.64826769e-02
  3.26291434e-02  2.90363282e-02  2.52829771e-02  2.15475038e-02  1.79474633e-02
  1.45249981e-02  1.13621335e-02  8.54766462e-03  6.16493169e-03  4.28747106e-03
  2.97757261e-03  2.28583207e-03  2.25106417e-03  2.90088193e-03  4.25479701e-03
  6.33559376e-03  9.20496136e-03  1.29218474e-02  1.74711533e-02  2.27674879e-02
  2.86190324e-02  3.46397832e-02  4.16117087e-02  4.93490770e-02  5.77335693e-02
  6.67829216e-02  7.64693469e-02  8.67583156e-02  9.76215377e-02  1.09029040e-01
  1.20949268e-01  1.33346751e-01  1.46179959e-01  1.59399152e-01  1.72943875e-01
  1.86740518e-01  2.00699672e-01  2.14714095e-01  2.28657752e-01  2.42387146e-01
  2.55745739e-01  2.68572152e-01  2.80711234e-01  2.92025924e-01  3.02407503e-01
  3.11782151e-01  3.20113093e-01  3.27398211e-01  3.33663762e-01  3.38955581e-01
  1.04649618e-01  1.00864694e-01  9.62684229e-02  9.11059827e-02  8.56766403e-02
  8.01252499e-02  7.45136440e-02  6.88777417e-02  6.32440224e-02  5.76340966e-02
  5.20669594e-02  4.65607345e-02  4.11343686e-02  3.58095542e-02  3.06130517e-02
  2.55795848e-02  2.03357600e-02  1.49976229e-02  9.69178230e-03  4.53499705e-03
 -3.72127834e-04 -4.93504293e-03 -9.06560663e-03 -1.26839234e-02 -1.57194603e-02
 -1.81111936e-02 -1.98069811e-02 -2.07623094e-02 -2.09383853e-02 -2.02994030e-02
 -1.88091304e-02 -1.64288301e-02 -1.31261609e-02 -8.88852868e-03 -3.72790056e-03
  2.31905072e-03  9.20524541e-03  1.69341937e-02  2.53130980e-02  3.38825360e-02
  4.33319993e-02  5.34786619e-02  6.42218515e-02  7.55481645e-02  8.74141827e-02
  9.97843146e-02  1.12618558e-01  1.25871405e-01  1.39490664e-01  1.53416127e-01
  1.67578533e-01  1.81898698e-01  1.96286857e-01  2.10643038e-01  2.24858150e-01
  2.38816500e-01  2.52399415e-01  2.65489638e-01  2.77975917e-01  2.89756715e-01
  3.00743133e-01  3.10860097e-01  3.20046753e-01  3.28256398e-01  3.35456401e-01
  1.11004211e-01  1.07440874e-01  1.01548217e-01  9.53711644e-02  8.91528279e-02
  8.27769414e-02  7.62803033e-02  6.97086900e-02  6.30981326e-02  5.64750582e-02
  4.98593077e-02  4.32668142e-02  3.67114842e-02  3.02067380e-02  2.37679966e-02
  1.70497578e-02  1.01745585e-02  3.27070663e-03 -3.53392540e-03 -1.01187676e-02
 -1.63744427e-02 -2.22031604e-02 -2.75186058e-02 -3.22455317e-02 -3.63189951e-02
 -3.96831930e-02 -4.22900543e-02 -4.40975949e-02 -4.50682044e-02 -4.51669432e-02
 -4.43602167e-02 -4.26154584e-02 -3.99026945e-02 -3.61968093e-02 -3.14785391e-02
 -2.57343072e-02 -1.89558398e-02 -1.11447526e-02 -2.34301831e-03  7.36421207e-03
  1.78936310e-02  2.88813580e-02  4.01468426e-02  5.21084890e-02  6.45750612e-02
  7.75504038e-02  9.09936279e-02  1.04859650e-01  1.19097985e-01  1.33652583e-01
  1.48461863e-01  1.63458645e-01  1.78570181e-01  1.93718150e-01  2.08818927e-01
  2.23784149e-01  2.38521293e-01  2.52934217e-01  2.66923368e-01  2.80385375e-01
  2.93212354e-01  3.05291265e-01  3.16504657e-01  3.26733887e-01  3.35866004e-01
  1.15661569e-01  1.11721568e-01  1.06293499e-01  9.97557938e-02  9.26292613e-02
  8.52222741e-02  7.76766837e-02  7.00567216e-02  6.23938963e-02  5.47055975e-02
  4.70025986e-02  3.92919891e-02  3.15773375e-02  2.38552298e-02  1.57734659e-02
  7.46489083e-03 -9.31035727e-04 -9.27532278e-03 -1.74355358e-02 -2.52903346e-02
 -3.27319540e-02 -3.96667607e-02 -4.60145697e-02 -5.17072566e-02 -5.66870272e-02
 -6.09045811e-02 -6.43173158e-02 -6.68876991e-02 -6.85819015e-02 -6.93685859e-02
 -6.92181364e-02 -6.81021512e-02 -6.59933016e-02 -6.28651977e-02 -5.86919263e-02
 -5.34474477e-02 -4.71056066e-02 -3.96423005e-02 -3.10415961e-02 -2.13024337e-02
 -1.04507785e-02  1.42263039e-03  1.41612422e-02  2.74560973e-02  4.05248553e-02
  5.42642064e-02  6.84877113e-02  8.31548423e-02  9.82174575e-02  1.13623515e-01
  1.29319072e-01  1.45249188e-01  1.61357760e-01  1.77587032e-01  1.93876743e-01
  2.10163146e-01  2.26377547e-01  2.42444098e-01  2.58276284e-01  2.73772240e-01
  2.88808525e-01  3.03233594e-01  3.16863447e-01  3.29483420e-01  3.40862155e-01
  1.24717876e-01  1.21417940e-01  1.14061013e-01  1.05090261e-01  9.61551666e-02
  8.73422027e-02  7.85831213e-02  6.98375925e-02  6.10845312e-02  5.23121879e-02
  4.35141735e-02  3.46889608e-02  2.58420520e-02  1.65571440e-02  6.96535129e-03
 -2.78539932e-03 -1.25439251e-02 -2.21650843e-02 -3.15158144e-02 -4.04784195e-02
 -4.89515662e-02 -5.68496063e-02 -6.41008094e-02 -7.06450641e-02 -7.64314607e-02
 -8.14161077e-02 -8.55602622e-02 -8.88288766e-02 -9.11896378e-02 -9.26123857e-02
 -9.30688158e-02 -9.25323665e-02 -9.09781083e-02 -8.83824229e-02 -8.47222507e-02
 -7.99740478e-02 -7.41125718e-02 -6.71101511e-02 -5.89370653e-02 -4.95639481e-02
 -3.89684662e-02 -2.71497872e-02 -1.41508393e-02 -1.01299040e-04  1.47238364e-02
  2.99057923e-02  4.50656153e-02  6.07145652e-02  7.67935291e-02  9.32473913e-02
  1.10026769e-01  1.27089277e-01  1.44397482e-01  1.61916643e-01  1.79613069e-01
  1.97452292e-01  2.15396807e-01  2.33402416e-01  2.51412481e-01  2.69348711e-01
  2.87097394e-01  3.04489344e-01  3.21274191e-01  3.37096363e-01  3.51500362e-01
  1.30998373e-01  1.28087401e-01  1.19207397e-01  1.08608618e-01  9.84190777e-02
  8.84732828e-02  7.86412582e-02  6.88532218e-02  5.90652265e-02  4.92465049e-02
  3.93740498e-02  2.94298511e-02  1.92205179e-02  8.56607873e-03 -2.35618418e-03
 -1.33732371e-02 -2.43218336e-02 -3.50538008e-02 -4.54393215e-02 -5.53679205e-02
 -6.47475272e-02 -7.35021979e-02 -8.15691799e-02 -8.88957381e-02 -9.54362601e-02
 -1.01149827e-01 -1.05998389e-01 -1.09945670e-01 -1.12956688e-01 -1.14997849e-01
 -1.16037443e-01 -1.16046347e-01 -1.14998661e-01 -1.12872072e-01 -1.09647594e-01
 -1.05308667e-01 -9.98394489e-02 -9.32225734e-02 -8.54366869e-02 -7.64546022e-02
 -6.62433431e-02 -5.47680892e-02 -4.20024320e-02 -2.79491451e-02 -1.26746474e-02
  3.64003750e-03  2.06122380e-02  3.74642164e-02  5.47637641e-02  7.24469125e-02
  9.04645175e-02  1.08794458e-01  1.27425611e-01  1.46352395e-01  1.65573344e-01
  1.85090780e-01  2.04910025e-01  2.25037456e-01  2.45476171e-01  2.66217589e-01
  2.87225813e-01  3.08408469e-01  3.29561740e-01  3.50251436e-01  3.69526237e-01
  1.31513342e-01  1.27757668e-01  1.19823478e-01  1.09650798e-01  9.89984274e-02
  8.83145630e-02  7.76525512e-02  6.69892058e-02  5.62895723e-02  4.55200635e-02
  3.46499942e-02  2.36497466e-02  1.21162795e-02  2.09483886e-04 -1.18935332e-02
 -2.40171272e-02 -3.59986648e-02 -4.76949513e-02 -5.89846931e-02 -6.97679743e-02
 -7.99638107e-02 -8.95065367e-02 -9.83418748e-02 -1.06423110e-01 -1.13707773e-01
 -1.20155096e-01 -1.25724375e-01 -1.30374134e-01 -1.34062275e-01 -1.36746809e-01
 -1.38387322e-01 -1.38946548e-01 -1.38392136e-01 -1.36698157e-01 -1.33845910e-01
 -1.29823968e-01 -1.24626830e-01 -1.18252337e-01 -1.10697776e-01 -1.01955175e-01
 -9.20066386e-02 -8.08212757e-02 -6.83557466e-02 -5.45616038e-02 -3.94041277e-02
 -2.28995401e-02 -5.18104341e-03  1.33987647e-02  3.21548320e-02  5.12480699e-02
  7.05872774e-02  9.02282447e-02  1.10205621e-01  1.30547971e-01  1.51287228e-01
  1.72464445e-01  1.94133729e-01  2.16365218e-01  2.39247516e-01  2.62889415e-01
  2.87420452e-01  3.12987149e-01  3.39733303e-01  3.67710292e-01  3.95755798e-01
  1.35756165e-01  1.32887408e-01  1.22092821e-01  1.09863363e-01  9.83419269e-02
  8.69944319e-02  7.56624043e-02  6.42815903e-02  5.28100245e-02  4.12134565e-02
  2.94621680e-02  1.73266958e-02  4.67172032e-03 -8.31022207e-03 -2.14279108e-02
 -3.45023163e-02 -4.73745726e-02 -5.99100068e-02 -7.19985291e-02 -8.35523382e-02
 -9.45019871e-02 -1.04791641e-01 -1.14374340e-01 -1.23207591e-01 -1.31249920e-01
 -1.38458177e-01 -1.44786224e-01 -1.50184453e-01 -1.54600486e-01 -1.57980636e-01
 -1.60271943e-01 -1.61424518e-01 -1.61394134e-01 -1.60144761e-01 -1.57650918e-01
 -1.53899357e-01 -1.48889348e-01 -1.42631233e-01 -1.35142699e-01 -1.26442581e-01
 -1.16542980e-01 -1.05440944e-01 -9.31115896e-02 -7.95052573e-02 -6.45523071e-02
 -4.81806695e-02 -3.03535964e-02 -1.11367386e-02  9.19773150e-03  3.00277732e-02
  5.04938252e-02  7.13282153e-02  9.25571993e-02  1.14210173e-01  1.36331961e-01
  1.58988863e-01  1.82273611e-01  2.06311718e-01  2.31270671e-01  2.57373422e-01
  2.84919798e-01  3.14323395e-01  3.46195847e-01  3.81693602e-01  4.26093549e-01
  1.31179735e-01  1.26755461e-01  1.18428648e-01  1.07733153e-01  9.62758809e-02
  8.45995545e-02  7.27976784e-02  6.08580112e-02  4.87497859e-02  3.64432111e-02
  2.39172112e-02  1.07531492e-02 -2.87678186e-03 -1.67785827e-02 -3.07601318e-02
 -4.46459427e-02 -5.82851283e-02 -7.15540275e-02 -8.43549147e-02 -9.66122001e-02
 -1.08267173e-01 -1.19272366e-01 -1.29586130e-01 -1.39167979e-01 -1.47974893e-01
 -1.55959070e-01 -1.63066909e-01 -1.69239476e-01 -1.74413860e-01 -1.78525656e-01
 -1.81511015e-01 -1.83308497e-01 -1.83860958e-01 -1.83117867e-01 -1.81038409e-01
 -1.77595451e-01 -1.72779322e-01 -1.66600123e-01 -1.59087285e-01 -1.50284484e-01
 -1.40239745e-01 -1.28992781e-01 -1.16561569e-01 -1.02930948e-01 -8.80468339e-02
 -7.18198866e-02 -5.41448742e-02 -3.49447951e-02 -1.42539153e-02  7.64264679e-03
  3.00019402e-02  5.19449525e-02  7.43315965e-02  9.71489325e-02  1.20434716e-01
  1.44264251e-01  1.68748558e-01  1.94039419e-01  2.20340118e-01  2.47922435e-01
  2.77151138e-01  3.08516741e-01  3.42673749e-01  3.80502194e-01  4.23475206e-01
  1.34922713e-01  1.31843582e-01  1.18805461e-01  1.05545945e-01  9.34408829e-02
  8.14375505e-02  6.92955405e-02  5.69334812e-02  4.43066470e-02  3.13724615e-02
  1.80684533e-02  4.09050332e-03 -1.03393188e-02 -2.50060707e-02 -3.97120267e-02
 -5.42850867e-02 -6.85829893e-02 -8.24932903e-02 -9.59300101e-02 -1.08828276e-01
 -1.21137902e-01 -1.32816941e-01 -1.43825695e-01 -1.54121861e-01 -1.63657129e-01
 -1.72375441e-01 -1.80213362e-01 -1.87102348e-01 -1.92971796e-01 -1.97755128e-01
 -2.01391414e-01 -2.03823119e-01 -2.04992592e-01 -2.04839870e-01 -2.03303665e-01
 -2.00326338e-01 -1.95863068e-01 -1.89893469e-01 -1.82431877e-01 -1.73530102e-01
 -1.63266212e-01 -1.51728228e-01 -1.38993964e-01 -1.25109866e-01 -1.10074513e-01
 -9.38309804e-02 -7.62723684e-02 -5.72675727e-02 -3.67184617e-02 -1.46661187e-02
  8.53305031e-03  3.19550931e-02  5.55566736e-02  7.94178545e-02  1.03618339e-01
  1.28251284e-01  1.53430998e-01  1.79301143e-01  2.06045344e-01  2.33902216e-01
  2.63186872e-01  2.94322819e-01  3.27881724e-01  3.64522725e-01  4.03566957e-01
  1.24733455e-01  1.19358927e-01  1.11157030e-01  1.00907445e-01  8.96055326e-02
  7.77364075e-02  6.54578209e-02  5.28134890e-02  3.98147143e-02  2.64705010e-02
  1.23558203e-02 -2.36318586e-03 -1.74829941e-02 -3.27961519e-02 -4.81117070e-02
 -6.32663146e-02 -7.81281739e-02 -9.25958008e-02 -1.06593296e-01 -1.20063737e-01
 -1.32961750e-01 -1.45246252e-01 -1.56873956e-01 -1.67794392e-01 -1.77946687e-01
 -1.87259108e-01 -1.95651561e-01 -2.03048453e-01 -2.09389180e-01 -2.14629248e-01
 -2.18734860e-01 -2.21673891e-01 -2.23406434e-01 -2.23877206e-01 -2.23012269e-01
 -2.20721588e-01 -2.16908976e-01 -2.11489141e-01 -2.04409763e-01 -1.95672840e-01
 -1.85346454e-01 -1.73557341e-01 -1.60454720e-01 -1.46169618e-01 -1.30784899e-01
 -1.14314102e-01 -9.66940671e-02 -7.77955055e-02 -5.74579202e-02 -3.55610885e-02
 -1.21522974e-02  1.23504912e-02  3.68841924e-02  6.15122281e-02  8.63079652e-02
  1.11356340e-01  1.36748165e-01  1.62583992e-01  1.88979492e-01  2.16070652e-01
  2.44019464e-01  2.73022503e-01  3.03332627e-01  3.35317940e-01  3.69148970e-01
  1.23815700e-01  1.18720338e-01  1.09146096e-01  9.78715569e-02  8.62511396e-02
  7.42041320e-02  6.17066324e-02  4.87601012e-02  3.53632569e-02  2.15088204e-02
  6.82341726e-03 -8.47107172e-03 -2.41473764e-02 -3.99905667e-02 -5.58112599e-02
 -7.14526102e-02 -8.67914483e-02 -1.01734899e-01 -1.16213992e-01 -1.30175650e-01
 -1.43574163e-01 -1.56362966e-01 -1.68487504e-01 -1.79879785e-01 -1.90455437e-01
 -2.00117454e-01 -2.08778769e-01 -2.16379076e-01 -2.22888917e-01 -2.28303641e-01
 -2.32631341e-01 -2.35878468e-01 -2.38035649e-01 -2.39066273e-01 -2.38898873e-01
 -2.37425327e-01 -2.34506622e-01 -2.29988337e-01 -2.23727137e-01 -2.15625733e-01
 -2.05668285e-01 -1.93942264e-01 -1.80630803e-01 -1.65964782e-01 -1.50143951e-01
 -1.33290529e-01 -1.15426756e-01 -9.64729413e-02 -7.62679353e-02 -5.46188056e-02
 -3.13943215e-02 -6.68712473e-03  1.89296305e-02  4.40599471e-02  6.91492930e-02
  9.42947268e-02  1.19550064e-01  1.44954339e-01  1.70537531e-01  1.96315631e-01
  2.22275972e-01  2.48346537e-01  2.74330646e-01  2.99770415e-01  3.23740184e-01
  1.20871648e-01  1.15195647e-01  1.06098428e-01  9.50897411e-02  8.33528787e-02
  7.10946247e-02  5.83398566e-02  4.50845733e-02  3.13078687e-02  1.69599075e-02
  1.77199906e-03 -1.40116652e-02 -3.01536582e-02 -4.64373976e-02 -6.26773015e-02
 -7.87231773e-02 -9.44591463e-02 -1.09798469e-01 -1.24675602e-01 -1.39036819e-01
 -1.52830496e-01 -1.65997803e-01 -1.78464696e-01 -1.90135926e-01 -2.00895786e-01
 -2.10636139e-01 -2.19283551e-01 -2.26809502e-01 -2.33226731e-01 -2.38576233e-01
 -2.42910117e-01 -2.46273860e-01 -2.48690590e-01 -2.50148296e-01 -2.50590175e-01
 -2.49908850e-01 -2.47946113e-01 -2.44501308e-01 -2.39352539e-01 -2.32293665e-01
 -2.23184630e-01 -2.12002918e-01 -1.98874265e-01 -1.84058666e-01 -1.67878926e-01
 -1.50605172e-01 -1.32387176e-01 -1.13238700e-01 -9.30484682e-02 -7.16178194e-02
 -4.87326942e-02 -2.42887959e-02  1.50191400e-03  2.78070662e-02  5.28329387e-02
  7.78735280e-02  1.02842428e-01  1.27694353e-01  1.52386695e-01  1.76857650e-01
  2.01006815e-01  2.24671975e-01  2.47601300e-01  2.69429147e-01  2.89681196e-01
  1.19726934e-01  1.13955654e-01  1.04427874e-01  9.30290222e-02  8.10222328e-02
  6.85182884e-02  5.55152521e-02  4.20116037e-02  2.80147176e-02  1.30888559e-02
 -2.59493710e-03 -1.88204106e-02 -3.53637673e-02 -5.20177521e-02 -6.86050802e-02
 -8.49832222e-02 -1.01042643e-01 -1.16700485e-01 -1.31891429e-01 -1.46557182e-01
 -1.60635561e-01 -1.74050167e-01 -1.86701536e-01 -1.98461652e-01 -2.09196359e-01
 -2.18804985e-01 -2.27241322e-01 -2.34515741e-01 -2.40683928e-01 -2.45828211e-01
 -2.50037163e-01 -2.53387243e-01 -2.55927861e-01 -2.57669359e-01 -2.58573532e-01
 -2.58545905e-01 -2.57430702e-01 -2.55011231e-01 -2.51020730e-01 -2.45170832e-01
 -2.37202287e-01 -2.26953924e-01 -2.14429960e-01 -1.99831948e-01 -1.83523744e-01
 -1.65920660e-01 -1.47336707e-01 -1.27916783e-01 -1.07638963e-01 -8.63473341e-02
 -6.38154298e-02 -3.98531407e-02 -1.44846262e-02  1.17681650e-02  3.74923348e-02
  6.27159998e-02  8.75356272e-02  1.11957222e-01  1.35940716e-01  1.59412026e-01
  1.82262421e-01  2.04343706e-01  2.25464508e-01  2.45392993e-01  2.63871551e-01
  1.18901119e-01  1.13044977e-01  1.03177316e-01  9.14675668e-02  7.92212635e-02
  6.64781779e-02  5.32160960e-02  3.94232646e-02  2.50906702e-02  9.78947431e-03
 -6.26490964e-03 -2.28394605e-02 -3.97061147e-02 -5.66594079e-02 -7.35265613e-02
 -9.01700929e-02 -1.06484391e-01 -1.22388013e-01 -1.37813285e-01 -1.52694702e-01
 -1.66956857e-01 -1.80503413e-01 -1.93207607e-01 -2.04915881e-01 -2.15492249e-01
 -2.24854946e-01 -2.32989952e-01 -2.39945322e-01 -2.45813295e-01 -2.50707895e-01
 -2.54743397e-01 -2.58016974e-01 -2.60595441e-01 -2.62505472e-01 -2.63725191e-01
 -2.64176309e-01 -2.63716429e-01 -2.62133539e-01 -2.59147257e-01 -2.54424959e-01
 -2.47622624e-01 -2.38455608e-01 -2.26788551e-01 -2.12711081e-01 -1.96550965e-01
 -1.78793341e-01 -1.59914285e-01 -1.40212357e-01 -1.19777374e-01 -9.85194519e-02
 -7.62278065e-02 -5.26623167e-02 -2.76959259e-02 -1.53554301e-03  2.49674525e-02
  4.99973148e-02  7.46125430e-02  9.87102985e-02  1.22208975e-01  1.45024166e-01
  1.67057723e-01  1.88193440e-01  2.08297193e-01  2.27221921e-01  2.44817168e-01
  1.17567949e-01  1.11345366e-01  1.01816572e-01  9.03155953e-02  7.79727101e-02
  6.50313348e-02  5.15260585e-02  3.74567397e-02  2.28142440e-02  7.20414054e-03
 -9.14751180e-03 -2.60004979e-02 -4.31241803e-02 -6.03140853e-02 -7.74003565e-02
 -9.42487642e-02 -1.10755846e-01 -1.26839966e-01 -1.42429814e-01 -1.57451868e-01
 -1.71817526e-01 -1.85411543e-01 -1.98082834e-01 -2.09665582e-01 -2.20031708e-01
 -2.29122058e-01 -2.36952752e-01 -2.43602857e-01 -2.49191910e-01 -2.53855377e-01
 -2.57723480e-01 -2.60905266e-01 -2.63477623e-01 -2.65477270e-01 -2.66894042e-01
 -2.67663360e-01 -2.67657697e-01 -2.66677707e-01 -2.64446795e-01 -2.60616690e-01
 -2.54796237e-01 -2.46614113e-01 -2.35816568e-01 -2.22372830e-01 -2.06534103e-01
 -1.88792139e-01 -1.69726223e-01 -1.49784923e-01 -1.29173905e-01 -1.07878648e-01
 -8.57235044e-02 -6.24597818e-02 -3.78959216e-02 -1.20984772e-02  1.43062230e-02
  3.97486873e-02  6.44904599e-02  8.85170028e-02  1.11791536e-01  1.34258792e-01
  1.55847743e-01  1.76474452e-01  1.96045697e-01  2.14464068e-01  2.31634632e-01
  1.18987568e-01  1.13178141e-01  1.02482408e-01  9.01308581e-02  7.74625018e-02
  6.42804131e-02  5.05299456e-02  3.62003185e-02  2.12834887e-02  5.41130733e-03
 -1.11843869e-02 -2.82603893e-02 -4.55857627e-02 -6.29577115e-02 -8.02090168e-02
 -9.72079709e-02 -1.13852531e-01 -1.30060434e-01 -1.45756975e-01 -1.60861656e-01
 -1.75274998e-01 -1.88866630e-01 -2.01468602e-01 -2.12912023e-01 -2.23079965e-01
 -2.31933504e-01 -2.39512414e-01 -2.45918036e-01 -2.51287907e-01 -2.55770445e-01
 -2.59504527e-01 -2.62605101e-01 -2.65153795e-01 -2.67192602e-01 -2.68718213e-01
 -2.69675136e-01 -2.69947052e-01 -2.69346207e-01 -2.67604440e-01 -2.64371812e-01
 -2.59235740e-01 -2.51774877e-01 -2.41655588e-01 -2.28752896e-01 -2.13241965e-01
 -1.95591748e-01 -1.76430121e-01 -1.56313986e-01 -1.35545418e-01 -1.14174515e-01
 -9.20597836e-02 -6.89561516e-02 -4.46386933e-02 -1.90880504e-02  7.23054074e-03
  3.29977311e-02  5.78762554e-02  8.19209144e-02  1.05126232e-01  1.27456143e-01
  1.48856893e-01  1.69263765e-01  1.88606143e-01  2.06812128e-01  2.23813742e-01
  1.17546573e-01  1.10991389e-01  1.01691805e-01  9.02930051e-02  7.76676312e-02
  6.42719492e-02  5.02615198e-02  3.56761329e-02  2.05160026e-02  4.42416500e-03
 -1.23668266e-02 -2.96144728e-02 -4.70896475e-02 -6.45920858e-02 -8.19573179e-02
 -9.90560055e-02 -1.15787499e-01 -1.32069439e-01 -1.47825032e-01 -1.62969396e-01
 -1.77396134e-01 -1.90965310e-01 -2.03500092e-01 -2.14832649e-01 -2.24855453e-01
 -2.33543694e-01 -2.40952298e-01 -2.47195899e-01 -2.52421975e-01 -2.56785542e-01
 -2.60429144e-01 -2.63469756e-01 -2.65990525e-01 -2.68035054e-01 -2.69602686e-01
 -2.70641983e-01 -2.71041930e-01 -2.70621032e-01 -2.69116253e-01 -2.66178757e-01
 -2.61387736e-01 -2.54298955e-01 -2.44538814e-01 -2.31931433e-01 -2.16606349e-01
 -1.99012429e-01 -1.79795042e-01 -1.59564599e-01 -1.38677612e-01 -1.17220320e-01
 -9.50697884e-02 -7.19821155e-02 -4.77122851e-02 -2.21883878e-02  4.23110882e-03
  3.04222032e-02  5.51966541e-02  7.92348832e-02  1.02455810e-01  1.24796256e-01
  1.46195263e-01  1.66589558e-01  1.85913861e-01  2.04103574e-01  2.21098602e-01
  1.24797538e-01  1.19936071e-01  1.06946185e-01  9.26819369e-02  7.89421350e-02
  6.49979487e-02  5.06450199e-02  3.58094126e-02  2.04502176e-02  4.19378234e-03
 -1.27341719e-02 -3.00952680e-02 -4.76635918e-02 -6.52417764e-02 -8.26679617e-02
 -9.98150185e-02 -1.16583921e-01 -1.32893160e-01 -1.48665890e-01 -1.63816169e-01
 -1.78235486e-01 -1.91780880e-01 -2.04273254e-01 -2.15546563e-01 -2.25498050e-01
 -2.34109059e-01 -2.41440430e-01 -2.47611567e-01 -2.52773076e-01 -2.57081419e-01
 -2.60679543e-01 -2.63683945e-01 -2.66176730e-01 -2.68200576e-01 -2.69753605e-01
 -2.70783335e-01 -2.71177799e-01 -2.70754308e-01 -2.69248575e-01 -2.66309917e-01
 -2.61515230e-01 -2.54417360e-01 -2.44639680e-01 -2.32004017e-01 -2.16639325e-01
 -1.98995724e-01 -1.79720923e-01 -1.59426823e-01 -1.38469547e-01 -1.16933696e-01
 -9.46943909e-02 -7.15074465e-02 -4.71330658e-02 -2.15181988e-02  4.92928457e-03
  3.09712347e-02  5.61045222e-02  8.03823620e-02  1.03800401e-01  1.26324490e-01
  1.47902697e-01  1.68471798e-01  1.87962249e-01  2.06302941e-01  2.23426431e-01
  1.22580089e-01  1.16522737e-01  1.06327191e-01  9.36329141e-02  8.00171643e-02
  6.59204051e-02  5.13969399e-02  3.64227518e-02  2.09613163e-02  4.62656748e-03
 -1.23594832e-02 -2.97614243e-02 -4.73556966e-02 -6.49469122e-02 -8.23749751e-02
 -9.95144472e-02 -1.16267964e-01 -1.32555827e-01 -1.48303226e-01 -1.63426682e-01
 -1.77820668e-01 -1.91345870e-01 -2.03826606e-01 -2.15098113e-01 -2.25056767e-01
 -2.33681440e-01 -2.41029695e-01 -2.47217372e-01 -2.52391785e-01 -2.56706446e-01
 -2.60301650e-01 -2.63291121e-01 -2.65754044e-01 -2.67729253e-01 -2.69210160e-01
 -2.70138174e-01 -2.70393699e-01 -2.69785613e-01 -2.68041402e-01 -2.64805466e-01
 -2.59657800e-01 -2.52168089e-01 -2.41993651e-01 -2.29003102e-01 -2.13370487e-01
 -1.95569277e-01 -1.76234335e-01 -1.55926660e-01 -1.34946555e-01 -1.13337979e-01
 -9.09509435e-02 -6.75329342e-02 -4.28583808e-02 -1.69238430e-02  9.75832809e-03
  3.57773118e-02  6.10332713e-02  8.55212063e-02  1.09213561e-01  1.32061884e-01
  1.53999865e-01  1.74946561e-01  1.94810703e-01  2.13496029e-01  2.30908379e-01
  1.25979587e-01  1.20800249e-01  1.08989552e-01  9.50706750e-02  8.11215341e-02
  6.69195279e-02  5.23545146e-02  3.73714156e-02  2.19285637e-02  5.62299043e-03
 -1.13250380e-02 -2.86812410e-02 -4.62227426e-02 -6.37545660e-02 -8.11170563e-02
 -9.81854796e-02 -1.14863858e-01 -1.31074876e-01 -1.46747544e-01 -1.61803961e-01
 -1.76146328e-01 -1.89645350e-01 -2.02134892e-01 -2.13451639e-01 -2.23486155e-01
 -2.32206821e-01 -2.39658728e-01 -2.45945796e-01 -2.51205206e-01 -2.55582601e-01
 -2.59211928e-01 -2.62201518e-01 -2.64624864e-01 -2.66513944e-01 -2.67853379e-01
 -2.68573195e-01 -2.68540263e-01 -2.67548710e-01 -2.65313864e-01 -2.61476755e-01
 -2.55632520e-01 -2.47394308e-01 -2.36493826e-01 -2.22891688e-01 -2.06839874e-01
 -1.88839599e-01 -1.69482261e-01 -1.49222165e-01 -1.28261462e-01 -1.06574893e-01
 -8.39722753e-02 -6.01918437e-02 -3.50393616e-02 -8.60428531e-03  1.84171721e-02
  4.43241261e-02  6.96764812e-02  9.44290832e-02  1.18524618e-01  1.41889736e-01
  1.64431751e-01  1.86037272e-01  2.06573591e-01  2.25894064e-01  2.43848249e-01
  1.24629617e-01  1.18918546e-01  1.08497955e-01  9.55755711e-02  8.19234401e-02
  6.78635538e-02  5.34171462e-02  3.85604575e-02  2.32614316e-02  7.09942728e-03
 -9.70602315e-03 -2.69208420e-02 -4.43217009e-02 -6.17127232e-02 -7.89333060e-02
 -9.58582982e-02 -1.12392373e-01 -1.28460631e-01 -1.43996879e-01 -1.58931121e-01
 -1.73177019e-01 -1.86620742e-01 -1.99112967e-01 -2.10494667e-01 -2.20648199e-01
 -2.29524970e-01 -2.37149224e-01 -2.43604153e-01 -2.49009058e-01 -2.53495157e-01
 -2.57185072e-01 -2.60177493e-01 -2.62536377e-01 -2.64282763e-01 -2.65387952e-01
 -2.65765846e-01 -2.65265167e-01 -2.63663113e-01 -2.60665596e-01 -2.55922377e-01
 -2.49068335e-01 -2.39796802e-01 -2.27955073e-01 -2.13626042e-01 -1.97144359e-01
 -1.79011956e-01 -1.59721687e-01 -1.39578164e-01 -1.18665367e-01 -9.68793705e-02
 -7.39923418e-02 -4.97525185e-02 -2.40418799e-02  2.87450873e-03  2.99895424e-02
  5.58697470e-02  8.14400837e-02  1.06620751e-01  1.31338581e-01  1.55507252e-01
  1.79013759e-01  2.01708302e-01  2.23398268e-01  2.43850201e-01  2.62804389e-01
  1.25402614e-01  1.20032184e-01  1.09275468e-01  9.61637646e-02  8.26283917e-02
  6.87711388e-02  5.45513406e-02  3.99357975e-02  2.48956196e-02  8.98820162e-03
 -7.56867323e-03 -2.45418604e-02 -4.17077094e-02 -5.88689148e-02 -7.58629441e-02
 -9.25629884e-02 -1.08873300e-01 -1.24720633e-01 -1.40043572e-01 -1.54780820e-01
 -1.68859631e-01 -1.82185233e-01 -1.94632232e-01 -2.06053123e-01 -2.16323763e-01
 -2.25375578e-01 -2.33205318e-01 -2.39866987e-01 -2.45452985e-01 -2.50071883e-01
 -2.53827691e-01 -2.56803155e-01 -2.59047031e-01 -2.60564536e-01 -2.61309177e-01
 -2.61175752e-01 -2.59994894e-01 -2.57532775e-01 -2.53500998e-01 -2.47585148e-01
 -2.39497840e-01 -2.29053110e-01 -2.16240972e-01 -2.01264799e-01 -1.84505820e-01
 -1.66404158e-01 -1.47291988e-01 -1.27317518e-01 -1.06450178e-01 -8.45184922e-02
 -6.12803921e-02 -3.65396068e-02 -1.03357350e-02  1.67637784e-02  4.32921275e-02
  6.95490912e-02  9.55879614e-02  1.21419646e-01  1.47025377e-01  1.72354221e-01
  1.97310925e-01  2.21735209e-01  2.45374486e-01  2.67859757e-01  2.88710952e-01
  1.24879241e-01  1.19625054e-01  1.09077275e-01  9.62951779e-02  8.31298605e-02
  6.96233064e-02  5.57378717e-02  4.14586030e-02  2.67741363e-02  1.12241805e-02
 -4.97881742e-03 -2.16065422e-02 -3.84372286e-02 -5.52727319e-02 -7.19480067e-02
 -8.83333459e-02 -1.04330979e-01 -1.19867742e-01 -1.34885579e-01 -1.49331003e-01
 -1.63144633e-01 -1.76251575e-01 -1.88553557e-01 -1.99925959e-01 -2.10245430e-01
 -2.19425559e-01 -2.27432907e-01 -2.34285668e-01 -2.40040585e-01 -2.44773895e-01
 -2.48561665e-01 -2.51462370e-01 -2.53502846e-01 -2.54667372e-01 -2.54889548e-01
 -2.54047304e-01 -2.51962394e-01 -2.48408854e-01 -2.43134543e-01 -2.35900745e-01
 -2.26537898e-01 -2.15004385e-01 -2.01423869e-01 -1.86072648e-01 -1.69302449e-01
 -1.51410729e-01 -1.32559195e-01 -1.12759404e-01 -9.18887109e-02 -6.97358325e-02
 -4.60863300e-02 -2.08718982e-02  5.58074843e-03  3.21783312e-02  5.86404204e-02
  8.50574523e-02  1.11497439e-01  1.38013870e-01  1.64647788e-01  1.91423103e-01
  2.18332693e-01  2.45307878e-01  2.72152275e-01  2.98403084e-01  3.23120534e-01
  1.22119732e-01  1.16373710e-01  1.07382655e-01  9.60701481e-02  8.36002827e-02
  7.05163777e-02  5.69937304e-02  4.30846624e-02  2.88097579e-02  1.37200458e-02
 -2.01494736e-03 -1.81842670e-02 -3.45717110e-02 -5.09786867e-02 -6.72366470e-02
 -8.32112804e-02 -9.88006368e-02 -1.13929212e-01 -1.28539667e-01 -1.42583564e-01
 -1.56012148e-01 -1.68767735e-01 -1.80776924e-01 -1.91945761e-01 -2.02164903e-01
 -2.11338758e-01 -2.19407097e-01 -2.26350561e-01 -2.32184246e-01 -2.36943617e-01
 -2.40667567e-01 -2.43381992e-01 -2.45085821e-01 -2.45740399e-01 -2.45263249e-01
 -2.43527055e-01 -2.40366504e-01 -2.35595480e-01 -2.29036912e-01 -2.20563293e-01
 -2.10139170e-01 -1.97849274e-01 -1.83893025e-01 -1.68532312e-01 -1.51997939e-01
 -1.34428635e-01 -1.15848526e-01 -9.61674154e-02 -7.52059370e-02 -5.27523831e-02
 -2.86681987e-02 -3.06898938e-03  2.33948808e-02  4.91868332e-02  7.52442628e-02
  1.01564646e-01  1.28200680e-01  1.55238554e-01  1.82790846e-01  2.10995764e-01
  2.40020186e-01  2.70067185e-01  3.01397383e-01  3.34388912e-01  3.69218618e-01
  1.29618779e-01  1.26200214e-01  1.11680470e-01  9.75541472e-02  8.45671967e-02
  7.15513453e-02  5.82854785e-02  4.46982235e-02  3.07399035e-02  1.63419321e-02
  1.23562070e-03 -1.43451206e-02 -3.01739052e-02 -4.60453406e-02 -6.17843047e-02
 -7.72496387e-02 -9.23329219e-02 -1.06953532e-01 -1.21051572e-01 -1.34579733e-01
 -1.47495151e-01 -1.59752011e-01 -1.71295390e-01 -1.82057217e-01 -1.91954836e-01
 -2.00898185e-01 -2.08810955e-01 -2.15642035e-01 -2.21365735e-01 -2.25973964e-01
 -2.29463995e-01 -2.31825426e-01 -2.33028725e-01 -2.33017430e-01 -2.31705695e-01
 -2.28982568e-01 -2.24724784e-01 -2.18818054e-01 -2.11184829e-01 -2.01812208e-01
 -1.90769061e-01 -1.78200200e-01 -1.64287299e-01 -1.49189562e-01 -1.33007497e-01
 -1.15760058e-01 -9.73778293e-02 -7.77160898e-02 -5.65941669e-02 -3.38749886e-02
 -9.60761122e-03  1.57412551e-02  4.09667455e-02  6.63534626e-02  9.20160860e-02
  1.18055642e-01  1.44588038e-01  1.71758890e-01  1.99755833e-01  2.28823677e-01
  2.59285986e-01  2.91577190e-01  3.26282710e-01  3.64077151e-01  4.04272020e-01
  1.22345053e-01  1.17179058e-01  1.08348452e-01  9.71010998e-02  8.49023834e-02
  7.23221749e-02  5.94784617e-02  4.63681780e-02  3.29603776e-02  1.92186069e-02
  4.78779199e-03 -1.01225581e-02 -2.52971519e-02 -4.05336507e-02 -5.56547195e-02
 -7.05137700e-02 -8.49954262e-02 -9.90121514e-02 -1.12498544e-01 -1.25404432e-01
 -1.37687728e-01 -1.49307966e-01 -1.60220727e-01 -1.70373857e-01 -1.79705679e-01
 -1.88145682e-01 -1.95618585e-01 -2.02055708e-01 -2.07401320e-01 -2.11611181e-01
 -2.14646652e-01 -2.16467083e-01 -2.17023358e-01 -2.16254592e-01 -2.14089930e-01
 -2.10456297e-01 -2.05291614e-01 -1.98561549e-01 -1.90275013e-01 -1.80491626e-01
 -1.69312537e-01 -1.56851351e-01 -1.43208697e-01 -1.28447369e-01 -1.12573817e-01
 -9.55303460e-02 -7.72020370e-02 -5.74452393e-02 -3.61487418e-02 -1.33460406e-02
  1.06000556e-02  3.47349457e-02  5.90568297e-02  8.36333185e-02  1.08550780e-01
  1.33913115e-01  1.59849033e-01  1.86522812e-01  2.14148253e-01  2.43007496e-01
  2.73476750e-01  3.06059808e-01  3.41427296e-01  3.80478948e-01  4.24718350e-01
  1.26009330e-01  1.22831836e-01  1.10478766e-01  9.72298756e-02  8.49244148e-02
  7.27038458e-02  6.03773035e-02  4.78749461e-02  3.51519585e-02  2.21698619e-02
  8.51614494e-03 -5.61865931e-03 -2.00320296e-02 -3.45277004e-02 -4.89285402e-02
 -6.30837455e-02 -7.68709779e-02 -9.01946425e-02 -1.02981634e-01 -1.15175650e-01
 -1.26731128e-01 -1.37607381e-01 -1.47763699e-01 -1.57155424e-01 -1.65731773e-01
 -1.73435226e-01 -1.80202737e-01 -1.85968429e-01 -1.90666333e-01 -1.94234177e-01
 -1.96614176e-01 -1.97751626e-01 -1.97593659e-01 -1.96090162e-01 -1.93197682e-01
 -1.88886121e-01 -1.83146760e-01 -1.75997794e-01 -1.67482585e-01 -1.57662407e-01
 -1.46605119e-01 -1.34368852e-01 -1.20985851e-01 -1.06449664e-01 -9.07092616e-02
 -7.36744702e-02 -5.52386828e-02 -3.53284106e-02 -1.39937215e-02  8.44358094e-03
  3.11791748e-02  5.41203655e-02  7.73003846e-02  1.00766748e-01  1.24583125e-01
  1.48832053e-01  1.73619643e-01  1.99082881e-01  2.25399628e-01  2.52803296e-01
  2.81604856e-01  3.12230915e-01  3.45309377e-01  3.82022202e-01  4.27746654e-01
  1.18877493e-01  1.14194803e-01  1.05816588e-01  9.51937437e-02  8.38747174e-02
  7.23674297e-02  6.07534759e-02  4.90153544e-02  3.71178389e-02  2.50250082e-02
  1.22755757e-02 -9.58265853e-04 -1.44882826e-02 -2.81264652e-02 -4.16978188e-02
 -5.50485775e-02 -6.80498630e-02 -8.05975869e-02 -9.26096588e-02 -1.04021631e-01
 -1.14781611e-01 -1.24845192e-01 -1.34170979e-01 -1.42716855e-01 -1.50437608e-01
 -1.57283485e-01 -1.63200319e-01 -1.68130502e-01 -1.72014922e-01 -1.74795181e-01
 -1.76415980e-01 -1.76827133e-01 -1.75985813e-01 -1.73859060e-01 -1.70426503e-01
 -1.65682718e-01 -1.59638152e-01 -1.52317628e-01 -1.43755302e-01 -1.33986771e-01
 -1.23039320e-01 -1.10921808e-01 -9.76167396e-02 -8.30774531e-02 -6.72344938e-02
 -5.00165522e-02 -3.13944742e-02 -1.14584491e-02  9.46245249e-03  3.06330379e-02
  5.20318821e-02  7.36620128e-02  9.55348909e-02  1.17671929e-01  1.40105888e-01
  1.62882313e-01  1.86061397e-01  2.09719971e-01  2.33953670e-01  2.58878827e-01
  2.84633011e-01  3.11371475e-01  3.39247704e-01  3.68323743e-01  3.97423446e-01
  1.18172206e-01  1.14781767e-01  1.04602709e-01  9.29604769e-02  8.19901004e-02
  7.12187588e-02  6.04630746e-02  4.96421680e-02  3.87100391e-02  2.76367571e-02
  1.59299243e-02  3.73546709e-03 -8.77728499e-03 -2.14316361e-02 -3.40569727e-02
 -4.64981906e-02 -5.86208589e-02 -7.03127384e-02 -8.14825222e-02 -9.20567662e-02
 -1.01975866e-01 -1.11189850e-01 -1.19654395e-01 -1.27327487e-01 -1.34166956e-01
 -1.40128955e-01 -1.45167530e-01 -1.49234921e-01 -1.52282923e-01 -1.54264599e-01
 -1.55136377e-01 -1.54860303e-01 -1.53406024e-01 -1.50752470e-01 -1.46888688e-01
 -1.41813725e-01 -1.35534674e-01 -1.28063217e-01 -1.19410366e-01 -1.09580241e-01
 -9.85640213e-02 -8.63358900e-02 -7.28532746e-02 -5.80650605e-02 -4.19327468e-02
 -2.44718045e-02 -5.82412863e-03  1.36290919e-02  3.31531838e-02  5.29549532e-02
  7.30063468e-02  9.32855234e-02  1.13777049e-01  1.34471804e-01  1.55366838e-01
  1.76464856e-01  1.97773010e-01  2.19300613e-01  2.41054431e-01  2.63030022e-01
  2.85195738e-01  3.07462990e-01  3.29630226e-01  3.51260900e-01  3.71387780e-01
  1.09460637e-01  1.05089732e-01  9.74505618e-02  8.81813169e-02  7.86521435e-02
  6.90735802e-02  5.94265014e-02  4.96840291e-02  3.98289748e-02  2.98544876e-02
  1.93543918e-02  8.35203473e-03 -3.00137070e-03 -1.45398416e-02 -2.60977056e-02
 -3.75197977e-02 -4.86675836e-02 -5.94218783e-02 -6.96828812e-02 -7.93683380e-02
 -8.84106755e-02 -9.67535526e-02 -1.04348585e-01 -1.11152366e-01 -1.17124185e-01
 -1.22224428e-01 -1.26413837e-01 -1.29653469e-01 -1.31905243e-01 -1.33133054e-01
 -1.33304030e-01 -1.32389784e-01 -1.30367383e-01 -1.27219766e-01 -1.22935288e-01
 -1.17506362e-01 -1.10927001e-01 -1.03189602e-01 -9.42813829e-02 -8.41813460e-02
 -7.28593990e-02 -6.02796450e-02 -4.64112386e-02 -3.12506929e-02 -1.48612661e-02
  2.57022865e-03  2.06450038e-02  3.85054573e-02  5.67367338e-02  7.52705261e-02
  9.40521657e-02  1.13034688e-01  1.32175982e-01  1.51437089e-01  1.70780987e-01
  1.90171078e-01  2.09568903e-01  2.28930488e-01  2.48200402e-01  2.67302305e-01
  2.86124736e-01  3.04500431e-01  3.22179854e-01  3.38806093e-01  3.53920132e-01
  1.00659370e-01  9.58458558e-02  8.96322876e-02  8.23524073e-02  7.44732022e-02
  6.62582219e-02  5.78276441e-02  4.92322780e-02  4.04876918e-02  3.15849781e-02
  2.24852730e-02  1.28220720e-02  2.75872578e-03 -7.53988139e-03 -1.79117732e-02
 -2.82036215e-02 -3.82755212e-02 -4.80039008e-02 -5.72824478e-02 -6.60214126e-02
 -7.41457641e-02 -8.15927163e-02 -8.83090869e-02 -9.42488015e-02 -9.93708074e-02
 -1.03637487e-01 -1.07013606e-01 -1.09465823e-01 -1.10962637e-01 -1.11474633e-01
 -1.10974796e-01 -1.09438851e-01 -1.06845163e-01 -1.03174344e-01 -9.84081998e-02
 -9.25283432e-02 -8.55145082e-02 -7.73431882e-02 -6.79873526e-02 -5.74185625e-02
 -4.56131138e-02 -3.25657018e-02 -1.83157064e-02 -2.98817083e-03  1.31277144e-02
  2.95540299e-02  4.60268222e-02  6.28795177e-02  8.00649226e-02  9.75266397e-02
  1.15204811e-01  1.33037835e-01  1.50962755e-01  1.68915138e-01  1.86828747e-01
  2.04634964e-01  2.22261623e-01  2.39630893e-01  2.56656021e-01  2.73236275e-01
  2.89250553e-01  3.04550439e-01  3.18955272e-01  3.32253665e-01  3.44217271e-01
  9.51258689e-02  9.07618478e-02  8.44039470e-02  7.74965286e-02  7.05009997e-02
  6.33190349e-02  5.59734739e-02  4.84958552e-02  4.09083478e-02  3.32233161e-02
  2.54469924e-02  1.71408802e-02  8.43509380e-03 -5.30254736e-04 -9.61050205e-03
 -1.86630040e-02 -2.75528226e-02 -3.61567289e-02 -4.43653874e-02 -5.20839170e-02
 -5.92311956e-02 -6.57384098e-02 -7.15471506e-02 -7.66074732e-02 -8.08760449e-02
 -8.43145996e-02 -8.68887082e-02 -8.85668173e-02 -8.93196315e-02 -8.91196728e-02
 -8.79409388e-02 -8.57585371e-02 -8.25481340e-02 -7.82851651e-02 -7.29441047e-02
 -6.64980188e-02 -5.89191616e-02 -5.01810201e-02 -4.02637497e-02 -2.91651078e-02
 -1.69146582e-02 -3.59596685e-03  1.06015392e-02  2.53946129e-02  3.99895608e-02
  5.51844947e-02  7.08187371e-02  8.68369266e-02  1.03179999e-01  1.19782999e-01
  1.36574656e-01  1.53477445e-01  1.70407832e-01  1.87276751e-01  2.03990534e-01
  2.20452115e-01  2.36562252e-01  2.52220631e-01  2.67326415e-01  2.81777710e-01
  2.95470804e-01  3.08298796e-01  3.20151895e-01  3.30919743e-01  3.40497822e-01
  8.86220336e-02  8.40100497e-02  7.86390677e-02  7.27248043e-02  6.65503666e-02
  6.02492690e-02  5.38719445e-02  4.74436060e-02  4.09820117e-02  3.45046371e-02
  2.80369148e-02  2.11332384e-02  1.38600115e-02  6.32066000e-03 -1.36381376e-03
 -9.06640384e-03 -1.66617446e-02 -2.40312424e-02 -3.10662575e-02 -3.76696996e-02
 -4.37563658e-02 -4.92524095e-02 -5.40942252e-02 -5.82271293e-02 -6.16039224e-02
 -6.41835034e-02 -6.59294799e-02 -6.68089762e-02 -6.67914823e-02 -6.58480674e-02
 -6.39508367e-02 -6.10726625e-02 -5.71868084e-02 -5.22664562e-02 -4.62847389e-02
 -3.92166115e-02 -3.10442019e-02 -2.17628516e-02 -1.13931168e-02 -1.98701746e-05
  1.21909324e-02  2.50298120e-02  3.78453769e-02  5.13738394e-02  6.54179007e-02
  7.99646825e-02  9.49651673e-02  1.10363983e-01  1.26098111e-01  1.42095357e-01
  1.58272922e-01  1.74536467e-01  1.90779909e-01  2.06886247e-01  2.22729743e-01
  2.38179788e-01  2.53105849e-01  2.67383248e-01  2.80898333e-01  2.93552697e-01
  3.05265397e-01  3.15973252e-01  3.25629860e-01  3.34203929e-01  3.41677994e-01
  8.38768855e-02  7.99733922e-02  7.39062577e-02  6.79693371e-02  6.23427853e-02
  5.68107888e-02  5.13368994e-02  4.59110402e-02  4.05285358e-02  3.51842865e-02
  2.98661087e-02  2.45392341e-02  1.88082661e-02  1.27884876e-02  6.59539085e-03
  3.45465465e-04 -5.84601006e-03 -1.18679116e-02 -1.76158529e-02 -2.29939464e-02
 -2.79156622e-02 -3.23039331e-02 -3.60907726e-02 -3.92167121e-02 -4.16301154e-02
 -4.32862528e-02 -4.41460051e-02 -4.41743433e-02 -4.33387719e-02 -4.16082218e-02
 -3.89531665e-02 -3.53476815e-02 -3.07707246e-02 -2.52060611e-02 -1.86416153e-02
 -1.10727409e-02 -2.52794381e-03  6.93200901e-03  1.72624793e-02  2.81905141e-02
  3.90917361e-02  5.08259870e-02  6.31926581e-02  7.61749521e-02  8.97274315e-02
  1.03811368e-01  1.18383147e-01  1.33391663e-01  1.48775548e-01  1.64460242e-01
  1.80354878e-01  1.96349293e-01  2.12312043e-01  2.28090137e-01  2.43512005e-01
  2.58394629e-01  2.72555083e-01  2.85824478e-01  2.98061937e-01  3.09165239e-01
  3.19076359e-01  3.27781528e-01  3.35305721e-01  3.41702819e-01  3.47043902e-01
  7.63142332e-02  7.19013363e-02  6.71251938e-02  6.21910580e-02  5.73408864e-02
  5.26535511e-02  4.81242575e-02  4.37324084e-02  3.94625627e-02  3.53087783e-02
  3.12747471e-02  2.73742452e-02  2.31368653e-02  1.86435562e-02  1.39834229e-02
  9.25205182e-03  4.54821344e-03 -2.95992431e-05 -4.38607205e-03 -8.43108725e-03
 -1.20808054e-02 -1.52579788e-02 -1.78919435e-02 -1.99190453e-02 -2.12841369e-02
 -2.19408516e-02 -2.18506120e-02 -2.09806617e-02 -1.93012133e-02 -1.67821702e-02
 -1.33926552e-02 -9.11684334e-03 -3.96100618e-03  2.04594363e-03  8.86553619e-03
  1.65053792e-02  2.47967616e-02  3.33278887e-02  4.27418314e-02  5.28718382e-02
  6.35986179e-02  7.49659762e-02  8.69639367e-02  9.95793045e-02  1.12792760e-01
  1.26580894e-01  1.40914574e-01  1.55756325e-01  1.71056792e-01  1.86750039e-01
  2.02747688e-01  2.18931794e-01  2.35147327e-01  2.51195848e-01  2.66834378e-01
  2.81784713e-01  2.95757413e-01  3.08487147e-01  3.19767237e-01  3.29472959e-01
  3.37571710e-01  3.44121486e-01  3.49257648e-01  3.53166699e-01  3.56050551e-01
  6.92689121e-02  6.52708709e-02  6.00867644e-02  5.53099588e-02  5.12076505e-02
  4.74840514e-02  4.40153405e-02  4.07366604e-02  3.76189463e-02  3.46592665e-02
  3.18775885e-02  2.93204077e-02  2.65355408e-02  2.35518385e-02  2.04272643e-02
  1.72357913e-02  1.40589932e-02  1.09806070e-02  8.08305386e-03  5.44545427e-03
  3.14306072e-03  1.24814070e-03 -1.68116254e-04 -1.03536132e-03 -1.29638275e-03
 -9.09326482e-04  1.53234374e-04  1.90610415e-03  4.35613794e-03  7.51737785e-03
  1.14575205e-02  1.61779132e-02  2.16081087e-02  2.75784917e-02  3.37418467e-02
  4.08051535e-02  4.86102179e-02  5.70598058e-02  6.61815926e-02  7.59614855e-02
  8.63810927e-02  9.74392593e-02  1.09136149e-01  1.21472053e-01  1.34446234e-01
  1.48056105e-01  1.62295669e-01  1.77153096e-01  1.92606792e-01  2.08619714e-01
  2.25130662e-01  2.42041618e-01  2.59199500e-01  2.76371241e-01  2.93215573e-01
  3.09269696e-01  3.23992670e-01  3.36884081e-01  3.47593188e-01  3.55945498e-01
  3.61942559e-01  3.65759492e-01  3.67740899e-01  3.68354857e-01  3.68066072e-01
  5.79008535e-02  5.32224365e-02  4.93175983e-02  4.61366177e-02  4.34836969e-02
  4.11350615e-02  3.89596857e-02  3.69049124e-02  3.49606350e-02  3.31388414e-02
  3.14635970e-02  2.99641695e-02  2.86638495e-02  2.71595009e-02  2.55206954e-02
  2.38226689e-02  2.21402291e-02  2.05450710e-02  1.91041194e-02  1.78783834e-02
  1.69230271e-02  1.62908286e-02  1.60450526e-02  1.62978396e-02  1.71071794e-02
  1.84973422e-02  2.04671156e-02  2.29835119e-02  2.59604920e-02  2.92106438e-02
  3.32268737e-02  3.79678980e-02  4.33494188e-02  4.93030287e-02  5.57891205e-02
  6.28746003e-02  7.05681145e-02  7.88656324e-02  8.77721310e-02  9.72924158e-02
  1.07432880e-01  1.18204325e-01  1.29621238e-01  1.41701296e-01  1.54465064e-01
  1.67935729e-01  1.82138547e-01  1.97099805e-01  2.12844595e-01  2.29392946e-01
  2.46752545e-01  2.64906198e-01  2.83789366e-01  3.03248346e-01  3.22949797e-01
  3.42170149e-01  3.59541267e-01  3.73720884e-01  3.84387434e-01  3.91269773e-01
  3.94450098e-01  3.94217104e-01  3.91080886e-01  3.86543542e-01  3.81808341e-01
  4.26237956e-02  3.67341600e-02  3.49723920e-02  3.48803438e-02  3.46173719e-02
  3.40580903e-02  3.33265699e-02  3.25204954e-02  3.17099579e-02  3.09507679e-02
  3.02926935e-02  2.97856908e-02  2.94892751e-02  2.92655937e-02  2.89229210e-02
  2.85534300e-02  2.82274298e-02  2.80026142e-02  2.79261190e-02  2.80322414e-02
  2.83354763e-02  2.88152806e-02  2.93824393e-02  3.05383131e-02  3.22501175e-02
  3.44784558e-02  3.71986888e-02  4.03883420e-02  4.40257974e-02  4.81044911e-02
  5.26832305e-02  5.77784292e-02  6.33830801e-02  6.94857538e-02  7.60828853e-02
  8.31864029e-02  9.08084735e-02  9.89614055e-02  1.07660100e-01  1.16922297e-01
  1.26769230e-01  1.37226507e-01  1.48324698e-01  1.60100028e-01  1.72595292e-01
  1.85861021e-01  1.99957073e-01  2.14954466e-01  2.30937436e-01  2.48005375e-01
  2.66273975e-01  2.85874665e-01  3.06951433e-01  3.29657823e-01  3.54192108e-01
  3.81245196e-01  4.12105292e-01  4.21324074e-01  4.36151743e-01  4.39528435e-01
  4.37637150e-01  4.37015742e-01  4.17544931e-01  4.04185027e-01  3.94021958e-01
  2.94902455e-02  2.21799519e-02  2.29792353e-02  2.54262425e-02  2.67420989e-02
  2.74557546e-02  2.78423503e-02  2.80539319e-02  2.81924400e-02  2.83323638e-02
  2.85291057e-02  2.88213659e-02  2.92279441e-02  2.97342818e-02  3.03193275e-02
  3.09959762e-02  3.17898169e-02  3.27298418e-02  3.38439718e-02  3.51567566e-02
  3.66889164e-02  3.84605490e-02  4.05039042e-02  4.29022089e-02  4.56891544e-02
  4.88729253e-02  5.24507910e-02  5.64155914e-02  6.07604086e-02  6.54835999e-02
  7.05922917e-02  7.60915056e-02  8.19833130e-02  8.82700086e-02  9.49576050e-02
  1.02057695e-01  1.09586306e-01  1.17563501e-01  1.26013488e-01  1.34964824e-01
  1.44450739e-01  1.54509693e-01  1.65186301e-01  1.76532447e-01  1.88609153e-01
  2.01489165e-01  2.15260565e-01  2.30031982e-01  2.45939687e-01  2.63157487e-01
  2.81910032e-01  3.02489340e-01  3.25273126e-01  3.50746155e-01  3.79592896e-01
  4.12247241e-01  4.34749871e-01  4.50412303e-01  4.62580204e-01  4.61956978e-01
  4.61637437e-01  4.46196973e-01  4.27669764e-01  4.12061721e-01  3.99541020e-01
  2.63773520e-02  2.00835764e-02  1.84444729e-02  1.93585381e-02  2.07206886e-02
  2.19306163e-02  2.29417961e-02  2.38233879e-02  2.46558990e-02  2.55082306e-02
  2.64336690e-02  2.74702217e-02  2.86418851e-02  2.99608801e-02  3.14349085e-02
  3.30748744e-02  3.48951146e-02  3.69119123e-02  3.91419269e-02  4.16012667e-02
  4.43053767e-02  4.72700968e-02  5.05136363e-02  5.40570840e-02  5.79129308e-02
  6.20840825e-02  6.65662512e-02  7.13509321e-02  7.64282495e-02  8.17895159e-02
  8.74287635e-02  9.33425874e-02  9.95306149e-02  1.05996691e-01  1.12750150e-01
  1.19806506e-01  1.27187490e-01  1.34920746e-01  1.43039465e-01  1.51582092e-01
  1.60592139e-01  1.70118406e-01  1.80215567e-01  1.90945402e-01  2.02378720e-01
  2.14598477e-01  2.27704182e-01  2.41818503e-01  2.57097095e-01  2.73743361e-01
  2.92031944e-01  3.12346816e-01  3.35246295e-01  3.61557633e-01  3.92012000e-01
  4.20446664e-01  4.39135104e-01  4.55142111e-01  4.61098284e-01  4.62374747e-01
  4.55509722e-01  4.38885570e-01  4.22279984e-01  4.08241570e-01  3.96510392e-01
  1.63881425e-02  7.85942748e-03  1.03420215e-02  1.38470493e-02  1.58135258e-02
  1.72915272e-02  1.85814388e-02  1.98213421e-02  2.11004987e-02  2.24825162e-02
  2.40122657e-02  2.57201456e-02  2.76258867e-02  2.97421310e-02  3.20780128e-02
  3.46419625e-02  3.74427959e-02  4.04896699e-02  4.37914766e-02  4.73561846e-02
  5.11902906e-02  5.52984923e-02  5.96833080e-02  6.43441379e-02  6.92752749e-02
  7.44652450e-02  7.98974559e-02  8.55516568e-02  9.14059877e-02  9.74392444e-02
  1.03633091e-01  1.09973989e-01  1.16455056e-01  1.23077519e-01  1.29851803e-01
  1.36797756e-01  1.43944293e-01  1.51328370e-01  1.58993721e-01  1.66989550e-01
  1.75369427e-01  1.84190631e-01  1.93514153e-01  2.03405172e-01  2.13934451e-01
  2.25180581e-01  2.37233222e-01  2.50197738e-01  2.64201999e-01  2.79405981e-01
  2.96016634e-01  3.14311653e-01  3.34676296e-01  3.57616186e-01  3.82979184e-01
  4.04819936e-01  4.19864178e-01  4.32446361e-01  4.36647743e-01  4.37521815e-01
  4.30556893e-01  4.18027967e-01  4.06303734e-01  3.95850986e-01  3.86578947e-01
  2.03802474e-02  1.35850133e-02  1.11225769e-02  1.13056004e-02  1.22451652e-02
  1.33135840e-02  1.44619439e-02  1.57599282e-02  1.72725357e-02  1.90402307e-02
  2.10832693e-02  2.34095063e-02  2.60207877e-02  2.89172083e-02  3.20995264e-02
  3.55701037e-02  3.93327437e-02  4.33917604e-02  4.77507785e-02  5.24115190e-02
  5.73726855e-02  6.26290739e-02  6.81707412e-02  7.39822015e-02  8.00416842e-02
  8.63208994e-02  9.27854031e-02  9.93959159e-02  1.06110476e-01  1.12887450e-01
  1.19689099e-01  1.26485482e-01  1.33257985e-01  1.40002057e-01  1.46728650e-01
  1.53464198e-01  1.60249010e-01  1.67134568e-01  1.74180388e-01  1.81450650e-01
  1.89011589e-01  1.96929470e-01  2.05269620e-01  2.14096084e-01  2.23472163e-01
  2.33461171e-01  2.44127512e-01  2.55537659e-01  2.67760426e-01  2.80865788e-01
  2.94919729e-01  3.09970766e-01  3.26017648e-01  3.42935979e-01  3.60036105e-01
  3.74976993e-01  3.86842102e-01  3.95282000e-01  3.99945885e-01  4.00655538e-01
  3.97386014e-01  3.91755760e-01  3.85400474e-01  3.78881872e-01  3.72520119e-01
  1.18198283e-02  2.10561650e-03  5.70363319e-03  8.26664548e-03  8.84070992e-03
  9.22032073e-03  9.89262015e-03  1.10261654e-02  1.26589341e-02  1.47726424e-02
  1.73298623e-02  2.02923920e-02  2.36296635e-02  2.73215845e-02  3.13581154e-02
  3.57370302e-02  4.04608436e-02  4.55336198e-02  5.09581417e-02  5.67336008e-02
  6.28539175e-02  6.93065822e-02  7.60717466e-02  8.31214339e-02  9.04186666e-02
  9.79167223e-02  1.05558820e-01  1.13278925e-01  1.21004172e-01  1.28659353e-01
  1.36173487e-01  1.43487394e-01  1.50561169e-01  1.57379895e-01  1.63956389e-01
  1.70330405e-01  1.76564500e-01  1.82737499e-01  1.88936919e-01  1.95252046e-01
  2.01768577e-01  2.08565205e-01  2.15711981e-01  2.23269954e-01  2.31291458e-01
  2.39820346e-01  2.48891816e-01  2.58531123e-01  2.68750250e-01  2.79541492e-01
  2.90865362e-01  3.02630097e-01  3.14656615e-01  3.26627225e-01  3.38043392e-01
  3.48293304e-01  3.56835097e-01  3.63297880e-01  3.67484838e-01  3.69384199e-01
  3.69210422e-01  3.67405295e-01  3.64491284e-01  3.60908926e-01  3.56977254e-01
  2.50577088e-02  1.72471870e-02  1.17312521e-02  7.92836118e-03  5.26627712e-03
  3.79887223e-03  3.61820031e-03  4.58758092e-03  6.49231952e-03  9.14278813e-03
  1.23900156e-02  1.61261149e-02  2.02820841e-02  2.48221979e-02  2.97358893e-02
  3.50287296e-02  4.07140590e-02  4.68060598e-02  5.33146225e-02  6.02419004e-02
  6.75805286e-02  7.53130540e-02  8.34119692e-02  9.18394551e-02  1.00546002e-01
  1.09467804e-01  1.18523546e-01  1.27612114e-01  1.36613488e-01  1.45395026e-01
  1.53823972e-01  1.61784470e-01  1.69194818e-01  1.76020786e-01  1.82281643e-01
  1.88047886e-01  1.93430677e-01  1.98565394e-01  2.03593791e-01  2.08649382e-01
  2.13848442e-01  2.19286397e-01  2.25037962e-01  2.31158957e-01  2.37688497e-01
  2.44650468e-01  2.52054095e-01  2.59892851e-01  2.68141657e-01  2.76751935e-01
  2.85643935e-01  2.94697195e-01  3.03740174e-01  3.12544852e-01  3.20835084e-01
  3.28316003e-01  3.34717721e-01  3.39835167e-01  3.43553960e-01  3.45863044e-01
  3.46854746e-01  3.46706152e-01  3.45641106e-01  3.43888044e-01  3.41650814e-01
  3.00593115e-02  2.12703198e-02  1.27172088e-02  4.42551915e-03 -2.99208774e-03
 -6.72701374e-03 -6.69615110e-03 -4.96166153e-03 -2.04557157e-03  1.72107248e-03
  6.07476989e-03  1.08490651e-02  1.59617588e-02  2.13956665e-02  2.71755122e-02
  3.33463177e-02  3.99571881e-02  4.70503680e-02  5.46542183e-02  6.27792329e-02
  7.14171156e-02  8.05433616e-02  9.01220590e-02  1.00109510e-01  1.10453188e-01
  1.21084936e-01  1.31909177e-01  1.42788991e-01  1.53535798e-01  1.63912401e-01
  1.73658505e-01  1.82535395e-01  1.90371528e-01  1.97093189e-01  2.02737659e-01
  2.07449138e-01  2.11453781e-01  2.15014383e-01  2.18381703e-01  2.21763253e-01
  2.25314200e-01  2.29142278e-01  2.33317301e-01  2.37880230e-01  2.42849961e-01
  2.48227701e-01  2.53999114e-01  2.60134757e-01  2.66588897e-01  2.73297578e-01
  2.80175716e-01  2.87114590e-01  2.93981194e-01  3.00620884e-01  3.06865394e-01
  3.12546611e-01  3.17513406e-01  3.21648359e-01  3.24880362e-01  3.27190846e-01
  3.28613073e-01  3.29223663e-01  3.29128891e-01  3.28448743e-01  3.27303022e-01
  3.33616026e-02  2.32780203e-02  1.21753123e-02 -5.15070220e-04 -1.50061175e-02
 -2.20740531e-02 -2.20575966e-02 -1.85715761e-02 -1.31270615e-02 -7.27780489e-03
 -1.22007052e-03  4.87605669e-03  1.09861987e-02  1.72110945e-02  2.36946531e-02
  3.05771772e-02  3.79797369e-02  4.59950864e-02  5.46826385e-02  6.40647560e-02
  7.41205141e-02  8.47944170e-02  9.60238725e-02  1.07761405e-01  1.19976752e-01
  1.32641405e-01  1.45700082e-01  1.59027800e-01  1.72370806e-01  1.85293540e-01
  1.97215065e-01  2.07589597e-01  2.16057763e-01  2.22468227e-01  2.26889923e-01
  2.29627177e-01  2.31214300e-01  2.32251868e-01  2.33210012e-01  2.34381869e-01
  2.35927626e-01  2.37925008e-01  2.40403399e-01  2.43363619e-01  2.46788681e-01
  2.50649184e-01  2.54905730e-01  2.59509385e-01  2.64401466e-01  2.69512624e-01
  2.74762094e-01  2.80057758e-01  2.85297185e-01  2.90370703e-01  2.95166373e-01
  2.99576819e-01  3.03507119e-01  3.06882203e-01  3.09652478e-01  3.11797082e-01
  3.13323438e-01  3.14263970e-01  3.14670295e-01  3.14606309e-01  3.14141303e-01
  3.78480442e-02  2.74449196e-02  1.55939674e-02  1.54792995e-03 -1.59315690e-02
 -2.71771364e-02 -3.36797982e-02 -3.13115306e-02 -2.55662575e-02 -1.64687987e-02
 -7.82906823e-03 -4.72497864e-04  6.13518618e-03  1.25884339e-02  1.92876607e-02
  2.64618471e-02  3.43544036e-02  4.31201868e-02  5.28306067e-02  6.35906830e-02
  7.53437132e-02  8.78471732e-02  1.00915678e-01  1.14505284e-01  1.28671899e-01
  1.43524110e-01  1.59188345e-01  1.75765887e-01  1.93226516e-01  2.11031631e-01
  2.27264151e-01  2.40166709e-01  2.49790922e-01  2.55439103e-01  2.57615060e-01
  2.56058335e-01  2.52712786e-01  2.49546453e-01  2.47153208e-01  2.45636970e-01
  2.44967610e-01  2.45077610e-01  2.45891988e-01  2.47337386e-01  2.49344006e-01
  2.51844764e-01  2.54773676e-01  2.58064210e-01  2.61647731e-01  2.65452415e-01
  2.69402593e-01  2.73418933e-01  2.77419358e-01  2.81320840e-01  2.85042375e-01
  2.88508475e-01  2.91652799e-01  2.94421852e-01  2.96777606e-01  2.98698962e-01
  3.00181687e-01  3.01237047e-01  3.01889181e-01  3.02171558e-01  3.02123785e-01
  4.46115993e-02  3.52114066e-02  2.47834697e-02  1.31529355e-02  5.33816346e-04
 -1.22593530e-02 -2.76002157e-02 -2.90504135e-02 -2.93447692e-02 -1.82408709e-02
 -8.92546773e-03 -2.50589172e-03  1.95780280e-03  7.23261759e-03  1.39971999e-02
  2.01375652e-02  2.80278996e-02  3.78841273e-02  4.76234481e-02  6.00180924e-02
  7.49625713e-02  8.99835974e-02  1.04968615e-01  1.20166354e-01  1.35882154e-01
  1.52459830e-01  1.70311004e-01  1.89975545e-01  2.12249368e-01  2.38646999e-01
  2.67483473e-01  2.76935607e-01  2.95817286e-01  2.92613566e-01  2.99906611e-01
  2.83811092e-01  2.71767437e-01  2.63531715e-01  2.57767409e-01  2.53805786e-01
  2.51231432e-01  2.49764934e-01  2.49207839e-01  2.49411538e-01  2.50258535e-01
  2.51650691e-01  2.53502071e-01  2.55733997e-01  2.58272111e-01  2.61044443e-01
  2.63980269e-01  2.67009795e-01  2.70064384e-01  2.73077697e-01  2.75986910e-01
  2.78734475e-01  2.81270087e-01  2.83552289e-01  2.85549760e-01  2.87242115e-01
  2.88619757e-01  2.89683312e-01  2.90442199e-01  2.90913045e-01  2.91117638e-01
  5.32030798e-02  4.55603637e-02  3.73397097e-02  2.85483897e-02  1.93321314e-02
  9.97666828e-03  1.10662717e-03 -6.91160513e-03 -1.83806214e-02 -5.43629471e-03
  4.62169788e-04  3.51474620e-03  3.14689707e-03  6.05625845e-03  1.41943023e-02
  1.73615497e-02  2.47877650e-02  3.68122160e-02  4.39906456e-02  5.77142648e-02
  7.66663179e-02  9.34163406e-02  1.09289296e-01  1.25020906e-01  1.41133666e-01
  1.58096462e-01  1.76426485e-01  1.96789086e-01  2.20126435e-01  2.47727320e-01
  2.75030196e-01  2.88006574e-01  3.03395152e-01  3.03628922e-01  3.06454599e-01
  2.92442828e-01  2.78772831e-01  2.69027472e-01  2.62058288e-01  2.57075995e-01
  2.53581166e-01  2.51250803e-01  2.49864370e-01  2.49260485e-01  2.49312907e-01
  2.49917299e-01  2.50983685e-01  2.52431959e-01  2.54188895e-01  2.56186217e-01
  2.58359373e-01  2.60647088e-01  2.62991071e-01  2.65336484e-01  2.67632425e-01
  2.69832879e-01  2.71897495e-01  2.73792475e-01  2.75491089e-01  2.76974052e-01
  2.78229594e-01  2.79252827e-01  2.80045331e-01  2.80613959e-01  2.80969948e-01
  2.87024808e+00  2.76937604e+00  2.56668782e+00  2.38889384e+00  2.21994233e+00
  2.08443165e+00  1.97548640e+00  1.88891125e+00  1.82052505e+00  1.76679897e+00
  1.72528946e+00  1.69445515e+00  1.67150569e+00  1.65649498e+00  1.64761055e+00
  1.64474893e+00  1.64667833e+00  1.65302932e+00  1.66341317e+00  1.67727292e+00
  1.69401789e+00  1.71316504e+00  1.73416817e+00  1.75669408e+00  1.78053761e+00
  1.80538559e+00  1.83095431e+00  1.85703230e+00  1.88351524e+00  1.91024482e+00
  1.93707061e+00  1.96381414e+00  1.99044871e+00  2.01695919e+00  2.04328251e+00
  2.06933975e+00  2.09522009e+00  2.12102938e+00  2.14679360e+00  2.17268443e+00
  2.19868302e+00  2.22512078e+00  2.25220370e+00  2.28006601e+00  2.30909872e+00
  2.33943629e+00  2.37168527e+00  2.40621448e+00  2.44333506e+00  2.48366141e+00
  2.52761745e+00  2.57611370e+00  2.62964940e+00  2.68941498e+00  2.75647879e+00
  2.83295441e+00  2.92084074e+00  3.02339482e+00  3.14453840e+00  3.29145646e+00
  3.47597790e+00  3.71374655e+00  4.04505539e+00  4.58620119e+00  7.72521210e+00
   89   89
  1.03691924e+00  0.00000000e+00  1.03798783e+00  1.00000001e-01  1.04182732e+00
  2.00000003e-01  1.04773474e+00  3.00000012e-01  1.05250001e+00  3.65510106e-01
  1.05936575e+00  4.49999988e-01  1.06943393e+00  5.50000012e-01  1.07906246e+00
  6.39944851e-01  1.08541572e+00  6.99999988e-01  1.09999204e+00  8.00000012e-01
  1.10790694e+00  8.50000024e-01  1.13127255e+00  9.49999988e-01  1.14353859e+00
  1.00000000e+00  1.16096056e+00  1.05409718e+00  1.16317105e+00  1.06308758e+00
  1.23843753e+00  1.06750357e+00  1.29156256e+00  1.06487000e+00  1.34468746e+00
  1.05965853e+00  1.39781249e+00  1.05307519e+00  1.42497373e+00  1.04999995e+00
  1.47749996e+00  1.04061735e+00  1.53062499e+00  1.02672005e+00  1.58375001e+00
  1.00954318e+00  1.61162102e+00  1.00000000e+00  1.66343749e+00  9.80359316e-01
  1.71656251e+00  9.54211831e-01  1.74312496e+00  9.41290200e-01  1.79624999e+00
  9.09683049e-01  1.82281256e+00  8.92575741e-01  1.87593746e+00  8.52467418e-01
  1.90250003e+00  8.32001925e-01  1.93813813e+00  8.00000012e-01  1.98218751e+00
  7.57725179e-01  2.00874996e+00  7.30304658e-01  2.03531241e+00  6.99730337e-01
  2.07490826e+00  6.49999976e-01  2.10990524e+00  6.00000024e-01  2.14002609e+00
  5.50000012e-01  2.16605616e+00  5.00000000e-01  2.18882537e+00  4.49999988e-01
  2.20907903e+00  4.00000006e-01  2.22744322e+00  3.49999994e-01  2.24781251e+00
  2.91015506e-01  2.27380586e+00  2.00000003e-01  2.28564453e+00  1.50000006e-01
  2.29934359e+00  5.00000007e-02  2.29723740e+00 -5.00000007e-02  2.27908802e+00
 -1.50000006e-01  2.26602769e+00 -2.00000003e-01  2.24781251e+00 -2.54926592e-01
  2.22125006e+00 -3.29181612e-01  2.19468760e+00 -3.93505096e-01  2.16812491e+00
 -4.48617905e-01  2.14156246e+00 -4.98616755e-01  2.11500001e+00 -5.44018567e-01
  2.08843756e+00 -5.83262861e-01  2.06187510e+00 -6.17985785e-01  2.03444242e+00
 -6.49999976e-01  1.98615575e+00 -6.99999988e-01  1.95562506e+00 -7.29337871e-01
  1.92906249e+00 -7.51071513e-01  1.87593746e+00 -7.91564226e-01  1.84937501e+00
 -8.08519304e-01  1.79624999e+00 -8.39716196e-01  1.76968753e+00 -8.51782501e-01
  1.71656251e+00 -8.76582563e-01  1.66343749e+00 -8.94731343e-01  1.63687503e+00
 -9.01193619e-01  1.58375001e+00 -9.13102746e-01  1.53062499e+00 -9.21324790e-01
  1.47749996e+00 -9.24502134e-01  1.42437506e+00 -9.21530426e-01  1.37125003e+00
 -9.10375595e-01  1.34219563e+00 -8.99999976e-01  1.29156256e+00 -8.75677228e-01
  1.26224852e+00 -8.50000024e-01  1.21823168e+00 -8.00000012e-01  1.18860555e+00
 -7.50000000e-01  1.16621041e+00 -6.99999988e-01  1.14804184e+00 -6.49999976e-01
  1.13218749e+00 -5.99815249e-01  1.10574245e+00 -5.00000000e-01  1.09398019e+00
 -4.49999988e-01  1.07906246e+00 -3.79967511e-01  1.06391680e+00 -3.00000012e-01
  1.05250001e+00 -2.21161738e-01  1.04449785e+00 -1.50000006e-01  1.03803170e+00
 -5.00000007e-02  1.03691924e+00  0.00000000e+00
  1.01600003e+00  0.00000000e+00  1.01600003e+00  9.63999987e-01  1.01800001e+00
  9.67999995e-01  1.01800001e+00  1.00100005e+00  1.01800001e+00  1.01900005e+00
  1.01800001e+00  1.07700002e+00  1.01800001e+00  1.07000005e+00  1.01800001e+00
  1.09599996e+00  1.01800001e+00  1.11300004e+00  1.01800001e+00  1.13800001e+00
  1.01600003e+00  1.14699996e+00  1.01199996e+00  1.16499996e+00  1.00100005e+00
  1.21700001e+00  1.02900004e+00  1.21700001e+00  1.04200006e+00  1.16240001e+00
  1.04600000e+00  1.16237998e+00  1.05599999e+00  1.16260004e+00  1.09700000e+00
  1.16450000e+00  1.10800004e+00  1.16594005e+00  1.11600006e+00  1.16591001e+00
  1.13399994e+00  1.16895998e+00  1.14800000e+00  1.17174995e+00  1.16199994e+00
  1.17556000e+00  1.18099999e+00  1.18299997e+00  1.18200004e+00  1.18350005e+00
  1.18499994e+00  1.18499994e+00  1.19000006e+00  1.18799996e+00  1.19500005e+00
  1.19099998e+00  1.20099998e+00  1.19599998e+00  1.20899999e+00  1.20200002e+00
  1.21500003e+00  1.20799994e+00  1.22200000e+00  1.21399999e+00  1.22800004e+00
  1.22099996e+00  1.23399997e+00  1.23099995e+00  1.23899996e+00  1.23800004e+00
  1.24199998e+00  1.24399996e+00  1.24800003e+00  1.25399995e+00  1.25800002e+00
  1.27800000e+00  1.26300001e+00  1.28999996e+00  1.27999997e+00  1.33099997e+00
  1.27999997e+00  1.34700000e+00  1.27999997e+00  1.34800005e+00  1.30999994e+00
  1.34800005e+00  1.32799995e+00  1.34800005e+00  1.36099994e+00  1.34800005e+00
  1.38000000e+00  1.34800005e+00  1.41900003e+00  1.34800005e+00  1.41900003e+00
  1.30999994e+00  1.37199998e+00  1.30999994e+00  1.37199998e+00  1.29200006e+00
  1.60800004e+00  1.09500003e+00  1.64699996e+00  1.07700002e+00  1.78499997e+00
  1.07700002e+00  2.06999993e+00  1.03999996e+00  2.12800002e+00  9.92999971e-01
  2.24499989e+00  7.08999991e-01  2.32299995e+00  5.18999994e-01  2.37700009e+00
  3.88999999e-01  2.35200000e+00  4.00000006e-01  2.35100007e+00  3.37000012e-01
  2.35100007e+00  2.04999998e-01  2.35400009e+00  6.80000037e-02  2.35400009e+00
  0.00000000e+00  2.35400009e+00 -6.80000037e-02  2.35299993e+00 -2.04999998e-01
  2.35100007e+00 -3.37000012e-01  2.35299993e+00 -4.00000006e-01  2.37700009e+00
 -3.88999999e-01  2.13400006e+00 -9.72999990e-01  1.78600001e+00 -1.17400002e+00
  1.76800001e+00 -1.21099997e+00  1.76800001e+00 -1.25399995e+00  1.68200004e+00
 -1.25399995e+00  1.67400002e+00 -1.26199996e+00  1.67400002e+00 -1.32900000e+00
  1.68099999e+00 -1.33899999e+00  1.75399995e+00 -1.33899999e+00  1.75399995e+00
 -1.36800003e+00  1.68900001e+00 -1.36800003e+00  1.68900001e+00 -1.36600006e+00
  1.55499995e+00 -1.36600006e+00  1.41199994e+00 -1.36600006e+00  1.27300000e+00
 -1.36600006e+00  1.15300000e+00 -1.36600006e+00  1.01600003e+00 -1.22899997e+00
  1.01600003e+00 -8.00000012e-01  1.01600003e+00 -4.14999992e-01  1.01600003e+00
 -4.00000006e-01  1.01600003e+00  0.00000000e+00
    0 0.000000000e+00    0
  0.00000000e+00  1.39322922e-01  1.93854541e-01  2.31557429e-01  2.63096362e-01
  2.89445639e-01  3.12286288e-01  3.32653582e-01  3.51131380e-01  3.68068486e-01
  3.83914649e-01  3.98787677e-01  4.13020730e-01  4.26485091e-01  4.39536691e-01
  4.52182591e-01  4.64469910e-01  4.76453036e-01  4.88196015e-01  4.99767125e-01
  5.11200309e-01  5.22455156e-01  5.33592880e-01  5.44677436e-01  5.55660725e-01
  5.66577911e-01  5.77431083e-01  5.88233650e-01  5.98994911e-01  6.09714568e-01
  6.20397925e-01  6.31024480e-01  6.41628146e-01  6.52216733e-01  6.62757754e-01
  6.73250735e-01  6.83719933e-01  6.94173396e-01  7.04587400e-01  7.14980781e-01
  7.25328028e-01  7.35662341e-01  7.45985210e-01  7.56282628e-01  7.66590059e-01
  7.76857316e-01  7.87147224e-01  7.97453642e-01  8.07773650e-01  8.18146586e-01
  8.28532100e-01  8.39003026e-01  8.49535644e-01  8.60180497e-01  8.70942652e-01
  8.81868720e-01  8.92974675e-01  9.04306948e-01  9.15906131e-01  9.27861750e-01
  9.40316617e-01  9.53294694e-01  9.67083275e-01  9.82130885e-01  1.00000000e+00
    0
