   EFIT?   05/12/98      #102940   796             3  65  65
  1.70000005e+00  3.20000005e+00  1.69550002e+00  8.39999974e-01  0.00000000e+00
  1.76534677e+00  1.03064831e-02 -2.86227465e-01 -9.39771384e-02 -2.00455165e+00
  1.15512888e+06 -2.86227465e-01  0.00000000e+00  1.76534677e+00  0.00000000e+00
  1.03064831e-02  0.00000000e+00 -9.39771384e-02  0.00000000e+00  0.00000000e+00
 -3.42968035e+00 -3.43346715e+00 -3.43663073e+00 -3.43922758e+00 -3.44130898e+00
 -3.44292164e+00 -3.44410872e+00 -3.44490910e+00 -3.44535875e+00 -3.44549108e+00
 -3.44533634e+00 -3.44492340e+00 -3.44427800e+00 -3.44342566e+00 -3.44238877e+00
 -3.44119000e+00 -3.43984985e+00 -3.43838835e+00 -3.43682528e+00 -3.43517923e+00
 -3.43346858e+00 -3.43171096e+00 -3.42992282e+00 -3.42811894e+00 -3.42631221e+00
 -3.42451501e+00 -3.42273808e+00 -3.42099094e+00 -3.41928291e+00 -3.41762114e+00
 -3.41601324e+00 -3.41446471e+00 -3.41298151e+00 -3.41156793e+00 -3.41022825e+00
 -3.40896583e+00 -3.40778303e+00 -3.40668249e+00 -3.40566540e+00 -3.40473294e+00
 -3.40388560e+00 -3.40312314e+00 -3.40244484e+00 -3.40184975e+00 -3.40133595e+00
 -3.40090084e+00 -3.40054131e+00 -3.40025401e+00 -3.40003467e+00 -3.39987779e+00
 -3.39977789e+00 -3.39972830e+00 -3.39972138e+00 -3.39974904e+00 -3.39980149e+00
 -3.39986849e+00 -3.39993834e+00 -3.39999819e+00 -3.40003324e+00 -3.40002823e+00
 -3.39996529e+00 -3.39982510e+00 -3.39958644e+00 -3.39922571e+00 -3.39871716e+00
  3.74073125e+04  3.30602305e+04  2.92018574e+04  2.57955527e+04  2.28064844e+04
  2.02015566e+04  1.79493340e+04  1.60199746e+04  1.43851641e+04  1.30180527e+04
  1.18931973e+04  1.09865059e+04  1.02751826e+04  9.73767871e+03  9.35364551e+03
  9.10388965e+03  8.97033105e+03  8.93596191e+03  8.98481055e+03  9.10190723e+03
  9.27324707e+03  9.48576562e+03  9.72730566e+03  9.98658984e+03  1.02531992e+04
  1.05175498e+04  1.07708672e+04  1.10051748e+04  1.12132686e+04  1.13887070e+04
  1.15257930e+04  1.16195635e+04  1.16657783e+04  1.16609121e+04  1.16021416e+04
  1.14873447e+04  1.13150967e+04  1.10846592e+04  1.07959873e+04  1.04497266e+04
  1.00472100e+04  9.59046973e+03  9.08223242e+03  8.52593164e+03  7.92571191e+03
  7.28644043e+03  6.61371533e+03  5.91387988e+03  5.19403467e+03  4.46205518e+03
  3.72660669e+03  2.99716626e+03  2.28404077e+03  1.59839148e+03  9.52257629e+02
  3.58583130e+02 -1.68754913e+02 -6.14915894e+02 -9.64062805e+02 -1.19932776e+03
 -1.30277466e+03 -1.25535986e+03 -1.03689038e+03 -6.25979614e+02  0.00000000e+00
  4.69648123e+00  3.95548344e+00  3.27988243e+00  2.66415167e+00  2.10329223e+00
  1.59278715e+00  1.12856281e+00  7.06952572e-01  3.24664354e-01 -2.12478265e-02
 -3.33410144e-01 -6.14151835e-01 -8.65525782e-01 -1.08932662e+00 -1.28710651e+00
 -1.46018851e+00 -1.60967875e+00 -1.73647559e+00 -1.84127808e+00 -1.92459142e+00
 -1.98689365e+00 -2.02967024e+00 -2.05476975e+00 -2.06388760e+00 -2.05857873e+00
 -2.04027152e+00 -2.01027918e+00 -1.96981275e+00 -1.91999125e+00 -1.86185122e+00
 -1.79635584e+00 -1.72440386e+00 -1.64683712e+00 -1.56444824e+00 -1.47798717e+00
 -1.38816822e+00 -1.29567611e+00 -1.20117223e+00 -1.10529983e+00 -1.00869060e+00
 -9.11969423e-01 -8.15760434e-01 -7.20692098e-01 -6.27402961e-01 -5.36547303e-01
 -4.48800653e-01 -3.64866048e-01 -2.85479933e-01 -2.11418837e-01 -1.43506050e-01
 -8.26190040e-02 -2.96969041e-02  1.42509993e-02  4.81365100e-02  7.07829297e-02
  8.09147209e-02  7.71462470e-02  5.79696298e-02  2.17414740e-02 -3.33316065e-02
 -1.09208740e-01 -2.08032042e-01 -3.32145452e-01 -4.84115362e-01 -6.66753113e-01
 -1.53161362e+06 -1.36266875e+06 -1.20623038e+06 -1.06168238e+06 -9.28434812e+05
 -8.05922625e+05 -6.93604250e+05 -5.90960688e+05 -4.97494062e+05 -4.12726719e+05
 -3.36200094e+05 -2.67473750e+05 -2.06124422e+05 -1.51744984e+05 -1.03943703e+05
 -6.23432617e+04 -2.65799746e+04  3.69700732e+03  2.88264805e+04  4.91359258e+04
  6.49422344e+04  7.65524062e+04  8.42642031e+04  8.83668359e+04  8.91415703e+04
  8.68623828e+04  8.17965000e+04  7.42050625e+04  6.43436367e+04  5.24628086e+04
  3.88087266e+04  2.36236328e+04  7.14642041e+03 -1.03868682e+04 -2.87425078e+04
 -4.76885820e+04 -6.69944688e+04 -8.64303438e+04 -1.05766664e+05 -1.24773656e+05
 -1.43220844e+05 -1.60876516e+05 -1.77507219e+05 -1.92877219e+05 -2.06748062e+05
 -2.18877969e+05 -2.29021328e+05 -2.36928203e+05 -2.42343688e+05 -2.45007438e+05
 -2.44653031e+05 -2.41007469e+05 -2.33790453e+05 -2.22713875e+05 -2.07481141e+05
 -1.87786516e+05 -1.63314438e+05 -1.33738906e+05 -9.87226328e+04 -5.79164336e+04
 -1.09583555e+04  4.25270508e+04  1.02929578e+05  1.70654250e+05  2.46122125e+05
 -5.62811978e-02 -6.29996583e-02 -7.01797977e-02 -7.77593404e-02 -8.55834708e-02
 -9.33884904e-02 -1.00579686e-01 -1.06933862e-01 -1.14557885e-01 -1.01880603e-01
 -9.47035030e-02 -8.95644948e-02 -8.65308642e-02 -8.23126361e-02 -7.54059553e-02
 -7.11406469e-02 -6.50249422e-02 -5.63718788e-02 -5.01602069e-02 -4.08529118e-02
 -2.85722744e-02 -1.73250437e-02 -6.39160397e-03  4.64800093e-03  1.61125157e-02
  2.83081159e-02  4.15907092e-02  5.64344190e-02  7.35283792e-02  9.36899334e-02
  1.12620518e-01  1.22880906e-01  1.32532835e-01  1.33315057e-01  1.33454874e-01
  1.23479486e-01  1.12648889e-01  1.04720704e-01  9.89367291e-02  9.46981013e-02
  9.16187093e-02  8.94408301e-02  8.79841819e-02  8.71165693e-02  8.67365748e-02
  8.67630914e-02  8.71287808e-02  8.77757743e-02  8.86528045e-02  8.97133499e-02
  9.09143537e-02  9.22154784e-02  9.35788080e-02  9.49687734e-02  9.63523462e-02
  9.76994187e-02  9.89832580e-02  1.00180916e-01  1.01273671e-01  1.02247216e-01
  1.03091776e-01  1.03801958e-01  1.04376420e-01  1.04817420e-01  1.05130203e-01
 -6.28055185e-02 -7.09526464e-02 -8.00756216e-02 -9.03019533e-02 -1.01369940e-01
 -1.12537049e-01 -1.26165390e-01 -1.25713557e-01 -1.24471389e-01 -1.12714544e-01
 -1.02798752e-01 -9.52805951e-02 -8.93624201e-02 -8.35015550e-02 -7.71574229e-02
 -7.12721869e-02 -6.46704882e-02 -5.71169630e-02 -4.95975129e-02 -4.07741964e-02
 -3.05790287e-02 -2.02108547e-02 -9.70890280e-03  1.09555689e-03  1.24160945e-02
  2.45071910e-02  3.76916714e-02  5.24136499e-02  6.93333074e-02  8.93402770e-02
  1.08486839e-01  1.18274502e-01  1.28430471e-01  1.28882855e-01  1.29762679e-01
  1.19699523e-01  1.09269395e-01  1.01758122e-01  9.63473171e-02  9.24602598e-02
  8.97276700e-02  8.79010037e-02  8.68047550e-02  8.63092914e-02  8.63145292e-02
  8.67398009e-02  8.75172466e-02  8.85875225e-02  8.98968428e-02  9.13950130e-02
  9.30342227e-02  9.47683081e-02  9.65526253e-02  9.83442441e-02  1.00102514e-01
  1.01789914e-01  1.03372999e-01  1.04823336e-01  1.06118351e-01  1.07241817e-01
  1.08184054e-01  1.08941719e-01  1.09517224e-01  1.09917879e-01  1.10154845e-01
 -6.73795938e-02 -7.63733760e-02 -8.68147388e-02 -9.94073749e-02 -1.15280174e-01
 -1.24374405e-01 -1.29721209e-01 -1.26339480e-01 -1.20154664e-01 -1.10855229e-01
 -1.02126129e-01 -9.46058333e-02 -8.78974944e-02 -8.15884471e-02 -7.53846243e-02
 -6.90981746e-02 -6.25508428e-02 -5.56161329e-02 -4.82170172e-02 -4.02658135e-02
 -3.17543484e-02 -2.27679443e-02 -1.33651504e-02 -3.53076030e-03  6.80718711e-03
  1.77566502e-02  2.94470657e-02  4.20106277e-02  5.55254258e-02  6.97175488e-02
  8.26040357e-02  9.21542197e-02  9.92078483e-02  1.02494717e-01  1.03138112e-01
  1.00005277e-01  9.54742953e-02  9.15029868e-02  8.83958340e-02  8.61274153e-02
  8.46140534e-02  8.37660134e-02  8.35006312e-02  8.37447494e-02  8.44338238e-02
  8.55099112e-02  8.69196728e-02  8.86124894e-02  9.05389637e-02  9.26496983e-02
  9.48945433e-02  9.72222537e-02  9.95806903e-02  1.01917543e-01  1.04181617e-01
  1.06324598e-01  1.08302988e-01  1.10080123e-01  1.11627840e-01  1.12927593e-01
  1.13970868e-01  1.14758730e-01  1.15300775e-01  1.15613386e-01  1.15717851e-01
 -6.93988949e-02 -7.80258924e-02 -8.77707973e-02 -9.91609022e-02 -1.12211123e-01
 -1.17693737e-01 -1.17202006e-01 -1.13420814e-01 -1.07999660e-01 -1.02238066e-01
 -9.63324308e-02 -9.04725939e-02 -8.47217366e-02 -7.90342167e-02 -7.33201429e-02
 -6.74828812e-02 -6.14333898e-02 -5.50972074e-02 -4.84178960e-02 -4.13589366e-02
 -3.39065306e-02 -2.60651670e-02 -1.78439599e-02 -9.24561266e-03 -2.66148651e-04
  9.09484085e-03  1.88137311e-02  2.88077518e-02  3.88781130e-02  4.86442298e-02
  5.75624406e-02  6.51266575e-02  7.10245818e-02  7.51242414e-02  7.74847344e-02
  7.83713534e-02  7.82862380e-02  7.77919590e-02  7.72964358e-02  7.70290196e-02
  7.71008134e-02  7.75565878e-02  7.84054473e-02  7.96373412e-02  8.12315643e-02
  8.31609070e-02  8.53934214e-02  8.78928974e-02  9.06186700e-02  9.35250446e-02
  9.65608433e-02  9.96691510e-02  1.02787711e-01  1.05850264e-01  1.08788840e-01
  1.11537121e-01  1.14034452e-01  1.16229974e-01  1.18086122e-01  1.19581014e-01
  1.20709218e-01  1.21480860e-01  1.21919192e-01  1.22057162e-01  1.21933565e-01
 -6.96447715e-02 -7.69783854e-02 -8.43804553e-02 -9.17724743e-02 -9.84237567e-02
 -1.01580858e-01 -1.01426542e-01 -9.97670069e-02 -9.70470011e-02 -9.35774371e-02
 -8.96130055e-02 -8.53261128e-02 -8.08167458e-02 -7.61270970e-02 -7.12595135e-02
 -6.61936626e-02 -6.08995482e-02 -5.53463623e-02 -4.95081283e-02 -4.33671027e-02
 -3.69151607e-02 -3.01533658e-02 -2.30904389e-02 -1.57422107e-02 -8.13401677e-03
 -3.07114999e-04  7.67091801e-03  1.56932641e-02  2.36029811e-02  3.11937798e-02
  3.82332802e-02  4.45066057e-02  4.98598181e-02  5.42270280e-02  5.76415844e-02
  6.02332093e-02  6.22057617e-02  6.37935624e-02  6.52141944e-02  6.66407198e-02
  6.81967288e-02  6.99636713e-02  7.19912946e-02  7.43065253e-02  7.69199505e-02
  7.98299387e-02  8.30248967e-02  8.64841938e-02  9.01779979e-02  9.40663964e-02
  9.80981439e-02  1.02209479e-01  1.06323622e-01  1.10351935e-01  1.14197418e-01
  1.17760964e-01  1.20949633e-01  1.23685531e-01  1.25913471e-01  1.27605960e-01
  1.28764868e-01  1.29419133e-01  1.29619226e-01  1.29429355e-01  1.28919363e-01
 -7.03192875e-02 -7.66006336e-02 -8.14640597e-02 -8.51875469e-02 -8.80162939e-02
 -8.97556245e-02 -9.02885497e-02 -8.97432417e-02 -8.83246958e-02 -8.62189010e-02
 -8.35779682e-02 -8.05186033e-02 -7.71230385e-02 -7.34429359e-02 -6.95056096e-02
 -6.53210580e-02 -6.08886629e-02 -5.62028326e-02 -5.12573570e-02 -4.60485369e-02
 -4.05772440e-02 -3.48502733e-02 -2.88813822e-02 -2.26926021e-02 -1.63163524e-02
 -9.79839452e-03 -3.20120202e-03  3.39350896e-03  9.88508761e-03  1.61592904e-02
  2.20996812e-02  2.76034176e-02  3.25973742e-02  3.70503068e-02  4.09784019e-02
  4.44430597e-02  4.75410782e-02  5.03892899e-02  5.31080700e-02  5.58082424e-02
  5.85837103e-02  6.15091994e-02  6.46412522e-02  6.80206046e-02  7.16746524e-02
  7.56194219e-02  7.98606277e-02  8.43937472e-02  8.92029330e-02  9.42587331e-02
  9.95145515e-02  1.04902111e-01  1.10326879e-01  1.15665607e-01  1.20769218e-01
  1.25474244e-01  1.29622012e-01  1.33079499e-01  1.35756135e-01  1.37614042e-01
  1.38671696e-01  1.38999403e-01  1.38705805e-01  1.37917981e-01  1.36762157e-01
 -7.40188584e-02 -8.18746090e-02 -8.14736485e-02 -8.12932327e-02 -8.20926502e-02
 -8.27535465e-02 -8.29747766e-02 -8.26637596e-02 -8.18216801e-02 -8.04913193e-02
 -7.87286013e-02 -7.65878037e-02 -7.41145685e-02 -7.13434219e-02 -6.82979971e-02
 -6.49928749e-02 -6.14361092e-02 -5.76319098e-02 -5.35831489e-02 -4.92934659e-02
 -4.47690152e-02 -4.00198847e-02 -3.50613035e-02 -2.99148262e-02 -2.46094558e-02
 -1.91826951e-02 -1.36811482e-02 -8.16016365e-03 -2.68195081e-03  2.68828380e-03
  7.88810104e-03  1.28647462e-02  1.75819229e-02  2.20249668e-02  2.62033101e-02
  3.01496647e-02  3.39161418e-02  3.75681780e-02  4.11776900e-02  4.48168367e-02
  4.85533997e-02  5.24480417e-02  5.65531813e-02  6.09129556e-02  6.55637383e-02
  7.05346987e-02  7.58480802e-02  8.15186724e-02  8.75522196e-02  9.39418823e-02
  1.00662015e-01  1.07657753e-01  1.14829503e-01  1.22013420e-01  1.28966913e-01
  1.35383859e-01  1.40956253e-01  1.45437151e-01  1.48667261e-01  1.50585815e-01
  1.51242271e-01  1.50801942e-01  1.49515375e-01  1.47648990e-01  1.45431459e-01
 -6.78742602e-02 -7.28695616e-02 -7.55852386e-02 -7.67378509e-02 -7.72884861e-02
 -7.75863603e-02 -7.76563063e-02 -7.74579644e-02 -7.69602209e-02 -7.61516988e-02
 -7.50358850e-02 -7.36243799e-02 -7.19315037e-02 -6.99709877e-02 -6.77542165e-02
 -6.52898476e-02 -6.25841692e-02 -5.96419536e-02 -5.64675666e-02 -5.30660562e-02
 -4.94442247e-02 -4.56115752e-02 -4.15811241e-02 -3.73701081e-02 -3.30004543e-02
 -2.84990072e-02 -2.38973014e-02 -1.92307290e-02 -1.45369517e-02 -9.85349994e-03
 -5.21472795e-03 -6.48465124e-04  3.82712833e-03  8.20595212e-03  1.24951676e-02
  1.67150050e-02  2.08972320e-02  2.50826366e-02  2.93180179e-02  3.36532183e-02
  3.81386578e-02  4.28235792e-02  4.77550700e-02  5.29777519e-02  5.85340187e-02
  6.44645095e-02  7.08087310e-02  7.76054859e-02  8.48927200e-02  9.27060992e-02
  1.01074763e-01  1.10010855e-01  1.19485125e-01  1.29373491e-01  1.39351010e-01
  1.48642987e-01  1.56487092e-01  1.62513733e-01  1.66472629e-01  1.68244854e-01
  1.67837426e-01  1.65568858e-01  1.62247449e-01  1.58459872e-01  1.54570594e-01
 -6.87393397e-02 -7.54617602e-02 -7.44089857e-02 -7.32117817e-02 -7.31138662e-02
 -7.32165873e-02 -7.33124092e-02 -7.33118430e-02 -7.31612816e-02 -7.28261322e-02
 -7.22850859e-02 -7.15262294e-02 -7.05438405e-02 -6.93358108e-02 -6.79019094e-02
 -6.62426800e-02 -6.43589869e-02 -6.22520037e-02 -5.99234663e-02 -5.73760793e-02
 -5.46140261e-02 -5.16434610e-02 -4.84729260e-02 -4.51136865e-02 -4.15798761e-02
 -3.78884375e-02 -3.40587534e-02 -3.01119406e-02 -2.60697510e-02 -2.19531488e-02
 -1.77806187e-02 -1.35664176e-02 -9.31895617e-03 -5.03956713e-03 -7.21802877e-04
  3.64862429e-03  8.09330307e-03  1.26401102e-02  1.73219312e-02  2.21753512e-02
  2.72395164e-02  3.25553492e-02  3.81651931e-02  4.41129655e-02  5.04448004e-02
  5.72102256e-02  6.44639581e-02  7.22683668e-02  8.06968957e-02  8.98388177e-02
  9.98060852e-02  1.10743649e-01  1.22845620e-01  1.36374623e-01  1.51558354e-01
  1.66741863e-01  1.77085921e-01  1.85998112e-01  1.90788969e-01  1.92157373e-01
  1.90758348e-01  1.83690220e-01  1.76136807e-01  1.69263199e-01  1.63100138e-01
 -6.09304681e-02 -6.53713271e-02 -6.75416440e-02 -6.82785287e-02 -6.86338842e-02
 -6.89804554e-02 -6.93555400e-02 -6.97167218e-02 -7.00139329e-02 -7.02053159e-02
 -7.02591613e-02 -7.01524541e-02 -6.98688552e-02 -6.93967938e-02 -6.87279552e-02
 -6.78561628e-02 -6.67767599e-02 -6.54861853e-02 -6.39819279e-02 -6.22625574e-02
 -6.03279173e-02 -5.81793264e-02 -5.58197759e-02 -5.32540642e-02 -5.04888222e-02
 -4.75324020e-02 -4.43945900e-02 -4.10861261e-02 -3.76180224e-02 -3.40007134e-02
 -3.02430894e-02 -2.63515040e-02 -2.23288517e-02 -1.81738287e-02 -1.38804540e-02
 -9.43787582e-03 -4.83048009e-03 -3.81983118e-05  4.96304454e-03  1.02008749e-02
  1.57061201e-02  2.15126574e-02  2.76575983e-02  3.41818444e-02  4.11311835e-02
  4.85580042e-02  5.65239154e-02  6.51035756e-02  7.43904188e-02  8.45053867e-02
  9.56107900e-02  1.07933439e-01  1.21805221e-01  1.37733251e-01  1.56414464e-01
  1.76604778e-01  1.90550819e-01  2.01652244e-01  2.08348811e-01  2.09666729e-01
  2.08281770e-01  1.98744372e-01  1.87229961e-01  1.77260235e-01  1.68963358e-01
 -5.84481880e-02 -6.39745146e-02 -6.41618147e-02 -6.35530800e-02 -6.39090240e-02
 -6.46253601e-02 -6.54892251e-02 -6.63960800e-02 -6.72803894e-02 -6.80962801e-02
 -6.88100755e-02 -6.93964288e-02 -6.98358417e-02 -7.01129809e-02 -7.02154040e-02
 -7.01326802e-02 -6.98558018e-02 -6.93768114e-02 -6.86886385e-02 -6.77850842e-02
 -6.66609183e-02 -6.53119609e-02 -6.37352169e-02 -6.19289614e-02 -5.98927438e-02
 -5.76273836e-02 -5.51348254e-02 -5.24178855e-02 -4.94798757e-02 -4.63241376e-02
 -4.29534763e-02 -3.93695161e-02 -3.55721302e-02 -3.15588675e-02 -2.73245703e-02
 -2.28611529e-02 -1.81574877e-02 -1.31994020e-02 -7.96970166e-03 -2.44819489e-03
  3.38834710e-03  9.56637226e-03  1.61159448e-02  2.30714362e-02  3.04726027e-02
  3.83661985e-02  4.68082651e-02  5.58674186e-02  6.56294674e-02  7.62039497e-02
  8.77332091e-02  1.00404516e-01  1.14464588e-01  1.30234733e-01  1.48144558e-01
  1.68819368e-01  1.87904328e-01  1.98053136e-01  2.08546028e-01  2.09696800e-01
  2.09584132e-01  2.03411803e-01  1.90472692e-01  1.79004386e-01  1.69784546e-01
 -4.88253012e-02 -5.28505296e-02 -5.52286766e-02 -5.67788407e-02 -5.83071597e-02
 -5.99320456e-02 -6.16019815e-02 -6.32652268e-02 -6.48837090e-02 -6.64286986e-02
 -6.78773150e-02 -6.92105070e-02 -7.04118907e-02 -7.14669079e-02 -7.23622516e-02
 -7.30854198e-02 -7.36243501e-02 -7.39672855e-02 -7.41026476e-02 -7.40191787e-02
 -7.37061873e-02 -7.31536373e-02 -7.23522827e-02 -7.12937862e-02 -6.99708164e-02
 -6.83771744e-02 -6.65079057e-02 -6.43592402e-02 -6.19285405e-02 -5.92140928e-02
 -5.62147647e-02 -5.29295914e-02 -4.93572280e-02 -4.54953611e-02 -4.13402840e-02
 -3.68868038e-02 -3.21281403e-02 -2.70556752e-02 -2.16587856e-02 -1.59246456e-02
 -9.83804744e-03 -3.38115031e-03  3.46688321e-03  1.07303867e-02  1.84378643e-02
  2.66228914e-02  3.53252552e-02  4.45923768e-02  5.44810072e-02  6.50590137e-02
  7.64070302e-02  8.86192545e-02  1.01802602e-01  1.16074152e-01  1.31566852e-01
  1.48554638e-01  1.68408081e-01  1.79887533e-01  1.87019855e-01  1.95513010e-01
  1.91615701e-01  1.93812162e-01  1.82232887e-01  1.71653971e-01  1.63952932e-01
 -3.93898487e-02 -4.27011773e-02 -4.61476706e-02 -4.94533367e-02 -5.24700508e-02
 -5.52677065e-02 -5.79185002e-02 -6.04579933e-02 -6.28983900e-02 -6.52399734e-02
 -6.74770996e-02 -6.96010441e-02 -7.16013685e-02 -7.34665096e-02 -7.51839951e-02
 -7.67404214e-02 -7.81214163e-02 -7.93115869e-02 -8.02945867e-02 -8.10532123e-02
 -8.15708563e-02 -8.18313435e-02 -8.18188414e-02 -8.15179497e-02 -8.09141025e-02
 -7.99939111e-02 -7.87455738e-02 -7.71591812e-02 -7.52269328e-02 -7.29432106e-02
 -7.03045651e-02 -6.73093572e-02 -6.39570206e-02 -6.02468736e-02 -5.61768189e-02
 -5.17449267e-02 -4.69493382e-02 -4.17876244e-02 -3.62561569e-02 -3.03499866e-02
 -2.40626782e-02 -1.73860975e-02 -1.03102177e-02 -2.82294629e-03  5.09002805e-03
  1.34452805e-02  2.22615395e-02  3.15592773e-02  4.13597450e-02  5.16830198e-02
  6.25442937e-02  7.39471093e-02  8.58711824e-02  9.82498899e-02  1.10924542e-01
  1.23538002e-01  1.35335416e-01  1.45280018e-01  1.52915254e-01  1.58112496e-01
  1.60764918e-01  1.61100537e-01  1.59296542e-01  1.56173453e-01  1.52730018e-01
 -3.18065546e-02 -3.46163101e-02 -3.91494408e-02 -4.36423197e-02 -4.76261228e-02
 -5.13294600e-02 -5.48441485e-02 -5.82164899e-02 -6.14708811e-02 -6.46186844e-02
 -6.76629767e-02 -7.06013367e-02 -7.34275356e-02 -7.61324316e-02 -7.87044019e-02
 -8.11294168e-02 -8.33909214e-02 -8.54696780e-02 -8.73441100e-02 -8.89859870e-02
 -9.03734043e-02 -9.14845392e-02 -9.22964588e-02 -9.27855968e-02 -9.29287970e-02
 -9.27042440e-02 -9.20923352e-02 -9.10763815e-02 -8.96431729e-02 -8.77835974e-02
 -8.54930952e-02 -8.27720240e-02 -7.96249807e-02 -7.60573149e-02 -7.20629171e-02
 -6.76434338e-02 -6.28041700e-02 -5.75510003e-02 -5.18876761e-02 -4.58175763e-02
 -3.93436998e-02 -3.24682184e-02 -2.51924749e-02 -1.75170787e-02 -9.44209937e-03
 -9.67653526e-04  7.90514797e-03  1.71727296e-02  2.68268343e-02  3.68511714e-02
  4.72164154e-02  5.78727089e-02  6.87387064e-02  7.96861127e-02  9.05203074e-02
  1.00964390e-01  1.10669956e-01  1.19280867e-01  1.26520187e-01  1.32228717e-01
  1.36366412e-01  1.39012128e-01  1.40361339e-01  1.40712455e-01  1.40397802e-01
 -2.80705336e-02 -3.12595740e-02 -3.52251753e-02 -3.96105759e-02 -4.40318026e-02
 -4.83572371e-02 -5.25701791e-02 -5.66799194e-02 -6.06970526e-02 -6.46281764e-02
 -6.84753805e-02 -7.22368062e-02 -7.59072453e-02 -7.94785097e-02 -8.29395056e-02
 -8.62759724e-02 -8.94695744e-02 -9.24958885e-02 -9.53432471e-02 -9.79263484e-02
 -1.00240462e-01 -1.02262393e-01 -1.03960246e-01 -1.05298840e-01 -1.06243052e-01
 -1.06759794e-01 -1.06819391e-01 -1.06396437e-01 -1.05470605e-01 -1.04027644e-01
 -1.02061152e-01 -9.95758325e-02 -9.65941846e-02 -9.31702629e-02 -8.92259032e-02
 -8.47810954e-02 -7.98592865e-02 -7.44841471e-02 -6.86605200e-02 -6.24000244e-02
 -5.57167269e-02 -4.86230031e-02 -4.11313027e-02 -3.32542062e-02 -2.50042547e-02
 -1.63950976e-02 -7.44285667e-03  1.83209428e-03  1.14028845e-02  2.12332495e-02
  3.12738344e-02  4.14576456e-02  5.16948849e-02  6.18680157e-02  7.18291327e-02
  8.14029947e-02  9.03994367e-02  9.86351594e-02  1.05958529e-01  1.12268969e-01
  1.17527142e-01  1.21756844e-01  1.25039190e-01  1.27497911e-01  1.29276559e-01
 -2.27345619e-02 -2.55380161e-02 -3.09513174e-02 -3.63158509e-02 -4.13170345e-02
 -4.62137312e-02 -5.10506034e-02 -5.58377542e-02 -6.05776422e-02 -6.52699992e-02
 -6.99126795e-02 -7.45017156e-02 -7.90313184e-02 -8.34937841e-02 -8.78794417e-02
 -9.21766832e-02 -9.63722095e-02 -1.00370117e-01 -1.04174025e-01 -1.07752733e-01
 -1.11067288e-01 -1.14072643e-01 -1.16721071e-01 -1.18965290e-01 -1.20760798e-01
 -1.22067451e-01 -1.22850269e-01 -1.23079829e-01 -1.22732438e-01 -1.21790171e-01
 -1.20241068e-01 -1.18079372e-01 -1.15305439e-01 -1.11923747e-01 -1.07934192e-01
 -1.03358485e-01 -9.82498154e-02 -9.27164108e-02 -8.66732374e-02 -8.01557153e-02
 -7.32035786e-02 -6.58331215e-02 -5.80677055e-02 -4.99325432e-02 -4.14486825e-02
 -3.26385796e-02 -2.35274136e-02 -1.41447615e-02 -4.52632364e-03  5.28423861e-03
  1.52333090e-02  2.52552908e-02  3.52709107e-02  4.51864861e-02  5.48950136e-02
  6.42799065e-02  7.32217953e-02  8.16077366e-02  8.93410966e-02  9.63499546e-02
  1.02592461e-01  1.08058304e-01  1.12766236e-01  1.16758168e-01  1.20090902e-01
 -2.12411918e-02 -2.46295966e-02 -2.90072020e-02 -3.40417325e-02 -3.93390208e-02
 -4.47279289e-02 -5.01543768e-02 -5.55977821e-02 -6.10468872e-02 -6.64937869e-02
 -7.19320253e-02 -7.73555413e-02 -8.27579722e-02 -8.81321281e-02 -9.34695676e-02
 -9.87603143e-02 -1.03914484e-01 -1.08926319e-01 -1.13764428e-01 -1.18379332e-01
 -1.22712523e-01 -1.26702592e-01 -1.30289525e-01 -1.33417621e-01 -1.36037305e-01
 -1.38105854e-01 -1.39587641e-01 -1.40453696e-01 -1.40681177e-01 -1.40252575e-01
 -1.39155060e-01 -1.37379691e-01 -1.34920821e-01 -1.31775513e-01 -1.27943888e-01
 -1.23433314e-01 -1.18261240e-01 -1.12455808e-01 -1.06047116e-01 -9.91139561e-02
 -9.18194428e-02 -8.40751752e-02 -7.59341493e-02 -6.74555004e-02 -5.86488321e-02
 -4.95409966e-02 -4.01603244e-02 -3.05396765e-02 -2.07172707e-02 -1.07371723e-02
 -6.49996393e-04  9.48639866e-03  1.96065269e-02  2.96375267e-02  3.95003296e-02
  4.91119288e-02  5.83886914e-02  6.72503859e-02  7.56242648e-02  8.34485888e-02
  9.06750262e-02  9.72696394e-02  1.03212513e-01  1.08496472e-01  1.13125227e-01
 -1.66468862e-02 -1.97044220e-02 -2.56897155e-02 -3.17736529e-02 -3.76848578e-02
 -4.36624251e-02 -4.97199073e-02 -5.58421351e-02 -6.20140918e-02 -6.82248995e-02
 -7.44669884e-02 -8.07346776e-02 -8.70228410e-02 -9.33259353e-02 -9.96378362e-02
 -1.05872668e-01 -1.12029791e-01 -1.18072793e-01 -1.23942643e-01 -1.29568011e-01
 -1.34873509e-01 -1.39785722e-01 -1.44237220e-01 -1.48168698e-01 -1.51530057e-01
 -1.54280275e-01 -1.56386763e-01 -1.57824308e-01 -1.58573970e-01 -1.58621788e-01
 -1.57957658e-01 -1.56574383e-01 -1.54466838e-01 -1.51631311e-01 -1.48065522e-01
 -1.43769160e-01 -1.38744786e-01 -1.32999226e-01 -1.26546398e-01 -1.19415887e-01
 -1.11658178e-01 -1.03337407e-01 -9.45995525e-02 -8.57337713e-02 -7.65007883e-02
 -6.69881701e-02 -5.72165474e-02 -4.72193249e-02 -3.70354950e-02 -2.67070755e-02
 -1.62791610e-02 -5.80038782e-03  4.67680069e-03  1.50962491e-02  2.53986027e-02
  3.55222002e-02  4.54042219e-02  5.49819171e-02  6.41936660e-02  7.29796961e-02
  8.12824145e-02  8.90465602e-02  9.62195992e-02  1.02752894e-01  1.08604081e-01
 -1.53887011e-02 -1.90210212e-02 -2.39738766e-02 -2.98786964e-02 -3.62638794e-02
 -4.28832136e-02 -4.96362410e-02 -5.64820170e-02 -6.34030923e-02 -7.03920349e-02
 -7.74460733e-02 -8.45645443e-02 -9.17469412e-02 -9.89897251e-02 -1.06204934e-01
 -1.13407247e-01 -1.20561935e-01 -1.27602816e-01 -1.34446517e-01 -1.41003594e-01
 -1.47186562e-01 -1.52915254e-01 -1.58119932e-01 -1.62742436e-01 -1.66736126e-01
 -1.70064926e-01 -1.72701910e-01 -1.74627632e-01 -1.75828502e-01 -1.76295280e-01
 -1.76021829e-01 -1.75004050e-01 -1.73239127e-01 -1.70724913e-01 -1.67459607e-01
 -1.63441524e-01 -1.58669084e-01 -1.53141290e-01 -1.46859035e-01 -1.39828131e-01
 -1.32063955e-01 -1.23599425e-01 -1.14501864e-01 -1.04886204e-01 -9.49078426e-02
 -8.49112272e-02 -7.46256784e-02 -6.41108155e-02 -5.34155071e-02 -4.25795577e-02
 -3.16408537e-02 -2.06378177e-02 -9.61023290e-03  1.40054722e-03  1.23515427e-02
  2.31980868e-02  3.38935666e-02  4.43887860e-02  5.46307750e-02  6.45609200e-02
  7.41126090e-02  8.32088515e-02  9.17611495e-02  9.96712372e-02  1.06837548e-01
 -1.04183406e-02 -1.37185426e-02 -1.99124366e-02 -2.73322035e-02 -3.48359421e-02
 -4.23443392e-02 -4.98913117e-02 -5.74986599e-02 -6.51795939e-02 -7.29441568e-02
 -8.08018297e-02 -8.87632817e-02 -9.68432948e-02 -1.04926206e-01 -1.13053724e-01
 -1.21201806e-01 -1.29302919e-01 -1.37264550e-01 -1.44983947e-01 -1.52359098e-01
 -1.59296051e-01 -1.65713161e-01 -1.71543002e-01 -1.76732436e-01 -1.81241453e-01
 -1.85041457e-01 -1.88113034e-01 -1.90443709e-01 -1.92025974e-01 -1.92855433e-01
 -1.92929521e-01 -1.92246541e-01 -1.90805122e-01 -1.88603967e-01 -1.85641795e-01
 -1.81917205e-01 -1.77428573e-01 -1.72173813e-01 -1.66150436e-01 -1.59356073e-01
 -1.51790321e-01 -1.43458948e-01 -1.34381860e-01 -1.24605194e-01 -1.14219539e-01
 -1.03391767e-01 -9.23755169e-02 -8.11669454e-02 -6.98181614e-02 -5.83411008e-02
 -4.67576124e-02 -3.50930467e-02 -2.33737677e-02 -1.16263051e-02  1.22753539e-04
  1.18463831e-02  2.35161483e-02  3.51004340e-02  4.65614684e-02  5.78506924e-02
  6.89020455e-02  7.96230882e-02  8.98854285e-02  9.95189399e-02  1.08319350e-01
 -6.94893207e-03 -1.00401724e-02 -1.72800068e-02 -2.57876609e-02 -3.41160670e-02
 -4.23710085e-02 -5.06349504e-02 -5.89514114e-02 -6.73484057e-02 -7.58466572e-02
 -8.44624862e-02 -9.32080671e-02 -1.02088057e-01 -1.11026399e-01 -1.20038852e-01
 -1.29071862e-01 -1.38031557e-01 -1.46805152e-01 -1.55276611e-01 -1.63337007e-01
 -1.70891017e-01 -1.77859843e-01 -1.84182003e-01 -1.89812303e-01 -1.94719940e-01
 -1.98885843e-01 -2.02299818e-01 -2.04957664e-01 -2.06858575e-01 -2.08003059e-01
 -2.08391428e-01 -2.08022892e-01 -2.06895426e-01 -2.05006048e-01 -2.02351332e-01
 -1.98928013e-01 -1.94733456e-01 -1.89765528e-01 -1.84022263e-01 -1.77501008e-01
 -1.70197964e-01 -1.62108481e-01 -1.53229564e-01 -1.43565670e-01 -1.33139938e-01
 -1.22012019e-01 -1.10300906e-01 -9.82129723e-02 -8.61688331e-02 -7.39742517e-02
 -6.16581999e-02 -4.92417999e-02 -3.67411301e-02 -2.41684560e-02 -1.15328254e-02
  1.15939882e-03  1.39036840e-02  2.66957264e-02  3.95284370e-02  5.23864068e-02
  6.52359352e-02  7.80072510e-02  9.05641317e-02  1.02656461e-01  1.13861352e-01
 -7.15914927e-03 -1.08595090e-02 -1.74816009e-02 -2.57127434e-02 -3.43607366e-02
 -4.31204028e-02 -5.19537926e-02 -6.08752295e-02 -6.99078515e-02 -7.90750161e-02
 -8.83997083e-02 -9.79072750e-02 -1.07494541e-01 -1.17211781e-01 -1.27023786e-01
 -1.36840284e-01 -1.46541476e-01 -1.55997828e-01 -1.65084302e-01 -1.73689380e-01
 -1.81719869e-01 -1.89102829e-01 -1.95785254e-01 -2.01732233e-01 -2.06924275e-01
 -2.11353883e-01 -2.15021893e-01 -2.17933863e-01 -2.20096692e-01 -2.21516117e-01
 -2.22194836e-01 -2.22131744e-01 -2.21322030e-01 -2.19758064e-01 -2.17430696e-01
 -2.14330807e-01 -2.10450783e-01 -2.05785349e-01 -2.00331748e-01 -1.94088802e-01
 -1.87055171e-01 -1.79227427e-01 -1.70598567e-01 -1.61158785e-01 -1.50900096e-01
 -1.39827728e-01 -1.27980903e-01 -1.15467228e-01 -1.02512747e-01 -8.94983485e-02
 -7.63763636e-02 -6.31533340e-02 -4.98306900e-02 -3.64042856e-02 -2.28638705e-02
 -9.19248536e-03  4.63422434e-03  1.86486114e-02  3.28913480e-02  4.74109426e-02
  6.22612238e-02  7.74933547e-02  9.31293443e-02  1.09059706e-01  1.24554172e-01
 -4.66417009e-03 -7.78727001e-03 -1.63701903e-02 -2.60147844e-02 -3.52691375e-02
 -4.44950052e-02 -5.37991598e-02 -6.32246360e-02 -7.27997646e-02 -8.25478211e-02
 -9.24874842e-02 -1.02628529e-01 -1.12903528e-01 -1.23332776e-01 -1.33848578e-01
 -1.44333482e-01 -1.54648319e-01 -1.64652005e-01 -1.74214661e-01 -1.83225259e-01
 -1.91595331e-01 -1.99259818e-01 -2.06176102e-01 -2.12321505e-01 -2.17689887e-01
 -2.22287372e-01 -2.26127699e-01 -2.29227513e-01 -2.31602252e-01 -2.33262941e-01
 -2.34214053e-01 -2.34453008e-01 -2.33970746e-01 -2.32753113e-01 -2.30782747e-01
 -2.28041261e-01 -2.24511698e-01 -2.20180914e-01 -2.15040922e-01 -2.09088892e-01
 -2.02325806e-01 -1.94753602e-01 -1.86371386e-01 -1.77172139e-01 -1.67141840e-01
 -1.56263351e-01 -1.44528240e-01 -1.31960422e-01 -1.18654251e-01 -1.04826562e-01
 -9.08771828e-02 -7.68441707e-02 -6.27156943e-02 -4.84728776e-02 -3.40881869e-02
 -1.95235647e-02 -4.72795032e-03  1.03662545e-02  2.58482564e-02  4.18364145e-02
  5.84902167e-02  7.60321021e-02  9.47997048e-02  1.15457200e-01  1.41015530e-01
 -7.97449984e-03 -1.21707190e-02 -1.91014372e-02 -2.77289301e-02 -3.69636938e-02
 -4.64364290e-02 -5.60822710e-02 -6.59089163e-02 -7.59385377e-02 -8.61968473e-02
 -9.67136994e-02 -1.07366391e-01 -1.18229628e-01 -1.29267275e-01 -1.40372917e-01
 -1.51402980e-01 -1.62202105e-01 -1.72621012e-01 -1.82527691e-01 -1.91813737e-01
 -2.00397044e-01 -2.08222046e-01 -2.15258256e-01 -2.21497208e-01 -2.26948246e-01
 -2.31633291e-01 -2.35580891e-01 -2.38819331e-01 -2.41371363e-01 -2.43251249e-01
 -2.44463444e-01 -2.45002568e-01 -2.44854257e-01 -2.43997008e-01 -2.42404506e-01
 -2.40048632e-01 -2.36902237e-01 -2.32941881e-01 -2.28149816e-01 -2.22515658e-01
 -2.16037944e-01 -2.08721787e-01 -2.00574443e-01 -1.91599533e-01 -1.81791648e-01
 -1.71133682e-01 -1.59600228e-01 -1.47170484e-01 -1.33855224e-01 -1.19742177e-01
 -1.05061442e-01 -9.02623832e-02 -7.53958002e-02 -6.04333207e-02 -4.53361906e-02
 -3.00532896e-02 -1.45182032e-02  1.35562685e-03  1.76822171e-02  3.46136466e-02
  5.23551255e-02  7.11853653e-02  9.14811566e-02  1.13755099e-01  1.38860598e-01
 -5.47155319e-03 -8.76305066e-03 -1.89076196e-02 -2.93037724e-02 -3.90128978e-02
 -4.87417877e-02 -5.86479865e-02 -6.87825456e-02 -7.91711211e-02 -8.98332447e-02
 -1.00787744e-01 -1.11938484e-01 -1.23325616e-01 -1.34879544e-01 -1.46466985e-01
 -1.57925636e-01 -1.69089004e-01 -1.79802924e-01 -1.89935610e-01 -1.99382901e-01
 -2.08070517e-01 -2.15953976e-01 -2.23016769e-01 -2.29266882e-01 -2.34731779e-01
 -2.39450797e-01 -2.43465289e-01 -2.46811837e-01 -2.49518141e-01 -2.51600623e-01
 -2.53063381e-01 -2.53898203e-01 -2.54085392e-01 -2.53595799e-01 -2.52393305e-01
 -2.50438631e-01 -2.47692928e-01 -2.44121805e-01 -2.39698291e-01 -2.34404653e-01
 -2.28232831e-01 -2.21184298e-01 -2.13269994e-01 -2.04504237e-01 -1.94896191e-01
 -1.84442043e-01 -1.73121125e-01 -1.60899460e-01 -1.47745594e-01 -1.33663848e-01
 -1.18750691e-01 -1.03275530e-01 -8.77731666e-02 -7.22276866e-02 -5.65955453e-02
 -4.08217721e-02 -2.48402972e-02 -8.56940169e-03  8.09506699e-03  2.52888314e-02
  4.31920588e-02  6.20479472e-02  8.21855590e-02  1.03986390e-01  1.27090842e-01
 -1.21931629e-02 -1.70274545e-02 -2.39304528e-02 -3.23514715e-02 -4.15834226e-02
 -5.12788519e-02 -6.13244958e-02 -7.16905892e-02 -8.23732838e-02 -9.33753401e-02
 -1.04695506e-01 -1.16268277e-01 -1.28092065e-01 -1.40064970e-01 -1.52030513e-01
 -1.63811460e-01 -1.75233230e-01 -1.86139077e-01 -1.96398988e-01 -2.05914408e-01
 -2.14620203e-01 -2.22484574e-01 -2.29506955e-01 -2.35714078e-01 -2.41151884e-01
 -2.45872959e-01 -2.49927759e-01 -2.53359079e-01 -2.56198555e-01 -2.58464783e-01
 -2.60161996e-01 -2.61280030e-01 -2.61794955e-01 -2.61670619e-01 -2.60861486e-01
 -2.59316236e-01 -2.56982684e-01 -2.53812909e-01 -2.49768049e-01 -2.44821921e-01
 -2.38961995e-01 -2.32188240e-01 -2.24510521e-01 -2.15947285e-01 -2.06520766e-01
 -1.96245283e-01 -1.85117126e-01 -1.73110113e-01 -1.60181314e-01 -1.46292225e-01
 -1.31451517e-01 -1.15785524e-01 -9.96360034e-02 -8.36641118e-02 -6.76908717e-02
 -5.16555347e-02 -3.55074070e-02 -1.91918630e-02 -2.64443341e-03  1.42126679e-02
  3.14737111e-02  4.92541939e-02  6.77027255e-02  8.70335251e-02  1.07351750e-01
 -1.22361043e-02 -1.67818889e-02 -2.48209145e-02 -3.41541879e-02 -4.37241606e-02
 -5.36131337e-02 -6.38532415e-02 -7.44520724e-02 -8.54176953e-02 -9.67659503e-02
 -1.08355038e-01 -1.20262511e-01 -1.32434636e-01 -1.44735530e-01 -1.56987160e-01
 -1.68999657e-01 -1.80592462e-01 -1.91607758e-01 -2.01918513e-01 -2.11432829e-01
 -2.20095962e-01 -2.27890044e-01 -2.34832004e-01 -2.40967229e-01 -2.46355310e-01
 -2.51058340e-01 -2.55133539e-01 -2.58628607e-01 -2.61578858e-01 -2.64005095e-01
 -2.65912622e-01 -2.67290682e-01 -2.68112630e-01 -2.68337160e-01 -2.67910540e-01
 -2.66770273e-01 -2.64850289e-01 -2.62087256e-01 -2.58427382e-01 -2.53832251e-01
 -2.48282358e-01 -2.41776735e-01 -2.34329075e-01 -2.25962102e-01 -2.16704309e-01
 -2.06585720e-01 -1.95623651e-01 -1.83811218e-01 -1.71114340e-01 -1.57482252e-01
 -1.42877415e-01 -1.27331316e-01 -1.11030996e-01 -9.44288447e-02 -7.83346817e-02
 -6.22195117e-02 -4.60978411e-02 -2.99628712e-02 -1.38015328e-02  2.39622081e-03
  1.86269172e-02  3.48555222e-02  5.09786792e-02  6.67484030e-02  8.16567466e-02
 -1.41725643e-02 -1.91423651e-02 -2.67912522e-02 -3.59208882e-02 -4.55959849e-02
 -5.56586683e-02 -6.60944432e-02 -7.69077986e-02 -8.81078765e-02 -9.97065231e-02
 -1.11583985e-01 -1.23793274e-01 -1.36255741e-01 -1.48815572e-01 -1.61281034e-01
 -1.73454359e-01 -1.85151741e-01 -1.96216032e-01 -2.06524312e-01 -2.15992257e-01
 -2.24576190e-01 -2.32272908e-01 -2.39116877e-01 -2.45167777e-01 -2.50494927e-01
 -2.55167276e-01 -2.59247273e-01 -2.62786657e-01 -2.65823960e-01 -2.68382490e-01
 -2.70469218e-01 -2.72073954e-01 -2.73169100e-01 -2.73710221e-01 -2.73637623e-01
 -2.72879541e-01 -2.71357238e-01 -2.68991798e-01 -2.65712708e-01 -2.61466146e-01
 -2.56221533e-01 -2.49973729e-01 -2.42739961e-01 -2.34552130e-01 -2.25447834e-01
 -2.15466350e-01 -2.04643533e-01 -1.92995355e-01 -1.80507421e-01 -1.67136863e-01
 -1.52832329e-01 -1.37578711e-01 -1.21474490e-01 -1.04846016e-01 -8.83850008e-02
 -7.21470416e-02 -5.60857244e-02 -4.01893631e-02 -2.44656000e-02 -8.94007739e-03
  6.33763149e-03  2.12828610e-02  3.57608944e-02  4.95736301e-02  6.24623224e-02
 -1.48669099e-02 -1.98821705e-02 -2.78500691e-02 -3.72712277e-02 -4.71439250e-02
 -5.73845580e-02 -6.80012628e-02 -7.90050477e-02 -9.04070288e-02 -1.02219082e-01
 -1.14344545e-01 -1.26805753e-01 -1.39501795e-01 -1.52261361e-01 -1.64882943e-01
 -1.77163646e-01 -1.88918322e-01 -1.99991554e-01 -2.10265219e-01 -2.19662845e-01
 -2.28151932e-01 -2.35743627e-01 -2.42487133e-01 -2.48452216e-01 -2.53715158e-01
 -2.58350015e-01 -2.62423128e-01 -2.65989482e-01 -2.69090384e-01 -2.71751612e-01
 -2.73982137e-01 -2.75773108e-01 -2.77097195e-01 -2.77908653e-01 -2.78144121e-01
 -2.77725190e-01 -2.76562780e-01 -2.74564177e-01 -2.71642417e-01 -2.67726868e-01
 -2.62772888e-01 -2.56767333e-01 -2.49727815e-01 -2.41694748e-01 -2.32719049e-01
 -2.22851306e-01 -2.12139264e-01 -2.00619012e-01 -1.88297763e-01 -1.75147861e-01
 -1.61117703e-01 -1.46164402e-01 -1.30315021e-01 -1.13760471e-01 -9.69723910e-02
 -8.07948336e-02 -6.48540482e-02 -4.91899215e-02 -3.38374376e-02 -1.88390743e-02
 -4.25247801e-03  9.84403212e-03  2.33483557e-02  3.61357592e-02  4.80669029e-02
 -1.54619701e-02 -2.05256175e-02 -2.87379827e-02 -3.83744501e-02 -4.83994782e-02
 -5.87851927e-02 -6.95538074e-02 -8.07190984e-02 -9.22915787e-02 -1.04281589e-01
 -1.16607502e-01 -1.29267603e-01 -1.42143443e-01 -1.55051753e-01 -1.67783782e-01
 -1.80133149e-01 -1.91914216e-01 -2.02973753e-01 -2.13198394e-01 -2.22519204e-01
 -2.30913967e-01 -2.38406688e-01 -2.45057315e-01 -2.50942767e-01 -2.56144285e-01
 -2.60739505e-01 -2.64797777e-01 -2.68376529e-01 -2.71519333e-01 -2.74254084e-01
 -2.76591629e-01 -2.78524667e-01 -2.80026913e-01 -2.81052470e-01 -2.81536192e-01
 -2.81395376e-01 -2.80533463e-01 -2.78846800e-01 -2.76234239e-01 -2.72609353e-01
 -2.67912656e-01 -2.62120783e-01 -2.55248398e-01 -2.47341558e-01 -2.38463566e-01
 -2.28679374e-01 -2.18046799e-01 -2.06616014e-01 -1.94413066e-01 -1.81427225e-01
 -1.67614922e-01 -1.52924865e-01 -1.37350380e-01 -1.21015862e-01 -1.04297526e-01
 -8.79554823e-02 -7.20150471e-02 -5.64823002e-02 -4.13757078e-02 -2.67269891e-02
 -1.25813549e-02  1.00287457e-03  1.39557878e-02  2.61992775e-02  3.76527794e-02
 -1.66372750e-02 -2.19806135e-02 -2.98947543e-02 -3.93205024e-02 -4.93650697e-02
 -5.98421954e-02 -7.07304850e-02 -8.20323750e-02 -9.37501863e-02 -1.05876669e-01
 -1.18351318e-01 -1.31157592e-01 -1.44164190e-01 -1.57178566e-01 -1.69986263e-01
 -1.82378173e-01 -1.94168434e-01 -2.05205783e-01 -2.15381041e-01 -2.24631742e-01
 -2.32944325e-01 -2.40352988e-01 -2.46925056e-01 -2.52742380e-01 -2.57889569e-01
 -2.62446940e-01 -2.66485721e-01 -2.70065218e-01 -2.73230612e-01 -2.76011348e-01
 -2.78419763e-01 -2.80449986e-01 -2.82076716e-01 -2.83254474e-01 -2.83917397e-01
 -2.83980310e-01 -2.83341795e-01 -2.81890422e-01 -2.79514283e-01 -2.76114225e-01
 -2.71617919e-01 -2.65991896e-01 -2.59246320e-01 -2.51429915e-01 -2.42615208e-01
 -2.32879847e-01 -2.22292408e-01 -2.10911438e-01 -1.98776320e-01 -1.85889855e-01
 -1.72216862e-01 -1.57703787e-01 -1.42324477e-01 -1.26159236e-01 -1.09510586e-01
 -9.30406675e-02 -7.71045759e-02 -6.16633557e-02 -4.67159450e-02 -3.22824456e-02
 -1.83965564e-02 -5.10143768e-03  7.55350431e-03  1.95159931e-02  3.07348445e-02
 -1.58627965e-02 -2.08774414e-02 -2.96776500e-02 -3.97048518e-02 -4.99166064e-02
 -6.04912825e-02 -7.14885592e-02 -8.29282701e-02 -9.48271230e-02 -1.06997721e-01
 -1.19556271e-01 -1.32457137e-01 -1.45552292e-01 -1.58639342e-01 -1.71498314e-01
 -1.83917582e-01 -1.95710897e-01 -2.06728458e-01 -2.16864273e-01 -2.26060763e-01
 -2.34310895e-01 -2.41655916e-01 -2.48167977e-01 -2.53932089e-01 -2.59035110e-01
 -2.63558984e-01 -2.67576247e-01 -2.71147251e-01 -2.74318129e-01 -2.77119279e-01
 -2.79563963e-01 -2.81647056e-01 -2.83344001e-01 -2.84609586e-01 -2.85377622e-01
 -2.85561502e-01 -2.85056978e-01 -2.83747762e-01 -2.81515241e-01 -2.78251767e-01
 -2.73876339e-01 -2.68348098e-01 -2.61673450e-01 -2.53902048e-01 -2.45112047e-01
 -2.35389575e-01 -2.24811301e-01 -2.13440716e-01 -2.01324403e-01 -1.88472822e-01
 -1.74855247e-01 -1.60415426e-01 -1.45112365e-01 -1.28992110e-01 -1.12294048e-01
 -9.55777541e-02 -7.98129737e-02 -6.44942597e-02 -4.96612526e-02 -3.53496671e-02
 -2.15965137e-02 -8.44120886e-03  4.07520449e-03  1.59118827e-02  2.70306207e-02
 -1.77363046e-02 -2.33879089e-02 -3.09759546e-02 -4.00645435e-02 -5.00606783e-02
 -6.06520101e-02 -7.17309862e-02 -8.32694918e-02 -9.52662453e-02 -1.07521564e-01
 -1.20160103e-01 -1.33135140e-01 -1.46295100e-01 -1.59434274e-01 -1.72330424e-01
 -1.84770808e-01 -1.96569175e-01 -2.07576796e-01 -2.17689708e-01 -2.26853475e-01
 -2.35065043e-01 -2.42369771e-01 -2.48842523e-01 -2.54570127e-01 -2.59640664e-01
 -2.64136851e-01 -2.68131912e-01 -2.71686584e-01 -2.74847329e-01 -2.77644724e-01
 -2.80092210e-01 -2.82184809e-01 -2.83897877e-01 -2.85186082e-01 -2.85982698e-01
 -2.86200315e-01 -2.85733223e-01 -2.84462988e-01 -2.82268137e-01 -2.79037684e-01
 -2.74687231e-01 -2.69173354e-01 -2.62501121e-01 -2.54720807e-01 -2.45912895e-01
 -2.36166745e-01 -2.25562096e-01 -2.14164197e-01 -2.02021703e-01 -1.89147055e-01
 -1.75510406e-01 -1.61054507e-01 -1.45734757e-01 -1.29591078e-01 -1.12856716e-01
 -9.60948691e-02 -8.03173482e-02 -6.50060922e-02 -5.01867384e-02 -3.58919576e-02
 -2.21581031e-02 -9.02367849e-03  3.47206066e-03  1.52908526e-02  2.63975337e-02
 -1.35871712e-02 -1.82184223e-02 -2.80300006e-02 -3.87878492e-02 -4.93702367e-02
 -6.02145381e-02 -7.14370459e-02 -8.30767527e-02 -9.51543674e-02 -1.07476376e-01
 -1.20172799e-01 -1.33198395e-01 -1.46401569e-01 -1.59576133e-01 -1.72499493e-01
 -1.84958756e-01 -1.96767867e-01 -2.07778633e-01 -2.17887983e-01 -2.27042556e-01
 -2.35240772e-01 -2.42529243e-01 -2.48983756e-01 -2.54691690e-01 -2.59741485e-01
 -2.64215976e-01 -2.68188298e-01 -2.71719009e-01 -2.74854153e-01 -2.77623892e-01
 -2.80041009e-01 -2.82099813e-01 -2.83774853e-01 -2.85019934e-01 -2.85767615e-01
 -2.85929859e-01 -2.85400718e-01 -2.84062117e-01 -2.81793654e-01 -2.78486371e-01
 -2.74058342e-01 -2.68468887e-01 -2.61725187e-01 -2.53878325e-01 -2.45007858e-01
 -2.35200942e-01 -2.24534646e-01 -2.13072583e-01 -2.00860709e-01 -1.87907964e-01
 -1.74181759e-01 -1.59624740e-01 -1.44197062e-01 -1.27950564e-01 -1.11137532e-01
 -9.43383649e-02 -7.85455406e-02 -6.31766468e-02 -4.82810102e-02 -3.39002982e-02
 -2.00756602e-02 -6.84972806e-03  5.73372375e-03  1.76314246e-02  2.88030077e-02
 -1.49008324e-02 -2.02666428e-02 -2.83308104e-02 -3.80819589e-02 -4.85432558e-02
 -5.94373457e-02 -7.07248822e-02 -8.24165940e-02 -9.45357755e-02 -1.06896400e-01
 -1.19623542e-01 -1.32673308e-01 -1.45896390e-01 -1.59088463e-01 -1.72028139e-01
 -1.84503183e-01 -1.96327880e-01 -2.07353979e-01 -2.17478007e-01 -2.26645842e-01
 -2.34854564e-01 -2.42149472e-01 -2.48605460e-01 -2.54309297e-01 -2.59348810e-01
 -2.63806313e-01 -2.67754167e-01 -2.71252096e-01 -2.74345130e-01 -2.77062178e-01
 -2.79414654e-01 -2.81395376e-01 -2.82977313e-01 -2.84112871e-01 -2.84733653e-01
 -2.84751445e-01 -2.84061462e-01 -2.82548666e-01 -2.80097872e-01 -2.76607215e-01
 -2.72003025e-01 -2.66252160e-01 -2.59366632e-01 -2.51397848e-01 -2.42421120e-01
 -2.32515946e-01 -2.21751750e-01 -2.10187450e-01 -1.97861135e-01 -1.84772864e-01
 -1.70884520e-01 -1.56141624e-01 -1.40522659e-01 -1.24123089e-01 -1.07277386e-01
 -9.07028466e-02 -7.46468604e-02 -5.90702631e-02 -4.39761356e-02 -2.93895677e-02
 -1.53492438e-02 -1.90319342e-03  1.08943675e-02  2.29864474e-02  3.43173854e-02
 -1.24252988e-02 -1.72360204e-02 -2.62829904e-02 -3.67753431e-02 -4.74276990e-02
 -5.83714470e-02 -6.96657151e-02 -8.13326687e-02 -9.33812931e-02 -1.05807513e-01
 -1.18553057e-01 -1.31601319e-01 -1.44817099e-01 -1.58003569e-01 -1.70943186e-01
 -1.83425620e-01 -1.95265591e-01 -2.06314310e-01 -2.16466710e-01 -2.25665972e-01
 -2.33905390e-01 -2.41226137e-01 -2.47700334e-01 -2.53412843e-01 -2.58450001e-01
 -2.62892693e-01 -2.66811877e-01 -2.70265758e-01 -2.73297697e-01 -2.75934666e-01
 -2.78185993e-01 -2.80042320e-01 -2.81474531e-01 -2.82433450e-01 -2.82849818e-01
 -2.82636344e-01 -2.81691283e-01 -2.79905766e-01 -2.77173907e-01 -2.73405820e-01
 -2.68540561e-01 -2.62555659e-01 -2.55468756e-01 -2.47329831e-01 -2.38205925e-01
 -2.28164509e-01 -2.17264861e-01 -2.05557540e-01 -1.93066731e-01 -1.79778412e-01
 -1.65646374e-01 -1.50621012e-01 -1.34706602e-01 -1.18052781e-01 -1.01075485e-01
 -8.45692307e-02 -6.84172809e-02 -5.26488796e-02 -3.72935534e-02 -2.23900806e-02
 -7.98978563e-03  5.84266149e-03  1.90303735e-02  3.14877070e-02  4.31263857e-02
 -1.25635695e-02 -1.76797397e-02 -2.58599296e-02 -3.57422382e-02 -4.62277159e-02
 -5.71082644e-02 -6.83589429e-02 -7.99814314e-02 -9.19821784e-02 -1.04369693e-01
 -1.17061943e-01 -1.30052939e-01 -1.43216267e-01 -1.56361222e-01 -1.69273928e-01
 -1.81745827e-01 -1.93591848e-01 -2.04662040e-01 -2.14848623e-01 -2.24090427e-01
 -2.32374683e-01 -2.39735499e-01 -2.46240109e-01 -2.51969963e-01 -2.57008791e-01
 -2.61435151e-01 -2.65317887e-01 -2.68712938e-01 -2.71661341e-01 -2.74187505e-01
 -2.76298195e-01 -2.77981430e-01 -2.79205948e-01 -2.79921204e-01 -2.80058116e-01
 -2.79531896e-01 -2.78246641e-01 -2.76103020e-01 -2.73008406e-01 -2.68888503e-01
 -2.63697624e-01 -2.57424593e-01 -2.50090957e-01 -2.41742074e-01 -2.32433051e-01
 -2.22217381e-01 -2.11144879e-01 -1.99251667e-01 -1.86542720e-01 -1.72987670e-01
 -1.58535302e-01 -1.43152833e-01 -1.26897275e-01 -1.10024437e-01 -9.31266546e-02
 -7.65206888e-02 -6.01936057e-02 -4.41538952e-02 -2.84255780e-02 -1.30492169e-02
  1.91458676e-03  1.63811538e-02  3.02390903e-02  4.33518626e-02  5.55667207e-02
 -1.10240867e-02 -1.58908647e-02 -2.42795479e-02 -3.43151242e-02 -4.47902493e-02
 -5.56219369e-02 -6.68155476e-02 -7.83748180e-02 -9.03040841e-02 -1.02610372e-01
 -1.15197085e-01 -1.28077507e-01 -1.41138449e-01 -1.54197767e-01 -1.67046770e-01
 -1.79479405e-01 -1.91311076e-01 -2.02390403e-01 -2.12606221e-01 -2.21891806e-01
 -2.30226472e-01 -2.37634495e-01 -2.44175613e-01 -2.49926016e-01 -2.54965484e-01
 -2.59369284e-01 -2.63203233e-01 -2.66520411e-01 -2.69358814e-01 -2.71739900e-01
 -2.73667574e-01 -2.75127321e-01 -2.76086181e-01 -2.76493192e-01 -2.76281267e-01
 -2.75370568e-01 -2.73674130e-01 -2.71105528e-01 -2.67588437e-01 -2.63065815e-01
 -2.57507116e-01 -2.50910103e-01 -2.43296877e-01 -2.34704480e-01 -2.25174725e-01
 -2.14750111e-01 -2.03468353e-01 -1.91344917e-01 -1.78362921e-01 -1.64477840e-01
 -1.49642080e-01 -1.33856192e-01 -1.17252536e-01 -1.00208461e-01 -8.34573433e-02
 -6.68199211e-02 -5.03103435e-02 -3.39381844e-02 -1.77189000e-02 -1.68239162e-03
  1.41168907e-02  2.95864120e-02  4.45787050e-02  5.88765703e-02  7.21960664e-02
 -9.77129210e-03 -1.45010082e-02 -2.27964744e-02 -3.27429622e-02 -4.31415103e-02
 -5.39141148e-02 -6.50495440e-02 -7.65379295e-02 -8.83769691e-02 -1.00571483e-01
 -1.13007121e-01 -1.25724122e-01 -1.38628036e-01 -1.51549295e-01 -1.64286971e-01
 -1.76639125e-01 -1.88422576e-01 -1.99484885e-01 -2.09711373e-01 -2.19029099e-01
 -2.27408305e-01 -2.34861374e-01 -2.41437227e-01 -2.47204542e-01 -2.52237529e-01
 -2.56606996e-01 -2.60374814e-01 -2.63590455e-01 -2.66288489e-01 -2.68487275e-01
 -2.70187885e-01 -2.71373928e-01 -2.72011757e-01 -2.72051901e-01 -2.71431595e-01
 -2.70078927e-01 -2.67918766e-01 -2.64880180e-01 -2.60904133e-01 -2.55950183e-01
 -2.49999911e-01 -2.43056163e-01 -2.35137597e-01 -2.26271629e-01 -2.16490552e-01
 -2.05827594e-01 -1.94301412e-01 -1.81904167e-01 -1.68600649e-01 -1.54343724e-01
 -1.39112726e-01 -1.22981958e-01 -1.06222898e-01 -8.94265100e-02 -7.26986080e-02
 -5.59956059e-02 -3.92874479e-02 -2.25487202e-02 -5.75767271e-03  1.11001125e-02
  2.80226022e-02  4.49724197e-02  6.18368275e-02  7.83439353e-02  9.39359963e-02
 -9.03363433e-03 -1.38939042e-02 -2.14400981e-02 -3.08704004e-02 -4.11983617e-02
 -5.19877933e-02 -6.31107911e-02 -7.45381340e-02 -8.62710625e-02 -9.83219519e-02
 -1.10557988e-01 -1.23053379e-01 -1.35737523e-01 -1.48457393e-01 -1.61022902e-01
 -1.73238531e-01 -1.84923917e-01 -1.95926443e-01 -2.06128359e-01 -2.15450510e-01
 -2.23853648e-01 -2.31337294e-01 -2.37936109e-01 -2.43708387e-01 -2.48720691e-01
 -2.53037900e-01 -2.56717056e-01 -2.59803295e-01 -2.62327611e-01 -2.64305294e-01
 -2.65735328e-01 -2.66600490e-01 -2.66868234e-01 -2.66492844e-01 -2.65418470e-01
 -2.63583779e-01 -2.60927528e-01 -2.57394940e-01 -2.52943128e-01 -2.47545078e-01
 -2.41190299e-01 -2.33882576e-01 -2.25635856e-01 -2.16472238e-01 -2.06417918e-01
 -1.95489794e-01 -1.83684170e-01 -1.70973271e-01 -1.57314450e-01 -1.42678246e-01
 -1.27102077e-01 -1.10775076e-01 -9.41499546e-02 -7.76976496e-02 -6.11581728e-02
 -4.45059687e-02 -2.76992749e-02 -1.06827514e-02  6.61295187e-03  2.42729951e-02
  4.24011685e-02  6.11248650e-02  8.06080624e-02  1.01086974e-01  1.22677997e-01
  1.51868735e-04 -2.44579534e-03 -1.54312253e-02 -2.78430171e-02 -3.89954560e-02
 -5.00319041e-02 -6.11838624e-02 -7.25281909e-02 -8.41063783e-02 -9.59545225e-02
 -1.07932508e-01 -1.20139979e-01 -1.32531151e-01 -1.44973114e-01 -1.57290176e-01
 -1.69296011e-01 -1.80815101e-01 -1.91695973e-01 -2.01818615e-01 -2.11098254e-01
 -2.19486430e-01 -2.26969853e-01 -2.33567104e-01 -2.39322171e-01 -2.44291380e-01
 -2.48531953e-01 -2.52094865e-01 -2.55020559e-01 -2.57336289e-01 -2.59054840e-01
 -2.60174066e-01 -2.60677457e-01 -2.60535717e-01 -2.59709030e-01 -2.58150697e-01
 -2.55811512e-01 -2.52644509e-01 -2.48609632e-01 -2.43677184e-01 -2.37829417e-01
 -2.31060162e-01 -2.23373398e-01 -2.14783266e-01 -2.05308646e-01 -1.94962293e-01
 -1.83741614e-01 -1.71624660e-01 -1.58576220e-01 -1.44568697e-01 -1.29624009e-01
 -1.13881126e-01 -9.76873562e-02 -8.16891789e-02 -6.55784458e-02 -4.93200794e-02
 -3.28669846e-02 -1.61557645e-02  8.97788152e-04  1.84049644e-02  3.65133062e-02
  5.54202199e-02  7.53930956e-02  9.67942327e-02  1.20044008e-01  1.44748390e-01
 -5.39447274e-03 -9.67738498e-03 -1.73278973e-02 -2.71533597e-02 -3.77598330e-02
 -4.86105606e-02 -5.95988482e-02 -7.07294717e-02 -8.20279866e-02 -9.35189202e-02
 -1.05216824e-01 -1.17072783e-01 -1.29087806e-01 -1.41160131e-01 -1.53134823e-01
 -1.64838582e-01 -1.76103130e-01 -1.86779678e-01 -1.96747050e-01 -2.05915660e-01
 -2.14228556e-01 -2.21660435e-01 -2.28214413e-01 -2.33917132e-01 -2.38811091e-01
 -2.42943481e-01 -2.46357962e-01 -2.49089614e-01 -2.51162082e-01 -2.52586305e-01
 -2.53360242e-01 -2.53469795e-01 -2.52890497e-01 -2.51590252e-01 -2.49532595e-01
 -2.46680379e-01 -2.42999583e-01 -2.38462180e-01 -2.33048275e-01 -2.26746857e-01
 -2.19556868e-01 -2.11486995e-01 -2.02549398e-01 -1.92752004e-01 -1.82091519e-01
 -1.70550659e-01 -1.58103243e-01 -1.44731432e-01 -1.30460396e-01 -1.15414321e-01
 -9.98936296e-02 -8.44572857e-02 -6.89363182e-02 -5.32910302e-02 -3.74773666e-02
 -2.14408971e-02 -5.11118956e-03  1.16046267e-02  2.88302414e-02  4.67318520e-02
  6.55346811e-02  8.55453610e-02  1.07179016e-01  1.31000876e-01  1.57951564e-01
 -8.72033415e-04 -3.29988101e-03 -1.43979834e-02 -2.62624845e-02 -3.71376649e-02
 -4.78434749e-02 -5.85627444e-02 -6.93619177e-02 -8.02821293e-02 -9.13571417e-02
 -1.02617912e-01 -1.13992982e-01 -1.25511497e-01 -1.37096956e-01 -1.48614213e-01
 -1.59903809e-01 -1.70805782e-01 -1.81174964e-01 -1.90889835e-01 -1.99856773e-01
 -2.08011314e-01 -2.15317279e-01 -2.21763805e-01 -2.27361143e-01 -2.32134745e-01
 -2.36118630e-01 -2.39347190e-01 -2.41849303e-01 -2.43644938e-01 -2.44743705e-01
 -2.45144680e-01 -2.44837284e-01 -2.43803084e-01 -2.42018208e-01 -2.39456162e-01
 -2.36090779e-01 -2.31898859e-01 -2.26862326e-01 -2.20970526e-01 -2.14221567e-01
 -2.06619918e-01 -1.98172107e-01 -1.88881367e-01 -1.78743035e-01 -1.67743325e-01
 -1.55864641e-01 -1.43101215e-01 -1.29489362e-01 -1.15155518e-01 -1.00378722e-01
 -8.56574401e-02 -7.08541051e-02 -5.59518486e-02 -4.09262553e-02 -2.57448331e-02
 -1.03647709e-02  5.27028181e-03  2.12345254e-02  3.76258679e-02  5.45743331e-02
  7.22552687e-02  9.09134001e-02  1.10920541e-01  1.33008912e-01  1.60493836e-01
 -6.88312901e-03 -1.07979607e-02 -1.81895439e-02 -2.76706293e-02 -3.77613008e-02
 -4.79751527e-02 -5.82332537e-02 -6.85518458e-02 -7.89646059e-02 -8.95059481e-02
 -1.00208417e-01 -1.10980526e-01 -1.21878974e-01 -1.32852480e-01 -1.43786624e-01
 -1.54537141e-01 -1.64953783e-01 -1.74896136e-01 -1.84243217e-01 -1.92898229e-01
 -2.00790226e-01 -2.07873330e-01 -2.14124441e-01 -2.19539404e-01 -2.24128306e-01
 -2.27910116e-01 -2.30907172e-01 -2.33140439e-01 -2.34625578e-01 -2.35370874e-01
 -2.35376805e-01 -2.34636739e-01 -2.33138382e-01 -2.30865791e-01 -2.27801636e-01
 -2.23929837e-01 -2.19238132e-01 -2.13719353e-01 -2.07371429e-01 -2.00195953e-01
 -1.92195237e-01 -1.83368966e-01 -1.73711687e-01 -1.63213193e-01 -1.51864514e-01
 -1.39672413e-01 -1.26686245e-01 -1.13040999e-01 -9.90181565e-02 -8.50868374e-02
 -7.10649490e-02 -5.69566302e-02 -4.27602790e-02 -2.84683891e-02 -1.40672652e-02
  4.63625824e-04  1.51524860e-02  3.00359987e-02  4.51597832e-02  6.05778657e-02
  7.63498172e-02  9.25316513e-02  1.09145738e-01  1.26065254e-01  1.42484114e-01
 -6.86920481e-03 -9.60853789e-03 -1.88109782e-02 -2.93918513e-02 -3.93091366e-02
 -4.90095727e-02 -5.86653799e-02 -6.83536977e-02 -7.81215951e-02 -8.80045071e-02
 -9.80325565e-02 -1.08087480e-01 -1.18248478e-01 -1.28487870e-01 -1.38712451e-01
 -1.48794666e-01 -1.58595726e-01 -1.67981625e-01 -1.76833227e-01 -1.85051709e-01
 -1.92560747e-01 -1.99306205e-01 -2.05254272e-01 -2.10388348e-01 -2.14705214e-01
 -2.18210727e-01 -2.20915645e-01 -2.22831696e-01 -2.23968714e-01 -2.24332616e-01
 -2.23924726e-01 -2.22742051e-01 -2.20778346e-01 -2.18025655e-01 -2.14476064e-01
 -2.10123241e-01 -2.04963341e-01 -1.98994935e-01 -1.92218080e-01 -1.84632584e-01
 -1.76236346e-01 -1.67024747e-01 -1.56993002e-01 -1.46143243e-01 -1.34498581e-01
 -1.22126162e-01 -1.09167159e-01 -9.58717763e-02 -8.27433243e-02 -6.94984496e-02
 -5.61640561e-02 -4.27590460e-02 -2.92973761e-02 -1.57893244e-02 -2.24207179e-03
  1.13397753e-02  2.49533653e-02  3.85959297e-02  5.22615276e-02  6.59350008e-02
  7.95809254e-02  9.31240246e-02  1.06415696e-01  1.19182929e-01  1.30969435e-01
 -1.44946426e-02 -1.82238724e-02 -2.51050070e-02 -3.35669182e-02 -4.22852151e-02
 -5.10451682e-02 -5.98582104e-02 -6.87493831e-02 -7.77403414e-02 -8.68512914e-02
 -9.61026251e-02 -1.05343081e-01 -1.14665583e-01 -1.24061957e-01 -1.33459508e-01
 -1.42748758e-01 -1.51804551e-01 -1.60501540e-01 -1.68724492e-01 -1.76374361e-01
 -1.83371022e-01 -1.89653695e-01 -1.95179656e-01 -1.99921846e-01 -2.03865811e-01
 -2.07006365e-01 -2.09344223e-01 -2.10883081e-01 -2.11627260e-01 -2.11580157e-01
 -2.10743442e-01 -2.09117055e-01 -2.06699699e-01 -2.03489572e-01 -1.99485093e-01
 -1.94685355e-01 -1.89089924e-01 -1.82698488e-01 -1.75510004e-01 -1.67522535e-01
 -1.58734322e-01 -1.49147958e-01 -1.38779059e-01 -1.27671942e-01 -1.15923636e-01
 -1.03721432e-01 -9.13645998e-02 -7.88687021e-02 -6.62935749e-02 -5.36421910e-02
 -4.09315079e-02 -2.81841829e-02 -1.54252052e-02 -2.68051960e-03  1.00234030e-02
  2.26593632e-02  3.51985693e-02  4.76088114e-02  5.98513223e-02  7.18757138e-02
  8.36126357e-02  9.49641168e-02  1.05793215e-01  1.15917996e-01  1.25120103e-01
 -2.20556837e-02 -2.62157917e-02 -3.18928808e-02 -3.86848301e-02 -4.60562967e-02
 -5.37329093e-02 -6.15990609e-02 -6.96073100e-02 -7.77410716e-02 -8.60000774e-02
 -9.43963230e-02 -1.02757715e-01 -1.11170322e-01 -1.19638793e-01 -1.28110111e-01
 -1.36494592e-01 -1.44683644e-01 -1.52563721e-01 -1.60026461e-01 -1.66975141e-01
 -1.73328206e-01 -1.79020390e-01 -1.84002191e-01 -1.88238323e-01 -1.91705346e-01
 -1.94389164e-01 -1.96282446e-01 -1.97382286e-01 -1.97688371e-01 -1.97201565e-01
 -1.95923150e-01 -1.93854302e-01 -1.90996125e-01 -1.87349513e-01 -1.82915241e-01
 -1.77693799e-01 -1.71685308e-01 -1.64889574e-01 -1.57307103e-01 -1.48941517e-01
 -1.39804825e-01 -1.29926786e-01 -1.19369149e-01 -1.08248480e-01 -9.67441648e-02
 -8.52268785e-02 -7.34891891e-02 -6.15830459e-02 -4.95542102e-02 -3.74400243e-02
 -2.52772458e-02 -1.31045012e-02 -9.62826656e-04  1.11044319e-02  2.30519027e-02
  3.48324254e-02  4.63970453e-02  5.76944835e-02  6.86699674e-02  7.92632028e-02
  8.94057602e-02  9.90183577e-02  1.08009487e-01  1.16277210e-01  1.23715959e-01
 -2.63102166e-02 -2.99031623e-02 -3.61228362e-02 -4.29235920e-02 -4.96826097e-02
 -5.65805882e-02 -6.36191815e-02 -7.07777664e-02 -7.80395493e-02 -8.53935853e-02
 -9.28308368e-02 -1.00336500e-01 -1.07814439e-01 -1.15300581e-01 -1.22769386e-01
 -1.30155504e-01 -1.37370631e-01 -1.44316688e-01 -1.50895700e-01 -1.57016560e-01
 -1.62599251e-01 -1.67576790e-01 -1.71895474e-01 -1.75514206e-01 -1.78402916e-01
 -1.80540681e-01 -1.81913853e-01 -1.82514131e-01 -1.82337061e-01 -1.81380674e-01
 -1.79644629e-01 -1.77129433e-01 -1.73836008e-01 -1.69765323e-01 -1.64918348e-01
 -1.59296259e-01 -1.52901292e-01 -1.45738795e-01 -1.37821212e-01 -1.29174113e-01
 -1.19845264e-01 -1.09921463e-01 -9.95320007e-02 -8.89498815e-02 -7.80769065e-02
 -6.69788271e-02 -5.56745976e-02 -4.41965647e-02 -3.25839743e-02 -2.08803527e-02
 -9.13360715e-03  2.60356208e-03  1.42735932e-02  2.58145202e-02  3.71609591e-02
  4.82455380e-02  5.90005815e-02  6.93597570e-02  7.92594105e-02  8.86393115e-02
  9.74428132e-02  1.05616666e-01  1.13111012e-01  1.19880214e-01  1.25885054e-01
 -3.24277170e-02 -3.64913493e-02 -4.15530279e-02 -4.73148301e-02 -5.33877984e-02
 -5.95991537e-02 -6.58947676e-02 -7.22555369e-02 -7.86729082e-02 -8.51425380e-02
 -9.16621834e-02 -9.82312635e-02 -1.04718082e-01 -1.11167029e-01 -1.17569961e-01
 -1.23881973e-01 -1.30034581e-01 -1.35946691e-01 -1.41533375e-01 -1.46712348e-01
 -1.51408374e-01 -1.55555874e-01 -1.59099922e-01 -1.61996290e-01 -1.64210588e-01
 -1.65717140e-01 -1.66497469e-01 -1.66538894e-01 -1.65833145e-01 -1.64375260e-01
 -1.62162557e-01 -1.59194008e-01 -1.55469745e-01 -1.50991008e-01 -1.45760685e-01
 -1.39784902e-01 -1.33075520e-01 -1.25654623e-01 -1.17564581e-01 -1.08876489e-01
 -9.96867418e-02 -9.02079269e-02 -8.03542063e-02 -7.01759756e-02 -5.96968643e-02
 -4.89482805e-02 -3.79616879e-02 -2.67730244e-02 -1.54244211e-02 -3.96522135e-03
  7.54700880e-03  1.90457031e-02  3.04550882e-02  4.16909158e-02  5.26624434e-02
  6.32757768e-02  7.34383166e-02  8.30638483e-02  9.20772702e-02  1.00418396e-01
  1.08043984e-01  1.14928000e-01  1.21060275e-01  1.26444027e-01  1.31093144e-01
 -3.60795930e-02 -3.92362215e-02 -4.55046222e-02 -5.16202971e-02 -5.73329777e-02
 -6.29561916e-02 -6.85470477e-02 -7.41249844e-02 -7.97010362e-02 -8.52830485e-02
 -9.08767879e-02 -9.64862034e-02 -1.01957455e-01 -1.07340895e-01 -1.12641521e-01
 -1.17831580e-01 -1.22860901e-01 -1.27665684e-01 -1.32175729e-01 -1.36320218e-01
 -1.40031844e-01 -1.43249750e-01 -1.45920962e-01 -1.48001090e-01 -1.49454117e-01
 -1.50251791e-01 -1.50372684e-01 -1.49801135e-01 -1.48526222e-01 -1.46540850e-01
 -1.43841118e-01 -1.40426129e-01 -1.36298150e-01 -1.31463006e-01 -1.25931591e-01
 -1.19724870e-01 -1.12876981e-01 -1.05430350e-01 -9.74770486e-02 -8.92007947e-02
 -8.04776251e-02 -7.13536665e-02 -6.18475936e-02 -5.19821979e-02 -4.17799316e-02
 -3.12655121e-02 -2.04670746e-02 -9.41824820e-03  1.83957291e-03  1.32547878e-02
  2.47630309e-02  3.62847559e-02  4.77234907e-02  5.89656457e-02  6.98829442e-02
  8.03383589e-02  9.01956037e-02  9.93308350e-02  1.07644185e-01  1.15068600e-01
  1.21574432e-01  1.27169192e-01  1.31892666e-01  1.35808155e-01  1.38991877e-01
 -4.34286967e-02 -4.73879650e-02 -5.20078056e-02 -5.70021458e-02 -6.20211884e-02
 -6.69423938e-02 -7.17633143e-02 -7.65089989e-02 -8.12040865e-02 -8.58671591e-02
 -9.05108824e-02 -9.51430947e-02 -9.95919555e-02 -1.03906609e-01 -1.08098663e-01
 -1.12152509e-01 -1.16033174e-01 -1.19692869e-01 -1.23076536e-01 -1.26126409e-01
 -1.28785700e-01 -1.31001264e-01 -1.32725373e-01 -1.33916721e-01 -1.34540811e-01
 -1.34569809e-01 -1.33982152e-01 -1.32761955e-01 -1.30898520e-01 -1.28385589e-01
 -1.25221267e-01 -1.21409729e-01 -1.16962798e-01 -1.11899853e-01 -1.06241859e-01
 -1.00040413e-01 -9.34012607e-02 -8.62773359e-02 -7.86938146e-02 -7.06830546e-02
 -6.22486249e-02 -5.34012392e-02 -4.41514403e-02 -3.45103927e-02 -2.44901665e-02
 -1.41048292e-02 -3.37202777e-03  7.68480077e-03  1.90334506e-02  3.06290779e-02
  4.24092971e-02  5.42882979e-02  6.61505014e-02  7.78452158e-02  8.91854614e-02
  9.99555290e-02  1.09930590e-01  1.18905663e-01  1.26724064e-01  1.33296594e-01
  1.38609812e-01  1.42724663e-01  1.45765454e-01  1.47897825e-01  1.49299011e-01
 -4.93213870e-02 -5.27107567e-02 -5.81094027e-02 -6.32359907e-02 -6.76658824e-02
 -7.17705488e-02 -7.56886974e-02 -7.94942975e-02 -8.32296610e-02 -8.69188830e-02
 -9.05758962e-02 -9.42110047e-02 -9.76490378e-02 -1.00917980e-01 -1.04026385e-01
 -1.06964998e-01 -1.09710261e-01 -1.12228200e-01 -1.14478171e-01 -1.16416022e-01
 -1.17996946e-01 -1.19177848e-01 -1.19919173e-01 -1.20186128e-01 -1.19949386e-01
 -1.19185358e-01 -1.17876358e-01 -1.16010949e-01 -1.13584034e-01 -1.10595822e-01
 -1.07047282e-01 -1.02952570e-01 -9.83464122e-02 -9.32994708e-02 -8.77598077e-02
 -8.17463771e-02 -7.52815008e-02 -6.83722422e-02 -6.10271171e-02 -5.32539450e-02
 -4.50560078e-02 -3.64346281e-02 -2.73895506e-02 -1.79193690e-02 -8.02202895e-03
  2.30431859e-03  1.30600100e-02  2.42418200e-02  3.58398408e-02  4.78327610e-02
  6.01807721e-02  7.28150606e-02  8.56225491e-02  9.84250605e-02  1.10955536e-01
  1.22846462e-01  1.33665204e-01  1.43011555e-01  1.50607690e-01  1.56319961e-01
  1.60158589e-01  1.62275970e-01  1.62963346e-01  1.62613124e-01  1.61614046e-01
 -6.00753278e-02 -6.43237010e-02 -6.81953058e-02 -7.16380104e-02 -7.47105479e-02
 -7.75721222e-02 -8.03341046e-02 -8.30488130e-02 -8.57352912e-02 -8.83958936e-02
 -9.10235867e-02 -9.36035216e-02 -9.61090922e-02 -9.83918905e-02 -1.00470595e-01
 -1.02344930e-01 -1.04001708e-01 -1.05419278e-01 -1.06570847e-01 -1.07425503e-01
 -1.07950643e-01 -1.08114362e-01 -1.07887372e-01 -1.07244492e-01 -1.06165446e-01
 -1.04634888e-01 -1.02642506e-01 -1.00186139e-01 -9.72758457e-02 -9.39416140e-02
 -9.01519433e-02 -8.59150067e-02 -8.12438205e-02 -7.61523619e-02 -7.06422701e-02
 -6.47179335e-02 -5.83838560e-02 -5.16416915e-02 -4.44907993e-02 -3.69279608e-02
 -2.89468430e-02 -2.05379967e-02 -1.16888499e-02 -2.38365680e-03  7.39654107e-03
  1.76738612e-02  2.84733139e-02  3.98220755e-02  5.17479554e-02  6.42763302e-02
  7.74245039e-02  9.11914259e-02  1.05539218e-01  1.20358020e-01  1.35390580e-01
  1.50056854e-01  1.63242012e-01  1.73850164e-01  1.81626424e-01  1.86353713e-01
  1.88103750e-01  1.87116161e-01  1.83812007e-01  1.79432347e-01  1.74970955e-01
 -7.36891776e-02 -7.90090859e-02 -8.10104609e-02 -8.17256644e-02 -8.26638564e-02
 -8.39135498e-02 -8.53638873e-02 -8.69322419e-02 -8.85632187e-02 -9.02166590e-02
 -9.18611735e-02 -9.34712216e-02 -9.50264260e-02 -9.63485837e-02 -9.74456668e-02
 -9.83150750e-02 -9.89465714e-02 -9.93265435e-02 -9.94454473e-02 -9.92834046e-02
 -9.88177657e-02 -9.80267823e-02 -9.68918949e-02 -9.53996480e-02 -9.35441405e-02
 -9.13225785e-02 -8.87261927e-02 -8.57529491e-02 -8.24059173e-02 -7.86906108e-02
 -7.46077895e-02 -7.01610819e-02 -6.53553456e-02 -6.01947196e-02 -5.46805486e-02
 -4.88121286e-02 -4.25864570e-02 -3.59976627e-02 -2.90367417e-02 -2.16912497e-02
 -1.39449928e-02 -5.77767473e-03  2.83554406e-03  1.19246710e-02  2.15257369e-02
  3.16819437e-02  4.24451344e-02  5.38776182e-02  6.60542697e-02  7.90646896e-02
  9.30148959e-02  1.08027704e-01  1.24240689e-01  1.41803756e-01  1.60907045e-01
  1.82149097e-01  2.06620172e-01  2.13282973e-01  2.24695683e-01  2.26745605e-01
  2.24543810e-01  2.23489627e-01  2.06923917e-01  1.95487320e-01  1.86759621e-01
 -8.52086470e-02 -9.17227417e-02 -9.15684775e-02 -9.01098475e-02 -8.96495730e-02
 -8.97431895e-02 -9.01574269e-02 -9.07625780e-02 -9.14718881e-02 -9.22222063e-02
 -9.29664075e-02 -9.36703682e-02 -9.43138152e-02 -9.47219804e-02 -9.48962942e-02
 -9.48279426e-02 -9.45000723e-02 -9.38857943e-02 -9.30482373e-02 -9.19554532e-02
 -9.05855820e-02 -8.89228806e-02 -8.69563743e-02 -8.46794099e-02 -8.20893496e-02
 -7.91863650e-02 -7.59721994e-02 -7.24508613e-02 -6.86281621e-02 -6.45105988e-02
 -6.01040050e-02 -5.54134361e-02 -5.04425466e-02 -4.51927260e-02 -3.96623015e-02
 -3.38462032e-02 -2.77356915e-02 -2.13181730e-02 -1.45770544e-02 -7.49160908e-03
 -3.67501416e-05  7.81733822e-03  1.61058288e-02  2.48702411e-02  3.41599323e-02
  4.40342948e-02  5.45658767e-02  6.58448562e-02  7.79854059e-02  9.11346152e-02
  1.05484903e-01  1.21290080e-01  1.38883397e-01  1.58698156e-01  1.81343928e-01
  2.07227960e-01  2.24843770e-01  2.36961797e-01  2.46363670e-01  2.45352224e-01
  2.44740054e-01  2.31730968e-01  2.16246724e-01  2.03228548e-01  1.92797899e-01
 -8.82481858e-02 -9.39157158e-02 -9.57625136e-02 -9.55329016e-02 -9.49723274e-02
 -9.45759714e-02 -9.43785757e-02 -9.43184420e-02 -9.43238512e-02 -9.43314731e-02
 -9.42883715e-02 -9.41493958e-02 -9.38718021e-02 -9.34053138e-02 -9.27204788e-02
 -9.17975977e-02 -9.06224027e-02 -8.91858339e-02 -8.74886587e-02 -8.55249763e-02
 -8.32883939e-02 -8.07743743e-02 -7.79813007e-02 -7.49108270e-02 -7.15678409e-02
 -6.79600611e-02 -6.40974790e-02 -5.99917769e-02 -5.56555353e-02 -5.11011742e-02
 -4.63397913e-02 -4.13801409e-02 -3.62276435e-02 -3.08835097e-02 -2.53441222e-02
 -1.96006857e-02 -1.36391688e-02 -7.44044734e-03 -9.80558107e-04  5.76903298e-03
  1.28412796e-02  2.02736370e-02  2.81084944e-02  3.63940783e-02  4.51859981e-02
  5.45496270e-02  6.45636544e-02  7.53254145e-02  8.69588554e-02  9.96270180e-02
  1.13552228e-01  1.29050657e-01  1.46593943e-01  1.66904271e-01  1.90670937e-01
  2.12910295e-01  2.27324292e-01  2.39810124e-01  2.44288370e-01  2.45189786e-01
  2.39591569e-01  2.26052627e-01  2.12564960e-01  2.01184362e-01  1.91680849e-01
 -9.68951657e-02 -1.04411021e-01 -1.02817453e-01 -1.00404218e-01 -9.92946923e-02
 -9.86140370e-02 -9.81090516e-02 -9.76606384e-02 -9.71894637e-02 -9.66363549e-02
 -9.59559903e-02 -9.51126441e-02 -9.40766931e-02 -9.28225145e-02 -9.13303196e-02
 -8.95853490e-02 -8.75769332e-02 -8.52980912e-02 -8.27453360e-02 -7.99169615e-02
 -7.68133700e-02 -7.34377727e-02 -6.97967336e-02 -6.59005046e-02 -6.17630482e-02
 -5.74017726e-02 -5.28369658e-02 -4.80909422e-02 -4.31868248e-02 -3.81470397e-02
 -3.29915918e-02 -2.77363248e-02 -2.23913230e-02 -1.69596542e-02 -1.14366151e-02
 -5.80955576e-03 -5.82623907e-05  5.84422518e-03  1.19305430e-02  1.82379000e-02
  2.48071440e-02  3.16821560e-02  3.89096811e-02  4.65397015e-02  5.46263307e-02
  6.32293820e-02  7.24166632e-02  8.22671652e-02  9.28755999e-02  1.04358733e-01
  1.16864778e-01  1.30587757e-01  1.45789593e-01  1.62810609e-01  1.81623831e-01
  1.97914064e-01  2.09126428e-01  2.18814209e-01  2.22089618e-01  2.23192856e-01
  2.18415812e-01  2.09135950e-01  2.00244978e-01  1.92190081e-01  1.84969425e-01
 -9.38741937e-02 -9.99478027e-02 -1.02446273e-01 -1.02767639e-01 -1.02476090e-01
 -1.02088444e-01 -1.01641029e-01 -1.01071849e-01 -1.00322753e-01 -9.93556231e-02
 -9.81484279e-02 -9.66885164e-02 -9.49674249e-02 -9.29779410e-02 -9.07132328e-02
 -8.81667957e-02 -8.53330046e-02 -8.22078362e-02 -7.87896514e-02 -7.50797391e-02
 -7.10829645e-02 -6.68084100e-02 -6.22698739e-02 -5.74862286e-02 -5.24815433e-02
 -4.72849719e-02 -4.19302434e-02 -3.64546143e-02 -3.08971759e-02 -2.52964832e-02
 -1.96876451e-02 -1.40991751e-02 -8.55007395e-03 -3.04759131e-03  2.41392618e-03
  7.85292126e-03  1.32993106e-02  1.87922530e-02  2.43774448e-02  3.01044304e-02
  3.60243134e-02  4.21881042e-02  4.86457758e-02  5.54459319e-02  6.26359582e-02
  7.02624545e-02  7.83716366e-02  8.70094746e-02  9.62208062e-02  1.06046408e-01
  1.16515361e-01  1.27627030e-01  1.39310017e-01  1.51336178e-01  1.63147032e-01
  1.73717171e-01  1.82356432e-01  1.88693568e-01  1.92460984e-01  1.93596631e-01
  1.92193374e-01  1.88893914e-01  1.84590921e-01  1.79896191e-01  1.75170153e-01
 -1.01238415e-01 -1.09736115e-01 -1.07202612e-01 -1.05540067e-01 -1.05533049e-01
 -1.05685160e-01 -1.05586812e-01 -1.05094887e-01 -1.04176052e-01 -1.02844141e-01
 -1.01128578e-01 -9.90589038e-02 -9.66577232e-02 -9.39386934e-02 -9.09072235e-02
 -8.75628144e-02 -8.39018971e-02 -7.99205899e-02 -7.56171346e-02 -7.09936917e-02
 -6.60576448e-02 -6.08224124e-02 -5.53080589e-02 -4.95417342e-02 -4.35581543e-02
 -3.74000333e-02 -3.11181862e-02 -2.47708112e-02 -1.84214804e-02 -1.21354284e-02
 -5.97423222e-03  1.04432320e-05  5.78292646e-03  1.13281850e-02  1.66540407e-02
  2.17904709e-02  2.67861485e-02  3.17030177e-02  3.66100781e-02  4.15776409e-02
  4.66728769e-02  5.19570410e-02  5.74840605e-02  6.33002147e-02  6.94442168e-02
  7.59473667e-02  8.28332230e-02  9.01162699e-02  9.77990329e-02  1.05866626e-01
  1.14277415e-01  1.22948311e-01  1.31734118e-01  1.40405312e-01  1.48641303e-01
  1.56070188e-01  1.62349030e-01  1.67222336e-01  1.70543700e-01  1.72289163e-01
  1.72569588e-01  1.71625704e-01  1.69772103e-01  1.67316392e-01  1.64510489e-01
 -9.04702470e-02 -9.74100754e-02 -1.02463789e-01 -1.06103614e-01 -1.08789198e-01
 -1.10459790e-01 -1.11031294e-01 -1.10619068e-01 -1.09406158e-01 -1.07554123e-01
 -1.05189495e-01 -1.02403395e-01 -9.92534906e-02 -9.57689136e-02 -9.19573754e-02
 -8.78130421e-02 -8.33238289e-02 -7.84774125e-02 -7.32656419e-02 -6.76874444e-02
 -6.17503151e-02 -5.54706752e-02 -4.88737449e-02 -4.19935845e-02 -3.48740518e-02
 -2.75707748e-02 -2.01536920e-02 -1.27088325e-02 -5.33752842e-03  1.84875331e-03
  8.73869471e-03  1.52350422e-02  2.12687775e-02  2.68099234e-02  3.18724811e-02
  3.65124345e-02  4.08189893e-02  4.49010506e-02  4.88725267e-02  5.28402776e-02
  5.68967648e-02  6.11171350e-02  6.55593723e-02  7.02658668e-02  7.52652213e-02
  8.05736110e-02  8.61953050e-02  9.21219885e-02  9.83308852e-02  1.04781322e-01
  1.11410059e-01  1.18125699e-01  1.24803968e-01  1.31286860e-01  1.37389809e-01
  1.42919168e-01  1.47696421e-01  1.51581675e-01  1.54490709e-01  1.56404421e-01
  1.57369718e-01  1.57490432e-01  1.56907901e-01  1.55776843e-01  1.54244736e-01
 -8.64977986e-02 -9.42935497e-02 -1.01925060e-01 -1.09365672e-01 -1.16079368e-01
 -1.19640432e-01 -1.19971603e-01 -1.18844390e-01 -1.16706036e-01 -1.13840267e-01
 -1.10473253e-01 -1.06747970e-01 -1.02735080e-01 -9.84493941e-02 -9.38696936e-02
 -8.89572725e-02 -8.36699754e-02 -7.79716000e-02 -7.18380213e-02 -6.52605817e-02
 -5.82468957e-02 -5.08186482e-02 -4.30074446e-02 -3.48516442e-02 -2.63969582e-02
 -1.77019257e-02 -8.84743501e-03  5.19042042e-05  8.83935485e-03  1.73185822e-02
  2.52745878e-02  3.25104147e-02  3.88844870e-02  4.43356335e-02  4.88937981e-02
  5.26765510e-02  5.58684058e-02  5.86835183e-02  6.13256954e-02  6.39627278e-02
  6.67190552e-02  6.96798861e-02  7.28991926e-02  7.64073431e-02  8.02168623e-02
  8.43262300e-02  8.87218788e-02  9.33788121e-02  9.82602015e-02  1.03316180e-01
  1.08482428e-01  1.13679022e-01  1.18810639e-01  1.23768918e-01  1.28437966e-01
  1.32702813e-01  1.36459768e-01  1.39626652e-01  1.42150804e-01  1.44013733e-01
  1.45231247e-01  1.45849451e-01  1.45936817e-01  1.45574719e-01  1.44847959e-01
 -8.38745311e-02 -9.27888826e-02 -1.02606349e-01 -1.13810472e-01 -1.26578897e-01
 -1.32967278e-01 -1.33264050e-01 -1.30579159e-01 -1.26212865e-01 -1.21503003e-01
 -1.16619542e-01 -1.11710474e-01 -1.06798783e-01 -1.01799756e-01 -9.65910703e-02
 -9.10529569e-02 -8.50818530e-02 -7.85982832e-02 -7.15513080e-02 -6.39217049e-02
 -5.57272211e-02 -4.70152497e-02 -3.78397331e-02 -2.82423161e-02 -1.82503797e-02
 -7.88960513e-03  2.79268529e-03  1.36923250e-02  2.45998483e-02  3.51570435e-02
  4.48868051e-02  5.33414707e-02  6.02268614e-02  6.54198602e-02  6.89781383e-02
  7.11523071e-02  7.23811686e-02  7.31570721e-02  7.38642663e-02  7.47407228e-02
  7.59144723e-02  7.74454623e-02  7.93538243e-02  8.16365108e-02  8.42764005e-02
  8.72470289e-02  9.05147418e-02  9.40394178e-02  9.77743790e-02  1.01666011e-01
  1.05653435e-01  1.09668635e-01  1.13637395e-01  1.17481388e-01  1.21121503e-01
  1.24482214e-01  1.27496496e-01  1.30110592e-01  1.32287756e-01  1.34010419e-01
  1.35280401e-01  1.36117131e-01  1.36554271e-01  1.36635363e-01  1.36409312e-01
 -8.01452920e-02 -8.93606171e-02 -9.98369008e-02 -1.12207450e-01 -1.27531692e-01
 -1.37485221e-01 -1.43351629e-01 -1.41579583e-01 -1.36900872e-01 -1.29339561e-01
 -1.22177966e-01 -1.16130255e-01 -1.10742234e-01 -1.05508871e-01 -1.00088648e-01
 -9.42846164e-02 -8.78886208e-02 -8.07676688e-02 -7.28596821e-02 -6.40754700e-02
 -5.44624776e-02 -4.42249440e-02 -3.35202850e-02 -2.23882347e-02 -1.07855648e-02
  1.37479417e-03  1.41949821e-02  2.77570356e-02  4.20357287e-02  5.65891750e-02
  6.98442087e-02  8.03599581e-02  8.81824195e-02  9.27425325e-02  9.44581181e-02
  9.31182504e-02  9.03215036e-02  8.76844376e-02  8.56928527e-02  8.44283104e-02
  8.38609040e-02  8.39293897e-02  8.45663324e-02  8.57062787e-02  8.72876644e-02
  8.92524943e-02  9.15451199e-02  9.41109434e-02  9.68951508e-02  9.98418108e-02
  1.02893323e-01  1.05990410e-01  1.09072670e-01  1.12079807e-01  1.14953399e-01
  1.17639184e-01  1.20089471e-01  1.22265399e-01  1.24138772e-01  1.25693083e-01
  1.26923665e-01  1.27836823e-01  1.28448352e-01  1.28781259e-01  1.28863558e-01
 -7.43902102e-02 -8.28148350e-02 -9.21180397e-02 -1.02431349e-01 -1.13562845e-01
 -1.24813862e-01 -1.38236314e-01 -1.39690533e-01 -1.40146986e-01 -1.30794227e-01
 -1.22984715e-01 -1.17670640e-01 -1.14046350e-01 -1.09780006e-01 -1.04293056e-01
 -9.93491188e-02 -9.29524824e-02 -8.49173069e-02 -7.69853443e-02 -6.68316409e-02
 -5.45442961e-02 -4.21972647e-02 -2.98880562e-02 -1.74130779e-02 -4.52274969e-03
  9.06344969e-03  2.36815866e-02  3.97734940e-02  5.79924136e-02  7.95835629e-02
  1.03166044e-01  1.10818192e-01  1.26217768e-01  1.23485193e-01  1.29395202e-01
  1.16119638e-01  1.06205091e-01  9.94523317e-02  9.47604850e-02  9.15736109e-02
  8.95412788e-02  8.84237066e-02  8.80480483e-02  8.82839859e-02  8.90288949e-02
  9.01983827e-02  9.17201042e-02  9.35295820e-02  9.55674052e-02  9.77773815e-02
  1.00105420e-01  1.02499031e-01  1.04907356e-01  1.07281625e-01  1.09576046e-01
  1.11748837e-01  1.13763437e-01  1.15589604e-01  1.17204264e-01  1.18592031e-01
  1.19745232e-01  1.20663516e-01  1.21353030e-01  1.21825285e-01  1.22095875e-01
 -6.70284033e-02 -7.41176084e-02 -8.16408992e-02 -8.95526856e-02 -9.77262035e-02
 -1.05942361e-01 -1.13699943e-01 -1.20714232e-01 -1.30707607e-01 -1.19702183e-01
 -1.14774905e-01 -1.12297609e-01 -1.12736002e-01 -1.10466897e-01 -1.03845455e-01
 -1.01409554e-01 -9.54172537e-02 -8.55774954e-02 -7.97987655e-02 -6.85326159e-02
 -5.28816991e-02 -3.90744545e-02 -2.60055568e-02 -1.30660329e-02  1.72237924e-04
  1.40906321e-02  2.91093122e-02  4.57704961e-02  6.48452565e-02  8.73921216e-02
  1.09667689e-01  1.20156981e-01  1.32625297e-01  1.32661253e-01  1.34864092e-01
  1.23290800e-01  1.12065226e-01  1.04133829e-01  9.85476002e-02  9.46444720e-02
  9.19949263e-02  9.03129652e-02  8.93994346e-02  8.91087055e-02  8.93291235e-02
  8.99712071e-02  9.09603313e-02  9.22319964e-02  9.37287584e-02  9.53981355e-02
  9.71913934e-02  9.90627855e-02  1.00969322e-01  1.02870815e-01  1.04730204e-01
  1.06514066e-01  1.08193137e-01  1.09742843e-01  1.11143716e-01  1.12381622e-01
  1.13447741e-01  1.14338353e-01  1.15054369e-01  1.15600720e-01  1.15985580e-01
  3.35049796e+00  3.46956849e+00  3.54761696e+00  3.61021018e+00  3.64035416e+00
  3.65290046e+00  3.64832807e+00  3.63199186e+00  3.60742068e+00  3.57658744e+00
  3.54149485e+00  3.50476646e+00  3.46637321e+00  3.42803311e+00  3.39113307e+00
  3.35420108e+00  3.31941009e+00  3.28643870e+00  3.25540066e+00  3.22660184e+00
  3.20043254e+00  3.17755604e+00  3.15722752e+00  3.13942170e+00  3.12507868e+00
  3.11317730e+00  3.10387015e+00  3.09683228e+00  3.09214425e+00  3.08997083e+00
  3.08970022e+00  3.09168005e+00  3.09567690e+00  3.10159421e+00  3.10986090e+00
  3.12006783e+00  3.13244724e+00  3.14696813e+00  3.16384530e+00  3.18305635e+00
  3.20497656e+00  3.22952986e+00  3.25694942e+00  3.28760552e+00  3.32161474e+00
  3.35938978e+00  3.40129256e+00  3.44752288e+00  3.49894881e+00  3.55576921e+00
  3.61846948e+00  3.68839431e+00  3.76548862e+00  3.85181069e+00  3.94774652e+00
  4.05595016e+00  4.17803812e+00  4.31880617e+00  4.47979069e+00  4.67018318e+00
  4.89706421e+00  5.17771101e+00  5.54684925e+00  6.13321161e+00  9.07668686e+00
   91   89
  1.04971552e+00  0.00000000e+00  1.05134463e+00  1.00000001e-01  1.05384099e+00
  1.50000006e-01  1.06049609e+00  2.50000000e-01  1.06955516e+00  3.49999994e-01
  1.07906246e+00  4.39946681e-01  1.08531702e+00  5.00000000e-01  1.09496629e+00
  6.00000024e-01  1.10439849e+00  6.99999988e-01  1.10979319e+00  7.50000000e-01
  1.12045538e+00  8.50000024e-01  1.13070881e+00  9.49999988e-01  1.13648224e+00
  1.00000000e+00  1.14456880e+00  1.09193873e+00  1.14777124e+00  1.13387752e+00
  1.21187496e+00  1.12039828e+00  1.26499999e+00  1.10633671e+00  1.29156256e+00
  1.09887111e+00  1.34468746e+00  1.08599079e+00  1.39781249e+00  1.07206833e+00
  1.45093751e+00  1.05648780e+00  1.47749996e+00  1.04815984e+00  1.53062499e+00
  1.03102064e+00  1.58375001e+00  1.01098597e+00  1.61031246e+00  9.99798775e-01
  1.66343749e+00  9.76247668e-01  1.71283007e+00  9.49999988e-01  1.74312496e+00
  9.33094859e-01  1.79381990e+00  8.99999976e-01  1.82281256e+00  8.79817009e-01
  1.86050677e+00  8.50000024e-01  1.90250003e+00  8.14779699e-01  1.92906249e+00
  7.90360153e-01  1.96948934e+00  7.50000000e-01  2.00874996e+00  7.07327068e-01
  2.03531241e+00  6.76258564e-01  2.06187510e+00  6.42574012e-01  2.09220719e+00
  6.00000024e-01  2.12455153e+00  5.50000012e-01  2.15305638e+00  5.00000000e-01
  2.17825174e+00  4.49999988e-01  2.20079541e+00  4.00000006e-01  2.22147822e+00
  3.49999994e-01  2.24781251e+00  2.78750926e-01  2.27298856e+00  2.00000003e-01
  2.28574729e+00  1.50000006e-01  2.30093741e+00  5.45348451e-02  2.30444980e+00
  0.00000000e+00  2.30093741e+00 -8.09236243e-02  2.29109859e+00 -1.50000006e-01
  2.27437496e+00 -2.17256442e-01  2.24850607e+00 -3.00000012e-01  2.23060870e+00
 -3.49999994e-01  2.21056581e+00 -4.00000006e-01  2.18796349e+00 -4.49999988e-01
  2.16216207e+00 -5.00000000e-01  2.13235688e+00 -5.50000012e-01  2.09770989e+00
 -6.00000024e-01  2.06187510e+00 -6.45444691e-01  2.03531241e+00 -6.75386548e-01
  2.00874996e+00 -7.02442527e-01  1.95739543e+00 -7.50000000e-01  1.92906249e+00
 -7.74215162e-01  1.89452815e+00 -8.00000012e-01  1.84937501e+00 -8.31068814e-01
  1.81660938e+00 -8.50000024e-01  1.76968753e+00 -8.75164568e-01  1.71656251e+00
 -8.97764742e-01  1.69000006e+00 -9.07618344e-01  1.63687503e+00 -9.24301326e-01
  1.58375001e+00 -9.36209202e-01  1.53062499e+00 -9.43493962e-01  1.47749996e+00
 -9.45944786e-01  1.42437506e+00 -9.42660272e-01  1.37125003e+00 -9.31578934e-01
  1.31812501e+00 -9.08342183e-01  1.29156256e+00 -8.90394330e-01  1.25003588e+00
 -8.50000024e-01  1.21458137e+00 -8.00000012e-01  1.18818557e+00 -7.50000000e-01
  1.16704464e+00 -6.99999988e-01  1.14943123e+00 -6.49999976e-01  1.13218749e+00
 -5.91481864e-01  1.10960937e+00 -5.00000000e-01  1.09879279e+00 -4.49999988e-01
  1.08054852e+00 -3.49999994e-01  1.07260859e+00 -3.00000012e-01  1.06059921e+00
 -2.00000003e-01  1.05306613e+00 -1.00000001e-01  1.05067289e+00 -5.00000007e-02
  1.04971552e+00  0.00000000e+00
  1.01600003e+00  0.00000000e+00  1.01600003e+00  9.63999987e-01  1.01800001e+00
  9.67999995e-01  1.01800001e+00  1.00100005e+00  1.01800001e+00  1.01900005e+00
  1.01800001e+00  1.07700002e+00  1.01800001e+00  1.07000005e+00  1.01800001e+00
  1.09599996e+00  1.01800001e+00  1.11300004e+00  1.01800001e+00  1.13800001e+00
  1.01600003e+00  1.14699996e+00  1.01199996e+00  1.16499996e+00  1.00100005e+00
  1.21700001e+00  1.02900004e+00  1.21700001e+00  1.04200006e+00  1.16240001e+00
  1.04600000e+00  1.16237998e+00  1.05599999e+00  1.16260004e+00  1.09700000e+00
  1.16450000e+00  1.10800004e+00  1.16594005e+00  1.11600006e+00  1.16591001e+00
  1.13399994e+00  1.16895998e+00  1.14800000e+00  1.17174995e+00  1.16199994e+00
  1.17556000e+00  1.18099999e+00  1.18299997e+00  1.18200004e+00  1.18350005e+00
  1.18499994e+00  1.18499994e+00  1.19000006e+00  1.18799996e+00  1.19500005e+00
  1.19099998e+00  1.20099998e+00  1.19599998e+00  1.20899999e+00  1.20200002e+00
  1.21500003e+00  1.20799994e+00  1.22200000e+00  1.21399999e+00  1.22800004e+00
  1.22099996e+00  1.23399997e+00  1.23099995e+00  1.23899996e+00  1.23800004e+00
  1.24199998e+00  1.24399996e+00  1.24800003e+00  1.25399995e+00  1.25800002e+00
  1.27800000e+00  1.26300001e+00  1.28999996e+00  1.27999997e+00  1.33099997e+00
  1.27999997e+00  1.34700000e+00  1.27999997e+00  1.34800005e+00  1.30999994e+00
  1.34800005e+00  1.32799995e+00  1.34800005e+00  1.36099994e+00  1.34800005e+00
  1.38000000e+00  1.34800005e+00  1.41900003e+00  1.34800005e+00  1.41900003e+00
  1.30999994e+00  1.37199998e+00  1.30999994e+00  1.37199998e+00  1.29200006e+00
  1.60800004e+00  1.09500003e+00  1.64699996e+00  1.07700002e+00  1.78499997e+00
  1.07700002e+00  2.06999993e+00  1.03999996e+00  2.12800002e+00  9.92999971e-01
  2.24499989e+00  7.08999991e-01  2.32299995e+00  5.18999994e-01  2.37700009e+00
  3.88999999e-01  2.35200000e+00  4.00000006e-01  2.35100007e+00  3.37000012e-01
  2.35100007e+00  2.04999998e-01  2.35400009e+00  6.80000037e-02  2.35400009e+00
  0.00000000e+00  2.35400009e+00 -6.80000037e-02  2.35299993e+00 -2.04999998e-01
  2.35100007e+00 -3.37000012e-01  2.35299993e+00 -4.00000006e-01  2.37700009e+00
 -3.88999999e-01  2.13400006e+00 -9.72999990e-01  1.78600001e+00 -1.17400002e+00
  1.76800001e+00 -1.21099997e+00  1.76800001e+00 -1.25399995e+00  1.68200004e+00
 -1.25399995e+00  1.67400002e+00 -1.26199996e+00  1.67400002e+00 -1.32900000e+00
  1.68099999e+00 -1.33899999e+00  1.75399995e+00 -1.33899999e+00  1.75399995e+00
 -1.36800003e+00  1.68900001e+00 -1.36800003e+00  1.68900001e+00 -1.36600006e+00
  1.55499995e+00 -1.36600006e+00  1.41199994e+00 -1.36600006e+00  1.27300000e+00
 -1.36600006e+00  1.15300000e+00 -1.36600006e+00  1.01600003e+00 -1.22899997e+00
  1.01600003e+00 -8.00000012e-01  1.01600003e+00 -4.14999992e-01  1.01600003e+00
 -4.00000006e-01  1.01600003e+00  0.00000000e+00
    0 0.000000000e+00    0
  0.00000000e+00  1.21635877e-01  1.73325136e-01  2.12106615e-01  2.46370062e-01
  2.76637554e-01  3.03962409e-01  3.28847677e-01  3.51954728e-01  3.73484224e-01
  3.93535882e-01  4.12636459e-01  4.30499375e-01  4.47537273e-01  4.63856697e-01
  4.79352981e-01  4.94175583e-01  5.08591652e-01  5.22349834e-01  5.35597384e-01
  5.48521340e-01  5.61038613e-01  5.73162377e-01  5.84984481e-01  5.96492231e-01
  6.07772470e-01  6.18819416e-01  6.29617333e-01  6.40190482e-01  6.50604367e-01
  6.60895407e-01  6.70989156e-01  6.80927932e-01  6.90761924e-01  7.00481832e-01
  7.10097730e-01  7.19612241e-01  7.29048252e-01  7.38420784e-01  7.47708023e-01
  7.56946862e-01  7.66144574e-01  7.75316179e-01  7.84461081e-01  7.93573022e-01
  8.02684069e-01  8.11815262e-01  8.20946693e-01  8.30125511e-01  8.39330852e-01
  8.48572433e-01  8.57922196e-01  8.67326081e-01  8.76863956e-01  8.86493981e-01
  8.96273792e-01  9.06223416e-01  9.16423142e-01  9.26810205e-01  9.37513828e-01
  9.48525667e-01  9.60041165e-01  9.72100675e-01  9.85060155e-01  1.00000000e+00
    0
