   EFIT?   05/12/98      #102940  1271             3  65  65
  1.70000005e+00  3.20000005e+00  1.69550002e+00  8.39999974e-01  0.00000000e+00
  1.78406882e+00  2.33035386e-02 -2.70795643e-01  6.32108515e-03 -2.00188541e+00
  1.47919925e+06 -2.70795643e-01  0.00000000e+00  1.78406882e+00  0.00000000e+00
  2.33035386e-02  0.00000000e+00  6.32108515e-03  0.00000000e+00  0.00000000e+00
 -3.42442060e+00 -3.43389678e+00 -3.44174933e+00 -3.44815540e+00 -3.45327449e+00
 -3.45724940e+00 -3.46020889e+00 -3.46226931e+00 -3.46353531e+00 -3.46410131e+00
 -3.46405339e+00 -3.46346927e+00 -3.46241856e+00 -3.46096539e+00 -3.45916748e+00
 -3.45707703e+00 -3.45474148e+00 -3.45220351e+00 -3.44950247e+00 -3.44667339e+00
 -3.44374800e+00 -3.44075513e+00 -3.43772101e+00 -3.43466926e+00 -3.43162155e+00
 -3.42859721e+00 -3.42561412e+00 -3.42268825e+00 -3.41983366e+00 -3.41706347e+00
 -3.41438913e+00 -3.41182089e+00 -3.40936804e+00 -3.40703821e+00 -3.40483832e+00
 -3.40277410e+00 -3.40085101e+00 -3.39907241e+00 -3.39744139e+00 -3.39596057e+00
 -3.39463091e+00 -3.39345288e+00 -3.39242625e+00 -3.39154935e+00 -3.39082050e+00
 -3.39023638e+00 -3.38979316e+00 -3.38948560e+00 -3.38930798e+00 -3.38925314e+00
 -3.38931322e+00 -3.38947868e+00 -3.38973904e+00 -3.39008236e+00 -3.39049530e+00
 -3.39096284e+00 -3.39146852e+00 -3.39199352e+00 -3.39251781e+00 -3.39301848e+00
 -3.39347053e+00 -3.39384651e+00 -3.39411569e+00 -3.39424491e+00 -3.39419675e+00
  1.02804719e+05  9.28255547e+04  8.38721797e+04  7.58700156e+04  6.87481250e+04
  6.24391016e+04  5.68788984e+04  5.20066875e+04  4.77647344e+04  4.40982578e+04
  4.09553281e+04  3.82867383e+04  3.60459023e+04  3.41887539e+04  3.26736406e+04
  3.14612422e+04  3.05144805e+04  2.97984395e+04  2.92802852e+04  2.89291973e+04
  2.87162949e+04  2.86145840e+04  2.85988887e+04  2.86457988e+04  2.87336230e+04
  2.88423301e+04  2.89535156e+04  2.90503594e+04  2.91175801e+04  2.91414180e+04
  2.91095859e+04  2.90112559e+04  2.88370293e+04  2.85789219e+04  2.82303340e+04
  2.77860508e+04  2.72422227e+04  2.65963555e+04  2.58473125e+04  2.49953027e+04
  2.40418906e+04  2.29899883e+04  2.18438730e+04  2.06091934e+04  1.92929746e+04
  1.79036465e+04  1.64510508e+04  1.49464678e+04  1.34026406e+04  1.18338037e+04
  1.02557139e+04  8.68568359e+03  7.14262061e+03  5.64706885e+03  4.22125342e+03
  2.88912988e+03  1.67643677e+03  6.10752075e+02 -2.78446411e+02 -9.59715820e+02
 -1.39957935e+03 -1.56245264e+03 -1.41056592e+03 -9.03880127e+02  0.00000000e+00
  8.17443657e+00  6.83502197e+00  5.63420582e+00  4.55953360e+00  3.59966135e+00
  2.74425435e+00  1.98389614e+00  1.31000721e+00  7.14768052e-01  1.91050947e-01
 -2.67642587e-01 -6.67239249e-01 -1.01314580e+00 -1.31029701e+00 -1.56319857e+00
 -1.77596712e+00 -1.95236635e+00 -2.09583974e+00 -2.20954180e+00 -2.29636455e+00
 -2.35894799e+00 -2.39960289e+00 -2.42039394e+00 -2.42321205e+00 -2.40978909e+00
 -2.38171458e+00 -2.34044909e+00 -2.28733706e+00 -2.22361898e+00 -2.15044165e+00
 -2.06886888e+00 -1.97989070e+00 -1.88443208e+00 -1.78336072e+00 -1.67749512e+00
 -1.56761169e+00 -1.45445144e+00 -1.33872640e+00 -1.22112620e+00 -1.10232389e+00
 -9.82982159e-01 -8.63758683e-01 -7.45312274e-01 -6.28308654e-01 -5.13426125e-01
 -4.01361674e-01 -2.92837173e-01 -1.88605517e-01 -8.94573703e-02  3.77184269e-03
  9.01946723e-02  1.68863803e-01  2.38763690e-01  2.98801690e-01  3.47798437e-01
  3.84477407e-01  4.07453746e-01  4.15222079e-01  4.06143278e-01  3.78430068e-01
  3.30131203e-01  2.59114414e-01  1.63047656e-01  3.93784754e-02 -1.14688300e-01
 -2.42755275e+06 -2.18181625e+06 -1.95373925e+06 -1.74245625e+06 -1.54713888e+06
 -1.36699350e+06 -1.20126012e+06 -1.04921038e+06 -9.10145875e+05 -7.83396688e+05
 -6.68320125e+05 -5.64299062e+05 -4.70740688e+05 -3.87075250e+05 -3.12754594e+05
 -2.47251203e+05 -1.90056922e+05 -1.40681875e+05 -9.86533047e+04 -6.35146719e+04
 -3.48245312e+04 -1.21556279e+04  4.90605957e+03  1.67622344e+04  2.38031602e+04
  2.64085156e+04  2.49482324e+04  1.97833066e+04  1.12665938e+04 -2.56415802e+02
 -1.44468408e+04 -3.09716621e+04 -4.95029883e+04 -6.97173359e+04 -9.12949297e+04
 -1.13918984e+05 -1.37275000e+05 -1.61050125e+05 -1.84932375e+05 -2.08610047e+05
 -2.31770969e+05 -2.54101844e+05 -2.75287500e+05 -2.95010344e+05 -3.12949500e+05
 -3.28780156e+05 -3.42172906e+05 -3.52793000e+05 -3.60299562e+05 -3.64344875e+05
 -3.64573656e+05 -3.60622156e+05 -3.52117500e+05 -3.38676781e+05 -3.19906281e+05
 -2.95400531e+05 -2.64741469e+05 -2.27497500e+05 -1.83222594e+05 -1.31455219e+05
 -7.17174062e+04 -3.51367505e+03  7.36700781e+04  1.60367672e+05  2.57133859e+05
  4.76751029e-02  4.02300358e-02  3.22023258e-02  2.36129295e-02  1.46180689e-02
  5.51690161e-03 -3.02582583e-03 -1.07641509e-02 -2.00187005e-02 -7.30492594e-03
 -8.82899913e-04  2.82592815e-03  3.33880936e-03  6.45796675e-03  1.47888176e-02
  1.85159687e-02  2.57422104e-02  3.76501940e-02  4.51067127e-02  5.81471585e-02
  7.64970407e-02  9.28036124e-02  1.08323999e-01  1.23761728e-01  1.39621645e-01
  1.56361401e-01  1.74488857e-01  1.94659710e-01  2.17809319e-01  2.45037690e-01
  2.70607471e-01  2.84580618e-01  2.97707349e-01  2.98938274e-01  2.99236387e-01
  2.85935104e-01  2.71385610e-01  2.60601699e-01  2.52577841e-01  2.46530533e-01
  2.41966948e-01  2.38567650e-01  2.36113936e-01  2.34446049e-01  2.33439684e-01
  2.32993141e-01  2.33019814e-01  2.33443677e-01  2.34196231e-01  2.35214442e-01
  2.36439452e-01  2.37815708e-01  2.39290744e-01  2.40815103e-01  2.42342815e-01
  2.43831903e-01  2.45245099e-01  2.46550456e-01  2.47721970e-01  2.48739854e-01
  2.49590680e-01  2.50267029e-01  2.50767142e-01  2.51094073e-01  2.51254767e-01
  3.99683379e-02  3.07601076e-02  2.04759426e-02  8.95029213e-03 -3.54910875e-03
 -1.62230078e-02 -3.16575840e-02 -3.18140127e-02 -3.12133711e-02 -1.92735307e-02
 -9.51705407e-03 -2.58944021e-03  2.44337227e-03  8.05310626e-03  1.50036840e-02
  2.14256421e-02  2.93489359e-02  3.91153581e-02  4.88565266e-02  6.09481633e-02
  7.54566342e-02  9.01409909e-02  1.04870781e-01  1.19887277e-01  1.35499880e-01
  1.52069613e-01  1.70044243e-01  1.90029129e-01  2.12914005e-01  2.39891008e-01
  2.65689850e-01  2.78960496e-01  2.92683601e-01  2.93402910e-01  2.94635475e-01
  2.81192094e-01  2.67188251e-01  2.57010162e-01  2.49568939e-01  2.44102687e-01
  2.40129545e-01  2.37330347e-01  2.35483259e-01  2.34426245e-01  2.34034583e-01
  2.34207287e-01  2.34858409e-01  2.35911757e-01  2.37297192e-01  2.38948360e-01
  2.40801245e-01  2.42793381e-01  2.44863853e-01  2.46953651e-01  2.49006674e-01
  2.50970989e-01  2.52800345e-01  2.54455507e-01  2.55905569e-01  2.57128626e-01
  2.58112013e-01  2.58851826e-01  2.59352058e-01  2.59623289e-01  2.59681016e-01
  3.42818983e-02  2.40699872e-02  1.23048574e-02 -1.79477537e-03 -1.94752347e-02
 -2.97738966e-02 -3.60102803e-02 -3.27583738e-02 -2.64902078e-02 -1.68650951e-02
 -7.88880512e-03 -2.12827916e-04  6.68780133e-03  1.33822914e-02  2.02632155e-02
  2.75607146e-02  3.55100669e-02  4.42681871e-02  5.39129339e-02  6.45489246e-02
  7.61404335e-02  8.84835422e-02  1.01423129e-01  1.14936508e-01  1.29100576e-01
  1.44052565e-01  1.59963951e-01  1.77011803e-01  1.95301145e-01  2.14466199e-01
  2.31858119e-01  2.44763047e-01  2.54298359e-01  2.58763701e-01  2.59654492e-01
  2.55454808e-01  2.49337763e-01  2.43917510e-01  2.39603013e-01  2.36364916e-01
  2.34097809e-01  2.32689217e-01  2.32036427e-01  2.32049182e-01  2.32647911e-01
  2.33760908e-01  2.35321492e-01  2.37265542e-01  2.39529505e-01  2.42048845e-01
  2.44757026e-01  2.47585148e-01  2.50462264e-01  2.53316492e-01  2.56077051e-01
  2.58676767e-01  2.61055380e-01  2.63162285e-01  2.64959246e-01  2.66421914e-01
  2.67540216e-01  2.68317610e-01  2.68769175e-01  2.68918931e-01  2.68796980e-01
  3.11997887e-02  2.13528294e-02  1.03599448e-02 -2.36392953e-03 -1.68525837e-02
 -2.30556466e-02 -2.27272715e-02 -1.88063290e-02 -1.30939120e-02 -6.99976366e-03
 -7.18475261e-04  5.57539053e-03  1.18566584e-02  1.82228554e-02  2.48142891e-02
  3.17687690e-02  3.92062403e-02  4.72203866e-02  5.58740832e-02  6.51962981e-02
  7.51769468e-02  8.57748687e-02  9.69428122e-02  1.08648226e-01  1.20875560e-01
  1.33611500e-01  1.46815643e-01  1.60371751e-01  1.74010456e-01  1.87220499e-01
  1.99273154e-01  2.09489897e-01  2.17450887e-01  2.22977176e-01  2.26145297e-01
  2.27307767e-01  2.27134272e-01  2.26376429e-01  2.25580603e-01  2.25055993e-01
  2.24954963e-01  2.25342005e-01  2.26234466e-01  2.27624223e-01  2.29488745e-01
  2.31796473e-01  2.34509006e-01  2.37581640e-01  2.40962997e-01  2.44594067e-01
  2.48407394e-01  2.52326578e-01  2.56266683e-01  2.60135889e-01  2.63839096e-01
  2.67282844e-01  2.70381838e-01  2.73065180e-01  2.75281817e-01  2.77004063e-01
  2.78228223e-01  2.78972745e-01  2.79274076e-01  2.79180884e-01  2.78748423e-01
  2.97290925e-02  2.12603938e-02  1.28856841e-02  4.66699526e-03 -2.64783786e-03
 -6.09824620e-03 -5.91014326e-03 -4.06543631e-03 -1.04920042e-03  2.80801556e-03
  7.24404166e-03  1.20923510e-02  1.72694232e-02  2.27561053e-02  2.85750069e-02
  3.47693600e-02  4.13872302e-02  4.84708995e-02  5.60500957e-02  6.41381741e-02
  7.27311447e-02  8.18098560e-02  9.13440585e-02  1.01295233e-01  1.11614637e-01
  1.22235186e-01  1.33057371e-01  1.43931478e-01  1.54642493e-01  1.64910704e-01
  1.74422309e-01  1.82887465e-01  1.90098137e-01  1.95964277e-01  2.00528845e-01
  2.03964114e-01  2.06542000e-01  2.08575889e-01  2.10357651e-01  2.12120503e-01
  2.14032263e-01  2.16205090e-01  2.18709230e-01  2.21584782e-01  2.24850163e-01
  2.28507519e-01  2.32545733e-01  2.36941412e-01  2.41658613e-01  2.46647328e-01
  2.51841277e-01  2.57155627e-01  2.62485564e-01  2.67707020e-01  2.72681624e-01
  2.77266353e-01  2.81327009e-01  2.84752607e-01  2.87467450e-01  2.89438546e-01
  2.90676981e-01  2.91233331e-01  2.91187286e-01  2.90634602e-01  2.89674670e-01
  2.71681305e-02  1.97142772e-02  1.43246101e-02  1.04943449e-02  7.71391811e-03
  6.11449312e-03  5.81365637e-03  6.67784316e-03  8.49397480e-03  1.10722212e-02
  1.42618809e-02  1.79526918e-02  2.20730416e-02  2.65845638e-02  3.14741246e-02
  3.67449336e-02  4.24082465e-02  4.84765396e-02  5.49583957e-02  6.18550666e-02
  6.91585317e-02  7.68507048e-02  8.49030688e-02  9.32758674e-02  1.01916097e-01
  1.10753991e-01  1.19698733e-01  1.28635034e-01  1.37423411e-01  1.45907223e-01
  1.53927639e-01  1.61344633e-01  1.68058425e-01  1.74025685e-01  1.79266900e-01
  1.83863491e-01  1.87944651e-01  1.91666931e-01  1.95192128e-01  1.98669866e-01
  2.02227667e-01  2.05967918e-01  2.09969148e-01  2.14289144e-01  2.18968302e-01
  2.24032223e-01  2.29493216e-01  2.35350475e-01  2.41588652e-01  2.48174593e-01
  2.55052090e-01  2.62134403e-01  2.69295484e-01  2.76362896e-01  2.83119112e-01
  2.89319307e-01  2.94725239e-01  2.99141586e-01  3.02442342e-01  3.04585040e-01
  3.05615008e-01  3.05656224e-01  3.04884404e-01  3.03490698e-01  3.01652223e-01
  2.01706477e-02  1.00677088e-02  1.19548840e-02  1.34211816e-02  1.32990722e-02
  1.31665682e-02  1.34345554e-02  1.42385326e-02  1.55989034e-02  1.74865443e-02
  1.98565405e-02  2.26650871e-02  2.58771777e-02  2.94689834e-02  3.34270969e-02
  3.77460048e-02  4.24248315e-02  4.74640429e-02  5.28625213e-02  5.86152188e-02
  6.47113845e-02  7.11332783e-02  7.78551698e-02  8.48423168e-02  9.20499489e-02
  9.94222313e-02  1.06891684e-01  1.14379793e-01  1.21799529e-01  1.29060537e-01
  1.36076763e-01  1.42775640e-01  1.49107069e-01  1.55050337e-01  1.60617352e-01
  1.65851519e-01  1.70822576e-01  1.75618455e-01  1.80336118e-01  1.85073227e-01
  1.89921960e-01  1.94965288e-01  2.00275600e-01  2.05914527e-01  2.11933881e-01
  2.18376458e-01  2.25276679e-01  2.32660398e-01  2.40543231e-01  2.48926684e-01
  2.57790655e-01  2.67079502e-01  2.76678413e-01  2.86374450e-01  2.95810342e-01
  3.04493278e-01  3.11929792e-01  3.17754358e-01  3.21749687e-01  3.23845357e-01
  3.24145436e-01  3.22957009e-01  3.20713133e-01  3.17814261e-01  3.14558208e-01
  2.76585482e-02  2.15177517e-02  1.86597705e-02  1.80100091e-02  1.81376431e-02
  1.85082592e-02  1.90689769e-02  1.98726598e-02  2.09687967e-02  2.23856624e-02
  2.41344031e-02  2.62162518e-02  2.86282860e-02  3.13669853e-02  3.44298668e-02
  3.78157571e-02  4.15241420e-02  4.55540679e-02  4.99028750e-02  5.45649715e-02
  5.95307536e-02  6.47856966e-02  7.03096613e-02  7.60762841e-02  8.20526928e-02
  8.81994292e-02  9.44709778e-02  1.00816987e-01  1.07184492e-01  1.13521121e-01
  1.19779222e-01  1.25920281e-01  1.31919131e-01  1.37767076e-01  1.43473476e-01
  1.49065465e-01  1.54585883e-01  1.60089806e-01  1.65640637e-01  1.71305969e-01
  1.77154377e-01  1.83253020e-01  1.89666361e-01  1.96455777e-01  2.03679994e-01
  2.11395890e-01  2.19659701e-01  2.28528097e-01  2.38059163e-01  2.48312220e-01
  2.59345800e-01  2.71210641e-01  2.83931911e-01  2.97468781e-01  3.11574459e-01
  3.24660718e-01  3.35322917e-01  3.43226194e-01  3.48125249e-01  3.49825203e-01
  3.48170727e-01  3.43803167e-01  3.38596463e-01  3.33154023e-01  3.27785671e-01
  2.50988044e-02  1.63250137e-02  1.88587084e-02  2.15614717e-02  2.26032957e-02
  2.32782830e-02  2.38768887e-02  2.45223306e-02  2.52906028e-02  2.62344759e-02
  2.73907650e-02  2.87847109e-02  3.04335263e-02  3.23491171e-02  3.45399790e-02
  3.70122604e-02  3.97702157e-02  4.28161956e-02  4.61503565e-02  4.97702286e-02
  5.36702722e-02  5.78414463e-02  6.22708686e-02  6.69416338e-02  7.18327910e-02
  7.69196004e-02  8.21741745e-02  8.75665173e-02  9.30660665e-02  9.86436605e-02
  1.04273796e-01  1.09936990e-01  1.15621917e-01  1.21326983e-01  1.27061248e-01
  1.32844418e-01  1.38706088e-01  1.44684359e-01  1.50824040e-01  1.57174885e-01
  1.63790077e-01  1.70725033e-01  1.78036988e-01  1.85785145e-01  1.94031551e-01
  2.02842683e-01  2.12291926e-01  2.22463146e-01  2.33455569e-01  2.45390907e-01
  2.58424014e-01  2.72759438e-01  2.88678080e-01  3.06568444e-01  3.26733202e-01
  3.46718431e-01  3.60388547e-01  3.71805012e-01  3.77794683e-01  3.79145443e-01
  3.76560450e-01  3.66862655e-01  3.56816977e-01  3.47830266e-01  3.39855194e-01
  3.53292041e-02  2.98116952e-02  2.76026987e-02  2.74707023e-02  2.78695151e-02
  2.82428358e-02  2.85249595e-02  2.87691429e-02  2.90429574e-02  2.94050705e-02
  2.99019143e-02  3.05690691e-02  3.14335227e-02  3.25157829e-02  3.38315442e-02
  3.53928767e-02  3.72089855e-02  3.92866246e-02  4.16302755e-02  4.42421623e-02
  4.71221805e-02  5.02678193e-02  5.36740646e-02  5.73333651e-02  6.12356998e-02
  6.53688163e-02  6.97186813e-02  7.42701888e-02  7.90081471e-02  8.39184523e-02
  8.89894217e-02  9.42131206e-02  9.95865837e-02  1.05112679e-01  1.10800698e-01
  1.16666466e-01  1.22732140e-01  1.29025757e-01  1.35580555e-01  1.42434344e-01
  1.49628922e-01  1.57209828e-01  1.65226489e-01  1.73732877e-01  1.82788759e-01
  1.92461878e-01  2.02831089e-01  2.13991106e-01  2.26059377e-01  2.39186466e-01
  2.53571898e-01  2.69489646e-01  2.87330568e-01  3.07671815e-01  3.31272930e-01
  3.56546551e-01  3.74187201e-01  3.88156861e-01  3.96575570e-01  3.98289919e-01
  3.96514833e-01  3.84881556e-01  3.70825112e-01  3.58596653e-01  3.48376751e-01
  3.78707498e-02  3.07306275e-02  3.14054713e-02  3.32629159e-02  3.37210111e-02
  3.36439461e-02  3.33276428e-02  3.29135656e-02  3.24897096e-02  3.21182311e-02
  3.18456814e-02  3.17079872e-02  3.17334682e-02  3.19447964e-02  3.23604196e-02
  3.29955332e-02  3.38627622e-02  3.49726230e-02  3.63338292e-02  3.79534625e-02
  3.98371406e-02  4.19891141e-02  4.44122851e-02  4.71081585e-02  5.00767455e-02
  5.33166155e-02  5.68250231e-02  6.05982952e-02  6.46323562e-02  6.89234585e-02
  7.34690502e-02  7.82686397e-02  8.33245814e-02  8.86426345e-02  9.42321643e-02
  1.00106262e-01  1.06281832e-01  1.12779602e-01  1.19623996e-01  1.26843095e-01
  1.34468585e-01  1.42535895e-01  1.51084587e-01  1.60159141e-01  1.69810086e-01
  1.80095926e-01  1.91085696e-01  2.02862650e-01  2.15529457e-01  2.29215249e-01
  2.44085163e-01  2.60352820e-01  2.78294504e-01  2.98263907e-01  3.20730925e-01
  3.46389025e-01  3.70027065e-01  3.82897198e-01  3.95984322e-01  3.97801250e-01
  3.97945642e-01  3.90762419e-01  3.75451446e-01  3.61814857e-01  3.50798100e-01
  5.07793352e-02  4.57995534e-02  4.33180779e-02  4.21182141e-02  4.09874916e-02
  3.97222340e-02  3.83778624e-02  3.70182022e-02  3.56918015e-02  3.44361961e-02
  3.32819596e-02  3.22549492e-02  3.13775502e-02  3.06694303e-02  3.01481038e-02
  2.98293158e-02  2.97273900e-02  2.98554879e-02  3.02258264e-02  3.08498070e-02
  3.17382924e-02  3.29022221e-02  3.43526192e-02  3.61002125e-02  3.81549485e-02
  4.05255556e-02  4.32192944e-02  4.62419167e-02  4.95978482e-02  5.32906838e-02
  5.73238917e-02  6.17017411e-02  6.64301962e-02  7.15172067e-02  7.69720078e-02
  8.28050002e-02  8.90281126e-02  9.56552848e-02  1.02702744e-01  1.10189207e-01
  1.18135989e-01  1.26567274e-01  1.35510430e-01  1.44996479e-01  1.55060783e-01
  1.65743932e-01  1.77092984e-01  1.89162835e-01  2.02017918e-01  2.15733737e-01
  2.30398193e-01  2.46111602e-01  2.62984991e-01  2.81136632e-01  3.00699651e-01
  3.21972221e-01  3.46554250e-01  3.61096621e-01  3.70360941e-01  3.81110758e-01
  3.77042741e-01  3.80085766e-01  3.66691381e-01  3.54395151e-01  3.45435053e-01
  6.31616488e-02  5.91438711e-02  5.52742667e-02  5.17752729e-02  4.87035476e-02
  4.59235199e-02  4.33276854e-02  4.08645757e-02  3.85162272e-02  3.62816229e-02
  3.41681577e-02  3.21874246e-02  3.03530917e-02  2.86797713e-02  2.71824319e-02
  2.58760862e-02  2.47756951e-02  2.38962565e-02  2.32529584e-02  2.28605233e-02
  2.27328949e-02  2.28876714e-02  2.33453512e-02  2.41276119e-02  2.52557620e-02
  2.67495289e-02  2.86262222e-02  3.09002008e-02  3.35826613e-02  3.66818905e-02
  4.02041189e-02  4.41553332e-02  4.85440157e-02  5.33830039e-02  5.86818680e-02
  6.44471273e-02  7.06842095e-02  7.73993060e-02  8.46001059e-02  9.22955424e-02
  1.00495942e-01  1.09213255e-01  1.18461132e-01  1.28254965e-01  1.38611853e-01
  1.49550572e-01  1.61091268e-01  1.73254818e-01  1.86061516e-01  1.99528500e-01
  2.13665023e-01  2.28464216e-01  2.43888557e-01  2.59843349e-01  2.76123077e-01
  2.92286336e-01  3.07420850e-01  3.20282102e-01  3.30316871e-01  3.37364823e-01
  3.41295093e-01  3.42377394e-01  3.40823323e-01  3.37608606e-01  3.33920538e-01
  7.27844089e-02  6.93063140e-02  6.43131435e-02  5.94737232e-02  5.52144945e-02
  5.12959026e-02  4.76113819e-02  4.41036150e-02  4.07418311e-02  3.75119895e-02
  3.44108716e-02  3.14422958e-02  2.86146514e-02  2.59393454e-02  2.34297030e-02
  2.11002249e-02  1.89661216e-02  1.70436557e-02  1.53532485e-02  1.39139835e-02
  1.27272829e-02  1.18202642e-02  1.12290913e-02  1.09919189e-02  1.11455470e-02
  1.17235417e-02  1.27549460e-02  1.42632285e-02  1.62653420e-02  1.87709853e-02
  2.17826795e-02  2.52985414e-02  2.93231364e-02  3.39011811e-02  3.90417390e-02
  4.47403379e-02  5.09893969e-02  5.77848814e-02  6.51268438e-02  7.30141401e-02
  8.14452767e-02  9.04197767e-02  9.99375507e-02  1.09998383e-01  1.20601341e-01
  1.31744102e-01  1.43421859e-01  1.55625597e-01  1.68339461e-01  1.81536749e-01
  1.95173830e-01  2.09181279e-01  2.23450929e-01  2.37817615e-01  2.52036631e-01
  2.65765280e-01  2.78576195e-01  2.90033638e-01  2.99796969e-01  3.07666838e-01
  3.13586831e-01  3.17643195e-01  3.20061862e-01  3.21192086e-01  3.21424276e-01
  7.82692432e-02  7.44491592e-02  6.99400678e-02  6.50829673e-02  6.02397956e-02
  5.55304959e-02  5.09656891e-02  4.65325452e-02  4.22188975e-02  3.80183049e-02
  3.39302607e-02  2.99593024e-02  2.61140373e-02  2.24063285e-02  1.88504811e-02
  1.54620372e-02  1.22552095e-02  9.23662912e-03  6.45148475e-03  3.98031855e-03
  1.65869005e-03 -4.16626863e-04 -2.16852222e-03 -3.53058428e-03 -4.44409484e-03
 -4.85741394e-03 -4.72640758e-03 -4.01556585e-03 -2.70003220e-03 -7.69367034e-04
  1.76510820e-03  4.85523231e-03  8.38358607e-03  1.26954354e-02  1.77196711e-02
  2.34033670e-02  2.97025274e-02  3.66011597e-02  4.41104881e-02  5.22163622e-02
  6.09005652e-02  7.01524541e-02  7.99600855e-02  9.03094709e-02  1.01183966e-01
  1.12563685e-01  1.24424413e-01  1.36735842e-01  1.49459139e-01  1.62543416e-01
  1.75921425e-01  1.89504072e-01  2.03174219e-01  2.16780975e-01  2.30136603e-01
  2.43020281e-01  2.55193055e-01  2.66423851e-01  2.76519150e-01  2.85346061e-01
  2.92844623e-01  2.99030244e-01  3.03986847e-01  3.07849944e-01  3.10779721e-01
  8.50333795e-02  8.15736651e-02  7.56378099e-02  6.97513074e-02  6.42161891e-02
  5.87905385e-02  5.34356348e-02  4.81456257e-02  4.29221541e-02  3.77697982e-02
  3.26954313e-02  2.77083497e-02  2.28205957e-02  1.80475134e-02  1.34087019e-02
  8.92973598e-03  4.64558788e-03  3.90882196e-04 -3.75054078e-03 -7.70746963e-03
 -1.14323199e-02 -1.48557993e-02 -1.79031678e-02 -2.05013901e-02 -2.25825887e-02
 -2.40858570e-02 -2.49583032e-02 -2.51557156e-02 -2.46431157e-02 -2.33952031e-02
 -2.13963166e-02 -1.86383426e-02 -1.51117900e-02 -1.07765980e-02 -5.64813614e-03
  2.05902747e-04  6.63869083e-03  1.36265680e-02  2.13783123e-02  2.97906194e-02
  3.87873799e-02  4.83793765e-02  5.85454367e-02  6.92597032e-02  8.04917440e-02
  9.22077298e-02  1.04369789e-01  1.16934747e-01  1.29852220e-01  1.43062294e-01
  1.56492919e-01  1.70057341e-01  1.83651879e-01  1.97154984e-01  2.10428372e-01
  2.23321393e-01  2.35679001e-01  2.47352615e-01  2.58211732e-01  2.68153995e-01
  2.77111590e-01  2.85053164e-01  2.91981578e-01  2.97927380e-01  3.02940041e-01
  8.80786926e-02  8.40475112e-02  7.90300146e-02  7.33458549e-02  6.73783943e-02
  6.13019057e-02  5.51798232e-02  4.90427166e-02  4.29108329e-02  3.67999934e-02
  3.07238828e-02  2.46955771e-02  1.87288560e-02  1.28394905e-02  7.04659708e-03
  1.37420301e-03 -4.33836319e-03 -1.00332052e-02 -1.56326499e-02 -2.10515205e-02
 -2.62038372e-02 -3.10022589e-02 -3.53612676e-02 -3.92003171e-02 -4.24460024e-02
 -4.50333022e-02 -4.69060019e-02 -4.80166115e-02 -4.83258553e-02 -4.78018448e-02
 -4.64189015e-02 -4.41559106e-02 -4.09945138e-02 -3.69192474e-02 -3.19283418e-02
 -2.60369275e-02 -1.92753021e-02 -1.16737820e-02 -3.28326598e-03  5.72997611e-03
  1.50234681e-02  2.50518881e-02  3.56873684e-02  4.68915664e-02  5.86159453e-02
  7.08148256e-02  8.34410340e-02  9.64450538e-02  1.09773077e-01  1.23365179e-01
  1.37153849e-01  1.51062742e-01  1.65005952e-01  1.78888038e-01  1.92605108e-01
  2.06047192e-01  2.19101861e-01  2.31658489e-01  2.43612826e-01  2.54870772e-01
  2.65351087e-01  2.74986625e-01  2.83724517e-01  2.91525841e-01  2.98365325e-01
  9.41493511e-02  9.04193968e-02  8.37917924e-02  7.69625977e-02  7.02155828e-02
  6.33531362e-02  5.63872680e-02  4.93511148e-02  4.22726236e-02  3.51723693e-02
  2.80656386e-02  2.09647138e-02  1.38807613e-02  6.82540331e-03 -1.87893689e-04
 -7.31942384e-03 -1.45143494e-02 -2.16932260e-02 -2.87605897e-02 -3.56134251e-02
 -4.21478078e-02 -4.82632741e-02 -5.38660176e-02 -5.88709973e-02 -6.32030666e-02
 -6.67972267e-02 -6.95982724e-02 -7.15600103e-02 -7.26441965e-02 -7.28193671e-02
 -7.20595643e-02 -7.03432187e-02 -6.76523149e-02 -6.39724880e-02 -5.92943914e-02
 -5.36147319e-02 -4.69370671e-02 -3.92740220e-02 -3.06570251e-02 -2.11528596e-02
 -1.08682411e-02  7.50812760e-05  1.13363909e-02  2.32202169e-02  3.56136747e-02
  4.84747514e-02  6.17499873e-02  7.53905177e-02  8.93454775e-02  1.03560328e-01
  1.17976442e-01  1.32530674e-01  1.47154912e-01  1.61775962e-01  1.76315695e-01
  1.90691546e-01  2.04817295e-01  2.18603685e-01  2.31958792e-01  2.44787782e-01
  2.56992429e-01  2.68470496e-01  2.79116452e-01  2.88824201e-01  2.97493279e-01
  9.73940566e-02  9.31301489e-02  8.73288810e-02  8.04010034e-02  7.28911161e-02
  6.51030838e-02  5.71697429e-02  4.91490811e-02  4.10685018e-02  3.29422653e-02
  2.47784555e-02  1.65819507e-02  8.35587177e-03  1.03076301e-04 -8.34500324e-03
 -1.69410948e-02 -2.56042443e-02 -3.42310481e-02 -4.27059345e-02 -5.09099290e-02
 -5.87273948e-02 -6.60506189e-02 -7.27825090e-02 -7.88378641e-02 -8.41434896e-02
 -8.86375457e-02 -9.22685340e-02 -9.49939340e-02 -9.67788845e-02 -9.75949019e-02
 -9.74187031e-02 -9.62312296e-02 -9.40169170e-02 -9.07631889e-02 -8.64602253e-02
 -8.11008066e-02 -7.46804327e-02 -6.71984181e-02 -5.86608872e-02 -4.90858592e-02
 -3.85095887e-02 -2.69967299e-02 -1.46660917e-02 -1.68396765e-03  1.15418732e-02
  2.52663847e-02  3.93729098e-02  5.38368337e-02  6.86162263e-02  8.36633891e-02
  9.89302099e-02  1.14368185e-01  1.29927576e-01  1.45556554e-01  1.61200613e-01
  1.76801637e-01  1.92296878e-01  2.07616970e-01  2.22682998e-01  2.37402171e-01
  2.51662314e-01  2.65325814e-01  2.78225750e-01  2.90167391e-01  3.00940961e-01
  1.05062485e-01  1.01316847e-01  9.37795490e-02  8.46912414e-02  7.55741149e-02
  6.65198714e-02  5.74741475e-02  4.84044030e-02  3.92933413e-02  3.01305056e-02
  2.09084004e-02  1.16201425e-02  2.25584721e-03 -7.36776926e-03 -1.72228776e-02
 -2.72340998e-02 -3.72938626e-02 -4.72761914e-02 -5.70483506e-02 -6.64798617e-02
 -7.54487440e-02 -8.38453025e-02 -9.15737301e-02 -9.85523462e-02 -1.04712702e-01
 -1.09998174e-01 -1.14362277e-01 -1.17766961e-01 -1.20181046e-01 -1.21578917e-01
 -1.21939480e-01 -1.21245451e-01 -1.19482860e-01 -1.16640702e-01 -1.12710625e-01
 -1.07686460e-01 -1.01563685e-01 -9.43388566e-02 -8.60095471e-02 -7.65751898e-02
 -6.60398006e-02 -5.44183627e-02 -4.17493470e-02 -2.81133968e-02 -1.36681851e-02
  1.34477520e-03  1.63779687e-02  3.18203643e-02  4.75975350e-02  6.36498183e-02
  7.99393877e-02  9.64354873e-02  1.13109477e-01  1.29933193e-01  1.46878079e-01
  1.63914114e-01  1.81008101e-01  1.98120579e-01  2.15200543e-01  2.32177272e-01
  2.48947635e-01  2.65357852e-01  2.81179935e-01  2.96089560e-01  3.09671164e-01
  1.10401295e-01  1.06970578e-01  9.80209485e-02  8.74382928e-02  7.71712959e-02
  6.70732111e-02  5.70295863e-02  4.69803363e-02  3.68884467e-02  2.67291311e-02
  1.64863523e-02  6.15360774e-03 -4.47439961e-03 -1.54094100e-02 -2.65937075e-02
 -3.79225425e-02 -4.92631309e-02 -6.04703501e-02 -7.13988990e-02 -8.19117725e-02
 -9.18854997e-02 -1.01212554e-01 -1.09801866e-01 -1.17577858e-01 -1.24478772e-01
 -1.30454570e-01 -1.35464683e-01 -1.39475957e-01 -1.42460778e-01 -1.44395664e-01
 -1.45260245e-01 -1.45036742e-01 -1.43709987e-01 -1.41267553e-01 -1.37700140e-01
 -1.33001715e-01 -1.27169177e-01 -1.20201468e-01 -1.12098150e-01 -1.02857865e-01
 -9.24774408e-02 -8.09531212e-02 -6.82858825e-02 -5.44935539e-02 -3.96333374e-02
 -2.38373131e-02 -7.37266522e-03  9.31980833e-03  2.63109766e-02  4.35048863e-02
  6.09272048e-02  7.85824209e-02  9.64688808e-02  1.14584856e-01  1.32930964e-01
  1.51510850e-01  1.70330837e-01  1.89398050e-01  2.08716586e-01  2.28279740e-01
  2.48055756e-01  2.67961144e-01  2.87810296e-01  3.07206422e-01  3.25279146e-01
  1.10599555e-01  1.06364965e-01  9.82527062e-02  8.80352929e-02  7.73211494e-02
  6.65215477e-02  5.56872524e-02  4.47989963e-02  3.38264294e-02  2.27399003e-02
  1.15115745e-02  1.12832146e-04 -1.16757443e-02 -2.38165949e-02 -3.62123102e-02
 -4.87266965e-02 -6.12037815e-02 -7.34832659e-02 -8.54117945e-02 -9.68501121e-02
 -1.07676789e-01 -1.17789313e-01 -1.27103448e-01 -1.35551438e-01 -1.43079713e-01
 -1.49646178e-01 -1.55217558e-01 -1.59766823e-01 -1.63270846e-01 -1.65708557e-01
 -1.67059630e-01 -1.67303964e-01 -1.66421920e-01 -1.64395243e-01 -1.61208436e-01
 -1.56850293e-01 -1.51314810e-01 -1.44601405e-01 -1.36713594e-01 -1.27656564e-01
 -1.17433846e-01 -1.06044114e-01 -9.34800506e-02 -7.97313228e-02 -6.47949427e-02
 -4.86962833e-02 -3.15242633e-02 -1.34790558e-02  5.06816572e-03  2.33133156e-02
  4.18537185e-02  6.06751926e-02  7.97812045e-02  9.91878361e-02  1.18922032e-01
  1.39022067e-01  1.59539029e-01  1.80538714e-01  2.02103704e-01  2.24334985e-01
  2.47352391e-01  2.71291286e-01  2.96284407e-01  3.22379440e-01  3.48511457e-01
  1.14316575e-01  1.10867567e-01  1.00112550e-01  8.79844576e-02  7.64423758e-02
  6.49990067e-02  5.35107218e-02  4.19199280e-02  3.01888566e-02  1.82858482e-02
  6.18226174e-03 -6.24431483e-03 -1.91113558e-02 -3.23467255e-02 -4.58213389e-02
 -5.93737364e-02 -7.28303641e-02 -8.60207528e-02 -9.87875983e-02 -1.10992484e-01
 -1.22518159e-01 -1.33268565e-01 -1.43167391e-01 -1.52155831e-01 -1.60189837e-01
 -1.67237088e-01 -1.73273906e-01 -1.78281978e-01 -1.82245255e-01 -1.85147360e-01
 -1.86969429e-01 -1.87689081e-01 -1.87280476e-01 -1.85715571e-01 -1.82966664e-01
 -1.79009527e-01 -1.73826694e-01 -1.67409971e-01 -1.59761086e-01 -1.50890186e-01
 -1.40811652e-01 -1.29538342e-01 -1.17075212e-01 -1.03415146e-01 -8.85395631e-02
 -7.24280626e-02 -5.50820567e-02 -3.65688987e-02 -1.70945358e-02  2.88901199e-03
  2.26016901e-02  4.25809845e-02  6.28541037e-02  8.34614560e-02  1.04455248e-01
  1.25903428e-01  1.47895262e-01  1.70548320e-01  1.94017619e-01  2.18508646e-01
  2.44297117e-01  2.71763146e-01  3.01468402e-01  3.34474295e-01  3.75620902e-01
  1.10089652e-01  1.05197459e-01  9.66704115e-02  8.59098136e-02  7.43857846e-02
  6.25966713e-02  5.06303087e-02  3.84772830e-02  2.61102114e-02  1.35006914e-02
  6.23935717e-04 -1.27407312e-02 -2.65746918e-02 -4.07738313e-02 -5.51817343e-02
 -6.96166381e-02 -8.38920772e-02 -9.78311747e-02 -1.11275345e-01 -1.24088503e-01
 -1.36158317e-01 -1.47395477e-01 -1.57731965e-01 -1.67118654e-01 -1.75522462e-01
 -1.82923064e-01 -1.89309344e-01 -1.94675267e-01 -1.99015975e-01 -2.02323824e-01
 -2.04585165e-01 -2.05778107e-01 -2.05871657e-01 -2.04826802e-01 -2.02599406e-01
 -1.99144840e-01 -1.94423929e-01 -1.88408807e-01 -1.81087404e-01 -1.72465101e-01
 -1.62562177e-01 -1.51407406e-01 -1.39028460e-01 -1.25441566e-01 -1.10643804e-01
 -9.46119502e-02 -7.73127079e-02 -5.87306693e-02 -3.89210694e-02 -1.80936046e-02
  3.27590271e-03  2.43207831e-02  4.56241183e-02  6.72563538e-02  8.92819464e-02
  1.11780003e-01  1.34855151e-01  1.58647001e-01  1.83341756e-01  2.09188476e-01
  2.36521706e-01  2.65791506e-01  2.97598660e-01  3.32750767e-01  3.72599661e-01
  1.13606244e-01  1.09930843e-01  9.70668197e-02  8.39177817e-02  7.17481226e-02
  5.96027113e-02  4.72674146e-02  3.46717536e-02  2.17784010e-02  8.55476595e-03
 -5.03970403e-03 -1.92057248e-02 -3.38698030e-02 -4.88889031e-02 -6.40792996e-02
 -7.92414099e-02 -9.41786394e-02 -1.08709745e-01 -1.22675873e-01 -1.35943502e-01
 -1.48404881e-01 -1.59977138e-01 -1.70600519e-01 -1.80236205e-01 -1.88863456e-01
 -1.96476147e-01 -2.03078628e-01 -2.08680898e-01 -2.13293463e-01 -2.16922119e-01
 -2.19563186e-01 -2.21199885e-01 -2.21800178e-01 -2.21316651e-01 -2.19688907e-01
 -2.16848627e-01 -2.12727219e-01 -2.07265139e-01 -2.00421333e-01 -1.92180410e-01
 -1.82554990e-01 -1.71581656e-01 -1.59310400e-01 -1.45789936e-01 -1.31052241e-01
 -1.15101241e-01 -9.79104415e-02 -7.94354156e-02 -5.96475452e-02 -3.85971516e-02
 -1.65126752e-02  6.06645644e-03  2.81559136e-02  5.05942814e-02  7.33858570e-02
  9.65838805e-02  1.20277353e-01  1.44589916e-01  1.69685870e-01  1.95781961e-01
  2.23166361e-01  2.52227336e-01  2.83489347e-01  3.17557424e-01  3.53809863e-01
  1.04582101e-01  9.88128632e-02  9.03218910e-02  7.98442513e-02  6.83226585e-02
  5.62196150e-02  4.36859578e-02  3.07617690e-02  1.74527112e-02  3.75497527e-03
 -1.05294017e-02 -2.54102778e-02 -4.07879055e-02 -5.64941019e-02 -7.23256543e-02
 -8.80700722e-02 -1.03523508e-01 -1.18501768e-01 -1.32845983e-01 -1.46424755e-01
 -1.59134328e-01 -1.70897782e-01 -1.81663647e-01 -1.91404015e-01 -2.00111672e-01
 -2.07796499e-01 -2.14480594e-01 -2.20192596e-01 -2.24961191e-01 -2.28808790e-01
 -2.31745526e-01 -2.33764336e-01 -2.34837383e-01 -2.34914467e-01 -2.33923882e-01
 -2.31776446e-01 -2.28373095e-01 -2.23616242e-01 -2.17423424e-01 -2.09741116e-01
 -2.00554788e-01 -1.89891577e-01 -1.77812889e-01 -1.64397970e-01 -1.49721950e-01
 -1.33834854e-01 -1.16747409e-01 -9.84300300e-02 -7.88315684e-02 -5.79256229e-02
 -3.57952528e-02 -1.27664013e-02  1.04101952e-02  3.36473882e-02  5.70268370e-02
  8.06249902e-02  1.04521468e-01  1.28805801e-01  1.53582573e-01  1.78975999e-01
  2.05134675e-01  2.32239380e-01  2.60522604e-01  2.90322751e-01  3.21797073e-01
  1.04410343e-01  9.89891812e-02  8.90254825e-02  7.73769617e-02  6.54222965e-02
  5.30604199e-02  4.02544700e-02  2.69993171e-02  1.32910674e-02 -8.78675317e-04
 -1.57220978e-02 -3.11958175e-02 -4.71626222e-02 -6.34277910e-02 -7.97702819e-02
 -9.59666371e-02 -1.11807078e-01 -1.27104878e-01 -1.41700923e-01 -1.55465394e-01
 -1.68298021e-01 -1.80127621e-01 -1.90911293e-01 -2.00632602e-01 -2.09298834e-01
 -2.16936916e-01 -2.23587617e-01 -2.29298726e-01 -2.34117657e-01 -2.38084167e-01
 -2.41223678e-01 -2.43541509e-01 -2.45018318e-01 -2.45607167e-01 -2.45232433e-01
 -2.43791804e-01 -2.41162091e-01 -2.37209901e-01 -2.31807336e-01 -2.24851072e-01
 -2.16281146e-01 -2.06093505e-01 -1.94341123e-01 -1.81120738e-01 -1.66547492e-01
 -1.50724649e-01 -1.33717164e-01 -1.15536951e-01 -9.61464420e-02 -7.54867271e-02
 -5.35383038e-02 -3.04238573e-02 -6.55710418e-03  1.71842650e-02  4.08792049e-02
  6.45975471e-02  8.83859619e-02  1.12281859e-01  1.36315092e-01  1.60502478e-01
  1.84834287e-01  2.09246084e-01  2.33558923e-01  2.57354230e-01  2.79784292e-01
  1.01858161e-01  9.58680809e-02  8.63962919e-02  7.49987215e-02  6.28907531e-02
  5.02788685e-02  3.71831916e-02  2.35985275e-02  9.51266848e-03 -5.09154517e-03
 -2.04192046e-02 -3.63914222e-02 -5.28423749e-02 -6.95563555e-02 -8.62982646e-02
 -1.02836065e-01 -1.18955247e-01 -1.34466931e-01 -1.49211630e-01 -1.63060918e-01
 -1.75917864e-01 -1.87717244e-01 -1.98425040e-01 -2.08036810e-01 -2.16574758e-01
 -2.24082738e-01 -2.30619416e-01 -2.36250460e-01 -2.41040319e-01 -2.45044589e-01
 -2.48302937e-01 -2.50833303e-01 -2.52626747e-01 -2.53643751e-01 -2.53811449e-01
 -2.53023386e-01 -2.51142502e-01 -2.48009041e-01 -2.43455350e-01 -2.37327054e-01
 -2.29508594e-01 -2.19946742e-01 -2.08663791e-01 -1.95753425e-01 -1.81357324e-01
 -1.65628463e-01 -1.48692444e-01 -1.30618602e-01 -1.11409083e-01 -9.10117179e-02
 -6.93627596e-02 -4.64675017e-02 -2.25281771e-02  1.88145053e-03  2.56312229e-02
  4.92926054e-02  7.28282183e-02  9.62151960e-02  1.19423829e-01  1.42402813e-01
  1.65063560e-01  1.87259793e-01  2.08762527e-01  2.29238033e-01  2.48252705e-01
  1.00980587e-01  9.49152932e-02  8.50121230e-02  7.32160658e-02  6.08270764e-02
  4.79534119e-02  3.45836841e-02  2.07011160e-02  6.28515705e-03 -8.71734787e-03
 -2.44690869e-02 -4.08627279e-02 -5.77109419e-02 -7.47826844e-02 -9.18327719e-02
 -1.08623013e-01 -1.24935485e-01 -1.40579715e-01 -1.55396119e-01 -1.69257730e-01
 -1.82071254e-01 -1.93777710e-01 -2.04352215e-01 -2.13802397e-01 -2.22164869e-01
 -2.29499117e-01 -2.35879660e-01 -2.41387367e-01 -2.46100813e-01 -2.50088423e-01
 -2.53401667e-01 -2.56069303e-01 -2.58092582e-01 -2.59440750e-01 -2.60047734e-01
 -2.59809762e-01 -2.58585513e-01 -2.56200701e-01 -2.52459496e-01 -2.47164741e-01
 -2.40146533e-01 -2.31294364e-01 -2.20583558e-01 -2.08084151e-01 -1.93945289e-01
 -1.78357333e-01 -1.61503226e-01 -1.43515363e-01 -1.24450646e-01 -1.04290411e-01
 -8.29704851e-02 -6.04476221e-02 -3.68132927e-02 -1.24652684e-02  1.16701145e-02
  3.53866331e-02  5.87266460e-02  8.16816688e-02  1.04212232e-01  1.26251265e-01
  1.47700876e-01  1.68427050e-01  1.88255996e-01  2.06976563e-01  2.24353805e-01
  1.00290529e-01  9.41547602e-02  8.39196071e-02  7.18232617e-02  5.92104271e-02
  4.61181924e-02  3.25186960e-02  1.83950756e-02  3.73608293e-03 -1.16507253e-02
 -2.77769584e-02 -4.45249863e-02 -6.16960041e-02 -7.90496469e-02 -9.63342637e-02
 -1.13307677e-01 -1.29749730e-01 -1.45468995e-01 -1.60306141e-01 -1.74136043e-01
 -1.86869279e-01 -1.98453218e-01 -2.08871916e-01 -2.18144387e-01 -2.26320177e-01
 -2.33472183e-01 -2.39687994e-01 -2.45060444e-01 -2.49678776e-01 -2.53620952e-01
 -2.56947190e-01 -2.59694606e-01 -2.61872649e-01 -2.63458908e-01 -2.64395058e-01
 -2.64583349e-01 -2.63884515e-01 -2.62119204e-01 -2.59075582e-01 -2.54526407e-01
 -2.48257354e-01 -2.40104079e-01 -2.29989484e-01 -2.17946678e-01 -2.04115003e-01
 -1.88705817e-01 -1.71948105e-01 -1.54032618e-01 -1.35072887e-01 -1.15092702e-01
 -9.40443203e-02 -7.18606859e-02 -4.85485680e-02 -2.43301094e-02  1.72466287e-04
  2.37622559e-02  4.69049364e-02  6.95342273e-02  9.15878490e-02  1.12994432e-01
  1.33667290e-01  1.53501913e-01  1.72376871e-01  1.90158546e-01  2.06710041e-01
  9.89313647e-02  9.24302936e-02  8.25679302e-02  7.07201362e-02  5.80494478e-02
  4.48020175e-02  3.10087334e-02  1.66661199e-02  1.76374882e-03 -1.39050260e-02
 -3.03207431e-02 -4.73455153e-02 -6.47668689e-02 -8.23354796e-02 -9.97942016e-02
 -1.16897725e-01 -1.33424267e-01 -1.49181873e-01 -1.64011851e-01 -1.77791089e-01
 -1.90434054e-01 -2.01894045e-01 -2.12163255e-01 -2.21270546e-01 -2.29276136e-01
 -2.36263633e-01 -2.42330521e-01 -2.47578353e-01 -2.52103865e-01 -2.55991489e-01
 -2.59307235e-01 -2.62093961e-01 -2.64367044e-01 -2.66110510e-01 -2.67272741e-01
 -2.67762303e-01 -2.67444491e-01 -2.66140282e-01 -2.63630658e-01 -2.59670287e-01
 -2.54013717e-01 -2.46454149e-01 -2.36867800e-01 -2.25248650e-01 -2.11716652e-01
 -1.96490154e-01 -1.79829568e-01 -1.61972255e-01 -1.43081173e-01 -1.23221666e-01
 -1.02370746e-01 -8.04607719e-02 -5.74625693e-02 -3.35168578e-02 -9.11907945e-03
  1.46647235e-02  3.78117822e-02  6.03010319e-02  8.20941702e-02  1.03138275e-01
  1.23367429e-01  1.42704651e-01  1.61064863e-01  1.78359389e-01  1.94501832e-01
  1.00231998e-01  9.41624418e-02  8.31275508e-02  7.04554468e-02  5.75148351e-02
  4.40899171e-02  3.01156957e-02  1.55767631e-02  4.63967997e-04 -1.54296253e-02
 -3.20692621e-02 -4.93043698e-02 -6.69131130e-02 -8.46399218e-02 -1.02223851e-01
 -1.19417526e-01 -1.35998249e-01 -1.51774019e-01 -1.66587040e-01 -1.80316210e-01
 -1.92879453e-01 -2.04235137e-01 -2.14381978e-01 -2.23356485e-01 -2.31226861e-01
 -2.38084406e-01 -2.44033411e-01 -2.49181181e-01 -2.53629178e-01 -2.57465661e-01
 -2.60760128e-01 -2.63558656e-01 -2.65880316e-01 -2.67713100e-01 -2.69009948e-01
 -2.69684106e-01 -2.69604921e-01 -2.68595219e-01 -2.66433537e-01 -2.62865096e-01
 -2.57625759e-01 -2.50480860e-01 -2.41273299e-01 -2.29966193e-01 -2.16660470e-01
 -2.01573804e-01 -1.84984565e-01 -1.67161077e-01 -1.48301408e-01 -1.28502101e-01
 -1.07761085e-01 -8.60158503e-02 -6.32199198e-02 -3.94653454e-02 -1.51577201e-02
  8.77282489e-03  3.19608077e-02  5.44077978e-02  7.60899261e-02  9.69669223e-02
  1.16986893e-01  1.36089817e-01  1.54211015e-01  1.71285048e-01  1.87250137e-01
  9.83147696e-02  9.14524719e-02  8.19262862e-02  7.03552589e-02  5.75785190e-02
  4.40369137e-02  2.98824683e-02  1.51558816e-02 -1.39962271e-04 -1.62113290e-02
 -3.30179520e-02 -5.04041724e-02 -6.81440532e-02 -8.59792307e-02 -1.03647143e-01
 -1.20899700e-01 -1.37514129e-01 -1.53298929e-01 -1.68097287e-01 -1.81789935e-01
 -1.94297433e-01 -2.05581769e-01 -2.15646148e-01 -2.24532023e-01 -2.32312620e-01
 -2.39083827e-01 -2.44953871e-01 -2.50033170e-01 -2.54425526e-01 -2.58220971e-01
 -2.61490375e-01 -2.64281124e-01 -2.66613603e-01 -2.68477380e-01 -2.69827187e-01
 -2.70578265e-01 -2.70601720e-01 -2.69721270e-01 -2.67714500e-01 -2.64322370e-01
 -2.59272307e-01 -2.52316535e-01 -2.43281767e-01 -2.32115522e-01 -2.18908384e-01
 -2.03876451e-01 -1.87305719e-01 -1.69478789e-01 -1.50610223e-01 -1.30811334e-01
 -1.10089943e-01 -8.83859321e-02 -6.56444803e-02 -4.19336297e-02 -1.76121444e-02
  6.46743504e-03  2.96497680e-02  5.20991459e-02  7.37734362e-02  9.46277305e-02
  1.14611574e-01  1.33669421e-01  1.51742876e-01  1.68773755e-01  1.84707895e-01
  1.04781650e-01  9.94673446e-02  8.65753070e-02  7.24276006e-02  5.86906560e-02
  4.47014049e-02  3.02788839e-02  1.53607167e-02 -8.62255692e-05 -1.62831172e-02
 -3.31964418e-02 -5.06729744e-02 -6.84876218e-02 -8.63824114e-02 -1.04095206e-01
 -1.21378481e-01 -1.38010204e-01 -1.53799742e-01 -1.68591380e-01 -1.82267129e-01
 -1.94749177e-01 -2.06001326e-01 -2.16028839e-01 -2.24875212e-01 -2.32615575e-01
 -2.39347368e-01 -2.45179966e-01 -2.50224501e-01 -2.54585057e-01 -2.58351564e-01
 -2.61594534e-01 -2.64360815e-01 -2.66669899e-01 -2.68510520e-01 -2.69836336e-01
 -2.70561367e-01 -2.70555466e-01 -2.69641101e-01 -2.67594695e-01 -2.64156610e-01
 -2.59054363e-01 -2.52041370e-01 -2.42946565e-01 -2.31720388e-01 -2.18456015e-01
 -2.03370929e-01 -1.86750606e-01 -1.68875262e-01 -1.49955913e-01 -1.30099893e-01
 -1.09311722e-01 -8.75299349e-02 -6.47023320e-02 -4.09071818e-02 -1.65271796e-02
  7.53807276e-03  3.08511909e-02  5.34125417e-02  7.51982778e-02  9.61687714e-02
  1.16273083e-01  1.35452271e-01  1.53642774e-01  1.70780256e-01  1.86803982e-01
  1.02717146e-01  9.63021293e-02  8.60009268e-02  7.33253211e-02  5.97320460e-02
  4.56312448e-02  3.10776681e-02  1.60539076e-02  5.30780701e-04 -1.57159641e-02
 -3.26614715e-02 -5.01581915e-02 -6.79847673e-02 -8.58857706e-02 -1.03600949e-01
 -1.20884299e-01 -1.37515098e-01 -1.53303862e-01 -1.68095872e-01 -1.81773856e-01
 -1.94260359e-01 -2.05519140e-01 -2.15554923e-01 -2.24410266e-01 -2.32159019e-01
 -2.38897175e-01 -2.44732499e-01 -2.49774486e-01 -2.54125446e-01 -2.57873505e-01
 -2.61087000e-01 -2.63810337e-01 -2.66060174e-01 -2.67821789e-01 -2.69044876e-01
 -2.69639194e-01 -2.69470304e-01 -2.68357366e-01 -2.66075820e-01 -2.62369186e-01
 -2.56974012e-01 -2.49659419e-01 -2.40275055e-01 -2.28792325e-01 -2.15319380e-01
 -2.00077236e-01 -1.83342203e-01 -1.65375382e-01 -1.46364242e-01 -1.26393795e-01
 -1.05452195e-01 -8.34719688e-02 -6.04108125e-02 -3.63805182e-02 -1.18302563e-02
  1.22345416e-02  3.56356800e-02  5.83530925e-02  8.03506747e-02  1.01577990e-01
  1.21971622e-01  1.41457066e-01  1.59951657e-01  1.77369058e-01  1.93625152e-01
  1.05987571e-01  1.00388274e-01  8.86063799e-02  7.48115331e-02  6.09207787e-02
  4.67316732e-02  3.21464837e-02  1.71188414e-02  1.61490333e-03 -1.45890983e-02
 -3.14788446e-02 -4.89146858e-02 -6.66810349e-02 -8.45265910e-02 -1.02194063e-01
 -1.19439624e-01 -1.36044294e-01 -1.51819900e-01 -1.66612551e-01 -1.80305123e-01
 -1.92819342e-01 -2.04117090e-01 -2.14200079e-01 -2.23106995e-01 -2.30907306e-01
 -2.37692431e-01 -2.43565753e-01 -2.48632550e-01 -2.52991229e-01 -2.56726056e-01
 -2.59901375e-01 -2.62557089e-01 -2.64704853e-01 -2.66323924e-01 -2.67357498e-01
 -2.67708272e-01 -2.67235577e-01 -2.65754700e-01 -2.63042122e-01 -2.58850694e-01
 -2.52936989e-01 -2.45101228e-01 -2.35230625e-01 -2.23331749e-01 -2.09534481e-01
 -1.94060609e-01 -1.77165717e-01 -1.59074992e-01 -1.39934883e-01 -1.19793743e-01
 -9.86153409e-02 -7.63277113e-02 -5.29129505e-02 -2.85462998e-02 -3.78376618e-03
  2.02431325e-02  4.37641628e-02  6.67265505e-02  8.90756771e-02  1.10745437e-01
  1.31653368e-01  1.51698858e-01  1.70764282e-01  1.88719764e-01  2.05432132e-01
  1.05026878e-01  9.89482701e-02  8.84538591e-02  7.55781978e-02  6.19567260e-02
  4.78898659e-02  3.34019475e-02  1.84765849e-02  3.09025100e-03 -1.29725076e-02
 -2.97106951e-02 -4.69956994e-02 -6.46202117e-02 -8.23387727e-02 -9.98981223e-02
 -1.17057271e-01 -1.33599296e-01 -1.49337530e-01 -1.64118811e-01 -1.77825645e-01
 -1.90378055e-01 -2.01734483e-01 -2.11891502e-01 -2.20881224e-01 -2.28765666e-01
 -2.35628620e-01 -2.41565987e-01 -2.46676132e-01 -2.51050979e-01 -2.54768521e-01
 -2.57886887e-01 -2.60439336e-01 -2.62430042e-01 -2.63830185e-01 -2.64574111e-01
 -2.64556289e-01 -2.63629615e-01 -2.61607766e-01 -2.58274138e-01 -2.53400683e-01
 -2.46777639e-01 -2.38251135e-01 -2.27758586e-01 -2.15347901e-01 -2.01168373e-01
 -1.85432523e-01 -1.68360621e-01 -1.50126711e-01 -1.30823851e-01 -1.10456936e-01
 -8.89674053e-02 -6.62948489e-02 -4.24847081e-02 -1.78528670e-02  6.79529738e-03
  3.10037211e-02  5.47963083e-02  7.81603977e-02  1.01057470e-01  1.23423323e-01
  1.45163745e-01  1.66148975e-01  1.86210051e-01  2.05141291e-01  2.22713500e-01
  1.06188022e-01  1.00442931e-01  8.96418169e-02  7.65800923e-02  6.30435720e-02
  4.91333194e-02  3.48192453e-02  2.00781692e-02  4.89317812e-03 -1.09288422e-02
 -2.74141282e-02 -4.44508195e-02 -6.18428327e-02 -7.93523267e-02 -9.67311710e-02
 -1.13741904e-01 -1.30170077e-01 -1.45830691e-01 -1.60571322e-01 -1.74273953e-01
 -1.86856240e-01 -1.98272124e-01 -2.08511367e-01 -2.17597246e-01 -2.25581571e-01
 -2.32537419e-01 -2.38550082e-01 -2.43707865e-01 -2.48093218e-01 -2.51775205e-01
 -2.54803002e-01 -2.57200778e-01 -2.58963197e-01 -2.60051608e-01 -2.60390937e-01
 -2.59868026e-01 -2.58332610e-01 -2.55603284e-01 -2.51480520e-01 -2.45768696e-01
 -2.38305658e-01 -2.28994519e-01 -2.17826873e-01 -2.04887077e-01 -1.90331534e-01
 -1.74347654e-01 -1.57105282e-01 -1.38716683e-01 -1.19216442e-01 -9.85677764e-02
 -7.67002478e-02 -5.35863638e-02 -2.93661766e-02 -4.52172942e-03  1.99328568e-02
  4.42049429e-02  6.82803690e-02  9.21471715e-02  1.15781613e-01  1.39136598e-01
  1.62127435e-01  1.84612438e-01  2.06368461e-01  2.27069527e-01  2.46291563e-01
  1.06377579e-01  1.00772046e-01  9.01552066e-02  7.73569718e-02  6.41049966e-02
  5.04563674e-02  3.63859981e-02  2.18807030e-02  6.92179659e-03 -8.52409098e-03
 -2.46429611e-02 -4.13270071e-02 -5.83882406e-02 -7.55965710e-02 -9.27099213e-02
 -1.09495178e-01 -1.25740975e-01 -1.41264319e-01 -1.55913770e-01 -1.69570714e-01
 -1.82150200e-01 -1.93601102e-01 -2.03905284e-01 -2.13075519e-01 -2.21151173e-01
 -2.28191793e-01 -2.34268948e-01 -2.39457577e-01 -2.43827462e-01 -2.47435585e-01
 -2.50319570e-01 -2.52492249e-01 -2.53937334e-01 -2.54606187e-01 -2.54415840e-01
 -2.53249764e-01 -2.50961989e-01 -2.47386798e-01 -2.42355242e-01 -2.35717639e-01
 -2.27369398e-01 -2.17272565e-01 -2.05465257e-01 -1.92052469e-01 -1.77178636e-01
 -1.60989225e-01 -1.43593490e-01 -1.25039518e-01 -1.05309196e-01 -8.43395069e-02
 -6.20777756e-02 -3.85820791e-02 -1.41789978e-02  1.03222132e-02  3.47182266e-02
  5.90801612e-02  8.34542513e-02  1.07877277e-01  1.32378772e-01  1.56975836e-01
  1.81659743e-01  2.06368268e-01  2.30926991e-01  2.54926354e-01  2.77535886e-01
  1.04870416e-01  9.88909751e-02  8.96336734e-02  7.80433416e-02  6.53008372e-02
  5.19456603e-02  3.81431580e-02  2.39324886e-02  9.31165274e-03 -5.73668536e-03
 -2.14228798e-02 -3.76664661e-02 -5.42997792e-02 -7.11074844e-02 -8.78577381e-02
 -1.04324244e-01 -1.20300032e-01 -1.35604829e-01 -1.50088400e-01 -1.63631707e-01
 -1.76147133e-01 -1.87578201e-01 -1.97898477e-01 -2.07109258e-01 -2.15235889e-01
 -2.22322181e-01 -2.28423297e-01 -2.33597815e-01 -2.37899780e-01 -2.41371319e-01
 -2.44036213e-01 -2.45894775e-01 -2.46919990e-01 -2.47055382e-01 -2.46215120e-01
 -2.44287267e-01 -2.41141200e-01 -2.36640081e-01 -2.30657935e-01 -2.23099425e-01
 -2.13917539e-01 -2.03123346e-01 -1.90782949e-01 -1.77000061e-01 -1.61888033e-01
 -1.45539433e-01 -1.28001928e-01 -1.09267920e-01 -8.92840847e-02 -6.79880753e-02
 -4.53810357e-02 -2.16458738e-02  2.68770941e-03  2.65653692e-02  5.06348610e-02
  7.49083981e-02  9.94361341e-02  1.24293499e-01  1.49577856e-01  1.75409153e-01
  2.01932937e-01  2.29327023e-01  2.57820427e-01  2.87746161e-01  3.19259673e-01
  1.13691650e-01  1.10207051e-01  9.50402245e-02  8.03657472e-02  6.69633746e-02
  5.35843670e-02  3.99880372e-02  2.61001978e-02  1.18830362e-02 -2.69380677e-03
 -1.78569630e-02 -3.35569009e-02 -4.96512279e-02 -6.59439117e-02 -8.22168067e-02
 -9.82527062e-02 -1.13850310e-01 -1.28832564e-01 -1.43050551e-01 -1.56384706e-01
 -1.68744668e-01 -1.80068552e-01 -1.90321386e-01 -1.99492782e-01 -2.07593352e-01
 -2.14650005e-01 -2.20699713e-01 -2.25782678e-01 -2.29935110e-01 -2.33182609e-01
 -2.35534430e-01 -2.36978978e-01 -2.37481251e-01 -2.36982197e-01 -2.35401064e-01
 -2.32640967e-01 -2.28598267e-01 -2.23175287e-01 -2.16294885e-01 -2.07913771e-01
 -1.98030695e-01 -1.86685845e-01 -1.73950076e-01 -1.59905493e-01 -1.44622937e-01
 -1.28141984e-01 -1.10460199e-01 -9.15373266e-02 -7.13212043e-02 -4.98036072e-02
 -2.71158144e-02 -3.66971036e-03  1.96702182e-02  4.31444645e-02  6.68430179e-02
  9.08510685e-02  1.15268834e-01  1.40223131e-01  1.65877968e-01  1.92447945e-01
  2.20217407e-01  2.49568745e-01  2.81017780e-01  3.15159202e-01  3.51383686e-01
  1.06606260e-01  1.01275660e-01  9.21124369e-02  8.04397911e-02  6.78090751e-02
  5.48223704e-02  4.16042581e-02  2.81537622e-02  1.44435652e-02  4.41752170e-04
 -1.40845748e-02 -2.91179400e-02 -4.45441976e-02 -6.01898357e-02 -7.58531392e-02
 -9.13278311e-02 -1.06419228e-01 -1.20953701e-01 -1.34783417e-01 -1.47787824e-01
 -1.59873441e-01 -1.70972750e-01 -1.81042254e-01 -1.90060034e-01 -1.98022276e-01
 -2.04938948e-01 -2.10828662e-01 -2.15712845e-01 -2.19609767e-01 -2.22528949e-01
 -2.24466652e-01 -2.25402668e-01 -2.25299135e-01 -2.24101782e-01 -2.21743733e-01
 -2.18152270e-01 -2.13257790e-01 -2.07004204e-01 -1.99358180e-01 -1.90315232e-01
 -1.79899752e-01 -1.68158248e-01 -1.55146524e-01 -1.40913948e-01 -1.25488743e-01
 -1.08869441e-01 -9.10274088e-02 -7.19265714e-02 -5.15673310e-02 -3.00632436e-02
 -7.75617780e-03  1.46386949e-02  3.71839814e-02  5.99360690e-02  8.29671547e-02
  1.06365755e-01  1.30243093e-01  1.54742345e-01  1.80050835e-01  2.06416532e-01
  2.34170735e-01  2.63757586e-01  2.95768231e-01  3.30995947e-01  3.70766759e-01
  1.10956371e-01  1.07726894e-01  9.48101580e-02  8.09794888e-02  6.81842864e-02
  5.55156022e-02  4.27722149e-02  2.98820864e-02  1.68012884e-02  3.49521195e-03
 -1.02600269e-02 -2.44856179e-02 -3.90985310e-02 -5.39499149e-02 -6.88562989e-02
 -8.36237371e-02 -9.80648398e-02 -1.12009488e-01 -1.25310436e-01 -1.37845486e-01
 -1.49517417e-01 -1.60252690e-01 -1.69999391e-01 -1.78724527e-01 -1.86410785e-01
 -1.93052590e-01 -1.98651746e-01 -2.03212708e-01 -2.06738010e-01 -2.09224060e-01
 -2.10658059e-01 -2.11016268e-01 -2.10264280e-01 -2.08359197e-01 -2.05253989e-01
 -2.00903460e-01 -1.95270956e-01 -1.88334495e-01 -1.80090591e-01 -1.70554310e-01
 -1.59755006e-01 -1.47727996e-01 -1.34504259e-01 -1.20100670e-01 -1.04514726e-01
 -8.77278298e-02 -6.97221383e-02 -5.05169071e-02 -3.02308444e-02 -9.17524751e-03
  1.20281726e-02  3.33914161e-02  5.49422354e-02  7.67203942e-02  9.87797230e-02
  1.21190809e-01  1.44045487e-01  1.67463228e-01  1.91600114e-01  2.16661736e-01
  2.42922783e-01  2.70760477e-01  3.00729781e-01  3.33873749e-01  3.74937385e-01
  1.03767522e-01  9.89342332e-02  9.02056471e-02  7.91203380e-02  6.73200488e-02
  5.53438067e-02  4.32783887e-02  3.11047379e-02  1.87837761e-02  6.27403334e-03
 -6.53529819e-03 -1.97942071e-02 -3.34390178e-02 -4.73415591e-02 -6.13360927e-02
 -7.52416551e-02 -8.88789371e-02 -1.02081627e-01 -1.14702925e-01 -1.26618490e-01
 -1.37726799e-01 -1.47948056e-01 -1.57222092e-01 -1.65505752e-01 -1.72769725e-01
 -1.78995162e-01 -1.84170067e-01 -1.88285545e-01 -1.91332504e-01 -1.93298861e-01
 -1.94167763e-01 -1.93917125e-01 -1.92520469e-01 -1.89949363e-01 -1.86176866e-01
 -1.81181416e-01 -1.74950436e-01 -1.67482361e-01 -1.58786535e-01 -1.48880348e-01
 -1.37783974e-01 -1.25514016e-01 -1.12077869e-01 -9.74717811e-02 -8.16859975e-02
 -6.47212937e-02 -4.66217846e-02 -2.75288150e-02 -7.75487535e-03  1.21241631e-02
  3.21796797e-02  5.24118431e-02  7.28284344e-02  9.34460908e-02  1.14291579e-01
  1.35403141e-01  1.56832293e-01  1.78645656e-01  2.00927094e-01  2.23779425e-01
  2.47325152e-01  2.71703899e-01  2.97056198e-01  3.23448449e-01  3.49849492e-01
  1.03334703e-01  9.98579338e-02  8.91953334e-02  7.69904926e-02  6.55078441e-02
  5.42485826e-02  4.30190861e-02  3.17317508e-02  2.03322228e-02  8.77786148e-03
 -2.97117536e-03 -1.51369805e-02 -2.76774596e-02 -4.04869244e-02 -5.34195602e-02
 -6.63097799e-02 -7.89884478e-02 -9.12945494e-02 -1.03082590e-01 -1.14226393e-01
 -1.24620229e-01 -1.34178191e-01 -1.42832473e-01 -1.50530905e-01 -1.57234222e-01
 -1.62913114e-01 -1.67545244e-01 -1.71112537e-01 -1.73598826e-01 -1.74988046e-01
 -1.75263360e-01 -1.74407184e-01 -1.72402069e-01 -1.69232309e-01 -1.64885879e-01
 -1.59356043e-01 -1.52642325e-01 -1.44749910e-01 -1.35687783e-01 -1.25465497e-01
 -1.14089578e-01 -1.01561129e-01 -8.78765956e-02 -7.30347931e-02 -5.70536479e-02
 -4.00014482e-02 -2.20461525e-02 -3.53283808e-03  1.49650024e-02  3.36809829e-02
  5.25863394e-02  7.16587156e-02  9.08817947e-02  1.10245071e-01  1.29743636e-01
  1.49377748e-01  1.69151977e-01  1.89073220e-01  2.09146738e-01  2.29368597e-01
  2.49711767e-01  2.70099908e-01  2.90357828e-01  3.10102314e-01  3.28473181e-01
  9.44107920e-02  8.98840353e-02  8.18804353e-02  7.21403807e-02  6.21249489e-02
  5.20650521e-02  4.19444181e-02  3.17347832e-02  2.14136839e-02  1.09618036e-02
  3.60976381e-04 -1.06111914e-02 -2.19332166e-02 -3.35227773e-02 -4.52562422e-02
 -5.69863729e-02 -6.85572922e-02 -7.98160285e-02 -9.06204805e-02 -1.00844145e-01
 -1.10378161e-01 -1.19131453e-01 -1.27029628e-01 -1.34013057e-01 -1.40034586e-01
 -1.45057082e-01 -1.49051130e-01 -1.51992872e-01 -1.53862357e-01 -1.54642284e-01
 -1.54317424e-01 -1.52874559e-01 -1.50302812e-01 -1.46594241e-01 -1.41744301e-01
 -1.35751843e-01 -1.28618523e-01 -1.20347403e-01 -1.10941276e-01 -1.00401171e-01
 -8.87263417e-02 -7.59174526e-02 -6.19851127e-02 -4.69666272e-02 -3.09528653e-02
 -1.41324718e-02  3.18336161e-03  2.03160364e-02  3.77413779e-02  5.53955883e-02
  7.32283518e-02  9.11962986e-02  1.09260023e-01  1.27382636e-01  1.45528808e-01
  1.63663551e-01  1.81750551e-01  1.99749097e-01  2.17608944e-01  2.35262170e-01
  2.52610564e-01  2.69507259e-01  2.85732925e-01  3.00972939e-01  3.14821452e-01
  8.54482427e-02  8.04630071e-02  7.39079490e-02  6.61813617e-02  5.78260571e-02
  4.91352007e-02  4.02395278e-02  3.11968997e-02  2.20326651e-02  1.27570517e-02
  3.37274768e-03 -6.32877555e-03 -1.63417552e-02 -2.66061369e-02 -3.70216034e-02
 -4.74618152e-02 -5.77874631e-02 -6.78570569e-02 -7.75350779e-02 -8.66973698e-02
 -9.52341035e-02 -1.03050880e-01 -1.10068403e-01 -1.16221301e-01 -1.21456414e-01
 -1.25730887e-01 -1.29010350e-01 -1.31267115e-01 -1.32478908e-01 -1.32627711e-01
 -1.31699130e-01 -1.29681915e-01 -1.26567766e-01 -1.22351043e-01 -1.17028385e-01
 -1.10598139e-01 -1.03059560e-01 -9.44121704e-02 -8.46559852e-02 -7.37935305e-02
 -6.18351363e-02 -4.88096066e-02 -3.47810760e-02 -1.98798440e-02 -4.31790296e-03
  1.14373621e-02  2.75507122e-02  4.39048447e-02  6.04857802e-02  7.72560462e-02
  9.41674933e-02  1.11166403e-01  1.28195480e-01  1.45194814e-01  1.62102163e-01
  1.78853005e-01  1.95379883e-01  2.11611003e-01  2.27467477e-01  2.42859229e-01
  2.57679373e-01  2.71797895e-01  2.85057276e-01  2.97273427e-01  3.08247775e-01
  8.00117552e-02  7.55856484e-02  6.86834455e-02  6.11824058e-02  5.36676981e-02
  4.59923707e-02  3.81711274e-02  3.02358232e-02  2.22120676e-02  1.41183808e-02
  5.97061124e-03 -2.41323654e-03 -1.10530537e-02 -1.99126229e-02 -2.89153643e-02
 -3.79572473e-02 -4.69181128e-02 -5.56713678e-02 -6.40917197e-02 -7.20608681e-02
 -7.94711709e-02 -8.62275511e-02 -9.22481045e-02 -9.74636599e-02 -1.01816759e-01
 -1.05260305e-01 -1.07756078e-01 -1.09273277e-01 -1.09787248e-01 -1.09278373e-01
 -1.07731201e-01 -1.05133735e-01 -1.01476856e-01 -9.67538208e-02 -9.09599662e-02
 -8.40926766e-02 -7.61517659e-02 -6.71408176e-02 -5.70706688e-02 -4.59665060e-02
 -3.38784829e-02 -2.09047515e-02 -7.19416607e-03  6.90915063e-03  2.14928016e-02
  3.64711843e-02  5.18014431e-02  6.74273819e-02  8.32964778e-02  9.93515030e-02
  1.15528204e-01  1.31755039e-01  1.47953555e-01  1.64039165e-01  1.79922551e-01
  1.95511147e-01  2.10710913e-01  2.25427926e-01  2.39569217e-01  2.53042936e-01
  2.65757531e-01  2.77620852e-01  2.88539916e-01  2.98422813e-01  3.07183743e-01
  7.30175748e-02  6.82147518e-02  6.24807179e-02  5.60934469e-02  4.94160913e-02
  4.26152125e-02  3.57488394e-02  2.88420804e-02  2.19088737e-02  1.49568012e-02
  7.98683986e-03  9.88669810e-04 -6.22770423e-03 -1.36292493e-02 -2.11544465e-02
 -2.87187640e-02 -3.62216569e-02 -4.35537547e-02 -5.06033786e-02 -5.72618358e-02
 -6.34273067e-02 -6.90073892e-02 -7.39203766e-02 -7.80956298e-02 -8.14732611e-02
 -8.40033069e-02 -8.56446102e-02 -8.63635764e-02 -8.61329436e-02 -8.49306583e-02
 -8.27390552e-02 -7.95442164e-02 -7.53355399e-02 -7.01056570e-02 -6.38512745e-02
 -5.65757379e-02 -4.82915975e-02 -3.90238576e-02 -2.88170576e-02 -1.77521501e-02
 -5.93555858e-03  6.35160226e-03  1.92450900e-02  3.26726623e-02  4.65918705e-02
  6.09524399e-02  7.57035017e-02  9.07896012e-02  1.06149733e-01  1.21714853e-01
  1.37405723e-01  1.53131530e-01  1.68789476e-01  1.84265658e-01  1.99437499e-01
  2.14177743e-01  2.28359908e-01  2.41864339e-01  2.54583895e-01  2.66428292e-01
  2.77326465e-01  2.87226856e-01  2.96096027e-01  3.03916305e-01  3.10683876e-01
  6.82379603e-02  6.43073693e-02  5.75613230e-02  5.09884208e-02  4.48215902e-02
  3.87778915e-02  3.28086764e-02  2.69001797e-02  2.10472196e-02  1.52486647e-02
  9.50686075e-03  3.82827688e-03 -1.98945520e-03 -7.93227367e-03 -1.39590744e-02
 -2.00065821e-02 -2.59950869e-02 -3.18343118e-02 -3.74288969e-02 -4.26831171e-02
 -4.75046337e-02 -5.18072397e-02 -5.55126630e-02 -5.85516281e-02 -6.08642623e-02
 -6.23998679e-02 -6.31162152e-02 -6.29784539e-02 -6.19579032e-02 -6.00309931e-02
 -5.71788736e-02 -5.33880778e-02 -4.86505143e-02 -4.29631434e-02 -3.63297984e-02
 -2.87742782e-02 -2.03464199e-02 -1.11187417e-02 -1.17861852e-03  9.21355095e-03
  2.03228593e-02  3.20697986e-02  4.44208011e-02  5.73375821e-02  7.07821921e-02
  8.47140476e-02  9.90884155e-02  1.13854013e-01  1.28950223e-01  1.44303843e-01
  1.59825653e-01  1.75407171e-01  1.90918341e-01  2.06207275e-01  2.21103296e-01
  2.35424340e-01  2.48988882e-01  2.61630476e-01  2.73212254e-01  2.83637851e-01
  2.92857170e-01  3.00866216e-01  3.07701230e-01  3.13428104e-01  3.18129867e-01
  5.98815195e-02  5.52440137e-02  5.00834771e-02  4.46655303e-02  3.93086486e-02
  3.41210142e-02  2.91014090e-02  2.42259763e-02  1.94749609e-02  1.48387151e-02
  1.03187999e-02  5.92946261e-03  1.48759526e-03 -3.01493518e-03 -7.55454088e-03
 -1.20854396e-02 -1.65460352e-02 -2.08640881e-02 -2.49611735e-02 -2.87565179e-02
 -3.21701095e-02 -3.51251252e-02 -3.75498198e-02 -3.93791981e-02 -4.05566320e-02
 -4.10344191e-02 -4.07734700e-02 -3.97423171e-02 -3.79154831e-02 -3.52715142e-02
 -3.17926072e-02 -2.74736919e-02 -2.23229118e-02 -1.63543262e-02 -9.56029724e-03
 -2.00135936e-03  6.17571315e-03  1.47654517e-02  2.41305400e-02  3.41763906e-02
  4.48852144e-02  5.62322624e-02  6.81951642e-02  8.07517096e-02  9.38788205e-02
  1.07550912e-01  1.21737793e-01  1.36401847e-01  1.51494205e-01  1.66949764e-01
  1.82681039e-01  1.98570639e-01  2.14463398e-01  2.30159700e-01  2.45414272e-01
  2.59945750e-01  2.73461491e-01  2.85694033e-01  2.96436846e-01  3.05568427e-01
  3.13062608e-01  3.18987072e-01  3.23489338e-01  3.26769441e-01  3.29042852e-01
  5.24814278e-02  4.83635068e-02  4.25693244e-02  3.71808410e-02  3.25665288e-02
  2.83637438e-02  2.44280435e-02  2.06825733e-02  1.70872696e-02  1.36252558e-02
  1.02943080e-02  7.09999632e-03  4.04688763e-03  9.56352451e-04 -2.13853060e-03
 -5.19568194e-03 -8.16401374e-03 -1.09853791e-02 -1.35970358e-02 -1.59339886e-02
 -1.79308429e-02 -1.95229445e-02 -2.06470490e-02 -2.12432910e-02 -2.12616026e-02
 -2.06629038e-02 -1.94191206e-02 -1.75126567e-02 -1.49340732e-02 -1.16735501e-02
 -7.69377314e-03 -3.01211933e-03  2.30093556e-03  8.09105858e-03  1.46588897e-02
  2.19303202e-02  2.98451185e-02  3.83668579e-02  4.75219451e-02  5.73105477e-02
  6.77306801e-02  7.87790269e-02  9.04524773e-02  1.02748364e-01  1.15664087e-01
  1.29196212e-01  1.43338740e-01  1.58080518e-01  1.73401207e-01  1.89265251e-01
  2.05612883e-01  2.22346917e-01  2.39313796e-01  2.56277651e-01  2.72891045e-01
  2.88680971e-01  3.03093731e-01  3.15617532e-01  3.25895369e-01  3.33752692e-01
  3.39196712e-01  3.42414171e-01  3.43766868e-01  3.43744069e-01  3.42830986e-01
  3.99947874e-02  3.50267030e-02  3.07519529e-02  2.71616802e-02  2.41001416e-02
  2.13476811e-02  1.87673271e-02  1.63001530e-02  1.39298923e-02  1.16619635e-02
  9.51417536e-03  7.51392310e-03  5.70054958e-03  3.90864350e-03  2.15598266e-03
  4.76333633e-04 -1.08869665e-03 -2.49341177e-03 -3.69037059e-03 -4.63215215e-03
 -5.27232885e-03 -5.56431664e-03 -5.45436423e-03 -4.87297820e-03 -3.78014916e-03
 -2.15300382e-03  1.58279763e-05  2.71330588e-03  5.89292636e-03  9.44546517e-03
  1.37001742e-02  1.85907483e-02  2.40733270e-02  3.01225297e-02  3.67615148e-02
  4.39889245e-02  5.17970994e-02  6.01827465e-02  6.91525564e-02  7.87154064e-02
  8.88820365e-02  9.96651873e-02  1.11080050e-01  1.23144634e-01  1.35880008e-01
  1.49310321e-01  1.63462415e-01  1.78364754e-01  1.94045320e-01  2.10527465e-01
  2.27822542e-01  2.45916903e-01  2.64748663e-01  2.84164041e-01  3.03823948e-01
  3.22985440e-01  3.40238184e-01  3.54198277e-01  3.64538074e-01  3.70981336e-01
  3.73617172e-01  3.72747689e-01  3.68903875e-01  3.63643378e-01  3.58214200e-01
  2.35989876e-02  1.73312556e-02  1.53016085e-02  1.49677740e-02  1.44318547e-02
  1.35714058e-02  1.25187086e-02  1.13755725e-02  1.02128759e-02  9.08462517e-03
  8.03586654e-03  7.10672233e-03  6.33457629e-03  5.75472228e-03  5.22268936e-03
  4.79102228e-03  4.50196350e-03  4.39281296e-03  4.49687615e-03  4.84173186e-03
  5.44466823e-03  6.30304636e-03  7.42381671e-03  9.03705321e-03  1.11191180e-02
  1.36615280e-02  1.66586973e-02  2.01031733e-02  2.39863228e-02  2.83079166e-02
  3.31076123e-02  3.83933149e-02  4.41631861e-02  5.04162125e-02  5.71576990e-02
  6.43936098e-02  7.21311271e-02  8.03806558e-02  8.91570523e-02  9.84792933e-02
  1.08370401e-01  1.18857719e-01  1.29973441e-01  1.41755432e-01  1.54248357e-01
  1.67505130e-01  1.81588516e-01  1.96573332e-01  2.12548554e-01  2.29619488e-01
  2.47909099e-01  2.67557561e-01  2.88719088e-01  3.11558753e-01  3.36288720e-01
  3.63631457e-01  3.94927472e-01  4.03836787e-01  4.18575376e-01  4.21484739e-01
  4.18967694e-01  4.17793363e-01  3.97132963e-01  3.82827371e-01  3.71860176e-01
  9.53608844e-03  1.77226332e-03  2.39117583e-03  4.69907280e-03  5.81966853e-03
  6.30422682e-03  6.44067023e-03  6.38866844e-03  6.25540130e-03  6.11956883e-03
  6.04110165e-03  6.06576633e-03  6.22679945e-03  6.54349290e-03  7.01516448e-03
  7.65693840e-03  8.48952029e-03  9.53493454e-03  1.08144516e-02  1.23474551e-02
  1.41512267e-02  1.62428655e-02  1.86471175e-02  2.14060452e-02  2.45354641e-02
  2.80396249e-02  3.19169760e-02  3.61631475e-02  4.07736711e-02  4.57471944e-02
  5.10878041e-02  5.67983948e-02  6.28814027e-02  6.93410635e-02  7.61850551e-02
  8.34246948e-02  9.10752937e-02  9.91566479e-02  1.07693344e-01  1.16714939e-01
  1.26256123e-01  1.36357099e-01  1.47064462e-01  1.58432305e-01  1.70524240e-01
  1.83416069e-01  1.97199658e-01  2.11988330e-01  2.27924377e-01  2.45189458e-01
  2.64018536e-01  2.84717590e-01  3.07682991e-01  3.33424181e-01  3.62659454e-01
  3.95848781e-01  4.18550402e-01  4.34200317e-01  4.46266711e-01  4.45126235e-01
  4.44333702e-01  4.27916288e-01  4.08328056e-01  3.91783535e-01  3.78455251e-01
  5.89903537e-03 -8.30724894e-04 -2.74862605e-03 -2.03035586e-03 -8.54594749e-04
  1.59348012e-04  9.66008171e-04  1.63974229e-03  2.26672110e-03  2.92149861e-03
  3.66342696e-03  4.53781523e-03  5.57800522e-03  6.80749258e-03  8.24261736e-03
  9.89826117e-03  1.17890248e-02  1.39290411e-02  1.63314920e-02  1.90082043e-02
  2.19695754e-02  2.52249818e-02  2.87834946e-02  3.26531790e-02  3.68359983e-02
  4.13280129e-02  4.61208448e-02  5.12035154e-02  5.65643646e-02  6.21929429e-02
  6.80813715e-02  7.42247254e-02  8.06218684e-02  8.72765481e-02  9.41983014e-02
  1.01402856e-01  1.08912297e-01  1.16754875e-01  1.24964803e-01  1.33581892e-01
  1.42651394e-01  1.52224079e-01  1.62356883e-01  1.73114032e-01  1.84569165e-01
  1.96808398e-01  2.09934950e-01  2.24076048e-01  2.39392906e-01  2.56096274e-01
  2.74470776e-01  2.94914901e-01  3.18009794e-01  3.44620287e-01  3.75520289e-01
  4.04352427e-01  4.23136711e-01  4.39198226e-01  4.44912732e-01  4.45840091e-01
  4.38387454e-01  4.20862943e-01  4.03372824e-01  3.88547450e-01  3.76116335e-01
 -4.84432140e-03 -1.39113795e-02 -1.15757529e-02 -8.18322878e-03 -6.38391171e-03
 -5.08668181e-03 -3.97723261e-03 -2.90963193e-03 -1.78871059e-03 -5.45848743e-04
  8.68449220e-04  2.48923711e-03  4.34108218e-03  6.44136965e-03  8.80299415e-03
  1.14365229e-02  1.43511966e-02  1.75550655e-02  2.10546646e-02  2.48545129e-02
  2.89566442e-02  3.33602019e-02  3.80610451e-02  4.30510901e-02  4.83174659e-02
  5.38424663e-02  5.96042834e-02  6.55783638e-02  7.17391670e-02  7.80623108e-02
  8.45267177e-02  9.11166817e-02  9.78237987e-02  1.04648478e-01  1.11600913e-01
  1.18701287e-01  1.25979304e-01  1.33473188e-01  1.41228318e-01  1.49295822e-01
  1.57731518e-01  1.66595042e-01  1.75949857e-01  1.85863703e-01  1.96410060e-01
  2.07670301e-01  2.19737053e-01  2.32718945e-01  2.46747315e-01  2.61986017e-01
  2.78646231e-01  2.97010034e-01  3.17467123e-01  3.40527982e-01  3.66054505e-01
  3.88003439e-01  4.03014690e-01  4.15570974e-01  4.19547915e-01  4.20189470e-01
  4.12830770e-01  3.99736106e-01  3.87431055e-01  3.76411229e-01  3.66597176e-01
 -1.10081269e-03 -8.40256270e-03 -1.12165278e-02 -1.12864869e-02 -1.05644949e-02
 -9.69613530e-03 -8.72817449e-03 -7.58561166e-03 -6.19928772e-03 -4.52607917e-03
 -2.54401192e-03 -2.43870745e-04  2.37751589e-03  5.32154366e-03  8.59002676e-03
  1.21858642e-02  1.61126442e-02  2.03736350e-02  2.49705166e-02  2.99021527e-02
  3.51635180e-02  4.07448262e-02  4.66308147e-02  5.28001711e-02  5.92251383e-02
  6.58714920e-02  7.26991519e-02  7.96635300e-02  8.67177323e-02  9.38156322e-02
  1.00915596e-01  1.07984513e-01  1.15001470e-01  1.21960588e-01  1.28872544e-01
  1.35764375e-01  1.42677829e-01  1.49666533e-01  1.56792551e-01  1.64122924e-01
  1.71726823e-01  1.79673448e-01  1.88030913e-01  1.96865931e-01  2.06244230e-01
  2.16231406e-01  2.26893872e-01  2.38299787e-01  2.50519246e-01  2.63622493e-01
  2.77674228e-01  2.92718321e-01  3.08741629e-01  3.25593591e-01  3.42563570e-01
  3.57395858e-01  3.69155198e-01  3.77465993e-01  3.81970465e-01  3.82500917e-01
  3.79053354e-01  3.73177171e-01  3.66482615e-01  3.59579057e-01  3.52816463e-01
 -1.03739817e-02 -2.07417589e-02 -1.73189137e-02 -1.49610592e-02 -1.46469949e-02
 -1.45089123e-02 -1.40364142e-02 -1.30528882e-02 -1.15197431e-02 -9.45791509e-03
 -6.90830732e-03 -3.91218672e-03 -5.02301555e-04  3.29998438e-03  7.48401834e-03
  1.20472368e-02  1.69917122e-02  2.23206431e-02  2.80352626e-02  3.41324098e-02
  4.06028032e-02  4.74298745e-02  5.45890182e-02  6.20468892e-02  6.97607175e-02
  7.76776671e-02  8.57346579e-02  9.38592106e-02  1.01972036e-01  1.09991759e-01
  1.17841750e-01  1.25458136e-01  1.32797629e-01  1.39843479e-01  1.46608338e-01
  1.53133437e-01  1.59484074e-01  1.65742800e-01  1.72001392e-01  1.78353444e-01
  1.84888825e-01  1.91689968e-01  1.98830187e-01  2.06373334e-01  2.14373961e-01
  2.22877696e-01  2.31920972e-01  2.41529748e-01  2.51716018e-01  2.62471110e-01
  2.73753494e-01  2.85467654e-01  2.97429770e-01  3.09317887e-01  3.20633739e-01
  3.30769390e-01  3.39184135e-01  3.45504403e-01  3.49530429e-01  3.51248443e-01
  3.50869209e-01  3.48828226e-01  3.45645756e-01  3.41768414e-01  3.37524951e-01
  2.93139205e-03 -5.52817946e-03 -1.16188442e-02 -1.59285441e-02 -1.90278292e-02
 -2.08374951e-02 -2.12521367e-02 -2.04187017e-02 -1.85696762e-02 -1.59104671e-02
 -1.26023181e-02 -8.76184646e-03 -4.46349056e-03  2.54320126e-04  5.38022816e-03
  1.09200701e-02  1.68877002e-02  2.32974477e-02  3.01585142e-02  3.74713168e-02
  4.52256054e-02  5.34000061e-02  6.19622320e-02  7.08689988e-02  8.00647661e-02
  8.94791484e-02  9.90235955e-02  1.08589008e-01  1.18046701e-01  1.27254978e-01
  1.36072353e-01  1.44375399e-01  1.52076960e-01  1.59140140e-01  1.65584654e-01
  1.71484306e-01  1.76955909e-01  1.82141855e-01  1.87191278e-01  1.92244634e-01
  1.97424173e-01  2.02830195e-01  2.08541155e-01  2.14615673e-01  2.21094772e-01
  2.28003606e-01  2.35352039e-01  2.43133590e-01  2.51322746e-01  2.59869844e-01
  2.68693566e-01  2.77671456e-01  2.86629915e-01  2.95339227e-01  3.03522378e-01
  3.10884029e-01  3.17153782e-01  3.22125643e-01  3.25683862e-01  3.27815980e-01
  3.28613043e-01  3.28251302e-01  3.26955259e-01  3.24955821e-01  3.22460830e-01
  7.72594335e-03 -1.83697080e-03 -1.11919837e-02 -2.03062575e-02 -2.85037104e-02
 -3.27252708e-02 -3.28734741e-02 -3.11822649e-02 -2.82156002e-02 -2.43310891e-02
 -1.98135022e-02 -1.48425195e-02 -9.50653572e-03 -3.82357137e-03  2.23355531e-03
  8.71368311e-03  1.56696476e-02  2.31463574e-02  3.11731566e-02  3.97595316e-02
  4.88941893e-02  5.85479997e-02  6.86794445e-02  7.92388022e-02  9.01673362e-02
  1.01390250e-01  1.12804301e-01  1.24263026e-01  1.35565862e-01  1.46461278e-01
  1.56673595e-01  1.65950224e-01  1.74109608e-01  1.81073591e-01  1.86881185e-01
  1.91684380e-01  1.95721552e-01  1.99269786e-01  2.02593431e-01  2.05911160e-01
  2.09386393e-01  2.13132530e-01  2.17223004e-01  2.21700907e-01  2.26586282e-01
  2.31880680e-01  2.37569585e-01  2.43622974e-01  2.49994278e-01  2.56618321e-01
  2.63408661e-01  2.70255148e-01  2.77023315e-01  2.83557266e-01  2.89687693e-01
  2.95245498e-01  3.00078869e-01  3.04069638e-01  3.07145894e-01  3.09288561e-01
  3.10530573e-01  3.10948759e-01  3.10650170e-01  3.09756339e-01  3.08389276e-01
  1.08394893e-02 -1.49547952e-04 -1.22737978e-02 -2.61486117e-02 -4.20016684e-02
 -4.98169549e-02 -4.99585606e-02 -4.63475101e-02 -4.06220444e-02 -3.44672315e-02
 -2.80948542e-02 -2.16882359e-02 -1.52724739e-02 -8.73695407e-03 -1.92459312e-03
  5.31725213e-03  1.31197944e-02  2.15829108e-02  3.07696424e-02  4.07021232e-02
  5.13547733e-02  6.26638979e-02  7.45579079e-02  8.69819075e-02  9.99002755e-02
  1.13280244e-01  1.27061635e-01  1.41111225e-01  1.55160367e-01  1.68748856e-01
  1.81263313e-01  1.92127720e-01  2.00962886e-01  2.07609326e-01  2.12140009e-01
  2.14876294e-01  2.16382161e-01  2.17291415e-01  2.18100071e-01  2.19117224e-01
  2.20511571e-01  2.22364813e-01  2.24707693e-01  2.27540955e-01  2.30846778e-01
  2.34594584e-01  2.38743514e-01  2.43243232e-01  2.48033479e-01  2.53043413e-01
  2.58190811e-01  2.63382107e-01  2.68513620e-01  2.73474455e-01  2.78151661e-01
  2.82436967e-01  2.86234707e-01  2.89469182e-01  2.92090416e-01  2.94077277e-01
  2.95437157e-01  2.96202809e-01  2.96426535e-01  2.96173245e-01  2.95513660e-01
  1.53386118e-02  3.98144685e-03 -8.96711089e-03 -2.43161954e-02 -4.34082262e-02
 -5.57483658e-02 -6.29543215e-02 -6.05450720e-02 -5.44840656e-02 -4.47982661e-02
 -3.56228203e-02 -2.78524421e-02 -2.09045112e-02 -1.41303381e-02 -7.09347939e-03
  4.54844005e-04  8.77935812e-03  1.80476196e-02  2.83354614e-02  3.97552550e-02
  5.22415601e-02  6.55246824e-02  7.93969929e-02  9.38054249e-02  1.08805820e-01
  1.24511458e-01  1.41055241e-01  1.58543959e-01  1.76945865e-01  1.95692897e-01
  2.12762460e-01  2.26300701e-01  2.36363009e-01  2.42214099e-01  2.44386718e-01
  2.42606744e-01  2.38926291e-01  2.35422522e-01  2.32722118e-01  2.30934381e-01
  2.30026901e-01  2.29927778e-01  2.30557308e-01  2.31837690e-01  2.33695179e-01
  2.36059293e-01  2.38861099e-01  2.42031500e-01  2.45499700e-01  2.49191895e-01
  2.53030777e-01  2.56935447e-01  2.60822535e-01  2.64607847e-01  2.68209487e-01
  2.71551013e-01  2.74565548e-01  2.77199030e-01  2.79413104e-01  2.81186551e-01
  2.82515198e-01  2.83410609e-01  2.83897340e-01  2.84009725e-01  2.83788204e-01
  2.23805029e-02  1.20817665e-02  6.56466291e-04 -1.20816175e-02 -2.58989912e-02
 -3.99126336e-02 -5.67016490e-02 -5.84260672e-02 -5.89120127e-02 -4.70444635e-02
 -3.71393561e-02 -3.04003898e-02 -2.58056093e-02 -2.03263089e-02 -1.32219419e-02
 -6.81341765e-03  1.50067487e-03  1.19549623e-02  2.22629681e-02  3.54619175e-02
  5.14325351e-02  6.74580261e-02  8.34093466e-02  9.95522216e-02  1.16212659e-01
  1.33756354e-01  1.52619764e-01  1.73374072e-01  1.96860462e-01  2.24678457e-01
  2.55051285e-01  2.64949769e-01  2.84784377e-01  2.81298488e-01  2.88879454e-01
  2.71768749e-01  2.58926660e-01  2.50096321e-01  2.43867069e-01  2.39532307e-01
  2.36652255e-01  2.34930530e-01  2.34156340e-01  2.34171867e-01  2.34852597e-01
  2.36095101e-01  2.37809181e-01  2.39912882e-01  2.42329210e-01  2.44983956e-01
  2.47804582e-01  2.50719756e-01  2.53659606e-01  2.56556690e-01  2.59347260e-01
  2.61973113e-01  2.64383286e-01  2.66535908e-01  2.68399477e-01  2.69953400e-01
  2.71188200e-01  2.72104681e-01  2.72712708e-01  2.73029357e-01  2.73077130e-01
  3.14535350e-02  2.30106581e-02  1.39453243e-02  4.27407026e-03 -5.84560167e-03
 -1.61111448e-02 -2.58546174e-02 -3.46872509e-02 -4.72858958e-02 -3.34100835e-02
 -2.72118337e-02 -2.41384413e-02 -2.48257257e-02 -2.19313055e-02 -1.33165754e-02
 -1.01676648e-02 -2.36379541e-03  1.04659842e-02  1.79632213e-02  3.26176398e-02
  5.29819503e-02  7.09030628e-02  8.78279060e-02  1.04555346e-01  1.21648133e-01
  1.39607042e-01  1.58981204e-01  1.80474669e-01  2.05083102e-01  2.34167948e-01
  2.62917042e-01  2.76528180e-01  2.92669922e-01  2.92807579e-01  2.95674533e-01
  2.80770153e-01  2.66227096e-01  2.55827487e-01  2.48358652e-01  2.42985353e-01
  2.39177182e-01  2.36589655e-01  2.34987020e-01  2.34196991e-01  2.34085456e-01
  2.34542266e-01  2.35473201e-01  2.36794829e-01  2.38431364e-01  2.40312502e-01
  2.42372066e-01  2.44547352e-01  2.46779010e-01  2.49011219e-01  2.51192361e-01
  2.53275812e-01  2.55220741e-01  2.56992996e-01  2.58565664e-01  2.59919435e-01
  2.61042446e-01  2.61930138e-01  2.62584269e-01  2.63012111e-01  2.63225406e-01
  2.89083958e+00  2.88276339e+00  2.81607151e+00  2.73889351e+00  2.64583826e+00
  2.55266380e+00  2.46956038e+00  2.39437819e+00  2.32920671e+00  2.27165866e+00
  2.22315025e+00  2.18152976e+00  2.14595675e+00  2.11607504e+00  2.09120226e+00
  2.07049489e+00  2.05351806e+00  2.04012799e+00  2.02961373e+00  2.02197719e+00
  2.01635885e+00  2.01313615e+00  2.01176405e+00  2.01227593e+00  2.01424694e+00
  2.01768303e+00  2.02260113e+00  2.02865338e+00  2.03605437e+00  2.04451561e+00
  2.05404353e+00  2.06469369e+00  2.07641554e+00  2.08920360e+00  2.10309720e+00
  2.11811113e+00  2.13429022e+00  2.15177035e+00  2.17051721e+00  2.19073558e+00
  2.21249914e+00  2.23596597e+00  2.26126385e+00  2.28864574e+00  2.31828976e+00
  2.35049772e+00  2.38554955e+00  2.42375660e+00  2.46560669e+00  2.51136875e+00
  2.56183958e+00  2.61739063e+00  2.67877007e+00  2.74719882e+00  2.82321262e+00
  2.90955520e+00  3.00680947e+00  3.11892772e+00  3.24858594e+00  3.40366268e+00
  3.59237266e+00  3.82863331e+00  4.14690304e+00  4.65050888e+00  7.16321611e+00
   89   89
  1.04137754e+00  0.00000000e+00  1.04268813e+00  1.00000001e-01  1.04701960e+00
  2.00000003e-01  1.05250001e+00  2.83806950e-01  1.05787814e+00  3.49999994e-01
  1.06801569e+00  4.49999988e-01  1.07906246e+00  5.49833953e-01  1.08474410e+00
  6.00000024e-01  1.09743893e+00  6.99999988e-01  1.10562503e+00  7.57295668e-01
  1.12079024e+00  8.50000024e-01  1.13218749e+00  9.14324343e-01  1.15048468e+00
  1.00000000e+00  1.16210365e+00  1.06398904e+00  1.16545725e+00  1.08348024e+00
  1.23843753e+00  1.07571220e+00  1.29156256e+00  1.06820250e+00  1.34468746e+00
  1.05947995e+00  1.39662910e+00  1.04999995e+00  1.42437506e+00  1.04550016e+00
  1.47749996e+00  1.03370953e+00  1.53062499e+00  1.01877379e+00  1.58375001e+00
  1.00102770e+00  1.61031246e+00  9.92469668e-01  1.66343749e+00  9.71471488e-01
  1.70818448e+00  9.49999988e-01  1.74312496e+00  9.32670593e-01  1.79624999e+00
  9.00188208e-01  1.82281256e+00  8.83579493e-01  1.86840045e+00  8.50000024e-01
  1.90250003e+00  8.23231339e-01  1.92906249e+00  7.99840748e-01  1.98097396e+00
  7.50000000e-01  2.00874996e+00  7.20500588e-01  2.03531241e+00  6.89885437e-01
  2.06665254e+00  6.49999976e-01  2.10250664e+00  6.00000024e-01  2.13373327e+00
  5.50000012e-01  2.16090488e+00  5.00000000e-01  2.18475533e+00  4.49999988e-01
  2.20599365e+00  4.00000006e-01  2.22522926e+00  3.49999994e-01  2.24781251e+00
  2.86333114e-01  2.27380323e+00  2.00000003e-01  2.28548408e+00  1.50000006e-01
  2.29953218e+00  5.00000007e-02  2.29815364e+00 -5.00000007e-02  2.28123498e+00
 -1.50000006e-01  2.26842618e+00 -2.00000003e-01  2.24781251e+00 -2.64322042e-01
  2.22125006e+00 -3.37784171e-01  2.19492602e+00 -4.00000006e-01  2.17189765e+00
 -4.49999988e-01  2.14611125e+00 -5.00000000e-01  2.11674213e+00 -5.50000012e-01
  2.08843756e+00 -5.93300104e-01  2.06187510e+00 -6.28709674e-01  2.03531241e+00
 -6.60283625e-01  1.99815166e+00 -6.99999988e-01  1.95562506e+00 -7.40247905e-01
  1.92906249e+00 -7.62390971e-01  1.87746608e+00 -8.00000012e-01  1.84937501e+00
 -8.19358170e-01  1.79624999e+00 -8.49278629e-01  1.76968753e+00 -8.63059402e-01
  1.71656251e+00 -8.86301517e-01  1.67404914e+00 -8.99999976e-01  1.63687503e+00
 -9.11239386e-01  1.58375001e+00 -9.23634768e-01  1.53062499e+00 -9.31436956e-01
  1.47749996e+00 -9.34346199e-01  1.42437506e+00 -9.31473255e-01  1.37125003e+00
 -9.20807123e-01  1.32013166e+00 -8.99999976e-01  1.29156256e+00 -8.83201957e-01
  1.25496054e+00 -8.50000024e-01  1.21553600e+00 -8.00000012e-01  1.18743575e+00
 -7.50000000e-01  1.16548038e+00 -6.99999988e-01  1.14737833e+00 -6.49999976e-01
  1.13190162e+00 -6.00000024e-01  1.10562503e+00 -5.00774443e-01  1.09398890e+00
 -4.49999988e-01  1.07906246e+00 -3.76145214e-01  1.06567132e+00 -3.00000012e-01
  1.05253601e+00 -2.00000003e-01  1.04791784e+00 -1.50000006e-01  1.04230440e+00
 -5.00000007e-02  1.04137754e+00  0.00000000e+00
  1.01600003e+00  0.00000000e+00  1.01600003e+00  9.63999987e-01  1.01800001e+00
  9.67999995e-01  1.01800001e+00  1.00100005e+00  1.01800001e+00  1.01900005e+00
  1.01800001e+00  1.07700002e+00  1.01800001e+00  1.07000005e+00  1.01800001e+00
  1.09599996e+00  1.01800001e+00  1.11300004e+00  1.01800001e+00  1.13800001e+00
  1.01600003e+00  1.14699996e+00  1.01199996e+00  1.16499996e+00  1.00100005e+00
  1.21700001e+00  1.02900004e+00  1.21700001e+00  1.04200006e+00  1.16240001e+00
  1.04600000e+00  1.16237998e+00  1.05599999e+00  1.16260004e+00  1.09700000e+00
  1.16450000e+00  1.10800004e+00  1.16594005e+00  1.11600006e+00  1.16591001e+00
  1.13399994e+00  1.16895998e+00  1.14800000e+00  1.17174995e+00  1.16199994e+00
  1.17556000e+00  1.18099999e+00  1.18299997e+00  1.18200004e+00  1.18350005e+00
  1.18499994e+00  1.18499994e+00  1.19000006e+00  1.18799996e+00  1.19500005e+00
  1.19099998e+00  1.20099998e+00  1.19599998e+00  1.20899999e+00  1.20200002e+00
  1.21500003e+00  1.20799994e+00  1.22200000e+00  1.21399999e+00  1.22800004e+00
  1.22099996e+00  1.23399997e+00  1.23099995e+00  1.23899996e+00  1.23800004e+00
  1.24199998e+00  1.24399996e+00  1.24800003e+00  1.25399995e+00  1.25800002e+00
  1.27800000e+00  1.26300001e+00  1.28999996e+00  1.27999997e+00  1.33099997e+00
  1.27999997e+00  1.34700000e+00  1.27999997e+00  1.34800005e+00  1.30999994e+00
  1.34800005e+00  1.32799995e+00  1.34800005e+00  1.36099994e+00  1.34800005e+00
  1.38000000e+00  1.34800005e+00  1.41900003e+00  1.34800005e+00  1.41900003e+00
  1.30999994e+00  1.37199998e+00  1.30999994e+00  1.37199998e+00  1.29200006e+00
  1.60800004e+00  1.09500003e+00  1.64699996e+00  1.07700002e+00  1.78499997e+00
  1.07700002e+00  2.06999993e+00  1.03999996e+00  2.12800002e+00  9.92999971e-01
  2.24499989e+00  7.08999991e-01  2.32299995e+00  5.18999994e-01  2.37700009e+00
  3.88999999e-01  2.35200000e+00  4.00000006e-01  2.35100007e+00  3.37000012e-01
  2.35100007e+00  2.04999998e-01  2.35400009e+00  6.80000037e-02  2.35400009e+00
  0.00000000e+00  2.35400009e+00 -6.80000037e-02  2.35299993e+00 -2.04999998e-01
  2.35100007e+00 -3.37000012e-01  2.35299993e+00 -4.00000006e-01  2.37700009e+00
 -3.88999999e-01  2.13400006e+00 -9.72999990e-01  1.78600001e+00 -1.17400002e+00
  1.76800001e+00 -1.21099997e+00  1.76800001e+00 -1.25399995e+00  1.68200004e+00
 -1.25399995e+00  1.67400002e+00 -1.26199996e+00  1.67400002e+00 -1.32900000e+00
  1.68099999e+00 -1.33899999e+00  1.75399995e+00 -1.33899999e+00  1.75399995e+00
 -1.36800003e+00  1.68900001e+00 -1.36800003e+00  1.68900001e+00 -1.36600006e+00
  1.55499995e+00 -1.36600006e+00  1.41199994e+00 -1.36600006e+00  1.27300000e+00
 -1.36600006e+00  1.15300000e+00 -1.36600006e+00  1.01600003e+00 -1.22899997e+00
  1.01600003e+00 -8.00000012e-01  1.01600003e+00 -4.14999992e-01  1.01600003e+00
 -4.00000006e-01  1.01600003e+00  0.00000000e+00
    0 0.000000000e+00    0
  0.00000000e+00  1.34921506e-01  1.90164030e-01  2.30114996e-01  2.64363199e-01
  2.93401092e-01  3.19302738e-01  3.42246860e-01  3.63364249e-01  3.82783771e-01
  4.00742918e-01  4.17770594e-01  4.33752656e-01  4.48948026e-01  4.63476926e-01
  4.77478355e-01  4.90868598e-01  5.03811955e-01  5.16445756e-01  5.28661251e-01
  5.40576160e-01  5.52205861e-01  5.63583910e-01  5.74738264e-01  5.85719228e-01
  5.96460104e-01  6.07032955e-01  6.17506385e-01  6.27800167e-01  6.37972891e-01
  6.48027778e-01  6.57978833e-01  6.67846024e-01  6.77613616e-01  6.87300324e-01
  6.96939170e-01  7.06493437e-01  7.16001093e-01  7.25478828e-01  7.34898567e-01
  7.44295359e-01  7.53675997e-01  7.63037682e-01  7.72398233e-01  7.81755984e-01
  7.91133523e-01  8.00528586e-01  8.09962392e-01  8.19451153e-01  8.28981400e-01
  8.38604510e-01  8.48297954e-01  8.58100832e-01  8.68053138e-01  8.78117204e-01
  8.88404310e-01  8.98858368e-01  9.09579039e-01  9.20562506e-01  9.31933463e-01
  9.43754375e-01  9.56043422e-01  9.69089806e-01  9.83282924e-01  1.00000000e+00
    0
