   EFIT?   05/12/98      #102940   746             3  65  65
  1.70000005e+00  3.20000005e+00  1.69550002e+00  8.39999974e-01  0.00000000e+00
  1.76959884e+00  7.59969512e-03 -2.86260277e-01 -1.04174674e-01 -2.00635266e+00
  1.09588800e+06 -2.86260277e-01  0.00000000e+00  1.76959884e+00  0.00000000e+00
  7.59969512e-03  0.00000000e+00 -1.04174674e-01  0.00000000e+00  0.00000000e+00
 -3.42791176e+00 -3.43140507e+00 -3.43431759e+00 -3.43670392e+00 -3.43861294e+00
 -3.44008994e+00 -3.44117594e+00 -3.44190836e+00 -3.44232154e+00 -3.44244719e+00
 -3.44231415e+00 -3.44194961e+00 -3.44137812e+00 -3.44062304e+00 -3.43970585e+00
 -3.43864703e+00 -3.43746543e+00 -3.43617988e+00 -3.43480730e+00 -3.43336463e+00
 -3.43186831e+00 -3.43033361e+00 -3.42877483e+00 -3.42720461e+00 -3.42563486e+00
 -3.42407584e+00 -3.42253709e+00 -3.42102695e+00 -3.41955328e+00 -3.41812229e+00
 -3.41674066e+00 -3.41541314e+00 -3.41414452e+00 -3.41293883e+00 -3.41179943e+00
 -3.41072917e+00 -3.40972996e+00 -3.40880370e+00 -3.40795159e+00 -3.40717435e+00
 -3.40647197e+00 -3.40584397e+00 -3.40528989e+00 -3.40480804e+00 -3.40439677e+00
 -3.40405321e+00 -3.40377450e+00 -3.40355682e+00 -3.40339637e+00 -3.40328765e+00
 -3.40322518e+00 -3.40320253e+00 -3.40321231e+00 -3.40324688e+00 -3.40329671e+00
 -3.40335155e+00 -3.40340066e+00 -3.40343118e+00 -3.40342975e+00 -3.40338063e+00
 -3.40326738e+00 -3.40307117e+00 -3.40277195e+00 -3.40234685e+00 -3.40177107e+00
  3.55679531e+04  3.16179668e+04  2.81143789e+04  2.50231836e+04  2.23120664e+04
  1.99503320e+04  1.79088398e+04  1.61599336e+04  1.46773857e+04  1.34363398e+04
  1.24132510e+04  1.15858408e+04  1.09330439e+04  1.04349629e+04  1.00728242e+04
  9.82893750e+03  9.68665625e+03  9.63034180e+03  9.64533008e+03  9.71789453e+03
  9.83522266e+03  9.98538184e+03  1.01572988e+04  1.03407295e+04  1.05262402e+04
  1.07051865e+04  1.08696943e+04  1.10126406e+04  1.11276406e+04  1.12090303e+04
  1.12518584e+04  1.12518711e+04  1.12055068e+04  1.11098838e+04  1.09627969e+04
  1.07627148e+04  1.05087705e+04  1.02007637e+04  9.83916113e+03  9.42509277e+03
  8.96036230e+03  8.44744043e+03  7.88948145e+03  7.29032178e+03  6.65449219e+03
  5.98722705e+03  5.29447656e+03  4.58291846e+03  3.85997314e+03  3.13382080e+03
  2.41341846e+03  1.70852026e+03  1.02969812e+03  3.88365875e+02 -2.03196091e+02
 -7.31813904e+02 -1.18339099e+03 -1.54287756e+03 -1.79423694e+03 -1.92041077e+03
 -1.90328113e+03 -1.72363135e+03 -1.36110303e+03 -7.94151855e+02  0.00000000e+00
  4.57609940e+00  3.84606218e+00  3.18263865e+00  2.58012867e+00  2.03336668e+00
  1.53767800e+00  1.08883715e+00  6.83030784e-01  3.16823810e-01 -1.28704319e-02
 -3.08817476e-01 -5.73486030e-01 -8.09069633e-01 -1.01750612e+00 -1.20049453e+00
 -1.35950994e+00 -1.49581659e+00 -1.61047935e+00 -1.70437217e+00 -1.77818680e+00
 -1.83256841e+00 -1.86895621e+00 -1.88906324e+00 -1.89446139e+00 -1.88659322e+00
 -1.86678469e+00 -1.83625650e+00 -1.79613519e+00 -1.74746299e+00 -1.69120681e+00
 -1.62826693e+00 -1.55948484e+00 -1.48565066e+00 -1.40751004e+00 -1.32577062e+00
 -1.24110866e+00 -1.15417445e+00 -1.06559849e+00 -9.75996792e-01 -8.85976315e-01
 -7.96140313e-01 -7.07093716e-01 -6.19448364e-01 -5.33828437e-01 -4.50875878e-01
 -3.71256202e-01 -2.95664132e-01 -2.24829853e-01 -1.59525409e-01 -1.00571498e-01
 -4.88446169e-02 -5.28487563e-03  2.90958025e-02  5.32047525e-02  6.58589676e-02
  6.57746866e-02  5.15561178e-02  2.16831360e-02 -2.55020652e-02 -9.18095559e-02
 -1.79217607e-01 -2.89890081e-01 -4.26195443e-01 -5.90727627e-01 -7.86328852e-01
 -1.46986700e+06 -1.30683825e+06 -1.15606512e+06 -1.01694050e+06 -8.88883000e+05
 -7.71335688e+05 -6.63764562e+05 -5.65657500e+05 -4.76523281e+05 -3.95890438e+05
 -3.23306094e+05 -2.58335094e+05 -2.00559016e+05 -1.49575266e+05 -1.04996156e+05
 -6.64480781e+04 -3.35706719e+04 -6.01605859e+03  1.65519609e+04  3.44586172e+04
  4.80188984e+04  5.75382500e+04  6.33132188e+04  6.56321406e+04  6.47757383e+04
  6.10177773e+04  5.46256289e+04  4.58608867e+04  3.49799180e+04  2.22344531e+04
  7.87211621e+03 -7.86302100e+03 -2.47299023e+04 -4.24899570e+04 -6.09065820e+04
 -7.97446094e+04 -9.87698125e+04 -1.17748359e+05 -1.36446312e+05 -1.54629141e+05
 -1.72061172e+05 -1.88505062e+05 -2.03721328e+05 -2.17467766e+05 -2.29498953e+05
 -2.39565688e+05 -2.47414453e+05 -2.52786875e+05 -2.55419125e+05 -2.55041328e+05
 -2.51377047e+05 -2.44142578e+05 -2.33046375e+05 -2.17788438e+05 -1.98059578e+05
 -1.73540812e+05 -1.43902625e+05 -1.08804242e+05 -6.78928750e+04 -2.08030000e+04
  3.28445195e+04  9.34432109e+04  1.61401906e+05  2.37145562e+05  3.21116281e+05
 -6.95095882e-02 -7.59802088e-02 -8.28843340e-02 -9.01557729e-02 -9.76447985e-02
 -1.05100714e-01 -1.11954600e-01 -1.17994554e-01 -1.25254244e-01 -1.12918280e-01
 -1.05875269e-01 -1.00772046e-01 -9.76470485e-02 -9.34681967e-02 -8.68463293e-02
 -8.26660171e-02 -7.67993554e-02 -6.86112642e-02 -6.26671463e-02 -5.38820587e-02
 -4.23654020e-02 -3.17919590e-02 -2.14990750e-02 -1.10991281e-02 -2.97061750e-04
  1.11914063e-02  2.36976352e-02  3.76639739e-02  5.37342988e-02  7.26728961e-02
  9.04599428e-02  1.00139000e-01  1.09252200e-01  1.10075861e-01  1.10307872e-01
  1.01091236e-01  9.10883620e-02  8.38142037e-02  7.85588622e-02  7.47602433e-02
  7.20543265e-02  7.01968819e-02  6.90164268e-02  6.83870688e-02  6.82123974e-02
  6.84155524e-02  6.89329132e-02  6.97099343e-02  7.06984252e-02  7.18546510e-02
  7.31381699e-02  7.45111331e-02  7.59379193e-02  7.73851275e-02  7.88217187e-02
  8.02194178e-02  8.15530717e-02  8.28010961e-02  8.39458480e-02  8.49738494e-02
  8.58758613e-02  8.66467878e-02  8.72853696e-02  8.77937600e-02  8.81769434e-02
 -7.56641850e-02 -8.34814757e-02 -9.22393650e-02 -1.02057777e-01 -1.12682655e-01
 -1.23397358e-01 -1.36481434e-01 -1.35975212e-01 -1.34701341e-01 -1.23276077e-01
 -1.13618918e-01 -1.06264696e-01 -1.00448020e-01 -9.47312340e-02 -8.86039659e-02
 -8.29210281e-02 -7.65965134e-02 -6.94088936e-02 -6.22585714e-02 -5.39139770e-02
 -4.43095863e-02 -3.45428512e-02 -2.46471353e-02 -1.44648757e-02 -3.79701843e-03
  7.59378076e-03  2.00089291e-02  3.38634625e-02  4.97747622e-02  6.85750917e-02
  8.65728259e-02  9.58204642e-02  1.05416901e-01  1.05943613e-01  1.06877394e-01
  9.75850597e-02  8.79589021e-02  8.10723454e-02  7.61595815e-02  7.26802573e-02
  7.02875778e-02  6.87474459e-02  6.78940564e-02  6.76046535e-02  6.77843466e-02
  6.83566108e-02  6.92571476e-02  7.04297721e-02  7.18236044e-02  7.33912289e-02
  7.50874951e-02  7.68688768e-02  7.86932856e-02  8.05202648e-02  8.23115259e-02
  8.40317160e-02  8.56493115e-02  8.71374905e-02  8.84748846e-02  8.96461010e-02
  9.06419009e-02  9.14589986e-02  9.20995846e-02  9.25704837e-02  9.28822309e-02
 -7.99212828e-02 -8.85401443e-02 -9.85605717e-02 -1.10659994e-01 -1.25926107e-01
 -1.34652391e-01 -1.39762610e-01 -1.36450097e-01 -1.30431905e-01 -1.21407695e-01
 -1.12934120e-01 -1.05630316e-01 -9.91194174e-02 -9.30110365e-02 -8.70261416e-02
 -8.09852034e-02 -7.47189820e-02 -6.81068227e-02 -6.10742494e-02 -5.35375923e-02
 -4.54865694e-02 -3.69969793e-02 -2.81202327e-02 -1.88401118e-02 -9.08826850e-03
  1.23680884e-03  1.22565012e-02  2.40947120e-02  3.68247814e-02  5.01909554e-02
  6.23391531e-02  7.13708550e-02  7.80722350e-02  8.12561736e-02  8.19740519e-02
  7.91670904e-02  7.50598833e-02  7.14836717e-02  6.87230080e-02  6.67536110e-02
  6.54964447e-02  6.48666397e-02  6.47858381e-02  6.51845783e-02  6.60014674e-02
  6.71813861e-02  6.86735809e-02  7.04299137e-02  7.24034458e-02  7.45473132e-02
  7.68139809e-02  7.91549683e-02  8.15210119e-02  8.38627443e-02  8.61319304e-02
  8.82830024e-02  9.02749673e-02  9.20731723e-02  9.36508998e-02  9.49904323e-02
  9.60834250e-02  9.69305709e-02  9.75406095e-02  9.79288071e-02  9.81151760e-02
 -8.16839486e-02 -8.99394378e-02 -9.92849395e-02 -1.10227987e-01 -1.22780725e-01
 -1.28037199e-01 -1.27532616e-01 -1.23856217e-01 -1.18599087e-01 -1.13015451e-01
 -1.07296042e-01 -1.01626202e-01 -9.60698277e-02 -9.05860513e-02 -8.50909948e-02
 -7.94936642e-02 -7.37097636e-02 -6.76684454e-02 -6.13155551e-02 -5.46154156e-02
 -4.75533977e-02 -4.01318334e-02 -3.23574767e-02 -2.42313836e-02 -1.57486983e-02
 -6.90819416e-03  2.26868363e-03  1.17050605e-02  2.12155133e-02  3.04445941e-02
  3.88843454e-02  4.60620001e-02  5.16860373e-02  5.56335822e-02  5.79604208e-02
  5.89150637e-02  5.89674152e-02  5.86437136e-02  5.83253652e-02  5.82265891e-02
  5.84508404e-02  5.90393804e-02  6.00000434e-02  6.13226593e-02  6.29870519e-02
  6.49669394e-02  6.72315955e-02  6.97462782e-02  7.24720806e-02  7.53654167e-02
  7.83775747e-02  8.14545527e-02  8.45374763e-02  8.75638276e-02  9.04696211e-02
  9.31924954e-02  9.56753939e-02  9.78703201e-02  9.97416154e-02  1.01268157e-01
  1.02444157e-01  1.03278421e-01  1.03792191e-01  1.04016058e-01  1.03986412e-01
 -8.16861466e-02 -8.86842310e-02 -9.57727209e-02 -1.02872610e-01 -1.09271869e-01
 -1.12307511e-01 -1.12151928e-01 -1.10545970e-01 -1.07918225e-01 -1.04569025e-01
 -1.00745127e-01 -9.66143385e-02 -9.22749341e-02 -8.77695009e-02 -8.31020996e-02
 -7.82546401e-02 -7.31993392e-02 -6.79071918e-02 -6.23534061e-02 -5.65206148e-02
 -5.04003093e-02 -4.39924486e-02 -3.73041593e-02 -3.03492676e-02 -2.31506042e-02
 -1.57459993e-02 -8.19799956e-03 -6.05934591e-04  6.88394345e-03  1.40791973e-02
  2.07629707e-02  2.67347656e-02  3.18510644e-02  3.60506475e-02  3.93650793e-02
  4.19159718e-02  4.38941866e-02  4.55189645e-02  4.69937660e-02  4.84803021e-02
  5.00938781e-02  5.19102998e-02  5.39756007e-02  5.63144013e-02  5.89359403e-02
  6.18379340e-02  6.50086999e-02  6.84279874e-02  7.20668361e-02  7.58867785e-02
  7.98387155e-02  8.38618726e-02  8.78835171e-02  9.18201283e-02  9.55807194e-02
  9.90725681e-02  1.02208741e-01  1.04916088e-01  1.07142285e-01  1.08860485e-01
  1.10070936e-01  1.10799238e-01  1.11091390e-01  1.11006901e-01  1.10611230e-01
 -8.20112601e-02 -8.79697651e-02 -9.26338956e-02 -9.62430909e-02 -9.89994183e-02
 -1.00703292e-01 -1.01240098e-01 -1.00733966e-01 -9.93836373e-02 -9.73696709e-02
 -9.48401093e-02 -9.19089094e-02 -8.86568278e-02 -8.51351321e-02 -8.13714638e-02
 -7.73765743e-02 -7.31507391e-02 -6.86891377e-02 -6.39860108e-02 -5.90377003e-02
 -5.38446307e-02 -4.84126322e-02 -4.27539758e-02 -3.68886590e-02 -3.08463816e-02
 -2.46693641e-02 -1.84154883e-02 -1.21606709e-02 -5.99856582e-03 -3.55682605e-05
  5.61985094e-03  1.08719151e-02  1.56526119e-02  1.99330691e-02  2.37287283e-02
  2.70972680e-02  3.01294047e-02  3.29345278e-02  3.56252529e-02  3.83051895e-02
  4.10620347e-02  4.39654551e-02  4.70680408e-02  5.04074842e-02  5.40089086e-02
  5.78866526e-02  6.20452501e-02  6.64794520e-02  7.11731464e-02  7.60972127e-02
  8.12062174e-02  8.64343122e-02  9.16913375e-02  9.68610495e-02  1.01804316e-01
  1.06369652e-01  1.10410035e-01  1.13801509e-01  1.16458468e-01  1.18343391e-01
  1.19470321e-01  1.19901240e-01  1.19734548e-01  1.19087704e-01  1.18079588e-01
 -8.50905031e-02 -9.24310684e-02 -9.22285020e-02 -9.22129825e-02 -9.30687562e-02
 -9.37673450e-02 -9.40295458e-02 -9.37705189e-02 -9.29939523e-02 -9.17430446e-02
 -9.00733396e-02 -8.80386755e-02 -8.56844187e-02 -8.30450952e-02 -8.01445991e-02
 -7.69978985e-02 -7.36134872e-02 -6.99959099e-02 -6.61481619e-02 -6.20737597e-02
 -5.77783659e-02 -5.32711856e-02 -4.85661514e-02 -4.36830334e-02 -3.86485457e-02
 -3.34973335e-02 -2.82725524e-02 -2.30255499e-02 -1.78141017e-02 -1.26987994e-02
 -7.73766777e-03 -2.97968951e-03  1.54152222e-03  5.81256440e-03  9.84253548e-03
  1.36622777e-02  1.73207354e-02  2.08792761e-02  2.44052727e-02  2.79662814e-02
  3.16257104e-02  3.54402587e-02  3.94588411e-02  4.37225625e-02  4.82651629e-02
  5.31135127e-02  5.82877845e-02  6.38009086e-02  6.96568936e-02  7.58473426e-02
  8.23453516e-02  8.90955999e-02  9.60000455e-02  1.02901399e-01  1.09573767e-01
  1.15739107e-01  1.21117167e-01  1.25478357e-01  1.28671378e-01  1.30636409e-01
  1.31414115e-01  1.31147698e-01  1.30059555e-01  1.28396153e-01  1.26376614e-01
 -7.92007670e-02 -8.38964656e-02 -8.65054652e-02 -8.76775160e-02 -8.82854536e-02
 -8.86441693e-02 -8.87736231e-02 -8.86357278e-02 -8.82022157e-02 -8.74638483e-02
 -8.64256099e-02 -8.51000920e-02 -8.35024044e-02 -8.16468969e-02 -7.95455426e-02
 -7.72074759e-02 -7.46394023e-02 -7.18463734e-02 -6.88328594e-02 -6.56037703e-02
 -6.21655211e-02 -5.85269183e-02 -5.46999685e-02 -5.07005453e-02 -4.65488620e-02
 -4.22697067e-02 -3.78922336e-02 -3.34492028e-02 -2.89754998e-02 -2.45058909e-02
 -2.00721826e-02 -1.57000963e-02 -1.14063118e-02 -7.19624944e-03 -3.06293811e-03
  1.01279863e-03  5.06091211e-03  9.11976956e-03  1.32333403e-02  1.74484253e-02
  2.18123477e-02  2.63713095e-02  3.11694834e-02  3.62487249e-02  4.16487455e-02
  4.74075750e-02  5.35620488e-02  6.01481274e-02  6.72005787e-02  7.47512802e-02
  8.28245878e-02  9.14261937e-02  1.00517437e-01  1.09959207e-01  1.19410649e-01
  1.28224477e-01  1.35737628e-01  1.41571358e-01  1.45472154e-01  1.47332385e-01
  1.47185698e-01  1.45299837e-01  1.42313898e-01  1.38816684e-01  1.35184661e-01
 -7.97312781e-02 -8.59824941e-02 -8.51331055e-02 -8.41460228e-02 -8.41538012e-02
 -8.43336061e-02 -8.44938979e-02 -8.45515504e-02 -8.44569057e-02 -8.41782615e-02
 -8.36965367e-02 -8.30015689e-02 -8.20889920e-02 -8.09577927e-02 -7.96086118e-02
 -7.80426934e-02 -7.62614682e-02 -7.42664859e-02 -7.20596910e-02 -6.96437955e-02
 -6.70227855e-02 -6.42023832e-02 -6.11904487e-02 -5.79973347e-02 -5.46360239e-02
 -5.11220992e-02 -4.74733971e-02 -4.37093824e-02 -3.98501195e-02 -3.59149277e-02
 -3.19208279e-02 -2.78808828e-02 -2.38026921e-02 -1.96872279e-02 -1.55281937e-02
 -1.13119530e-02 -7.01804226e-03 -2.62011285e-03  1.91287266e-03  6.61542173e-03
  1.15244612e-02  1.66786052e-02  2.21178457e-02  2.78836936e-02  3.40198129e-02
  4.05731350e-02  4.75955307e-02  5.51461577e-02  6.32946119e-02  7.21253604e-02
  8.17440152e-02  9.22867283e-02  1.03934675e-01  1.16931744e-01  1.31494939e-01
  1.46086633e-01  1.56039432e-01  1.64682195e-01  1.69381723e-01  1.70827895e-01
  1.69673219e-01  1.63036004e-01  1.55883640e-01  1.49351075e-01  1.43482015e-01
 -7.23602250e-02 -7.65151456e-02 -7.85980374e-02 -7.93712437e-02 -7.97927603e-02
 -8.02005455e-02 -8.06265622e-02 -8.10303763e-02 -8.13650638e-02 -8.15916583e-02
 -8.16808343e-02 -8.16115513e-02 -8.13690424e-02 -8.09430256e-02 -8.03262293e-02
 -7.95133635e-02 -7.85004571e-02 -7.72844851e-02 -7.58633092e-02 -7.42357224e-02
 -7.24015832e-02 -7.03620687e-02 -6.81198239e-02 -6.56791478e-02 -6.30459934e-02
 -6.02279007e-02 -5.72337620e-02 -5.40733598e-02 -5.07567525e-02 -4.72934730e-02
 -4.36916240e-02 -3.99569236e-02 -3.60918529e-02 -3.20949480e-02 -2.79603414e-02
 -2.36775931e-02 -1.92317981e-02 -1.46038700e-02 -9.77095123e-03 -4.70682932e-03
  6.17747020e-04  6.23495691e-03  1.21800937e-02  1.84921343e-02  2.52148006e-02
  3.23982388e-02  4.01015542e-02  4.83965427e-02  5.73732555e-02  6.71485513e-02
  7.78797567e-02  8.97875428e-02  1.03196666e-01  1.18606724e-01  1.36710018e-01
  1.56307995e-01  1.69836059e-01  1.80630058e-01  1.87168598e-01  1.88498765e-01
  1.87230051e-01  1.78017080e-01  1.66880399e-01  1.57251433e-01  1.49250492e-01
 -6.98554441e-02 -7.49917850e-02 -7.52610862e-02 -7.48084635e-02 -7.52382427e-02
 -7.59957060e-02 -7.68837631e-02 -7.78048113e-02 -7.86974281e-02 -7.95186609e-02
 -8.02370533e-02 -8.08290541e-02 -8.12766477e-02 -8.15657377e-02 -8.16849470e-02
 -8.16247761e-02 -8.13770145e-02 -8.09343979e-02 -8.02904144e-02 -7.94393122e-02
 -7.83761293e-02 -7.70968050e-02 -7.55983144e-02 -7.38787502e-02 -7.19373748e-02
 -6.97746277e-02 -6.73920363e-02 -6.47919774e-02 -6.19773418e-02 -5.89511171e-02
 -5.57157919e-02 -5.22727817e-02 -4.86217923e-02 -4.47603166e-02 -4.06832360e-02
 -3.63826714e-02 -3.18478905e-02 -2.70652920e-02 -2.20184363e-02 -1.66880358e-02
 -1.10519044e-02 -5.08475443e-03  1.24220375e-03  7.96195958e-03  1.51127717e-02
  2.27397550e-02  3.08971517e-02  3.96515653e-02  4.90865484e-02  5.93090877e-02
  7.04587027e-02  8.27196166e-02  9.63354334e-02  1.11624494e-01  1.29013076e-01
  1.49120152e-01  1.67694107e-01  1.77555948e-01  1.87784284e-01  1.88905880e-01
  1.88818067e-01  1.82824388e-01  1.70226470e-01  1.59074470e-01  1.50124654e-01
 -6.08166121e-02 -6.45742789e-02 -6.68475777e-02 -6.83796927e-02 -6.98990151e-02
 -7.15074465e-02 -7.31540471e-02 -7.47892186e-02 -7.63767511e-02 -7.78894573e-02
 -7.93057829e-02 -8.06078836e-02 -8.17804337e-02 -8.28099027e-02 -8.36839229e-02
 -8.43908936e-02 -8.49196389e-02 -8.52592215e-02 -8.53988752e-02 -8.53280649e-02
 -8.50366279e-02 -8.45149234e-02 -8.37538987e-02 -8.27452615e-02 -8.14816579e-02
 -7.99568221e-02 -7.81657249e-02 -7.61045590e-02 -7.37707317e-02 -7.11626112e-02
 -6.82792440e-02 -6.51198253e-02 -6.16830997e-02 -5.79666942e-02 -5.39667085e-02
 -4.96778749e-02 -4.50934842e-02 -4.02051732e-02 -3.50026675e-02 -2.94736158e-02
 -2.36033816e-02 -1.73747893e-02 -1.07677430e-02 -3.75872105e-03  3.67991277e-03
  1.15808100e-02  1.99827924e-02  2.89322883e-02  3.84850428e-02  4.87079769e-02
  5.96808866e-02  7.14974031e-02  8.42642486e-02  9.80988592e-02  1.13134786e-01
  1.29643783e-01  1.48969829e-01  1.60123602e-01  1.67044893e-01  1.75316125e-01
  1.71487629e-01  1.73634350e-01  1.62321463e-01  1.51996851e-01  1.44494221e-01
 -5.18895946e-02 -5.49768917e-02 -5.82559779e-02 -6.14387169e-02 -6.43578395e-02
 -6.70703351e-02 -6.96416274e-02 -7.21041709e-02 -7.44689554e-02 -7.67360181e-02
 -7.88999125e-02 -8.09523836e-02 -8.28836113e-02 -8.46827254e-02 -8.63379985e-02
 -8.78368691e-02 -8.91658887e-02 -9.03107077e-02 -9.12561417e-02 -9.19862613e-02
 -9.24853683e-02 -9.27378386e-02 -9.27281082e-02 -9.24409330e-02 -9.18618068e-02
 -9.09774154e-02 -8.97761136e-02 -8.82482603e-02 -8.63864869e-02 -8.41858387e-02
 -8.16436633e-02 -7.87591636e-02 -7.55323619e-02 -7.19624162e-02 -6.80460334e-02
 -6.37806281e-02 -5.91642149e-02 -5.41944019e-02 -4.88675609e-02 -4.31788117e-02
 -3.71218696e-02 -3.06888223e-02 -2.38698907e-02 -1.66532509e-02 -9.02485941e-03
 -9.68372100e-04  7.53477355e-03  1.65049881e-02  2.59636231e-02  3.59311141e-02
  4.64233868e-02  5.74453026e-02  6.89787418e-02  8.09605792e-02  9.32378694e-02
  1.05463617e-01  1.16901688e-01  1.26539871e-01  1.33932769e-01  1.38955101e-01
  1.41502172e-01  1.41796291e-01  1.40009671e-01  1.36943519e-01  1.33573383e-01
 -4.46347632e-02 -4.72226627e-02 -5.15828729e-02 -5.59238270e-02 -5.97657673e-02
 -6.33362010e-02 -6.67243004e-02 -6.99742064e-02 -7.31089562e-02 -7.61392117e-02
 -7.90678114e-02 -8.18924233e-02 -8.46071020e-02 -8.72031450e-02 -8.96694958e-02
 -9.19928178e-02 -9.41574350e-02 -9.61452872e-02 -9.79364216e-02 -9.95061547e-02
 -1.00833774e-01 -1.01897761e-01 -1.02675170e-01 -1.03142336e-01 -1.03276037e-01
 -1.03054456e-01 -1.02458164e-01 -1.01470873e-01 -1.00080170e-01 -9.82782245e-02
 -9.60624292e-02 -9.34357196e-02 -9.04054046e-02 -8.69775414e-02 -8.31382796e-02
 -7.88881630e-02 -7.42333457e-02 -6.91803172e-02 -6.37320951e-02 -5.78916669e-02
 -5.16618751e-02 -4.50447202e-02 -3.80413793e-02 -3.06522772e-02 -2.28772387e-02
 -1.47160226e-02 -6.16923906e-03  2.76021590e-03  1.20649980e-02  2.17300598e-02
  3.17277536e-02  4.20105197e-02  5.25001660e-02  6.30727112e-02  7.35393837e-02
  8.36309418e-02  9.30080935e-02  1.01323813e-01  1.08308248e-01  1.13806412e-01
  1.17779493e-01  1.20304689e-01  1.21573083e-01  1.21876232e-01  1.21538803e-01
 -4.11839746e-02 -4.41568308e-02 -4.79260720e-02 -5.21298125e-02 -5.63775375e-02
 -6.05344102e-02 -6.45821542e-02 -6.85291067e-02 -7.23852366e-02 -7.61568174e-02
 -7.98458308e-02 -8.34504887e-02 -8.69657770e-02 -9.03837755e-02 -9.36937109e-02
 -9.68816951e-02 -9.99298841e-02 -1.02814674e-01 -1.05521180e-01 -1.07985243e-01
 -1.10198185e-01 -1.12134799e-01 -1.13762081e-01 -1.15044154e-01 -1.15945436e-01
 -1.16432540e-01 -1.16475672e-01 -1.16049558e-01 -1.15134500e-01 -1.13717750e-01
 -1.11796029e-01 -1.09380268e-01 -1.06505163e-01 -1.03249043e-01 -9.94659141e-02
 -9.51909125e-02 -9.04573202e-02 -8.52937549e-02 -7.96977133e-02 -7.36802071e-02
 -6.72558621e-02 -6.04363270e-02 -5.32335751e-02 -4.56597544e-02 -3.77267636e-02
 -2.94474103e-02 -2.08367836e-02 -1.19140176e-02 -2.70453817e-03  6.75710244e-03
  1.64236072e-02  2.62304917e-02  3.60910296e-02  4.58914265e-02  5.54882102e-02
  6.47111833e-02  7.33755305e-02  8.13030601e-02  8.83464739e-02  9.44082960e-02
  9.94508117e-02  1.03497975e-01  1.06629655e-01  1.08967319e-01  1.10651694e-01
 -3.60546671e-02 -3.86317559e-02 -4.38570641e-02 -4.90314551e-02 -5.38359843e-02
 -5.85339218e-02 -6.31709546e-02 -6.77576438e-02 -7.22967535e-02 -7.67882988e-02
 -8.12304094e-02 -8.56193751e-02 -8.99496526e-02 -9.42137167e-02 -9.84019786e-02
 -1.02502674e-01 -1.06501855e-01 -1.10319339e-01 -1.13956913e-01 -1.17385156e-01
 -1.20565407e-01 -1.23452522e-01 -1.25998676e-01 -1.28156543e-01 -1.29881695e-01
 -1.31134123e-01 -1.31879002e-01 -1.32087156e-01 -1.31735265e-01 -1.30806029e-01
 -1.29288524e-01 -1.27178609e-01 -1.24478512e-01 -1.21193416e-01 -1.17317453e-01
 -1.12877794e-01 -1.07944466e-01 -1.02660939e-01 -9.68606472e-02 -9.05980393e-02
 -8.39228109e-02 -7.68446550e-02 -6.93867505e-02 -6.15745559e-02 -5.34280017e-02
 -4.49682698e-02 -3.62189226e-02 -2.72077937e-02 -1.79687776e-02 -8.54363292e-03
  1.01609249e-03  1.06471097e-02  2.02727616e-02  2.98023168e-02  3.91320400e-02
  4.81488518e-02  5.67369871e-02  6.47869855e-02  7.22053945e-02  7.89229646e-02
  8.48999023e-02  9.01273116e-02  9.46247578e-02  9.84343961e-02  1.01612896e-01
 -3.48065868e-02 -3.79716940e-02 -4.21298631e-02 -4.69444916e-02 -5.20168953e-02
 -5.71751930e-02 -6.23663329e-02 -6.75710067e-02 -7.27790445e-02 -7.79833868e-02
 -8.31781998e-02 -8.83579403e-02 -9.35166478e-02 -9.86474305e-02 -1.03742115e-01
 -1.08790897e-01 -1.13716193e-01 -1.18512802e-01 -1.23149715e-01 -1.27578169e-01
 -1.31740451e-01 -1.35575995e-01 -1.39025673e-01 -1.42034784e-01 -1.44554675e-01
 -1.46543577e-01 -1.47966594e-01 -1.48795366e-01 -1.49007410e-01 -1.48585379e-01
 -1.47516310e-01 -1.45790890e-01 -1.43402591e-01 -1.40347064e-01 -1.36622697e-01
 -1.32236958e-01 -1.27209768e-01 -1.21572755e-01 -1.15354829e-01 -1.08653806e-01
 -1.01678275e-01 -9.42455679e-02 -8.64302963e-02 -7.82986879e-02 -6.98546395e-02
 -6.11237399e-02 -5.21314926e-02 -4.29082401e-02 -3.34901363e-02 -2.39194222e-02
 -1.42449141e-02 -4.52258531e-03  5.18411305e-03  1.48045234e-02  2.42619533e-02
  3.34759206e-02  4.23654169e-02  5.08528762e-02  5.88682182e-02  6.63523450e-02
  7.32594952e-02  7.95582682e-02  8.52312073e-02  9.02734622e-02  9.46908593e-02
 -3.04206796e-02 -3.32440808e-02 -3.90158035e-02 -4.48650606e-02 -5.05207926e-02
 -5.62307574e-02 -6.20128177e-02 -6.78545311e-02 -7.37426355e-02 -7.96673819e-02
 -8.56219828e-02 -9.16013122e-02 -9.76007059e-02 -1.03615075e-01 -1.09638795e-01
 -1.15595520e-01 -1.21485256e-01 -1.27272338e-01 -1.32898688e-01 -1.38294265e-01
 -1.43385321e-01 -1.48100317e-01 -1.52373791e-01 -1.56148523e-01 -1.59376293e-01
 -1.62017778e-01 -1.64041772e-01 -1.65424064e-01 -1.66146249e-01 -1.66194469e-01
 -1.65558219e-01 -1.64229363e-01 -1.62201256e-01 -1.59468159e-01 -1.56025365e-01
 -1.51870131e-01 -1.47002846e-01 -1.41428545e-01 -1.35160372e-01 -1.28231153e-01
 -1.20698482e-01 -1.12631887e-01 -1.04213431e-01 -9.57397074e-02 -8.68995413e-02
 -7.78007731e-02 -6.84533492e-02 -5.88867702e-02 -4.91386093e-02 -3.92498486e-02
 -2.92644743e-02 -1.92298777e-02 -9.19714384e-03  7.79041089e-04  1.06409080e-02
  2.03285031e-02  2.97808647e-02  3.89372781e-02  4.77384031e-02  5.61270900e-02
  6.40488267e-02  7.14520141e-02  7.82883987e-02  8.45141262e-02  9.00918171e-02
 -2.94787735e-02 -3.28851715e-02 -3.75780426e-02 -4.31938991e-02 -4.92710620e-02
 -5.55718355e-02 -6.20005652e-02 -6.85186461e-02 -7.51097798e-02 -8.17671195e-02
 -8.84882361e-02 -9.52727199e-02 -1.02120295e-01 -1.09027877e-01 -1.15914807e-01
 -1.22796170e-01 -1.29637942e-01 -1.36375129e-01 -1.42926097e-01 -1.49203673e-01
 -1.55123115e-01 -1.60607293e-01 -1.65589556e-01 -1.70014709e-01 -1.73838779e-01
 -1.77027956e-01 -1.79557040e-01 -1.81407824e-01 -1.82567373e-01 -1.83026582e-01
 -1.82778925e-01 -1.81819335e-01 -1.80143476e-01 -1.77747175e-01 -1.74625978e-01
 -1.70775086e-01 -1.66189417e-01 -1.60864189e-01 -1.54796600e-01 -1.47989571e-01
 -1.40457198e-01 -1.32233948e-01 -1.23395488e-01 -1.14070781e-01 -1.04443774e-01
 -9.49363410e-02 -8.51246342e-02 -7.50786960e-02 -6.48540556e-02 -5.44918776e-02
 -4.40298319e-02 -3.35057080e-02 -2.29585692e-02 -1.24290362e-02 -1.95932342e-03
  8.40674341e-03  1.86235234e-02  2.86430158e-02  3.84138115e-02  4.78794686e-02
  5.69764823e-02  6.56323731e-02  7.37649947e-02  8.12845230e-02  8.80993828e-02
 -2.49256324e-02 -2.80293599e-02 -3.38798575e-02 -4.09017690e-02 -4.80141900e-02
 -5.51392138e-02 -6.23068623e-02 -6.95366114e-02 -7.68403560e-02 -8.42273384e-02
 -9.17064846e-02 -9.92880315e-02 -1.06986329e-01 -1.14691406e-01 -1.22445002e-01
 -1.30223557e-01 -1.37960717e-01 -1.45565987e-01 -1.52939469e-01 -1.59982666e-01
 -1.66605592e-01 -1.72730759e-01 -1.78294688e-01 -1.83247820e-01 -1.87553212e-01
 -1.91184640e-01 -1.94124430e-01 -1.96361244e-01 -1.97888106e-01 -1.98700696e-01
 -1.98796049e-01 -1.98171660e-01 -1.96824878e-01 -1.94752738e-01 -1.91951662e-01
 -1.88417450e-01 -1.84145018e-01 -1.79128289e-01 -1.73360199e-01 -1.66833594e-01
 -1.59543589e-01 -1.51492685e-01 -1.42700598e-01 -1.33218914e-01 -1.23154163e-01
 -1.12705879e-01 -1.02175564e-01 -9.14502293e-02 -8.06020722e-02 -6.96335584e-02
 -5.85629568e-02 -4.74143997e-02 -3.62139530e-02 -2.49881931e-02 -1.37638841e-02
 -2.56826635e-03  8.57002661e-03  1.96192544e-02  3.05417255e-02  4.12894189e-02
  5.17977551e-02  6.19777292e-02  7.17080832e-02  8.08320194e-02  8.91659632e-02
 -2.17315499e-02 -2.46418975e-02 -3.14772762e-02 -3.95193510e-02 -4.74018827e-02
 -5.52236103e-02 -6.30613044e-02 -7.09552169e-02 -7.89312199e-02 -8.70085210e-02
 -9.52023789e-02 -1.03524275e-01 -1.11978576e-01 -1.20492637e-01 -1.29081890e-01
 -1.37693658e-01 -1.46236092e-01 -1.54599652e-01 -1.62672490e-01 -1.70350581e-01
 -1.77543655e-01 -1.84177950e-01 -1.90196440e-01 -1.95557728e-01 -2.00233936e-01
 -2.04208046e-01 -2.07471147e-01 -2.10019663e-01 -2.11852953e-01 -2.12971315e-01
 -2.13374555e-01 -2.13061243e-01 -2.12028489e-01 -2.10272118e-01 -2.07787186e-01
 -2.04568446e-01 -2.00610548e-01 -1.95908025e-01 -1.90454736e-01 -1.84243158e-01
 -1.77264035e-01 -1.69507191e-01 -1.60964653e-01 -1.51637912e-01 -1.41551018e-01
 -1.30771160e-01 -1.19433701e-01 -1.07772246e-01 -9.62925181e-02 -8.46539214e-02
 -7.28912279e-02 -6.10288680e-02 -4.90850993e-02 -3.70738134e-02 -2.50054933e-02
 -1.28879184e-02 -7.27181148e-04  1.14706093e-02  2.36962065e-02  3.59316170e-02
  4.81400862e-02  6.02484830e-02  7.21180514e-02  8.35042745e-02  9.40301046e-02
 -2.19728202e-02 -2.54596900e-02 -3.17120068e-02 -3.94913442e-02 -4.76725884e-02
 -5.59673607e-02 -6.43393546e-02 -7.28015751e-02 -8.13754648e-02 -9.00828093e-02
 -9.89452302e-02 -1.07986934e-01 -1.17106132e-01 -1.26352698e-01 -1.35692105e-01
 -1.45036161e-01 -1.54268533e-01 -1.63264468e-01 -1.71904624e-01 -1.80083558e-01
 -1.87714159e-01 -1.94728971e-01 -2.01079547e-01 -2.06734464e-01 -2.11676523e-01
 -2.15899497e-01 -2.19404608e-01 -2.22197175e-01 -2.24283606e-01 -2.25668922e-01
 -2.26355195e-01 -2.26340786e-01 -2.25620449e-01 -2.24186048e-01 -2.22027838e-01
 -2.19135731e-01 -2.15500638e-01 -2.11115032e-01 -2.05973029e-01 -2.00069323e-01
 -1.93397462e-01 -1.85947955e-01 -1.77707210e-01 -1.68658808e-01 -1.58789292e-01
 -1.48101494e-01 -1.36638984e-01 -1.24526627e-01 -1.12031117e-01 -9.95990410e-02
 -8.70588273e-02 -7.44200274e-02 -6.16864674e-02 -4.88560647e-02 -3.59205380e-02
 -2.28650514e-02 -9.66775417e-03  3.70055391e-03  1.72764547e-02  3.11029702e-02
  4.52263020e-02  5.96863404e-02  7.44864941e-02  8.94793943e-02  1.03935137e-01
 -1.96317732e-02 -2.25744992e-02 -3.06772012e-02 -3.97900827e-02 -4.85430658e-02
 -5.72771952e-02 -6.60928190e-02 -7.50301108e-02 -8.41154084e-02 -9.33703482e-02
 -1.02812171e-01 -1.12449415e-01 -1.22214541e-01 -1.32128119e-01 -1.42124310e-01
 -1.52089268e-01 -1.61888942e-01 -1.71388656e-01 -1.80465639e-01 -1.89016044e-01
 -1.96958020e-01 -2.04232112e-01 -2.10799888e-01 -2.16641352e-01 -2.21751556e-01
 -2.26136610e-01 -2.29809418e-01 -2.32785314e-01 -2.35078439e-01 -2.36698657e-01
 -2.37649664e-01 -2.37928510e-01 -2.37526119e-01 -2.36428529e-01 -2.34618649e-01
 -2.32078269e-01 -2.28790209e-01 -2.24740416e-01 -2.19919145e-01 -2.14320704e-01
 -2.07941964e-01 -2.00779378e-01 -1.92825392e-01 -1.84065402e-01 -1.74477458e-01
 -1.64037302e-01 -1.52732432e-01 -1.40589654e-01 -1.27719492e-01 -1.14376016e-01
 -1.01025902e-01 -8.75987336e-02 -7.40842819e-02 -6.04652464e-02 -4.67157699e-02
 -3.27998176e-02 -1.86689533e-02 -4.25907923e-03  1.05143311e-02  2.57634185e-02
  4.16394696e-02  5.83542921e-02  7.62322024e-02  9.59192887e-02  1.20340802e-01
 -2.27402486e-02 -2.66949423e-02 -3.32389399e-02 -4.13931683e-02 -5.01292236e-02
 -5.90980314e-02 -6.82377145e-02 -7.75549710e-02 -8.70703384e-02 -9.68079492e-02
 -1.06796317e-01 -1.16910435e-01 -1.27225086e-01 -1.37705803e-01 -1.48249671e-01
 -1.58718452e-01 -1.68963715e-01 -1.78844124e-01 -1.88236013e-01 -1.97038934e-01
 -2.05177605e-01 -2.12601691e-01 -2.19284013e-01 -2.25217462e-01 -2.30411008e-01
 -2.34884948e-01 -2.38665447e-01 -2.41778433e-01 -2.44244725e-01 -2.46077433e-01
 -2.47280613e-01 -2.47848988e-01 -2.47768745e-01 -2.47019127e-01 -2.45574623e-01
 -2.43407786e-01 -2.40491986e-01 -2.36804008e-01 -2.32325926e-01 -2.27046177e-01
 -2.20960528e-01 -2.14069858e-01 -2.06375524e-01 -1.97873771e-01 -1.88550532e-01
 -1.78379506e-01 -1.67326659e-01 -1.55365407e-01 -1.42507643e-01 -1.28856033e-01
 -1.14679635e-01 -1.00502327e-01 -8.62693340e-02 -7.19527304e-02 -5.75143620e-02
 -4.29041386e-02 -2.80574691e-02 -1.28906537e-02  2.70628883e-03  1.88800376e-02
  3.58288698e-02  5.38229346e-02  7.32289106e-02  9.45474654e-02  1.18611045e-01
 -2.03318335e-02 -2.34307759e-02 -3.30083966e-02 -4.28350903e-02 -5.20235896e-02
 -6.12390451e-02 -7.06287250e-02 -8.02398250e-02 -9.00959373e-02 -1.00215115e-01
 -1.10614963e-01 -1.21196009e-01 -1.32000104e-01 -1.42961025e-01 -1.53950870e-01
 -1.64814502e-01 -1.75394043e-01 -1.85544699e-01 -1.95143968e-01 -2.04096004e-01
 -2.12333128e-01 -2.19815224e-01 -2.26527676e-01 -2.32477963e-01 -2.37691119e-01
 -2.42202848e-01 -2.46050954e-01 -2.49269202e-01 -2.51883507e-01 -2.53909588e-01
 -2.55351752e-01 -2.56202698e-01 -2.56444097e-01 -2.56048203e-01 -2.54980385e-01
 -2.53202289e-01 -2.50675797e-01 -2.47366711e-01 -2.43248060e-01 -2.38301814e-01
 -2.32519135e-01 -2.25899339e-01 -2.18448862e-01 -2.10175574e-01 -2.01080278e-01
 -1.91149399e-01 -1.80351555e-01 -1.68642521e-01 -1.55983448e-01 -1.42378896e-01
 -1.27941638e-01 -1.12986222e-01 -9.81356055e-02 -8.32563564e-02 -6.83032647e-02
 -5.32201715e-02 -3.79412994e-02 -2.23865751e-02 -6.45465776e-03  9.98625811e-03
  2.71112006e-02  4.51566577e-02  6.44428581e-02  8.53416398e-02  1.07511088e-01
 -2.65846811e-02 -3.11341323e-02 -3.76586169e-02 -4.56335247e-02 -5.43843172e-02
 -6.35787100e-02 -7.31079727e-02 -8.29432756e-02 -9.30805430e-02 -1.03521794e-01
 -1.14264511e-01 -1.25240311e-01 -1.36451289e-01 -1.47800878e-01 -1.59139812e-01
 -1.70299783e-01 -1.81116387e-01 -1.91443339e-01 -2.01160520e-01 -2.10177615e-01
 -2.18435436e-01 -2.25905105e-01 -2.32586026e-01 -2.38502026e-01 -2.43694365e-01
 -2.48210728e-01 -2.52097547e-01 -2.55394876e-01 -2.58132994e-01 -2.60330349e-01
 -2.61992246e-01 -2.63110369e-01 -2.63663054e-01 -2.63616681e-01 -2.62927830e-01
 -2.61546880e-01 -2.59422481e-01 -2.56506711e-01 -2.52760142e-01 -2.48155609e-01
 -2.42679641e-01 -2.36331314e-01 -2.29118735e-01 -2.21055910e-01 -2.12157875e-01
 -2.02429533e-01 -1.91855967e-01 -1.80398777e-01 -1.68003276e-01 -1.54622495e-01
 -1.40265957e-01 -1.25080615e-01 -1.09464265e-01 -9.41851735e-02 -7.89157674e-02
 -6.35883659e-02 -4.81515080e-02 -3.25517990e-02 -1.67266447e-02 -6.00413769e-04
  1.59188136e-02  3.29439007e-02  5.06200939e-02  6.91563189e-02  8.86565298e-02
 -2.64556240e-02 -3.07084173e-02 -3.83479074e-02 -4.72296849e-02 -5.63250147e-02
 -6.57173470e-02 -7.54402056e-02 -8.55022967e-02 -9.59122851e-02 -1.06686242e-01
 -1.17675640e-01 -1.28961623e-01 -1.40495479e-01 -1.52148217e-01 -1.63750648e-01
 -1.75123379e-01 -1.86097205e-01 -1.96525574e-01 -2.06291556e-01 -2.15311095e-01
 -2.23534122e-01 -2.30943993e-01 -2.37555102e-01 -2.43407533e-01 -2.48554721e-01
 -2.53053278e-01 -2.56956309e-01 -2.60309041e-01 -2.63145894e-01 -2.65488207e-01
 -2.67343104e-01 -2.68702537e-01 -2.69543290e-01 -2.69827634e-01 -2.69505203e-01
 -2.68516064e-01 -2.66795605e-01 -2.64280558e-01 -2.60915875e-01 -2.56661117e-01
 -2.51494408e-01 -2.45412916e-01 -2.38429099e-01 -2.30564162e-01 -2.21842125e-01
 -2.12284923e-01 -2.01899260e-01 -1.90665662e-01 -1.78536430e-01 -1.65448144e-01
 -1.51355177e-01 -1.36292994e-01 -1.20477684e-01 -1.04432687e-01 -8.90916288e-02
 -7.37041607e-02 -5.82979582e-02 -4.28717285e-02 -2.74147522e-02 -1.19177084e-02
  3.61648831e-03  1.91549808e-02  3.45993787e-02  4.97120321e-02  6.40047342e-02
 -2.82309316e-02 -3.28885317e-02 -4.01438028e-02 -4.88273501e-02 -5.80271855e-02
 -6.75902590e-02 -7.75034130e-02 -8.77718329e-02 -9.84049812e-02 -1.09414786e-01
 -1.20673977e-01 -1.32241160e-01 -1.44044399e-01 -1.55936375e-01 -1.67735711e-01
 -1.79256380e-01 -1.90326899e-01 -2.00801849e-01 -2.10568279e-01 -2.19548866e-01
 -2.27703214e-01 -2.35027164e-01 -2.41550192e-01 -2.47324884e-01 -2.52413660e-01
 -2.56879777e-01 -2.60781616e-01 -2.64168799e-01 -2.67079264e-01 -2.69537538e-01
 -2.71553010e-01 -2.73119032e-01 -2.74212390e-01 -2.74793357e-01 -2.74806887e-01
 -2.74185091e-01 -2.72851706e-01 -2.70728499e-01 -2.67743528e-01 -2.63839841e-01
 -2.58982748e-01 -2.53163308e-01 -2.46396109e-01 -2.38711759e-01 -2.30146527e-01
 -2.20734701e-01 -2.10502937e-01 -1.99455336e-01 -1.87563792e-01 -1.74771398e-01
 -1.61015078e-01 -1.46276176e-01 -1.30668849e-01 -1.14573009e-01 -9.87945721e-02
 -8.32562372e-02 -6.78942055e-02 -5.26904017e-02 -3.76496688e-02 -2.27955040e-02
 -8.17479286e-03  6.13176404e-03  1.99952852e-02  3.32258195e-02  4.55749184e-02
 -2.88305450e-02 -3.35258730e-02 -4.10874486e-02 -5.00518009e-02 -5.94414137e-02
 -6.91749305e-02 -7.92605802e-02 -8.97093713e-02 -1.00532323e-01 -1.11741088e-01
 -1.23231553e-01 -1.35032952e-01 -1.47052467e-01 -1.59128666e-01 -1.71071634e-01
 -1.82691246e-01 -1.93815276e-01 -2.04300284e-01 -2.14037672e-01 -2.22957045e-01
 -2.31027469e-01 -2.38256976e-01 -2.44687706e-01 -2.50381380e-01 -2.55406916e-01
 -2.59832621e-01 -2.63720930e-01 -2.67124981e-01 -2.70085871e-01 -2.72630900e-01
 -2.74771988e-01 -2.76504427e-01 -2.77806103e-01 -2.78636962e-01 -2.78939605e-01
 -2.78640747e-01 -2.77655244e-01 -2.75892079e-01 -2.73263305e-01 -2.69694597e-01
 -2.65135676e-01 -2.59567350e-01 -2.53002256e-01 -2.45478198e-01 -2.37045288e-01
 -2.27752671e-01 -2.17641667e-01 -2.06737682e-01 -1.95034727e-01 -1.82490572e-01
 -1.69039488e-01 -1.54628813e-01 -1.39287397e-01 -1.23232387e-01 -1.07002564e-01
 -9.15580541e-02 -7.63223246e-02 -6.13436587e-02 -4.66593504e-02 -3.23112085e-02
 -1.83545500e-02 -4.86417254e-03  8.06235801e-03  2.03056745e-02  3.17322612e-02
 -2.93632243e-02 -3.41006853e-02 -4.18959185e-02 -5.10655902e-02 -6.05989993e-02
 -7.04689100e-02 -8.06970149e-02 -9.12966877e-02 -1.02278002e-01 -1.13650776e-01
 -1.25326455e-01 -1.37311354e-01 -1.49496242e-01 -1.61708832e-01 -1.73752919e-01
 -1.85435623e-01 -1.96584687e-01 -2.07058787e-01 -2.16753587e-01 -2.25605115e-01
 -2.33591110e-01 -2.40730464e-01 -2.47074708e-01 -2.52692074e-01 -2.57656276e-01
 -2.62039244e-01 -2.65906543e-01 -2.69313961e-01 -2.72305101e-01 -2.74909586e-01
 -2.77141601e-01 -2.78998464e-01 -2.80459583e-01 -2.81485647e-01 -2.82018363e-01
 -2.81981558e-01 -2.81283945e-01 -2.79824823e-01 -2.77502984e-01 -2.74228364e-01
 -2.69934893e-01 -2.64591098e-01 -2.58204311e-01 -2.50815749e-01 -2.42487058e-01
 -2.33283252e-01 -2.23259330e-01 -2.12456420e-01 -2.00888172e-01 -1.88529462e-01
 -1.75321862e-01 -1.61201760e-01 -1.46158785e-01 -1.30333588e-01 -1.14156894e-01
 -9.85009670e-02 -8.32400918e-02 -6.83764145e-02 -5.39243221e-02 -3.99117470e-02
 -2.63802577e-02 -1.33845247e-02 -9.90709523e-04  1.07268961e-02  2.16914564e-02
 -3.04907449e-02 -3.54975238e-02 -4.29973304e-02 -5.19562140e-02 -6.15029596e-02
 -7.14559630e-02 -8.17944333e-02 -9.25205722e-02 -1.03635944e-01 -1.15131721e-01
 -1.26942009e-01 -1.39059395e-01 -1.51362717e-01 -1.63671240e-01 -1.75783709e-01
 -1.87505037e-01 -1.98662922e-01 -2.09117875e-01 -2.18769163e-01 -2.27558240e-01
 -2.35470116e-01 -2.42532268e-01 -2.48802766e-01 -2.54354388e-01 -2.59264171e-01
 -2.63606727e-01 -2.67449707e-01 -2.70850778e-01 -2.73855418e-01 -2.76494950e-01
 -2.78785199e-01 -2.80725211e-01 -2.82295763e-01 -2.83458501e-01 -2.84155190e-01
 -2.84308136e-01 -2.83822417e-01 -2.82590777e-01 -2.80502260e-01 -2.77454525e-01
 -2.73368239e-01 -2.68200517e-01 -2.61952072e-01 -2.54664630e-01 -2.46407792e-01
 -2.37259328e-01 -2.27287263e-01 -2.16543272e-01 -2.05055103e-01 -1.92811340e-01
 -1.79761529e-01 -1.65838301e-01 -1.51008323e-01 -1.35361537e-01 -1.19244330e-01
 -1.03419185e-01 -8.81504864e-02 -7.33754560e-02 -5.90813458e-02 -4.52817492e-02
 -3.20060365e-02 -1.92939378e-02 -7.19180424e-03  4.25092224e-03  1.49856526e-02
 -2.97465455e-02 -3.44308205e-02 -4.27909307e-02 -5.23303561e-02 -6.20328896e-02
 -7.20736980e-02 -8.25118870e-02 -9.33674574e-02 -1.04657501e-01 -1.16180681e-01
 -1.28060549e-01 -1.40259981e-01 -1.52641162e-01 -1.65013835e-01 -1.77171603e-01
 -1.88917086e-01 -2.00077668e-01 -2.10515112e-01 -2.20131367e-01 -2.28871942e-01
 -2.36727253e-01 -2.43730739e-01 -2.49944746e-01 -2.55445033e-01 -2.60310829e-01
 -2.64618427e-01 -2.68436819e-01 -2.71824926e-01 -2.74829179e-01 -2.77482003e-01
 -2.79800206e-01 -2.81783760e-01 -2.83414423e-01 -2.84654379e-01 -2.85445571e-01
 -2.85709590e-01 -2.85349369e-01 -2.84253836e-01 -2.82306045e-01 -2.79395819e-01
 -2.75435030e-01 -2.70372778e-01 -2.64204621e-01 -2.56971806e-01 -2.48748302e-01
 -2.39619985e-01 -2.29663968e-01 -2.18938410e-01 -2.07478717e-01 -1.95281014e-01
 -1.82298541e-01 -1.68459415e-01 -1.53711379e-01 -1.38101846e-01 -1.21898688e-01
 -1.05735689e-01 -9.07107294e-02 -7.60961026e-02 -6.19373508e-02 -4.82717119e-02
 -3.51357833e-02 -2.25676466e-02 -1.06065683e-02  7.08531763e-04  1.13413213e-02
 -3.16263586e-02 -3.69336382e-02 -4.41033319e-02 -5.27143739e-02 -6.21938780e-02
 -7.22398981e-02 -8.27483758e-02 -9.36920866e-02 -1.05069786e-01 -1.16666712e-01
 -1.28615946e-01 -1.40879825e-01 -1.53317392e-01 -1.65735364e-01 -1.77925363e-01
 -1.89689010e-01 -2.00853735e-01 -2.11282179e-01 -2.20878005e-01 -2.29589254e-01
 -2.37409651e-01 -2.44376078e-01 -2.50553280e-01 -2.56018728e-01 -2.60852784e-01
 -2.65132636e-01 -2.68927962e-01 -2.72298127e-01 -2.75289923e-01 -2.77936041e-01
 -2.80253530e-01 -2.82242537e-01 -2.83884823e-01 -2.85142660e-01 -2.85957634e-01
 -2.86250770e-01 -2.85923988e-01 -2.84864455e-01 -2.82952905e-01 -2.80076087e-01
 -2.76142716e-01 -2.71099031e-01 -2.64939070e-01 -2.57703990e-01 -2.49469623e-01
 -2.40324840e-01 -2.30349913e-01 -2.19605297e-01 -2.08128467e-01 -1.95917383e-01
 -1.82925910e-01 -1.69080496e-01 -1.54324159e-01 -1.38696581e-01 -1.22458078e-01
 -1.06248260e-01 -9.12225246e-02 -7.66307190e-02 -6.24997690e-02 -4.88631316e-02
 -3.57569903e-02 -2.32188571e-02 -1.12864869e-02  3.62467199e-06  1.06180944e-02
 -2.76998710e-02 -3.20304632e-02 -4.13266346e-02 -5.15288748e-02 -6.15607649e-02
 -7.18405172e-02 -8.24788585e-02 -9.35127288e-02 -1.04961775e-01 -1.16616853e-01
 -1.28616184e-01 -1.40923589e-01 -1.53398216e-01 -1.65846437e-01 -1.78059578e-01
 -1.89839199e-01 -2.01012939e-01 -2.11443901e-01 -2.21036434e-01 -2.29739532e-01
 -2.37548009e-01 -2.44499788e-01 -2.50660419e-01 -2.56107777e-01 -2.60922611e-01
 -2.65182197e-01 -2.68956214e-01 -2.72303730e-01 -2.75271297e-01 -2.77891070e-01
 -2.80179530e-01 -2.82136112e-01 -2.83741742e-01 -2.84957826e-01 -2.85725206e-01
 -2.85964191e-01 -2.85576433e-01 -2.84449339e-01 -2.82464713e-01 -2.79511362e-01
 -2.75500774e-01 -2.70382285e-01 -2.64152467e-01 -2.56853908e-01 -2.48561844e-01
 -2.39362955e-01 -2.29334489e-01 -2.18534485e-01 -2.06997439e-01 -1.94717765e-01
 -1.81646764e-01 -1.67711332e-01 -1.52860314e-01 -1.37146756e-01 -1.20851479e-01
 -1.04629517e-01 -8.96022245e-02 -7.49620125e-02 -6.07646555e-02 -4.70535085e-02
 -3.38691883e-02 -2.12526768e-02 -9.24551580e-03  2.11148732e-03  1.27803944e-02
 -2.89998390e-02 -3.40349488e-02 -4.16539051e-02 -5.08869551e-02 -6.07972890e-02
 -7.11185932e-02 -8.18128288e-02 -9.28902030e-02 -1.04373522e-01 -1.16061911e-01
 -1.28087491e-01 -1.40415028e-01 -1.52905852e-01 -1.65368155e-01 -1.77594453e-01
 -1.89386994e-01 -2.00573713e-01 -2.11017728e-01 -2.20623091e-01 -2.29338065e-01
 -2.37156361e-01 -2.44114622e-01 -2.50277549e-01 -2.55722374e-01 -2.60529250e-01
 -2.64774770e-01 -2.68527925e-01 -2.71846920e-01 -2.74777204e-01 -2.77349770e-01
 -2.79579639e-01 -2.81464666e-01 -2.82984197e-01 -2.84097970e-01 -2.84745544e-01
 -2.84846783e-01 -2.84303904e-01 -2.83006907e-01 -2.80842245e-01 -2.77705729e-01
 -2.73517430e-01 -2.68235117e-01 -2.61861533e-01 -2.54441082e-01 -2.46045768e-01
 -2.36754820e-01 -2.26636752e-01 -2.15743095e-01 -2.04099968e-01 -1.91692978e-01
 -1.78468734e-01 -1.64359048e-01 -1.49335131e-01 -1.33501679e-01 -1.17236353e-01
 -1.01356246e-01 -8.60154778e-02 -7.11523294e-02 -5.67589216e-02 -4.28538695e-02
 -2.94710286e-02 -1.66541208e-02 -4.45316313e-03  7.07897777e-03  1.78905632e-02
 -2.66654454e-02 -3.11686359e-02 -3.97285372e-02 -4.96695377e-02 -5.97591735e-02
 -7.01230690e-02 -8.08174759e-02 -9.18629691e-02 -1.03266977e-01 -1.15023196e-01
 -1.27067506e-01 -1.39392972e-01 -1.51875377e-01 -1.64330453e-01 -1.76554576e-01
 -1.88351765e-01 -1.99550465e-01 -2.10013360e-01 -2.19643176e-01 -2.28385925e-01
 -2.36232102e-01 -2.43214667e-01 -2.49395743e-01 -2.54850686e-01 -2.59658068e-01
 -2.63893098e-01 -2.67623186e-01 -2.70905048e-01 -2.73782313e-01 -2.76284039e-01
 -2.78423041e-01 -2.80194879e-01 -2.81576544e-01 -2.82525837e-01 -2.82981038e-01
 -2.82862008e-01 -2.82073349e-01 -2.80510187e-01 -2.78067738e-01 -2.74653554e-01
 -2.70200968e-01 -2.64679998e-01 -2.58100957e-01 -2.50508845e-01 -2.41968721e-01
 -2.32547581e-01 -2.22301379e-01 -2.11271197e-01 -1.99468598e-01 -1.86865196e-01
 -1.73400626e-01 -1.59013912e-01 -1.43706411e-01 -1.27643585e-01 -1.11291222e-01
 -9.55396295e-02 -8.01324993e-02 -6.51005432e-02 -5.04703708e-02 -3.62763815e-02
 -2.25648582e-02 -9.39494092e-03  3.16247018e-03  1.50280278e-02  2.61197463e-02
 -2.68396568e-02 -3.16361859e-02 -3.93645130e-02 -4.87188846e-02 -5.86457103e-02
 -6.89454004e-02 -7.95938969e-02 -9.05925184e-02 -1.01947039e-01 -1.13665164e-01
 -1.25657335e-01 -1.37926698e-01 -1.50357410e-01 -1.62770987e-01 -1.74967170e-01
 -1.86751515e-01 -1.97952613e-01 -2.08432123e-01 -2.18090460e-01 -2.26870000e-01
 -2.34756038e-01 -2.41775453e-01 -2.47985795e-01 -2.53459156e-01 -2.58271396e-01
 -2.62495369e-01 -2.66196281e-01 -2.69428402e-01 -2.72232950e-01 -2.74636269e-01
 -2.76648432e-01 -2.78262138e-01 -2.79451847e-01 -2.80173391e-01 -2.80364484e-01
 -2.79946566e-01 -2.78828889e-01 -2.76915222e-01 -2.74113357e-01 -2.70346493e-01
 -2.65564293e-01 -2.59749860e-01 -2.52919942e-01 -2.45116860e-01 -2.36394539e-01
 -2.26804629e-01 -2.16390014e-01 -2.05175728e-01 -1.93153575e-01 -1.80279493e-01
 -1.66490197e-01 -1.51746541e-01 -1.36112556e-01 -1.19878538e-01 -1.03718728e-01
 -8.78730789e-02 -7.23143518e-02 -5.70435897e-02 -4.20794263e-02 -2.74572931e-02
 -1.32320449e-02  5.18497545e-04  1.36912009e-02  2.61591636e-02  3.77801135e-02
 -2.54123695e-02 -2.99711507e-02 -3.78990248e-02 -4.73985523e-02 -5.73126376e-02
 -6.75621480e-02 -7.81525299e-02 -8.90875384e-02 -1.00371324e-01 -1.12010486e-01
 -1.23900168e-01 -1.36062220e-01 -1.48393452e-01 -1.60723403e-01 -1.72856405e-01
 -1.84600174e-01 -1.95783541e-01 -2.06266820e-01 -2.15947539e-01 -2.24763304e-01
 -2.32692778e-01 -2.39754319e-01 -2.45998621e-01 -2.51492769e-01 -2.56308734e-01
 -2.60515928e-01 -2.64176339e-01 -2.67341226e-01 -2.70048589e-01 -2.72321582e-01
 -2.74167061e-01 -2.75574833e-01 -2.76517063e-01 -2.76948482e-01 -2.76807785e-01
 -2.76020348e-01 -2.74503231e-01 -2.72172242e-01 -2.68951058e-01 -2.64780760e-01
 -2.59627372e-01 -2.53485233e-01 -2.46373743e-01 -2.38328263e-01 -2.29388893e-01
 -2.19592765e-01 -2.08967805e-01 -1.97517097e-01 -1.85210481e-01 -1.71990976e-01
 -1.57802299e-01 -1.42645344e-01 -1.26671165e-01 -1.10307194e-01 -9.43770856e-02
 -7.85564035e-02 -6.28647134e-02 -4.73123528e-02 -3.19134481e-02 -1.66950841e-02
 -1.70715828e-03  1.29647749e-02  2.71836426e-02  4.07469496e-02  5.33895083e-02
 -2.42727995e-02 -2.87026335e-02 -3.65401506e-02 -4.59506437e-02 -5.57865016e-02
 -6.59745485e-02 -7.65050203e-02 -8.73689428e-02 -9.85642672e-02 -1.10095590e-01
 -1.21839449e-01 -1.33843929e-01 -1.46023810e-01 -1.58220381e-01 -1.70244992e-01
 -1.81908876e-01 -1.93041876e-01 -2.03503221e-01 -2.13187322e-01 -2.22026512e-01
 -2.29991749e-01 -2.37091273e-01 -2.43366033e-01 -2.48876065e-01 -2.53687859e-01
 -2.57866234e-01 -2.61469096e-01 -2.64543802e-01 -2.67124653e-01 -2.69231260e-01
 -2.70867378e-01 -2.72020251e-01 -2.72660702e-01 -2.72744119e-01 -2.72212446e-01
 -2.70997971e-01 -2.69028723e-01 -2.66235381e-01 -2.62559086e-01 -2.57958263e-01
 -2.52412885e-01 -2.45923966e-01 -2.38508821e-01 -2.30193079e-01 -2.21004307e-01
 -2.10966870e-01 -2.00087711e-01 -1.88346013e-01 -1.75694093e-01 -1.62075356e-01
 -1.47467420e-01 -1.31959245e-01 -1.15868203e-01 -9.98834819e-02 -8.39946494e-02
 -6.81449771e-02 -5.23009002e-02 -3.64367254e-02 -2.05311812e-02 -4.57003014e-03
  1.14456741e-02  2.74819490e-02  4.34343256e-02  5.90492189e-02  7.38049746e-02
 -2.36520767e-02 -2.82131620e-02 -3.53258587e-02 -4.42291535e-02 -5.39862104e-02
 -6.41821623e-02 -7.46950433e-02 -8.54968280e-02 -9.65886042e-02 -1.07982129e-01
 -1.19534463e-01 -1.31326571e-01 -1.43295988e-01 -1.55299529e-01 -1.67158425e-01
 -1.78689450e-01 -1.89724699e-01 -2.00123057e-01 -2.09776074e-01 -2.18610793e-01
 -2.26590052e-01 -2.33711168e-01 -2.40002602e-01 -2.45514706e-01 -2.50306636e-01
 -2.54437268e-01 -2.57959366e-01 -2.60915726e-01 -2.63336658e-01 -2.65238255e-01
 -2.66621590e-01 -2.67472416e-01 -2.67761916e-01 -2.67448306e-01 -2.66479611e-01
 -2.64797777e-01 -2.62344182e-01 -2.59065509e-01 -2.54919529e-01 -2.49879122e-01
 -2.43933275e-01 -2.37084970e-01 -2.29346454e-01 -2.20735297e-01 -2.11269438e-01
 -2.00954720e-01 -1.89774826e-01 -1.77689463e-01 -1.64645672e-01 -1.50609434e-01
 -1.35625362e-01 -1.19910792e-01 -1.03977367e-01 -8.84503797e-02 -7.28149861e-02
 -5.70650771e-02 -4.11695205e-02 -2.50802077e-02 -8.73383414e-03  7.94891547e-03
  2.50656474e-02  4.27367948e-02  6.11176752e-02  8.04318264e-02  1.00790665e-01
 -1.49990469e-02 -1.74189210e-02 -2.96794754e-02 -4.14006002e-02 -5.19323200e-02
 -6.23566173e-02 -7.28921294e-02 -8.36112946e-02 -9.45533812e-02 -1.05753087e-01
 -1.17059775e-01 -1.28577933e-01 -1.40268594e-01 -1.52007490e-01 -1.63629130e-01
 -1.74958482e-01 -1.85831711e-01 -1.96108401e-01 -2.05678001e-01 -2.14462519e-01
 -2.22416922e-01 -2.29527578e-01 -2.35809103e-01 -2.41298944e-01 -2.46046528e-01
 -2.50103116e-01 -2.53515363e-01 -2.56320953e-01 -2.58546054e-01 -2.60203660e-01
 -2.61293113e-01 -2.61800259e-01 -2.61698663e-01 -2.60951668e-01 -2.59515792e-01
 -2.57344574e-01 -2.54393309e-01 -2.50623643e-01 -2.46006921e-01 -2.40525916e-01
 -2.34174222e-01 -2.26954207e-01 -2.18875483e-01 -2.09949121e-01 -2.00177491e-01
 -1.89546093e-01 -1.78021193e-01 -1.65557936e-01 -1.52124763e-01 -1.37751043e-01
 -1.22603863e-01 -1.07091390e-01 -9.19638649e-02 -7.67408982e-02 -6.13818802e-02
 -4.58421558e-02 -3.00636701e-02 -1.39690097e-02  2.54503405e-03  1.96162798e-02
  3.74300629e-02  5.62382862e-02  7.63829574e-02  9.82616469e-02  1.21508934e-01
 -2.02783234e-02 -2.42941901e-02 -3.15016992e-02 -4.07714806e-02 -5.07833175e-02
 -6.10285439e-02 -7.14056566e-02 -8.19186345e-02 -9.25910249e-02 -1.03445046e-01
 -1.14492536e-01 -1.25680000e-01 -1.37014940e-01 -1.48403466e-01 -1.59699827e-01
 -1.70740962e-01 -1.81369349e-01 -1.91446662e-01 -2.00860992e-01 -2.09529907e-01
 -2.17400968e-01 -2.24450156e-01 -2.30678812e-01 -2.36109167e-01 -2.40777850e-01
 -2.44726539e-01 -2.47994512e-01 -2.50613838e-01 -2.52606630e-01 -2.53983527e-01
 -2.54743308e-01 -2.54873574e-01 -2.54352123e-01 -2.53149360e-01 -2.51231432e-01
 -2.48563737e-01 -2.45114297e-01 -2.40856826e-01 -2.35772446e-01 -2.29850233e-01
 -2.23087355e-01 -2.15487912e-01 -2.07056656e-01 -1.97791785e-01 -1.87679023e-01
 -1.76690161e-01 -1.64790332e-01 -1.51958779e-01 -1.38229102e-01 -1.23753995e-01
 -1.08892530e-01 -9.43004787e-02 -7.96355382e-02 -6.48603588e-02 -4.99329604e-02
 -3.48025449e-02 -1.94039755e-02 -3.65142478e-03  1.25698075e-02  2.94145141e-02
  4.70934138e-02  6.58946931e-02  8.62102807e-02  1.08575784e-01  1.33881941e-01
 -1.60094090e-02 -1.82681829e-02 -2.87397336e-02 -3.99394929e-02 -5.02047092e-02
 -6.03115112e-02 -7.04325959e-02 -8.06303918e-02 -9.09433290e-02 -1.01402812e-01
 -1.12037696e-01 -1.22770205e-01 -1.33634895e-01 -1.44562051e-01 -1.55424565e-01
 -1.66072056e-01 -1.76354259e-01 -1.86135665e-01 -1.95303530e-01 -2.03771546e-01
 -2.11480409e-01 -2.18396485e-01 -2.24509001e-01 -2.29825899e-01 -2.34368786e-01
 -2.38167033e-01 -2.41250947e-01 -2.43646294e-01 -2.45371193e-01 -2.46434540e-01
 -2.46835679e-01 -2.46565163e-01 -2.45606199e-01 -2.43936971e-01 -2.41533130e-01
 -2.38370612e-01 -2.34427929e-01 -2.29688063e-01 -2.24140227e-01 -2.17780307e-01
 -2.10608125e-01 -2.02623308e-01 -1.93820253e-01 -1.84184402e-01 -1.73692316e-01
 -1.62318975e-01 -1.50056690e-01 -1.36950701e-01 -1.23155877e-01 -1.09011620e-01
 -9.51104388e-02 -8.11319575e-02 -6.70630783e-02 -5.28828911e-02 -3.85624729e-02
 -2.40632240e-02 -9.33403522e-03  5.69268875e-03  2.11064704e-02  3.70266140e-02
  5.36146015e-02  7.10969642e-02  8.98208916e-02  1.10478044e-01  1.36197925e-01
 -2.17023212e-02 -2.53684688e-02 -3.23298387e-02 -4.12727706e-02 -5.07955775e-02
 -6.04371801e-02 -7.01222792e-02 -7.98657313e-02 -8.96989331e-02 -9.96541157e-02
 -1.09761812e-01 -1.19923539e-01 -1.30200699e-01 -1.40547872e-01 -1.50857672e-01
 -1.60993814e-01 -1.70814604e-01 -1.80188328e-01 -1.89002171e-01 -1.97166458e-01
 -2.04615653e-01 -2.11307392e-01 -2.17219949e-01 -2.22348675e-01 -2.26701647e-01
 -2.30294913e-01 -2.33147666e-01 -2.35278085e-01 -2.36699849e-01 -2.37420261e-01
 -2.37439662e-01 -2.36752018e-01 -2.35346124e-01 -2.33207509e-01 -2.30320334e-01
 -2.26669759e-01 -2.22243890e-01 -2.17034623e-01 -2.11037248e-01 -2.04248846e-01
 -1.96665421e-01 -1.88278928e-01 -1.79075614e-01 -1.69037685e-01 -1.58151165e-01
 -1.46423519e-01 -1.33914620e-01 -1.20784909e-01 -1.07361361e-01 -9.42236483e-02
 -8.09913725e-02 -6.76750466e-02 -5.42772114e-02 -4.07936983e-02 -2.72139832e-02
 -1.35209840e-02  3.09465831e-04  1.43091911e-02  2.85178516e-02  4.29820679e-02
  5.77519797e-02  7.28710964e-02  8.83438811e-02  1.04013167e-01  1.19099304e-01
 -2.16754936e-02 -2.42270250e-02 -3.29034291e-02 -4.28895503e-02 -5.22508360e-02
 -6.14092425e-02 -7.05268830e-02 -7.96760544e-02 -8.89008492e-02 -9.82345492e-02
 -1.07705571e-01 -1.17188424e-01 -1.26766652e-01 -1.36417866e-01 -1.46055043e-01
 -1.55557632e-01 -1.64794385e-01 -1.73638985e-01 -1.81979731e-01 -1.89724460e-01
 -1.96802333e-01 -2.03163192e-01 -2.08775565e-01 -2.13623658e-01 -2.17703730e-01
 -2.21020237e-01 -2.23582029e-01 -2.25398988e-01 -2.26479337e-01 -2.26828009e-01
 -2.26445884e-01 -2.25330025e-01 -2.23474517e-01 -2.20871791e-01 -2.17514023e-01
 -2.13394225e-01 -2.08506867e-01 -2.02847540e-01 -1.96411908e-01 -1.89194113e-01
 -1.81185618e-01 -1.72375441e-01 -1.62753925e-01 -1.52321935e-01 -1.41108379e-01
 -1.29198238e-01 -1.16769694e-01 -1.04130343e-01 -9.17079151e-02 -7.91883618e-02
 -6.65901601e-02 -5.39294109e-02 -4.12196703e-02 -2.84719095e-02 -1.56945977e-02
 -2.89400434e-03  9.92503576e-03  2.27575097e-02  3.55950557e-02  4.84200753e-02
  6.11950569e-02  7.38437474e-02  8.62198547e-02  9.80642140e-02  1.08976834e-01
 -2.88624354e-02 -3.23481373e-02 -3.88284735e-02 -4.68140095e-02 -5.50472327e-02
 -6.33219108e-02 -7.16471300e-02 -8.00457746e-02 -8.85380432e-02 -9.71431136e-02
 -1.05880573e-01 -1.14592291e-01 -1.23375498e-01 -1.32226929e-01 -1.41079515e-01
 -1.49829969e-01 -1.58359796e-01 -1.66550428e-01 -1.74293250e-01 -1.81495339e-01
 -1.88081846e-01 -1.93996131e-01 -1.99198395e-01 -2.03663260e-01 -2.07376897e-01
 -2.10333824e-01 -2.12533966e-01 -2.13979959e-01 -2.14675084e-01 -2.14621738e-01
 -2.13820830e-01 -2.12271631e-01 -2.09972069e-01 -2.06919268e-01 -2.03110039e-01
 -1.98541015e-01 -1.93208471e-01 -1.87107816e-01 -1.80233121e-01 -1.72577351e-01
 -1.64134577e-01 -1.54905513e-01 -1.44908577e-01 -1.34198740e-01 -1.22894540e-01
 -1.11219957e-01 -9.95539650e-02 -8.77367556e-02 -7.58431926e-02 -6.38789535e-02
 -5.18610142e-02 -3.98116298e-02 -2.77555045e-02 -1.57185141e-02 -3.72721697e-03
  8.19103885e-03  2.00073663e-02  3.16896960e-02  4.31998670e-02  5.44890240e-02
  6.54909834e-02  7.61137828e-02  8.62312689e-02  9.56795514e-02  1.04266219e-01
 -3.59502621e-02 -3.98332626e-02 -4.51864488e-02 -5.16130961e-02 -5.85891642e-02
 -6.58503696e-02 -7.32870251e-02 -8.08546394e-02 -8.85380507e-02 -9.63377208e-02
 -1.04266100e-01 -1.12145282e-01 -1.20065354e-01 -1.28035620e-01 -1.36008248e-01
 -1.43899202e-01 -1.51605755e-01 -1.59020379e-01 -1.66040614e-01 -1.72575206e-01
 -1.78547472e-01 -1.83896229e-01 -1.88575104e-01 -1.92550942e-01 -1.95801601e-01
 -1.98313430e-01 -2.00078994e-01 -2.01094836e-01 -2.01359794e-01 -2.00873673e-01
 -1.99636489e-01 -1.97647929e-01 -1.94907174e-01 -1.91412777e-01 -1.87162593e-01
 -1.82153597e-01 -1.76381975e-01 -1.69843584e-01 -1.62535578e-01 -1.54459938e-01
 -1.45630330e-01 -1.36084244e-01 -1.25900343e-01 -1.15228288e-01 -1.04290895e-01
 -9.34273079e-02 -8.23397562e-02 -7.10810572e-02 -5.96995652e-02 -4.82341163e-02
 -3.67219783e-02 -2.52016839e-02 -1.37138441e-02 -2.30117445e-03  8.99174623e-03
  2.01187488e-02  3.10321283e-02  4.16822881e-02  5.20167537e-02  6.19784892e-02
  7.15036616e-02  8.05194676e-02  8.89431983e-02  9.66841057e-02  1.03649557e-01
 -3.98754925e-02 -4.31832410e-02 -4.91105951e-02 -5.55942059e-02 -6.20095208e-02
 -6.85437545e-02 -7.52027109e-02 -8.19685981e-02 -8.88264850e-02 -9.57665220e-02
 -1.02780245e-01 -1.09852821e-01 -1.16886884e-01 -1.23923317e-01 -1.30941659e-01
 -1.37881830e-01 -1.44660890e-01 -1.51186094e-01 -1.57364637e-01 -1.63110346e-01
 -1.68347567e-01 -1.73013002e-01 -1.77056044e-01 -1.80437788e-01 -1.83129638e-01
 -1.85111478e-01 -1.86369732e-01 -1.86895713e-01 -1.86684057e-01 -1.85731515e-01
 -1.84035942e-01 -1.81595698e-01 -1.78409085e-01 -1.74474046e-01 -1.69788256e-01
 -1.64349645e-01 -1.58157751e-01 -1.51216730e-01 -1.43540800e-01 -1.35161579e-01
 -1.26138881e-01 -1.16581969e-01 -1.06644824e-01 -9.66875777e-02 -8.64173472e-02
 -7.59238899e-02 -6.52254373e-02 -5.43540083e-02 -4.33488823e-02 -3.22534889e-02
 -2.11153179e-02 -9.98632610e-03  1.07698713e-03  1.20139960e-02  2.27609184e-02
  3.32522430e-02  4.34224531e-02  5.32077141e-02  6.25473112e-02  7.13844970e-02
  7.96668306e-02  8.73460621e-02  9.43781734e-02  1.00724004e-01  1.06351003e-01
 -4.57572900e-02 -4.95435782e-02 -5.43185063e-02 -5.97817190e-02 -6.55418858e-02
 -7.14263543e-02 -7.73823038e-02 -8.33920687e-02 -8.94482881e-02 -9.55475643e-02
 -1.01688340e-01 -1.07870594e-01 -1.13960885e-01 -1.20008111e-01 -1.26008779e-01
 -1.31922781e-01 -1.37686491e-01 -1.43223599e-01 -1.48453727e-01 -1.53298870e-01
 -1.57687619e-01 -1.61557645e-01 -1.64856717e-01 -1.67542592e-01 -1.69582263e-01
 -1.70950696e-01 -1.71629518e-01 -1.71605512e-01 -1.70869395e-01 -1.69414669e-01
 -1.67236686e-01 -1.64332151e-01 -1.60698742e-01 -1.56335205e-01 -1.51242375e-01
 -1.45425498e-01 -1.38897553e-01 -1.31685108e-01 -1.23843350e-01 -1.15464397e-01
 -1.06665261e-01 -9.77351144e-02 -8.84115696e-02 -7.87790716e-02 -6.88524842e-02
 -5.86618185e-02 -4.82373610e-02 -3.76140438e-02 -2.68330500e-02 -1.59426872e-02
 -4.99927625e-03  5.93213178e-03  1.67775862e-02  2.74549704e-02  3.78759690e-02
  4.79493439e-02  5.75853810e-02  6.67008683e-02  7.52238557e-02  8.30973536e-02
  9.02814418e-02  9.67534557e-02  1.02506630e-01  1.07547559e-01  1.11893252e-01
 -4.91815545e-02 -5.20573482e-02 -5.80641367e-02 -6.39068931e-02 -6.93333149e-02
 -7.46602491e-02 -7.99457803e-02 -8.52099657e-02 -9.04643685e-02 -9.57173333e-02
 -1.00975074e-01 -1.06242016e-01 -1.11362614e-01 -1.16391152e-01 -1.21336773e-01
 -1.26176015e-01 -1.30863041e-01 -1.35338306e-01 -1.39535606e-01 -1.43387809e-01
 -1.46830872e-01 -1.49806678e-01 -1.52264491e-01 -1.54161513e-01 -1.55462772e-01
 -1.56140491e-01 -1.56173185e-01 -1.55544668e-01 -1.54243082e-01 -1.52259961e-01
 -1.49589956e-01 -1.46231011e-01 -1.42184705e-01 -1.37456849e-01 -1.32059380e-01
 -1.26018554e-01 -1.19376637e-01 -1.12178542e-01 -1.04550757e-01 -9.67505425e-02
 -8.84868950e-02 -7.98393711e-02 -7.08201751e-02 -6.14525676e-02 -5.17574996e-02
 -4.17582840e-02 -3.14817131e-02 -2.09600888e-02 -1.02334153e-02  6.48270012e-04
  1.16224317e-02  2.26117000e-02  3.35221887e-02  4.42433096e-02  5.46501875e-02
  6.46094605e-02  7.39886239e-02  8.26675296e-02  9.05497149e-02  9.75710526e-02
  1.03704304e-01  1.08958818e-01  1.13375686e-01  1.17019095e-01  1.19965747e-01
 -5.63400164e-02 -6.00305274e-02 -6.43861443e-02 -6.91181719e-02 -7.38729686e-02
 -7.85259604e-02 -8.30738097e-02 -8.75411257e-02 -9.19523761e-02 -9.63261575e-02
 -1.00675263e-01 -1.05007775e-01 -1.09150536e-01 -1.13155991e-01 -1.17039315e-01
 -1.20788679e-01 -1.24372944e-01 -1.27748027e-01 -1.30862340e-01 -1.33661255e-01
 -1.36090711e-01 -1.38099849e-01 -1.39642715e-01 -1.40679315e-01 -1.41175881e-01
 -1.41104937e-01 -1.40445068e-01 -1.39180422e-01 -1.37300119e-01 -1.34797469e-01
 -1.31670162e-01 -1.27924353e-01 -1.23576418e-01 -1.18651159e-01 -1.13168806e-01
 -1.07203908e-01 -1.00913972e-01 -9.41263884e-02 -8.68980214e-02 -7.92765617e-02
 -7.12519065e-02 -6.28318191e-02 -5.40241748e-02 -4.48383987e-02 -3.52850854e-02
 -2.53769532e-02 -1.51303466e-02 -4.56735631e-03  6.28129626e-03  1.73725076e-02
  2.86460146e-02  4.00186442e-02  5.13780825e-02  6.25776425e-02  7.34350905e-02
  8.37400183e-02  9.32731032e-02  1.01834491e-01  1.09271713e-01  1.15498535e-01
  1.20503031e-01  1.24346264e-01  1.27151415e-01  1.29082158e-01  1.30313411e-01
 -6.20022006e-02 -6.51195571e-02 -7.02750906e-02 -7.51650706e-02 -7.93579072e-02
 -8.32251534e-02 -8.69040489e-02 -9.04673710e-02 -9.39567760e-02 -9.73960459e-02
 -1.00799069e-01 -1.04176231e-01 -1.07351780e-01 -1.10356472e-01 -1.13201939e-01
 -1.15882270e-01 -1.18377306e-01 -1.20656356e-01 -1.22681610e-01 -1.24411449e-01
 -1.25803351e-01 -1.26816243e-01 -1.27412230e-01 -1.27557665e-01 -1.27223805e-01
 -1.26387328e-01 -1.25031635e-01 -1.23147286e-01 -1.20731875e-01 -1.17787331e-01
 -1.14309877e-01 -1.10321410e-01 -1.05876543e-01 -1.01085372e-01 -9.57930163e-02
 -9.00434032e-02 -8.38708952e-02 -7.72734359e-02 -7.02597648e-02 -6.28387406e-02
 -5.50118275e-02 -4.67786491e-02 -3.81374322e-02 -2.90855039e-02 -1.96197350e-02
 -9.73729510e-03  5.63103065e-04  1.12792496e-02  2.24024206e-02  3.39127891e-02
  4.57724929e-02  5.79153486e-02  7.02318624e-02  8.25487599e-02  9.46055502e-02
  1.06043100e-01  1.16438270e-01  1.25399575e-01  1.32655442e-01  1.38075620e-01
  1.41670853e-01  1.43591255e-01  1.44123107e-01  1.43651873e-01  1.42559379e-01
 -7.25054070e-02 -7.64856115e-02 -8.01205039e-02 -8.33500102e-02 -8.62202272e-02
 -8.88820961e-02 -9.14431065e-02 -9.39540416e-02 -9.64334682e-02 -9.88837108e-02
 -1.01297840e-01 -1.03661150e-01 -1.05947107e-01 -1.08010165e-01 -1.09871723e-01
 -1.11534648e-01 -1.12989224e-01 -1.14217222e-01 -1.15193382e-01 -1.15888365e-01
 -1.16271518e-01 -1.16313174e-01 -1.15986437e-01 -1.15268126e-01 -1.14138030e-01
 -1.12578519e-01 -1.10581927e-01 -1.08152919e-01 -1.05314679e-01 -1.02122448e-01
 -9.84722301e-02 -9.43894982e-02 -8.98981169e-02 -8.50168094e-02 -7.97371119e-02
 -7.40622357e-02 -6.79970384e-02 -6.15420341e-02 -5.46959937e-02 -4.74553369e-02
 -3.98131236e-02 -3.17592621e-02 -2.32805666e-02 -1.43607836e-02 -4.98054875e-03
  4.88258665e-03  1.52539257e-02  2.61609703e-02  3.76319587e-02  4.96929474e-02
  6.23622946e-02  7.56406561e-02  8.94928202e-02  1.03813194e-01  1.18351586e-01
  1.32540852e-01  1.45288542e-01  1.55520335e-01  1.62987158e-01  1.67476416e-01
  1.69058517e-01  1.67968303e-01  1.64618477e-01  1.60226807e-01  1.55768320e-01
 -8.57442692e-02 -9.07704234e-02 -9.25908759e-02 -9.31708291e-02 -9.39682201e-02
 -9.50669348e-02 -9.63586718e-02 -9.77629200e-02 -9.92257446e-02 -1.00708008e-01
 -1.02179006e-01 -1.03613593e-01 -1.04991458e-01 -1.06138110e-01 -1.07063726e-01
 -1.07768752e-01 -1.08247817e-01 -1.08496875e-01 -1.08499818e-01 -1.08236283e-01
 -1.07685611e-01 -1.06829576e-01 -1.05655037e-01 -1.04157709e-01 -1.02333412e-01
 -1.00150377e-01 -9.76082459e-02 -9.47107002e-02 -9.14650261e-02 -8.78779739e-02
 -8.39421600e-02 -7.96600878e-02 -7.50373453e-02 -7.00782314e-02 -6.47826195e-02
 -5.91488406e-02 -5.31733595e-02 -4.68498804e-02 -4.01691385e-02 -3.31185833e-02
 -2.56819837e-02 -1.78390816e-02 -9.56516620e-03 -8.30464065e-04  8.40070378e-03
  1.81710701e-02  2.85319071e-02  3.95448580e-02  5.12840860e-02  6.38384968e-02
  7.73135424e-02  9.18317065e-02  1.07530676e-01  1.24560885e-01  1.43112808e-01
  1.63778022e-01  1.87630549e-01  1.94016367e-01  2.05086693e-01  2.06984207e-01
  2.04726219e-01  2.03612238e-01  1.87282160e-01  1.76000759e-01  1.67389736e-01
 -9.69301537e-02 -1.03115343e-01 -1.02851383e-01 -1.01327322e-01 -1.00770496e-01
 -1.00750521e-01 -1.01041377e-01 -1.01517238e-01 -1.02093913e-01 -1.02710024e-01
 -1.03319630e-01 -1.03889219e-01 -1.04398362e-01 -1.04676202e-01 -1.04724623e-01
 -1.04534209e-01 -1.04084551e-01 -1.03437804e-01 -1.02563471e-01 -1.01440325e-01
 -1.00052498e-01 -9.83882248e-02 -9.64395180e-02 -9.42017063e-02 -9.16715935e-02
 -8.88456032e-02 -8.57249796e-02 -8.23141634e-02 -7.86192641e-02 -7.46462494e-02
 -7.03992099e-02 -6.58820048e-02 -6.10975549e-02 -5.60466759e-02 -5.07271029e-02
 -4.51333374e-02 -3.92564423e-02 -3.30838375e-02 -2.65991446e-02 -1.97820235e-02
 -1.26079312e-02 -5.04772319e-03  2.93296296e-03  1.13746962e-02  2.03257259e-02
  2.98441444e-02  4.00009863e-02  5.08846603e-02  6.26072511e-02  7.53134713e-02
  8.91930088e-02  1.04496710e-01  1.21554852e-01  1.40797749e-01  1.62830576e-01
  1.88060671e-01  2.05196470e-01  2.16962859e-01  2.26092890e-01  2.25027487e-01
  2.24379584e-01  2.11578712e-01  1.96360990e-01  1.83573276e-01  1.73331678e-01
 -9.98964161e-02 -1.05264455e-01 -1.06937185e-01 -1.06602550e-01 -1.05949402e-01
 -1.05456971e-01 -1.05159014e-01 -1.04995914e-01 -1.04898289e-01 -1.04804851e-01
 -1.04664333e-01 -1.04432985e-01 -1.04069471e-01 -1.03525333e-01 -1.02773003e-01
 -1.01795197e-01 -1.00581720e-01 -9.91321355e-02 -9.74394903e-02 -9.54960585e-02
 -9.32955518e-02 -9.08340886e-02 -8.81106108e-02 -8.51268545e-02 -8.18870217e-02
 -7.83975422e-02 -7.46672302e-02 -7.07067549e-02 -6.65276349e-02 -6.21410720e-02
 -5.75568341e-02 -5.27824722e-02 -4.78224494e-02 -4.26773019e-02 -3.73430103e-02
 -3.18106934e-02 -2.60665417e-02 -2.00919434e-02 -1.38637116e-02 -7.35431025e-03
 -5.31959930e-04  6.63946616e-03  1.42008886e-02  2.21989267e-02  3.06874048e-02
  3.97296846e-02  4.94021513e-02  5.97993881e-02  7.10420310e-02  8.32890198e-02
  9.67575684e-02  1.11757569e-01  1.28753409e-01  1.48460045e-01  1.71567693e-01
  1.93201363e-01  2.07192138e-01  2.19338566e-01  2.23673895e-01  2.24546269e-01
  2.19075948e-01  2.05831021e-01  1.92642555e-01  1.81520373e-01  1.72235936e-01
 -1.08274177e-01 -1.15429729e-01 -1.13773867e-01 -1.11326627e-01 -1.10142864e-01
 -1.09377012e-01 -1.08784646e-01 -1.08250961e-01 -1.07699484e-01 -1.07073151e-01
 -1.06328234e-01 -1.05430380e-01 -1.04351200e-01 -1.03066370e-01 -1.01557560e-01
 -9.98115763e-02 -9.78195146e-02 -9.55759212e-02 -9.30768400e-02 -9.03199613e-02
 -8.73052403e-02 -8.40354711e-02 -8.05166289e-02 -7.67580941e-02 -7.27725700e-02
 -6.85758740e-02 -6.41864911e-02 -5.96248247e-02 -5.49120270e-02 -5.00685424e-02
 -4.51125093e-02 -4.00581434e-02 -3.49142887e-02 -2.96832249e-02 -2.43599750e-02
 -1.89321358e-02 -1.33802248e-02 -7.67844310e-03 -1.79565873e-03  4.30358201e-03
  1.06581971e-02  1.73100289e-02  2.43037175e-02  3.16870548e-02  3.95118743e-02
  4.78355512e-02  5.67231588e-02  6.62505403e-02  7.65085295e-02  8.76089409e-02
  9.96932685e-02  1.12945981e-01  1.27614751e-01  1.44020885e-01  1.62153706e-01
  1.77874118e-01  1.88698292e-01  1.98109671e-01  2.01310232e-01  2.02472806e-01
  1.97960258e-01  1.89042881e-01  1.80462241e-01  1.72667190e-01  1.65667668e-01
 -1.05353445e-01 -1.11110114e-01 -1.13409318e-01 -1.13604732e-01 -1.13210812e-01
 -1.12728685e-01 -1.12194434e-01 -1.11548699e-01 -1.10735588e-01 -1.09718397e-01
 -1.08475916e-01 -1.06996074e-01 -1.05270930e-01 -1.03293933e-01 -1.01059005e-01
 -9.85605121e-02 -9.57936421e-02 -9.27549601e-02 -8.94428939e-02 -8.58584493e-02
 -8.20059255e-02 -7.78935254e-02 -7.35338554e-02 -6.89441860e-02 -6.41466156e-02
 -5.91679066e-02 -5.40390685e-02 -4.87943739e-02 -4.34697717e-02 -3.81007008e-02
 -3.27193551e-02 -2.73517743e-02 -2.20151152e-02 -1.67155955e-02 -1.14474073e-02
 -6.19283551e-03 -9.23472398e-04  4.39769914e-03  9.81379766e-03  1.53715387e-02
  2.11191159e-02  2.71046627e-02  3.33753787e-02  3.99772115e-02  4.69549969e-02
  5.43528050e-02  6.22142926e-02  7.05826432e-02  7.94995576e-02  8.90019983e-02
  9.91141126e-02  1.09828465e-01  1.21063381e-01  1.32574320e-01  1.43814757e-01
  1.53925896e-01  1.62241012e-01  1.68382168e-01  1.72090098e-01  1.73317716e-01
  1.72174528e-01  1.69178292e-01  1.65130511e-01  1.60655767e-01  1.56123325e-01
 -1.12466566e-01 -1.20560668e-01 -1.17984600e-01 -1.16253980e-01 -1.16130173e-01
 -1.16167888e-01 -1.15972437e-01 -1.15405992e-01 -1.14436269e-01 -1.13076344e-01
 -1.11354433e-01 -1.09299004e-01 -1.06932081e-01 -1.04267202e-01 -1.01310141e-01
 -9.80609879e-02 -9.45167914e-02 -9.06741545e-02 -8.65314901e-02 -8.20906833e-02
 -7.73584023e-02 -7.23468959e-02 -6.70745298e-02 -6.15662448e-02 -5.58539852e-02
 -4.99771275e-02 -4.39825431e-02 -3.79239656e-02 -3.18601169e-02 -2.58512236e-02
 -1.99541114e-02 -1.42163606e-02 -8.67065974e-03 -3.33049847e-03  1.81189645e-03
  6.78489823e-03  1.16342604e-02  1.64180584e-02  2.12009121e-02  2.60486230e-02
  3.10240593e-02  3.61845233e-02  4.15804721e-02  4.72551547e-02  5.32446951e-02
  5.95781393e-02  6.62770644e-02  7.33542070e-02  8.08105245e-02  8.86298195e-02
  9.67696086e-02  1.05147056e-01  1.13620043e-01  1.21968567e-01  1.29892781e-01
  1.37049302e-01  1.43118560e-01  1.47857979e-01  1.51126504e-01  1.52898222e-01
  1.53271154e-01  1.52461380e-01  1.50758594e-01  1.48455560e-01  1.45797655e-01
 -1.02028057e-01 -1.08602941e-01 -1.13351732e-01 -1.16734900e-01 -1.19202770e-01
 -1.20702632e-01 -1.21155843e-01 -1.20672919e-01 -1.19428776e-01 -1.17577955e-01
 -1.15241766e-01 -1.12507902e-01 -1.09432280e-01 -1.06043652e-01 -1.02350302e-01
 -9.83475000e-02 -9.40243825e-02 -8.93695876e-02 -8.43754634e-02 -7.90408254e-02
 -7.33723491e-02 -6.73849881e-02 -6.11018427e-02 -5.45542128e-02 -4.77825105e-02
 -4.08380851e-02 -3.37855853e-02 -2.67046113e-02 -1.96889918e-02 -1.28419604e-02
 -6.26659347e-03 -5.28745186e-05  5.73548628e-03  1.10710878e-02  1.59674231e-02
  2.04770062e-02  2.46832110e-02  2.86876746e-02  3.25966217e-02  3.65096517e-02
  4.05128747e-02  4.46762182e-02  4.90535386e-02  5.36840558e-02  5.85940182e-02
  6.37979209e-02  6.92989007e-02  7.50880614e-02  8.11425671e-02  8.74224156e-02
  9.38659757e-02  1.00384958e-01  1.06860302e-01  1.13141969e-01  1.19056009e-01
  1.24420531e-01  1.29067644e-01  1.32864922e-01  1.35731459e-01  1.37646884e-01
  1.38652548e-01  1.38843492e-01  1.38351396e-01  1.37322649e-01  1.35898590e-01
 -9.81618613e-02 -1.05546407e-01 -1.12762697e-01 -1.19786479e-01 -1.26109660e-01
 -1.29423827e-01 -1.29657373e-01 -1.28499493e-01 -1.26377597e-01 -1.23563305e-01
 -1.20273493e-01 -1.16645969e-01 -1.12749755e-01 -1.08600684e-01 -1.04180075e-01
 -9.94523838e-02 -9.43784192e-02 -8.89242813e-02 -8.30671564e-02 -7.67985582e-02
 -7.01250657e-02 -6.30663857e-02 -5.56514300e-02 -4.79154252e-02 -3.99004556e-02
 -3.16605568e-02 -2.32705548e-02 -1.48366373e-02 -6.50415849e-03  1.54471281e-03
  9.11047682e-03  1.60104372e-02  2.21134201e-02  2.73630526e-02  3.17876711e-02
  3.54970805e-02  3.86632569e-02  4.14856710e-02  4.41540219e-02  4.68243845e-02
  4.96123768e-02  5.25970012e-02  5.58280721e-02  5.93333133e-02  6.31237254e-02
  6.71970546e-02  7.15396628e-02  7.61270747e-02  8.09235126e-02  8.58808458e-02
  9.09372047e-02  9.60160866e-02  1.01026602e-01  1.05865836e-01  1.10424034e-01
  1.14592485e-01  1.18273064e-01  1.21387690e-01  1.23885840e-01  1.25748962e-01
  1.26990840e-01  1.27654001e-01  1.27802640e-01  1.27513766e-01  1.26868442e-01
 -9.56165195e-02 -1.04066297e-01 -1.13369256e-01 -1.23985559e-01 -1.36084765e-01
 -1.42098993e-01 -1.42304108e-01 -1.39664218e-01 -1.35419413e-01 -1.30845845e-01
 -1.26107395e-01 -1.21347509e-01 -1.16590992e-01 -1.11760132e-01 -1.06740989e-01
 -1.01421461e-01 -9.57043096e-02 -8.95147175e-02 -8.28043967e-02 -7.55546391e-02
 -6.77811727e-02 -5.95273897e-02 -5.08428365e-02 -4.17657234e-02 -3.23210694e-02
 -2.25323644e-02 -1.24432473e-02 -2.15022778e-03  8.15227255e-03  1.81315076e-02
  2.73441989e-02  3.53745073e-02  4.19494174e-02  4.69550416e-02  5.04456349e-02
  5.26548289e-02  5.39911985e-02  5.49129397e-02  5.57774901e-02  5.68059981e-02
  5.81171699e-02  5.97661957e-02  6.17711060e-02  6.41282648e-02  6.68208525e-02
  6.98232502e-02  7.31030777e-02  7.66218156e-02  8.03347528e-02  8.41905922e-02
  8.81311968e-02  9.20917243e-02  9.60015431e-02  9.97862667e-02  1.03370823e-01
  1.06683590e-01  1.09660961e-01  1.12251788e-01  1.14420943e-01  1.16151333e-01
  1.17444232e-01  1.18317679e-01  1.18803404e-01  1.18942767e-01  1.18782498e-01
 -9.20348614e-02 -1.00775436e-01 -1.10711008e-01 -1.22443482e-01 -1.36981502e-01
 -1.46394357e-01 -1.51905537e-01 -1.50132537e-01 -1.45584390e-01 -1.38285279e-01
 -1.31364107e-01 -1.25504538e-01 -1.20279491e-01 -1.15214758e-01 -1.09989092e-01
 -1.04416400e-01 -9.83008817e-02 -9.15170237e-02 -8.40055943e-02 -7.56824762e-02
 -6.65907562e-02 -5.69193698e-02 -4.68139425e-02 -3.63109075e-02 -2.53697038e-02
 -1.39090931e-02 -1.83382910e-03  1.09326718e-02  2.43673045e-02  3.80594730e-02
  5.05463369e-02  6.04882464e-02  6.79289028e-02  7.23398626e-02  7.41107091e-02
  7.30459765e-02  7.06332847e-02  6.83766678e-02  6.67278916e-02  6.57623112e-02
  6.54513240e-02  6.57369792e-02  6.65554404e-02  6.78446665e-02  6.95462674e-02
  7.16051534e-02  7.39684626e-02  7.65842944e-02  7.94005543e-02  8.23640972e-02
  8.54201838e-02  8.85125250e-02  9.15837958e-02  9.45767760e-02  9.74360928e-02
  1.00110263e-01  1.02554046e-01  1.04730539e-01  1.06612891e-01  1.08185336e-01
  1.09443314e-01  1.10392764e-01  1.11048669e-01  1.11433044e-01  1.11572728e-01
 -8.65346193e-02 -9.45332497e-02 -1.03360988e-01 -1.13140047e-01 -1.23686254e-01
 -1.34334281e-01 -1.47040099e-01 -1.48333982e-01 -1.48668230e-01 -1.39647916e-01
 -1.32087499e-01 -1.26892686e-01 -1.23299755e-01 -1.19132414e-01 -1.13846645e-01
 -1.09076217e-01 -1.02963932e-01 -9.53346565e-02 -8.78044963e-02 -7.82122314e-02
 -6.66386187e-02 -5.50095104e-02 -4.34149802e-02 -3.16655934e-02 -1.95292924e-02
 -6.74529793e-03  6.99888077e-03  2.21142340e-02  3.92086133e-02  5.94408438e-02
  8.15270245e-02  8.87959301e-02  1.03276126e-01  1.00893728e-01  1.06558561e-01
  9.43837315e-02  8.53449553e-02  7.92571455e-02  7.50957578e-02  7.23425969e-02
  7.06701651e-02  6.98536858e-02  6.97305873e-02  7.01780021e-02  7.10990354e-02
  7.24139363e-02  7.40543455e-02  7.59593323e-02  7.80727491e-02  8.03414956e-02
  8.27144310e-02  8.51419345e-02  8.75759050e-02  8.99702236e-02  9.22815576e-02
  9.44703966e-02  9.65021402e-02  9.83481631e-02  9.99866202e-02  1.01402968e-01
  1.02589972e-01  1.03547402e-01  1.04281202e-01  1.04802519e-01  1.05126411e-01
 -7.95138627e-02 -8.62684324e-02 -9.34207290e-02 -1.00921296e-01 -1.08648919e-01
 -1.16398491e-01 -1.23697415e-01 -1.30278155e-01 -1.39688462e-01 -1.29083022e-01
 -1.24253519e-01 -1.21732995e-01 -1.21942729e-01 -1.19653016e-01 -1.13331579e-01
 -1.10906355e-01 -1.05182715e-01 -9.58880335e-02 -9.03671384e-02 -7.97485560e-02
 -6.50556460e-02 -5.20738289e-02 -3.97761725e-02 -2.75971293e-02 -1.51393311e-02
 -2.04886938e-03  1.20643303e-02  2.77040638e-02  4.55873162e-02  6.66989312e-02
  8.75571743e-02  9.74512994e-02  1.09189391e-01  1.09367713e-01  1.11571014e-01
  1.00970417e-01  9.07069519e-02  8.35221484e-02  7.85323009e-02  7.51193240e-02
  7.28806406e-02  7.15468451e-02  7.09296688e-02  7.08912835e-02  7.13261217e-02
  7.21497834e-02  7.32920095e-02  7.46922046e-02  7.62963817e-02  7.80552700e-02
  7.99230561e-02  8.18567276e-02  8.38158205e-02  8.57625008e-02  8.76618624e-02
  8.94824043e-02  9.11965445e-02  9.27811414e-02  9.42178741e-02  9.54934731e-02
  9.65997204e-02  9.75332484e-02  9.82951224e-02  9.88902226e-02  9.93265882e-02
  3.60141516e+00  3.72174716e+00  3.79564857e+00  3.85258198e+00  3.87320328e+00
  3.87505841e+00  3.86059546e+00  3.83520222e+00  3.80269194e+00  3.76527500e+00
  3.72490478e+00  3.68367791e+00  3.64243913e+00  3.60149479e+00  3.56306124e+00
  3.52499199e+00  3.48944211e+00  3.45618200e+00  3.42486691e+00  3.39593387e+00
  3.36983490e+00  3.34709573e+00  3.32662272e+00  3.30875421e+00  3.29407597e+00
  3.28197789e+00  3.27247334e+00  3.26486659e+00  3.25970268e+00  3.25698805e+00
  3.25616145e+00  3.25745320e+00  3.26072383e+00  3.26595449e+00  3.27339458e+00
  3.28296995e+00  3.29469752e+00  3.30852509e+00  3.32479262e+00  3.34346318e+00
  3.36495900e+00  3.38921762e+00  3.41644835e+00  3.44700623e+00  3.48118019e+00
  3.51923847e+00  3.56170726e+00  3.60885477e+00  3.66130495e+00  3.71960402e+00
  3.78403759e+00  3.85605264e+00  3.93563581e+00  4.02474022e+00  4.12444639e+00
  4.23663902e+00  4.36410999e+00  4.51081085e+00  4.68016815e+00  4.88057041e+00
  5.11913681e+00  5.41589308e+00  5.80540323e+00  6.41739178e+00  9.77098656e+00
   91   89
  1.05048704e+00  0.00000000e+00  1.05211604e+00  1.00000001e-01  1.05462515e+00
  1.50000006e-01  1.06125486e+00  2.50000000e-01  1.07026255e+00  3.49999994e-01
  1.07906246e+00  4.33481842e-01  1.08606780e+00  5.00000000e-01  1.09581435e+00
  6.00000024e-01  1.10542881e+00  6.99999988e-01  1.11098552e+00  7.50000000e-01
  1.12192714e+00  8.50000024e-01  1.13218749e+00  9.48117495e-01  1.13853645e+00
  1.00000000e+00  1.14622021e+00  1.08890486e+00  1.14880288e+00  1.12780976e+00
  1.21187496e+00  1.11324763e+00  1.25773501e+00  1.10000002e+00  1.29156256e+00
  1.09239256e+00  1.34468746e+00  1.07964075e+00  1.39781249e+00  1.06553090e+00
  1.45005357e+00  1.04999995e+00  1.47749996e+00  1.04206192e+00  1.53062499e+00
  1.02456665e+00  1.58375001e+00  1.00399697e+00  1.61031246e+00  9.93344724e-01
  1.66343749e+00  9.69187498e-01  1.69925308e+00  9.49999988e-01  1.74312496e+00
  9.25786674e-01  1.78234124e+00  8.99999976e-01  1.82281256e+00  8.72077703e-01
  1.85054374e+00  8.50000024e-01  1.90250003e+00  8.06760013e-01  1.92906249e+00
  7.82828927e-01  1.96212685e+00  7.50000000e-01  2.00874996e+00  7.00233161e-01
  2.03531241e+00  6.69705927e-01  2.06187510e+00  6.36484563e-01  2.08843756e+00
  5.99768221e-01  2.12137651e+00  5.50000012e-01  2.15074229e+00  5.00000000e-01
  2.17665339e+00  4.49999988e-01  2.19975138e+00  4.00000006e-01  2.22125006e+00
  3.49032164e-01  2.24781251e+00  2.79258549e-01  2.27357149e+00  2.00000003e-01
  2.28632045e+00  1.50000006e-01  2.30093741e+00  5.64458035e-02  2.30454516e+00
  0.00000000e+00  2.30093741e+00 -8.29839930e-02  2.29125547e+00 -1.50000006e-01
  2.27437496e+00 -2.17026249e-01  2.24820232e+00 -3.00000012e-01  2.23038864e+00
 -3.49999994e-01  2.21038938e+00 -4.00000006e-01  2.18774533e+00 -4.49999988e-01
  2.16179466e+00 -5.00000000e-01  2.13171601e+00 -5.50000012e-01  2.09668565e+00
 -6.00000024e-01  2.06187510e+00 -6.44113004e-01  2.03531241e+00 -6.73912644e-01
  2.00874996e+00 -7.00673282e-01  1.95564353e+00 -7.50000000e-01  1.92906249e+00
 -7.72909284e-01  1.89286864e+00 -8.00000012e-01  1.84937501e+00 -8.30137312e-01
  1.81503713e+00 -8.50000024e-01  1.76968753e+00 -8.74510407e-01  1.71656251e+00
 -8.97329271e-01  1.69000006e+00 -9.07135606e-01  1.63687503e+00 -9.24115539e-01
  1.58375001e+00 -9.36291754e-01  1.53062499e+00 -9.43760037e-01  1.47749996e+00
 -9.46323812e-01  1.42437506e+00 -9.43089306e-01  1.37125003e+00 -9.31986272e-01
  1.31812501e+00 -9.08659756e-01  1.29156256e+00 -8.90720010e-01  1.24976110e+00
 -8.50000024e-01  1.21432364e+00 -8.00000012e-01  1.18792498e+00 -7.50000000e-01
  1.16677630e+00 -6.99999988e-01  1.14916193e+00 -6.49999976e-01  1.13218749e+00
 -5.92344701e-01  1.10947096e+00 -5.00000000e-01  1.09874058e+00 -4.49999988e-01
  1.08075809e+00 -3.49999994e-01  1.07295144e+00 -3.00000012e-01  1.06120956e+00
 -2.00000003e-01  1.05382073e+00 -1.00000001e-01  1.05144131e+00 -5.00000007e-02
  1.05048704e+00  0.00000000e+00
  1.01600003e+00  0.00000000e+00  1.01600003e+00  9.63999987e-01  1.01800001e+00
  9.67999995e-01  1.01800001e+00  1.00100005e+00  1.01800001e+00  1.01900005e+00
  1.01800001e+00  1.07700002e+00  1.01800001e+00  1.07000005e+00  1.01800001e+00
  1.09599996e+00  1.01800001e+00  1.11300004e+00  1.01800001e+00  1.13800001e+00
  1.01600003e+00  1.14699996e+00  1.01199996e+00  1.16499996e+00  1.00100005e+00
  1.21700001e+00  1.02900004e+00  1.21700001e+00  1.04200006e+00  1.16240001e+00
  1.04600000e+00  1.16237998e+00  1.05599999e+00  1.16260004e+00  1.09700000e+00
  1.16450000e+00  1.10800004e+00  1.16594005e+00  1.11600006e+00  1.16591001e+00
  1.13399994e+00  1.16895998e+00  1.14800000e+00  1.17174995e+00  1.16199994e+00
  1.17556000e+00  1.18099999e+00  1.18299997e+00  1.18200004e+00  1.18350005e+00
  1.18499994e+00  1.18499994e+00  1.19000006e+00  1.18799996e+00  1.19500005e+00
  1.19099998e+00  1.20099998e+00  1.19599998e+00  1.20899999e+00  1.20200002e+00
  1.21500003e+00  1.20799994e+00  1.22200000e+00  1.21399999e+00  1.22800004e+00
  1.22099996e+00  1.23399997e+00  1.23099995e+00  1.23899996e+00  1.23800004e+00
  1.24199998e+00  1.24399996e+00  1.24800003e+00  1.25399995e+00  1.25800002e+00
  1.27800000e+00  1.26300001e+00  1.28999996e+00  1.27999997e+00  1.33099997e+00
  1.27999997e+00  1.34700000e+00  1.27999997e+00  1.34800005e+00  1.30999994e+00
  1.34800005e+00  1.32799995e+00  1.34800005e+00  1.36099994e+00  1.34800005e+00
  1.38000000e+00  1.34800005e+00  1.41900003e+00  1.34800005e+00  1.41900003e+00
  1.30999994e+00  1.37199998e+00  1.30999994e+00  1.37199998e+00  1.29200006e+00
  1.60800004e+00  1.09500003e+00  1.64699996e+00  1.07700002e+00  1.78499997e+00
  1.07700002e+00  2.06999993e+00  1.03999996e+00  2.12800002e+00  9.92999971e-01
  2.24499989e+00  7.08999991e-01  2.32299995e+00  5.18999994e-01  2.37700009e+00
  3.88999999e-01  2.35200000e+00  4.00000006e-01  2.35100007e+00  3.37000012e-01
  2.35100007e+00  2.04999998e-01  2.35400009e+00  6.80000037e-02  2.35400009e+00
  0.00000000e+00  2.35400009e+00 -6.80000037e-02  2.35299993e+00 -2.04999998e-01
  2.35100007e+00 -3.37000012e-01  2.35299993e+00 -4.00000006e-01  2.37700009e+00
 -3.88999999e-01  2.13400006e+00 -9.72999990e-01  1.78600001e+00 -1.17400002e+00
  1.76800001e+00 -1.21099997e+00  1.76800001e+00 -1.25399995e+00  1.68200004e+00
 -1.25399995e+00  1.67400002e+00 -1.26199996e+00  1.67400002e+00 -1.32900000e+00
  1.68099999e+00 -1.33899999e+00  1.75399995e+00 -1.33899999e+00  1.75399995e+00
 -1.36800003e+00  1.68900001e+00 -1.36800003e+00  1.68900001e+00 -1.36600006e+00
  1.55499995e+00 -1.36600006e+00  1.41199994e+00 -1.36600006e+00  1.27300000e+00
 -1.36600006e+00  1.15300000e+00 -1.36600006e+00  1.01600003e+00 -1.22899997e+00
  1.01600003e+00 -8.00000012e-01  1.01600003e+00 -4.14999992e-01  1.01600003e+00
 -4.00000006e-01  1.01600003e+00  0.00000000e+00
    0 0.000000000e+00    0
  0.00000000e+00  1.22928165e-01  1.75074831e-01  2.14088351e-01  2.48562127e-01
  2.78830409e-01  3.06144893e-01  3.31015795e-01  3.54075223e-01  3.75504106e-01
  3.95493656e-01  4.14485604e-01  4.32266682e-01  4.49253470e-01  4.65488255e-01
  4.80928540e-01  4.95710105e-01  5.10070801e-01  5.23803830e-01  5.37034214e-01
  5.49940646e-01  5.62454998e-01  5.74564636e-01  5.86390197e-01  5.97894669e-01
  6.09176815e-01  6.20239079e-01  6.31039441e-01  6.41616583e-01  6.52023017e-01
  6.62330568e-01  6.72433734e-01  6.82363868e-01  6.92186892e-01  7.01896608e-01
  7.11511433e-01  7.21021295e-01  7.30433583e-01  7.39781678e-01  7.49048829e-01
  7.58252800e-01  7.67438054e-01  7.76573241e-01  7.85676062e-01  7.94750512e-01
  8.03815722e-01  8.12900901e-01  8.21992934e-01  8.31111372e-01  8.40265751e-01
  8.49454701e-01  8.58745158e-01  8.68087590e-01  8.77557933e-01  8.87138426e-01
  8.96845520e-01  9.06734049e-01  9.16852355e-01  9.27186489e-01  9.37830091e-01
  9.48753774e-01  9.60210800e-01  9.72221553e-01  9.85110223e-01  1.00000000e+00
    0
