   EFIT?   05/12/98      #102940  1146             3  65  65
  1.70000005e+00  3.20000005e+00  1.69550002e+00  8.39999974e-01  0.00000000e+00
  1.77837634e+00  2.06677224e-02 -2.74857491e-01 -1.41021758e-02 -1.99867690e+00
  1.47824038e+06 -2.74857491e-01  0.00000000e+00  1.77837634e+00  0.00000000e+00
  2.06677224e-02  0.00000000e+00 -1.41021758e-02  0.00000000e+00  0.00000000e+00
 -3.42579246e+00 -3.43319201e+00 -3.43927670e+00 -3.44419241e+00 -3.44807100e+00
 -3.45103049e+00 -3.45317769e+00 -3.45460868e+00 -3.45541024e+00 -3.45566034e+00
 -3.45543003e+00 -3.45478249e+00 -3.45377541e+00 -3.45246053e+00 -3.45088434e+00
 -3.44908834e+00 -3.44711018e+00 -3.44498324e+00 -3.44273710e+00 -3.44039774e+00
 -3.43798804e+00 -3.43552876e+00 -3.43303776e+00 -3.43053222e+00 -3.42802691e+00
 -3.42553544e+00 -3.42307067e+00 -3.42064333e+00 -3.41826391e+00 -3.41594148e+00
 -3.41368413e+00 -3.41149902e+00 -3.40939307e+00 -3.40737152e+00 -3.40543962e+00
 -3.40360188e+00 -3.40186167e+00 -3.40022206e+00 -3.39868569e+00 -3.39725447e+00
 -3.39592957e+00 -3.39471173e+00 -3.39360142e+00 -3.39259839e+00 -3.39170146e+00
 -3.39090919e+00 -3.39021993e+00 -3.38963079e+00 -3.38913846e+00 -3.38873959e+00
 -3.38842916e+00 -3.38820195e+00 -3.38805199e+00 -3.38797259e+00 -3.38795614e+00
 -3.38799357e+00 -3.38807535e+00 -3.38819075e+00 -3.38832808e+00 -3.38847351e+00
 -3.38861275e+00 -3.38872957e+00 -3.38880610e+00 -3.38882232e+00 -3.38875675e+00
  8.19624141e+04  7.38976641e+04  6.66829141e+04  6.02556016e+04  5.45562578e+04
  4.95283516e+04  4.51181875e+04  4.12747812e+04  3.79497383e+04  3.50971602e+04
  3.26735391e+04  3.06376602e+04  2.89505117e+04  2.75752031e+04  2.64768770e+04
  2.56226406e+04  2.49814883e+04  2.45242305e+04  2.42234414e+04  2.40533848e+04
  2.39899629e+04  2.40106719e+04  2.40945352e+04  2.42220723e+04  2.43752520e+04
  2.45374453e+04  2.46934004e+04  2.48292012e+04  2.49322383e+04  2.49911855e+04
  2.49959688e+04  2.49377461e+04  2.48088926e+04  2.46029766e+04  2.43147520e+04
  2.39401387e+04  2.34762227e+04  2.29212480e+04  2.22746035e+04  2.15368320e+04
  2.07096289e+04  1.97958457e+04  1.87994902e+04  1.77257461e+04  1.65809766e+04
  1.53727412e+04  1.41098115e+04  1.28021904e+04  1.14611348e+04  1.00991807e+04
  8.73016992e+03  7.36927832e+03  6.03305469e+03  4.73945215e+03  3.50786914e+03
  2.35919312e+03  1.31584546e+03  4.01830597e+02 -3.57210938e+02 -9.33946106e+02
 -1.29928918e+03 -1.42233838e+03 -1.27030725e+03 -8.08452881e+02  0.00000000e+00
  6.80777979e+00  5.64924765e+00  4.61407661e+00  3.69106030e+00  2.86997652e+00
  2.14150143e+00  1.49712503e+00  9.29076791e-01  4.30257857e-01 -5.82176074e-03
 -3.85100275e-01 -7.13016272e-01 -9.94556665e-01 -1.23430037e+00 -1.43645871e+00
 -1.60491252e+00 -1.74324596e+00 -1.85477853e+00 -1.94259381e+00 -2.00956678e+00
 -2.05831575e+00 -2.09075308e+00 -2.10840416e+00 -2.11266232e+00 -2.10480404e+00
 -2.08599854e+00 -2.05731893e+00 -2.01975179e+00 -1.97420490e+00 -1.92151642e+00
 -1.86246157e+00 -1.79775929e+00 -1.72807920e+00 -1.65404701e+00 -1.57625008e+00
 -1.49524271e+00 -1.41155100e+00 -1.32567739e+00 -1.23810518e+00 -1.14930260e+00
 -1.05972719e+00 -9.69829619e-01 -8.80057871e-01 -7.90860891e-01 -7.02692628e-01
 -6.16016209e-01 -5.31307817e-01 -4.49061066e-01 -3.69791001e-01 -2.94039011e-01
 -2.22377390e-01 -1.55414402e-01 -9.37996283e-02 -3.82297114e-02  1.05455536e-02
  5.17166033e-02  8.44069868e-02  1.07665680e-01  1.20458677e-01  1.21659942e-01
  1.10041462e-01  8.42624977e-02  4.28577363e-02 -1.57755613e-02 -9.33916718e-02
 -2.08766675e+06 -1.87117162e+06 -1.67041738e+06 -1.48463112e+06 -1.31307288e+06
 -1.15503362e+06 -1.00983425e+06 -8.76823938e+05 -7.55378500e+05 -6.44899312e+05
 -5.44811750e+05 -4.54564031e+05 -3.73626031e+05 -3.01488062e+05 -2.37659797e+05
 -1.81669156e+05 -1.33061297e+05 -9.13975859e+04 -5.62546602e+04 -2.72234785e+04
 -3.90844360e+03  1.40734873e+04  2.70936348e+04  3.55124180e+04  3.96801328e+04
  3.99377500e+04  3.66176367e+04  3.00442930e+04  2.05350781e+04  8.40089844e+03
 -6.05311279e+03 -2.25269180e+04 -4.07249180e+04 -6.03553008e+04 -8.11294141e+04
 -1.02761102e+05 -1.24966102e+05 -1.47461406e+05 -1.69964672e+05 -1.92193531e+05
 -2.13865031e+05 -2.34695000e+05 -2.54397422e+05 -2.72683781e+05 -2.89262469e+05
 -3.03838125e+05 -3.16110969e+05 -3.25776188e+05 -3.32523188e+05 -3.36035000e+05
 -3.35987562e+05 -3.32048969e+05 -3.23878750e+05 -3.11127125e+05 -2.93434312e+05
 -2.70429594e+05 -2.41730625e+05 -2.06942531e+05 -1.65657047e+05 -1.17451648e+05
 -6.18885977e+04  1.48602649e+03  7.31432969e+04  1.53572500e+05  2.43282188e+05
  3.54825072e-02  2.80968789e-02  2.01510116e-02  1.16659841e-02  2.79019494e-03
 -6.19313354e-03 -1.46529591e-02 -2.23593060e-02 -3.15347388e-02 -1.97635852e-02
 -1.40475957e-02 -1.09993210e-02 -1.11409817e-02 -8.59248824e-03 -7.16737239e-04
  2.50469008e-03  9.30031948e-03  2.08677966e-02  2.79227234e-02  4.06598188e-02
  5.87971285e-02  7.48596564e-02  9.01212171e-02  1.05292402e-01  1.20881096e-01
  1.37345999e-01  1.55195013e-01  1.75083235e-01  1.97944999e-01  2.24879146e-01
  2.50156343e-01  2.63852417e-01  2.76705712e-01  2.77683258e-01  2.77736574e-01
  2.64217407e-01  2.49462605e-01  2.38480002e-01  2.30264753e-01  2.24032804e-01
  2.19289660e-01  2.15713859e-01  2.13084891e-01  2.11241633e-01  2.10059032e-01
  2.09435150e-01  2.09283516e-01  2.09528506e-01  2.10102171e-01  2.10942209e-01
  2.11990550e-01  2.13192537e-01  2.14496583e-01  2.15854213e-01  2.17220306e-01
  2.18553796e-01  2.19818160e-01  2.20982134e-01  2.22020239e-01  2.22913131e-01
  2.23647565e-01  2.24216297e-01  2.24617481e-01  2.24854052e-01  2.24932745e-01
  2.77657229e-02  1.86890401e-02  8.58271308e-03 -2.71110516e-03 -1.49375154e-02
 -2.73350850e-02 -4.23760414e-02 -4.28385958e-02 -4.25933301e-02 -3.15407589e-02
 -2.25999448e-02 -1.63928308e-02 -1.20170088e-02 -6.99072424e-03 -5.56567684e-04
  5.37332892e-03  1.28531819e-02  2.22240593e-02  3.15824896e-02  4.33386005e-02
  5.75561933e-02  7.19545111e-02  8.63973200e-02  1.01125687e-01  1.16449267e-01
  1.32729113e-01  1.50412723e-01  1.70104831e-01  1.92694262e-01  2.19371930e-01
  2.44874775e-01  2.57867992e-01  2.71316558e-01  2.71782547e-01  2.72766829e-01
  2.59100527e-01  2.44881615e-01  2.34490857e-01  2.26840407e-01  2.21168488e-01
  2.16992766e-01  2.13993222e-01  2.11947158e-01  2.10691750e-01  2.10101783e-01
  2.10075974e-01  2.10528433e-01  2.11383194e-01  2.12570637e-01  2.14025050e-01
  2.15683252e-01  2.17483774e-01  2.19366759e-01  2.21274346e-01  2.23151565e-01
  2.24947616e-01  2.26617217e-01  2.28122011e-01  2.29431763e-01  2.30524987e-01
  2.31389195e-01  2.32020497e-01  2.32422709e-01  2.32605994e-01  2.32585430e-01
  2.19574701e-02  1.19114723e-02  3.84811690e-04 -1.33684371e-02 -3.05393692e-02
 -4.06615250e-02 -4.69068363e-02 -4.40960415e-02 -3.84107642e-02 -2.95259319e-02
 -2.12643333e-02 -1.42408647e-02 -7.93957151e-03 -1.79786584e-03  4.57116915e-03
  1.13923894e-02  1.88980512e-02  2.72422973e-02  3.64999771e-02  4.67737988e-02
  5.80242872e-02  7.00412169e-02  8.26640427e-02  9.58667025e-02  1.09724171e-01
  1.24372572e-01  1.39982581e-01  1.56730816e-01  1.74722016e-01  1.93590924e-01
  2.10692227e-01  2.23315805e-01  2.32577994e-01  2.36781046e-01  2.37418786e-01
  2.32977524e-01  2.26626456e-01  2.20976219e-01  2.16434926e-01  2.12972701e-01
  2.10483566e-01  2.08854422e-01  2.07981959e-01  2.07775354e-01  2.08154663e-01
  2.09047988e-01  2.10388675e-01  2.12112829e-01  2.14157417e-01  2.16458589e-01
  2.18950823e-01  2.21566379e-01  2.24235713e-01  2.26888448e-01  2.29455367e-01
  2.31870949e-01  2.34076262e-01  2.36021936e-01  2.37670586e-01  2.38998324e-01
  2.39995226e-01  2.40664497e-01  2.41020635e-01  2.41086960e-01  2.40892708e-01
  1.85972583e-02  8.88521038e-03 -1.90920127e-03 -1.43451206e-02 -2.84574945e-02
 -3.46526988e-02 -3.46088447e-02 -3.11341919e-02 -2.59490851e-02 -2.03984436e-02
 -1.46648316e-02 -8.90946109e-03 -3.14897415e-03  2.71794689e-03  8.83277599e-03
  1.53332148e-02  2.23385002e-02  2.99412627e-02  3.82030085e-02  4.71509956e-02
  5.67729622e-02  6.70252144e-02  7.78579786e-02  8.92366022e-02  1.01143919e-01
  1.13565490e-01  1.26460180e-01  1.39711350e-01  1.53049618e-01  1.65964186e-01
  1.77727088e-01  1.87660635e-01  1.95345506e-01  2.00602934e-01  2.03509331e-01
  2.04416618e-01  2.03993440e-01  2.02990115e-01  2.01951891e-01  2.01187029e-01
  2.00847089e-01  2.00995862e-01  2.01650083e-01  2.02801079e-01  2.04425946e-01
  2.06492901e-01  2.08963528e-01  2.11793378e-01  2.14931533e-01  2.18319789e-01
  2.21891850e-01  2.25572854e-01  2.29279682e-01  2.32922763e-01  2.36409292e-01
  2.39648327e-01  2.42556721e-01  2.45065421e-01  2.47124627e-01  2.48707190e-01
  2.49809265e-01  2.50448585e-01  2.50660360e-01  2.50491828e-01  2.49996692e-01
  1.67034809e-02  8.28581955e-03 -8.41228848e-06 -8.12489167e-03 -1.53606525e-02
 -1.88985802e-02 -1.89603027e-02 -1.74407531e-02 -1.48031488e-02 -1.13614434e-02
 -7.36295851e-03 -2.96260952e-03  1.76470680e-03  6.80586603e-03  1.21874427e-02
  1.79551318e-02  2.41584014e-02  3.08401659e-02  3.80302183e-02  4.57415245e-02
  5.39693534e-02  6.26935586e-02  7.18828216e-02  8.14975724e-02  9.14881751e-02
  1.01786822e-01  1.12293467e-01  1.22858062e-01  1.33265465e-01  1.43235937e-01
  1.52455762e-01  1.60635188e-01  1.67566150e-01  1.73158377e-01  1.77454457e-01
  1.80626020e-01  1.82944179e-01  1.84721425e-01  1.86248645e-01  1.87758118e-01
  1.89416796e-01  1.91336066e-01  1.93585411e-01  1.96204320e-01  1.99210718e-01
  2.02606395e-01  2.06380069e-01  2.10508451e-01  2.14955941e-01  2.19673321e-01
  2.24595562e-01  2.29639679e-01  2.34703362e-01  2.39665806e-01  2.44392455e-01
  2.48744324e-01  2.52591103e-01  2.55824894e-01  2.58372009e-01  2.60200024e-01
  2.61319339e-01  2.61778593e-01  2.61654913e-01  2.61041135e-01  2.60033906e-01
  1.36216646e-02  6.12481730e-03  7.15056958e-04 -3.13781225e-03 -5.97821129e-03
 -7.69999018e-03 -8.19285959e-03 -7.58252200e-03 -6.06970163e-03 -3.83248366e-03
 -1.01121876e-03  2.29266915e-03  6.01485372e-03  1.01227667e-02  1.46077480e-02
  1.94763504e-02  2.47422550e-02  3.04196291e-02  3.65181528e-02  4.30397093e-02
  4.99765463e-02  5.73105626e-02  6.50130585e-02  7.30439946e-02  8.13500434e-02
  8.98611322e-02  9.84861478e-02  1.07109562e-01  1.15591705e-01  1.23775706e-01
  1.31502524e-01  1.38631865e-01  1.45063594e-01  1.50753841e-01  1.55722529e-01
  1.60050303e-01  1.63865507e-01  1.67323723e-01  1.70585796e-01  1.73800349e-01
  1.77093938e-01  1.80568025e-01  1.84300259e-01  1.88347623e-01  1.92749783e-01
  1.97531760e-01  2.02705398e-01  2.08269611e-01  2.14209050e-01  2.20490962e-01
  2.27060065e-01  2.33831435e-01  2.40682051e-01  2.47444123e-01  2.53906608e-01
  2.59832293e-01  2.64990389e-01  2.69191504e-01  2.72313118e-01  2.74313360e-01
  2.75235444e-01  2.75198579e-01  2.74372429e-01  2.72942424e-01  2.71080881e-01
  6.03537727e-03 -4.23247553e-03 -2.34366860e-03 -9.10675095e-04 -1.12957903e-03
 -1.40682328e-03 -1.32968463e-03 -7.59936927e-04  3.27623566e-04  1.90986251e-03
  3.94815858e-03  6.40475284e-03  9.25012771e-03  1.24652572e-02  1.60408020e-02
  1.99746154e-02  2.42685582e-02  2.89252624e-02  3.39452922e-02  3.93248685e-02
  4.50541563e-02  5.11160642e-02  5.74852563e-02  6.41272366e-02  7.09973350e-02
  7.80397356e-02  8.51869062e-02  9.23602059e-02  9.94724259e-02  1.06432930e-01
  1.13155290e-01  1.19566448e-01  1.25615701e-01  1.31281585e-01  1.36575148e-01
  1.41538858e-01  1.46241397e-01  1.50769591e-01  1.55219302e-01  1.59687027e-01
  1.64263830e-01  1.69031575e-01  1.74061567e-01  1.79414406e-01  1.85140893e-01
  1.91282883e-01  1.97873875e-01  2.04938874e-01  2.12492734e-01  2.20536396e-01
  2.29049429e-01  2.37976596e-01  2.47204840e-01  2.56526202e-01  2.65594244e-01
  2.73933470e-01  2.81067550e-01  2.86642253e-01  2.90446073e-01  2.92409837e-01
  2.92633027e-01  2.91410208e-01  2.89158165e-01  2.86265075e-01  2.83022135e-01
  1.31964507e-02  6.89535355e-03  3.90774384e-03  3.13711655e-03  3.12551181e-03
  3.32627562e-03  3.68345808e-03  4.25050920e-03  5.07929223e-03  6.20148657e-03
  7.63217546e-03  9.37670562e-03  1.14361858e-02  1.38108758e-02  1.65017489e-02
  1.95107032e-02  2.28399131e-02  2.64907498e-02  3.04625239e-02  3.47512811e-02
  3.93487476e-02  4.42414619e-02  4.94100675e-02  5.48288003e-02  6.04651831e-02
  6.62800372e-02  7.22279921e-02  7.82587156e-02  8.43191147e-02  9.03565511e-02
  9.63228792e-02  1.02178916e-01  1.07898623e-01  1.13472298e-01  1.18908152e-01
  1.24232076e-01  1.29485577e-01  1.34722441e-01  1.40004665e-01  1.45398512e-01
  1.50971249e-01  1.56788692e-01  1.62914008e-01  1.69407323e-01  1.76326036e-01
  1.83725730e-01  1.91661239e-01  2.00187758e-01  2.09361628e-01  2.19240218e-01
  2.29879603e-01  2.41327360e-01  2.53604382e-01  2.66663492e-01  2.80252755e-01
  2.92856544e-01  3.03128272e-01  3.10731858e-01  3.15422863e-01  3.17013770e-01
  3.15363318e-01  3.11084449e-01  3.05957526e-01  3.00582469e-01  2.95272648e-01
  1.02010481e-02  1.18591369e-03  3.63281509e-03  6.22798922e-03  7.11053703e-03
  7.59272743e-03  7.96857197e-03  8.36323947e-03  8.85485951e-03  9.49874800e-03
  1.03345718e-02  1.13905994e-02  1.26871038e-02  1.42390113e-02  1.60577092e-02
  1.81520917e-02  2.05289684e-02  2.31930502e-02  2.61466280e-02  2.93891355e-02
  3.29166614e-02  3.67215052e-02  4.07918282e-02  4.51114923e-02  4.96601276e-02
  5.44134453e-02  5.93439005e-02  6.44217432e-02  6.96164295e-02  7.48985633e-02
  8.02420750e-02  8.56265873e-02  9.10395682e-02  9.64780226e-02  1.01949438e-01
  1.07471876e-01  1.13073260e-01  1.18790008e-01  1.24665312e-01  1.30747333e-01
  1.37087673e-01  1.43740267e-01  1.50760859e-01  1.58207193e-01  1.66139826e-01
  1.74623653e-01  1.83730409e-01  1.93542004e-01  2.04155371e-01  2.15689316e-01
  2.28294864e-01  2.42171168e-01  2.57591337e-01  2.74932474e-01  2.94490337e-01
  3.13886017e-01  3.27113748e-01  3.38166386e-01  3.43923002e-01  3.45161617e-01
  3.42579246e-01  3.33034128e-01  3.23136598e-01  3.14268738e-01  3.06390136e-01
  2.02432144e-02  1.45047382e-02  1.21043511e-02  1.17896795e-02  1.19896103e-02
  1.21389208e-02  1.21711148e-02  1.21409260e-02  1.21179875e-02  1.21632013e-02
  1.23253232e-02  1.26423091e-02  1.31435618e-02  1.38520300e-02  1.47858607e-02
  1.59595832e-02  1.73848532e-02  1.90708488e-02  2.10244115e-02  2.32499987e-02
  2.57494953e-02  2.85219979e-02  3.15636434e-02  3.48675959e-02  3.84243205e-02
  4.22220603e-02  4.62474264e-02  5.04860170e-02  5.49230874e-02  5.95445037e-02
  6.43379316e-02  6.92941770e-02  7.44085014e-02  7.96816796e-02  8.51207599e-02
  9.07393321e-02  9.65574086e-02  1.02600962e-01  1.08901270e-01  1.15494281e-01
  1.22420028e-01  1.29722416e-01  1.37449250e-01  1.45652980e-01  1.54391840e-01
  1.63731992e-01  1.73750639e-01  1.84540600e-01  1.96217105e-01  2.08927974e-01
  2.22869247e-01  2.38310397e-01  2.55636364e-01  2.75416881e-01  2.98403859e-01
  3.23044688e-01  3.40197116e-01  3.53762507e-01  3.61894876e-01  3.63460571e-01
  3.61618727e-01  3.50100935e-01  3.36211234e-01  3.24125379e-01  3.14019531e-01
  2.25318298e-02  1.51232658e-02  1.56245334e-02  1.73002034e-02  1.75296236e-02
  1.71922557e-02  1.65904127e-02  1.58692244e-02  1.51192574e-02  1.44047309e-02
  1.37740206e-02  1.32648302e-02  1.29072731e-02  1.27259297e-02  1.27412761e-02
  1.29707046e-02  1.34292319e-02  1.41299823e-02  1.50844790e-02  1.63027570e-02
  1.77932065e-02  1.95622146e-02  2.16137990e-02  2.39494592e-02  2.65686475e-02
  2.94700190e-02  3.26521471e-02  3.61135229e-02  3.98518182e-02  4.38638702e-02
  4.81463633e-02  5.26967719e-02  5.75144701e-02  6.26017153e-02  6.79644644e-02
  7.36127794e-02  7.95608684e-02  8.58269781e-02  9.24332514e-02  9.94056687e-02
  1.06773987e-01  1.14571892e-01  1.22837327e-01  1.31613284e-01  1.40948936e-01
  1.50901422e-01  1.61538422e-01  1.72941834e-01  1.85212761e-01  1.98478535e-01
  2.12902278e-01  2.28695080e-01  2.46130332e-01  2.65558332e-01  2.87444532e-01
  3.12474906e-01  3.35529089e-01  3.48008275e-01  3.60716522e-01  3.62358987e-01
  3.62372994e-01  3.55196327e-01  3.40040267e-01  3.26542079e-01  3.15630645e-01
  3.54166292e-02  3.01877521e-02  2.74553578e-02  2.59883069e-02  2.45640557e-02
  2.29826700e-02  2.13041753e-02  1.95950847e-02  1.79054197e-02  1.62736662e-02
  1.47311958e-02  1.33047123e-02  1.20175956e-02  1.08907511e-02  9.94319841e-03
  9.19253752e-03  8.65535252e-03  8.34760442e-03  8.28506332e-03  8.48383829e-03
  8.95999651e-03  9.72846523e-03  1.08015081e-02  1.21872127e-02  1.38895325e-02
  1.59150120e-02  1.82741750e-02  2.09810156e-02  2.40454916e-02  2.74730716e-02
  3.12659405e-02  3.54244485e-02  3.99485938e-02  4.48395051e-02  5.01007847e-02
  5.57391420e-02  6.17636591e-02  6.81855679e-02  7.50185028e-02  8.22788700e-02
  8.99859592e-02  9.81621817e-02  1.06833361e-01  1.16029218e-01  1.25783995e-01
  1.36137396e-01  1.47135690e-01  1.58833116e-01  1.71293557e-01  1.84592038e-01
  1.98816061e-01  2.14065731e-01  2.30451986e-01  2.48093411e-01  2.67123401e-01
  2.87837982e-01  3.11813086e-01  3.25924456e-01  3.34856331e-01  3.45261097e-01
  3.41107816e-01  3.43960434e-01  3.30662936e-01  3.18458766e-01  3.09548706e-01
  4.78852652e-02  4.36408892e-02  3.94384190e-02  3.55551988e-02  3.20939906e-02
  2.89250482e-02  2.59378701e-02  2.30781902e-02  2.03261301e-02  1.76793840e-02
  1.51445242e-02  1.27327293e-02  1.04576480e-02  8.33428837e-03  6.37844065e-03
  4.60637826e-03  3.03478981e-03  1.68092619e-03  5.62918198e-04 -2.95685168e-04
 -8.67287454e-04 -1.12315000e-03 -1.03763072e-03 -5.96457627e-04  1.84969409e-04
  1.31636451e-03  2.82223569e-03  4.75862576e-03  7.14909146e-03  1.00031914e-02
  1.33232921e-02  1.71073284e-02  2.13506799e-02  2.60487068e-02  3.12005803e-02
  3.68124843e-02  4.28892784e-02  4.94344495e-02  5.64521439e-02  6.39487803e-02
  7.19327033e-02  8.04141089e-02  8.94052461e-02  9.89204496e-02  1.08976141e-01
  1.19590677e-01  1.30784154e-01  1.42577633e-01  1.54991895e-01  1.68044835e-01
  1.81746900e-01  1.96092948e-01  2.11047903e-01  2.26520747e-01  2.42311686e-01
  2.57989019e-01  2.72658080e-01  2.85097420e-01  2.94765264e-01  3.01505715e-01
  3.05191845e-01  3.06090325e-01  3.04410428e-01  3.01112711e-01  2.97365695e-01
  5.75936846e-02  5.39436340e-02  4.84592170e-02  4.31008488e-02  3.83758731e-02
  3.40111367e-02  2.98881065e-02  2.59433109e-02  2.21418999e-02  1.84668265e-02
  1.49126155e-02  1.14814388e-02  8.18063971e-03  5.02114510e-03  2.01638811e-03
 -8.18503671e-04 -3.46731883e-03 -5.91264991e-03 -8.14989768e-03 -1.01429345e-02
 -1.18422210e-02 -1.31903151e-02 -1.41194128e-02 -1.45455711e-02 -1.46977622e-02
 -1.45252459e-02 -1.40474522e-02 -1.29395844e-02 -1.12314783e-02 -8.93425010e-03
 -6.05546217e-03 -2.60641822e-03  1.39458489e-03  5.92376897e-03  1.09648239e-02
  1.65531337e-02  2.26894915e-02  2.93624606e-02  3.65610868e-02  4.42831963e-02
  5.25264814e-02  6.12884238e-02  7.05675706e-02  8.03629532e-02  9.06734839e-02
  1.01497114e-01  1.12829722e-01  1.24663346e-01  1.36983544e-01  1.49765402e-01
  1.62967652e-01  1.76523745e-01  1.90329298e-01  2.04224020e-01  2.17969552e-01
  2.31231317e-01  2.43591547e-01  2.54624248e-01  2.63996989e-01  2.71516234e-01
  2.77128875e-01  2.80922055e-01  2.83120096e-01  2.84068406e-01  2.84152776e-01
  6.26662597e-02  5.86013272e-02  5.37114888e-02  4.83949445e-02  4.30759899e-02
  3.78953069e-02  3.28649431e-02  2.79687177e-02  2.31903605e-02  1.85196027e-02
  1.39526259e-02  9.49124712e-03  5.14202612e-03  9.15543060e-04 -3.17428005e-03
 -7.11134216e-03 -1.08803287e-02 -1.44145554e-02 -1.78794097e-02 -2.11604889e-02
 -2.41661910e-02 -2.68186387e-02 -2.90524159e-02 -3.08201127e-02 -3.21089439e-02
 -3.28843296e-02 -3.30993459e-02 -3.26776393e-02 -3.15782987e-02 -2.97786482e-02
 -2.72702649e-02 -2.40624007e-02 -2.01926604e-02 -1.57497004e-02 -1.09203225e-02
 -5.33375004e-03  9.26271314e-04  7.78809609e-03  1.51965562e-02  2.31727064e-02
  3.17039154e-02  4.07703593e-02  5.03589883e-02  6.04556315e-02  7.10444078e-02
  8.21066424e-02  9.36196968e-02  1.05555192e-01  1.17876500e-01  1.30535334e-01
  1.43467456e-01  1.56587198e-01  1.69781536e-01  1.82904303e-01  1.95773274e-01
  2.08173871e-01  2.19873831e-01  2.30648786e-01  2.40311429e-01  2.48734236e-01
  2.55861461e-01  2.61711478e-01  2.66370088e-01  2.69973516e-01  2.72682160e-01
  6.93324357e-02  6.56899810e-02  5.91546074e-02  5.26900329e-02  4.66467999e-02
  4.07355092e-02  3.49049233e-02  2.91422121e-02  2.34433841e-02  1.78080183e-02
  1.22385360e-02  6.74030464e-03  1.32203999e-03 -4.00339207e-03 -9.21734050e-03
 -1.42922653e-02 -1.93967335e-02 -2.44275983e-02 -2.93168258e-02 -3.39790136e-02
 -3.83274294e-02 -4.22811881e-02 -4.57688868e-02 -4.87304591e-02 -5.11165708e-02
 -5.28809540e-02 -5.39781079e-02 -5.43632805e-02 -5.39998896e-02 -5.28604537e-02
 -5.09264842e-02 -4.81889620e-02 -4.46491092e-02 -4.03175242e-02 -3.52053829e-02
 -2.92901769e-02 -2.26241425e-02 -1.53536852e-02 -7.78735429e-03  5.09667327e-04
  9.41954646e-03  1.88557133e-02  2.88215075e-02  3.92916910e-02  5.02391458e-02
  6.16324805e-02  7.34365135e-02  8.56108665e-02  9.81081352e-02  1.10871553e-01
  1.23832479e-01  1.36907786e-01  1.49997786e-01  1.62985250e-01  1.75736696e-01
  1.88106626e-01  1.99945524e-01  2.11110532e-01  2.21476912e-01  2.30947956e-01
  2.39461154e-01  2.46990204e-01  2.53542453e-01  2.59152412e-01  2.63873041e-01
  7.16134757e-02  6.73045665e-02  6.18893765e-02  5.57391308e-02  4.92949747e-02
  4.27497290e-02  3.61655354e-02  2.95667853e-02  2.29671262e-02  1.63763147e-02
  9.80250910e-03  3.25352419e-03 -3.26227397e-03 -9.73510835e-03 -1.61520559e-02
 -2.26682778e-02 -2.91992687e-02 -3.56473811e-02 -4.19142209e-02 -4.79020551e-02
 -5.35179451e-02 -5.86771406e-02 -6.33050352e-02 -6.73376322e-02 -7.07206130e-02
 -7.34071955e-02 -7.53564760e-02 -7.65326768e-02 -7.69054368e-02 -7.64496177e-02
 -7.51448497e-02 -7.29747787e-02 -6.99262619e-02 -6.59882352e-02 -6.11506179e-02
 -5.54058924e-02 -4.87645231e-02 -4.12621573e-02 -3.29567529e-02 -2.38939226e-02
 -1.42771704e-02 -4.46447916e-03  5.98530611e-03  1.69405099e-02  2.83711534e-02
  4.02312540e-02  5.24778739e-02  6.50649965e-02  7.79424086e-02  9.10538658e-02
  1.04335502e-01  1.17714584e-01  1.31108820e-01  1.44426554e-01  1.57567918e-01
  1.70427427e-01  1.82897463e-01  1.94872841e-01  2.06255198e-01  2.16956824e-01
  2.26903304e-01  2.36034736e-01  2.44305670e-01  2.51684546e-01  2.58152992e-01
  7.73062482e-02  7.33534917e-02  6.61094710e-02  5.87300658e-02  5.15241995e-02
  4.42323759e-02  3.68450992e-02  2.93832347e-02  2.18662191e-02  1.43081089e-02
  6.71879435e-03 -8.94461526e-04 -8.52652080e-03 -1.61765870e-02 -2.40020808e-02
 -3.19167860e-02 -3.98172177e-02 -4.75917272e-02 -5.51287122e-02 -6.23220876e-02
 -6.90750182e-02 -7.53020421e-02 -8.09297860e-02 -8.58965218e-02 -9.01509449e-02
 -9.36505124e-02 -9.63598341e-02 -9.82493088e-02 -9.92941484e-02 -9.94734392e-02
 -9.87692922e-02 -9.71658751e-02 -9.46485251e-02 -9.12029222e-02 -8.68146867e-02
 -8.14701617e-02 -7.51591548e-02 -6.78776726e-02 -5.96312173e-02 -5.04421853e-02
 -4.03759256e-02 -2.95501146e-02 -1.81298759e-02 -6.56807330e-03  5.52165136e-03
  1.80110596e-02  3.08712162e-02  4.40545380e-02  5.75143248e-02  7.12006539e-02
  8.50589126e-02  9.90292057e-02  1.13046281e-01  1.27039641e-01  1.40934125e-01
  1.54650629e-01  1.68107048e-01  1.81219146e-01  1.93901032e-01  2.06065193e-01
  2.17622012e-01  2.28479281e-01  2.38542691e-01  2.47718215e-01  2.55917430e-01
  7.93279111e-02  7.47253522e-02  6.85770139e-02  6.13090582e-02  5.34710437e-02
  4.53544706e-02  3.70801501e-02  2.86979694e-02  2.02296637e-02  1.16852550e-02
  3.07005038e-03 -5.61106903e-03 -1.43484073e-02 -2.33337712e-02 -3.24886031e-02
 -4.17055599e-02 -5.08629829e-02 -5.98360263e-02 -6.85047954e-02 -7.67596439e-02
 -8.45040083e-02 -9.16554183e-02 -9.81450602e-02 -1.03916489e-01 -1.08923875e-01
 -1.13130137e-01 -1.16505101e-01 -1.19024053e-01 -1.20666459e-01 -1.21414989e-01
 -1.21254712e-01 -1.20172322e-01 -1.18155450e-01 -1.15191981e-01 -1.11269422e-01
 -1.06374487e-01 -1.00492999e-01 -9.36102197e-02 -8.57121870e-02 -7.67894834e-02
 -6.68452308e-02 -5.59058860e-02 -4.40391861e-02 -3.13890651e-02 -1.81723498e-02
 -4.94164135e-03  8.70808493e-03  2.26582270e-02  3.68802473e-02  5.13358191e-02
  6.59815148e-02  8.07707533e-02  9.56545323e-02  1.10581644e-01  1.25498518e-01
  1.40348807e-01  1.55072451e-01  1.69604123e-01  1.83870554e-01  1.97786629e-01
  2.11250395e-01  2.24137560e-01  2.36297637e-01  2.47555435e-01  2.57722259e-01
  8.56854841e-02  8.14894289e-02  7.38029554e-02  6.46471158e-02  5.54026999e-02
  4.61617075e-02  3.68802287e-02  2.75302418e-02  1.80948004e-02  8.56104679e-03
 -1.08338008e-03 -1.08534982e-02 -2.07733158e-02 -3.09766345e-02 -4.13416252e-02
 -5.17325439e-02 -6.20095097e-02 -7.20373690e-02 -8.16921592e-02 -9.08648372e-02
 -9.94626582e-02 -1.07408814e-01 -1.14640944e-01 -1.21109046e-01 -1.26773223e-01
 -1.31601542e-01 -1.35568053e-01 -1.38651326e-01 -1.40833244e-01 -1.42098159e-01
 -1.42432377e-01 -1.41823739e-01 -1.40261412e-01 -1.37735516e-01 -1.34236738e-01
 -1.29755616e-01 -1.24281704e-01 -1.17802493e-01 -1.10302627e-01 -1.01763874e-01
 -9.21670571e-02 -8.14969093e-02 -6.97525218e-02 -5.69662154e-02 -4.32324819e-02
 -2.87606008e-02 -1.38930557e-02  9.29565984e-04  1.60526074e-02  3.14325504e-02
  4.70300913e-02  6.28092363e-02  7.87364841e-02  9.47801098e-02  1.10909365e-01
  1.27093375e-01  1.43299371e-01  1.59489721e-01  1.75617188e-01  1.91617370e-01
  2.07397103e-01  2.22817913e-01  2.37674236e-01  2.51673073e-01  2.64438003e-01
  9.01266634e-02  8.61819685e-02  7.72109479e-02  6.67094141e-02  5.64322844e-02
  4.62496988e-02  3.60601284e-02  2.58094985e-02  1.54627841e-02  4.99404967e-03
 -5.61679993e-03 -1.63830686e-02 -2.74846330e-02 -3.88324969e-02 -5.02971373e-02
 -6.17318936e-02 -7.29890093e-02 -8.39301944e-02 -9.44326892e-02 -1.04391910e-01
 -1.13721535e-01 -1.22352034e-01 -1.30228266e-01 -1.37306899e-01 -1.43553674e-01
 -1.48941129e-01 -1.53446555e-01 -1.57050505e-01 -1.59735620e-01 -1.61485985e-01
 -1.62286803e-01 -1.62124515e-01 -1.60986930e-01 -1.58863619e-01 -1.55746132e-01
 -1.51627719e-01 -1.46502748e-01 -1.40365347e-01 -1.33207440e-01 -1.25016615e-01
 -1.15774482e-01 -1.05456419e-01 -9.40347016e-02 -8.14872757e-02 -6.78154752e-02
 -5.30751459e-02 -3.74229960e-02 -2.11901534e-02 -5.00790542e-03  1.14377569e-02
  2.81151123e-02  4.50016968e-02  6.20820336e-02  7.93465376e-02  9.67908725e-02
  1.14415355e-01  1.32223934e-01  1.50222257e-01  1.68413892e-01  1.86793372e-01
  2.05333233e-01  2.23959982e-01  2.42508590e-01  2.60622859e-01  2.77512044e-01
  9.00565460e-02  8.53660032e-02  7.71313012e-02  6.69457465e-02  5.62558509e-02
  4.54314537e-02  3.45179588e-02  2.34972052e-02  1.23400250e-02  1.01619633e-03
 -1.05060423e-02 -2.22661346e-02 -3.43875065e-02 -4.67372797e-02 -5.91610037e-02
 -7.14983642e-02 -8.35959390e-02 -9.53155458e-02 -1.06538557e-01 -1.17166884e-01
 -1.27121776e-01 -1.36341438e-01 -1.44777939e-01 -1.52394310e-01 -1.59161583e-01
 -1.65056407e-01 -1.70058951e-01 -1.74151316e-01 -1.77316353e-01 -1.79536939e-01
 -1.80795744e-01 -1.81075409e-01 -1.80359259e-01 -1.78632289e-01 -1.75882280e-01
 -1.72100738e-01 -1.67283222e-01 -1.61428750e-01 -1.54537901e-01 -1.46609887e-01
 -1.37638673e-01 -1.27609313e-01 -1.16495550e-01 -1.04260966e-01 -9.08662900e-02
 -7.62869269e-02 -6.05461858e-02 -4.37710583e-02 -2.62744892e-02 -8.64833593e-03
  9.18962620e-03  2.72388421e-02  4.55059111e-02  6.40056580e-02  8.27622265e-02
  1.01810291e-01  1.21196553e-01  1.40981451e-01  1.61240861e-01  1.82067692e-01
  2.03572378e-01  2.25880235e-01  2.49116108e-01  2.73333192e-01  2.97577202e-01
  9.32448357e-02  8.92449170e-02  7.86174983e-02  6.66989312e-02  5.52509129e-02
  4.38344814e-02  3.23201567e-02  2.06559934e-02  8.80821049e-03 -3.25019541e-03
 -1.55396936e-02 -2.82483120e-02 -4.12860028e-02 -5.45107387e-02 -6.77580610e-02
 -8.08618218e-02 -9.36677381e-02 -1.06040806e-01 -1.17868252e-01 -1.29059196e-01
 -1.39542460e-01 -1.49263531e-01 -1.58181146e-01 -1.66264161e-01 -1.73488677e-01
 -1.79835588e-01 -1.85288504e-01 -1.89831987e-01 -1.93450183e-01 -1.96125776e-01
 -1.97839379e-01 -1.98569402e-01 -1.98292688e-01 -1.96985945e-01 -1.94627807e-01
 -1.91201225e-01 -1.86695740e-01 -1.81108609e-01 -1.74444526e-01 -1.66712970e-01
 -1.57923684e-01 -1.48080468e-01 -1.37175009e-01 -1.25181854e-01 -1.12057537e-01
 -9.77467895e-02 -8.22005346e-02 -6.54122010e-02 -4.74798605e-02 -2.87010055e-02
 -9.69961844e-03  9.49007273e-03  2.88932584e-02  4.85457107e-02  6.84960186e-02
  8.88083130e-02  1.09566368e-01  1.30879343e-01  1.52889982e-01  1.75786316e-01
  1.99819580e-01  2.25335136e-01  2.52841771e-01  2.83297867e-01  3.21068794e-01
  8.93712491e-02  8.40633661e-02  7.54287764e-02  6.47270605e-02  5.32806963e-02
  4.15383279e-02  2.95792092e-02  1.73946731e-02  4.95910365e-03 -7.75542762e-03
 -2.07765177e-02 -3.42538506e-02 -4.80543785e-02 -6.20106459e-02 -7.59442970e-02
 -8.96835849e-02 -1.03074387e-01 -1.15985617e-01 -1.28310382e-01 -1.39964432e-01
 -1.50883153e-01 -1.61018163e-01 -1.70333818e-01 -1.78804114e-01 -1.86410055e-01
 -1.93137258e-01 -1.98973954e-01 -2.03909189e-01 -2.07931206e-01 -2.11026073e-01
 -2.13175938e-01 -2.14357719e-01 -2.14542836e-01 -2.13698134e-01 -2.11788535e-01
 -2.08780825e-01 -2.04648495e-01 -1.99376225e-01 -1.92962766e-01 -1.85420454e-01
 -1.76771209e-01 -1.67039454e-01 -1.56242788e-01 -1.44382164e-01 -1.31434083e-01
 -1.17347866e-01 -1.02051631e-01 -8.54725689e-02 -6.75790757e-02 -4.84553687e-02
 -2.84185633e-02 -8.17673653e-03  1.22387391e-02  3.28773558e-02  5.38033023e-02
  7.50969648e-02  9.68603641e-02  1.19225100e-01  1.42363325e-01  1.66502863e-01
  1.91947952e-01  2.19106525e-01  2.48521790e-01  2.80922979e-01  3.17529649e-01
  9.25586298e-02  8.83421004e-02  7.57945850e-02  6.29275069e-02  5.08813336e-02
  3.87997627e-02  2.64921859e-02  1.38960239e-02  9.77474730e-04 -1.22937970e-02
 -2.59558354e-02 -4.00876142e-02 -5.45276254e-02 -6.90902025e-02 -8.35874081e-02
 -9.78444666e-02 -1.11708745e-01 -1.25053182e-01 -1.37776032e-01 -1.49798378e-01
 -1.61060631e-01 -1.71518892e-01 -1.81141779e-01 -1.89907447e-01 -1.97801307e-01
 -2.04813898e-01 -2.10939407e-01 -2.16174841e-01 -2.20517784e-01 -2.23963276e-01
 -2.26500362e-01 -2.28109360e-01 -2.28759974e-01 -2.28411287e-01 -2.27013856e-01
 -2.24514097e-01 -2.20860854e-01 -2.16013283e-01 -2.09948391e-01 -2.02666253e-01
 -1.94190264e-01 -1.84560806e-01 -1.73822850e-01 -1.62011936e-01 -1.49140283e-01
 -1.35186061e-01 -1.20089836e-01 -1.03762187e-01 -8.61090124e-02 -6.70838133e-02
 -4.67799194e-02 -2.55747046e-02 -4.32075001e-03  1.70817878e-02  3.87084372e-02
  6.06381260e-02  8.29648823e-02  1.05806865e-01  1.29315957e-01  1.53690085e-01
  1.79191008e-01  2.06170410e-01  2.35102579e-01  2.66534209e-01  2.99904466e-01
  8.45820531e-02  7.84877464e-02  6.98560104e-02  5.93591705e-02  4.78620715e-02
  3.57904248e-02  2.32833177e-02  1.03773894e-02 -2.92269443e-03 -1.66210104e-02
 -3.08769289e-02 -4.55789641e-02 -6.05575405e-02 -7.56198168e-02 -9.05743167e-02
 -1.05246291e-01 -1.19485609e-01 -1.33168995e-01 -1.46198720e-01 -1.58499554e-01
 -1.70015097e-01 -1.80704251e-01 -1.90538228e-01 -1.99498117e-01 -2.07572833e-01
 -2.14758560e-01 -2.21059069e-01 -2.26483703e-01 -2.31043622e-01 -2.34747157e-01
 -2.37594977e-01 -2.39575565e-01 -2.40662038e-01 -2.40810513e-01 -2.39960849e-01
 -2.38040388e-01 -2.34970808e-01 -2.30678156e-01 -2.25104645e-01 -2.18220055e-01
 -2.10029170e-01 -2.00571999e-01 -1.89914271e-01 -1.78128287e-01 -1.65271029e-01
 -1.51365951e-01 -1.36390492e-01 -1.20273650e-01 -1.02908112e-01 -8.41843858e-02
 -6.40578195e-02 -4.26633954e-02 -2.04890296e-02  1.41087291e-03  2.34642718e-02
  4.57080007e-02  6.81976527e-02  9.10065696e-02  1.14226207e-01  1.37967885e-01
  1.62365928e-01  1.87584102e-01  2.13832974e-01  2.41418645e-01  2.70483702e-01
  8.47749934e-02  7.90482908e-02  6.89856634e-02  5.73231652e-02  4.53740433e-02
  3.30328867e-02  2.02582348e-02  7.04125501e-03 -6.62427070e-03 -2.07482260e-02
 -3.54638621e-02 -5.06232791e-02 -6.60363883e-02 -8.14996734e-02 -9.68174264e-02
 -1.11814708e-01 -1.26343310e-01 -1.40282616e-01 -1.53537437e-01 -1.66034549e-01
 -1.77718967e-01 -1.88550726e-01 -1.98502243e-01 -2.07556233e-01 -2.15705499e-01
 -2.22954839e-01 -2.29320362e-01 -2.34826073e-01 -2.39498839e-01 -2.43362457e-01
 -2.46431619e-01 -2.48706296e-01 -2.50167280e-01 -2.50773102e-01 -2.50459164e-01
 -2.49139562e-01 -2.46712908e-01 -2.43072242e-01 -2.38119334e-01 -2.31781289e-01
 -2.24026069e-01 -2.14871705e-01 -2.04384416e-01 -1.92663297e-01 -1.79812580e-01
 -1.65910602e-01 -1.50988027e-01 -1.35016069e-01 -1.17908791e-01 -9.95443761e-02
 -7.98141807e-02 -5.87135591e-02 -3.64922024e-02 -1.38729811e-02  8.47521983e-03
  3.08369193e-02  5.32335564e-02  7.56930485e-02  9.82412323e-02  1.20893687e-01
  1.43642515e-01  1.66430488e-01  1.89097062e-01  2.11265311e-01  2.32170895e-01
  8.25591534e-02  7.63067827e-02  6.67233765e-02  5.53005040e-02  4.32012640e-02
  3.06205358e-02  1.75745413e-02  4.05589072e-03 -9.94852465e-03 -2.44549606e-02
 -3.95599492e-02 -5.50968237e-02 -7.08624348e-02 -8.66460577e-02 -1.02249272e-01
 -1.17497280e-01 -1.32243291e-01 -1.46368355e-01 -1.59778520e-01 -1.72401160e-01
 -1.84181422e-01 -1.95079312e-01 -2.05067441e-01 -2.14130014e-01 -2.22266048e-01
 -2.29490772e-01 -2.35833660e-01 -2.41333798e-01 -2.46033683e-01 -2.49972299e-01
 -2.53178418e-01 -2.55664349e-01 -2.57420748e-01 -2.58412540e-01 -2.58576483e-01
 -2.57821053e-01 -2.56029844e-01 -2.53069878e-01 -2.48805419e-01 -2.43117675e-01
 -2.35926837e-01 -2.27211341e-01 -2.17016637e-01 -2.05447733e-01 -1.92644045e-01
 -1.78740636e-01 -1.63829774e-01 -1.47938654e-01 -1.31022558e-01 -1.12976000e-01
 -9.36675891e-02 -7.30089098e-02 -5.10732681e-02 -2.82799657e-02 -5.63513208e-03
  1.67567059e-02  3.89487557e-02  6.09521903e-02  8.27525333e-02  1.04308851e-01
  1.25544012e-01  1.46327779e-01  1.66454762e-01  1.85624808e-01  2.03447402e-01
  8.18689913e-02  7.55592734e-02  6.55747056e-02  5.37806489e-02  4.14229631e-02
  2.86041014e-02  1.53114349e-02  1.52702467e-03 -1.27708986e-02 -2.76134722e-02
 -4.30524684e-02 -5.89049906e-02 -7.49587044e-02 -9.09985676e-02 -1.06825046e-01
 -1.22263953e-01 -1.37169689e-01 -1.51424274e-01 -1.64934143e-01 -1.77626476e-01
 -1.89445809e-01 -2.00351566e-01 -2.10316211e-01 -2.19327077e-01 -2.27390736e-01
 -2.34533340e-01 -2.40797341e-01 -2.46235728e-01 -2.50904828e-01 -2.54856855e-01
 -2.58132905e-01 -2.60756433e-01 -2.62727946e-01 -2.64020383e-01 -2.64575571e-01
 -2.64302522e-01 -2.63078302e-01 -2.60753483e-01 -2.57164001e-01 -2.52150536e-01
 -2.45584592e-01 -2.37396151e-01 -2.27594003e-01 -2.16269508e-01 -2.03577802e-01
 -1.89698771e-01 -1.74786747e-01 -1.58930302e-01 -1.42135784e-01 -1.24330021e-01
 -1.05384797e-01 -8.51696134e-02 -6.36449307e-02 -4.10118848e-02 -1.79237667e-02
  4.28547012e-03  2.62085497e-02  4.77793589e-02  6.89430684e-02  8.96338150e-02
  1.09762520e-01  1.29208833e-01  1.47816762e-01  1.65396526e-01  1.81736782e-01
  8.12882334e-02  7.49226660e-02  6.46333322e-02  5.25670946e-02  4.00129743e-02
  2.70055160e-02  1.35167697e-02 -4.70402214e-04 -1.49669610e-02 -3.01369410e-02
 -4.58720140e-02 -6.19907081e-02 -7.82797486e-02 -9.45236757e-02 -1.10523500e-01
 -1.26106098e-01 -1.41126916e-01 -1.55468524e-01 -1.69037327e-01 -1.81759924e-01
 -1.93580106e-01 -2.04456672e-01 -2.14362547e-01 -2.23289445e-01 -2.31251806e-01
 -2.38286018e-01 -2.44445965e-01 -2.49796301e-01 -2.54404545e-01 -2.58333445e-01
 -2.61633545e-01 -2.64337331e-01 -2.66453534e-01 -2.67962724e-01 -2.68813044e-01
 -2.68917382e-01 -2.68152207e-01 -2.66360313e-01 -2.63359576e-01 -2.58960545e-01
 -2.52993375e-01 -2.45340765e-01 -2.35968605e-01 -2.24941671e-01 -2.12414101e-01
 -1.98593214e-01 -1.83684886e-01 -1.67836919e-01 -1.51108503e-01 -1.33465976e-01
 -1.14800707e-01 -9.49732363e-02 -7.38937110e-02 -5.16556203e-02 -2.87401937e-02
 -6.28263736e-03  1.55776488e-02  3.68787497e-02  5.76048642e-02  7.77086690e-02
  9.71193239e-02  1.15745842e-01  1.33480176e-01  1.50202468e-01  1.65789559e-01
  7.99913481e-02  7.32828900e-02  6.33648485e-02  5.15567623e-02  3.89716849e-02
  2.58430690e-02  1.21980580e-02 -1.96852605e-03 -1.66677330e-02 -3.20615396e-02
 -4.80171256e-02 -6.43403009e-02 -8.08114335e-02 -9.72124115e-02 -1.13343671e-01
 -1.29032463e-01 -1.44134685e-01 -1.58533126e-01 -1.72133923e-01 -1.84863120e-01
 -1.96663901e-01 -2.07494706e-01 -2.17329800e-01 -2.26165578e-01 -2.34023601e-01
 -2.40948915e-01 -2.47004628e-01 -2.52264321e-01 -2.56803900e-01 -2.60693491e-01
 -2.63990521e-01 -2.66733706e-01 -2.68937886e-01 -2.70589501e-01 -2.71642417e-01
 -2.72014022e-01 -2.71582991e-01 -2.70189643e-01 -2.67642260e-01 -2.63731956e-01
 -2.58258641e-01 -2.51066864e-01 -2.42083296e-01 -2.31342837e-01 -2.18988881e-01
 -2.05241844e-01 -1.90342829e-01 -1.74488291e-01 -1.57783464e-01 -1.40230924e-01
 -1.21743433e-01 -1.02181621e-01 -8.14233497e-02 -5.94785586e-02 -3.66650186e-02
 -1.38399368e-02  7.78638106e-03  2.88387090e-02  4.92598638e-02  6.89924061e-02
  8.79724026e-02  1.06128097e-01  1.23381361e-01  1.39651224e-01  1.54859051e-01
  8.11495110e-02  7.48550817e-02  6.38297200e-02  5.12615219e-02  3.84549499e-02
  2.51951963e-02  1.14145353e-02 -2.90468289e-03 -1.77723132e-02 -3.33395153e-02
 -4.94630709e-02 -6.59411922e-02 -8.25496912e-02 -9.90682766e-02 -1.15296729e-01
 -1.31062359e-01 -1.46221325e-01 -1.60656482e-01 -1.74273819e-01 -1.86999053e-01
 -1.98775113e-01 -2.09560484e-01 -2.19331190e-01 -2.28087679e-01 -2.35857219e-01
 -2.42691323e-01 -2.48659700e-01 -2.53842145e-01 -2.58320034e-01 -2.62168229e-01
 -2.65448332e-01 -2.68202871e-01 -2.70450383e-01 -2.72181094e-01 -2.73352563e-01
 -2.73885638e-01 -2.73661256e-01 -2.72519529e-01 -2.70264179e-01 -2.66675323e-01
 -2.61534333e-01 -2.54660308e-01 -2.45951802e-01 -2.35419914e-01 -2.23196089e-01
 -2.09505111e-01 -1.94608569e-01 -1.78735048e-01 -1.62022293e-01 -1.44499198e-01
 -1.26095280e-01 -1.06675014e-01 -8.61018971e-02 -6.43448085e-02 -4.16437685e-02
 -1.87396966e-02  2.88161822e-03  2.38535590e-02  4.41383161e-02  6.36907518e-02
  8.24588165e-02  1.00384906e-01  1.17408164e-01  1.33467600e-01  1.48505986e-01
  7.90680572e-02  7.19970614e-02  6.24586232e-02  5.10168560e-02  3.84377912e-02
  2.51253471e-02  1.12199979e-02 -3.23952385e-03 -1.82490535e-02 -3.39527056e-02
 -5.02029732e-02 -6.67950362e-02 -8.35028589e-02 -1.00105330e-01 -1.16402142e-01
 -1.32220864e-01 -1.47418022e-01 -1.61876693e-01 -1.75503045e-01 -1.88222855e-01
 -1.99979216e-01 -2.10731015e-01 -2.20455840e-01 -2.29157045e-01 -2.36865565e-01
 -2.43636906e-01 -2.49544650e-01 -2.54672080e-01 -2.59103417e-01 -2.62915879e-01
 -2.66172916e-01 -2.68918604e-01 -2.71172881e-01 -2.72927344e-01 -2.74140954e-01
 -2.74735719e-01 -2.74593323e-01 -2.73553699e-01 -2.71418363e-01 -2.67962515e-01
 -2.62959182e-01 -2.56215930e-01 -2.47618303e-01 -2.37166166e-01 -2.24984825e-01
 -2.11300433e-01 -1.96383148e-01 -1.80475399e-01 -1.63729355e-01 -1.46185368e-01
 -1.27780274e-01 -1.08380847e-01 -8.78467634e-02 -6.61356077e-02 -4.34674993e-02
 -2.05572490e-02  1.13145995e-03  2.21210830e-02  4.23933454e-02  6.19138703e-02
  8.06376189e-02  9.85128433e-02  1.15484565e-01  1.31498024e-01  1.46502271e-01
  8.46771896e-02  7.89627284e-02  6.64724335e-02  5.27950525e-02  3.94090414e-02
  2.57350523e-02  1.16188312e-02 -2.99032079e-03 -1.81182045e-02 -3.39216441e-02
 -5.02577834e-02 -6.69235587e-02 -8.36936980e-02 -1.00347608e-01 -1.16685472e-01
 -1.32535428e-01 -1.47754565e-01 -1.62226513e-01 -1.75857946e-01 -1.88575178e-01
 -2.00321853e-01 -2.11057499e-01 -2.20760733e-01 -2.29436174e-01 -2.37116173e-01
 -2.43857622e-01 -2.49735236e-01 -2.54833102e-01 -2.59235919e-01 -2.63020962e-01
 -2.66251445e-01 -2.68970877e-01 -2.71198452e-01 -2.72924691e-01 -2.74107337e-01
 -2.74666995e-01 -2.74483979e-01 -2.73396730e-01 -2.71205842e-01 -2.67686367e-01
 -2.62612253e-01 -2.55793512e-01 -2.47119412e-01 -2.36593902e-01 -2.24345595e-01
 -2.10601762e-01 -1.95630893e-01 -1.79670945e-01 -1.62868187e-01 -1.45257145e-01
 -1.26769766e-01 -1.07269809e-01 -8.66173506e-02 -6.47761598e-02 -4.19822186e-02
 -1.89806428e-02  2.71468353e-03  2.37494595e-02  4.40942384e-02  6.37056902e-02
  8.25314894e-02  1.00513272e-01  1.17589422e-01  1.33698359e-01  1.48782328e-01
  8.29145983e-02  7.62252733e-02  6.60299510e-02  5.36645278e-02  4.04184051e-02
  2.66575534e-02  1.24345860e-02 -2.26146821e-03 -1.74521562e-02 -3.33020091e-02
 -4.96732928e-02 -6.63661361e-02 -8.31570923e-02 -9.98266488e-02 -1.16175696e-01
 -1.32032990e-01 -1.47256270e-01 -1.61729947e-01 -1.75361529e-01 -1.88078269e-01
 -1.99824736e-01 -2.10561261e-01 -2.20266715e-01 -2.28945360e-01 -2.36628637e-01
 -2.43372127e-01 -2.49248937e-01 -2.54341334e-01 -2.58732051e-01 -2.62496322e-01
 -2.65694946e-01 -2.68368870e-01 -2.70534307e-01 -2.72178322e-01 -2.73254842e-01
 -2.73680657e-01 -2.73332417e-01 -2.72046477e-01 -2.69623876e-01 -2.65844584e-01
 -2.60493308e-01 -2.53396630e-01 -2.44464025e-01 -2.33718306e-01 -2.21299648e-01
 -2.07435265e-01 -1.92380995e-01 -1.76351786e-01 -1.59468517e-01 -1.41743794e-01
 -1.23094112e-01 -1.03377409e-01 -8.24621692e-02 -6.03414923e-02 -3.73075493e-02
 -1.41822016e-02  7.49486871e-03  2.86429133e-02  4.91776317e-02  6.90290779e-02
  8.81271586e-02  1.06396817e-01  1.23757951e-01  1.40128314e-01  1.55428410e-01
  8.60051811e-02  8.00391212e-02  6.85359240e-02  5.51799349e-02  4.16668989e-02
  2.78212931e-02  1.35613289e-02 -1.14854157e-03 -1.63322594e-02 -3.21621783e-02
 -4.85071167e-02 -6.51715621e-02 -8.19345042e-02 -9.85775739e-02 -1.14902221e-01
 -1.30737573e-01 -1.45941913e-01 -1.60400495e-01 -1.74021885e-01 -1.86734572e-01
 -1.98484361e-01 -2.09232569e-01 -2.18957737e-01 -2.27662250e-01 -2.35374421e-01
 -2.42145866e-01 -2.48045340e-01 -2.53150642e-01 -2.57540047e-01 -2.61284292e-01
 -2.64439672e-01 -2.67042339e-01 -2.69103229e-01 -2.70603716e-01 -2.71491677e-01
 -2.71678001e-01 -2.71034777e-01 -2.69396752e-01 -2.66568959e-01 -2.62343466e-01
 -2.56526947e-01 -2.48976812e-01 -2.39636943e-01 -2.28559405e-01 -2.15899006e-01
 -2.01877028e-01 -1.86722875e-01 -1.70610338e-01 -1.53618872e-01 -1.35727242e-01
 -1.16830982e-01 -9.67871100e-02 -7.54951984e-02 -5.30324392e-02 -2.98611913e-02
 -7.10440427e-03  1.50051741e-02  3.65321599e-02  5.74701056e-02  7.77745917e-02
  9.73752663e-02  1.16180725e-01  1.34082168e-01  1.50958851e-01  1.66686803e-01
  8.55028406e-02  7.91193545e-02  6.87505007e-02  5.61942644e-02  4.28987741e-02
  2.91345250e-02  1.49293588e-02  2.76368402e-04 -1.48349144e-02 -3.05709597e-02
 -4.68187481e-02 -6.33906424e-02 -8.00687671e-02 -9.66356695e-02 -1.12892807e-01
 -1.28669247e-01 -1.43823490e-01 -1.58241495e-01 -1.71832994e-01 -1.84527963e-01
 -1.96273625e-01 -2.07032561e-01 -2.16782808e-01 -2.25523666e-01 -2.33278394e-01
 -2.40092263e-01 -2.46026933e-01 -2.51152962e-01 -2.55541414e-01 -2.59256005e-01
 -2.62346089e-01 -2.64840603e-01 -2.66743034e-01 -2.68027067e-01 -2.68632948e-01
 -2.68465072e-01 -2.67391890e-01 -2.65250027e-01 -2.61855066e-01 -2.57021219e-01
 -2.50589728e-01 -2.42461309e-01 -2.32623383e-01 -2.21159860e-01 -2.08234847e-01
 -1.94051579e-01 -1.78796113e-01 -1.62586257e-01 -1.45449370e-01 -1.27323478e-01
 -1.08081765e-01 -8.75863060e-02 -6.57829493e-02 -4.28535603e-02 -1.94309801e-02
  3.17233661e-03  2.54476089e-02  4.73404601e-02  6.88033402e-02  8.97742808e-02
  1.10165939e-01  1.29858404e-01  1.48695245e-01  1.66485816e-01  1.83017597e-01
  8.70551243e-02  8.09777901e-02  7.03280717e-02  5.75780682e-02  4.43136282e-02
  3.06340400e-02  1.65213216e-02  1.95925287e-03 -1.30711459e-02 -2.85990275e-02
 -4.46635708e-02 -6.10709451e-02 -7.76010007e-02 -9.40350443e-02 -1.10173590e-01
 -1.25845075e-01 -1.40907899e-01 -1.55248567e-01 -1.68777987e-01 -1.81427628e-01
 -1.93146423e-01 -2.03898326e-01 -2.13661209e-01 -2.22430706e-01 -2.30223626e-01
 -2.37076759e-01 -2.43042186e-01 -2.48180389e-01 -2.52552450e-01 -2.56212234e-01
 -2.59199470e-01 -2.61533648e-01 -2.63208836e-01 -2.64189810e-01 -2.64409095e-01
 -2.63766199e-01 -2.62129992e-01 -2.59345949e-01 -2.55250335e-01 -2.49691486e-01
 -2.42556587e-01 -2.33797118e-01 -2.23444507e-01 -2.11606920e-01 -1.98443964e-01
 -1.84123531e-01 -1.68772563e-01 -1.52445868e-01 -1.35115832e-01 -1.16682068e-01
 -9.70061719e-02 -7.59814605e-02 -5.36554456e-02 -3.04256361e-02 -7.31166871e-03
  1.55158704e-02  3.81197445e-02  6.05143346e-02  8.26863572e-02  1.04595318e-01
  1.26164049e-01  1.47261828e-01  1.67682126e-01  1.87122956e-01  2.05191344e-01
  8.80019441e-02  8.20742399e-02  7.15596005e-02  5.89729063e-02  4.58710231e-02
  3.23327668e-02  1.83558632e-02  3.94205144e-03 -1.09135369e-02 -2.62230970e-02
 -4.20621820e-02 -5.82493059e-02 -7.45709017e-02 -9.08114016e-02 -1.06772482e-01
 -1.22282878e-01 -1.37201175e-01 -1.51414454e-01 -1.64834663e-01 -1.77394807e-01
 -1.89045399e-01 -1.99751824e-01 -2.09492311e-01 -2.18259037e-01 -2.26061612e-01
 -2.32926875e-01 -2.38895178e-01 -2.44014442e-01 -2.48332977e-01 -2.51892179e-01
 -2.54719675e-01 -2.56823629e-01 -2.58187711e-01 -2.58768082e-01 -2.58491814e-01
 -2.57258207e-01 -2.54944086e-01 -2.51414061e-01 -2.46536732e-01 -2.40205199e-01
 -2.32358500e-01 -2.22997248e-01 -2.12186605e-01 -2.00042233e-01 -1.86699584e-01
 -1.72273383e-01 -1.56825751e-01 -1.40349835e-01 -1.22769035e-01 -1.03956327e-01
 -8.37809071e-02 -6.21954165e-02 -3.93810198e-02 -1.59593038e-02  6.76660705e-03
  2.95703281e-02  5.24259396e-02  7.53403753e-02  9.83301327e-02  1.21406719e-01
  1.44560412e-01  1.67733029e-01  1.90762803e-01  2.13270247e-01  2.34485641e-01
  8.78914371e-02  8.17150846e-02  7.22804591e-02  6.05446398e-02  4.76923175e-02
  3.42545696e-02  2.03905385e-02  6.13813195e-03 -8.50253273e-03 -2.35450529e-02
 -3.90989184e-02 -5.49983121e-02 -7.10401237e-02 -8.70148912e-02 -1.02727339e-01
 -1.18007414e-01 -1.32714197e-01 -1.46735132e-01 -1.59982905e-01 -1.72391564e-01
 -1.83912784e-01 -1.94512978e-01 -2.04170868e-01 -2.12876052e-01 -2.20631108e-01
 -2.27452293e-01 -2.33366922e-01 -2.38408491e-01 -2.42610484e-01 -2.45999768e-01
 -2.48590440e-01 -2.50378549e-01 -2.51338214e-01 -2.51419634e-01 -2.50549465e-01
 -2.48634562e-01 -2.45569691e-01 -2.41249472e-01 -2.35583976e-01 -2.28515297e-01
 -2.20030695e-01 -2.10167453e-01 -1.99005142e-01 -1.86644763e-01 -1.73177898e-01
 -1.58660039e-01 -1.43093243e-01 -1.26420274e-01 -1.08534731e-01 -8.93136412e-02
 -6.86835125e-02 -4.67356741e-02 -2.39065643e-02 -1.21623080e-03  2.15128176e-02
  4.43741605e-02  6.74442947e-02  9.08043534e-02  1.14549041e-01  1.38791546e-01
  1.63667887e-01  1.89343587e-01  2.16031492e-01  2.44040757e-01  2.73515850e-01
  9.80110466e-02  9.44587290e-02  7.87286386e-02  6.36011437e-02  4.98831943e-02
  3.62506434e-02  2.24410966e-02  8.37120228e-03 -6.00072416e-03 -2.07061879e-02
 -3.58940177e-02 -5.14188334e-02 -6.70916215e-02 -8.27116892e-02 -9.80883911e-02
 -1.13053583e-01 -1.27466768e-01 -1.41215250e-01 -1.54211611e-01 -1.66389972e-01
 -1.77702263e-01 -1.88114956e-01 -1.97606415e-01 -2.06164598e-01 -2.13786125e-01
 -2.20477134e-01 -2.26251766e-01 -2.31128618e-01 -2.35125601e-01 -2.38254607e-01
 -2.40516350e-01 -2.41896227e-01 -2.42361858e-01 -2.41862714e-01 -2.40332365e-01
 -2.37694159e-01 -2.33869851e-01 -2.28790954e-01 -2.22410902e-01 -2.14714989e-01
 -2.05724642e-01 -1.95492998e-01 -1.84090450e-01 -1.71582758e-01 -1.58011347e-01
 -1.43377960e-01 -1.27637327e-01 -1.10702343e-01 -9.24677923e-02 -7.28614181e-02
 -5.19355573e-02 -3.00120618e-02 -7.87826348e-03  1.43515579e-02  3.67468297e-02
  5.93934283e-02  8.23929384e-02  1.05869390e-01  1.29979119e-01  1.54923871e-01
  1.80969030e-01  2.08470374e-01  2.37906933e-01  2.69830674e-01  3.03677320e-01
  9.11331177e-02  8.56209025e-02  7.61362538e-02  6.40689284e-02  5.10452986e-02
  3.76934707e-02  2.41401903e-02  1.03814341e-02 -3.61300446e-03 -1.78766362e-02
 -3.25896852e-02 -4.76288944e-02 -6.28220364e-02 -7.79792890e-02 -9.29158926e-02
 -1.07465945e-01 -1.21488966e-01 -1.34871200e-01 -1.47523865e-01 -1.59379706e-01
 -1.70389473e-01 -1.80518314e-01 -1.89742908e-01 -1.98048830e-01 -2.05428481e-01
 -2.11879566e-01 -2.17404604e-01 -2.22008467e-01 -2.25694895e-01 -2.28462502e-01
 -2.30301142e-01 -2.31189340e-01 -2.31093332e-01 -2.29968354e-01 -2.27762163e-01
 -2.24421084e-01 -2.19897836e-01 -2.14159802e-01 -2.07195863e-01 -1.99019328e-01
 -1.89664736e-01 -1.79177493e-01 -1.67600170e-01 -1.54958367e-01 -1.41248479e-01
 -1.26431122e-01 -1.10434085e-01 -9.31705236e-02 -7.45802969e-02 -5.47062606e-02
 -3.38179134e-02 -1.25848213e-02  8.76397360e-03  3.02856658e-02  5.20459376e-02
  7.41267726e-02  9.66324955e-02  1.19697534e-01  1.43497199e-01  1.68262914e-01
  1.94303006e-01  2.22030208e-01  2.51993388e-01  2.84928471e-01  3.22065145e-01
  9.60950255e-02  9.27578583e-02  7.92783052e-02  6.48696348e-02  5.15782386e-02
  3.84481959e-02  2.52664667e-02  1.19558768e-02 -1.53040804e-03 -1.52277229e-02
 -2.93298420e-02 -4.37474735e-02 -5.83291911e-02 -7.28975907e-02 -8.72742459e-02
 -1.01295359e-01 -1.14819750e-01 -1.27731457e-01 -1.39938787e-01 -1.51371613e-01
 -1.61977708e-01 -1.71719372e-01 -1.80570140e-01 -1.88512027e-01 -1.95533112e-01
 -2.01625347e-01 -2.06782654e-01 -2.10999504e-01 -2.14268953e-01 -2.16580272e-01
 -2.17916980e-01 -2.18255907e-01 -2.17567489e-01 -2.15818018e-01 -2.12973267e-01
 -2.09003478e-01 -2.03888506e-01 -1.97621971e-01 -1.90212533e-01 -1.81680977e-01
 -1.72054067e-01 -1.61355957e-01 -1.49598166e-01 -1.36770844e-01 -1.22837946e-01
 -1.07739747e-01 -9.14073586e-02 -7.37961009e-02 -5.49473614e-02 -3.50899473e-02
 -1.47861606e-02  5.35820238e-03  2.57181767e-02  4.63017337e-02  6.71441257e-02
  8.83034617e-02  1.09861434e-01  1.31927460e-01  1.54646024e-01  1.78208038e-01
  2.02868760e-01  2.28978559e-01  2.57052660e-01  2.88058430e-01  3.26394409e-01
  8.88440832e-02  8.37869346e-02  7.46528283e-02  6.30573630e-02  5.07240444e-02
  3.82179953e-02  2.56289374e-02  1.29348775e-02  9.18570586e-05 -1.29486686e-02
 -2.62416285e-02 -3.98732163e-02 -5.36956862e-02 -6.75376430e-02 -8.12247992e-02
 -9.45945084e-02 -1.07504204e-01 -1.19834751e-01 -1.31490424e-01 -1.42396659e-01
 -1.52496904e-01 -1.61749169e-01 -1.70122787e-01 -1.77595407e-01 -1.84150472e-01
 -1.89775005e-01 -1.94457695e-01 -1.98187232e-01 -2.00951055e-01 -2.02734232e-01
 -2.03519151e-01 -2.03285545e-01 -2.02011764e-01 -1.99676767e-01 -1.96262851e-01
 -1.91758409e-01 -1.86159685e-01 -1.79471180e-01 -1.71703905e-01 -1.62871301e-01
 -1.52983487e-01 -1.42040804e-01 -1.30028352e-01 -1.16913661e-01 -1.02650456e-01
 -8.71924311e-02 -7.05222487e-02 -5.27027063e-02 -3.39577422e-02 -1.47844413e-02
  4.23837779e-03  2.34170817e-02  4.27620187e-02  6.22864142e-02  8.20121095e-02
  1.01972222e-01  1.22212961e-01  1.42795369e-01  1.63796991e-01  1.85313344e-01
  2.07458511e-01  2.30362669e-01  2.54157126e-01  2.78905034e-01  3.03651989e-01
  8.86423737e-02  8.49737301e-02  7.37576410e-02  6.09197766e-02  4.88377586e-02
  3.69874947e-02  2.51648687e-02  1.32766617e-02  1.26448658e-03 -1.09168673e-02
 -2.33065132e-02 -3.60331088e-02 -4.89679724e-02 -6.19530380e-02 -7.48221427e-02
 -8.74161348e-02 -9.95922163e-02 -1.11228481e-01 -1.22224815e-01 -1.32501572e-01
 -1.41996965e-01 -1.50663882e-01 -1.58466771e-01 -1.65378749e-01 -1.71379000e-01
 -1.76450625e-01 -1.80578917e-01 -1.83749989e-01 -1.85949832e-01 -1.87163979e-01
 -1.87377408e-01 -1.86575279e-01 -1.84743866e-01 -1.81871876e-01 -1.77951649e-01
 -1.72979906e-01 -1.66957453e-01 -1.59887746e-01 -1.51774064e-01 -1.42615840e-01
 -1.32404819e-01 -1.21122241e-01 -1.08739331e-01 -9.52233076e-02 -8.05527791e-02
 -6.47471696e-02 -4.79154661e-02 -3.03251240e-02 -1.24965608e-02  5.47710434e-03
  2.35459022e-02  4.17207368e-02  6.00030161e-02  7.83911869e-02  9.68845412e-02
  1.15485094e-01  1.34197921e-01  1.53029889e-01  1.71986327e-01  1.91064119e-01
  2.10238814e-01  2.29440436e-01  2.48507485e-01  2.67085642e-01  2.84377754e-01
  7.95260072e-02  7.47229382e-02  6.62489012e-02  5.59319891e-02  4.53088991e-02
  3.46234962e-02  2.38581784e-02  1.29812099e-02  1.96595537e-03 -9.21163429e-03
 -2.05752552e-02 -3.22756208e-02 -4.41987775e-02 -5.62005453e-02 -6.81250840e-02
 -7.98191652e-02 -9.11417753e-02 -1.01969518e-01 -1.12198591e-01 -1.21744417e-01
 -1.30539745e-01 -1.38532087e-01 -1.45680860e-01 -1.51954696e-01 -1.57328993e-01
 -1.61783949e-01 -1.65302858e-01 -1.67871013e-01 -1.69474930e-01 -1.70102060e-01
 -1.69740781e-01 -1.68380752e-01 -1.66013330e-01 -1.62631914e-01 -1.58231899e-01
 -1.52810216e-01 -1.46364018e-01 -1.38888776e-01 -1.30376026e-01 -1.20811433e-01
 -1.10174209e-01 -9.84396115e-02 -8.55870023e-02 -7.16166869e-02 -5.65804280e-02
 -4.06293720e-02 -2.40937304e-02 -7.53046852e-03  9.24840104e-03  2.61955149e-02
  4.32670303e-02  6.04287460e-02  7.76496306e-02  9.48994905e-02  1.12148203e-01
  1.29365012e-01  1.46517336e-01  1.63568124e-01  1.80471480e-01  1.97165012e-01
  2.13558391e-01  2.29516268e-01  2.44836107e-01  2.59227127e-01  2.72313833e-01
  7.04272985e-02  6.51250258e-02  5.81127778e-02  4.98275682e-02  4.08593975e-02
  3.15187685e-02  2.19394565e-02  1.21773062e-02  2.25324370e-03 -7.82856904e-03
 -1.80730354e-02 -2.86448114e-02 -3.94448675e-02 -5.03451824e-02 -6.12033308e-02
 -7.18751848e-02 -8.22243467e-02 -9.21282023e-02 -1.01480871e-01 -1.10193834e-01
 -1.18194953e-01 -1.25426590e-01 -1.31843254e-01 -1.37409285e-01 -1.42096564e-01
 -1.45882726e-01 -1.48749545e-01 -1.50681809e-01 -1.51666537e-01 -1.51692480e-01
 -1.50749832e-01 -1.48830056e-01 -1.45925671e-01 -1.42029837e-01 -1.37135684e-01
 -1.31235301e-01 -1.24318592e-01 -1.16372176e-01 -1.07379131e-01 -9.73202884e-02
 -8.61786380e-02 -7.39488006e-02 -6.06547855e-02 -4.63772565e-02 -3.13012823e-02
 -1.57343801e-02 -4.03775601e-04  1.52498614e-02  3.11461445e-02  4.72194701e-02
  6.34106845e-02  7.96637312e-02  9.59232301e-02  1.12133011e-01  1.28235400e-01
  1.44170746e-01  1.59876779e-01  1.75287202e-01  1.90329283e-01  2.04920024e-01
  2.18960971e-01  2.32332498e-01  2.44889513e-01  2.56462544e-01  2.66868621e-01
  6.51088282e-02  6.04192354e-02  5.29273674e-02  4.47700955e-02  3.66048813e-02
  2.82519199e-02  1.97164621e-02  1.10243354e-02  2.19483557e-03 -6.76107965e-03
 -1.58367846e-02 -2.51991767e-02 -3.47786658e-02 -4.44693528e-02 -5.41459918e-02
 -6.36768937e-02 -7.29334801e-02 -8.17967728e-02 -9.01611298e-02 -9.79358852e-02
 -1.05045229e-01 -1.11427158e-01 -1.17031716e-01 -1.21819101e-01 -1.25757694e-01
 -1.28822327e-01 -1.30992815e-01 -1.32252678e-01 -1.32588193e-01 -1.31987631e-01
 -1.30440623e-01 -1.27937540e-01 -1.24468870e-01 -1.20024569e-01 -1.14593312e-01
 -1.08161956e-01 -1.00715563e-01 -9.22386944e-02 -8.27188194e-02 -7.21532926e-02
 -6.05607182e-02 -4.79984842e-02 -3.45981121e-02 -2.05727071e-02 -6.45038439e-03
  8.06551054e-03  2.28445120e-02  3.78768295e-02  5.31232543e-02  6.85301498e-02
  8.40351060e-02  9.95691344e-02  1.15057483e-01  1.30420342e-01  1.45573810e-01
  1.60431296e-01  1.74905062e-01  1.88907668e-01  2.02352896e-01  2.15155840e-01
  2.27232322e-01  2.38497868e-01  2.48867571e-01  2.58257776e-01  2.66590625e-01
  5.79590388e-02  5.28130345e-02  4.65973541e-02  3.96246389e-02  3.23032402e-02
  2.48160791e-02  1.72215793e-02  9.54018719e-03  1.77916849e-03 -6.06190646e-03
 -1.39910895e-02 -2.20346805e-02 -3.02968360e-02 -3.86790372e-02 -4.70689125e-02
 -5.53475022e-02 -6.33962601e-02 -7.11026788e-02 -7.83641860e-02 -8.50903541e-02
 -9.12035853e-02 -9.66388360e-02 -1.01342537e-01 -1.05271123e-01 -1.08389452e-01
 -1.10669173e-01 -1.12087324e-01 -1.12625018e-01 -1.12266369e-01 -1.10997528e-01
 -1.08805828e-01 -1.05679058e-01 -1.01604968e-01 -9.65710804e-02 -9.05646756e-02
 -8.35734680e-02 -7.55879730e-02 -6.66071475e-02 -5.66466935e-02 -4.57572751e-02
 -3.40453014e-02 -2.16643680e-02 -9.02739819e-03  4.11807513e-03  1.76716484e-02
  3.16042751e-02  4.58684936e-02  6.04194850e-02  7.52053112e-02  9.01638791e-02
  1.05221868e-01  1.20294243e-01  1.35284364e-01  1.50085092e-01  1.64581060e-01
  1.78652704e-01  1.92181289e-01  2.05054760e-01  2.17173129e-01  2.28452668e-01
  2.38828123e-01  2.48253018e-01  2.56698161e-01  2.64149547e-01  2.70606041e-01
  5.33866510e-02  4.92185540e-02  4.18055020e-02  3.45544815e-02  2.77271960e-02
  2.09964588e-02  1.43020442e-02  7.62257492e-03  9.44998523e-04 -5.74113615e-03
 -1.24450242e-02 -1.91748682e-02 -2.60832924e-02 -3.30947712e-02 -4.01173010e-02
 -4.70493846e-02 -5.37863821e-02 -6.02258518e-02 -6.62715957e-02 -7.18363672e-02
 -7.68432990e-02 -8.12263340e-02 -8.49297717e-02 -8.79073218e-02 -9.01208296e-02
 -9.15388614e-02 -9.21353772e-02 -9.18885991e-02 -9.07800943e-02 -8.87938738e-02
 -8.59155804e-02 -8.21319520e-02 -7.74313211e-02 -7.18056858e-02 -6.52524158e-02
 -5.77756763e-02 -4.93902080e-02 -4.01389413e-02 -3.00865360e-02 -1.93792321e-02
 -8.38623848e-03  3.22366832e-03  1.53577253e-02  2.79911924e-02  4.10875045e-02
  5.46114333e-02  6.85235858e-02  8.27789158e-02  9.73233134e-02  1.12090118e-01
  1.26996756e-01  1.41941920e-01  1.56803474e-01  1.71438396e-01  1.85685694e-01
  1.99373573e-01  2.12330773e-01  2.24400520e-01  2.35454217e-01  2.45402008e-01
  2.54198164e-01  2.61840910e-01  2.68366814e-01  2.73840725e-01  2.78343588e-01
  4.48621325e-02  3.98830362e-02  3.42490561e-02  2.82597933e-02  2.22780481e-02
  1.64278634e-02  1.07080201e-02  5.08983247e-03 -4.53100802e-04 -5.93875395e-03
 -1.13766911e-02 -1.67694781e-02 -2.22919639e-02 -2.78875008e-02 -3.34836058e-02
 -3.89967747e-02 -4.43377383e-02 -4.94162515e-02 -5.41450381e-02 -5.84427640e-02
 -6.22360557e-02 -6.54605031e-02 -6.80608228e-02 -6.99902847e-02 -7.12096542e-02
 -7.16859400e-02 -7.13911504e-02 -7.03016743e-02 -6.83986694e-02 -6.56678155e-02
 -6.20982870e-02 -5.76815233e-02 -5.24122678e-02 -4.63021547e-02 -3.93855162e-02
 -3.17160152e-02 -2.33351216e-02 -1.44373355e-02 -5.03006810e-03  5.02319308e-03
  1.56440791e-02  2.68306993e-02  3.85649204e-02  5.08291163e-02  6.36036992e-02
  7.68667161e-02  9.05918851e-02  1.04745887e-01  1.19284675e-01  1.34148583e-01
  1.49256393e-01  1.64498195e-01  1.79727957e-01  1.94757193e-01  2.09353805e-01
  2.23251313e-01  2.36172467e-01  2.47863978e-01  2.58130640e-01  2.66858280e-01
  2.74023652e-01  2.79692799e-01  2.84007907e-01  2.87161082e-01  2.89359063e-01
  3.76520418e-02  3.32812183e-02  2.68973615e-02  2.08781492e-02  1.56541876e-02
  1.08234808e-02  6.23031659e-03  1.79192610e-03 -2.53605633e-03 -6.77364320e-03
 -1.09237423e-02 -1.49747711e-02 -1.90951619e-02 -2.32530106e-02 -2.73936745e-02
 -3.14491652e-02 -3.53442319e-02 -3.90007943e-02 -4.23414595e-02 -4.52924855e-02
 -4.77865189e-02 -4.97641712e-02 -5.11745363e-02 -5.19749261e-02 -5.21298759e-02
 -5.16093634e-02 -5.03866263e-02 -4.84373197e-02 -4.57478277e-02 -4.23169248e-02
 -3.81541364e-02 -3.32706049e-02 -2.76466254e-02 -2.13302765e-02 -1.44528840e-02
 -7.28847133e-03  6.00610860e-04  9.12091881e-03  1.82331800e-02  2.79328711e-02
  3.82083245e-02  4.90545630e-02  6.04683496e-02  7.24477842e-02  8.49914700e-02
  9.80974659e-02  1.11761615e-01  1.25974983e-01  1.40719995e-01  1.55964538e-01
  1.71653435e-01  1.87695786e-01  2.03946933e-01  2.20183730e-01  2.36076623e-01
  2.51176357e-01  2.64956743e-01  2.76931375e-01  2.86761433e-01  2.94281900e-01
  2.99500912e-01  3.02597731e-01  3.03918332e-01  3.03930074e-01  3.03096473e-01
  2.50047240e-02  1.97132453e-02  1.50138112e-02  1.09263808e-02  7.32793985e-03
  4.00781352e-03  8.29088734e-04 -2.26868922e-03 -5.30370837e-03 -8.27324670e-03
 -1.11645032e-02 -1.39613859e-02 -1.66523680e-02 -1.93788949e-02 -2.20791493e-02
 -2.46891063e-02 -2.71425713e-02 -2.93719377e-02 -3.13089937e-02 -3.28866057e-02
 -3.40452045e-02 -3.47344428e-02 -3.49136777e-02 -3.45521420e-02 -3.36285718e-02
 -3.21287178e-02 -3.00365128e-02 -2.73067821e-02 -2.39379685e-02 -1.99641995e-02
 -1.54689476e-02 -1.06248613e-02 -5.08974213e-03  1.05968071e-03  7.76164746e-03
  1.49744209e-02  2.27321815e-02  3.10392007e-02  3.98955941e-02  4.93049920e-02
  5.92734441e-02  6.98105544e-02  8.09294656e-02  9.26469117e-02  1.04983114e-01
  1.17961660e-01  1.31608993e-01  1.45953342e-01  1.61022618e-01  1.76840439e-01
  1.93419084e-01  2.10747004e-01  2.28766754e-01  2.47333363e-01  2.66125143e-01
  2.84435481e-01  3.00921470e-01  3.14265400e-01  3.24156165e-01  3.30331534e-01
  3.32877338e-01  3.32082450e-01  3.28453720e-01  3.23476523e-01  3.18341106e-01
  8.60940758e-03  2.02254415e-03 -3.85026651e-04 -1.14751118e-03 -2.15239660e-03
 -3.51633038e-03 -5.10353129e-03 -6.80965930e-03 -8.56135972e-03 -1.03014950e-02
 -1.19805783e-02 -1.35517865e-02 -1.49668930e-02 -1.63809210e-02 -1.77395344e-02
 -1.89891439e-02 -2.00774167e-02 -2.09522545e-02 -2.15568375e-02 -2.18160413e-02
 -2.16803420e-02 -2.11144499e-02 -2.00948529e-02 -1.86116919e-02 -1.66746583e-02
 -1.43257026e-02 -1.16666304e-02 -8.39232001e-03 -4.56232438e-03 -2.19479582e-04
  4.59926855e-03  9.86988842e-03  1.56199364e-02  2.18482967e-02  2.85460558e-02
  3.57084386e-02  4.33423929e-02  5.14577590e-02  6.00669235e-02  6.91857561e-02
  7.88341090e-02  8.90363976e-02  9.98222232e-02  1.11227132e-01  1.23293579e-01
  1.36072174e-01  1.49623290e-01  1.64018899e-01  1.79344699e-01  1.95702076e-01
  2.13209406e-01  2.32001588e-01  2.52227008e-01  2.74044603e-01  2.97658294e-01
  3.23758304e-01  3.53624016e-01  3.62149090e-01  3.76230538e-01  3.79036754e-01
  3.76671523e-01  3.75587612e-01  3.55930895e-01  3.42333466e-01  3.31920296e-01
 -5.33136493e-03 -1.33909481e-02 -1.31228399e-02 -1.12052048e-02 -1.05062220e-02
 -1.04736332e-02 -1.08172260e-02 -1.13740275e-02 -1.20322490e-02 -1.27063850e-02
 -1.33257378e-02 -1.38262669e-02 -1.41414246e-02 -1.44072417e-02 -1.45725096e-02
 -1.45968432e-02 -1.44505883e-02 -1.41205778e-02 -1.36157526e-02 -1.27067855e-02
 -1.14041734e-02 -9.70569346e-03 -7.60771194e-03 -5.11040166e-03 -2.21964763e-03
  1.05464691e-03  4.70797066e-03  8.77088495e-03  1.32426955e-02  1.81110613e-02
  2.33613309e-02  2.89829746e-02  3.49739455e-02  4.13337722e-02  4.80640493e-02
  5.51705807e-02  6.26648888e-02  7.05637038e-02  7.88886696e-02  8.76663998e-02
  9.69286412e-02  1.06712766e-01  1.17062479e-01  1.28029019e-01  1.39672935e-01
  1.52066618e-01  1.65297985e-01  1.79475501e-01  1.94735393e-01  2.11251527e-01
  2.29248732e-01  2.49019727e-01  2.70943612e-01  2.95507669e-01  3.23398679e-01
  3.55057150e-01  3.76719028e-01  3.91661108e-01  4.03190315e-01  4.02133912e-01
  4.01412338e-01  3.85799468e-01  3.67166072e-01  3.51435453e-01  3.38771909e-01
 -8.78627039e-03 -1.57886278e-02 -1.80197489e-02 -1.76513586e-02 -1.68571826e-02
 -1.62543003e-02 -1.58863217e-02 -1.56763308e-02 -1.55346394e-02 -1.53822526e-02
 -1.51548795e-02 -1.48031535e-02 -1.42944967e-02 -1.36217335e-02 -1.27660111e-02
 -1.17050083e-02 -1.04161603e-02 -8.87676235e-03 -7.05928542e-03 -4.91757412e-03
 -2.42985156e-03  4.13710019e-04  3.61533230e-03  7.17132445e-03  1.10733556e-02
  1.53103322e-02  1.98711567e-02  2.47469209e-02  2.99249552e-02  3.53899337e-02
  4.11267169e-02  4.71232384e-02  5.33725470e-02  5.98732419e-02  6.66300282e-02
  7.36542717e-02  8.09642896e-02  8.85850340e-02  9.65476930e-02  1.04889229e-01
  1.13652103e-01  1.22884348e-01  1.32640034e-01  1.42980427e-01  1.53975844e-01
  1.65708616e-01  1.78277448e-01  1.91803902e-01  2.06442058e-01  2.22393095e-01
  2.39928663e-01  2.59429097e-01  2.81449199e-01  3.06814969e-01  3.36267322e-01
  3.63750398e-01  3.81661057e-01  3.96983802e-01  4.02452022e-01  4.03365433e-01
  3.96297842e-01  3.79633546e-01  3.63003254e-01  3.48912865e-01  3.37104321e-01
 -1.92645676e-02 -2.85675321e-02 -2.65215598e-02 -2.34501027e-02 -2.19985340e-02
 -2.10789442e-02 -2.03771964e-02 -1.97458789e-02 -1.90870799e-02 -1.83285475e-02
 -1.74168143e-02 -1.63132604e-02 -1.49909724e-02 -1.34315332e-02 -1.16186766e-02
 -9.53645445e-03 -7.16892909e-03 -4.50016838e-03 -1.51421421e-03  1.80408510e-03
  5.46345394e-03  9.46531724e-03  1.38040939e-02  1.84678007e-02  2.34388635e-02
  2.86951941e-02  3.42114829e-02  3.99603471e-02  4.59130257e-02  5.20409942e-02
  5.83183691e-02  6.47244677e-02  7.12461472e-02  7.78794363e-02  8.46304893e-02
  9.15158689e-02  9.85620543e-02  1.05804361e-01  1.13285527e-01  1.21054254e-01
  1.29163921e-01  1.37671813e-01  1.46638915e-01  1.56130344e-01  1.66216612e-01
  1.76975772e-01  1.88496500e-01  2.00882599e-01  2.14259416e-01  2.28783071e-01
  2.44654551e-01  2.62142003e-01  2.81615406e-01  3.03559184e-01  3.27845156e-01
  3.48732471e-01  3.63023371e-01  3.74990106e-01  3.78795385e-01  3.79439950e-01
  3.72478247e-01  3.60052705e-01  3.48371714e-01  3.37909937e-01  3.28594118e-01
 -1.52335744e-02 -2.27359496e-02 -2.57871151e-02 -2.61309072e-02 -2.57185549e-02
 -2.51967385e-02 -2.46128663e-02 -2.38906611e-02 -2.29576640e-02 -2.17659175e-02
 -2.02877726e-02 -1.85081288e-02 -1.64181311e-02 -1.40109537e-02 -1.12791909e-02
 -8.21410771e-03 -4.80613532e-03 -1.04603567e-03  3.07362177e-03  7.55672203e-03
  1.24016050e-02  1.75998118e-02  2.31354777e-02  2.89851800e-02  3.51181068e-02
  4.14965525e-02  4.80768085e-02  5.48105910e-02  6.16471320e-02  6.85361996e-02
  7.54319206e-02  8.22969526e-02  8.91063735e-02  9.58506390e-02  1.02537133e-01
  1.09190039e-01  1.15848623e-01  1.22564360e-01  1.29397392e-01  1.36412993e-01
  1.43678650e-01  1.51261821e-01  1.59228846e-01  1.67644531e-01  1.76572502e-01
  1.86076030e-01  1.96218967e-01  2.07066581e-01  2.18685776e-01  2.31143340e-01
  2.44500428e-01  2.58797765e-01  2.74020761e-01  2.90022105e-01  3.06124896e-01
  3.20208222e-01  3.31382900e-01  3.39288384e-01  3.43584478e-01  3.44114155e-01
  3.40877354e-01  3.35328847e-01  3.28988850e-01  3.22443128e-01  3.16028357e-01
 -2.41345800e-02 -3.46434750e-02 -3.14189419e-02 -2.92895585e-02 -2.92409770e-02
 -2.94173341e-02 -2.93125436e-02 -2.87481751e-02 -2.76793204e-02 -2.61181481e-02
 -2.40958873e-02 -2.16441713e-02 -1.87866576e-02 -1.55364070e-02 -1.18965991e-02
 -7.86317419e-03 -3.42831225e-03  1.41599297e-03  6.67474931e-03  1.23473862e-02
  1.84258632e-02  2.48934850e-02  3.17242369e-02  3.88823524e-02  4.63218801e-02
  5.39863333e-02  6.18086495e-02  6.97121769e-02  7.76133090e-02  8.54262859e-02
  9.30701569e-02  1.00476965e-01  1.07599728e-01  1.14418529e-01  1.20943464e-01
  1.27213761e-01  1.33293316e-01  1.39263541e-01  1.45215392e-01  1.51241735e-01
  1.57431662e-01  1.63866803e-01  1.70619532e-01  1.77752659e-01  1.85319632e-01
  1.93364948e-01  2.01923981e-01  2.11021826e-01  2.20670000e-01  2.30860204e-01
  2.41552636e-01  2.52656072e-01  2.63995349e-01  2.75264591e-01  2.85991728e-01
  2.95601517e-01  3.03581864e-01  3.09578240e-01  3.13400775e-01  3.15035760e-01
  3.14682007e-01  3.12750638e-01  3.09733808e-01  3.06055367e-01  3.02028358e-01
 -1.04677742e-02 -1.89996790e-02 -2.51833927e-02 -2.96214540e-02 -3.29078957e-02
 -3.49891894e-02 -3.57687883e-02 -3.53824273e-02 -3.40444073e-02 -3.19421589e-02
 -2.92203724e-02 -2.59807389e-02 -2.22845934e-02 -1.81591846e-02 -1.36066042e-02
 -8.61361809e-03 -3.16075981e-03  2.77019059e-03  9.19066276e-03  1.61016993e-02
  2.34921947e-02  3.13386358e-02  3.96056138e-02  4.82460409e-02  5.72001748e-02
  6.63931519e-02  7.57317618e-02  8.51020589e-02  9.43703130e-02  1.03389755e-01
  1.12013884e-01  1.20114706e-01  1.27601266e-01  1.34433761e-01  1.40630156e-01
  1.46263510e-01  1.51450694e-01  1.56334668e-01  1.61065370e-01  1.65783897e-01
  1.70612946e-01  1.75652951e-01  1.80982262e-01  1.86659247e-01  1.92724630e-01
  1.99203327e-01  2.06105217e-01  2.13424325e-01  2.21136242e-01  2.29193509e-01
  2.37518489e-01  2.45994419e-01  2.54456133e-01  2.62685359e-01  2.70419091e-01
  2.77377218e-01  2.83303171e-01  2.88001299e-01  2.91361421e-01  2.93371171e-01
  2.94116259e-01  2.93763161e-01  2.92524338e-01  2.90618777e-01  2.88243800e-01
 -5.28371101e-03 -1.48171177e-02 -2.41246950e-02 -3.31807807e-02 -4.13593873e-02
 -4.57865000e-02 -4.63758744e-02 -4.52350453e-02 -4.28935215e-02 -3.96832451e-02
 -3.58647220e-02 -3.15969251e-02 -2.69510206e-02 -2.19312012e-02 -1.64996702e-02
 -1.05999000e-02 -4.17397963e-03  2.82566249e-03  1.04287332e-02  1.86428819e-02
  2.74529923e-02  3.68246138e-02  4.67101559e-02  5.70537411e-02  6.77908435e-02
  7.88412690e-02  9.00964886e-02  1.01404592e-01  1.12559006e-01  1.23301581e-01
  1.33349866e-01  1.42445028e-01  1.50400713e-01  1.57135829e-01  1.62688673e-01
  1.67212501e-01  1.70948640e-01  1.74177706e-01  1.77167460e-01  1.80139139e-01
  1.83257878e-01  1.86637953e-01  1.90353215e-01  1.94446847e-01  1.98938891e-01
  2.03831077e-01  2.09109396e-01  2.14744732e-01  2.20692143e-01  2.26888955e-01
  2.33252272e-01  2.39676788e-01  2.46034160e-01  2.52175778e-01  2.57940531e-01
  2.63167500e-01  2.67712176e-01  2.71462053e-01  2.74348468e-01  2.76352763e-01
  2.77505755e-01  2.77879804e-01  2.77576178e-01  2.76709974e-01  2.75396854e-01
 -1.84101553e-03 -1.27039962e-02 -2.46328674e-02 -3.82089689e-02 -5.36503755e-02
 -6.15178831e-02 -6.21580668e-02 -5.92691824e-02 -5.43945991e-02 -4.91182059e-02
 -4.36301269e-02 -3.80881131e-02 -3.24958563e-02 -2.67273523e-02 -2.06151158e-02
 -1.40000088e-02 -6.74716989e-03  1.24424847e-03  1.00354515e-02  1.96436364e-02
  3.00345495e-02  4.11328897e-02  5.28551452e-02  6.51364848e-02  7.79339820e-02
  9.12096277e-02  1.04898900e-01  1.18863963e-01  1.32829651e-01  1.46326259e-01
  1.58728406e-01  1.69448838e-01  1.78100884e-01  1.84521466e-01  1.88784212e-01
  1.91215545e-01  1.92388818e-01  1.92948371e-01  1.93398222e-01  1.94052100e-01
  1.95080847e-01  1.96566805e-01  1.98540673e-01  2.01002851e-01  2.03935251e-01
  2.07307190e-01  2.11078197e-01  2.15198696e-01  2.19609886e-01  2.24242955e-01
  2.29018494e-01  2.33846486e-01  2.38627389e-01  2.43255034e-01  2.47621372e-01
  2.51622975e-01  2.55168378e-01  2.58185178e-01  2.60625333e-01  2.62468308e-01
  2.63720661e-01  2.64412999e-01  2.64594674e-01  2.64326930e-01  2.63676703e-01
  2.83861137e-03 -8.36155470e-03 -2.10702680e-02 -3.60517167e-02 -5.45741357e-02
 -6.67463169e-02 -7.40974247e-02 -7.24064484e-02 -6.72984794e-02 -5.87986633e-02
 -5.07988296e-02 -4.41223308e-02 -3.81789729e-02 -3.23045701e-02 -2.60561816e-02
 -1.91873424e-02 -1.14289485e-02 -2.61375168e-03  7.32834544e-03  1.85086932e-02
  3.08464076e-02  4.40391265e-02  5.78518733e-02  7.22172558e-02  8.71857107e-02
  1.02869697e-01  1.19403318e-01  1.36894807e-01  1.55311704e-01  1.74075797e-01
  1.91128284e-01  2.04582244e-01  2.14494362e-01  2.20116436e-01  2.21991017e-01
  2.19839200e-01  2.15749830e-01  2.11837098e-01  2.08738372e-01  2.06564203e-01
  2.05280781e-01  2.04814151e-01  2.05082536e-01  2.06006467e-01  2.07510918e-01
  2.09524632e-01  2.11978540e-01  2.14803904e-01  2.17930824e-01  2.21287012e-01
  2.24797100e-01  2.28382677e-01  2.31963158e-01  2.35457450e-01  2.38786697e-01
  2.41877496e-01  2.44665518e-01  2.47098774e-01  2.49140218e-01  2.50769109e-01
  2.51981050e-01  2.52786547e-01  2.53208518e-01  2.53279179e-01  2.53036737e-01
  9.88829322e-03 -3.03580426e-04 -1.15733305e-02 -2.40983050e-02 -3.76616195e-02
 -5.14355972e-02 -6.78585023e-02 -7.01192096e-02 -7.12646320e-02 -6.08299971e-02
 -5.23307174e-02 -4.69185151e-02 -4.36024889e-02 -3.91703919e-02 -3.28670144e-02
 -2.72459444e-02 -1.95048153e-02 -9.40618198e-03  5.52525860e-04  1.36580644e-02
  2.97695883e-02  4.59249318e-02  6.19718283e-02  7.81852379e-02  9.49030370e-02
  1.12502307e-01  1.31430790e-01  1.52272388e-01  1.75885215e-01  2.03898981e-01
  2.34506369e-01  2.44265795e-01  2.64135629e-01  2.60263234e-01  2.67655283e-01
  2.49911889e-01  2.36514390e-01  2.27201521e-01  2.20536843e-01  2.15800166e-01
  2.12542653e-01  2.10461363e-01  2.09340662e-01  2.09019288e-01  2.09370345e-01
  2.10288912e-01  2.11684123e-01  2.13473976e-01  2.15581954e-01  2.17934862e-01
  2.20461532e-01  2.23092332e-01  2.25759313e-01  2.28397056e-01  2.30943888e-01
  2.33343512e-01  2.35546738e-01  2.37513021e-01  2.39211753e-01  2.40622848e-01
  2.41736740e-01  2.42553756e-01  2.43082821e-01  2.43339837e-01  2.43345842e-01
  1.88523121e-02  1.04220314e-02  1.38614734e-03 -8.24152771e-03 -1.83161795e-02
 -2.85584480e-02 -3.83470319e-02 -4.73272726e-02 -5.99259250e-02 -4.76586521e-02
 -4.27700989e-02 -4.10519801e-02 -4.32795137e-02 -4.15197983e-02 -3.34777571e-02
 -3.13231312e-02 -2.40785033e-02 -1.13531901e-02 -4.40848712e-03  1.03114089e-02
  3.12246196e-02  4.94649932e-02  6.65918812e-02  8.34584907e-02  1.00658186e-01
  1.18711963e-01  1.38185278e-01  1.59798816e-01  1.84568778e-01  2.13883147e-01
  2.42845267e-01  2.56389320e-01  2.72504181e-01  2.72325486e-01  2.74926633e-01
  2.59441435e-01  2.44330287e-01  2.33443946e-01  2.25547343e-01  2.19788462e-01
  2.15624869e-01  2.12703243e-01  2.10781470e-01  2.09682882e-01  2.09270507e-01
  2.09432587e-01  2.10074112e-01  2.11111575e-01  2.12469578e-01  2.14078546e-01
  2.15873390e-01  2.17792675e-01  2.19778419e-01  2.21776277e-01  2.23736092e-01
  2.25612581e-01  2.27366105e-01  2.28963494e-01  2.30378509e-01  2.31592238e-01
  2.32592940e-01  2.33375758e-01  2.33942002e-01  2.34298259e-01  2.34455273e-01
  2.97711396e+00  2.95016813e+00  2.87101030e+00  2.79391575e+00  2.70841455e+00
  2.62587047e+00  2.55620193e+00  2.49354100e+00  2.44114232e+00  2.39703870e+00
  2.35996294e+00  2.33043456e+00  2.30650568e+00  2.28764272e+00  2.27372074e+00
  2.26412368e+00  2.25739217e+00  2.25453186e+00  2.25416493e+00  2.25626850e+00
  2.26015306e+00  2.26591206e+00  2.27294803e+00  2.28131247e+00  2.29045701e+00
  2.30046129e+00  2.31131029e+00  2.32268691e+00  2.33457446e+00  2.34689116e+00
  2.35974550e+00  2.37292480e+00  2.38650608e+00  2.40056610e+00  2.41509771e+00
  2.43018675e+00  2.44580817e+00  2.46215796e+00  2.47934842e+00  2.49748182e+00
  2.51667070e+00  2.53703785e+00  2.55888200e+00  2.58237147e+00  2.60775542e+00
  2.63528895e+00  2.66527390e+00  2.69810462e+00  2.73423648e+00  2.77401733e+00
  2.81775403e+00  2.86633492e+00  2.92003870e+00  2.98032022e+00  3.04767394e+00
  3.12428689e+00  3.21177173e+00  3.31334925e+00  3.43162632e+00  3.57310939e+00
  3.74709892e+00  3.96984267e+00  4.27171707e+00  4.75892782e+00  7.80136108e+00
   92   89
  1.04530764e+00  0.00000000e+00  1.04678690e+00  1.00000001e-01  1.05135751e+00
  2.00000003e-01  1.05440533e+00  2.50000000e-01  1.06253409e+00  3.49999994e-01
  1.07218766e+00  4.49999988e-01  1.07906246e+00  5.22877634e-01  1.08606899e+00
  6.00000024e-01  1.09554374e+00  6.99999988e-01  1.10562503e+00  7.94748724e-01
  1.11249232e+00  8.50000024e-01  1.12700856e+00  9.49999988e-01  1.13439417e+00
  1.00000000e+00  1.15171659e+00  1.08248532e+00  1.15936100e+00  1.11497068e+00
  1.21187496e+00  1.11072719e+00  1.26499999e+00  1.10329235e+00  1.29156256e+00
  1.09952903e+00  1.34468746e+00  1.09188652e+00  1.39781249e+00  1.08036923e+00
  1.45093751e+00  1.06639385e+00  1.50406253e+00  1.05045760e+00  1.53062499e+00
  1.04314554e+00  1.58375001e+00  1.02516830e+00  1.63687503e+00  1.00319910e+00
  1.66343749e+00  9.92139637e-01  1.71656251e+00  9.65956569e-01  1.74411845e+00
  9.49999988e-01  1.79624999e+00  9.19114053e-01  1.82352519e+00  8.99999976e-01
  1.87593746e+00  8.60642970e-01  1.90250003e+00  8.38700473e-01  1.94478405e+00
  8.00000012e-01  1.98218751e+00  7.62935519e-01  2.00874996e+00  7.34438062e-01
  2.03799725e+00  6.99999988e-01  2.07776570e+00  6.49999976e-01  2.11248446e+00
  6.00000024e-01  2.14156246e+00  5.51479399e-01  2.16812491e+00  5.01580119e-01
  2.19268584e+00  4.49999988e-01  2.21368146e+00  4.00000006e-01  2.23263073e+00
  3.49999994e-01  2.24988651e+00  3.00000012e-01  2.27437496e+00  2.21643329e-01
  2.29267287e+00  1.50000006e-01  2.30093741e+00  9.99715179e-02  2.30874181e+00
  0.00000000e+00  2.30093741e+00 -9.64794382e-02  2.29159069e+00 -1.50000006e-01
  2.27437496e+00 -2.15212554e-01  2.24781251e+00 -2.98917353e-01  2.22889638e+00
 -3.49999994e-01  2.20892215e+00 -4.00000006e-01  2.18680310e+00 -4.49999988e-01
  2.16185498e+00 -5.00000000e-01  2.13321877e+00 -5.50000012e-01  2.09993625e+00
 -6.00000024e-01  2.06187510e+00 -6.49379790e-01  2.03531241e+00 -6.80596769e-01
  2.00874996e+00 -7.08414376e-01  1.96468830e+00 -7.50000000e-01  1.92906249e+00
 -7.80625463e-01  1.90250003e+00 -8.00194621e-01  1.84937501e+00 -8.37290943e-01
  1.82281256e+00 -8.52525175e-01  1.76968753e+00 -8.81526470e-01  1.72516906e+00
 -8.99999976e-01  1.69000006e+00 -9.13914979e-01  1.63687503e+00 -9.30840075e-01
  1.58375001e+00 -9.42742229e-01  1.53062499e+00 -9.49639201e-01  1.50406253e+00
 -9.51074123e-01  1.45093751e+00 -9.51292694e-01  1.42437506e+00 -9.49780583e-01
  1.37125003e+00 -9.40495312e-01  1.31812501e+00 -9.18985903e-01  1.28983676e+00
 -8.99999976e-01  1.23843753e+00 -8.50747347e-01  1.21187496e+00 -8.14183116e-01
  1.18531251e+00 -7.65459597e-01  1.15875006e+00 -7.01403916e-01  1.14110816e+00
 -6.49999976e-01  1.12676430e+00 -6.00000024e-01  1.10562503e+00 -5.13457000e-01
  1.09217846e+00 -4.49999988e-01  1.07906246e+00 -3.78148317e-01  1.06671906e+00
 -3.00000012e-01  1.05503058e+00 -2.00000003e-01  1.05106711e+00 -1.50000006e-01
  1.04609084e+00 -5.00000007e-02  1.04530764e+00  0.00000000e+00
  1.01600003e+00  0.00000000e+00  1.01600003e+00  9.63999987e-01  1.01800001e+00
  9.67999995e-01  1.01800001e+00  1.00100005e+00  1.01800001e+00  1.01900005e+00
  1.01800001e+00  1.07700002e+00  1.01800001e+00  1.07000005e+00  1.01800001e+00
  1.09599996e+00  1.01800001e+00  1.11300004e+00  1.01800001e+00  1.13800001e+00
  1.01600003e+00  1.14699996e+00  1.01199996e+00  1.16499996e+00  1.00100005e+00
  1.21700001e+00  1.02900004e+00  1.21700001e+00  1.04200006e+00  1.16240001e+00
  1.04600000e+00  1.16237998e+00  1.05599999e+00  1.16260004e+00  1.09700000e+00
  1.16450000e+00  1.10800004e+00  1.16594005e+00  1.11600006e+00  1.16591001e+00
  1.13399994e+00  1.16895998e+00  1.14800000e+00  1.17174995e+00  1.16199994e+00
  1.17556000e+00  1.18099999e+00  1.18299997e+00  1.18200004e+00  1.18350005e+00
  1.18499994e+00  1.18499994e+00  1.19000006e+00  1.18799996e+00  1.19500005e+00
  1.19099998e+00  1.20099998e+00  1.19599998e+00  1.20899999e+00  1.20200002e+00
  1.21500003e+00  1.20799994e+00  1.22200000e+00  1.21399999e+00  1.22800004e+00
  1.22099996e+00  1.23399997e+00  1.23099995e+00  1.23899996e+00  1.23800004e+00
  1.24199998e+00  1.24399996e+00  1.24800003e+00  1.25399995e+00  1.25800002e+00
  1.27800000e+00  1.26300001e+00  1.28999996e+00  1.27999997e+00  1.33099997e+00
  1.27999997e+00  1.34700000e+00  1.27999997e+00  1.34800005e+00  1.30999994e+00
  1.34800005e+00  1.32799995e+00  1.34800005e+00  1.36099994e+00  1.34800005e+00
  1.38000000e+00  1.34800005e+00  1.41900003e+00  1.34800005e+00  1.41900003e+00
  1.30999994e+00  1.37199998e+00  1.30999994e+00  1.37199998e+00  1.29200006e+00
  1.60800004e+00  1.09500003e+00  1.64699996e+00  1.07700002e+00  1.78499997e+00
  1.07700002e+00  2.06999993e+00  1.03999996e+00  2.12800002e+00  9.92999971e-01
  2.24499989e+00  7.08999991e-01  2.32299995e+00  5.18999994e-01  2.37700009e+00
  3.88999999e-01  2.35200000e+00  4.00000006e-01  2.35100007e+00  3.37000012e-01
  2.35100007e+00  2.04999998e-01  2.35400009e+00  6.80000037e-02  2.35400009e+00
  0.00000000e+00  2.35400009e+00 -6.80000037e-02  2.35299993e+00 -2.04999998e-01
  2.35100007e+00 -3.37000012e-01  2.35299993e+00 -4.00000006e-01  2.37700009e+00
 -3.88999999e-01  2.13400006e+00 -9.72999990e-01  1.78600001e+00 -1.17400002e+00
  1.76800001e+00 -1.21099997e+00  1.76800001e+00 -1.25399995e+00  1.68200004e+00
 -1.25399995e+00  1.67400002e+00 -1.26199996e+00  1.67400002e+00 -1.32900000e+00
  1.68099999e+00 -1.33899999e+00  1.75399995e+00 -1.33899999e+00  1.75399995e+00
 -1.36800003e+00  1.68900001e+00 -1.36800003e+00  1.68900001e+00 -1.36600006e+00
  1.55499995e+00 -1.36600006e+00  1.41199994e+00 -1.36600006e+00  1.27300000e+00
 -1.36600006e+00  1.15300000e+00 -1.36600006e+00  1.01600003e+00 -1.22899997e+00
  1.01600003e+00 -8.00000012e-01  1.01600003e+00 -4.14999992e-01  1.01600003e+00
 -4.00000006e-01  1.01600003e+00  0.00000000e+00
    0 0.000000000e+00    0
  0.00000000e+00  1.31087288e-01  1.84461877e-01  2.23098129e-01  2.56171465e-01
  2.84490138e-01  3.09758186e-01  3.32347929e-01  3.53217989e-01  3.72472197e-01
  3.90464872e-01  4.07528490e-01  4.23667759e-01  4.39054996e-01  4.53884423e-01
  4.68145669e-01  4.81947720e-01  4.95281845e-01  5.08334339e-01  5.21047771e-01
  5.33435762e-01  5.45587599e-01  5.57538152e-01  5.69239140e-01  5.80763996e-01
  5.92109799e-01  6.03281438e-01  6.14315510e-01  6.25214756e-01  6.35962605e-01
  6.46584451e-01  6.57116055e-01  6.67537034e-01  6.77833438e-01  6.88049257e-01
  6.98186517e-01  7.08230555e-01  7.18203187e-01  7.28101611e-01  7.37946928e-01
  7.47726142e-01  7.57460594e-01  7.67143965e-01  7.76804745e-01  7.86435068e-01
  7.96036124e-01  8.05648267e-01  8.15233588e-01  8.24846447e-01  8.34485352e-01
  8.44138026e-01  8.53872120e-01  8.63636672e-01  8.73511672e-01  8.83461893e-01
  8.93552303e-01  9.03804064e-01  9.14261818e-01  9.24908042e-01  9.35827732e-01
  9.47131574e-01  9.58922505e-01  9.71261203e-01  9.84632790e-01  1.00000000e+00
    0
