   EFIT?   05/12/98      #102940  1096             3  65  65
  1.70000005e+00  3.20000005e+00  1.69550002e+00  8.39999974e-01  0.00000000e+00
  1.77136588e+00  2.11784523e-02 -2.76691079e-01 -2.53330041e-02 -1.99671865e+00
  1.46838762e+06 -2.76691079e-01  0.00000000e+00  1.77136588e+00  0.00000000e+00
  2.11784523e-02  0.00000000e+00 -2.53330041e-02  0.00000000e+00  0.00000000e+00
 -3.42862678e+00 -3.43567538e+00 -3.44154978e+00 -3.44636512e+00 -3.45022535e+00
 -3.45322466e+00 -3.45544887e+00 -3.45697522e+00 -3.45787477e+00 -3.45821190e+00
 -3.45804596e+00 -3.45743060e+00 -3.45641637e+00 -3.45504880e+00 -3.45337081e+00
 -3.45142221e+00 -3.44924021e+00 -3.44685960e+00 -3.44431329e+00 -3.44163322e+00
 -3.43884897e+00 -3.43598914e+00 -3.43307948e+00 -3.43014359e+00 -3.42720318e+00
 -3.42427707e+00 -3.42138314e+00 -3.41853714e+00 -3.41575313e+00 -3.41304398e+00
 -3.41042113e+00 -3.40789461e+00 -3.40547347e+00 -3.40316534e+00 -3.40097713e+00
 -3.39891458e+00 -3.39698243e+00 -3.39518452e+00 -3.39352393e+00 -3.39200258e+00
 -3.39062190e+00 -3.38938212e+00 -3.38828278e+00 -3.38732243e+00 -3.38649893e+00
 -3.38580894e+00 -3.38524842e+00 -3.38481259e+00 -3.38449502e+00 -3.38428879e+00
 -3.38418555e+00 -3.38417578e+00 -3.38424921e+00 -3.38439322e+00 -3.38459420e+00
 -3.38483763e+00 -3.38510609e+00 -3.38538098e+00 -3.38564157e+00 -3.38586473e+00
 -3.38602543e+00 -3.38609552e+00 -3.38604403e+00 -3.38583684e+00 -3.38543630e+00
  7.01509844e+04  6.23374766e+04  5.53757266e+04  4.92033867e+04  4.37611641e+04
  3.89926953e+04  3.48444219e+04  3.12654668e+04  2.82075332e+04  2.56247871e+04
  2.34737617e+04  2.17132656e+04  2.03042871e+04  1.92099102e+04  1.83952285e+04
  1.78272812e+04  1.74749668e+04  1.73089824e+04  1.73017578e+04  1.74273965e+04
  1.76616113e+04  1.79816816e+04  1.83663984e+04  1.87960156e+04  1.92522070e+04
  1.97180332e+04  2.01778926e+04  2.06175000e+04  2.10238438e+04  2.13851621e+04
  2.16909199e+04  2.19317812e+04  2.20995918e+04  2.21873574e+04  2.21892324e+04
  2.21005059e+04  2.19175898e+04  2.16380098e+04  2.12604082e+04  2.07845293e+04
  2.02112266e+04  1.95424609e+04  1.87813066e+04  1.79319609e+04  1.69997461e+04
  1.59911289e+04  1.49137256e+04  1.37763311e+04  1.25889258e+04  1.13627061e+04
  1.01101055e+04  8.84482227e+03  7.58185010e+03  6.33750928e+03  5.12948535e+03
  3.97686670e+03  2.90018555e+03  1.92146423e+03  1.06426355e+03  3.53734222e+02
 -1.83328049e+02 -5.18423157e+02 -6.21284241e+02 -4.59811157e+02  0.00000000e+00
  6.69310474e+00  5.62642860e+00  4.65994263e+00  3.78495455e+00  2.99357605e+00
  2.27865505e+00  1.63371098e+00  1.05287945e+00  5.30859768e-01  6.28685206e-02
 -3.55402499e-01 -7.27824211e-01 -1.05786419e+00 -1.34861732e+00 -1.60283291e+00
 -1.82293892e+00 -2.01106334e+00 -2.16905260e+00 -2.29848838e+00 -2.40070105e+00
 -2.47691917e+00 -2.52915692e+00 -2.55967307e+00 -2.57053733e+00 -2.56364632e+00
 -2.54074073e+00 -2.50342011e+00 -2.45315766e+00 -2.39131236e+00 -2.31914139e+00
 -2.23781133e+00 -2.14840794e+00 -2.05194616e+00 -1.94937885e+00 -1.84160483e+00
 -1.72947764e+00 -1.61381209e+00 -1.49539208e+00 -1.37497735e+00 -1.25330997e+00
 -1.13112092e+00 -1.00913680e+00 -8.88085842e-01 -7.68704653e-01 -6.51744306e-01
 -5.37977338e-01 -4.28204358e-01 -3.23260993e-01 -2.24025443e-01 -1.31426111e-01
 -4.64497209e-02  2.98499111e-02  9.63426754e-02  1.51812211e-01  1.94945171e-01
  2.24319741e-01  2.38393083e-01  2.35487759e-01  2.13776991e-01  1.71268657e-01
  1.05787627e-01  1.49567742e-02 -1.03824019e-01 -2.53400683e-01 -4.36890066e-01
 -2.10195550e+06 -1.87694688e+06 -1.66821112e+06 -1.47495288e+06 -1.29641025e+06
 -1.13185425e+06 -9.80586438e+05 -8.41937438e+05 -7.15265688e+05 -5.99956000e+05
 -4.95418094e+05 -4.01085469e+05 -3.16413875e+05 -2.40880484e+05 -1.73982391e+05
 -1.15235773e+05 -6.41746680e+04 -2.03500234e+04  1.66713125e+04  4.73075391e+04
  7.19628281e+04  9.10281953e+04  1.04882391e+05  1.13892695e+05  1.18415750e+05
  1.18798336e+05  1.15378141e+05  1.08484469e+05  9.84390312e+04  8.55565859e+04
  7.01456484e+04  5.25092070e+04  3.29453359e+04  1.17478770e+04 -1.07929092e+04
 -3.43897227e+04 -5.87575820e+04 -8.36131953e+04 -1.08674352e+05 -1.33659281e+05
 -1.58286062e+05 -1.82271984e+05 -2.05332891e+05 -2.27182641e+05 -2.47532406e+05
 -2.66090094e+05 -2.82559594e+05 -2.96640312e+05 -3.08026344e+05 -3.16405875e+05
 -3.21460438e+05 -3.22864344e+05 -3.20283844e+05 -3.13376375e+05 -3.01789969e+05
 -2.85162312e+05 -2.63120031e+05 -2.35277797e+05 -2.01237625e+05 -1.60587859e+05
 -1.12902328e+05 -5.77393789e+04  5.35905029e+03  7.68684688e+04  1.57282859e+05
  2.68643945e-02  1.94507986e-02  1.14870286e-02  2.99919816e-03 -5.86155755e-03
 -1.48103815e-02 -2.32121423e-02 -3.08334809e-02 -3.99069376e-02 -2.78521124e-02
 -2.18373686e-02 -1.84159037e-02 -1.80393904e-02 -1.51912589e-02 -7.39277946e-03
 -3.96565022e-03  2.79083708e-03  1.40029546e-02  2.09965799e-02  3.33080217e-02
  5.06789014e-02  6.61263168e-02  8.08470622e-02  9.55123603e-02  1.10605523e-01
  1.26566455e-01  1.43885210e-01  1.63196385e-01  1.85407102e-01  2.11585164e-01
  2.36156151e-01  2.49465272e-01  2.61959583e-01  2.62906522e-01  2.62961030e-01
  2.49819130e-01  2.35483095e-01  2.24824756e-01  2.16866031e-01  2.10843176e-01
  2.06273809e-01  2.02843726e-01  2.00337082e-01  1.98596075e-01  1.97498247e-01
  1.96943849e-01  1.96848318e-01  1.97137713e-01  1.97745651e-01  1.98611215e-01
  1.99677631e-01  2.00891450e-01  2.02202216e-01  2.03562468e-01  2.04928115e-01
  2.06258938e-01  2.07519203e-01  2.08678350e-01  2.09711492e-01  2.10599720e-01
  2.11330160e-01  2.11895794e-01  2.12294966e-01  2.12530673e-01  2.12609723e-01
  1.92033872e-02  1.01058735e-02 -2.24169344e-05 -1.13374535e-02 -2.35802662e-02
 -3.59822996e-02 -5.10308370e-02 -5.13829403e-02 -5.10007143e-02 -3.97095643e-02
 -3.05101592e-02 -2.40218900e-02 -1.93480141e-02 -1.41337989e-02 -7.64877209e-03
 -1.66524213e-03  5.74843306e-03  1.49197793e-02  2.40764059e-02  3.54777947e-02
  4.91894856e-02  6.30850866e-02  7.70434737e-02  9.12971422e-02  1.06144138e-01
  1.21932991e-01  1.39096901e-01  1.58222616e-01  1.80173680e-01  2.06107900e-01
  2.30904713e-01  2.43536949e-01  2.56617606e-01  2.57073909e-01  2.58040309e-01
  2.44760215e-01  2.30948791e-01  2.20867738e-01  2.13458404e-01  2.07979143e-01
  2.03959972e-01  2.01088756e-01  1.99148014e-01  1.97978571e-01  1.97457910e-01
  1.97486877e-01  1.97981402e-01  1.98867083e-01  2.00075716e-01  2.01542959e-01
  2.03206867e-01  2.05007255e-01  2.06885442e-01  2.08784714e-01  2.10651249e-01
  2.12435260e-01  2.14092359e-01  2.15585023e-01  2.16883615e-01  2.17967123e-01
  2.18823373e-01  2.19448626e-01  2.19846725e-01  2.20027834e-01  2.20006898e-01
  1.34592792e-02  3.39205959e-03 -8.16558581e-03 -2.19630096e-02 -3.91975977e-02
 -4.93289568e-02 -5.55490591e-02 -5.26414849e-02 -4.68294434e-02 -3.77858430e-02
 -2.93626953e-02 -2.21875291e-02 -1.57577954e-02 -9.52894799e-03 -3.12473183e-03
  3.67640238e-03  1.11006163e-02  1.92994308e-02  2.83491388e-02  3.83513719e-02
  4.92744148e-02  6.09267727e-02  7.31634274e-02  8.59653503e-02  9.94083881e-02
  1.13626085e-01  1.28784791e-01  1.45056292e-01  1.62542313e-01  1.80887371e-01
  1.97517931e-01  2.09797442e-01  2.18811959e-01  2.22909987e-01  2.23544851e-01
  2.19244078e-01  2.13090748e-01  2.07624510e-01  2.03242168e-01  1.99914277e-01
  1.97537303e-01  1.96000710e-01  1.95203379e-01  1.95056424e-01  1.95481494e-01
  1.96408063e-01  1.97770730e-01  1.99506819e-01  2.01554403e-01  2.03850850e-01
  2.06331775e-01  2.08930716e-01  2.11579412e-01  2.14208841e-01  2.16751114e-01
  2.19141945e-01  2.21323565e-01  2.23247558e-01  2.24877253e-01  2.26189241e-01
  2.27173761e-01  2.27833986e-01  2.28184253e-01  2.28247538e-01  2.28052735e-01
  1.01892818e-02  4.59513161e-04 -1.03664612e-02 -2.28503887e-02 -3.70252319e-02
 -4.32289504e-02 -4.31492999e-02 -3.96129079e-02 -3.43522243e-02 -2.87232660e-02
 -2.29136683e-02 -1.70918796e-02 -1.12827905e-02 -5.39323734e-03  7.11379165e-04
  7.16365362e-03  1.40793519e-02  2.15493385e-02  2.96352003e-02  3.83662693e-02
  4.77347262e-02  5.77031448e-02  6.82282150e-02  7.92804360e-02  9.08461735e-02
  1.02913409e-01  1.15443423e-01  1.28323555e-01  1.41292229e-01  1.53852835e-01
  1.65297419e-01  1.74966842e-01  1.82453319e-01  1.87583089e-01  1.90430552e-01
  1.91338122e-01  1.90956295e-01  1.90014914e-01  1.89044267e-01  1.88344046e-01
  1.88061371e-01  1.88257992e-01  1.88949749e-01  1.90127805e-01  1.91769406e-01
  1.93843111e-01  1.96311057e-01  1.99129358e-01  2.02247873e-01  2.05609277e-01
  2.09148362e-01  2.12791458e-01  2.16456950e-01  2.20056862e-01  2.23500162e-01
  2.26697639e-01  2.29567766e-01  2.32042775e-01  2.34073773e-01  2.35634029e-01
  2.36719638e-01  2.37347886e-01  2.37553284e-01  2.37382278e-01  2.36887768e-01
  8.42552353e-03  2.53600035e-07 -8.31991341e-03 -1.64772943e-02 -2.37578340e-02
 -2.73195449e-02 -2.73824297e-02 -2.58534271e-02 -2.31995136e-02 -1.97386816e-02
 -1.57229938e-02 -1.13124661e-02 -6.58724830e-03 -1.56551029e-03  3.77486297e-03
  9.47599392e-03  1.55848442e-02  2.21429989e-02  2.91801579e-02  3.67104448e-02
  4.47314046e-02  5.32260202e-02  6.21665306e-02  7.15169683e-02  8.12312067e-02
  9.12449956e-02  1.01462334e-01  1.11738212e-01  1.21864036e-01  1.31568193e-01
  1.40545875e-01  1.48515463e-01  1.55274779e-01  1.60736173e-01  1.64941192e-01
  1.68056875e-01  1.70347005e-01  1.72115564e-01  1.73645481e-01  1.75162613e-01
  1.76829174e-01  1.78753331e-01  1.81002438e-01  1.83614567e-01  1.86606809e-01
  1.89980507e-01  1.93724155e-01  1.97814524e-01  2.02216297e-01  2.06880733e-01
  2.11743668e-01  2.16723293e-01  2.21718952e-01  2.26612002e-01  2.31270492e-01
  2.35558227e-01  2.39347517e-01  2.42532611e-01  2.45041087e-01  2.46840820e-01
  2.47941568e-01  2.48390585e-01  2.48263210e-01  2.47650549e-01  2.46647701e-01
  5.53551828e-03 -1.94828759e-03 -7.39495922e-03 -1.13125565e-02 -1.42183974e-02
 -1.59953851e-02 -1.65314432e-02 -1.59543138e-02 -1.44679453e-02 -1.22539410e-02
 -9.45631228e-03 -6.18020771e-03 -2.49362271e-03  1.56743370e-03  5.99125912e-03
  1.07819233e-02  1.59513112e-02  2.15125512e-02  2.74750814e-02  3.38413231e-02
  4.06047702e-02  4.77491505e-02  5.52480295e-02  6.30639642e-02  7.11464584e-02
  7.94285610e-02  8.78226608e-02  9.62171778e-02  1.04476884e-01  1.12449691e-01
  1.19981252e-01  1.26935393e-01  1.33214936e-01  1.38777420e-01  1.43642351e-01
  1.47888273e-01  1.51640162e-01  1.55049413e-01  1.58272475e-01  1.61453947e-01
  1.64716870e-01  1.68159842e-01  1.71858296e-01  1.75867498e-01  1.80225804e-01
  1.84957281e-01  1.90073043e-01  1.95571527e-01  2.01437086e-01  2.07636923e-01
  2.14116052e-01  2.20790341e-01  2.27538422e-01  2.34195411e-01  2.40554526e-01
  2.46383846e-01  2.51457751e-01  2.55590886e-01  2.58662820e-01  2.60631770e-01
  2.61538923e-01  2.61499763e-01  2.60679632e-01  2.59259969e-01  2.57410616e-01
 -1.75206654e-03 -1.19100846e-02 -1.02069667e-02 -8.93822778e-03 -9.26498324e-03
 -9.62858461e-03 -9.62423626e-03 -9.11749341e-03 -8.08615144e-03 -6.55622082e-03
 -4.56917239e-03 -2.16556224e-03  6.22417545e-04  3.77327763e-03  7.27551943e-03
  1.11252302e-02  1.53229535e-02  1.98705159e-02  2.47681979e-02  3.00124511e-02
  3.55941579e-02  4.14973609e-02  4.76982333e-02  5.41640818e-02  6.08523041e-02
  6.77093714e-02  7.46702701e-02  8.16590413e-02  8.85913074e-02  9.53792706e-02
  1.01939134e-01  1.08200073e-01  1.14112988e-01  1.19657189e-01  1.24843568e-01
  1.29713565e-01  1.34334132e-01  1.38789847e-01  1.43174008e-01  1.47580594e-01
  1.52098209e-01  1.56806573e-01  1.61775023e-01  1.67062566e-01  1.72718570e-01
  1.78783670e-01  1.85290352e-01  1.92262620e-01  1.99714422e-01  2.07645774e-01
  2.16035396e-01  2.24827394e-01  2.33908683e-01  2.43073583e-01  2.51982778e-01
  2.60173678e-01  2.67182738e-01  2.72663206e-01  2.76406765e-01  2.78344512e-01
  2.78571725e-01  2.77372599e-01  2.75150925e-01  2.72286654e-01  2.69068271e-01
  5.32334996e-03 -9.50846879e-04 -3.98878846e-03 -4.85720299e-03 -4.97538690e-03
 -4.87434631e-03 -4.60736686e-03 -4.12205700e-03 -3.36851715e-03 -2.31724139e-03
 -9.55331023e-04  7.20446464e-04  2.70921807e-03  5.00945281e-03  7.62057025e-03
  1.05431974e-02  1.37785636e-02  1.73274279e-02  2.11888403e-02  2.53589395e-02
  2.98298709e-02  3.45888920e-02  3.96176279e-02  4.48915213e-02  5.03794700e-02
  5.60437888e-02  6.18406758e-02  6.77214339e-02  7.36346021e-02  7.95291215e-02
  8.53582919e-02  9.10841376e-02  9.66814905e-02  1.02141052e-01  1.07470982e-01
  1.12696618e-01  1.17858507e-01  1.23009101e-01  1.28208876e-01  1.33522436e-01
  1.39015362e-01  1.44751862e-01  1.50793567e-01  1.57199159e-01  1.64024726e-01
  1.71324611e-01  1.79152399e-01  1.87562034e-01  1.96608454e-01  2.06347302e-01
  2.16832384e-01  2.28107944e-01  2.40189448e-01  2.53020227e-01  2.66336411e-01
  2.78686404e-01  2.88771927e-01  2.96248347e-01  3.00867260e-01  3.02446604e-01
  3.00860584e-01  2.96697170e-01  2.91650236e-01  2.86327273e-01  2.81052381e-01
  2.47107493e-03 -6.44267257e-03 -4.17461572e-03 -1.75707322e-03 -1.00343477e-03
 -6.32669078e-04 -3.57198733e-04 -5.45754083e-05  3.51316790e-04  9.13951080e-04
  1.67126302e-03  2.64990912e-03  3.86870489e-03  5.34129515e-03  7.07798870e-03
  9.08681192e-03  1.13739371e-02  1.39436545e-02  1.67980678e-02  1.99366417e-02
  2.33557131e-02  2.70480346e-02  3.10024191e-02  3.52035165e-02  3.96317877e-02
  4.42637838e-02  4.90727127e-02  5.40295020e-02  5.91042787e-02  6.42682761e-02
  6.94960579e-02  7.47678205e-02  8.00714493e-02  8.54041874e-02  9.07734931e-02
  9.61971357e-02  1.01702467e-01  1.07325107e-01  1.13107271e-01  1.19096018e-01
  1.25341788e-01  1.31897286e-01  1.38817087e-01  1.46157771e-01  1.53978720e-01
  1.62343755e-01  1.71323419e-01  1.80998415e-01  1.91464245e-01  2.02838048e-01
  2.15268523e-01  2.28951558e-01  2.44155213e-01  2.61249006e-01  2.80525386e-01
  2.99654841e-01  3.12679231e-01  3.23582351e-01  3.29247922e-01  3.30456465e-01
  3.27910751e-01  3.18451077e-01  3.08619440e-01  2.99793333e-01  2.91940331e-01
  1.23138446e-02  6.59823045e-03  4.13991418e-03  3.71850189e-03  3.80269764e-03
  3.84208793e-03  3.77245876e-03  3.64760822e-03  3.53563554e-03  3.49592627e-03
  3.57586937e-03  3.81223089e-03  4.23340686e-03  4.86152153e-03  5.71407983e-03
  6.80513680e-03  8.14602338e-03  9.74572357e-03  1.16109857e-02  1.37462635e-02
  1.61535665e-02  1.88322831e-02  2.17790380e-02  2.49876380e-02  2.84491461e-02
  3.21521275e-02  3.60831283e-02  4.02273647e-02  4.45696823e-02  4.90956865e-02
  5.37930094e-02  5.86526394e-02  6.36700764e-02  6.88463300e-02  7.41885081e-02
  7.97100961e-02  8.54308009e-02  9.13760960e-02  9.75766480e-02  1.04067646e-01
  1.10888302e-01  1.18081607e-01  1.25694498e-01  1.33778453e-01  1.42390847e-01
  1.51596919e-01  1.61472991e-01  1.72111005e-01  1.83625266e-01  1.96162641e-01
  2.09918201e-01  2.25160509e-01  2.42274210e-01  2.61830300e-01  2.84585655e-01
  3.09001058e-01  3.25961649e-01  3.39368165e-01  3.47381115e-01  3.48869205e-01
  3.46982211e-01  3.35455120e-01  3.21568668e-01  3.09484214e-01  2.99375296e-01
  1.45786703e-02  7.23380083e-03  7.60334032e-03  9.11916140e-03  9.22613870e-03
  8.78261961e-03  8.08399823e-03  7.27225421e-03  6.43605040e-03  5.63826645e-03
  4.92627639e-03  4.33703279e-03  3.90011468e-03  3.63976369e-03  3.57630150e-03
  3.72711709e-03  4.10732394e-03  4.73015942e-03  5.60718030e-03  6.74830750e-03
  8.16176459e-03  9.85398237e-03  1.18295075e-02  1.40909487e-02  1.66389905e-02
  1.94725115e-02  2.25888249e-02  2.59840600e-02  2.96536833e-02  3.35931368e-02
  3.77985761e-02  4.22676429e-02  4.70002219e-02  5.19991405e-02  5.72707132e-02
  6.28250614e-02  6.86762556e-02  7.48422593e-02  8.13448206e-02  8.82094204e-02
  9.54651982e-02  1.03145152e-01  1.11286543e-01  1.19931623e-01  1.29128873e-01
  1.38934806e-01  1.49416566e-01  1.60655543e-01  1.72752514e-01  1.85834661e-01
  2.00065151e-01  2.15655595e-01  2.32880518e-01  2.52092302e-01  2.73759425e-01
  2.98571289e-01  3.21421683e-01  3.33731502e-01  3.46286952e-01  3.47814709e-01
  3.47733289e-01  3.40488374e-01  3.25289607e-01  3.11753631e-01  3.00805837e-01
  2.71655545e-02  2.19441503e-02  1.91559456e-02  1.76008586e-02  1.60872694e-02
  1.44208120e-02  1.26605425e-02  1.08717671e-02  9.10366233e-03  7.39414012e-03
  5.77419903e-03  4.27034590e-03  2.90596229e-03  1.70216872e-03  6.78432814e-04
 -1.46980194e-04 -7.56679627e-04 -1.13393646e-03 -1.26259460e-03 -1.12711766e-03
 -7.12794194e-04 -5.90102172e-06  1.00614235e-03  2.33461033e-03  3.98932025e-03
  5.97852655e-03  8.30889028e-03  1.09855430e-02  1.40122529e-02  1.73916873e-02
  2.11257804e-02  2.52161920e-02  2.96648704e-02  3.44747156e-02  3.96502465e-02
  4.51981090e-02  5.11271283e-02  5.74483946e-02  6.41753897e-02  7.13241696e-02
  7.89135322e-02  8.69652852e-02  9.55046341e-02  1.04560681e-01  1.14167117e-01
  1.24363214e-01  1.35194927e-01  1.46716401e-01  1.58991575e-01  1.72095835e-01
  1.86117321e-01  2.01157153e-01  2.17327774e-01  2.34749675e-01  2.53558636e-01
  2.74052978e-01  2.97808468e-01  3.11727613e-01  3.20487767e-01  3.30729842e-01
  3.26453030e-01  3.29180747e-01  3.15799385e-01  3.03519577e-01  2.94537395e-01
  3.93400081e-02  3.50754261e-02  3.08472700e-02  2.69275066e-02  2.34177113e-02
  2.01918837e-02  1.71425771e-02  1.42171821e-02  1.13966484e-02  8.67910869e-03
  6.07143296e-03  3.58511508e-03  1.23426353e-03 -9.65383777e-04 -2.99692294e-03
 -4.84246481e-03 -6.48316415e-03 -7.89916329e-03 -9.06958617e-03 -9.97259747e-03
 -1.05864806e-02 -1.08897360e-02 -1.08612459e-02 -1.04806172e-02 -9.72861983e-03
 -8.58761929e-03 -7.04193255e-03 -5.07810991e-03 -2.68511195e-03  1.45594371e-04
  3.42003489e-03  7.14187697e-03  1.13128442e-02  1.59335956e-02  2.10052151e-02
  2.65307967e-02  3.25138308e-02  3.89582142e-02  4.58687656e-02  5.32516241e-02
  6.11145012e-02  6.94669113e-02  7.83203542e-02  8.76884833e-02  9.75871459e-02
  1.08034372e-01  1.19050100e-01  1.30655527e-01  1.42871812e-01  1.55717507e-01
  1.69203982e-01  1.83327377e-01  1.98054254e-01  2.13295579e-01  2.28853986e-01
  2.44300753e-01  2.58744985e-01  2.70969570e-01  2.80435354e-01  2.86988229e-01
  2.90502548e-01  2.91245133e-01  2.89425522e-01  2.86002785e-01  2.82143563e-01
  4.88182195e-02  4.51298691e-02  3.96424420e-02  3.42740044e-02  2.95212343e-02
  2.51173172e-02  2.09467020e-02  1.69476476e-02  1.30863860e-02  9.34655033e-03
  5.72313275e-03  2.21872050e-03 -1.15882186e-03 -4.39773314e-03 -7.48314569e-03
 -1.03975069e-02 -1.31207192e-02 -1.56298298e-02 -1.78989992e-02 -1.98963061e-02
 -2.15927176e-02 -2.29584407e-02 -2.39626635e-02 -2.45744232e-02 -2.47636680e-02
 -2.45022252e-02 -2.37645842e-02 -2.25284901e-02 -2.07754560e-02 -1.84912458e-02
 -1.56664066e-02 -1.22968554e-02 -8.38427711e-03 -3.93551029e-03  1.04155042e-03
  6.55229436e-03  1.25948815e-02  1.91642661e-02  2.62553096e-02  3.38634215e-02
  4.19845209e-02  5.06152511e-02  5.97529821e-02  6.93956465e-02  7.95413852e-02
  9.01877880e-02  1.01330727e-01  1.12962566e-01  1.25069499e-01  1.37627512e-01
  1.50596440e-01  1.63911209e-01  1.77469090e-01  1.91111833e-01  2.04603419e-01
  2.17611834e-01  2.29722112e-01  2.40511104e-01  2.49648929e-01  2.56944209e-01
  2.62345701e-01  2.65941799e-01  2.67957896e-01  2.68739939e-01  2.68674076e-01
  5.37643358e-02  4.96650338e-02  4.47533242e-02  3.94188128e-02  3.40767279e-02
  2.88648978e-02  2.37953290e-02  1.88523699e-02  1.40202381e-02  9.28895734e-03
  4.65479773e-03  1.19517033e-04 -4.31044493e-03 -8.62453133e-03 -1.28084067e-02
 -1.68443061e-02 -2.07119100e-02 -2.43851487e-02 -2.78443526e-02 -3.10156364e-02
 -3.38758156e-02 -3.63876708e-02 -3.85076962e-02 -4.01906483e-02 -4.13923822e-02
 -4.20716442e-02 -4.21911627e-02 -4.17183526e-02 -4.06258255e-02 -3.88920158e-02
 -3.65022756e-02 -3.34509797e-02 -2.97456812e-02 -2.54153498e-02 -2.05272920e-02
 -1.50009254e-02 -8.85793380e-03 -2.12337216e-03  5.18547511e-03  1.30533986e-02
  2.14639343e-02  3.04007642e-02  3.98477241e-02  4.97883148e-02  6.02054000e-02
  7.10800216e-02  8.23898762e-02  9.41072926e-02  1.06196582e-01  1.18610606e-01
  1.31286412e-01  1.44139916e-01  1.57059789e-01  1.69901922e-01  1.82486281e-01
  1.94600731e-01  2.06015572e-01  2.16509119e-01  2.25896716e-01  2.34053418e-01
  2.40925923e-01  2.46534869e-01  2.50968128e-01  2.54363775e-01  2.56883800e-01
  6.02750890e-02  5.65841086e-02  5.00562713e-02  4.35909517e-02  3.75311822e-02
  3.15940194e-02  2.57295147e-02  1.99252218e-02  1.41771995e-02  8.48481990e-03
  2.84999935e-03 -2.72275112e-03 -8.22604541e-03 -1.36490744e-02 -1.89766232e-02
 -2.41874903e-02 -2.92722117e-02 -3.41586806e-02 -3.88300680e-02 -4.32409942e-02
 -4.73379679e-02 -5.10622934e-02 -5.43537550e-02 -5.71537167e-02 -5.94073981e-02
 -6.10652603e-02 -6.20837696e-02 -6.24256432e-02 -6.20598421e-02 -6.09615222e-02
 -5.91121018e-02 -5.64996414e-02 -5.31194732e-02 -4.89747226e-02 -4.40748818e-02
 -3.84270921e-02 -3.20681036e-02 -2.50822697e-02 -1.74785163e-02 -9.27079655e-03
 -4.92937514e-04  8.82582180e-03  1.86574440e-02  2.89720595e-02  3.97413112e-02
  5.09348884e-02  6.25191405e-02  7.44552612e-02  8.66972953e-02  9.91898775e-02
  1.11865774e-01  1.24643452e-01  1.37424976e-01  1.50095135e-01  1.62522644e-01
  1.74564496e-01  1.86073780e-01  1.96910515e-01  2.06952974e-01  2.16107547e-01
  2.24315003e-01  2.31552288e-01  2.37829983e-01  2.43185773e-01  2.47675449e-01
  6.25052452e-02  5.81577048e-02  5.27192466e-02  4.65530530e-02  4.00909893e-02
  3.35221440e-02  2.69077104e-02  2.02717818e-02  1.36276763e-02  6.98457332e-03
  3.49724083e-04 -6.27034763e-03 -1.28689315e-02 -1.94381382e-02 -2.59670671e-02
 -3.23685370e-02 -3.86587940e-02 -4.48054448e-02 -5.07555827e-02 -5.64416498e-02
 -6.17889948e-02 -6.67214543e-02 -7.11654574e-02 -7.50528947e-02 -7.83228055e-02
 -8.09221938e-02 -8.28061402e-02 -8.39373767e-02 -8.42857137e-02 -8.38272050e-02
 -8.25434774e-02 -8.04209858e-02 -7.74505064e-02 -7.36266449e-02 -6.89476058e-02
 -6.34158924e-02 -5.70432656e-02 -4.98536453e-02 -4.18802984e-02 -3.31897177e-02
 -2.39200871e-02 -1.41013609e-02 -3.76266264e-03  7.04090018e-03  1.82821136e-02
  2.99240462e-02  4.19279970e-02  5.42509630e-02  6.68444559e-02  7.96534792e-02
  9.26153809e-02  1.05658837e-01  1.18703268e-01  1.31658986e-01  1.44428372e-01
  1.56908453e-01  1.68994457e-01  1.80584267e-01  1.91583008e-01  2.01906785e-01
  2.11485386e-01  2.20263436e-01  2.28200272e-01  2.35269159e-01  2.41456345e-01
  6.80884868e-02  6.40858114e-02  5.68511114e-02  4.94722612e-02  4.22527753e-02
  3.49401943e-02  2.75263190e-02  2.00321712e-02  1.24768782e-02  4.87380242e-03
 -2.76835565e-03 -1.04441624e-02 -1.81509499e-02 -2.58899610e-02 -3.35621238e-02
 -4.11890931e-02 -4.87473533e-02 -5.61795346e-02 -6.34073466e-02 -7.03416765e-02
 -7.68905804e-02 -8.29651505e-02 -8.84834677e-02 -9.33728367e-02 -9.75708142e-02
 -1.01025157e-01 -1.03693277e-01 -1.05541170e-01 -1.06542297e-01 -1.06676370e-01
 -1.05928175e-01 -1.04286544e-01 -1.01743370e-01 -9.82928649e-02 -9.39309970e-02
 -8.86554942e-02 -8.24667811e-02 -7.53695220e-02 -6.73754886e-02 -5.85104823e-02
 -4.88222651e-02 -3.83815318e-02 -2.73243394e-02 -1.59218088e-02 -4.06624749e-03
  8.17046966e-03  2.07535382e-02  3.36398222e-02  4.67819832e-02  6.01294003e-02
  7.36276507e-02  8.72178897e-02  1.00836463e-01  1.14414886e-01  1.27880260e-01
  1.41156062e-01  1.54163033e-01  1.66820243e-01  1.79045603e-01  1.90756083e-01
  2.01867327e-01  2.12293252e-01  2.21946448e-01  2.30740383e-01  2.38594219e-01
  7.01077580e-02  6.54680058e-02  5.92948087e-02  5.20085022e-02  4.41522710e-02
  3.60152237e-02  2.77175028e-02  1.93087235e-02  1.08103463e-02  2.23197066e-03
 -6.42202515e-03 -1.51491994e-02 -2.39469167e-02 -3.28107215e-02 -4.16787826e-02
 -5.05484380e-02 -5.93668297e-02 -6.80495054e-02 -7.64950737e-02 -8.45965296e-02
 -9.22494680e-02 -9.93575305e-02 -1.05835609e-01 -1.11611143e-01 -1.16624169e-01
 -1.20826483e-01 -1.24180287e-01 -1.26656637e-01 -1.28233850e-01 -1.28896073e-01
 -1.28631994e-01 -1.27433777e-01 -1.25296161e-01 -1.22215673e-01 -1.18189991e-01
 -1.13217421e-01 -1.07296549e-01 -1.00426346e-01 -9.26071256e-02 -8.38431045e-02
 -7.41471499e-02 -6.35488257e-02 -5.21097854e-02 -3.99408750e-02 -2.72048227e-02
 -1.42413676e-02 -9.19729879e-04  1.27020180e-02  2.65744738e-02  4.06531990e-02
  5.48942909e-02  6.92527443e-02  8.36817920e-02  9.81325954e-02  1.12553962e-01
  1.26891971e-01  1.41089231e-01  1.55083403e-01  1.68804914e-01  1.82173312e-01
  1.95092678e-01  2.07446530e-01  2.19094217e-01  2.29872391e-01  2.39605382e-01
  7.64273480e-02  7.21958354e-02  6.44839481e-02  5.53078242e-02  4.60442156e-02
  3.67839970e-02  2.74828151e-02  1.81125291e-02  8.65645055e-03 -8.97294667e-04
 -1.05582625e-02 -2.03337390e-02 -3.02264057e-02 -4.01808247e-02 -5.02146482e-02
 -6.02820590e-02 -7.02950433e-02 -8.01414475e-02 -8.96995217e-02 -9.88487750e-02
 -1.07477404e-01 -1.15486614e-01 -1.22792646e-01 -1.29326954e-01 -1.35035247e-01
 -1.39875770e-01 -1.43817291e-01 -1.46836966e-01 -1.48918375e-01 -1.50049865e-01
 -1.50223196e-01 -1.49432689e-01 -1.47674605e-01 -1.44946784e-01 -1.41248420e-01
 -1.36579618e-01 -1.30940929e-01 -1.24332614e-01 -1.16754085e-01 -1.08203851e-01
 -9.86807421e-02 -8.81877020e-02 -7.67395571e-02 -6.43759295e-02 -5.11811860e-02
 -3.73176560e-02 -2.30448823e-02 -8.50836653e-03  6.25399034e-03  2.12198272e-02
  3.63616496e-02  5.16506061e-02  6.70578405e-02  8.25548321e-02  9.81131792e-02
  1.13703862e-01  1.29295811e-01  1.44853264e-01  1.60331383e-01  1.75669238e-01
  1.90779001e-01  2.05530405e-01  2.19730541e-01  2.33104914e-01  2.45301574e-01
  8.08214098e-02  7.68413395e-02  6.78472668e-02  5.73274456e-02  4.70328443e-02
  3.68336588e-02  2.66283620e-02  1.63627509e-02  6.00136397e-03 -4.48312890e-03
 -1.51150217e-02 -2.59196870e-02 -3.68051194e-02 -4.78348881e-02 -5.89849949e-02
 -7.01723993e-02 -8.12785998e-02 -9.21686813e-02 -1.02705829e-01 -1.12761363e-01
 -1.22220956e-01 -1.30987659e-01 -1.38982683e-01 -1.46144584e-01 -1.52427301e-01
 -1.57797724e-01 -1.62232950e-01 -1.65717468e-01 -1.68240726e-01 -1.69795066e-01
 -1.70374274e-01 -1.69972792e-01 -1.68585613e-01 -1.66208521e-01 -1.62838683e-01
 -1.58475146e-01 -1.53118923e-01 -1.46772489e-01 -1.39438644e-01 -1.31118983e-01
 -1.21812366e-01 -1.11514509e-01 -1.00219928e-01 -8.79279301e-02 -7.46549144e-02
 -6.04549311e-02 -4.54484150e-02 -2.98601575e-02 -1.41273513e-02  1.82327756e-03
  1.79670695e-02  3.42865027e-02  5.07693291e-02  6.74078837e-02  8.41987729e-02
  1.01142496e-01  1.18242674e-01  1.35504320e-01  1.52930409e-01  1.70515284e-01
  1.88232437e-01  2.06011832e-01  2.23696947e-01  2.40951717e-01  2.57035881e-01
  8.07047039e-02  7.59802088e-02  6.77207038e-02  5.75162657e-02  4.68104295e-02
  3.59724276e-02  2.50478294e-02  1.40190413e-02  2.85808253e-03 -8.46264977e-03
 -1.99686140e-02 -3.16833369e-02 -4.35533375e-02 -5.56099787e-02 -6.77951351e-02
 -7.99951479e-02 -9.20673534e-02 -1.03860132e-01 -1.15227081e-01 -1.26036048e-01
 -1.36174038e-01 -1.45549148e-01 -1.54090300e-01 -1.61745548e-01 -1.68479472e-01
 -1.74269974e-01 -1.79104656e-01 -1.82977334e-01 -1.85884729e-01 -1.87823802e-01
 -1.88789949e-01 -1.88776195e-01 -1.87773302e-01 -1.85770899e-01 -1.82759032e-01
 -1.78730041e-01 -1.73680022e-01 -1.67609543e-01 -1.60523131e-01 -1.52427480e-01
 -1.43328398e-01 -1.33227631e-01 -1.22120112e-01 -1.09994076e-01 -9.68357250e-02
 -8.26417431e-02 -6.74429238e-02 -5.13429083e-02 -3.45743634e-02 -1.75507925e-02
 -3.43035732e-04  1.70495082e-02  3.46338153e-02  5.24241924e-02  7.04433545e-02
  8.87237042e-02  1.07308798e-01  1.26255050e-01  1.45633370e-01  1.65530592e-01
  1.86049879e-01  2.07307950e-01  2.29419783e-01  2.52429098e-01  2.75431901e-01
  8.38301480e-02  7.97937363e-02  6.91460669e-02  5.72122149e-02  4.57502902e-02
  3.43225189e-02  2.27999352e-02  1.11308517e-02 -7.18599884e-04 -1.27765154e-02
 -2.50670407e-02 -3.76086496e-02 -5.03772646e-02 -6.33602962e-02 -7.64626637e-02
 -8.95418748e-02 -1.02434911e-01 -1.14977673e-01 -1.27018049e-01 -1.38423532e-01
 -1.49084985e-01 -1.58917591e-01 -1.67859927e-01 -1.75871730e-01 -1.82930619e-01
 -1.89028129e-01 -1.94165125e-01 -1.98347241e-01 -2.01580465e-01 -2.03867644e-01
 -2.05206126e-01 -2.05586761e-01 -2.04994276e-01 -2.03408942e-01 -2.00809151e-01
 -1.97174504e-01 -1.92489207e-01 -1.86744675e-01 -1.79940805e-01 -1.72085330e-01
 -1.63191080e-01 -1.53271094e-01 -1.42332867e-01 -1.30373299e-01 -1.17376633e-01
 -1.03318281e-01 -8.81780833e-02 -7.19672590e-02 -5.47729656e-02 -3.68209220e-02
 -1.85513832e-02 -1.10075707e-04  1.85260884e-02  3.73898782e-02  5.65259494e-02
  7.59936050e-02  9.58707482e-02  1.16259366e-01  1.37293220e-01  1.59148872e-01
  1.82062626e-01  2.06359595e-01  2.32519418e-01  2.61447042e-01  2.97263563e-01
  7.98984542e-02  7.45549202e-02  6.58944473e-02  5.51741496e-02  4.37138565e-02
  3.19614597e-02  1.99964307e-02  7.81076308e-03 -4.62023402e-03 -1.73238292e-02
 -3.03293522e-02 -4.35863920e-02 -5.71396351e-02 -7.09248632e-02 -8.48089233e-02
 -9.86224711e-02 -1.12185225e-01 -1.25323683e-01 -1.37882441e-01 -1.49730504e-01
 -1.60764024e-01 -1.70906708e-01 -1.80108473e-01 -1.88342869e-01 -1.95603147e-01
 -2.01897308e-01 -2.07242504e-01 -2.11658716e-01 -2.15162545e-01 -2.17762902e-01
 -2.19458759e-01 -2.20238298e-01 -2.20079452e-01 -2.18952015e-01 -2.16820732e-01
 -2.13649496e-01 -2.09405825e-01 -2.04065055e-01 -1.97613746e-01 -1.90052196e-01
 -1.81393951e-01 -1.71661317e-01 -1.60877988e-01 -1.49060175e-01 -1.36208698e-01
 -1.22304857e-01 -1.07313775e-01 -9.11994576e-02 -7.39565194e-02 -5.56639284e-02
 -3.65634523e-02 -1.71547458e-02  2.41945684e-03  2.22032275e-02  4.22541872e-02
  6.26457036e-02  8.34721327e-02  1.04856268e-01  1.26959532e-01  1.49996132e-01
  1.74252659e-01  2.00113803e-01  2.28092283e-01  2.58876890e-01  2.93619484e-01
  8.29993114e-02  7.87416175e-02  6.61748499e-02  5.32930791e-02  4.12339605e-02
  2.91428175e-02  1.68296825e-02  4.23336308e-03 -8.67617875e-03 -2.19194852e-02
 -3.55094373e-02 -4.94220220e-02 -6.36628568e-02 -7.81309083e-02 -9.26634520e-02
 -1.07070141e-01 -1.21157557e-01 -1.34745628e-01 -1.47677526e-01 -1.59824997e-01
 -1.71090618e-01 -1.81407884e-01 -1.90739945e-01 -1.99076474e-01 -2.06429303e-01
 -2.12826207e-01 -2.18301728e-01 -2.22889036e-01 -2.26614103e-01 -2.29491860e-01
 -2.31523633e-01 -2.32696041e-01 -2.32981339e-01 -2.32339144e-01 -2.30719879e-01
 -2.28069603e-01 -2.24335954e-01 -2.19474539e-01 -2.13454470e-01 -2.06262127e-01
 -1.97902292e-01 -1.88397408e-01 -1.77783042e-01 -1.66096807e-01 -1.53365672e-01
 -1.39594704e-01 -1.24761559e-01 -1.08820617e-01 -9.17218775e-02 -7.34506100e-02
 -5.40941469e-02 -3.39382663e-02 -1.35808485e-02  6.92337891e-03  2.76382752e-02
  4.86340672e-02  6.99971840e-02  9.18378457e-02  1.14298604e-01  1.37565747e-01
  1.61885962e-01  1.87591001e-01  2.15128452e-01  2.45014474e-01  2.76720822e-01
  7.49423951e-02  6.88061267e-02  6.01457246e-02  4.96303812e-02  3.81203629e-02
  2.60384921e-02  1.35217952e-02  6.04017288e-04 -1.27161061e-02 -2.64559053e-02
 -4.05145586e-02 -5.49784824e-02 -6.97964430e-02 -8.48276839e-02 -9.98820588e-02
 -1.14751421e-01 -1.29232049e-01 -1.43139273e-01 -1.56316191e-01 -1.68638334e-01
 -1.80015773e-01 -1.90393344e-01 -1.99749336e-01 -2.08092242e-01 -2.15454876e-01
 -2.21883193e-01 -2.27426097e-01 -2.32128248e-01 -2.36024722e-01 -2.39137053e-01
 -2.41470441e-01 -2.43012220e-01 -2.43731409e-01 -2.43579879e-01 -2.42495224e-01
 -2.40405679e-01 -2.37236962e-01 -2.32920632e-01 -2.27402613e-01 -2.20650330e-01
 -2.12656423e-01 -2.03438312e-01 -1.93033755e-01 -1.81495219e-01 -1.68876514e-01
 -1.55215278e-01 -1.40519068e-01 -1.24759592e-01 -1.07880004e-01 -8.98207203e-02
 -7.05704913e-02 -5.02492525e-02 -2.92224344e-02 -8.22302978e-03  1.29120825e-02
  3.42160799e-02  5.57420775e-02  7.75599703e-02  9.97564048e-02  1.22436501e-01
  1.45726994e-01  1.69782355e-01  1.94801256e-01  2.21072614e-01  2.48731211e-01
  7.50048608e-02  6.92234859e-02  5.91475591e-02  4.74829189e-02  3.55292484e-02
  2.31834166e-02  1.04049314e-02 -2.81517836e-03 -1.64841544e-02 -3.06134950e-02
 -4.51301560e-02 -6.00846522e-02 -7.53917843e-02 -9.08833370e-02 -1.06349304e-01
 -1.21568650e-01 -1.36330485e-01 -1.50447547e-01 -1.63764104e-01 -1.76160529e-01
 -1.87555596e-01 -1.97906956e-01 -2.07209945e-01 -2.15493411e-01 -2.22808227e-01
 -2.29214802e-01 -2.34774098e-01 -2.39540994e-01 -2.43559256e-01 -2.46857479e-01
 -2.49446198e-01 -2.51315653e-01 -2.52434731e-01 -2.52751112e-01 -2.52193153e-01
 -2.50674009e-01 -2.48098433e-01 -2.44372249e-01 -2.39413545e-01 -2.33163863e-01
 -2.25596562e-01 -2.16719672e-01 -2.06572041e-01 -1.95214435e-01 -1.82719812e-01
 -1.69158176e-01 -1.54574856e-01 -1.38975382e-01 -1.22322284e-01 -1.04549341e-01
 -8.55992064e-02 -6.54922724e-02 -4.44340818e-02 -2.29579825e-02 -1.52211974e-03
  1.99021772e-02  4.13466096e-02  6.28414899e-02  8.44123587e-02  1.06074087e-01
  1.27819002e-01  1.49592936e-01  1.71244234e-01  1.92417309e-01  2.12391227e-01
  7.26996809e-02  6.63915053e-02  5.67846335e-02  4.53542583e-02  3.32512073e-02
  2.06693541e-02  7.62636634e-03 -5.88287506e-03 -1.98684502e-02 -3.43432277e-02
 -4.92609181e-02 -6.46329373e-02 -8.03439468e-02 -9.62034762e-02 -1.11986242e-01
 -1.27461731e-01 -1.42414242e-01 -1.56655341e-01 -1.70031592e-01 -1.82429150e-01
 -1.93776459e-01 -2.04045027e-01 -2.13248193e-01 -2.21432507e-01 -2.28662863e-01
 -2.35011324e-01 -2.40548834e-01 -2.45339170e-01 -2.49433964e-01 -2.52868801e-01
 -2.55660146e-01 -2.57802755e-01 -2.59267896e-01 -2.60002643e-01 -2.59930462e-01
 -2.58954078e-01 -2.56961137e-01 -2.53833741e-01 -2.49461114e-01 -2.43754402e-01
 -2.36660257e-01 -2.28169397e-01 -2.18316332e-01 -2.07170114e-01 -1.94819286e-01
 -1.81358367e-01 -1.66869447e-01 -1.51398003e-01 -1.34939462e-01 -1.17442660e-01
 -9.88346562e-02 -7.90736750e-02 -5.82373887e-02 -3.66496220e-02 -1.50271077e-02
  6.39305916e-03  2.76360102e-02  4.87026311e-02  6.95749298e-02  9.02119875e-02
  1.10539638e-01  1.30434141e-01  1.49701193e-01  1.68057308e-01  1.85133964e-01
  7.19085559e-02  6.55360818e-02  5.55258729e-02  4.37225997e-02  3.13586965e-02
  1.85366552e-02  5.24618570e-03 -8.52627028e-03 -2.27940567e-02 -3.75714637e-02
 -5.28283790e-02 -6.85443878e-02 -8.45796764e-02 -1.00726038e-01 -1.16746351e-01
 -1.32403061e-01 -1.47477195e-01 -1.61780223e-01 -1.75161690e-01 -1.87514096e-01
 -1.98775962e-01 -2.08932877e-01 -2.18014717e-01 -2.26081595e-01 -2.33209372e-01
 -2.39479288e-01 -2.44970500e-01 -2.49754056e-01 -2.53888339e-01 -2.57415205e-01
 -2.60356814e-01 -2.62712896e-01 -2.64458716e-01 -2.65543252e-01 -2.65888900e-01
 -2.65392661e-01 -2.63930559e-01 -2.61365741e-01 -2.57561564e-01 -2.52398521e-01
 -2.45792687e-01 -2.37710521e-01 -2.28174537e-01 -2.17256829e-01 -2.05061689e-01
 -1.91704690e-01 -1.77297115e-01 -1.61922693e-01 -1.45614430e-01 -1.28347725e-01
 -1.10054873e-01 -9.06650051e-02 -7.01761469e-02 -4.87652868e-02 -2.69306730e-02
 -5.62568614e-03  1.53893977e-02  3.60650606e-02  5.63515835e-02  7.61860684e-02
  9.54833329e-02  1.14128955e-01  1.31975144e-01  1.48842543e-01  1.64531559e-01
  7.12271258e-02  6.47910833e-02  5.44715375e-02  4.23909239e-02  2.98233945e-02
  1.68026537e-02  3.30051361e-03 -1.07007166e-02 -2.52131969e-02 -4.02425639e-02
 -5.57735972e-02 -7.17624202e-02 -8.80500004e-02 -1.04414046e-01 -1.20608114e-01
 -1.36389270e-01 -1.51536256e-01 -1.65861085e-01 -1.79216534e-01 -1.91501498e-01
 -2.02664196e-01 -2.12703362e-01 -2.21662030e-01 -2.29610577e-01 -2.36633241e-01
 -2.42818475e-01 -2.48251721e-01 -2.53009796e-01 -2.57156432e-01 -2.60738522e-01
 -2.63783157e-01 -2.66294718e-01 -2.68252611e-01 -2.69609064e-01 -2.70287693e-01
 -2.70183653e-01 -2.69166172e-01 -2.67085314e-01 -2.63784051e-01 -2.59116262e-01
 -2.52968371e-01 -2.45279744e-01 -2.36055300e-01 -2.25363672e-01 -2.13320374e-01
 -2.00061843e-01 -1.85722321e-01 -1.70416921e-01 -1.54213920e-01 -1.37119070e-01
 -1.19081691e-01 -1.00026004e-01 -7.99131617e-02 -5.88412955e-02 -3.71864401e-02
 -1.57642905e-02  5.17118489e-03  2.56020818e-02  4.54929695e-02  6.47913665e-02
  8.34274516e-02  1.01314217e-01  1.18349291e-01  1.34419456e-01  1.49408504e-01
  6.98362216e-02  6.30527064e-02  5.30928560e-02  4.12605256e-02  2.86546368e-02
  1.55038144e-02  1.83192652e-03 -1.23705249e-02 -2.71218196e-02 -4.23189178e-02
 -5.80515675e-02 -7.42458776e-02 -9.07232016e-02 -1.07248500e-01 -1.23567492e-01
 -1.39432937e-01 -1.54621974e-01 -1.68947399e-01 -1.82265162e-01 -1.94479927e-01
 -2.05548480e-01 -2.15480626e-01 -2.24329039e-01 -2.32171655e-01 -2.39098951e-01
 -2.45204687e-01 -2.50579000e-01 -2.55302906e-01 -2.59444028e-01 -2.63053000e-01
 -2.66160548e-01 -2.68774837e-01 -2.70878732e-01 -2.72427678e-01 -2.73347408e-01
 -2.73533195e-01 -2.72851080e-01 -2.71143109e-01 -2.68238127e-01 -2.63969809e-01
 -2.58199930e-01 -2.50843287e-01 -2.41886124e-01 -2.31389463e-01 -2.19474554e-01
 -2.06294283e-01 -1.92003086e-01 -1.76738262e-01 -1.60596028e-01 -1.43608421e-01
 -1.25742629e-01 -1.06925629e-01 -8.70981142e-02 -6.63043037e-02 -4.48223352e-02
 -2.33233385e-02 -2.43632030e-03  1.78426392e-02  3.74905728e-02  5.64665906e-02
  7.47162178e-02  9.21743959e-02  1.08768664e-01  1.24423280e-01  1.39064446e-01
  7.08656162e-02  6.44830540e-02  5.34242950e-02  4.08394672e-02  2.80148145e-02
  1.47342961e-02  9.27824236e-04 -1.34246275e-02 -2.83347275e-02 -4.36995439e-02
 -5.96019328e-02 -7.59577155e-02 -9.25789103e-02 -1.09223433e-01 -1.25632390e-01
 -1.41556054e-01 -1.56770825e-01 -1.71090469e-01 -1.84373721e-01 -1.96529955e-01
 -2.07522750e-01 -2.17370093e-01 -2.26131290e-01 -2.33889565e-01 -2.40739733e-01
 -2.46779203e-01 -2.52101302e-01 -2.56789774e-01 -2.60914743e-01 -2.64529258e-01
 -2.67666340e-01 -2.70336509e-01 -2.72525072e-01 -2.74189621e-01 -2.75257707e-01
 -2.75625199e-01 -2.75156796e-01 -2.73690045e-01 -2.71045357e-01 -2.67043144e-01
 -2.61528432e-01 -2.54398167e-01 -2.45623633e-01 -2.35258371e-01 -2.23425627e-01
 -2.10288793e-01 -1.96016997e-01 -1.80761889e-01 -1.64637595e-01 -1.47693917e-01
 -1.29910573e-01 -1.11217313e-01 -9.15420353e-02 -7.08927438e-02 -4.94778194e-02
 -2.78559010e-02 -7.06658280e-03  1.31072700e-02  3.26228328e-02  5.14352135e-02
  6.94946572e-02  8.67467523e-02  1.03134185e-01  1.18599631e-01  1.33089259e-01
  6.86687678e-02  6.15074895e-02  5.19243702e-02  4.04673889e-02  2.78814062e-02
  1.45591311e-02  6.36926619e-04 -1.38476836e-02 -2.88902763e-02 -4.43895087e-02
 -6.04212731e-02 -7.68957064e-02 -9.36201811e-02 -1.10349149e-01 -1.26821488e-01
 -1.42786324e-01 -1.58020020e-01 -1.72337219e-01 -1.85598746e-01 -1.97717190e-01
 -2.08660662e-01 -2.18452245e-01 -2.27155313e-01 -2.34856248e-01 -2.41652504e-01
 -2.47643635e-01 -2.52924711e-01 -2.57580936e-01 -2.61683643e-01 -2.65286893e-01
 -2.68424720e-01 -2.71108508e-01 -2.73324460e-01 -2.75030971e-01 -2.76156098e-01
 -2.76595831e-01 -2.76214004e-01 -2.74845988e-01 -2.72308052e-01 -2.68414438e-01
 -2.63002276e-01 -2.55959958e-01 -2.47251689e-01 -2.36927241e-01 -2.25110546e-01
 -2.11969838e-01 -1.97681189e-01 -1.82402760e-01 -1.66256219e-01 -1.49298817e-01
 -1.31515667e-01 -1.12838089e-01 -9.31904241e-02 -7.25705475e-02 -5.11702485e-02
 -2.95307990e-02 -8.69490299e-03  1.14912782e-02  3.09989303e-02  4.97891344e-02
  6.78161532e-02  8.50297287e-02  1.01377442e-01  1.16807505e-01  1.31271958e-01
  7.39951357e-02  6.81335106e-02  5.57101183e-02  4.21086662e-02  2.87542548e-02
  1.50897801e-02  9.67469765e-04 -1.36607792e-02 -2.88188290e-02 -4.44153473e-02
 -6.05318919e-02 -7.70801976e-02 -9.38676223e-02 -1.10648178e-01 -1.27160341e-01
 -1.43153146e-01 -1.58403173e-01 -1.72725737e-01 -1.85982659e-01 -1.98088109e-01
 -2.09012076e-01 -2.18779698e-01 -2.27455959e-01 -2.35128552e-01 -2.41895854e-01
 -2.47858152e-01 -2.53110945e-01 -2.57739663e-01 -2.61815548e-01 -2.65392482e-01
 -2.68504024e-01 -2.71160990e-01 -2.73348868e-01 -2.75025129e-01 -2.76116878e-01
 -2.76519060e-01 -2.76094586e-01 -2.74678141e-01 -2.72085756e-01 -2.68132210e-01
 -2.62655884e-01 -2.55547345e-01 -2.46773183e-01 -2.36385092e-01 -2.24507943e-01
 -2.11309463e-01 -1.96964085e-01 -1.81628063e-01 -1.65420204e-01 -1.48394182e-01
 -1.30531952e-01 -1.11763395e-01 -9.20146555e-02 -7.12903738e-02 -4.97948788e-02
 -2.80838311e-02 -7.19788531e-03  1.30675379e-02  3.26701030e-02  5.15649505e-02
  6.97021484e-02  8.70270059e-02  1.03481911e-01  1.19009197e-01  1.33554742e-01
  7.22972006e-02  6.54949322e-02  5.52834123e-02  4.29484174e-02  2.97314487e-02
  1.59846805e-02  1.75851304e-03 -1.29578020e-02 -2.81848218e-02 -4.38262857e-02
 -5.99741973e-02 -7.65462145e-02 -9.33529362e-02 -1.10150129e-01 -1.26677260e-01
 -1.42683908e-01 -1.57947078e-01 -1.72282234e-01 -1.85551211e-01 -1.97667792e-01
 -2.08601236e-01 -2.18375698e-01 -2.27055460e-01 -2.34727547e-01 -2.41489723e-01
 -2.47441515e-01 -2.52677560e-01 -2.57282197e-01 -2.61325449e-01 -2.64859676e-01
 -2.67916650e-01 -2.70505071e-01 -2.72608042e-01 -2.74180532e-01 -2.75147229e-01
 -2.75400996e-01 -2.74803907e-01 -2.73191541e-01 -2.70383894e-01 -2.66203076e-01
 -2.60498136e-01 -2.53172189e-01 -2.44203284e-01 -2.33650386e-01 -2.21638903e-01
 -2.08330452e-01 -1.93889454e-01 -1.78461924e-01 -1.62153125e-01 -1.45002306e-01
 -1.26980260e-01 -1.08013548e-01 -8.80384669e-02 -6.70915768e-02 -4.54416238e-02
 -2.37515811e-02 -2.67724483e-03  1.77828763e-02  3.76044996e-02  5.67458607e-02
  7.51517415e-02  9.27563682e-02  1.09486528e-01  1.25265703e-01  1.40019402e-01
  7.53429681e-02  6.92404136e-02  5.77716753e-02  4.44847681e-02  3.10122706e-02
  1.71840265e-02  2.91981688e-03 -1.18167307e-02 -2.70514470e-02 -4.26755510e-02
 -5.87947965e-02 -7.53353164e-02 -9.21131745e-02 -1.08887590e-01 -1.25400156e-01
 -1.41401738e-01 -1.56669796e-01 -1.71019688e-01 -1.84312209e-01 -1.96459070e-01
 -2.07426280e-01 -2.17233986e-01 -2.25943327e-01 -2.33638734e-01 -2.40415648e-01
 -2.46371388e-01 -2.51598328e-01 -2.56178439e-01 -2.60179251e-01 -2.63650209e-01
 -2.66619951e-01 -2.69093633e-01 -2.71050543e-01 -2.72441775e-01 -2.73188502e-01
 -2.73181289e-01 -2.72282153e-01 -2.70330578e-01 -2.67155379e-01 -2.62593418e-01
 -2.56513447e-01 -2.48839960e-01 -2.39569128e-01 -2.28769392e-01 -2.16564238e-01
 -2.03103036e-01 -1.88533008e-01 -1.72982007e-01 -1.56530991e-01 -1.39194861e-01
 -1.20926604e-01 -1.01648122e-01 -8.13126564e-02 -6.00061193e-02 -3.80907618e-02
 -1.63719766e-02  4.84980969e-03  2.55557448e-02  4.57097106e-02  6.52585253e-02
  8.41315240e-02  1.02240682e-01  1.19482391e-01  1.35742038e-01  1.50902018e-01
  7.49965385e-02  6.84991404e-02  5.81284836e-02  4.56157438e-02  3.23556885e-02
  1.86085813e-02  4.39987192e-03 -1.02814557e-02 -2.54569668e-02 -4.10052091e-02
 -5.70382252e-02 -7.34912828e-02 -9.01884437e-02 -1.06894828e-01 -1.23355985e-01
 -1.39325097e-01 -1.54580757e-01 -1.68938041e-01 -1.82256088e-01 -1.94443166e-01
 -2.05459818e-01 -2.15319246e-01 -2.24076867e-01 -2.31812447e-01 -2.38617286e-01
 -2.44584888e-01 -2.49803871e-01 -2.54352480e-01 -2.58294284e-01 -2.61674553e-01
 -2.64517456e-01 -2.66823322e-01 -2.68566459e-01 -2.69693404e-01 -2.70121664e-01
 -2.69740522e-01 -2.68414438e-01 -2.65991092e-01 -2.62314439e-01 -2.57243782e-01
 -2.50675023e-01 -2.42559701e-01 -2.32914314e-01 -2.21814930e-01 -2.09378064e-01
 -1.95734903e-01 -1.81011513e-01 -1.65308461e-01 -1.48673385e-01 -1.31090745e-01
 -1.12494387e-01 -9.28073451e-02 -7.20148683e-02 -5.02771959e-02 -2.80773956e-02
 -6.36440888e-03  1.50387036e-02  3.60850804e-02  5.67259006e-02  7.68981874e-02
  9.65160578e-02  1.15463778e-01  1.33591682e-01  1.50717989e-01  1.66640416e-01
  7.67071396e-02  7.05161542e-02  5.98809086e-02  4.71834987e-02  3.39545533e-02
  2.02940200e-02  6.18995866e-03 -8.36571399e-03 -2.33779810e-02 -3.88466567e-02
 -5.47542833e-02 -7.10666403e-02 -8.76265913e-02 -1.04211107e-01 -1.20573081e-01
 -1.36470035e-01 -1.51682645e-01 -1.66026160e-01 -1.79357782e-01 -1.91581413e-01
 -2.02650532e-01 -2.12568685e-01 -2.21382633e-01 -2.29165182e-01 -2.36001551e-01
 -2.41979629e-01 -2.47182697e-01 -2.51683742e-01 -2.55540937e-01 -2.58794129e-01
 -2.61461765e-01 -2.63538510e-01 -2.64993310e-01 -2.65768290e-01 -2.65778691e-01
 -2.64915109e-01 -2.63048947e-01 -2.60041803e-01 -2.55759835e-01 -2.50091136e-01
 -2.42963254e-01 -2.34355778e-01 -2.24302411e-01 -2.12881252e-01 -2.00195923e-01
 -1.86356604e-01 -1.71464086e-01 -1.55582771e-01 -1.38722256e-01 -1.20837346e-01
 -1.01851754e-01 -8.17108825e-02 -6.04719929e-02 -3.84359919e-02 -1.63051430e-02
  5.61023038e-03  2.73324773e-02  4.88613956e-02  7.01784715e-02  9.12423283e-02
  1.11977942e-01  1.32260069e-01  1.51891738e-01  1.70585394e-01  1.87967047e-01
  7.79337063e-02  7.19037950e-02  6.13985509e-02  4.88457307e-02  3.57558541e-02
  2.22153366e-02  8.23016558e-03 -6.19136496e-03 -2.10478399e-02 -3.63458656e-02
 -5.20485677e-02 -6.81439340e-02 -8.44929069e-02 -1.00885846e-01 -1.17084816e-01
 -1.32853165e-01 -1.47974655e-01 -1.62265271e-01 -1.75580323e-01 -1.87818944e-01
 -1.98926553e-01 -2.08895087e-01 -2.17759356e-01 -2.25582510e-01 -2.32441500e-01
 -2.38416702e-01 -2.43584335e-01 -2.48010531e-01 -2.51746833e-01 -2.54826427e-01
 -2.57261366e-01 -2.59040475e-01 -2.60127902e-01 -2.60462970e-01 -2.59961665e-01
 -2.58520395e-01 -2.56023198e-01 -2.52352238e-01 -2.47401521e-01 -2.41091460e-01
 -2.33381033e-01 -2.24273428e-01 -2.13812619e-01 -2.02071711e-01 -1.89138249e-01
 -1.75101206e-01 -1.60027444e-01 -1.43940538e-01 -1.26813382e-01 -1.08579867e-01
 -8.91713724e-02 -6.85859546e-02 -4.69979942e-02 -2.49065887e-02 -2.86416127e-03
  1.91514958e-02  4.11693528e-02  6.32188395e-02  8.53255391e-02  1.07504696e-01
  1.29748970e-01  1.52003869e-01  1.74116001e-01  1.95724562e-01  2.16097400e-01
  7.83019960e-02  7.20681921e-02  6.25706464e-02  5.07730506e-02  3.78649458e-02
  2.43766159e-02  1.04659684e-02 -3.82924546e-03 -1.85083337e-02 -3.35841514e-02
 -4.90099154e-02 -6.48062900e-02 -8.08586478e-02 -9.69750360e-02 -1.12929754e-01
 -1.28494024e-01 -1.43456087e-01 -1.57633469e-01 -1.70880079e-01 -1.83090359e-01
 -1.94201291e-01 -2.04192430e-01 -2.13083416e-01 -2.20924616e-01 -2.27782205e-01
 -2.33726993e-01 -2.38826379e-01 -2.43138239e-01 -2.46706292e-01 -2.49556512e-01
 -2.51694560e-01 -2.53104120e-01 -2.53746480e-01 -2.53561288e-01 -2.52469778e-01
 -2.50379711e-01 -2.47193784e-01 -2.42819741e-01 -2.37182125e-01 -2.30232596e-01
 -2.21956283e-01 -2.12372020e-01 -2.01526165e-01 -1.89483047e-01 -1.76314965e-01
 -1.62081942e-01 -1.46811888e-01 -1.30490020e-01 -1.13062941e-01 -9.44627970e-02
 -7.46583194e-02 -5.37400842e-02 -3.20418254e-02 -1.02771185e-02  1.15848696e-02
  3.35850678e-02  5.57806343e-02  7.82442093e-02  1.01064920e-01  1.24350548e-01
  1.48230851e-01  1.72863871e-01  1.98452666e-01  2.25292146e-01  2.53520519e-01
  8.89092013e-02  8.53543207e-02  6.94340169e-02  5.41505963e-02  4.03214172e-02
  2.65950114e-02  1.27007905e-02 -1.44896004e-03 -1.58991814e-02 -3.06842141e-02
 -4.57481667e-02 -6.11505583e-02 -7.68059343e-02 -9.25440341e-02 -1.08154520e-01
 -1.23418845e-01 -1.38131320e-01 -1.52112037e-01 -1.65214196e-01 -1.77328065e-01
 -1.88382521e-01 -1.98344767e-01 -2.07217947e-01 -2.15035886e-01 -2.21851066e-01
 -2.27722540e-01 -2.32707217e-01 -2.36853555e-01 -2.40196854e-01 -2.42755964e-01
 -2.44531021e-01 -2.45502591e-01 -2.45632097e-01 -2.44863912e-01 -2.43129387e-01
 -2.40352958e-01 -2.36460000e-01 -2.31385723e-01 -2.25083470e-01 -2.17530549e-01
 -2.08730146e-01 -1.98708832e-01 -1.87511623e-01 -1.75193980e-01 -1.61804691e-01
 -1.47369534e-01 -1.31880760e-01 -1.15297668e-01 -9.75632668e-02 -7.86431581e-02
 -5.85939176e-02 -3.76649499e-02 -1.64242629e-02  4.93157469e-03  2.64644269e-02
  4.82454896e-02  7.03632757e-02  9.29307416e-02  1.16093807e-01  1.40042976e-01
  1.65030271e-01  1.91394284e-01  2.19591454e-01  2.50148058e-01  2.82528281e-01
  8.21426734e-02  7.65955448e-02  6.70218095e-02  5.48354685e-02  4.16902415e-02
  2.82233581e-02  1.45613449e-02  6.96788076e-04 -1.34060094e-02 -2.77894568e-02
 -4.23861519e-02 -5.72843775e-02 -7.24272504e-02 -8.76686200e-02 -1.02816418e-01
 -1.17664710e-01 -1.32015601e-01 -1.45692930e-01 -1.58550009e-01 -1.70473590e-01
 -1.81385159e-01 -1.91240415e-01 -2.00026810e-01 -2.07759202e-01 -2.14472994e-01
 -2.20213056e-01 -2.25024268e-01 -2.28944898e-01 -2.32001871e-01 -2.34207705e-01
 -2.35558927e-01 -2.36035779e-01 -2.35603541e-01 -2.34215468e-01 -2.31817245e-01
 -2.28352919e-01 -2.23771468e-01 -2.18033284e-01 -2.11115077e-01 -2.03012452e-01
 -1.93739772e-01 -1.83328554e-01 -1.71819195e-01 -1.59248203e-01 -1.45635664e-01
 -1.30976632e-01 -1.15240812e-01 -9.83848795e-02 -8.03830698e-02 -6.12820797e-02
 -4.12844904e-02 -2.08552424e-02 -2.98605242e-04  2.04284508e-02  4.13833261e-02
  6.26402423e-02  8.42953846e-02  1.06474288e-01  1.29342094e-01  1.53117850e-01
  1.78094447e-01  2.04664648e-01  2.33351514e-01  2.64857084e-01  3.00354332e-01
  8.73775259e-02  8.40425715e-02  7.03980997e-02  5.58187217e-02  4.23866659e-02
  2.91291252e-02  1.58288684e-02  2.40653334e-03 -1.11870859e-02 -2.49910392e-02
 -3.90353464e-02 -5.33175655e-02 -6.78223670e-02 -8.24346691e-02 -9.69850793e-02
 -1.11283250e-01 -1.25140995e-01 -1.38387084e-01 -1.50875732e-01 -1.62490889e-01
 -1.73147514e-01 -1.82790965e-01 -1.91394582e-01 -1.98955819e-01 -2.05490679e-01
 -2.11027101e-01 -2.15596393e-01 -2.19226107e-01 -2.21935302e-01 -2.23731637e-01
 -2.24610254e-01 -2.24553972e-01 -2.23535210e-01 -2.21518949e-01 -2.18467072e-01
 -2.14343175e-01 -2.09117368e-01 -2.02770457e-01 -1.95296571e-01 -1.86705127e-01
 -1.77018121e-01 -1.66263476e-01 -1.54466301e-01 -1.41639888e-01 -1.27779797e-01
 -1.12864062e-01 -9.68637466e-02 -7.97681510e-02 -6.16298132e-02 -4.26328108e-02
 -2.31803227e-02 -3.60596529e-03  1.61134414e-02  3.60109732e-02  5.61319441e-02
  7.65368566e-02  9.73054320e-02  1.18542269e-01  1.40384600e-01  1.63013577e-01
  1.86671376e-01  2.11690873e-01  2.38562182e-01  2.68207759e-01  3.04819912e-01
  8.01594853e-02  7.50716254e-02  6.58417791e-02  5.41145727e-02  4.16446105e-02
  2.90081780e-02  1.62983537e-02  3.49554350e-03 -9.44021065e-03 -2.25493815e-02
 -3.58700193e-02 -4.93837632e-02 -6.31026998e-02 -7.69381896e-02 -9.07429382e-02
 -1.04343042e-01 -1.17561124e-01 -1.30231768e-01 -1.42210796e-01 -1.53379917e-01
 -1.63648412e-01 -1.72952518e-01 -1.81253284e-01 -1.88533053e-01 -1.94790930e-01
 -2.00037360e-01 -2.04288363e-01 -2.07560092e-01 -2.09864199e-01 -2.11204827e-01
 -2.11577535e-01 -2.10969865e-01 -2.09362969e-01 -2.06734434e-01 -2.03061670e-01
 -1.98325470e-01 -1.92513764e-01 -1.85624033e-01 -1.77663565e-01 -1.68647319e-01
 -1.58593550e-01 -1.47517845e-01 -1.35427460e-01 -1.22317843e-01 -1.08174428e-01
 -9.29828435e-02 -7.67513663e-02 -5.95494062e-02 -4.15632799e-02 -2.31666509e-02
 -4.65242891e-03  1.39827114e-02  3.27474400e-02  5.16572036e-02  7.07356930e-02
  9.00164247e-02  1.09544434e-01  1.29378170e-01  1.49591208e-01  1.70273826e-01
  1.91533446e-01  2.13491887e-01  2.36270055e-01  2.59918094e-01  2.83521682e-01
  8.01004991e-02  7.64205307e-02  6.50632232e-02  5.20587228e-02  3.98277938e-02
  2.78392211e-02  1.58877485e-02  3.88145959e-03 -8.23535770e-03 -2.05041636e-02
 -3.29600014e-02 -4.55655418e-02 -5.83565757e-02 -7.12693110e-02 -8.41787681e-02
 -9.69286785e-02 -1.09353945e-01 -1.21296264e-01 -1.32614017e-01 -1.43187582e-01
 -1.52921498e-01 -1.61744118e-01 -1.69605955e-01 -1.76476598e-01 -1.82341009e-01
 -1.87195167e-01 -1.91041678e-01 -1.93885639e-01 -1.95731223e-01 -1.96579367e-01
 -1.96426794e-01 -1.95266217e-01 -1.93087727e-01 -1.89880833e-01 -1.85636863e-01
 -1.80351168e-01 -1.74024433e-01 -1.66662827e-01 -1.58276483e-01 -1.48876607e-01
 -1.38471842e-01 -1.27065107e-01 -1.14652693e-01 -1.01227656e-01 -8.67904648e-02
 -7.13699386e-02 -5.50580099e-02 -3.80604155e-02 -2.07468104e-02 -3.30148498e-03
  1.42592192e-02  3.19215469e-02  4.96748462e-02  6.75120130e-02  8.54298323e-02
  1.03429049e-01  1.21513806e-01  1.39690161e-01  1.57962665e-01  1.76327780e-01
  1.94761455e-01  2.13196069e-01  2.31476679e-01  2.49265924e-01  2.65813649e-01
  7.09722191e-02  6.61319718e-02  5.75516485e-02  4.70930338e-02  3.63227651e-02
  2.54919678e-02  1.45852370e-02  3.57251940e-03 -7.57103693e-03 -1.88674498e-02
 -3.03380135e-02 -4.19166647e-02 -5.36560565e-02 -6.55144900e-02 -7.73891732e-02
 -8.91428888e-02 -1.00624830e-01 -1.11685835e-01 -1.22188635e-01 -1.32013798e-01
 -1.41062468e-01 -1.49256796e-01 -1.56538591e-01 -1.62867084e-01 -1.68215781e-01
 -1.72569156e-01 -1.75919220e-01 -1.78262413e-01 -1.79597110e-01 -1.79921865e-01
 -1.79234579e-01 -1.77532569e-01 -1.74813151e-01 -1.71074733e-01 -1.66317716e-01
 -1.60545111e-01 -1.53762311e-01 -1.45976037e-01 -1.37192711e-01 -1.27416536e-01
 -1.16648592e-01 -1.04888000e-01 -9.21372250e-02 -7.84134492e-02 -6.37681261e-02
 -4.83150855e-02 -3.22684720e-02 -1.60331111e-02  3.77520075e-04  1.69259012e-02
  3.35778072e-02  5.03006577e-02  6.70628771e-02  8.38335603e-02  1.00582249e-01
  1.17278278e-01  1.33889541e-01  1.50380015e-01  1.66705430e-01  1.82806194e-01
  1.98596373e-01  2.13947788e-01  2.28669122e-01  2.42486447e-01  2.55047053e-01
  6.18850850e-02  5.65342382e-02  4.94188033e-02  4.09944579e-02  3.18734869e-02
  2.23754570e-02  1.26373870e-02  2.71654222e-03 -7.36556714e-03 -1.76048521e-02
 -2.80066188e-02 -3.84725407e-02 -4.90655564e-02 -5.97627722e-02 -7.04831555e-02
 -8.11100453e-02 -9.15094241e-02 -1.01544134e-01 -1.11083955e-01 -1.20012075e-01
 -1.28228515e-01 -1.35651290e-01 -1.42215878e-01 -1.47873536e-01 -1.52589113e-01
 -1.56338364e-01 -1.59105405e-01 -1.60880312e-01 -1.61657199e-01 -1.61432728e-01
 -1.60205334e-01 -1.57974765e-01 -1.54742002e-01 -1.50509313e-01 -1.45280078e-01
 -1.39058396e-01 -1.31848425e-01 -1.23653501e-01 -1.14475816e-01 -1.04317129e-01
 -9.31818634e-02 -8.10840875e-02 -6.80603385e-02 -5.41894659e-02 -3.96243222e-02
 -2.46132072e-02 -9.35817696e-03  6.10704767e-03  2.17455737e-02  3.75147909e-02
  5.33685125e-02  6.92577064e-02  8.51308033e-02  1.00933909e-01  1.16610996e-01
  1.32103965e-01  1.47352248e-01  1.62291735e-01  1.76852569e-01  1.90955639e-01
  2.04507753e-01  2.17396244e-01  2.29485005e-01  2.40615517e-01  2.50617027e-01
  5.66745549e-02  5.19618951e-02  4.43028510e-02  3.59562598e-02  2.76146289e-02
  1.90846883e-02  1.03694675e-02  1.49440591e-03 -7.52207218e-03 -1.66722331e-02
 -2.59588305e-02 -3.52655500e-02 -4.46532667e-02 -5.41137047e-02 -6.35871142e-02
 -7.29789734e-02 -8.21749195e-02 -9.10531431e-02 -9.94939506e-02 -1.07386455e-01
 -1.14632607e-01 -1.21149100e-01 -1.26867712e-01 -1.31734431e-01 -1.35707960e-01
 -1.38757780e-01 -1.40862182e-01 -1.42006382e-01 -1.42180890e-01 -1.41380101e-01
 -1.39601350e-01 -1.36844039e-01 -1.33109018e-01 -1.28398031e-01 -1.22713156e-01
 -1.16056390e-01 -1.08429573e-01 -9.98350754e-02 -9.02779922e-02 -7.97708258e-02
 -6.83413148e-02 -5.60444668e-02 -4.29831669e-02 -2.93178335e-02 -1.53718563e-02
 -1.07966491e-03  1.35042248e-02  2.83294879e-02  4.33447547e-02  5.84946051e-02
  7.37182796e-02  8.89491364e-02  1.04114644e-01  1.19136982e-01  1.33934081e-01
  1.48421228e-01  1.62512749e-01  1.76123708e-01  1.89170912e-01  2.01573268e-01
  2.13251218e-01  2.24125907e-01  2.34118924e-01  2.43153751e-01  2.51159936e-01
  4.94942330e-02  4.42844555e-02  3.79454084e-02  3.08071449e-02  2.33007669e-02
  1.56191578e-02  7.82413781e-03 -6.15411773e-05 -8.02717637e-03 -1.60666611e-02
 -2.41745170e-02 -3.23406272e-02 -4.05048169e-02 -4.86851446e-02 -5.68476468e-02
 -6.49225786e-02 -7.28178024e-02 -8.04299861e-02 -8.76534656e-02 -9.43868682e-02
 -1.00537568e-01 -1.06024273e-01 -1.10778101e-01 -1.14742503e-01 -1.17872469e-01
 -1.20133229e-01 -1.21498793e-01 -1.21950388e-01 -1.21475011e-01 -1.20064132e-01
 -1.17712513e-01 -1.14417255e-01 -1.10177025e-01 -1.04991503e-01 -9.88612622e-02
 -9.17882249e-02 -8.37773234e-02 -7.48396367e-02 -6.49978369e-02 -5.42969480e-02
 -4.28166166e-02 -3.06731854e-02 -1.81093924e-02 -5.09776641e-03  8.31016526e-03
  2.20817551e-02  3.61754596e-02  5.05431704e-02  6.51297495e-02  7.98716173e-02
  9.46953744e-02  1.09516673e-01  1.24239981e-01  1.38759404e-01  1.52961016e-01
  1.66726783e-01  1.79939792e-01  1.92490131e-01  2.04280451e-01  2.15230197e-01
  2.25277871e-01  2.34381333e-01  2.42516190e-01  2.49673411e-01  2.55856901e-01
  4.50570472e-02  4.08673882e-02  3.32341082e-02  2.57595628e-02  1.87203195e-02
  1.17707495e-02  4.84811142e-03 -2.06862832e-03 -8.99085216e-03 -1.59259140e-02
 -2.28781495e-02 -2.98495665e-02 -3.67543474e-02 -4.36193943e-02 -5.04276715e-02
 -5.71298786e-02 -6.36547580e-02 -6.99181035e-02 -7.58303776e-02 -8.13026577e-02
 -8.62511098e-02 -9.05998424e-02 -9.42825601e-02 -9.72431079e-02 -9.94353220e-02
 -1.00822248e-01 -1.01375148e-01 -1.01072289e-01 -9.98977572e-02 -9.78403017e-02
 -9.48923230e-02 -9.10490602e-02 -8.63082334e-02 -8.06703418e-02 -7.41394982e-02
 -6.67252764e-02 -5.84474690e-02 -4.93418612e-02 -3.94606739e-02 -2.89024990e-02
 -1.78666990e-02 -6.28902018e-03  5.78878867e-03  1.83397867e-02  3.13333906e-02
  4.47374731e-02  5.85149750e-02  7.26215914e-02  8.70032758e-02  1.01593420e-01
  1.16309792e-01  1.31051585e-01  1.45697400e-01  1.60104945e-01  1.74114108e-01
  1.87554032e-01  2.00254589e-01  2.12060422e-01  2.22844854e-01  2.32520416e-01
  2.41044328e-01  2.48418286e-01  2.54682720e-01  2.59906411e-01  2.64174223e-01
  3.65020670e-02  3.14442329e-02  2.56656855e-02  1.94822066e-02  1.32782497e-02
  7.18670804e-03  1.20806554e-03 -4.68678959e-03 -1.05253998e-02 -1.63273644e-02
 -2.21044179e-02 -2.78618708e-02 -3.34954225e-02 -3.90354991e-02 -4.44759056e-02
 -4.97828647e-02 -5.49029000e-02 -5.97697720e-02 -6.43105358e-02 -6.84505627e-02
 -7.21174553e-02 -7.52438828e-02 -7.77694285e-02 -7.96415508e-02 -8.08158815e-02
 -8.12559724e-02 -8.09327066e-02 -7.98235685e-02 -7.79118687e-02 -7.51861259e-02
 -7.16394186e-02 -6.72690272e-02 -6.20765798e-02 -5.60710318e-02 -4.92706299e-02
 -4.17007916e-02 -3.34102288e-02 -2.45011095e-02 -1.49997072e-02 -4.91548283e-03
  5.72061026e-03  1.68971047e-02  2.85986234e-02  4.08094749e-02  5.35124913e-02
  6.66878745e-02  8.03110898e-02  9.43501443e-02  1.08761944e-01  1.23487636e-01
  1.38446733e-01  1.53530017e-01  1.68591976e-01  1.83444515e-01  1.97855741e-01
  2.11559102e-01  2.24277362e-01  2.35757500e-01  2.45805129e-01  2.54307628e-01
  2.61244059e-01  2.66683519e-01  2.70771831e-01  2.73705065e-01  2.75693834e-01
  2.94529423e-02  2.50363406e-02  1.84372943e-02  1.21712098e-02  6.69922540e-03
  1.60281872e-03 -3.27803101e-03 -8.02922249e-03 -1.26992017e-02 -1.73139721e-02
 -2.18855776e-02 -2.64171306e-02 -3.07862666e-02 -3.50180902e-02 -3.91094424e-02
 -4.30358201e-02 -4.67569828e-02 -5.02219051e-02 -5.33732362e-02 -5.61511330e-02
 -5.84964007e-02 -6.03528470e-02 -6.16690181e-02 -6.23993948e-02 -6.25050142e-02
 -6.19536266e-02 -6.07194938e-02 -5.87829947e-02 -5.61308637e-02 -5.27566224e-02
 -4.86609451e-02 -4.38508093e-02 -3.83340120e-02 -3.21382433e-02 -2.53259130e-02
 -1.79087631e-02 -9.88841243e-03 -1.28266506e-03  7.89506454e-03  1.76357888e-02
  2.79317535e-02  3.87790427e-02  5.01757897e-02  6.21215403e-02  7.46164396e-02
  8.76600817e-02  1.01249792e-01  1.15378000e-01  1.30028397e-01  1.45170078e-01
  1.60749003e-01  1.76675260e-01  1.92804888e-01  2.08914906e-01  2.24675164e-01
  2.39634767e-01  2.53265202e-01  2.65078127e-01  2.74733841e-01  2.82067806e-01
  2.87090093e-01  2.89983124e-01  2.91097373e-01  2.90905714e-01  2.89876819e-01
  1.68547165e-02  1.14817088e-02  6.62302878e-03  2.31653242e-03 -1.53740426e-03
 -5.14002424e-03 -8.62700213e-03 -1.20612010e-02 -1.54653909e-02 -1.88432131e-02
 -2.21898314e-02 -2.54981369e-02 -2.86355056e-02 -3.16056833e-02 -3.43999155e-02
 -3.69970687e-02 -3.93656604e-02 -4.14666310e-02 -4.32563350e-02 -4.46893461e-02
 -4.57208641e-02 -4.63076793e-02 -4.64098454e-02 -4.59921174e-02 -4.50249910e-02
 -4.34852690e-02 -4.13558744e-02 -3.86238508e-02 -3.52833048e-02 -3.13386396e-02
 -2.68101376e-02 -2.17451956e-02 -1.61045231e-02 -9.89823788e-03 -3.14078224e-03
  4.15919535e-03  1.19973021e-02  2.03704610e-02  2.92783044e-02  3.87237892e-02
  4.87132780e-02  5.92568815e-02  7.03684837e-02  8.20656866e-02  9.43697840e-02
  1.07305504e-01  1.20900571e-01  1.35184586e-01  1.50186941e-01  1.65932849e-01
  1.82436317e-01  1.99687615e-01  2.17630893e-01  2.36122370e-01  2.54840046e-01
  2.73073703e-01  2.89471149e-01  3.02705288e-01  3.12464088e-01  3.18484515e-01
  3.20854217e-01  3.19865227e-01  3.16029400e-01  3.10845584e-01  3.05514753e-01
  6.93248701e-04 -5.95271261e-03 -8.55308026e-03 -9.57864802e-03 -1.08674970e-02
 -1.25316726e-02 -1.44391134e-02 -1.64903756e-02 -1.86179914e-02 -2.07720604e-02
 -2.29119565e-02 -2.50011608e-02 -2.70015728e-02 -2.87929811e-02 -3.03707197e-02
 -3.17185968e-02 -3.28122899e-02 -3.36221717e-02 -3.41159478e-02 -3.42616960e-02
 -3.40323895e-02 -3.33984420e-02 -3.23323011e-02 -3.08109242e-02 -2.88176350e-02
 -2.63443105e-02 -2.33951472e-02 -1.99594684e-02 -1.60341598e-02 -1.16223851e-02
 -6.73214486e-03 -1.37285038e-03  4.45476454e-03  1.07483314e-02  1.75056681e-02
  2.47270036e-02  3.24158072e-02  4.05789576e-02  4.92271408e-02  5.83752207e-02
  6.80425912e-02  7.82535896e-02  8.90380293e-02  1.00431897e-01  1.12478293e-01
  1.25228688e-01  1.38744518e-01  1.53099075e-01  1.68379664e-01  1.84689730e-01
  2.02150106e-01  2.20898807e-01  2.41087973e-01  2.62880892e-01  2.86486596e-01
  3.12604904e-01  3.42529714e-01  3.50936145e-01  3.64959836e-01  3.67621809e-01
  3.65079492e-01  3.63841861e-01  3.43879074e-01  3.30039233e-01  3.19421351e-01
 -1.29985539e-02 -2.10771151e-02 -2.10546516e-02 -1.94446258e-02 -1.90442987e-02
 -1.93152279e-02 -1.99751258e-02 -2.08667908e-02 -2.18843184e-02 -2.29494981e-02
 -2.40021255e-02 -2.49955375e-02 -2.58960109e-02 -2.65718251e-02 -2.70114541e-02
 -2.71968544e-02 -2.71059908e-02 -2.67142206e-02 -2.59948857e-02 -2.49186754e-02
 -2.35074442e-02 -2.17334293e-02 -1.95773579e-02 -1.70264449e-02 -1.40736699e-02
 -1.07172839e-02 -6.95974706e-03 -2.80456943e-03  1.74267509e-03  6.67464873e-03
  1.19833471e-02  1.76618192e-02  2.37060841e-02  3.01150549e-02  3.68910506e-02
  4.40404750e-02  5.15742600e-02  5.95081300e-02  6.78627789e-02  7.66640082e-02
  8.59430283e-02  9.57368687e-02  1.06089108e-01  1.17051095e-01  1.28683656e-01
  1.41059726e-01  1.54267922e-01  1.68417826e-01  1.83647141e-01  2.00131759e-01
  2.18099430e-01  2.37847045e-01  2.59759665e-01  2.84332871e-01  3.12264591e-01
  3.44005138e-01  3.65674555e-01  3.80582333e-01  3.92066419e-01  3.90873194e-01
  3.90034735e-01  3.74187380e-01  3.55302840e-01  3.39353770e-01  3.26504260e-01
 -1.64191425e-02 -2.34587081e-02 -2.58598421e-02 -2.57408097e-02 -2.52215806e-02
 -2.49039065e-02 -2.48302985e-02 -2.49257814e-02 -2.51028556e-02 -2.52839532e-02
 -2.54042726e-02 -2.54094303e-02 -2.52509825e-02 -2.48789657e-02 -2.42597237e-02
 -2.33674385e-02 -2.21804343e-02 -2.06798669e-02 -1.88497603e-02 -1.66782439e-02
 -1.41607244e-02 -1.12913968e-02 -8.06687027e-03 -4.48758667e-03 -5.58222877e-04
  3.71251092e-03  8.31258949e-03  1.32278018e-02  1.84427127e-02  2.39418317e-02
  2.97110491e-02  3.57391872e-02  4.20194380e-02  4.85503860e-02  5.53367324e-02
  6.23897016e-02  6.97271526e-02  7.73734078e-02  8.53589028e-02  9.37198773e-02
  1.02498136e-01  1.11741185e-01  1.21502697e-01  1.31843686e-01  1.42834410e-01
  1.54557243e-01  1.67111218e-01  1.80618361e-01  1.95233509e-01  2.11159065e-01
  2.28668600e-01  2.48145759e-01  2.70151466e-01  2.95523554e-01  3.25019270e-01
  3.52542877e-01  3.70435327e-01  3.85748833e-01  3.91155243e-01  3.91999722e-01
  3.84819597e-01  3.67973655e-01  3.51166546e-01  3.36920559e-01  3.24974030e-01
 -2.66617928e-02 -3.59356292e-02 -3.41517106e-02 -3.13774981e-02 -3.01922690e-02
 -2.95342784e-02 -2.90962402e-02 -2.87332181e-02 -2.83480864e-02 -2.78678667e-02
 -2.72363480e-02 -2.64093578e-02 -2.53508519e-02 -2.40302663e-02 -2.24228315e-02
 -2.05083825e-02 -1.82704367e-02 -1.56958904e-02 -1.27752433e-02 -9.50312335e-03
 -5.87873114e-03 -1.90529309e-03  2.40955479e-03  7.05339201e-03  1.20089250e-02
  1.72542837e-02  2.27637459e-02  2.85089109e-02  3.44602503e-02  4.05890457e-02
  4.68695946e-02  5.32814972e-02  5.98117523e-02  6.64563626e-02  7.32212961e-02
  8.01227391e-02  8.71865675e-02  9.44473445e-02  1.01946950e-01  1.09733179e-01
  1.17858537e-01  1.26379520e-01  1.35356367e-01  1.44853622e-01  1.54941320e-01
  1.65697113e-01  1.77209407e-01  1.89581722e-01  2.02939078e-01  2.17437163e-01
  2.33276099e-01  2.50722408e-01  2.70143002e-01  2.92017847e-01  3.16229135e-01
  3.37054282e-01  3.51285219e-01  3.63228351e-01  3.66996318e-01  3.67640913e-01
  3.60680550e-01  3.48219454e-01  3.36478025e-01  3.25942308e-01  3.16547036e-01
 -2.27396134e-02 -3.02489325e-02 -3.34239267e-02 -3.39639559e-02 -3.37704420e-02
 -3.34724635e-02 -3.31146717e-02 -3.26210745e-02 -3.19192186e-02 -3.09601016e-02
 -2.97137741e-02 -2.81615537e-02 -2.62899417e-02 -2.40870882e-02 -2.15415005e-02
 -1.86419822e-02 -1.53783271e-02 -1.17424345e-02 -7.72954617e-03 -3.33940238e-03
  1.42285891e-03  6.54612854e-03  1.20128719e-02  1.77988168e-02  2.38728616e-02
  3.01972888e-02  3.67284641e-02  4.34182137e-02  5.02159968e-02  5.70719726e-02
  6.39407337e-02  7.07853660e-02  7.75811896e-02  8.43186751e-02  9.10049006e-02
  9.76634249e-02  1.04332656e-01  1.11062951e-01  1.17913224e-01  1.24947473e-01
  1.32231891e-01  1.39832795e-01  1.47815436e-01  1.56243682e-01  1.65180311e-01
  1.74687847e-01  1.84829399e-01  1.95669457e-01  2.07273886e-01  2.19708040e-01
  2.33030647e-01  2.47278199e-01  2.62428105e-01  2.78317630e-01  2.94265509e-01
  3.08236003e-01  3.19340080e-01  3.27204943e-01  3.31490219e-01  3.32047522e-01
  3.28889936e-01  3.23406160e-01  3.17077726e-01  3.10512483e-01  3.04061174e-01
 -3.14229652e-02 -4.18595895e-02 -3.89069989e-02 -3.70240808e-02 -3.71691547e-02
 -3.75294574e-02 -3.76092494e-02 -3.72331217e-02 -3.63563783e-02 -3.49899977e-02
 -3.31632420e-02 -3.09053119e-02 -2.82372423e-02 -2.51695998e-02 -2.17035729e-02
 -1.78338494e-02 -1.35522122e-02 -8.85105412e-03 -3.72639974e-03  1.81979616e-03
  7.77811185e-03  1.41307516e-02  2.08510198e-02  2.79028956e-02  3.52405757e-02
  4.28080298e-02  5.05389161e-02  5.83575331e-02  6.61813840e-02  7.39259720e-02
  8.15115571e-02  8.88711959e-02  9.59585831e-02  1.02753952e-01  1.09267011e-01
  1.15536034e-01  1.21623464e-01  1.27609000e-01  1.33581623e-01  1.39632300e-01
  1.45848274e-01  1.52309492e-01  1.59086913e-01  1.66242063e-01  1.73827335e-01
  1.81886271e-01  1.90453380e-01  1.99552879e-01  2.09195361e-01  2.19371334e-01
  2.30039626e-01  2.41107494e-01  2.52398670e-01  2.63608515e-01  2.74271488e-01
  2.83822775e-01  2.91757941e-01  2.97725469e-01  3.01535904e-01  3.03174138e-01
  3.02833349e-01  3.00914377e-01  2.97900617e-01  2.94213355e-01  2.90167302e-01
 -1.80959608e-02 -2.66064182e-02 -3.28307524e-02 -3.73523012e-02 -4.07438651e-02
 -4.29463200e-02 -4.38621603e-02 -4.36245278e-02 -4.24443893e-02 -4.05061282e-02
 -3.79518121e-02 -3.48809734e-02 -3.13532799e-02 -2.73947846e-02 -2.30068676e-02
 -1.81760043e-02 -1.28827943e-02 -7.10932491e-03 -8.44591239e-04  5.91205573e-03
  1.31492727e-02  2.08435524e-02  2.89597623e-02  3.74513678e-02  4.62594554e-02
  5.53103052e-02  6.45121932e-02  7.37530813e-02  8.29015523e-02  9.18134004e-02
  1.00344740e-01  1.08369842e-01  1.15799285e-01  1.22593865e-01  1.28770933e-01
  1.34401903e-01  1.39601111e-01  1.44508481e-01  1.49270758e-01  1.54026031e-01
  1.58894315e-01  1.63973838e-01  1.69341177e-01  1.75053224e-01  1.81149587e-01
  1.87654287e-01  1.94576412e-01  2.01909378e-01  2.09628209e-01  2.17684969e-01
  2.26001754e-01  2.34461874e-01  2.42900863e-01  2.51102239e-01  2.58805931e-01
  2.65735328e-01  2.71636933e-01  2.76317030e-01  2.79665917e-01  2.81670302e-01
  2.82413453e-01  2.82058775e-01  2.80815899e-01  2.78901964e-01  2.76513904e-01
 -1.30389314e-02 -2.25354340e-02 -3.18216980e-02 -4.08703312e-02 -4.90589514e-02
 -5.35432510e-02 -5.42354323e-02 -5.32169826e-02 -5.10101505e-02 -4.79423143e-02
 -4.42705825e-02 -4.01520096e-02 -3.56571004e-02 -3.07903141e-02 -2.55146548e-02
 -1.97745841e-02 -1.35131199e-02 -6.68337941e-03  7.44026911e-04  8.77690036e-03
  1.74007751e-02  2.65822615e-02  3.62750590e-02  4.64246608e-02  5.69679551e-02
  6.78263381e-02  7.88933337e-02  9.00198743e-02  1.01003245e-01  1.11590222e-01
  1.21503711e-01  1.30489811e-01  1.38365656e-01  1.45051569e-01  1.50584877e-01
  1.55115560e-01  1.58879906e-01  1.62152693e-01  1.65196046e-01  1.68226495e-01
  1.71405539e-01  1.74844816e-01  1.78616256e-01  1.82761729e-01  1.87300369e-01
  1.92233235e-01  1.97545871e-01  2.03208908e-01  2.09177256e-01  2.15388238e-01
  2.21759200e-01  2.28185296e-01  2.34539062e-01  2.40673095e-01  2.46427789e-01
  2.51643896e-01  2.56178349e-01  2.59919614e-01  2.62799442e-01  2.64798909e-01
  2.65947998e-01  2.66318083e-01  2.66009271e-01  2.65135884e-01  2.63813198e-01
 -9.66451969e-03 -2.04678457e-02 -3.23304385e-02 -4.58257981e-02 -6.11678436e-02
 -6.90245032e-02 -6.97367266e-02 -6.69588074e-02 -6.22154064e-02 -5.70717752e-02
 -5.17161004e-02 -4.63053361e-02 -4.08448167e-02 -3.52119654e-02 -2.92429384e-02
 -2.27816626e-02 -1.56956427e-02 -7.88553618e-03  7.09321990e-04  1.01066921e-02
  2.02742238e-02  3.11395843e-02  4.26223017e-02  5.46598658e-02  6.72107935e-02
  8.02380815e-02  9.36784819e-02  1.07396767e-01  1.21123031e-01  1.34396732e-01
  1.46604717e-01  1.57171279e-01  1.65717244e-01  1.72082692e-01  1.76339567e-01
  1.78807616e-01  1.80048525e-01  1.80693507e-01  1.81236193e-01  1.81983635e-01
  1.83102772e-01  1.84673831e-01  1.86726302e-01  1.89259961e-01  1.92256436e-01
  1.95684940e-01  1.99505031e-01  2.03667268e-01  2.08113089e-01  2.12774023e-01
  2.17571124e-01  2.22414955e-01  2.27206737e-01  2.31841177e-01  2.36211196e-01
  2.40214318e-01  2.43759945e-01  2.46776238e-01  2.49215603e-01  2.51057506e-01
  2.52308339e-01  2.52998441e-01  2.53176749e-01  2.52904296e-01  2.52247751e-01
 -5.05203288e-03 -1.61830559e-02 -2.88065039e-02 -4.36764136e-02 -6.20450564e-02
 -7.41341040e-02 -8.14539716e-02 -7.98313394e-02 -7.48255551e-02 -6.64609522e-02
 -5.85847981e-02 -5.20130396e-02 -4.61672544e-02 -4.03974950e-02 -3.42695229e-02
 -2.75405850e-02 -1.99467205e-02 -1.13232946e-02 -1.60032837e-03  9.33184195e-03
  2.13962067e-02  3.43008004e-02  4.78189103e-02  6.18863069e-02  7.65530393e-02
  9.19293165e-02  1.08146302e-01  1.25309691e-01  1.43387333e-01  1.61812216e-01
  1.78566411e-01  1.91800490e-01  2.01569915e-01  2.07141370e-01  2.09046558e-01
  2.07012028e-01  2.03084812e-01  1.99336618e-01  1.96391702e-01  1.94357872e-01
  1.93201363e-01  1.92849025e-01  1.93219960e-01  1.94235519e-01  1.95821390e-01
  1.97907016e-01  2.00423881e-01  2.03303859e-01  2.06477627e-01  2.09873453e-01
  2.13416621e-01  2.17029393e-01  2.20631838e-01  2.24143639e-01  2.27486655e-01
  2.30588168e-01  2.33384475e-01  2.35824078e-01  2.37870291e-01  2.39502609e-01
  2.40716681e-01  2.41523042e-01  2.41944596e-01  2.42013529e-01  2.41767988e-01
  1.90565235e-03 -8.22760258e-03 -1.94235183e-02 -3.18552926e-02 -4.53072041e-02
 -5.89604154e-02 -7.52245560e-02 -7.74817839e-02 -7.86272138e-02 -6.83148131e-02
 -5.99012449e-02 -5.45220785e-02 -5.12010343e-02 -4.68126163e-02 -4.06175628e-02
 -3.50875072e-02 -2.75010932e-02 -1.76252127e-02 -7.87956733e-03  4.92529431e-03
  2.06544977e-02  3.64369340e-02  5.21265157e-02  6.79915994e-02  8.43618810e-02
  1.01605617e-01  1.20160535e-01  1.40598029e-01  1.63758412e-01  1.91238418e-01
  2.21266538e-01  2.30868936e-01  2.50386298e-01  2.46641725e-01  2.53943622e-01
  2.36618593e-01  2.23559707e-01  2.14510664e-01  2.08063200e-01  2.03510776e-01
  2.00412601e-01  1.98470801e-01  1.97473034e-01  1.97260290e-01  1.97707355e-01
  1.98710606e-01  2.00180218e-01  2.02035144e-01  2.04199746e-01  2.06601560e-01
  2.09170207e-01  2.11836770e-01  2.14533985e-01  2.17197120e-01  2.19765142e-01
  2.22182333e-01  2.24400029e-01  2.26378158e-01  2.28086442e-01  2.29505092e-01
  2.30624765e-01  2.31445938e-01  2.31977627e-01  2.32235849e-01  2.32241750e-01
  1.07481331e-02  2.34747073e-03 -6.64220052e-03 -1.62037853e-02 -2.61935946e-02
 -3.63369733e-02 -4.60216664e-02 -5.48979603e-02 -6.73405752e-02 -5.51905856e-02
 -5.03140427e-02 -4.85388078e-02 -5.06055169e-02 -4.88147959e-02 -4.09365185e-02
 -3.87694612e-02 -3.16649340e-02 -1.92416869e-02 -1.24188699e-02  1.95173349e-03
  2.23376472e-02  4.01420183e-02  5.68786450e-02  7.33766630e-02  9.02136043e-02
  1.07897513e-01  1.26980767e-01  1.48168400e-01  1.72455341e-01  2.01201275e-01
  2.29606986e-01  2.42907435e-01  2.58733094e-01  2.58596808e-01  2.61192292e-01
  2.46070608e-01  2.31324077e-01  2.20726505e-01  2.13066831e-01  2.07508877e-01
  2.03519508e-01  2.00750858e-01  1.98964134e-01  1.97984949e-01  1.97678119e-01
  1.97933376e-01  1.98657006e-01  1.99766621e-01  2.01187834e-01  2.02852011e-01
  2.04694867e-01  2.06655741e-01  2.08677337e-01  2.10705996e-01  2.12692142e-01
  2.14591011e-01  2.16363490e-01  2.17976809e-01  2.19405100e-01  2.20629752e-01
  2.21639305e-01  2.22429112e-01  2.23000646e-01  2.23360673e-01  2.23520100e-01
  2.76100016e+00  2.82860589e+00  2.84965158e+00  2.85942006e+00  2.84035468e+00
  2.81178141e+00  2.77811432e+00  2.73999023e+00  2.70158863e+00  2.66337657e+00
  2.62741947e+00  2.59356856e+00  2.56178141e+00  2.53238463e+00  2.50616407e+00
  2.48137617e+00  2.45968390e+00  2.43991899e+00  2.42263699e+00  2.40733004e+00
  2.39439964e+00  2.38355494e+00  2.37498331e+00  2.36820269e+00  2.36369038e+00
  2.36088586e+00  2.35983205e+00  2.36050892e+00  2.36272049e+00  2.36661935e+00
  2.37182760e+00  2.37846947e+00  2.38662624e+00  2.39619684e+00  2.40717411e+00
  2.41960716e+00  2.43350983e+00  2.44896650e+00  2.46611333e+00  2.48496652e+00
  2.50568199e+00  2.52835798e+00  2.55314636e+00  2.58038712e+00  2.61011505e+00
  2.64265513e+00  2.67836833e+00  2.71734500e+00  2.76036668e+00  2.80759954e+00
  2.85943604e+00  2.91695952e+00  2.98032928e+00  3.05084801e+00  3.12908745e+00
  3.21716285e+00  3.31637168e+00  3.43050170e+00  3.56078506e+00  3.71432233e+00
  3.89895201e+00  4.12826204e+00  4.43332148e+00  4.91780233e+00  7.36505508e+00
   91   89
  1.04624426e+00  0.00000000e+00  1.04755068e+00  1.00000001e-01  1.05230856e+00
  2.00000003e-01  1.05588222e+00  2.50000000e-01  1.06455028e+00  3.49999994e-01
  1.07455301e+00  4.49999988e-01  1.07973683e+00  5.00000000e-01  1.08939123e+00
  6.00000024e-01  1.09883475e+00  6.99999988e-01  1.10562503e+00  7.67128289e-01
  1.11503410e+00  8.50000024e-01  1.12591815e+00  9.49999988e-01  1.13218749e+00
  1.01514673e+00  1.14203691e+00  1.09581220e+00  1.14728630e+00  1.14162433e+00
  1.21187496e+00  1.13023317e+00  1.26499999e+00  1.11784983e+00  1.31812501e+00
  1.10452962e+00  1.34468746e+00  1.09770465e+00  1.39781249e+00  1.08450854e+00
  1.45093751e+00  1.06981695e+00  1.50406253e+00  1.05318916e+00  1.53062499e+00
  1.04456472e+00  1.58375001e+00  1.02580822e+00  1.63687503e+00  1.00364220e+00
  1.66343749e+00  9.91851866e-01  1.71656251e+00  9.65266764e-01  1.74312496e+00
  9.49954748e-01  1.79624999e+00  9.17138636e-01  1.82281256e+00  8.98296177e-01
  1.87593746e+00  8.57410073e-01  1.90250003e+00  8.35008204e-01  1.94032192e+00
  8.00000012e-01  1.98218751e+00  7.58196175e-01  2.00874996e+00  7.29433596e-01
  2.03531241e+00  6.98450804e-01  2.07319808e+00  6.49999976e-01  2.10794139e+00
  6.00000024e-01  2.13841343e+00  5.50000012e-01  2.16516566e+00  5.00000000e-01
  2.18884659e+00  4.49999988e-01  2.21009088e+00  4.00000006e-01  2.22941995e+00
  3.49999994e-01  2.24781251e+00  2.98370242e-01  2.27437496e+00  2.11594254e-01
  2.28996015e+00  1.50000006e-01  2.30093741e+00  8.15799683e-02  2.30627036e+00
  0.00000000e+00  2.30093741e+00 -7.76699558e-02  2.28905463e+00 -1.50000006e-01
  2.27437496e+00 -2.06649631e-01  2.24781251e+00 -2.91273504e-01  2.22615147e+00
 -3.49999994e-01  2.20589662e+00 -4.00000006e-01  2.18347478e+00 -4.49999988e-01
  2.15824389e+00 -5.00000000e-01  2.12939692e+00 -5.50000012e-01  2.09605622e+00
 -6.00000024e-01  2.06187510e+00 -6.44860864e-01  2.03531241e+00 -6.75935864e-01
  2.00874996e+00 -7.04013288e-01  1.96022987e+00 -7.50000000e-01  1.92906249e+00
 -7.76840746e-01  1.89840949e+00 -8.00000012e-01  1.84937501e+00 -8.33876014e-01
  1.82180369e+00 -8.50000024e-01  1.76968753e+00 -8.77916455e-01  1.71693075e+00
 -8.99999976e-01  1.69000006e+00 -9.10294473e-01  1.63687503e+00 -9.26768005e-01
  1.58375001e+00 -9.38483536e-01  1.53062499e+00 -9.45704579e-01  1.47749996e+00
 -9.48244274e-01  1.42437506e+00 -9.45239186e-01  1.37125003e+00 -9.34715331e-01
  1.31812501e+00 -9.12552416e-01  1.29156256e+00 -8.95076334e-01  1.24449778e+00
 -8.50000024e-01  1.21187496e+00 -8.04430902e-01  1.18531251e+00 -7.54203260e-01
  1.16294742e+00 -6.99999988e-01  1.14565003e+00 -6.49999976e-01  1.13078105e+00
 -6.00000024e-01  1.10621917e+00 -5.00000000e-01  1.09545028e+00 -4.49999988e-01
  1.07906246e+00 -3.62215817e-01  1.06916285e+00 -3.00000012e-01  1.05709004e+00
 -2.00000003e-01  1.05250001e+00 -1.46479473e-01  1.04717839e+00 -5.00000007e-02
  1.04624426e+00  0.00000000e+00
  1.01600003e+00  0.00000000e+00  1.01600003e+00  9.63999987e-01  1.01800001e+00
  9.67999995e-01  1.01800001e+00  1.00100005e+00  1.01800001e+00  1.01900005e+00
  1.01800001e+00  1.07700002e+00  1.01800001e+00  1.07000005e+00  1.01800001e+00
  1.09599996e+00  1.01800001e+00  1.11300004e+00  1.01800001e+00  1.13800001e+00
  1.01600003e+00  1.14699996e+00  1.01199996e+00  1.16499996e+00  1.00100005e+00
  1.21700001e+00  1.02900004e+00  1.21700001e+00  1.04200006e+00  1.16240001e+00
  1.04600000e+00  1.16237998e+00  1.05599999e+00  1.16260004e+00  1.09700000e+00
  1.16450000e+00  1.10800004e+00  1.16594005e+00  1.11600006e+00  1.16591001e+00
  1.13399994e+00  1.16895998e+00  1.14800000e+00  1.17174995e+00  1.16199994e+00
  1.17556000e+00  1.18099999e+00  1.18299997e+00  1.18200004e+00  1.18350005e+00
  1.18499994e+00  1.18499994e+00  1.19000006e+00  1.18799996e+00  1.19500005e+00
  1.19099998e+00  1.20099998e+00  1.19599998e+00  1.20899999e+00  1.20200002e+00
  1.21500003e+00  1.20799994e+00  1.22200000e+00  1.21399999e+00  1.22800004e+00
  1.22099996e+00  1.23399997e+00  1.23099995e+00  1.23899996e+00  1.23800004e+00
  1.24199998e+00  1.24399996e+00  1.24800003e+00  1.25399995e+00  1.25800002e+00
  1.27800000e+00  1.26300001e+00  1.28999996e+00  1.27999997e+00  1.33099997e+00
  1.27999997e+00  1.34700000e+00  1.27999997e+00  1.34800005e+00  1.30999994e+00
  1.34800005e+00  1.32799995e+00  1.34800005e+00  1.36099994e+00  1.34800005e+00
  1.38000000e+00  1.34800005e+00  1.41900003e+00  1.34800005e+00  1.41900003e+00
  1.30999994e+00  1.37199998e+00  1.30999994e+00  1.37199998e+00  1.29200006e+00
  1.60800004e+00  1.09500003e+00  1.64699996e+00  1.07700002e+00  1.78499997e+00
  1.07700002e+00  2.06999993e+00  1.03999996e+00  2.12800002e+00  9.92999971e-01
  2.24499989e+00  7.08999991e-01  2.32299995e+00  5.18999994e-01  2.37700009e+00
  3.88999999e-01  2.35200000e+00  4.00000006e-01  2.35100007e+00  3.37000012e-01
  2.35100007e+00  2.04999998e-01  2.35400009e+00  6.80000037e-02  2.35400009e+00
  0.00000000e+00  2.35400009e+00 -6.80000037e-02  2.35299993e+00 -2.04999998e-01
  2.35100007e+00 -3.37000012e-01  2.35299993e+00 -4.00000006e-01  2.37700009e+00
 -3.88999999e-01  2.13400006e+00 -9.72999990e-01  1.78600001e+00 -1.17400002e+00
  1.76800001e+00 -1.21099997e+00  1.76800001e+00 -1.25399995e+00  1.68200004e+00
 -1.25399995e+00  1.67400002e+00 -1.26199996e+00  1.67400002e+00 -1.32900000e+00
  1.68099999e+00 -1.33899999e+00  1.75399995e+00 -1.33899999e+00  1.75399995e+00
 -1.36800003e+00  1.68900001e+00 -1.36800003e+00  1.68900001e+00 -1.36600006e+00
  1.55499995e+00 -1.36600006e+00  1.41199994e+00 -1.36600006e+00  1.27300000e+00
 -1.36600006e+00  1.15300000e+00 -1.36600006e+00  1.01600003e+00 -1.22899997e+00
  1.01600003e+00 -8.00000012e-01  1.01600003e+00 -4.14999992e-01  1.01600003e+00
 -4.00000006e-01  1.01600003e+00  0.00000000e+00
    0 0.000000000e+00    0
  0.00000000e+00  1.25137091e-01  1.77688867e-01  2.16693640e-01  2.50667930e-01
  2.80399293e-01  3.07091594e-01  3.31136554e-01  3.53456438e-01  3.74090999e-01
  3.93323034e-01  4.11572635e-01  4.28673625e-01  4.45034713e-01  4.60614592e-01
  4.75564450e-01  4.89854276e-01  5.03713071e-01  5.17064154e-01  5.29968619e-01
  5.42539418e-01  5.54754019e-01  5.66628456e-01  5.78274906e-01  5.89628339e-01
  6.00761533e-01  6.11678183e-01  6.22420669e-01  6.32975936e-01  6.43359542e-01
  6.53624475e-01  6.63739085e-01  6.73725367e-01  6.83623135e-01  6.93417549e-01
  7.03116238e-01  7.12721884e-01  7.22272336e-01  7.31774449e-01  7.41208971e-01
  7.50594735e-01  7.59945154e-01  7.69269526e-01  7.78595805e-01  7.87894309e-01
  7.97192931e-01  8.06526363e-01  8.15850854e-01  8.25235963e-01  8.34658504e-01
  8.44123602e-01  8.53696048e-01  8.63346517e-01  8.73112082e-01  8.82986963e-01
  8.93021762e-01  9.03241813e-01  9.13717389e-01  9.24377799e-01  9.35357749e-01
  9.46715415e-01  9.58560705e-01  9.70980048e-01  9.84375536e-01  1.00000000e+00
    0
