   EFIT?   05/12/98      #102940   946             3  65  65
  1.70000005e+00  3.20000005e+00  1.69550002e+00  8.39999974e-01  0.00000000e+00
  1.76286888e+00  1.17222443e-02 -2.82599211e-01 -5.81730753e-02 -2.00274920e+00
  1.31481225e+06 -2.82599211e-01  0.00000000e+00  1.76286888e+00  0.00000000e+00
  1.17222443e-02  0.00000000e+00 -5.81730753e-02  0.00000000e+00  0.00000000e+00
 -3.43627715e+00 -3.44078684e+00 -3.44453573e+00 -3.44759345e+00 -3.45002270e+00
 -3.45188141e+00 -3.45322180e+00 -3.45409203e+00 -3.45453596e+00 -3.45459414e+00
 -3.45430422e+00 -3.45370078e+00 -3.45281601e+00 -3.45168018e+00 -3.45032191e+00
 -3.44876814e+00 -3.44704413e+00 -3.44517493e+00 -3.44318390e+00 -3.44109440e+00
 -3.43892932e+00 -3.43671012e+00 -3.43445683e+00 -3.43218780e+00 -3.42991924e+00
 -3.42766571e+00 -3.42544103e+00 -3.42325711e+00 -3.42112446e+00 -3.41905284e+00
 -3.41705108e+00 -3.41512632e+00 -3.41328526e+00 -3.41153359e+00 -3.40987659e+00
 -3.40831780e+00 -3.40686059e+00 -3.40550780e+00 -3.40426087e+00 -3.40312123e+00
 -3.40208888e+00 -3.40116382e+00 -3.40034485e+00 -3.39963007e+00 -3.39901686e+00
 -3.39850235e+00 -3.39808226e+00 -3.39775133e+00 -3.39750433e+00 -3.39733410e+00
 -3.39723301e+00 -3.39719248e+00 -3.39720225e+00 -3.39725184e+00 -3.39732838e+00
 -3.39741802e+00 -3.39750576e+00 -3.39757442e+00 -3.39760494e+00 -3.39757681e+00
 -3.39746690e+00 -3.39724970e+00 -3.39689755e+00 -3.39637923e+00 -3.39566112e+00
  5.01200078e+04  4.47387422e+04  3.99543906e+04  3.57220977e+04  3.19992207e+04
  2.87452500e+04  2.59217070e+04  2.34920723e+04  2.14216934e+04  1.96777168e+04
  1.82290156e+04  1.70461152e+04  1.61011328e+04  1.53677168e+04  1.48209854e+04
  1.44374756e+04  1.41950889e+04  1.40730449e+04  1.40518350e+04  1.41131768e+04
  1.42399785e+04  1.44162988e+04  1.46273096e+04  1.48592695e+04  1.50994883e+04
  1.53363018e+04  1.55590430e+04  1.57580225e+04  1.59245059e+04  1.60506943e+04
  1.61297070e+04  1.61555645e+04  1.61231816e+04  1.60283477e+04  1.58677236e+04
  1.56388340e+04  1.53400586e+04  1.49706299e+04  1.45306348e+04  1.40210088e+04
  1.34435430e+04  1.28008857e+04  1.20965508e+04  1.13349209e+04  1.05212607e+04
  9.66172754e+03  8.76338477e+03  7.83421777e+03  6.88314990e+03  5.92006445e+03
  4.95582520e+03  4.00229980e+03  3.07238623e+03  2.18004175e+03  1.34031287e+03
  5.69368774e+02 -1.15463333e+02 -6.95660156e+02 -1.15146143e+03 -1.46182678e+03
 -1.60438904e+03 -1.55540552e+03 -1.28970569e+03 -7.80635681e+02  0.00000000e+00
  4.80989933e+00  4.03408909e+00  3.32694745e+00  2.68267751e+00  2.09603596e+00
  1.56228590e+00  1.07715559e+00  6.36801124e-01  2.37772480e-01 -1.23017050e-01
 -4.48317766e-01 -7.40567803e-01 -1.00191474e+00 -1.23423409e+00 -1.43914628e+00
 -1.61803067e+00 -1.77203751e+00 -1.90209842e+00 -2.00893426e+00 -2.09306169e+00
 -2.15497065e+00 -2.19623137e+00 -2.21880579e+00 -2.22449327e+00 -2.21494508e+00
 -2.19167829e+00 -2.15608978e+00 -2.10946727e+00 -2.05300212e+00 -1.98779845e+00
 -1.91488445e+00 -1.83521950e+00 -1.74970436e+00 -1.65918779e+00 -1.56447506e+00
 -1.46633399e+00 -1.36550272e+00 -1.26269555e+00 -1.15860927e+00 -1.05392957e+00
 -9.49337006e-01 -8.45512629e-01 -7.43144512e-01 -6.42933309e-01 -5.45598924e-01
 -4.51886237e-01 -3.62572253e-01 -2.78472543e-01 -2.00448513e-01 -1.29415095e-01
 -6.63486570e-02 -1.22956419e-02  3.16182226e-02  6.41780347e-02  8.40690136e-02
  8.98649767e-02  8.00157413e-02  5.28335273e-02  6.47811173e-03 -6.10593781e-02
 -1.51974127e-01 -2.68666893e-01 -4.13765252e-01 -5.90146542e-01 -8.00963223e-01
 -1.62297625e+06 -1.44619462e+06 -1.28252900e+06 -1.13133262e+06 -9.91986062e+05
 -8.63895875e+05 -7.46493438e+05 -6.39233688e+05 -5.41593625e+05 -4.53071594e+05
 -3.73185906e+05 -3.01473844e+05 -2.37490703e+05 -1.80808688e+05 -1.31016086e+05
 -8.77163359e+04 -5.05271445e+04 -1.90796270e+04  6.98246875e+03  2.80035605e+04
  4.43169883e+04  5.62457500e+04  6.41031992e+04  6.81937578e+04  6.88135469e+04
  6.62510781e+04  6.07878594e+04  5.26990312e+04  4.22539609e+04  2.97168340e+04
  1.53472461e+04 -5.99243286e+02 -1.78705332e+04 -3.62174414e+04 -5.53931367e+04
 -7.51526250e+04 -9.52521875e+04 -1.15448844e+05 -1.35499844e+05 -1.55162109e+05
 -1.74191719e+05 -1.92343328e+05 -2.09369688e+05 -2.25021094e+05 -2.39044781e+05
 -2.51184438e+05 -2.61179578e+05 -2.68765031e+05 -2.73670344e+05 -2.75619156e+05
 -2.74328562e+05 -2.69508625e+05 -2.60861609e+05 -2.48081344e+05 -2.30852609e+05
 -2.08850391e+05 -1.81739203e+05 -1.49172328e+05 -1.10791031e+05 -6.62238359e+04
 -1.50856426e+04  4.30230664e+04  1.08517148e+05  1.81827672e+05  2.63402875e+05
 -1.42781241e-02 -2.13653110e-02 -2.89548803e-02 -3.70011702e-02 -4.53490205e-02
 -5.37207462e-02 -6.14940114e-02 -6.84366301e-02 -7.67393783e-02 -6.40807077e-02
 -5.72267994e-02 -5.26702665e-02 -5.06421067e-02 -4.68620956e-02 -3.93919609e-02
 -3.53288800e-02 -2.87573989e-02 -1.87944435e-02 -1.20550822e-02 -1.22822437e-03
  1.35054737e-02  2.68226545e-02  3.96574363e-02  5.25449812e-02  6.58819303e-02
  8.00403357e-02  9.54446569e-02  1.12653285e-01  1.32471800e-01  1.55852243e-01
  1.77801535e-01  1.89675570e-01  2.00832486e-01  2.01667741e-01  2.01728448e-01
  1.90003082e-01  1.77242339e-01  1.67809397e-01  1.60826176e-01  1.55603603e-01
  1.51702508e-01  1.48833722e-01  1.46796927e-01  1.45445451e-01  1.44666076e-01
  1.44367278e-01  1.44472167e-01  1.44914001e-01  1.45633176e-01  1.46575287e-01
  1.47689715e-01  1.48928940e-01  1.50248155e-01  1.51605278e-01  1.52961209e-01
  1.54280305e-01  1.55530915e-01  1.56685948e-01  1.57723308e-01  1.58626199e-01
  1.59383222e-01  1.59988165e-01  1.60439596e-01  1.60740286e-01  1.60896465e-01
 -2.14346591e-02 -3.00954059e-02 -3.97621766e-02 -5.05777486e-02 -6.22783937e-02
 -7.40997717e-02 -8.84923339e-02 -8.83277431e-02 -8.73792470e-02 -7.55863562e-02
 -6.57627955e-02 -5.85001260e-02 -5.29469773e-02 -4.71943729e-02 -4.06133868e-02
 -3.45111489e-02 -2.73748338e-02 -1.89262740e-02 -1.04981065e-02 -3.42061627e-04
  1.16108544e-02  2.37531662e-02  3.60122994e-02  4.85889055e-02  6.17386885e-02
  7.57640228e-02  9.10452083e-02  1.08101979e-01  1.27703622e-01  1.50884494e-01
  1.73058555e-01  1.84352279e-01  1.96061239e-01  1.96482137e-01  1.97378576e-01
  1.85539380e-01  1.73246890e-01  1.64317250e-01  1.57801211e-01  1.53032050e-01
  1.49585351e-01  1.47177547e-01  1.45609915e-01  1.44736364e-01  1.44444287e-01
  1.44642711e-01  1.45254731e-01  1.46212608e-01  1.47454560e-01  1.48922563e-01
  1.50560975e-01  1.52315885e-01  1.54134884e-01  1.55967474e-01  1.57765716e-01
  1.59485340e-01  1.61086917e-01  1.62537009e-01  1.63809165e-01  1.64884552e-01
  1.65752172e-01  1.66408539e-01  1.66856930e-01  1.67106330e-01  1.67170137e-01
 -2.66578775e-02 -3.62381637e-02 -4.72962968e-02 -6.05661720e-02 -7.72233307e-02
 -8.68555382e-02 -9.26082730e-02 -8.93269777e-02 -8.31524283e-02 -7.37622306e-02
 -6.49675056e-02 -5.74118681e-02 -5.06479181e-02 -4.42010760e-02 -3.77380513e-02
 -3.10537759e-02 -2.39468124e-02 -1.62778217e-02 -7.96841830e-03  1.07695663e-03
  1.08505953e-02  2.12220922e-02  3.20967957e-02  4.34772745e-02  5.54401129e-02
  6.81079403e-02  8.16302150e-02  9.61602703e-02  1.11788630e-01  1.28196612e-01
  1.43079847e-01  1.54078081e-01  1.62164733e-01  1.65862173e-01  1.66473016e-01
  1.62679747e-01  1.57243565e-01  1.52438447e-01  1.48618862e-01  1.45757005e-01
  1.43758163e-01  1.42521009e-01  1.41952619e-01  1.41970992e-01  1.42503828e-01
  1.43486112e-01  1.44857749e-01  1.46561325e-01  1.48540452e-01  1.50738329e-01
  1.53096899e-01  1.55556440e-01  1.58055857e-01  1.60533622e-01  1.62929296e-01
  1.65185779e-01  1.67251691e-01  1.69083878e-01  1.70649514e-01  1.71927333e-01
  1.72908172e-01  1.73594296e-01  1.73997968e-01  1.74139306e-01  1.74043968e-01
 -2.93564182e-02 -3.85847799e-02 -4.89247143e-02 -6.09265603e-02 -7.46149123e-02
 -8.04423243e-02 -8.00679475e-02 -7.62784109e-02 -7.07841069e-02 -6.49285987e-02
 -5.89079298e-02 -5.29059283e-02 -4.69705947e-02 -4.10354361e-02 -3.49901691e-02
 -2.87212934e-02 -2.21268274e-02 -1.51238954e-02 -7.65259890e-03  3.21608968e-04
  8.80417787e-03  1.77772827e-02  2.72178985e-02  3.71126160e-02  4.74585779e-02
  5.82511686e-02  6.94595650e-02  8.09852853e-02  9.25956815e-02  1.03847176e-01
  1.14106826e-01  1.22785330e-01  1.29518449e-01  1.34151459e-01  1.36751726e-01
  1.37626439e-01  1.37358338e-01  1.36600822e-01  1.35828257e-01  1.35308102e-01
  1.35170937e-01  1.35470584e-01  1.36219651e-01  1.37408584e-01  1.39015391e-01
  1.41010374e-01  1.43358171e-01  1.46018207e-01  1.48944423e-01  1.52084574e-01
  1.55379578e-01  1.58763170e-01  1.62162334e-01  1.65498748e-01  1.68691725e-01
  1.71662331e-01  1.74338400e-01  1.76659748e-01  1.78582534e-01  1.80082098e-01
  1.81153819e-01  1.81811690e-01  1.82085186e-01  1.82014793e-01  1.81647286e-01
 -3.04170772e-02 -3.83384414e-02 -4.62307110e-02 -5.40261716e-02 -6.09967783e-02
 -6.43163547e-02 -6.41900226e-02 -6.24958128e-02 -5.96956350e-02 -5.61085716e-02
 -5.19921929e-02 -4.75162379e-02 -4.27736677e-02 -3.77969258e-02 -3.25777866e-02
 -2.70860959e-02 -2.12838985e-02 -1.51350070e-02 -8.61112121e-03 -1.69538893e-03
  5.61630866e-03  1.33164516e-02  2.13883463e-02  2.98074521e-02  3.85390259e-02
  4.75308038e-02  5.67008518e-02  6.59223646e-02  7.50108659e-02  8.37248936e-02
  9.17929485e-02  9.89640281e-02  1.05058074e-01  1.09997436e-01  1.13819987e-01
  1.16675742e-01  1.18801177e-01  1.20468467e-01  1.21930704e-01  1.23389624e-01
  1.24989793e-01  1.26827121e-01  1.28960863e-01  1.31423935e-01  1.34230345e-01
  1.37379959e-01  1.40861079e-01  1.44651473e-01  1.48718044e-01  1.53015822e-01
  1.57486171e-01  1.62055135e-01  1.66632593e-01  1.71113282e-01  1.75380945e-01
  1.79316133e-01  1.82806864e-01  1.85759902e-01  1.88110471e-01  1.89828336e-01
  1.90919384e-01  1.91422403e-01  1.91401392e-01  1.90935433e-01  1.90108553e-01
 -3.22955362e-02 -3.92187983e-02 -4.43717986e-02 -4.81605455e-02 -5.09811267e-02
 -5.26797883e-02 -5.31416722e-02 -5.24965487e-02 -5.09516113e-02 -4.86933030e-02
 -4.58721220e-02 -4.26011570e-02 -3.89573872e-02 -3.49861793e-02 -3.07082124e-02
 -2.61272639e-02 -2.12375410e-02 -1.60298143e-02 -1.04960855e-02 -4.63285996e-03
  1.55679660e-03  8.06208514e-03  1.48636475e-02  2.19323728e-02  2.92272307e-02
  3.66919972e-02  4.42514010e-02  5.18081971e-02  5.92434742e-02  6.64228275e-02
  7.32095316e-02  7.94828534e-02  8.51567760e-02  9.01941061e-02  9.46129411e-02
  9.84841287e-02  1.01919830e-01  1.05055757e-01  1.08031988e-01  1.10977739e-01
  1.14002816e-01  1.17194988e-01  1.20621093e-01  1.24329783e-01  1.28354430e-01
  1.32715374e-01  1.37421191e-01  1.42468810e-01  1.47842228e-01  1.53509796e-01
  1.59419850e-01  1.65494859e-01  1.71625063e-01  1.77664027e-01  1.83431074e-01
  1.88725501e-01  1.93352282e-01  1.97149768e-01  2.00010806e-01  2.01894864e-01
  2.02832073e-01  2.02916712e-01  2.02287912e-01  2.01102644e-01  1.99511662e-01
 -3.79730128e-02 -4.70890105e-02 -4.59062792e-02 -4.50621173e-02 -4.55421843e-02
 -4.59781699e-02 -4.60101292e-02 -4.55223955e-02 -4.45041135e-02 -4.29901667e-02
 -4.10300791e-02 -3.86722051e-02 -3.59563790e-02 -3.29114236e-02 -2.95555796e-02
 -2.58985776e-02 -2.19444744e-02 -1.76945850e-02 -1.31501490e-02 -8.31457973e-03
 -3.19522503e-03  2.19522673e-03  7.83756841e-03  1.37049416e-02  1.97616834e-02
  2.59622615e-02  3.22506689e-02  3.85608710e-02  4.48190421e-02  5.09480387e-02
  5.68741076e-02  6.25349134e-02  6.78873882e-02  7.29137659e-02  7.76244402e-02
  8.20570067e-02  8.62717777e-02  9.03447568e-02  9.43596140e-02  9.84005257e-02
  1.02546751e-01  1.06869467e-01  1.11430444e-01  1.16282061e-01  1.21467888e-01
  1.27023444e-01  1.32976577e-01  1.39347076e-01  1.46144956e-01  1.53366745e-01
  1.60988405e-01  1.68953419e-01  1.77153289e-01  1.85399875e-01  1.93397611e-01
  2.00756803e-01  2.07086220e-01  2.12084383e-01  2.15564325e-01  2.17459977e-01
  2.17844576e-01  2.16945603e-01  2.15094641e-01  2.12620333e-01  2.09786460e-01
 -3.12479194e-02 -3.69230658e-02 -3.97757515e-02 -4.07205075e-02 -4.09774631e-02
 -4.09985110e-02 -4.08246182e-02 -4.04089428e-02 -3.97103466e-02 -3.87080498e-02
 -3.73972841e-02 -3.57823446e-02 -3.38710584e-02 -3.16713005e-02 -2.91892998e-02
 -2.64292490e-02 -2.33937856e-02 -2.00849567e-02 -1.65053811e-02 -1.26594193e-02
 -8.55427235e-03 -4.20092000e-03  3.85059917e-04  5.18284785e-03  1.01659298e-02
  1.53019577e-02  2.05530878e-02  2.58770119e-02  3.12288478e-02  3.65639478e-02
  4.18414623e-02  4.70282361e-02  5.21024615e-02  5.70564754e-02  6.18981458e-02
  6.66506514e-02  7.13507235e-02  7.60456845e-02  8.07899907e-02  8.56417418e-02
  9.06598568e-02  9.59019884e-02  1.01423427e-01  1.07276745e-01  1.13512106e-01
  1.20177925e-01  1.27321690e-01  1.34990677e-01  1.43232271e-01  1.52092949e-01
  1.61614791e-01  1.71826079e-01  1.82718784e-01  1.94198564e-01  2.05961987e-01
  2.16886118e-01  2.25929141e-01  2.32724294e-01  2.37015978e-01  2.38651842e-01
  2.37574905e-01  2.34242946e-01  2.29915127e-01  2.25203604e-01  2.20462933e-01
 -3.31836455e-02 -4.11012173e-02 -3.93157266e-02 -3.73828895e-02 -3.68686579e-02
 -3.66578437e-02 -3.64975929e-02 -3.62798944e-02 -3.59386727e-02 -3.54290791e-02
 -3.47209275e-02 -3.37945707e-02 -3.26375104e-02 -3.12417410e-02 -2.96018980e-02
 -2.77141705e-02 -2.55758483e-02 -2.31852960e-02 -2.05422472e-02 -1.76482406e-02
 -1.45071307e-02 -1.11255618e-02 -7.51338620e-03 -3.68393585e-03  3.45875742e-04
  4.55571432e-03  8.92230961e-03  1.34203397e-02  1.80237424e-02  2.27074139e-02
  2.74491925e-02  3.22319046e-02  3.70452553e-02  4.18872647e-02  4.67650853e-02
  5.16950823e-02  5.67021929e-02  6.18187562e-02  6.70830086e-02  7.25375563e-02
  7.82280192e-02  8.42021555e-02  9.05093774e-02  9.72009599e-02  1.04330786e-01
  1.11956745e-01  1.20142832e-01  1.28962114e-01  1.38500869e-01  1.48864448e-01
  1.60185784e-01  1.72638595e-01  1.86458170e-01  2.01966122e-01  2.19427750e-01
  2.36818284e-01  2.48630598e-01  2.58640409e-01  2.63881862e-01  2.65111864e-01
  2.63025850e-01  2.54522115e-01  2.45578021e-01  2.37492099e-01  2.30265513e-01
 -2.41629016e-02 -2.92803273e-02 -3.15701626e-02 -3.20864096e-02 -3.21521200e-02
 -3.22403759e-02 -3.24035138e-02 -3.25925760e-02 -3.27473022e-02 -3.28160375e-02
 -3.27584073e-02 -3.25438976e-02 -3.21496576e-02 -3.15584652e-02 -3.07570975e-02
 -2.97352020e-02 -2.84845605e-02 -2.69987229e-02 -2.52729096e-02 -2.33040694e-02
 -2.10910607e-02 -1.86348502e-02 -1.59386657e-02 -1.30081028e-02 -9.85108968e-03
 -6.47771684e-03 -2.89985235e-03  8.69472569e-04  4.81690560e-03  8.92979745e-03
  1.31973410e-02  1.76117364e-02  2.21692566e-02  2.68711243e-02  3.17240655e-02
  3.67405452e-02  4.19386402e-02  4.73416597e-02  5.29775992e-02  5.88786006e-02
  6.50805011e-02  7.16226473e-02  7.85480514e-02  8.59040022e-02  9.37432945e-02
  1.02126159e-01  1.11123167e-01  1.20819561e-01  1.31321594e-01  1.42766222e-01
  1.55336127e-01  1.69284597e-01  1.84978038e-01  2.02968031e-01  2.23999023e-01
  2.46651828e-01  2.62312144e-01  2.74711102e-01  2.82112956e-01  2.83442706e-01
  2.81675667e-01  2.70825952e-01  2.57765442e-01  2.46417746e-01  2.36936659e-01
 -2.17329767e-02 -2.82436945e-02 -2.80742794e-02 -2.69139223e-02 -2.69724540e-02
 -2.75011398e-02 -2.82398351e-02 -2.90624183e-02 -2.98900437e-02 -3.06671243e-02
 -3.13522369e-02 -3.19135301e-02 -3.23258862e-02 -3.25690247e-02 -3.26261371e-02
 -3.24829295e-02 -3.21270004e-02 -3.15474495e-02 -3.07347290e-02 -2.96806153e-02
 -2.83783246e-02 -2.68226024e-02 -2.50098072e-02 -2.29379404e-02 -2.06066445e-02
 -1.80171579e-02 -1.51721919e-02 -1.20755099e-02 -8.73141643e-03 -5.14416024e-03
 -1.31728186e-03  2.74708052e-03  7.04887556e-03  1.15907611e-02  1.63786020e-02
  2.14217734e-02  2.67332699e-02  3.23296711e-02  3.82310748e-02  4.44610193e-02
  5.10464981e-02  5.80181219e-02  6.54105246e-02  7.32631013e-02  8.16211849e-02
  9.05377790e-02  1.00076079e-01  1.10312998e-01  1.21344157e-01  1.33290812e-01
  1.46309465e-01  1.60604402e-01  1.76442608e-01  1.94169179e-01  2.14244112e-01
  2.37340406e-01  2.58626342e-01  2.69967705e-01  2.81616092e-01  2.82864898e-01
  2.82652557e-01  2.75691181e-01  2.61215359e-01  2.48345524e-01  2.37951428e-01
 -1.03464453e-02 -1.50016034e-02 -1.75732039e-02 -1.90945752e-02 -2.05876101e-02
 -2.22117752e-02 -2.39101723e-02 -2.56228317e-02 -2.73051225e-02 -2.89229900e-02
 -3.04488819e-02 -3.18594761e-02 -3.31343636e-02 -3.42551954e-02 -3.52050848e-02
 -3.59681547e-02 -3.65291983e-02 -3.68735082e-02 -3.69868167e-02 -3.68554331e-02
 -3.64666060e-02 -3.58086601e-02 -3.48710082e-02 -3.36441323e-02 -3.21196243e-02
 -3.02903764e-02 -2.81514768e-02 -2.56993137e-02 -2.29312722e-02 -1.98455378e-02
 -1.64408237e-02 -1.27159748e-02 -8.66946764e-03 -4.29879967e-03  4.00141027e-04
  5.43352962e-03  1.08096143e-02  1.65387876e-02  2.26337425e-02  2.91096419e-02
  3.59842889e-02  4.32783701e-02  5.10158315e-02  5.92243634e-02  6.79361373e-02
  7.71887302e-02  8.70263427e-02  9.75012556e-02  1.08675539e-01  1.20622851e-01
  1.33429945e-01  1.47197217e-01  1.62037477e-01  1.78072914e-01  1.95441768e-01
  2.14437380e-01  2.36565858e-01  2.49395624e-01  2.57373959e-01  2.66809791e-01
  2.62504786e-01  2.64897019e-01  2.52028883e-01  2.40240782e-01  2.31613845e-01
  7.60037801e-04 -3.03747854e-03 -6.89973589e-03 -1.05398241e-02 -1.38243278e-02
 -1.68526713e-02 -1.97171047e-02 -2.24630795e-02 -2.51068231e-02 -2.76495665e-02
 -3.00849453e-02 -3.24025676e-02 -3.45897488e-02 -3.66323180e-02 -3.85150053e-02
 -4.02215533e-02 -4.17347103e-02 -4.30361368e-02 -4.41064052e-02 -4.49251160e-02
 -4.54731397e-02 -4.57324013e-02 -4.56854589e-02 -4.53152396e-02 -4.46046591e-02
 -4.35351692e-02 -4.20975722e-02 -4.02819812e-02 -3.80796604e-02 -3.54837552e-02
 -3.24895456e-02 -2.90943906e-02 -2.52973121e-02 -2.10981164e-02 -1.64959226e-02
 -1.14876479e-02 -6.06989022e-03 -2.38828943e-04  6.01040293e-03  1.26841394e-02
  1.97903086e-02  2.73385923e-02  3.53405960e-02  4.38100137e-02  5.27627505e-02
  6.22169599e-02  7.21928403e-02  8.27121660e-02  9.37970579e-02  1.05467804e-01
  1.17738552e-01  1.30609766e-01  1.44054741e-01  1.57994747e-01  1.72248721e-01
  1.86416119e-01  1.99657097e-01  2.10821152e-01  2.19400465e-01  2.25251347e-01
  2.28255719e-01  2.28666991e-01  2.26683229e-01  2.23214015e-01  2.19365954e-01
  9.55516752e-03  6.31698128e-03  1.23733329e-03 -3.76540795e-03 -8.18767119e-03
 -1.22870076e-02 -1.61709115e-02 -1.98953096e-02 -2.34903321e-02 -2.69703567e-02
 -3.03395633e-02 -3.35952863e-02 -3.67300585e-02 -3.97327878e-02 -4.25894670e-02
 -4.52835448e-02 -4.77960594e-02 -5.01050167e-02 -5.21854088e-02 -5.40021658e-02
 -5.55307642e-02 -5.67482524e-02 -5.76312691e-02 -5.81566878e-02 -5.83037399e-02
 -5.80044799e-02 -5.72812632e-02 -5.61114065e-02 -5.44775501e-02 -5.23670651e-02
 -4.97721396e-02 -4.66901436e-02 -4.31238525e-02 -3.90805975e-02 -3.45679447e-02
 -2.95791570e-02 -2.41159741e-02 -1.81832854e-02 -1.17854541e-02 -4.92531992e-03
  2.39471230e-03  1.01728011e-02  1.84076987e-02  2.70986874e-02  3.62453163e-02
  4.58467938e-02  5.59009090e-02  6.64024055e-02  7.73405135e-02  8.86951610e-02
  1.00431457e-01  1.12491310e-01  1.24781407e-01  1.37156129e-01  1.49396285e-01
  1.61191717e-01  1.72153354e-01  1.81884035e-01  1.90074727e-01  1.96547300e-01
  2.01256022e-01  2.04287261e-01  2.05856860e-01  2.06294775e-01  2.05968753e-01
  1.40159652e-02  1.03682615e-02  5.88951772e-03  9.68419947e-04 -3.97863984e-03
 -8.81124660e-03 -1.35143967e-02 -1.81010719e-02 -2.25850362e-02 -2.69749593e-02
 -3.12738754e-02 -3.54797877e-02 -3.95862795e-02 -4.35829274e-02 -4.74555604e-02
 -5.11868559e-02 -5.47582805e-02 -5.81439473e-02 -6.13378473e-02 -6.42174035e-02
 -6.67848811e-02 -6.90196976e-02 -7.08902180e-02 -7.23599344e-02 -7.33906031e-02
 -7.39428028e-02 -7.39878565e-02 -7.34984651e-02 -7.24510625e-02 -7.08272085e-02
 -6.86150119e-02 -6.58113733e-02 -6.24259934e-02 -5.84892295e-02 -5.40680774e-02
 -4.90713418e-02 -4.35249545e-02 -3.74556482e-02 -3.08804177e-02 -2.38073580e-02
 -1.62496306e-02 -8.22068565e-03  2.65601702e-04  9.19493847e-03  1.85526088e-02
  2.83223540e-02  3.84849235e-02  4.90161777e-02  5.98846041e-02  7.10481107e-02
  8.24498832e-02  9.40133557e-02  1.05636500e-01  1.17186375e-01  1.28496304e-01
  1.39369279e-01  1.49591804e-01  1.58958048e-01  1.67297348e-01  1.74495667e-01
  1.80506915e-01  1.85355037e-01  1.89127579e-01  1.91959500e-01  1.94007933e-01
  2.01518144e-02  1.69211533e-02  1.08510535e-02  4.83785942e-03 -7.76034314e-04
 -6.27330365e-03 -1.17035313e-02 -1.70787536e-02 -2.24026162e-02 -2.76756529e-02
 -3.28960754e-02 -3.80596705e-02 -4.31593098e-02 -4.81840223e-02 -5.31172194e-02
 -5.79338558e-02 -6.26373738e-02 -6.71019852e-02 -7.13380799e-02 -7.53122792e-02
 -7.89847523e-02 -8.23092982e-02 -8.52362514e-02 -8.77155289e-02 -8.96990895e-02
 -9.11427066e-02 -9.20079052e-02 -9.22615975e-02 -9.18761343e-02 -9.08294991e-02
 -8.91055688e-02 -8.66946653e-02 -8.35942850e-02 -7.98095688e-02 -7.53517672e-02
 -7.02292398e-02 -6.44812062e-02 -5.81932180e-02 -5.13914339e-02 -4.40395512e-02
 -3.61785404e-02 -2.78329868e-02 -1.90294459e-02 -9.79582872e-03 -1.57247385e-04
  9.85948648e-03  2.02245023e-02  3.09031177e-02  4.18539867e-02  5.30269817e-02
  6.43609166e-02  7.57812113e-02  8.71980116e-02  9.85053256e-02  1.09582238e-01
  1.20297059e-01  1.30514830e-01  1.40107498e-01  1.48964882e-01  1.57003894e-01
  1.64174497e-01  1.70461357e-01  1.75881207e-01  1.80476442e-01  1.84306204e-01
  2.20722929e-02  1.81987826e-02  1.32425632e-02  7.56544387e-03  1.59744371e-03
 -4.47414536e-03 -1.05896993e-02 -1.67264454e-02 -2.28721909e-02 -2.90188491e-02
 -3.51603813e-02 -4.12917882e-02 -4.74082902e-02 -5.35042174e-02 -5.95701113e-02
 -6.54431134e-02 -7.11718351e-02 -7.67386630e-02 -8.21066499e-02 -8.72223154e-02
 -9.20237526e-02 -9.64460149e-02 -1.00425109e-01 -1.03900842e-01 -1.06818683e-01
 -1.09130822e-01 -1.10796534e-01 -1.11781962e-01 -1.12059548e-01 -1.11607492e-01
 -1.10409096e-01 -1.08452320e-01 -1.05729386e-01 -1.02236494e-01 -9.79738310e-02
 -9.29464921e-02 -8.71697962e-02 -8.06720555e-02 -7.34915286e-02 -6.56946898e-02
 -5.74246347e-02 -4.86517027e-02 -3.94172780e-02 -2.97775883e-02 -1.97521541e-02
 -9.37361736e-03  1.32357620e-03  1.23006292e-02  2.35135984e-02  3.49123999e-02
  4.64397334e-02  5.80301769e-02  6.96096942e-02  8.10958892e-02  9.23992544e-02
  1.03425652e-01  1.14079930e-01  1.24270223e-01  1.33912444e-01  1.42934054e-01
  1.51276588e-01  1.58896729e-01  1.65766105e-01  1.71869934e-01  1.77205607e-01
  2.73666549e-02  2.38521527e-02  1.71297882e-02  1.02831395e-02  3.61141050e-03
 -3.14204907e-03 -9.98905860e-03 -1.69112906e-02 -2.38915943e-02 -3.09182350e-02
 -3.79842110e-02 -4.50864621e-02 -5.22264689e-02 -5.94137348e-02 -6.64562955e-02
 -7.34011978e-02 -8.02484751e-02 -8.69604498e-02 -9.34759378e-02 -9.97205824e-02
 -1.05615079e-01 -1.11081205e-01 -1.16045944e-01 -1.20443910e-01 -1.24218605e-01
 -1.27322614e-01 -1.29717171e-01 -1.31371319e-01 -1.32260814e-01 -1.32367030e-01
 -1.31675914e-01 -1.30177066e-01 -1.27862871e-01 -1.24728002e-01 -1.20769136e-01
 -1.15985207e-01 -1.10378660e-01 -1.03957087e-01 -9.67358649e-02 -8.87442380e-02
 -8.00324455e-02 -7.06684589e-02 -6.07898422e-02 -5.06631322e-02 -4.01251614e-02
 -2.92547066e-02 -1.80818439e-02 -6.64673373e-03  5.00758970e-03  1.68348607e-02
  2.87849717e-02  4.08034995e-02  5.28315119e-02  6.48057386e-02  7.66591430e-02
  8.83218199e-02  9.97221768e-02  1.10788099e-01  1.21447891e-01  1.31630763e-01
  1.41266897e-01  1.50287315e-01  1.58624217e-01  1.66212514e-01  1.72993332e-01
  2.90736277e-02  2.49343291e-02  1.93121154e-02  1.26177426e-02  5.37947379e-03
 -2.12423969e-03 -9.77883674e-03 -1.75374243e-02 -2.53798775e-02 -3.32972370e-02
 -4.12852354e-02 -4.93408963e-02 -5.74598759e-02 -6.56339303e-02 -7.37276450e-02
 -8.17733109e-02 -8.97450820e-02 -9.75803733e-02 -1.05195820e-01 -1.12499319e-01
 -1.19398758e-01 -1.25807896e-01 -1.31649926e-01 -1.36859164e-01 -1.41381308e-01
 -1.45172909e-01 -1.48200095e-01 -1.50437117e-01 -1.51864812e-01 -1.52469158e-01
 -1.52239963e-01 -1.51169866e-01 -1.49253458e-01 -1.46486670e-01 -1.42866358e-01
 -1.38390034e-01 -1.33055940e-01 -1.26863465e-01 -1.19814470e-01 -1.11916021e-01
 -1.03185073e-01 -9.36561078e-02 -8.33961964e-02 -7.25183934e-02 -6.11785091e-02
 -4.97021861e-02 -3.79058048e-02 -2.58565675e-02 -1.35953445e-02 -1.16236974e-03
  1.14011355e-02  2.40524225e-02  3.67470272e-02  4.94387038e-02  6.20793626e-02
  7.46189281e-02  8.70048702e-02  9.91812870e-02  1.11087166e-01  1.22653827e-01
  1.33801475e-01  1.44435555e-01  1.54444396e-01  1.63700715e-01  1.72069803e-01
  3.49592045e-02  3.12118903e-02  2.41518542e-02  1.56961475e-02  7.15543143e-03
 -1.38196012e-03 -9.95701645e-03 -1.85959321e-02 -2.73143146e-02 -3.61232497e-02
 -4.50313725e-02 -5.40442765e-02 -6.31602481e-02 -7.22445473e-02 -8.13461468e-02
 -9.04469565e-02 -9.94829237e-02 -1.08362220e-01 -1.16979964e-01 -1.25229552e-01
 -1.33010507e-01 -1.40233308e-01 -1.46821931e-01 -1.52714357e-01 -1.57861963e-01
 -1.62228033e-01 -1.65785745e-01 -1.68516159e-01 -1.70406118e-01 -1.71446547e-01
 -1.71631008e-01 -1.70954689e-01 -1.69413760e-01 -1.67005047e-01 -1.63725778e-01
 -1.59573570e-01 -1.54546186e-01 -1.48641452e-01 -1.41857207e-01 -1.34191945e-01
 -1.25646591e-01 -1.16228528e-01 -1.05959073e-01 -9.48849171e-02 -8.30949619e-02
 -7.07485080e-02 -5.80847301e-02 -4.52732742e-02 -3.22611406e-02 -1.90766566e-02
 -5.75021747e-03  7.68773584e-03  2.12073587e-02  3.47794555e-02  4.83752228e-02
  6.19656183e-02  7.55201653e-02  8.90048146e-02  1.02378346e-01  1.15586720e-01
  1.28554523e-01  1.41172990e-01  1.53285414e-01  1.64674923e-01  1.75070077e-01
  3.90613042e-02  3.55624668e-02  2.73006726e-02  1.75908413e-02  8.09727795e-03
 -1.30298443e-03 -1.07061435e-02 -2.01636031e-02 -2.97091492e-02 -3.93691473e-02
 -4.91680838e-02 -5.91351949e-02 -6.90693557e-02 -7.90693536e-02 -8.91415626e-02
 -9.92293283e-02 -1.09236665e-01 -1.19047470e-01 -1.28540322e-01 -1.37599006e-01
 -1.46119371e-01 -1.54012889e-01 -1.61207974e-01 -1.67649508e-01 -1.73297316e-01
 -1.78123727e-01 -1.82110965e-01 -1.85248345e-01 -1.87529638e-01 -1.88950971e-01
 -1.89509153e-01 -1.89200684e-01 -1.88021407e-01 -1.85966611e-01 -1.83031529e-01
 -1.79211825e-01 -1.74503967e-01 -1.68905303e-01 -1.62413567e-01 -1.55026346e-01
 -1.46740541e-01 -1.37552887e-01 -1.27462357e-01 -1.16476163e-01 -1.04620844e-01
 -9.19603780e-02 -7.86204338e-02 -6.48205653e-02 -5.09561338e-02 -3.69126126e-02
 -2.27168910e-02 -8.38931836e-03  6.05460349e-03  2.06035059e-02  3.52497995e-02
  4.99892905e-02  6.48204088e-02  7.97426105e-02  9.47532281e-02  1.09841615e-01
  1.24978296e-01  1.40095323e-01  1.55050442e-01  1.69558346e-01  1.83050513e-01
  3.88988629e-02  3.47041599e-02  2.71567330e-02  1.77673753e-02  7.90766627e-03
 -2.07185303e-03 -1.21282926e-02 -2.22787969e-02 -3.25500146e-02 -4.29667421e-02
 -5.35470322e-02 -6.42935634e-02 -7.50714540e-02 -8.59607086e-02 -9.69384834e-02
 -1.07918724e-01 -1.18780829e-01 -1.29390791e-01 -1.39616236e-01 -1.49336189e-01
 -1.58446789e-01 -1.66863814e-01 -1.74523026e-01 -1.81378767e-01 -1.87401637e-01
 -1.92575336e-01 -1.96893141e-01 -2.00354367e-01 -2.02960938e-01 -2.04714701e-01
 -2.05615476e-01 -2.05659971e-01 -2.04841644e-01 -2.03151479e-01 -2.00579077e-01
 -1.97114214e-01 -1.92748249e-01 -1.87475026e-01 -1.81291044e-01 -1.74194723e-01
 -1.66184783e-01 -1.57258481e-01 -1.47410303e-01 -1.36632934e-01 -1.24921970e-01
 -1.12287231e-01 -9.87731293e-02 -8.44909847e-02 -6.96639493e-02 -5.46661131e-02
 -3.95300016e-02 -2.42596045e-02 -8.85346998e-03  6.69611385e-03  2.24040151e-02
  3.82932536e-02  5.43960966e-02  7.07551762e-02  8.74245018e-02  1.04469858e-01
  1.21967889e-01  1.40000924e-01  1.58636868e-01  1.77846342e-01  1.96834594e-01
  4.18250337e-02  3.82970385e-02  2.84970943e-02  1.74856484e-02  6.93292217e-03
 -3.57808894e-03 -1.41713656e-02 -2.48982646e-02 -3.57949249e-02 -4.68958989e-02
 -5.82410656e-02 -6.96069896e-02 -8.11243579e-02 -9.28055048e-02 -1.04581177e-01
 -1.16332166e-01 -1.27914965e-01 -1.39181301e-01 -1.49991587e-01 -1.60223439e-01
 -1.69776082e-01 -1.78571969e-01 -1.86556309e-01 -1.93695113e-01 -1.99972004e-01
 -2.05384314e-01 -2.09938541e-01 -2.13645697e-01 -2.16517001e-01 -2.18560472e-01
 -2.19778642e-01 -2.20167413e-01 -2.19716430e-01 -2.18410224e-01 -2.16230080e-01
 -2.13156283e-01 -2.09170610e-01 -2.04258710e-01 -1.98411420e-01 -1.91624984e-01
 -1.83899835e-01 -1.75237864e-01 -1.65638879e-01 -1.55097410e-01 -1.43601954e-01
 -1.31138816e-01 -1.17703773e-01 -1.03324883e-01 -8.80992934e-02 -7.22439066e-02
 -5.61545044e-02 -3.99474837e-02 -2.36071050e-02 -7.10948743e-03  9.57940705e-03
  2.65061613e-02  4.37330380e-02  6.13423325e-02  7.94425309e-02  9.81773734e-02
  1.17739886e-01  1.38397187e-01  1.60547853e-01  1.84956625e-01  2.15099007e-01
  3.80385779e-02  3.32812034e-02  2.53882017e-02  1.55539457e-02  5.03182830e-03
 -5.75370621e-03 -1.67283285e-02 -2.79005691e-02 -3.92942615e-02 -5.09346351e-02
 -6.28466904e-02 -7.48542771e-02 -8.70614201e-02 -9.94461104e-02 -1.11907631e-01
 -1.24302030e-01 -1.36468798e-01 -1.48249790e-01 -1.59501582e-01 -1.70102820e-01
 -1.79957837e-01 -1.88997537e-01 -1.97178558e-01 -2.04480618e-01 -2.10902736e-01
 -2.16458231e-01 -2.21169025e-01 -2.25059271e-01 -2.28149205e-01 -2.30451509e-01
 -2.31969476e-01 -2.32696623e-01 -2.32617483e-01 -2.31709182e-01 -2.29943857e-01
 -2.27291599e-01 -2.23723382e-01 -2.19213769e-01 -2.13743120e-01 -2.07299724e-01
 -1.99881122e-01 -1.91491857e-01 -1.82139263e-01 -1.71827778e-01 -1.60553619e-01
 -1.48302287e-01 -1.35051772e-01 -1.20785430e-01 -1.05518453e-01 -8.93422887e-02
 -7.24881217e-02 -5.54015003e-02 -3.82113345e-02 -2.08841413e-02 -3.37450486e-03
  1.43775595e-02  3.24502401e-02  5.09456284e-02  6.99981153e-02  8.97864103e-02
  1.10550381e-01  1.32613540e-01  1.56409517e-01  1.82523832e-01  2.11933702e-01
  4.09121886e-02  3.71987708e-02  2.56138686e-02  1.37536190e-02  2.69659213e-03
 -8.37216061e-03 -1.96349975e-02 -3.11505347e-02 -4.29457575e-02 -5.50348014e-02
 -6.74161613e-02 -7.99771026e-02 -9.27765742e-02 -1.05754785e-01 -1.18781388e-01
 -1.31691173e-01 -1.44310132e-01 -1.56473085e-01 -1.68035015e-01 -1.78877354e-01
 -1.88911036e-01 -1.98077098e-01 -2.06345513e-01 -2.13712111e-01 -2.20193997e-01
 -2.25823224e-01 -2.30636939e-01 -2.34669492e-01 -2.37947345e-01 -2.40486190e-01
 -2.42289439e-01 -2.43347928e-01 -2.43640795e-01 -2.43137240e-01 -2.41799325e-01
 -2.39585534e-01 -2.36454725e-01 -2.32370019e-01 -2.27301970e-01 -2.21230552e-01
 -2.14145735e-01 -2.06047922e-01 -1.96947753e-01 -1.86859965e-01 -1.75794989e-01
 -1.63751230e-01 -1.50711045e-01 -1.36644453e-01 -1.21524781e-01 -1.05361588e-01
 -8.82557407e-02 -7.04777241e-02 -5.25572449e-02 -3.45595740e-02 -1.64362863e-02
  1.87435048e-03  2.04479471e-02  3.93790416e-02  5.87885268e-02  7.88337886e-02
  9.97232124e-02  1.21737272e-01  1.45254716e-01  1.70713261e-01  1.97680175e-01
  3.31309363e-02  2.76398100e-02  1.97950527e-02  1.02248434e-02 -2.64804083e-04
 -1.12790987e-02 -2.26910301e-02 -3.44704576e-02 -4.66211364e-02 -5.91650158e-02
 -7.18709007e-02 -8.48699287e-02 -9.81515050e-02 -1.11610152e-01 -1.25084996e-01
 -1.38391301e-01 -1.51343718e-01 -1.63772121e-01 -1.75531372e-01 -1.86507031e-01
 -1.96618035e-01 -2.05817267e-01 -2.14090034e-01 -2.21450835e-01 -2.27936968e-01
 -2.33596355e-01 -2.38477185e-01 -2.42621422e-01 -2.46060491e-01 -2.48812780e-01
 -2.50882149e-01 -2.52257526e-01 -2.52913535e-01 -2.52812058e-01 -2.51905084e-01
 -2.50138611e-01 -2.47457623e-01 -2.43811265e-01 -2.39157900e-01 -2.33468533e-01
 -2.26728201e-01 -2.18934849e-01 -2.10097134e-01 -2.00233668e-01 -1.89367801e-01
 -1.77516058e-01 -1.64677888e-01 -1.50831282e-01 -1.35938406e-01 -1.19966693e-01
 -1.02931127e-01 -8.49630311e-02 -6.64045811e-02 -4.79095913e-02 -2.93894745e-02
 -1.07818097e-02  7.96983484e-03  2.69281380e-02  4.61674780e-02  6.57773688e-02
  8.58658329e-02  1.06564745e-01  1.28043666e-01  1.50548145e-01  1.74195379e-01
  3.29479985e-02  2.77714506e-02  1.86677817e-02  8.09986982e-03 -2.74524628e-03
 -1.39563838e-02 -2.55670212e-02 -3.75836119e-02 -5.00122905e-02 -6.28638864e-02
 -7.59403706e-02 -8.93467218e-02 -1.03041500e-01 -1.16892368e-01 -1.30718306e-01
 -1.44321218e-01 -1.57508358e-01 -1.70107037e-01 -1.81973711e-01 -1.92999452e-01
 -2.03112543e-01 -2.12279126e-01 -2.20501751e-01 -2.27814943e-01 -2.34272316e-01
 -2.39933267e-01 -2.44854271e-01 -2.49083340e-01 -2.52656311e-01 -2.55594373e-01
 -2.57902682e-01 -2.59569496e-01 -2.60566503e-01 -2.60849923e-01 -2.60362923e-01
 -2.59039551e-01 -2.56810218e-01 -2.53608108e-01 -2.49376193e-01 -2.44073108e-01
 -2.37676635e-01 -2.30183497e-01 -2.21605673e-01 -2.11965203e-01 -2.01291338e-01
 -1.89616367e-01 -1.76961124e-01 -1.63323388e-01 -1.48674697e-01 -1.32970899e-01
 -1.16181828e-01 -9.83463451e-02 -7.96567500e-02 -6.05650023e-02 -4.18741107e-02
 -2.31713783e-02 -4.46291920e-03  1.42630711e-02  3.30229476e-02  5.18281311e-02
  7.06732273e-02  8.95150602e-02  1.08229764e-01  1.26523525e-01  1.43797755e-01
  3.06972340e-02  2.50424575e-02  1.63775645e-02  6.04453310e-03 -4.90848953e-03
 -1.63029712e-02 -2.81205382e-02 -4.03637141e-02 -5.30397929e-02 -6.61588460e-02
 -7.95632899e-02 -9.33192074e-02 -1.07355960e-01 -1.21519536e-01 -1.35613859e-01
 -1.49431497e-01 -1.62775099e-01 -1.75471306e-01 -1.87379524e-01 -1.98397309e-01
 -2.08463281e-01 -2.17557803e-01 -2.25701436e-01 -2.32945472e-01 -2.39355296e-01
 -2.44998708e-01 -2.49938592e-01 -2.54227906e-01 -2.57906437e-01 -2.60998398e-01
 -2.63510853e-01 -2.65432745e-01 -2.66734511e-01 -2.67368764e-01 -2.67271996e-01
 -2.66368210e-01 -2.64574230e-01 -2.61806935e-01 -2.57991970e-01 -2.53072262e-01
 -2.47014388e-01 -2.39810929e-01 -2.31477290e-01 -2.22044393e-01 -2.11550087e-01
 -2.00035602e-01 -1.87540501e-01 -1.74085990e-01 -1.59663990e-01 -1.44238800e-01
 -1.27766892e-01 -1.10241003e-01 -9.17656794e-02 -7.26672783e-02 -5.36255464e-02
 -3.48162912e-02 -1.62043478e-02  2.21771933e-03  2.04392076e-02  3.84294130e-02
  5.61294481e-02  7.34388381e-02  9.01980326e-02  1.06172942e-01  1.21058315e-01
  2.98690647e-02  2.41584517e-02  1.51351085e-02  4.47674748e-03 -6.69507543e-03
 -1.82857532e-02 -3.03026680e-02 -4.27555628e-02 -5.56533858e-02 -6.90059215e-02
 -8.26853737e-02 -9.67265144e-02 -1.11034960e-01 -1.25439450e-01 -1.39732376e-01
 -1.53699547e-01 -1.67140692e-01 -1.79882929e-01 -1.91789344e-01 -2.02764422e-01
 -2.12757319e-01 -2.21762568e-01 -2.29817018e-01 -2.36984104e-01 -2.43337631e-01
 -2.48951703e-01 -2.53894061e-01 -2.58221745e-01 -2.61977971e-01 -2.65189886e-01
 -2.67866880e-01 -2.69999325e-01 -2.71557838e-01 -2.72493333e-01 -2.72738069e-01
 -2.72208482e-01 -2.70810157e-01 -2.68445253e-01 -2.65022248e-01 -2.60466754e-01
 -2.54731119e-01 -2.47799933e-01 -2.39689097e-01 -2.30438098e-01 -2.20098034e-01
 -2.08721161e-01 -1.96358815e-01 -1.83052659e-01 -1.68816924e-01 -1.53632045e-01
 -1.37454987e-01 -1.20252013e-01 -1.02059275e-01 -8.30751508e-02 -6.37749955e-02
 -4.50049490e-02 -2.65375003e-02 -8.40552710e-03  9.35772993e-03  2.67059337e-02
  4.35723886e-02  5.98648041e-02  7.54623488e-02  9.02174041e-02  1.03965215e-01
  2.91673336e-02  2.34015230e-02  1.41032347e-02  3.20248469e-03 -8.14185105e-03
 -1.98984407e-02 -3.20914462e-02 -4.47338670e-02 -5.78301810e-02 -7.13708028e-02
 -8.52637067e-02 -9.95232239e-02 -1.14036798e-01 -1.28619328e-01 -1.43053949e-01
 -1.57121137e-01 -1.70618668e-01 -1.83374524e-01 -1.95255518e-01 -2.06172884e-01
 -2.16085583e-01 -2.25001156e-01 -2.32969016e-01 -2.40061089e-01 -2.46357307e-01
 -2.51936316e-01 -2.56869555e-01 -2.61217207e-01 -2.65025318e-01 -2.68323630e-01
 -2.71123707e-01 -2.73417741e-01 -2.75177270e-01 -2.76352912e-01 -2.76874602e-01
 -2.76653796e-01 -2.75587767e-01 -2.73566723e-01 -2.70484149e-01 -2.66249269e-01
 -2.60799319e-01 -2.54108548e-01 -2.46190041e-01 -2.37089083e-01 -2.26869375e-01
 -2.15597644e-01 -2.03335151e-01 -1.90137655e-01 -1.76038757e-01 -1.61036283e-01
 -1.45095482e-01 -1.28173694e-01 -1.10272050e-01 -9.15208161e-02 -7.22989738e-02
 -5.33701703e-02 -3.49561609e-02 -1.70238297e-02  4.16036783e-04  1.73273478e-02
  3.36553566e-02  4.93294224e-02  6.42654598e-02  7.83701167e-02  9.15474594e-02
  2.78342441e-02  2.17548087e-02  1.27892988e-02  2.12281290e-03 -9.24641825e-03
 -2.11119037e-02 -3.34537625e-02 -4.62835245e-02 -5.96236624e-02 -7.32350945e-02
 -8.72588530e-02 -1.01668730e-01 -1.16328083e-01 -1.31037056e-01 -1.45569980e-01
 -1.59702644e-01 -1.73231199e-01 -1.85984522e-01 -1.97832763e-01 -2.08692968e-01
 -2.18532473e-01 -2.27369472e-01 -2.35262111e-01 -2.42288232e-01 -2.48531982e-01
 -2.54075259e-01 -2.58992106e-01 -2.63345003e-01 -2.67182142e-01 -2.70535141e-01
 -2.73417443e-01 -2.75822818e-01 -2.77723908e-01 -2.79071569e-01 -2.79794782e-01
 -2.79801965e-01 -2.78984845e-01 -2.77225047e-01 -2.74404556e-01 -2.70419121e-01
 -2.65192837e-01 -2.58689642e-01 -2.50918210e-01 -2.41926640e-01 -2.31788114e-01
 -2.20582381e-01 -2.08381727e-01 -1.95250347e-01 -1.81235567e-01 -1.66349292e-01
 -1.50565386e-01 -1.33837700e-01 -1.16143718e-01 -9.75588262e-02 -7.83621743e-02
 -5.91568165e-02 -4.09444235e-02 -2.32032631e-02 -5.98857272e-03  1.06500564e-02
  2.66604852e-02  4.19855937e-02  5.65638207e-02  7.03316852e-02  8.32277238e-02
  2.87035629e-02  2.29905043e-02  1.30334962e-02  1.69527519e-03 -9.85785481e-03
 -2.18257122e-02 -3.42748277e-02 -4.72256988e-02 -6.06908165e-02 -7.44252652e-02
 -8.85743871e-02 -1.03105925e-01 -1.17875434e-01 -1.32676542e-01 -1.47279054e-01
 -1.61456302e-01 -1.75003707e-01 -1.87751159e-01 -1.99571535e-01 -2.10386366e-01
 -2.20169321e-01 -2.28946209e-01 -2.36780778e-01 -2.43754759e-01 -2.49955043e-01
 -2.55465597e-01 -2.60362208e-01 -2.64708787e-01 -2.68554807e-01 -2.71933168e-01
 -2.74858475e-01 -2.77325392e-01 -2.79307425e-01 -2.80755669e-01 -2.81598568e-01
 -2.81742930e-01 -2.81077087e-01 -2.79477268e-01 -2.76818097e-01 -2.72986442e-01
 -2.67897129e-01 -2.61506647e-01 -2.53819793e-01 -2.44885728e-01 -2.34783530e-01
 -2.23601833e-01 -2.11421624e-01 -1.98312432e-01 -1.84329584e-01 -1.69494227e-01
 -1.53787017e-01 -1.37162864e-01 -1.19591057e-01 -1.01126187e-01 -8.20135921e-02
 -6.28196150e-02 -4.45440374e-02 -2.68267635e-02 -9.69082210e-03  6.83018379e-03
  2.26956084e-02  3.78600135e-02  5.22753708e-02  6.58936724e-02  7.86699355e-02
  2.66198013e-02  2.01969221e-02  1.15985023e-02  1.31280848e-03 -9.99574363e-03
 -2.19768416e-02 -3.45090926e-02 -4.75593135e-02 -6.11235611e-02 -7.49586001e-02
 -8.92047063e-02 -1.03825711e-01 -1.18673682e-01 -1.33539423e-01 -1.48190781e-01
 -1.62400052e-01 -1.75962538e-01 -1.88708991e-01 -2.00514048e-01 -2.11302117e-01
 -2.21050680e-01 -2.29789972e-01 -2.37586841e-01 -2.44525135e-01 -2.50693262e-01
 -2.56176293e-01 -2.61050850e-01 -2.65381515e-01 -2.69218236e-01 -2.72594333e-01
 -2.75524676e-01 -2.78004259e-01 -2.80006558e-01 -2.81482548e-01 -2.82360166e-01
 -2.82545239e-01 -2.81924427e-01 -2.80371636e-01 -2.77758241e-01 -2.73967415e-01
 -2.68910348e-01 -2.62540668e-01 -2.54861742e-01 -2.45923415e-01 -2.35807210e-01
 -2.24605441e-01 -2.12402642e-01 -1.99270636e-01 -1.85267523e-01 -1.70417711e-01
 -1.54704452e-01 -1.38083726e-01 -1.20523512e-01 -1.02073722e-01 -8.29706490e-02
 -6.37666807e-02 -4.54436094e-02 -2.76991837e-02 -1.05533572e-02  5.96355461e-03
  2.18143314e-02  3.69572677e-02  5.13484851e-02  6.49444908e-02  7.77049214e-02
  3.12941782e-02  2.60187779e-02  1.49297100e-02  2.77436106e-03 -9.18952934e-03
 -2.14520469e-02 -3.41427661e-02 -4.73037772e-02 -6.09558336e-02 -7.48619884e-02
 -8.91691446e-02 -1.03843428e-01 -1.18737377e-01 -1.33641571e-01 -1.48323566e-01
 -1.62555486e-01 -1.76132724e-01 -1.88886419e-01 -2.00691849e-01 -2.11474374e-01
 -2.21212655e-01 -2.29938075e-01 -2.37718403e-01 -2.44638085e-01 -2.50785887e-01
 -2.56247044e-01 -2.61098206e-01 -2.65403777e-01 -2.69213408e-01 -2.72559971e-01
 -2.75457829e-01 -2.77901232e-01 -2.79862940e-01 -2.81293124e-01 -2.82119036e-01
 -2.82245964e-01 -2.81560421e-01 -2.79936612e-01 -2.77247131e-01 -2.73376942e-01
 -2.68239677e-01 -2.61791378e-01 -2.54037470e-01 -2.45028421e-01 -2.34845042e-01
 -2.23577604e-01 -2.11308226e-01 -1.98107257e-01 -1.84030607e-01 -1.69099554e-01
 -1.53294966e-01 -1.36572853e-01 -1.18905589e-01 -1.00353464e-01 -8.11687186e-02
 -6.19176961e-02 -4.35689166e-02 -2.57577766e-02 -8.52554850e-03  8.08826834e-03
  2.40411256e-02  3.92866805e-02  5.37760444e-02  6.74601793e-02  8.02929699e-02
  2.98558809e-02  2.37577409e-02  1.46296499e-02  3.60466470e-03 -8.22265726e-03
 -2.05418319e-02 -3.33087817e-02 -4.65340614e-02 -6.02376312e-02 -7.41736591e-02
 -8.84998143e-02 -1.03187717e-01 -1.18092991e-01 -1.33007959e-01 -1.47701174e-01
 -1.61945313e-01 -1.75535932e-01 -1.88304052e-01 -2.00124428e-01 -2.10921422e-01
 -2.20672131e-01 -2.29406044e-01 -2.37189606e-01 -2.44106367e-01 -2.50244319e-01
 -2.55687982e-01 -2.60513127e-01 -2.64783204e-01 -2.68546790e-01 -2.71835446e-01
 -2.74662077e-01 -2.77019441e-01 -2.78878748e-01 -2.80188888e-01 -2.80876279e-01
 -2.80846268e-01 -2.79986888e-01 -2.78175712e-01 -2.75290757e-01 -2.71224350e-01
 -2.65898287e-01 -2.59276092e-01 -2.51367688e-01 -2.42223978e-01 -2.31921375e-01
 -2.20542535e-01 -2.08161771e-01 -1.94844663e-01 -1.80639237e-01 -1.65557414e-01
 -1.49573460e-01 -1.32644549e-01 -1.14758402e-01 -9.60139856e-02 -7.67368227e-02
 -5.76124750e-02 -3.90642285e-02 -2.10703015e-02 -3.64222168e-03  1.31885875e-02
  2.93768775e-02  4.48671468e-02  5.95968515e-02  7.35002235e-02  8.65129828e-02
  3.26700434e-02  2.71990336e-02  1.69731323e-02  5.12056844e-03 -6.91885687e-03
 -1.92948021e-02 -3.20781507e-02 -4.53033112e-02 -5.90015016e-02 -7.29267448e-02
 -8.72326493e-02 -1.01895228e-01 -1.16775557e-01 -1.31670371e-01 -1.46351114e-01
 -1.60592109e-01 -1.74189553e-01 -1.86973974e-01 -1.98818684e-01 -2.09645256e-01
 -2.19426751e-01 -2.28187606e-01 -2.35990673e-01 -2.42916957e-01 -2.49052480e-01
 -2.54480004e-01 -2.59273648e-01 -2.63495028e-01 -2.67190814e-01 -2.70390511e-01
 -2.73104817e-01 -2.75324166e-01 -2.77017802e-01 -2.78133094e-01 -2.78595984e-01
 -2.78313100e-01 -2.77176112e-01 -2.75069326e-01 -2.71880597e-01 -2.67514527e-01
 -2.61905789e-01 -2.55028516e-01 -2.46898204e-01 -2.37564161e-01 -2.27094501e-01
 -2.15559632e-01 -2.03023210e-01 -1.89542502e-01 -1.75151095e-01 -1.59845442e-01
 -1.43589467e-01 -1.26341999e-01 -1.08112678e-01 -8.90526623e-02 -6.95783123e-02
 -5.05032204e-02 -3.18650305e-02 -1.36786019e-02  4.02604230e-03  2.12037284e-02
  3.77937891e-02  5.37201539e-02  6.88929409e-02  8.32124427e-02  9.65761468e-02
  3.25616561e-02  2.67549884e-02  1.75076909e-02  6.34682598e-03 -5.49563486e-03
 -1.77864935e-02 -3.04974504e-02 -4.36283574e-02 -5.71793579e-02 -7.11383969e-02
 -8.54125768e-02 -1.00016505e-01 -1.14832461e-01 -1.29669294e-01 -1.44305393e-01
 -1.58518717e-01 -1.72106892e-01 -1.84900045e-01 -1.96769282e-01 -2.07632080e-01
 -2.17455208e-01 -2.26255104e-01 -2.34088317e-01 -2.41031468e-01 -2.47167230e-01
 -2.52575547e-01 -2.57327825e-01 -2.61483163e-01 -2.65085489e-01 -2.68161476e-01
 -2.70719051e-01 -2.72746056e-01 -2.74209589e-01 -2.75055945e-01 -2.75211632e-01
 -2.74586469e-01 -2.73078620e-01 -2.70582795e-01 -2.67000705e-01 -2.62253046e-01
 -2.56289929e-01 -2.49096826e-01 -2.40693197e-01 -2.31123656e-01 -2.20444366e-01
 -2.08711356e-01 -1.95978537e-01 -1.82288915e-01 -1.67655990e-01 -1.52057812e-01
 -1.35449395e-01 -1.17799044e-01 -9.91540104e-02 -7.97390863e-02 -6.00768514e-02
 -4.10843864e-02 -2.23325472e-02 -3.87645815e-03  1.42350942e-02  3.19446065e-02
  4.91761528e-02  6.58283234e-02  8.17701668e-02  9.68425274e-02  1.10868096e-01
  3.43466066e-02  2.88241468e-02  1.93496533e-02  8.02507065e-03 -3.79571621e-03
 -1.60190463e-02 -2.86497865e-02 -4.16902602e-02 -5.51426150e-02 -6.90120161e-02
 -8.31684172e-02 -9.76430476e-02 -1.12332664e-01 -1.27056971e-01 -1.41601577e-01
 -1.55748755e-01 -1.69297889e-01 -1.82078749e-01 -1.93959758e-01 -2.04853252e-01
 -2.14718133e-01 -2.23560199e-01 -2.31426507e-01 -2.38387048e-01 -2.44519502e-01
 -2.49899700e-01 -2.54595429e-01 -2.58662254e-01 -2.62140781e-01 -2.65054405e-01
 -2.67407954e-01 -2.69186735e-01 -2.70356297e-01 -2.70862907e-01 -2.70635694e-01
 -2.69590199e-01 -2.67634392e-01 -2.64676720e-01 -2.60635912e-01 -2.55450428e-01
 -2.49085739e-01 -2.41536587e-01 -2.32823044e-01 -2.22981587e-01 -2.12054953e-01
 -2.00087950e-01 -1.87123060e-01 -1.73182726e-01 -1.58258080e-01 -1.42312184e-01
 -1.25303224e-01 -1.07234046e-01 -8.82334635e-02 -6.86681718e-02 -4.92588691e-02
 -3.00520509e-02 -1.10150427e-02  7.85698462e-03  2.65499484e-02  4.50287908e-02
  6.32287115e-02  8.10406953e-02  9.82925743e-02  1.14732273e-01  1.30031347e-01
  3.58128771e-02  3.04514151e-02  2.10882425e-02  9.87046678e-03 -1.85685034e-03
 -1.40052559e-02 -2.65610144e-02 -3.95117402e-02 -5.28534278e-02 -6.65903836e-02
 -8.05679113e-02 -9.48452502e-02 -1.09339684e-01 -1.23885445e-01 -1.38277918e-01
 -1.52305201e-01 -1.65769517e-01 -1.78500652e-01 -1.90364406e-01 -2.01267481e-01
 -2.11160004e-01 -2.20035523e-01 -2.27927953e-01 -2.34897822e-01 -2.41015851e-01
 -2.46352270e-01 -2.50970125e-01 -2.54920781e-01 -2.58240819e-01 -2.60950208e-01
 -2.63050914e-01 -2.64526308e-01 -2.65341610e-01 -2.65445083e-01 -2.64770806e-01
 -2.63243139e-01 -2.60782838e-01 -2.57314622e-01 -2.52775192e-01 -2.47120112e-01
 -2.40327477e-01 -2.32397333e-01 -2.23346666e-01 -2.13202581e-01 -2.01998278e-01
 -1.89770058e-01 -1.76541775e-01 -1.62312120e-01 -1.47052363e-01 -1.30720407e-01
 -1.13297105e-01 -9.48523059e-02 -7.56451339e-02 -5.62507957e-02 -3.69296297e-02
 -1.76446009e-02  1.63928547e-03  2.09531672e-02  4.03227471e-02  5.97638190e-02
  7.92720839e-02  9.88017842e-02  1.18220061e-01  1.37211129e-01  1.55131266e-01
  3.67084518e-02  3.12091019e-02  2.26908121e-02  1.20551866e-02  4.10948822e-04
 -1.17515260e-02 -2.42880024e-02 -3.71646918e-02 -5.03814109e-02 -6.39498383e-02
 -7.76899531e-02 -9.16988701e-02 -1.05921187e-01 -1.20210603e-01 -1.34375677e-01
 -1.48212805e-01 -1.61528543e-01 -1.74153730e-01 -1.85952023e-01 -1.96824759e-01
 -2.06713066e-01 -2.15597734e-01 -2.23496720e-01 -2.30457500e-01 -2.36541212e-01
 -2.41810828e-01 -2.46323407e-01 -2.50125289e-01 -2.53248930e-01 -2.55710870e-01
 -2.57510900e-01 -2.58631736e-01 -2.59040058e-01 -2.58688420e-01 -2.57518649e-01
 -2.55466431e-01 -2.52467275e-01 -2.48462752e-01 -2.43406415e-01 -2.37267748e-01
 -2.30033308e-01 -2.21704662e-01 -2.12294608e-01 -2.01825380e-01 -1.90325096e-01
 -1.77814543e-01 -1.64295271e-01 -1.49744973e-01 -1.34125143e-01 -1.17406495e-01
 -9.96181592e-02 -8.09252039e-02 -6.17292114e-02 -4.27611582e-02 -2.36718971e-02
 -4.44439100e-03  1.49641410e-02  3.46150771e-02  5.45866303e-02  7.49747828e-02
  9.58959535e-02  1.17492430e-01  1.39947221e-01  1.63525164e-01  1.88353121e-01
  4.70980518e-02  4.41460572e-02  2.95168143e-02  1.55332163e-02  2.96583283e-03
 -9.47108027e-03 -2.20380202e-02 -3.48212272e-02 -4.78657894e-02 -6.12063296e-02
 -7.46359304e-02 -8.82937685e-02 -1.02155149e-01 -1.16096660e-01 -1.29943237e-01
 -1.43502116e-01 -1.56586140e-01 -1.69028535e-01 -1.80691838e-01 -1.91472635e-01
 -2.01303616e-01 -2.10153207e-01 -2.18023136e-01 -2.24943638e-01 -2.30963126e-01
 -2.36134991e-01 -2.40509018e-01 -2.44125828e-01 -2.47013584e-01 -2.49185994e-01
 -2.50641614e-01 -2.51364142e-01 -2.51323730e-01 -2.50479549e-01 -2.48783216e-01
 -2.46183246e-01 -2.42630050e-01 -2.38080636e-01 -2.32502341e-01 -2.25874633e-01
 -2.18189090e-01 -2.09448308e-01 -1.99666232e-01 -1.88863084e-01 -1.77054703e-01
 -1.64242968e-01 -1.50411159e-01 -1.35528788e-01 -1.19570732e-01 -1.02556348e-01
 -8.46134797e-02 -6.60663694e-02 -4.75297309e-02 -2.88947411e-02 -1.00997146e-02
  8.91836360e-03  2.82362793e-02  4.79525626e-02  6.81954995e-02  8.91336948e-02
  1.10991277e-01  1.34070441e-01  1.58779547e-01  1.85590640e-01  2.14039490e-01
  4.09165248e-02  3.60754728e-02  2.74493657e-02  1.63787305e-02  4.43019159e-03
 -7.79377203e-03 -2.01751497e-02 -3.27233560e-02 -4.54759113e-02 -5.84802702e-02
 -7.15110973e-02 -8.47265199e-02 -9.81282666e-02 -1.11617588e-01 -1.25039041e-01
 -1.38213769e-01 -1.50963247e-01 -1.63124830e-01 -1.74561158e-01 -1.85165152e-01
 -1.94862053e-01 -2.03608990e-01 -2.11392745e-01 -2.18225449e-01 -2.24138498e-01
 -2.29172885e-01 -2.33369321e-01 -2.36761957e-01 -2.39374548e-01 -2.41218552e-01
 -2.42292523e-01 -2.42582619e-01 -2.42064282e-01 -2.40704730e-01 -2.38466322e-01
 -2.35310271e-01 -2.31200472e-01 -2.26106629e-01 -2.20006585e-01 -2.12887466e-01
 -2.04747081e-01 -1.95593834e-01 -1.85440958e-01 -1.74298868e-01 -1.62168249e-01
 -1.49036705e-01 -1.34882689e-01 -1.19691029e-01 -1.03484794e-01 -8.63777250e-02
 -6.86473697e-02 -5.08161075e-02 -3.28790918e-02 -1.47962244e-02  3.48467939e-03
  2.20292155e-02  4.09213789e-02  6.02705963e-02  8.02211910e-02  1.00965478e-01
  1.22761928e-01  1.45959407e-01  1.71025798e-01  1.98593035e-01  2.29715079e-01
  4.60475907e-02  4.32988405e-02  3.08033135e-02  1.74474530e-02  5.20533649e-03
 -6.84476271e-03 -1.89081691e-02 -3.10587976e-02 -4.33402508e-02 -5.57825901e-02
 -6.83981031e-02 -8.10970068e-02 -9.39375684e-02 -1.06859595e-01 -1.19734719e-01
 -1.32402539e-01 -1.44696072e-01 -1.56458735e-01 -1.67554632e-01 -1.77874133e-01
 -1.87336162e-01 -1.95887998e-01 -2.03503191e-01 -2.10177869e-01 -2.15925619e-01
 -2.20771343e-01 -2.24744186e-01 -2.27870449e-01 -2.30169207e-01 -2.31649950e-01
 -2.32312039e-01 -2.32145116e-01 -2.31130764e-01 -2.29244724e-01 -2.26459712e-01
 -2.22748414e-01 -2.18086138e-01 -2.12453365e-01 -2.05838263e-01 -1.98238075e-01
 -1.89657003e-01 -1.80102363e-01 -1.69579580e-01 -1.58087581e-01 -1.45617381e-01
 -1.32156387e-01 -1.17702290e-01 -1.02290183e-01 -8.60358700e-02 -6.91956058e-02
 -5.22321761e-02 -3.51629704e-02 -1.79684609e-02 -6.20342558e-04  1.69202611e-02
  3.47051024e-02  5.28022833e-02  7.13011622e-02  9.03191641e-02  1.10011607e-01
  1.30586892e-01  1.52333215e-01  1.75680622e-01  2.01454297e-01  2.33398899e-01
  3.93345766e-02  3.49171236e-02  2.65938099e-02  1.59243084e-02  4.57264530e-03
 -6.91391574e-03 -1.84458811e-02 -3.00401859e-02 -4.17324677e-02 -5.35581596e-02
 -6.55502677e-02 -7.75732026e-02 -8.97095799e-02 -1.01925611e-01 -1.14116266e-01
 -1.26139268e-01 -1.37840077e-01 -1.49069250e-01 -1.59693375e-01 -1.69601262e-01
 -1.78706616e-01 -1.86948195e-01 -1.94288090e-01 -2.00708658e-01 -2.06208244e-01
 -2.10796282e-01 -2.14488059e-01 -2.17299700e-01 -2.19244286e-01 -2.20329002e-01
 -2.20553994e-01 -2.19912544e-01 -2.18392283e-01 -2.15977028e-01 -2.12649062e-01
 -2.08391860e-01 -2.03192443e-01 -1.97042808e-01 -1.89940229e-01 -1.81886047e-01
 -1.72883242e-01 -1.62933201e-01 -1.52033463e-01 -1.40178055e-01 -1.27363086e-01
 -1.13600269e-01 -9.89417508e-02 -8.35177004e-02 -6.75835907e-02 -5.15707210e-02
 -3.54457833e-02 -1.92097984e-02 -2.85840314e-03  1.36191379e-02  3.02409288e-02
  4.70335446e-02  6.40332699e-02  8.12873915e-02  9.88552794e-02  1.16808914e-01
  1.35231704e-01  1.54212669e-01  1.73823982e-01  1.94029242e-01  2.13971183e-01
  3.93830426e-02  3.62908877e-02  2.59367228e-02  1.40370606e-02  2.88769067e-03
 -8.01345054e-03 -1.88595317e-02 -2.97364295e-02 -4.06958573e-02 -5.17761521e-02
 -6.30097166e-02 -7.42247254e-02 -8.55250731e-02 -9.69005823e-02 -1.08268596e-01
 -1.19505487e-01 -1.30470484e-01 -1.41022727e-01 -1.51032686e-01 -1.60388872e-01
 -1.69001043e-01 -1.76800847e-01 -1.83740661e-01 -1.89791068e-01 -1.94937438e-01
 -1.99176058e-01 -2.02509999e-01 -2.04945371e-01 -2.06488103e-01 -2.07141757e-01
 -2.06906334e-01 -2.05778167e-01 -2.03750655e-01 -2.00815603e-01 -1.96964800e-01
 -1.92191556e-01 -1.86491549e-01 -1.79863036e-01 -1.72306076e-01 -1.63821012e-01
 -1.54407024e-01 -1.44061595e-01 -1.32782519e-01 -1.20574526e-01 -1.07462995e-01
 -9.35171470e-02 -7.88842291e-02 -6.38382733e-02 -4.88045402e-02 -3.36328410e-02
 -1.83454901e-02 -2.96055852e-03  1.25079071e-02  2.80497726e-02  4.36587185e-02
  5.93319759e-02  7.50695765e-02  9.08727199e-02  1.06740415e-01  1.22663133e-01
  1.38611138e-01  1.54513180e-01  1.70217946e-01  1.85420886e-01  1.99518442e-01
  3.08274701e-02  2.66258530e-02  1.88864842e-02  9.37578082e-03 -4.18270240e-04
 -1.02549903e-02 -2.01473385e-02 -3.01230643e-02 -4.02058288e-02 -5.04175313e-02
 -6.07803017e-02 -7.10818470e-02 -8.14380422e-02 -9.18573663e-02 -1.02278046e-01
 -1.12595893e-01 -1.22685775e-01 -1.32417738e-01 -1.41668320e-01 -1.50327712e-01
 -1.58303574e-01 -1.65522262e-01 -1.71928376e-01 -1.77482873e-01 -1.82160452e-01
 -1.85946539e-01 -1.88834101e-01 -1.90820724e-01 -1.91906154e-01 -1.92090571e-01
 -1.91373482e-01 -1.89753398e-01 -1.87228113e-01 -1.83795229e-01 -1.79452702e-01
 -1.74199298e-01 -1.68034598e-01 -1.60958499e-01 -1.52970716e-01 -1.44070536e-01
 -1.34257868e-01 -1.23536736e-01 -1.11922815e-01 -9.94567648e-02 -8.62240568e-02
 -7.23842084e-02 -5.81844188e-02 -4.41070013e-02 -2.98413634e-02 -1.54340137e-02
 -9.23208543e-04  1.36568435e-02  2.82741357e-02  4.28979807e-02  5.74984327e-02
  7.20455647e-02  8.65082294e-02  1.00851811e-01  1.15034461e-01  1.29000962e-01
  1.42673582e-01  1.55939192e-01  1.68633685e-01  1.80529058e-01  1.91339567e-01
  2.23273989e-02  1.76367909e-02  1.12589626e-02  3.63842607e-03 -4.63088788e-03
 -1.32421944e-02 -2.20650639e-02 -3.10453735e-02 -4.01637144e-02 -4.94193435e-02
 -5.88260777e-02 -6.81489557e-02 -7.74900243e-02 -8.68680328e-02 -9.62405875e-02
 -1.05524316e-01 -1.14612497e-01 -1.23389266e-01 -1.31740391e-01 -1.39560670e-01
 -1.46758229e-01 -1.53256655e-01 -1.58995122e-01 -1.63927376e-01 -1.68019906e-01
 -1.71249673e-01 -1.73601672e-01 -1.75066710e-01 -1.75639495e-01 -1.75317079e-01
 -1.74097866e-01 -1.71981022e-01 -1.68966204e-01 -1.65053427e-01 -1.60243019e-01
 -1.54535472e-01 -1.47931367e-01 -1.40431449e-01 -1.32037565e-01 -1.22754969e-01
 -1.12597272e-01 -1.01595089e-01 -8.98090973e-02 -7.73508623e-02 -6.43945858e-02
 -5.12788072e-02 -3.79220732e-02 -2.44056545e-02 -1.07438387e-02  3.03244754e-03
  1.68841779e-02  3.07676625e-02  4.46360186e-02  5.84399179e-02  7.21280128e-02
  8.56471136e-02  9.89420414e-02  1.11954749e-01  1.24622665e-01  1.36875898e-01
  1.48633465e-01  1.59799278e-01  1.70259401e-01  1.79883435e-01  1.88533083e-01
  1.75239630e-02  1.34537257e-02  6.49614260e-03 -1.11010717e-03 -8.68137926e-03
 -1.64125897e-02 -2.43029576e-02 -3.23276930e-02 -4.04663906e-02 -4.87048328e-02
 -5.70300296e-02 -6.54201582e-02 -7.37323016e-02 -8.20205361e-02 -9.02719572e-02
 -9.84292626e-02 -1.06407948e-01 -1.14109889e-01 -1.21433675e-01 -1.28282160e-01
 -1.34567261e-01 -1.40212774e-01 -1.45155340e-01 -1.49344206e-01 -1.52740151e-01
 -1.55313954e-01 -1.57044604e-01 -1.57917574e-01 -1.57923207e-01 -1.57055393e-01
 -1.55310482e-01 -1.52686596e-01 -1.49182931e-01 -1.44799560e-01 -1.39537230e-01
 -1.33397624e-01 -1.26384020e-01 -1.18503027e-01 -1.09767869e-01 -1.00204267e-01
 -8.98591280e-02 -7.88156390e-02 -6.71992749e-02 -5.52545153e-02 -4.29759547e-02
 -3.04186400e-02 -1.76160820e-02 -4.61122254e-03  8.55434407e-03  2.18345411e-02
  3.51771899e-02  4.85237539e-02  6.18097074e-02  7.49653131e-02  8.79168361e-02
  1.00588128e-01  1.12902425e-01  1.24783956e-01  1.36159182e-01  1.46957308e-01
  1.57110110e-01  1.66551396e-01  1.75216883e-01  1.83045298e-01  1.89981610e-01
  1.07142702e-02  6.13325508e-03  4.51242347e-04 -6.00498635e-03 -1.28088668e-02
 -1.97701193e-02 -2.68281810e-02 -3.39607932e-02 -4.11572270e-02 -4.84113097e-02
 -5.57190403e-02 -6.30782694e-02 -7.03000352e-02 -7.74440691e-02 -8.45137537e-02
 -9.14721936e-02 -9.82556120e-02 -1.04784437e-01 -1.10972360e-01 -1.16733298e-01
 -1.21986277e-01 -1.26658648e-01 -1.30687684e-01 -1.34021074e-01 -1.36616543e-01
 -1.38440982e-01 -1.39469177e-01 -1.39682502e-01 -1.39067620e-01 -1.37615353e-01
 -1.35319620e-01 -1.32176787e-01 -1.28185183e-01 -1.23345137e-01 -1.17659546e-01
 -1.11135460e-01 -1.03786506e-01 -9.56364125e-02 -8.67242590e-02 -7.71156847e-02
 -6.69024512e-02 -5.62726818e-02 -4.52153347e-02 -3.37697491e-02 -2.19679549e-02
 -9.84669756e-03  2.55565159e-03  1.51962973e-02  2.80270912e-02  4.09925506e-02
  5.40281534e-02  6.70592338e-02  8.00007135e-02  9.27579105e-02  1.05228774e-01
  1.17307521e-01  1.28889531e-01  1.39876828e-01  1.50183216e-01  1.59738272e-01
  1.68489560e-01  1.76402867e-01  1.83460698e-01  1.89659968e-01  1.95009291e-01
  6.62196940e-03  3.03441845e-03 -3.96211259e-03 -1.07962703e-02 -1.71940383e-02
 -2.34980695e-02 -2.97704283e-02 -3.60319465e-02 -4.22942303e-02 -4.85654399e-02
 -5.48514575e-02 -6.11562617e-02 -6.72641098e-02 -7.32387081e-02 -7.90951028e-02
 -8.48128051e-02 -9.03463960e-02 -9.56344306e-02 -1.00606792e-01 -1.05190717e-01
 -1.09315306e-01 -1.12914741e-01 -1.15930259e-01 -1.18311189e-01 -1.20015152e-01
 -1.21007681e-01 -1.21261559e-01 -1.20755874e-01 -1.19475089e-01 -1.17408209e-01
 -1.14548042e-01 -1.10890865e-01 -1.06436603e-01 -1.01189457e-01 -9.51595157e-02
 -8.83675590e-02 -8.08506012e-02 -7.26653636e-02 -6.38812780e-02 -5.46547659e-02
 -4.49218601e-02 -3.47185358e-02 -2.40693334e-02 -1.30001577e-02 -1.53775513e-03
  1.02884872e-02  2.24452000e-02  3.48930098e-02  4.75842133e-02  6.04600087e-02
  7.34475404e-02  8.64571184e-02  9.93802845e-02  1.12089567e-01  1.24441192e-01
  1.36281595e-01  1.47457927e-01  1.57830864e-01  1.67287305e-01  1.75750077e-01
  1.83182895e-01  1.89590260e-01  1.95011973e-01  1.99513793e-01  2.03175917e-01
 -1.51355553e-03 -5.97718824e-03 -1.11648813e-02 -1.67640243e-02 -2.23922972e-02
 -2.79160291e-02 -3.33329327e-02 -3.86707969e-02 -4.39569838e-02 -4.92123254e-02
 -5.44513315e-02 -5.96834272e-02 -6.46724105e-02 -6.94785342e-02 -7.41215572e-02
 -7.85918906e-02 -8.28587711e-02 -8.68769288e-02 -9.05922502e-02 -9.39464495e-02
 -9.68808606e-02 -9.93393362e-02 -1.01270273e-01 -1.02627985e-01 -1.03373319e-01
 -1.03473775e-01 -1.02903202e-01 -1.01641417e-01 -9.96738076e-02 -9.69909951e-02
 -9.35884714e-02 -8.94667506e-02 -8.46332982e-02 -7.91030601e-02 -7.28941560e-02
 -6.60449564e-02 -5.86318336e-02 -5.07991910e-02 -4.24127728e-02 -3.35134603e-02
 -2.41166744e-02 -1.42382393e-02 -3.89267644e-03  6.90565491e-03  1.81415714e-02
  2.97976770e-02  4.18525562e-02  5.42783178e-02  6.70373142e-02  8.00778642e-02
  9.33287963e-02  1.06692977e-01  1.20040298e-01  1.33201897e-01  1.45968929e-01
  1.58100888e-01  1.69347405e-01  1.79480016e-01  1.88323602e-01  1.95777446e-01
  2.01824322e-01  2.06529036e-01  2.10026234e-01  2.12496176e-01  2.14132264e-01
 -8.06652755e-03 -1.19030876e-02 -1.79362968e-02 -2.36703753e-02 -2.86418181e-02
 -3.32583785e-02 -3.76730710e-02 -4.19678837e-02 -4.61901166e-02 -5.03672734e-02
 -5.45162633e-02 -5.86511567e-02 -6.25353530e-02 -6.62012175e-02 -6.96623996e-02
 -7.29141235e-02 -7.59362578e-02 -7.86971822e-02 -8.11576247e-02 -8.32740292e-02
 -8.50011781e-02 -8.62945244e-02 -8.71122330e-02 -8.74167457e-02 -8.71758610e-02
 -8.63632560e-02 -8.49578828e-02 -8.29444304e-02 -8.03140104e-02 -7.70646632e-02
 -7.32008070e-02 -6.87291995e-02 -6.36749938e-02 -5.80934510e-02 -5.19673601e-02
 -4.53075171e-02 -3.81359532e-02 -3.04755345e-02 -2.23212335e-02 -1.36759067e-02
 -4.54208953e-03  5.07854437e-03  1.51855377e-02  2.57794876e-02  3.68615128e-02
  4.84323315e-02  6.04907572e-02  7.30314329e-02  8.60413089e-02  9.94944274e-02
  1.13344073e-01  1.27511188e-01  1.41867653e-01  1.56213507e-01  1.70250922e-01
  1.83571786e-01  1.95696801e-01  2.06182808e-01  2.14721844e-01  2.21165210e-01
  2.25522980e-01  2.27962151e-01  2.28802726e-01  2.28476197e-01  2.27410167e-01
 -1.99542157e-02 -2.47320496e-02 -2.90864278e-02 -3.29632238e-02 -3.64316665e-02
 -3.96696813e-02 -4.28011976e-02 -4.58846055e-02 -4.89414930e-02 -5.19750305e-02
 -5.49778864e-02 -5.79334982e-02 -6.08103238e-02 -6.34048581e-02 -6.57445416e-02
 -6.78346977e-02 -6.96656033e-02 -7.12175667e-02 -7.24650398e-02 -7.33796805e-02
 -7.39300624e-02 -7.40838796e-02 -7.38101751e-02 -7.30814785e-02 -7.18759149e-02
 -7.01803416e-02 -6.79817572e-02 -6.52723238e-02 -6.20528311e-02 -5.83370775e-02
 -5.41600138e-02 -4.94861528e-02 -4.43253592e-02 -3.86897214e-02 -3.25840153e-02
 -2.60129720e-02 -1.89813431e-02 -1.14914915e-02 -3.54027655e-03  4.87817544e-03
  1.37723573e-02  2.31534988e-02  3.30357887e-02  4.34365459e-02  5.43763228e-02
  6.58788383e-02  7.79706761e-02  9.06803682e-02  1.04036637e-01  1.18064888e-01
  1.32780880e-01  1.48179322e-01  1.64213598e-01  1.80757254e-01  1.97521433e-01
  2.13862702e-01  2.28550732e-01  2.40377173e-01  2.49059349e-01  2.54357845e-01
  2.56352156e-01  2.55307525e-01  2.51689225e-01  2.46863708e-01  2.41925597e-01
 -3.50235030e-02 -4.09852602e-02 -4.32657413e-02 -4.41198051e-02 -4.52222191e-02
 -4.66720201e-02 -4.83469740e-02 -5.01560718e-02 -5.20385839e-02 -5.39509021e-02
 -5.58594801e-02 -5.77378422e-02 -5.95661849e-02 -6.11042418e-02 -6.23664446e-02
 -6.33544400e-02 -6.40599877e-02 -6.44686744e-02 -6.45652488e-02 -6.43438771e-02
 -6.37854785e-02 -6.28674775e-02 -6.15678765e-02 -5.98668866e-02 -5.77468723e-02
 -5.52428290e-02 -5.23363166e-02 -4.90193889e-02 -4.52913679e-02 -4.11567278e-02
 -3.66218351e-02 -3.16867605e-02 -2.63539553e-02 -2.06260048e-02 -1.45035489e-02
 -7.98504148e-03 -1.06636516e-03  6.25986746e-03  1.40049476e-02  2.21840758e-02
  3.08164656e-02  3.99256386e-02  4.95398827e-02  5.96929379e-02  7.04249516e-02
  8.17836821e-02  9.38260704e-02  1.06620133e-01  1.20247066e-01  1.34803385e-01
  1.50402442e-01  1.67174459e-01  1.85264006e-01  2.04827309e-01  2.26063401e-01
  2.49619752e-01  2.76685297e-01  2.84139037e-01  2.96763480e-01  2.99053192e-01
  2.96627909e-01  2.95426548e-01  2.77152270e-01  2.64490724e-01  2.54788250e-01
 -4.77806330e-02 -5.50615154e-02 -5.49481884e-02 -5.33892624e-02 -5.29386215e-02
 -5.31034991e-02 -5.36254905e-02 -5.43611236e-02 -5.52146956e-02 -5.61170019e-02
 -5.70171215e-02 -5.78796975e-02 -5.86870573e-02 -5.92056699e-02 -5.94433770e-02
 -5.93951158e-02 -5.90470433e-02 -5.83764687e-02 -5.73470891e-02 -5.60603738e-02
 -5.44779822e-02 -5.25760502e-02 -5.03391698e-02 -4.77582701e-02 -4.48304750e-02
 -4.15606983e-02 -3.79517227e-02 -3.40075046e-02 -2.97337715e-02 -2.51373947e-02
 -2.02250220e-02 -1.50014814e-02 -9.46973357e-03 -3.63021367e-03  2.51991535e-03
  8.98726564e-03  1.57825761e-02  2.29209736e-02  3.04221585e-02  3.83105017e-02
  4.66152132e-02  5.53706810e-02  6.46171495e-02  7.44017586e-02  8.47802013e-02
  9.58191007e-02  1.07599407e-01  1.20221190e-01  1.33810475e-01  1.48528710e-01
  1.64585695e-01  1.82256237e-01  2.01898694e-01  2.23976240e-01  2.49140814e-01
  2.77819842e-01  2.97352821e-01  3.10771734e-01  3.21128458e-01  3.19969714e-01
  3.19187194e-01  3.04737866e-01  2.87540436e-01  2.73037970e-01  2.61373043e-01
 -5.11308499e-02 -5.74714355e-02 -5.95754385e-02 -5.93771972e-02 -5.88123538e-02
 -5.84299341e-02 -5.82683831e-02 -5.82591519e-02 -5.83225675e-02 -5.83881512e-02
 -5.83967380e-02 -5.82971387e-02 -5.80392741e-02 -5.75607233e-02 -5.68263493e-02
 -5.58134019e-02 -5.45052700e-02 -5.28896861e-02 -5.09606153e-02 -4.87262681e-02
 -4.61848676e-02 -4.33333963e-02 -4.01709862e-02 -3.67002748e-02 -3.29278074e-02
 -2.88637616e-02 -2.45204233e-02 -1.99115407e-02 -1.50515884e-02 -9.95472539e-03
 -4.63351374e-03  9.02395463e-04  6.64733117e-03  1.26005094e-02  1.87667087e-02
  2.51566395e-02  3.17870118e-02  3.86803821e-02  4.58648317e-02  5.33736534e-02
  6.12451211e-02  6.95225447e-02  7.82547444e-02  8.74970257e-02  9.73128974e-02
  1.07776739e-01  1.18977778e-01  1.31025955e-01  1.44060791e-01  1.58264980e-01
  1.73886225e-01  1.91273823e-01  2.10942939e-01  2.33671471e-01  2.60180354e-01
  2.84943432e-01  3.00999701e-01  3.14806759e-01  3.19678128e-01  3.20489407e-01
  3.14056665e-01  2.98843712e-01  2.83676744e-01  2.70839423e-01  2.60086685e-01
 -6.07020482e-02 -6.90921471e-02 -6.73793480e-02 -6.47574738e-02 -6.35811836e-02
 -6.28798455e-02 -6.23721853e-02 -6.19256459e-02 -6.14516772e-02 -6.08839057e-02
 -6.01710454e-02 -5.92720881e-02 -5.81522547e-02 -5.67807518e-02 -5.51337972e-02
 -5.31937405e-02 -5.09478785e-02 -4.83879521e-02 -4.55102883e-02 -4.23158742e-02
 -3.88079062e-02 -3.49921249e-02 -3.08776144e-02 -2.64773872e-02 -2.18085684e-02
 -1.68921426e-02 -1.17522217e-02 -6.41501695e-03 -9.07484791e-04  4.74438164e-03
  1.05175050e-02  1.63937341e-02  2.23616622e-02  2.84180436e-02  3.45686451e-02
  4.08284329e-02  4.72211130e-02  5.37781939e-02  6.05377331e-02  6.75430670e-02
  7.48417079e-02  8.24846327e-02  9.05260965e-02  9.90240276e-02  1.08041100e-01
  1.17646575e-01  1.27918959e-01  1.38949886e-01  1.50849462e-01  1.63754076e-01
  1.77837998e-01  1.93331495e-01  2.10548893e-01  2.29900181e-01  2.51312494e-01
  2.69775182e-01  2.82413095e-01  2.93146312e-01  2.96601236e-01  2.97411472e-01
  2.91492671e-01  2.80585378e-01  2.70234466e-01  2.60904878e-01  2.52562612e-01
 -5.73376566e-02 -6.41274527e-02 -6.69527054e-02 -6.73630163e-02 -6.70925304e-02
 -6.67137876e-02 -6.62664473e-02 -6.56810403e-02 -6.48922995e-02 -6.38570413e-02
 -6.25497103e-02 -6.09550066e-02 -5.90620786e-02 -5.68614230e-02 -5.43441065e-02
 -5.15018962e-02 -4.83278893e-02 -4.48174588e-02 -4.09692004e-02 -3.67857181e-02
 -3.22739780e-02 -2.74457801e-02 -2.23182514e-02 -1.69142336e-02 -1.12624485e-02
 -5.39736124e-03  6.41420716e-04  6.81035640e-03  1.30639141e-02  1.93572976e-02
  2.56497953e-02  3.19084041e-02  3.81111838e-02  4.42498326e-02  5.03310040e-02
  5.63761815e-02  6.24201559e-02  6.85084537e-02  7.46942014e-02  8.10350478e-02
  8.75905156e-02  9.44200903e-02  1.01582147e-01  1.09133624e-01  1.17130242e-01
  1.25627086e-01  1.34679317e-01  1.44342571e-01  1.54672578e-01  1.65722772e-01
  1.77537486e-01  1.90135211e-01  2.03469872e-01  2.17347816e-01  2.31150821e-01
  2.43344918e-01  2.53142118e-01  2.60172188e-01  2.64131814e-01  2.64915466e-01
  2.62575090e-01  2.58129627e-01  2.52766907e-01  2.47094050e-01  2.41464958e-01
 -6.54916465e-02 -7.49736205e-02 -7.22201392e-02 -7.04314262e-02 -7.04770014e-02
 -7.06964955e-02 -7.06348196e-02 -7.01324865e-02 -6.91517219e-02 -6.77069053e-02
 -6.58295751e-02 -6.35511652e-02 -6.08953610e-02 -5.78758530e-02 -5.44973612e-02
 -5.07582612e-02 -4.66538742e-02 -4.21796441e-02 -3.73338424e-02 -3.21196094e-02
 -2.65463032e-02 -2.06303634e-02 -1.43958852e-02 -7.87510723e-03 -1.10893825e-03
  5.85255958e-03  1.29500702e-02  2.01158300e-02  2.72759590e-02  3.43547463e-02
  4.12807651e-02  4.79941033e-02  5.44533730e-02  6.06410876e-02  6.65662140e-02
  7.22633824e-02  7.77889043e-02  8.32145438e-02  8.86203200e-02  9.40879211e-02
  9.96955633e-02  1.05514780e-01  1.11608855e-01  1.18032426e-01  1.24831662e-01
  1.32044539e-01  1.39700592e-01  1.47819594e-01  1.56408489e-01  1.65455535e-01
  1.74919754e-01  1.84713736e-01  1.94677338e-01  2.04544067e-01  2.13921249e-01
  2.22340748e-01  2.29379252e-01  2.34733656e-01  2.38236457e-01  2.39868328e-01
  2.39781544e-01  2.38297135e-01  2.35814035e-01  2.32696325e-01  2.29226694e-01
 -5.35455681e-02 -6.13020584e-02 -6.69663772e-02 -7.10618123e-02 -7.40968511e-02
 -7.60025010e-02 -7.66844153e-02 -7.62700737e-02 -7.49620795e-02 -7.29387999e-02
 -7.03393444e-02 -6.72632456e-02 -6.37727156e-02 -5.98982349e-02 -5.56466430e-02
 -5.10100275e-02 -4.59739566e-02 -4.05242182e-02 -3.46517935e-02 -2.83560771e-02
 -2.16464940e-02 -1.45428488e-02 -7.07509508e-03  7.16633571e-04  8.78094975e-03
  1.70529224e-02  2.54511684e-02  3.38757858e-02  4.22092415e-02  5.03223576e-02
  5.80861606e-02  6.53879344e-02  7.21475929e-02  7.83301741e-02  8.39515328e-02
  8.90761018e-02  9.38068256e-02  9.82695445e-02  1.02596082e-01  1.06910378e-01
  1.11319952e-01  1.15912572e-01  1.20756425e-01  1.25901878e-01  1.31383643e-01
  1.37222275e-01  1.43424898e-01  1.49984419e-01  1.56877309e-01  1.64059579e-01
  1.71461016e-01  1.78977892e-01  1.86466217e-01  1.93739071e-01  2.00574458e-01
  2.06737503e-01  2.12012485e-01  2.16232836e-01  2.19301835e-01  2.21203417e-01
  2.22002834e-01  2.21833736e-01  2.20871523e-01  2.19302014e-01  2.17297107e-01
 -4.91443984e-02 -5.78510016e-02 -6.63786903e-02 -7.46975243e-02 -8.22106078e-02
 -8.62182304e-02 -8.66335705e-02 -8.54265988e-02 -8.30934495e-02 -7.99479187e-02
 -7.62392953e-02 -7.21239746e-02 -6.76776618e-02 -6.29139319e-02 -5.78065366e-02
 -5.23102991e-02 -4.63767722e-02 -3.99648733e-02 -3.30476388e-02 -2.56160740e-02
 -1.76799539e-02 -9.26524773e-03 -4.09298518e-04  8.84283707e-03  1.84376668e-02
  2.83069592e-02  3.83567140e-02  4.84540388e-02  5.84174283e-02  6.80196658e-02
  7.70119801e-02  8.51663947e-02  9.23187956e-02  9.83979031e-02  1.03437617e-01
  1.07573129e-01  1.11017063e-01  1.14016563e-01  1.16807140e-01  1.19583115e-01
  1.22489080e-01  1.25624672e-01  1.29053667e-01  1.32812798e-01  1.36918321e-01
  1.41370326e-01  1.46155059e-01  1.51245549e-01  1.56601042e-01  1.62165463e-01
  1.67865515e-01  1.73609033e-01  1.79284826e-01  1.84765235e-01  1.89912692e-01
  1.94590285e-01  1.98674798e-01  2.02069536e-01  2.04714179e-01  2.06590131e-01
  2.07720339e-01  2.08163530e-01  2.08003998e-01  2.07339466e-01  2.06269875e-01
 -4.62343954e-02 -5.61835691e-02 -6.71395659e-02 -7.96424523e-02 -9.38910320e-02
 -1.01046026e-01 -1.01427861e-01 -9.84957516e-02 -9.36947018e-02 -8.85108784e-02
 -8.31302255e-02 -7.77133480e-02 -7.22809881e-02 -6.67339638e-02 -6.09319434e-02
 -5.47384992e-02 -4.80361544e-02 -4.07352671e-02 -3.27789113e-02 -2.41465382e-02
 -1.48599939e-02 -4.97505814e-03  5.44515438e-03  1.63518600e-02  2.77128424e-02
  3.94978970e-02  5.16518466e-02  6.40538931e-02  7.64616728e-02  8.84611234e-02
  9.95009243e-02  1.09063521e-01  1.16808310e-01  1.22591972e-01  1.26479819e-01
  1.28759965e-01  1.29937962e-01  1.30581588e-01  1.31134525e-01  1.31872252e-01
  1.32943913e-01  1.34420410e-01  1.36326969e-01  1.38662159e-01  1.41408265e-01
  1.44536674e-01  1.48010314e-01  1.51784435e-01  1.55806407e-01  1.60015240e-01
  1.64341077e-01  1.68705270e-01  1.73021391e-01  1.77197754e-01  1.81141347e-01
  1.84763283e-01  1.87984839e-01  1.90743312e-01  1.92996606e-01  1.94725722e-01
  1.95934787e-01  1.96648702e-01  1.96908697e-01  1.96767047e-01  1.96281463e-01
 -4.20994125e-02 -5.23709208e-02 -6.40490130e-02 -7.78426975e-02 -9.49332714e-02
 -1.06059015e-01 -1.12647459e-01 -1.10745519e-01 -1.05616204e-01 -9.72839668e-02
 -8.93977210e-02 -8.27466100e-02 -7.68158883e-02 -7.10322037e-02 -6.50089383e-02
 -5.85246719e-02 -5.13439998e-02 -4.33172584e-02 -3.43758203e-02 -2.44191904e-02
 -1.35038095e-02 -1.86631456e-03  1.03110373e-02  2.29819398e-02  3.61959487e-02
  5.00532426e-02  6.46713525e-02  8.01444575e-02  9.64427665e-02  1.13055579e-01
  1.28167182e-01  1.40113994e-01  1.48946762e-01  1.54006839e-01  1.55773804e-01
  1.54002577e-01  1.50535524e-01  1.47236660e-01  1.44666925e-01  1.42921999e-01
  1.41969681e-01  1.41742080e-01  1.42164335e-01  1.43163756e-01  1.44671902e-01
  1.46624044e-01  1.48957804e-01  1.51611552e-01  1.54523030e-01  1.57628328e-01
  1.60861164e-01  1.64153010e-01  1.67433694e-01  1.70632914e-01  1.73682407e-01
  1.76518723e-01  1.79086193e-01  1.81339696e-01  1.83246791e-01  1.84789017e-01
  1.85961857e-01  1.86773717e-01  1.87243924e-01  1.87400058e-01  1.87275127e-01
 -3.57187092e-02 -4.50766608e-02 -5.54232560e-02 -6.69130236e-02 -7.93358386e-02
 -9.19135064e-02 -1.06925756e-01 -1.08635835e-01 -1.09247699e-01 -9.89562571e-02
 -9.03945565e-02 -8.46243426e-02 -8.07429776e-02 -7.60804191e-02 -6.99815154e-02
 -6.44870624e-02 -5.73031753e-02 -4.82204296e-02 -3.92498448e-02 -2.77146716e-02
 -1.37183229e-02  3.47891124e-04  1.43711902e-02  2.85863839e-02  4.32816818e-02
  5.87811582e-02  7.54729062e-02  9.38667133e-02  1.14715651e-01  1.39454708e-01
  1.66489437e-01  1.75149351e-01  1.92736045e-01  1.89400360e-01  1.96014807e-01
  1.80483803e-01  1.68805987e-01  1.60750940e-01  1.55050308e-01  1.51065916e-01
  1.48397788e-01  1.46774173e-01  1.46000415e-01  1.45930409e-01  1.46449134e-01
  1.47461787e-01  1.48886710e-01  1.50650680e-01  1.52685851e-01  1.54927641e-01
  1.57313645e-01  1.59783021e-01  1.62276641e-01  1.64737701e-01  1.67112738e-01
  1.69352993e-01  1.71415851e-01  1.73266158e-01  1.74877226e-01  1.76231489e-01
  1.77320391e-01  1.78144008e-01  1.78709894e-01  1.79031774e-01  1.79127976e-01
 -2.75483392e-02 -3.53424847e-02 -4.36532348e-02 -5.24471737e-02 -6.15843683e-02
 -7.08102956e-02 -7.95526803e-02 -8.74830261e-02 -9.87372994e-02 -8.66362005e-02
 -8.13152641e-02 -7.87551478e-02 -7.95122758e-02 -7.71170184e-02 -6.96820319e-02
 -6.70539290e-02 -6.03159219e-02 -4.91373762e-02 -4.26366739e-02 -2.98122000e-02
 -1.19365118e-02  3.81159550e-03  1.87065508e-02  3.34516726e-02  4.85425033e-02
  6.44210503e-02  8.15740228e-02  1.00628518e-01  1.22474745e-01  1.48333207e-01
  1.73884928e-01  1.85846329e-01  2.00084895e-01  1.99972346e-01  2.02335373e-01
  1.88780233e-01  1.75589576e-01  1.66159794e-01  1.59398928e-01  1.54549569e-01
  1.51125029e-01  1.48804843e-01  1.47367641e-01  1.46651715e-01  1.46532431e-01
  1.46908984e-01  1.47696555e-01  1.48821175e-01  1.50216520e-01  1.51821777e-01
  1.53580174e-01  1.55438364e-01  1.57346085e-01  1.59256309e-01  1.61125660e-01
  1.62914991e-01  1.64590091e-01  1.66122273e-01  1.67488843e-01  1.68673396e-01
  1.69665784e-01  1.70461819e-01  1.71062663e-01  1.71474129e-01  1.71705738e-01
  2.84202123e+00  2.92094445e+00  2.96846890e+00  3.00758815e+00  3.02342844e+00
  3.03096938e+00  3.02528811e+00  3.01481676e+00  2.99686241e+00  2.97690415e+00
  2.95331931e+00  2.92898393e+00  2.90415382e+00  2.87797070e+00  2.85323691e+00
  2.82865810e+00  2.80466747e+00  2.78219080e+00  2.76131964e+00  2.74184942e+00
  2.72409368e+00  2.70863056e+00  2.69570851e+00  2.68440437e+00  2.67531800e+00
  2.66868687e+00  2.66396332e+00  2.66122675e+00  2.66014934e+00  2.66110229e+00
  2.66397190e+00  2.66850948e+00  2.67482996e+00  2.68286681e+00  2.69266677e+00
  2.70442653e+00  2.71800375e+00  2.73359776e+00  2.75113487e+00  2.77086329e+00
  2.79285860e+00  2.81736493e+00  2.84450626e+00  2.87440968e+00  2.90745091e+00
  2.94384384e+00  2.98393464e+00  3.02811837e+00  3.07672620e+00  3.13049889e+00
  3.18965244e+00  3.25514793e+00  3.32754183e+00  3.40776682e+00  3.49754095e+00
  3.59739566e+00  3.71084023e+00  3.83985186e+00  3.98836255e+00  4.16274023e+00
  4.36972332e+00  4.62530613e+00  4.96034861e+00  5.48926592e+00  7.86913109e+00
   92   89
  1.04677522e+00  0.00000000e+00  1.04855061e+00  1.00000001e-01  1.05250001e+00
  1.71989113e-01  1.05835581e+00  2.50000000e-01  1.06780648e+00  3.49999994e-01
  1.07849038e+00  4.49999988e-01  1.08415282e+00  5.00000000e-01  1.09425247e+00
  6.00000024e-01  1.10385752e+00  6.99999988e-01  1.10932958e+00  7.50000000e-01
  1.11973321e+00  8.50000024e-01  1.12929022e+00  9.49999988e-01  1.13464963e+00
  1.00000000e+00  1.14210570e+00  1.09385216e+00  1.14530718e+00  1.13770449e+00
  1.21187496e+00  1.12375247e+00  1.26499999e+00  1.10932326e+00  1.29611218e+00
  1.10000002e+00  1.34468746e+00  1.08708405e+00  1.39781249e+00  1.07267582e+00
  1.45093751e+00  1.05688238e+00  1.47749996e+00  1.04839587e+00  1.53062499e+00
  1.03126025e+00  1.58375001e+00  1.01149261e+00  1.61118317e+00  1.00000000e+00
  1.66343749e+00  9.77358043e-01  1.71605468e+00  9.49999988e-01  1.74312496e+00
  9.35108066e-01  1.79624999e+00  9.01053071e-01  1.82281256e+00  8.83076668e-01
  1.86573052e+00  8.50000024e-01  1.90250003e+00  8.19795430e-01  1.92906249e+00
  7.95724869e-01  1.97563708e+00  7.50000000e-01  2.00874996e+00  7.14460373e-01
  2.03531241e+00  6.83602870e-01  2.06187510e+00  6.49962008e-01  2.09839916e+00
  6.00000024e-01  2.13056540e+00  5.50000012e-01  2.15877986e+00  5.00000000e-01
  2.18368769e+00  4.49999988e-01  2.20595956e+00  4.00000006e-01  2.22619200e+00
  3.49999994e-01  2.24781251e+00  2.92150676e-01  2.27437496e+00  2.08673969e-01
  2.29021931e+00  1.50000006e-01  2.30093741e+00  9.31748077e-02  2.30900717e+00
  0.00000000e+00  2.30233288e+00 -1.00000001e-01  2.29415965e+00 -1.50000006e-01
  2.27437496e+00 -2.27463767e-01  2.25117326e+00 -3.00000012e-01  2.23303318e+00
 -3.49999994e-01  2.21288586e+00 -4.00000006e-01  2.19033670e+00 -4.49999988e-01
  2.16474771e+00 -5.00000000e-01  2.13530350e+00 -5.50000012e-01  2.10112143e+00
 -6.00000024e-01  2.06187510e+00 -6.49718940e-01  2.03531241e+00 -6.79811239e-01
  2.00874996e+00 -7.07073331e-01  1.96241772e+00 -7.50000000e-01  1.92906249e+00
 -7.78315485e-01  1.90000916e+00 -8.00000012e-01  1.84937501e+00 -8.34595740e-01
  1.82278323e+00 -8.50000024e-01  1.76968753e+00 -8.78426909e-01  1.71829927e+00
 -8.99999976e-01  1.69000006e+00 -9.10946548e-01  1.63687503e+00 -9.27636087e-01
  1.58375001e+00 -9.39644217e-01  1.53062499e+00 -9.47249889e-01  1.48669422e+00
 -9.49999988e-01  1.45878899e+00 -9.49999988e-01  1.42437506e+00 -9.47854698e-01
  1.37125003e+00 -9.38140392e-01  1.31812501e+00 -9.17141318e-01  1.29156256e+00
 -8.99686277e-01  1.23994136e+00 -8.50000024e-01  1.21187496e+00 -8.10615063e-01
  1.18531251e+00 -7.60268033e-01  1.16115558e+00 -6.99999988e-01  1.14429712e+00
 -6.49999976e-01  1.12969565e+00 -6.00000024e-01  1.10562503e+00 -5.00435770e-01
  1.09526372e+00 -4.49999988e-01  1.07906246e+00 -3.61680508e-01  1.06942320e+00
 -3.00000012e-01  1.05756640e+00 -2.00000003e-01  1.05250001e+00 -1.39685541e-01
  1.04758668e+00 -5.00000007e-02  1.04677522e+00  0.00000000e+00
  1.01600003e+00  0.00000000e+00  1.01600003e+00  9.63999987e-01  1.01800001e+00
  9.67999995e-01  1.01800001e+00  1.00100005e+00  1.01800001e+00  1.01900005e+00
  1.01800001e+00  1.07700002e+00  1.01800001e+00  1.07000005e+00  1.01800001e+00
  1.09599996e+00  1.01800001e+00  1.11300004e+00  1.01800001e+00  1.13800001e+00
  1.01600003e+00  1.14699996e+00  1.01199996e+00  1.16499996e+00  1.00100005e+00
  1.21700001e+00  1.02900004e+00  1.21700001e+00  1.04200006e+00  1.16240001e+00
  1.04600000e+00  1.16237998e+00  1.05599999e+00  1.16260004e+00  1.09700000e+00
  1.16450000e+00  1.10800004e+00  1.16594005e+00  1.11600006e+00  1.16591001e+00
  1.13399994e+00  1.16895998e+00  1.14800000e+00  1.17174995e+00  1.16199994e+00
  1.17556000e+00  1.18099999e+00  1.18299997e+00  1.18200004e+00  1.18350005e+00
  1.18499994e+00  1.18499994e+00  1.19000006e+00  1.18799996e+00  1.19500005e+00
  1.19099998e+00  1.20099998e+00  1.19599998e+00  1.20899999e+00  1.20200002e+00
  1.21500003e+00  1.20799994e+00  1.22200000e+00  1.21399999e+00  1.22800004e+00
  1.22099996e+00  1.23399997e+00  1.23099995e+00  1.23899996e+00  1.23800004e+00
  1.24199998e+00  1.24399996e+00  1.24800003e+00  1.25399995e+00  1.25800002e+00
  1.27800000e+00  1.26300001e+00  1.28999996e+00  1.27999997e+00  1.33099997e+00
  1.27999997e+00  1.34700000e+00  1.27999997e+00  1.34800005e+00  1.30999994e+00
  1.34800005e+00  1.32799995e+00  1.34800005e+00  1.36099994e+00  1.34800005e+00
  1.38000000e+00  1.34800005e+00  1.41900003e+00  1.34800005e+00  1.41900003e+00
  1.30999994e+00  1.37199998e+00  1.30999994e+00  1.37199998e+00  1.29200006e+00
  1.60800004e+00  1.09500003e+00  1.64699996e+00  1.07700002e+00  1.78499997e+00
  1.07700002e+00  2.06999993e+00  1.03999996e+00  2.12800002e+00  9.92999971e-01
  2.24499989e+00  7.08999991e-01  2.32299995e+00  5.18999994e-01  2.37700009e+00
  3.88999999e-01  2.35200000e+00  4.00000006e-01  2.35100007e+00  3.37000012e-01
  2.35100007e+00  2.04999998e-01  2.35400009e+00  6.80000037e-02  2.35400009e+00
  0.00000000e+00  2.35400009e+00 -6.80000037e-02  2.35299993e+00 -2.04999998e-01
  2.35100007e+00 -3.37000012e-01  2.35299993e+00 -4.00000006e-01  2.37700009e+00
 -3.88999999e-01  2.13400006e+00 -9.72999990e-01  1.78600001e+00 -1.17400002e+00
  1.76800001e+00 -1.21099997e+00  1.76800001e+00 -1.25399995e+00  1.68200004e+00
 -1.25399995e+00  1.67400002e+00 -1.26199996e+00  1.67400002e+00 -1.32900000e+00
  1.68099999e+00 -1.33899999e+00  1.75399995e+00 -1.33899999e+00  1.75399995e+00
 -1.36800003e+00  1.68900001e+00 -1.36800003e+00  1.68900001e+00 -1.36600006e+00
  1.55499995e+00 -1.36600006e+00  1.41199994e+00 -1.36600006e+00  1.27300000e+00
 -1.36600006e+00  1.15300000e+00 -1.36600006e+00  1.01600003e+00 -1.22899997e+00
  1.01600003e+00 -8.00000012e-01  1.01600003e+00 -4.14999992e-01  1.01600003e+00
 -4.00000006e-01  1.01600003e+00  0.00000000e+00
    0 0.000000000e+00    0
  0.00000000e+00  1.20222077e-01  1.71031505e-01  2.08977401e-01  2.42449969e-01
  2.72013158e-01  2.98598766e-01  3.22989911e-01  3.45547050e-01  3.66679162e-01
  3.86367202e-01  4.05095339e-01  4.22774613e-01  4.39587861e-01  4.55680817e-01
  4.71129298e-01  4.85849142e-01  5.00090659e-01  5.13911247e-01  5.27131498e-01
  5.40002227e-01  5.52519023e-01  5.64702451e-01  5.76550961e-01  5.88119924e-01
  5.99407256e-01  6.10532522e-01  6.21433318e-01  6.32089317e-01  6.42569900e-01
  6.52919292e-01  6.63152695e-01  6.73204482e-01  6.83133125e-01  6.92973375e-01
  7.02695727e-01  7.12353587e-01  7.21932650e-01  7.31426120e-01  7.40873218e-01
  7.50260711e-01  7.59613693e-01  7.68965960e-01  7.78264463e-01  7.87561536e-01
  7.96866059e-01  8.06184351e-01  8.15530658e-01  8.24900806e-01  8.34333956e-01
  8.43816340e-01  8.53393674e-01  8.63058567e-01  8.72834682e-01  8.82762432e-01
  8.92804205e-01  9.03075039e-01  9.13564861e-01  9.24303174e-01  9.35346067e-01
  9.46725905e-01  9.58637774e-01  9.71117556e-01  9.84535396e-01  1.00000000e+00
    0
