   EFIT?   05/12/98      #102940   884             3  65  65
  1.70000005e+00  3.20000005e+00  1.69550002e+00  8.39999974e-01  0.00000000e+00
  1.75427151e+00  1.10173607e-02 -2.86792725e-01 -7.50817508e-02 -2.00478721e+00
  1.25395412e+06 -2.86792725e-01  0.00000000e+00  1.75427151e+00  0.00000000e+00
  1.10173607e-02  0.00000000e+00 -7.50817508e-02  0.00000000e+00  0.00000000e+00
 -3.44077706e+00 -3.44497371e+00 -3.44845676e+00 -3.45128965e+00 -3.45352912e+00
 -3.45522809e+00 -3.45643425e+00 -3.45719147e+00 -3.45754051e+00 -3.45751882e+00
 -3.45716071e+00 -3.45649886e+00 -3.45556355e+00 -3.45438290e+00 -3.45298433e+00
 -3.45139313e+00 -3.44963455e+00 -3.44773245e+00 -3.44570994e+00 -3.44359040e+00
 -3.44139671e+00 -3.43915105e+00 -3.43687320e+00 -3.43458200e+00 -3.43229389e+00
 -3.43002391e+00 -3.42778563e+00 -3.42559147e+00 -3.42345190e+00 -3.42137694e+00
 -3.41937518e+00 -3.41745424e+00 -3.41562080e+00 -3.41388059e+00 -3.41223836e+00
 -3.41069841e+00 -3.40926385e+00 -3.40793705e+00 -3.40671992e+00 -3.40561318e+00
 -3.40461731e+00 -3.40373182e+00 -3.40295553e+00 -3.40228629e+00 -3.40172124e+00
 -3.40125704e+00 -3.40088916e+00 -3.40061235e+00 -3.40042043e+00 -3.40030646e+00
 -3.40026188e+00 -3.40027785e+00 -3.40034366e+00 -3.40044761e+00 -3.40057683e+00
 -3.40071654e+00 -3.40085053e+00 -3.40096092e+00 -3.40102792e+00 -3.40102935e+00
 -3.40094161e+00 -3.40073729e+00 -3.40038729e+00 -3.39985919e+00 -3.39911675e+00
  4.06369414e+04  3.56190078e+04  3.11805020e+04  2.72777285e+04  2.38691543e+04
  2.09153105e+04  1.83787168e+04  1.62237861e+04  1.44167578e+04  1.29256133e+04
  1.17200166e+04  1.07712373e+04  1.00520947e+04  9.53689453e+03  9.20137207e+03
  9.02264355e+03  8.97914844e+03  9.05060840e+03  9.21798047e+03  9.46341406e+03
  9.77021387e+03  1.01227998e+04  1.05066787e+04  1.09084062e+04  1.13155596e+04
  1.17167129e+04  1.21014072e+04  1.24601318e+04  1.27843018e+04  1.30662354e+04
  1.32991465e+04  1.34771182e+04  1.35951006e+04  1.36488896e+04  1.36351270e+04
  1.35512852e+04  1.33956689e+04  1.31674053e+04  1.28664443e+04  1.24935596e+04
  1.20503506e+04  1.15392422e+04  1.09634941e+04  1.03272080e+04  9.63533301e+03
  8.89367871e+03  8.10892920e+03  7.28865625e+03  6.44133643e+03  5.57636816e+03
  4.70409521e+03  3.83582715e+03  2.98386523e+03  2.16152930e+03  1.38318689e+03
  6.64284607e+02  2.13826942e+01 -5.27809143e+02 -9.64392578e+02 -1.26823901e+03
 -1.41794580e+03 -1.39078857e+03 -1.16267188e+03 -7.08075745e+02  0.00000000e+00
  4.75355196e+00  3.98194718e+00  3.27655125e+00  2.63186479e+00  2.04292130e+00
  1.50524509e+00  1.01481152e+00  5.68011284e-01  1.61618859e-01 -2.07235828e-01
 -5.41092694e-01 -8.42183948e-01 -1.11245334e+00 -1.35357380e+00 -1.56696177e+00
 -1.75378978e+00 -1.91499662e+00 -2.05129600e+00 -2.16318250e+00 -2.25093555e+00
 -2.31483245e+00 -2.35649109e+00 -2.37802768e+00 -2.38138556e+00 -2.36834764e+00
 -2.34055305e+00 -2.29951048e+00 -2.24661279e+00 -2.18314815e+00 -2.11031175e+00
 -2.02921700e+00 -1.94090378e+00 -1.84634900e+00 -1.74647462e+00 -1.64215577e+00
 -1.53422832e+00 -1.42349660e+00 -1.31074023e+00 -1.19672108e+00 -1.08218980e+00
 -9.67892647e-01 -8.54577780e-01 -7.43002176e-01 -6.33937955e-01 -5.28179467e-01
 -4.26549971e-01 -3.29909265e-01 -2.39160806e-01 -1.55260012e-01 -7.92225003e-02
 -1.21330107e-02  4.48449701e-02  9.04590413e-02  1.23356849e-01  1.42074183e-01
  1.45022109e-01  1.30473018e-01  9.65453759e-02  4.11872230e-02 -3.78419086e-02
 -1.42990664e-01 -2.76937455e-01 -4.42613930e-01 -6.43230915e-01 -8.82306397e-01
 -1.60788150e+06 -1.42595000e+06 -1.25756088e+06 -1.10204712e+06 -9.58769750e+05
 -8.27117000e+05 -7.06502375e+05 -5.96363750e+05 -4.96162125e+05 -4.05380125e+05
 -3.23521250e+05 -2.50108547e+05 -1.84683594e+05 -1.26805578e+05 -7.60502422e+04
 -3.20089902e+04  5.71201465e+03  3.74927266e+04  6.37000430e+04  8.46886094e+04
  1.00801609e+05  1.12371508e+05  1.19720773e+05  1.23162625e+05  1.23001672e+05
  1.19534617e+05  1.13050891e+05  1.03833297e+05  9.21586328e+04  7.82982969e+04
  6.25188789e+04  4.50827539e+04  2.62486602e+04  6.27225781e+03 -1.45933027e+04
 -3.60968242e+04 -5.79885078e+04 -8.00194141e+04 -1.01940906e+05 -1.23504102e+05
 -1.44459344e+05 -1.64555641e+05 -1.83540078e+05 -2.01157344e+05 -2.17149094e+05
 -2.31253422e+05 -2.43204266e+05 -2.52730859e+05 -2.59557062e+05 -2.63400812e+05
 -2.63973531e+05 -2.60979422e+05 -2.54114844e+05 -2.43067656e+05 -2.27516516e+05
 -2.07130219e+05 -1.81566891e+05 -1.50473312e+05 -1.13484078e+05 -7.02208594e+04
 -2.02915234e+04  3.67107109e+04  1.01208172e+05  1.73639656e+05  2.54461406e+05
 -3.20296027e-02 -3.90980057e-02 -4.66605127e-02 -5.46636544e-02 -6.29490986e-02
 -7.12390989e-02 -7.89105147e-02 -8.57292339e-02 -9.38882530e-02 -8.09764862e-02
 -7.38319904e-02 -6.88944831e-02 -6.63122386e-02 -6.22445866e-02 -5.49451001e-02
 -5.07159606e-02 -4.42788638e-02 -3.48375402e-02 -2.82720551e-02 -1.80664118e-02
 -4.37434018e-03  8.07219651e-03  2.01118719e-02  3.22290435e-02  4.47864197e-02
  5.81276827e-02  7.26480484e-02  8.88700932e-02  1.07549988e-01  1.29582629e-01
  1.50269046e-01  1.61475375e-01  1.72010183e-01  1.72837630e-01  1.72945261e-01
  1.61973059e-01  1.50039926e-01  1.41252354e-01  1.34783164e-01  1.29981697e-01
  1.26431629e-01  1.23857491e-01  1.22067802e-01  1.20922275e-01  1.20312847e-01
  1.20152496e-01  1.20368429e-01  1.20897643e-01  1.21684074e-01  1.22676603e-01
  1.23827778e-01  1.25093073e-01  1.26430571e-01  1.27800882e-01  1.29167467e-01
  1.30496964e-01  1.31759793e-01  1.32930592e-01  1.33988708e-01  1.34918436e-01
  1.35709047e-01  1.36354730e-01  1.36854157e-01  1.37209892e-01  1.37427837e-01
 -3.90798673e-02 -4.76903506e-02 -5.73119037e-02 -6.80830777e-02 -7.97358006e-02
 -9.15005356e-02 -1.05833970e-01 -1.05544984e-01 -1.04450494e-01 -9.24486071e-02
 -8.23895261e-02 -7.48592019e-02 -6.90166727e-02 -6.31085187e-02 -5.65399453e-02
 -5.04507311e-02 -4.34769616e-02 -3.53578888e-02 -2.72692479e-02 -1.76457688e-02
 -6.41799159e-03  4.99077328e-03  1.65237319e-02  2.83680633e-02  4.07615118e-02
  5.39860576e-02  6.83975890e-02  8.44837427e-02  1.02967530e-01  1.24821909e-01
  1.45731181e-01  1.56404227e-01  1.67471960e-01  1.67922050e-01  1.68826222e-01
  1.57752976e-01  1.46261603e-01  1.37943506e-01  1.31904915e-01  1.27517357e-01
  1.24379903e-01  1.22224025e-01  1.20861024e-01  1.20151930e-01  1.19989589e-01
  1.20287471e-01  1.20972566e-01  1.21980727e-01  1.23253562e-01  1.24736361e-01
  1.26376763e-01  1.28124118e-01  1.29929259e-01  1.31744847e-01  1.33525968e-01
  1.35231182e-01  1.36823550e-01  1.38271764e-01  1.39550999e-01  1.40643552e-01
  1.41539052e-01  1.42234117e-01  1.42731726e-01  1.43040270e-01  1.43172249e-01
 -4.41563092e-02 -5.36745638e-02 -6.46836758e-02 -7.79180601e-02 -9.45546329e-02
 -1.04141921e-01 -1.09833665e-01 -1.06455088e-01 -1.00166865e-01 -9.06454995e-02
 -8.17185715e-02 -7.40413666e-02 -6.71840757e-02 -6.06952906e-02 -5.42558096e-02
 -4.76656593e-02 -4.07318100e-02 -3.33191641e-02 -2.53487192e-02 -1.67274773e-02
 -7.45518273e-03  2.35872366e-03  1.26364678e-02  2.33869385e-02  3.46852951e-02
  4.66482341e-02  5.94168939e-02  7.31357187e-02  8.78899843e-02  1.03379972e-01
  1.17437430e-01  1.27841651e-01  1.35509312e-01  1.39050573e-01  1.39691949e-01
  1.36194110e-01  1.31155863e-01  1.26717210e-01  1.23211451e-01  1.20611854e-01
  1.18828446e-01  1.17764927e-01  1.17332801e-01  1.17453940e-01  1.18059412e-01
  1.19087294e-01  1.20480396e-01  1.22184232e-01  1.24145389e-01  1.26310214e-01
  1.28623962e-01  1.31030485e-01  1.33472413e-01  1.35892048e-01  1.38232812e-01
  1.40441239e-01  1.42469227e-01  1.44276366e-01  1.45831764e-01  1.47115409e-01
  1.48118466e-01  1.48842797e-01  1.49299666e-01  1.49507746e-01  1.49490997e-01
 -4.66547646e-02 -5.58099858e-02 -6.60990030e-02 -7.80723393e-02 -9.17508453e-02
 -9.75493193e-02 -9.71290618e-02 -9.32841823e-02 -8.77306089e-02 -8.18182677e-02
 -7.57479966e-02 -6.97111934e-02 -6.37653321e-02 -5.78539111e-02 -5.18754609e-02
 -4.57233265e-02 -3.93005200e-02 -3.25271636e-02 -2.53442060e-02 -1.77155882e-02
 -9.63155832e-03 -1.10346696e-03  7.85233453e-03  1.72276124e-02  2.70228758e-02
  3.72359678e-02  4.78393212e-02  5.87412454e-02  6.97234944e-02  8.03692117e-02
  9.00832564e-02  9.83115509e-02  1.04711808e-01  1.09138869e-01  1.11656561e-01
  1.12554245e-01  1.12380467e-01  1.11750156e-01  1.11109503e-01  1.10709861e-01
  1.10673599e-01  1.11050755e-01  1.11852549e-01  1.13069281e-01  1.14679575e-01
  1.16654865e-01  1.18961282e-01  1.21560164e-01  1.24407761e-01  1.27454624e-01
  1.30645007e-01  1.33916542e-01  1.37200698e-01  1.40424147e-01  1.43511459e-01
  1.46388859e-01  1.48988977e-01  1.51255488e-01  1.53147191e-01  1.54640704e-01
  1.55731171e-01  1.56431183e-01  1.56767800e-01  1.56778514e-01  1.56506941e-01
 -4.74321879e-02 -5.52635416e-02 -6.31069317e-02 -7.08884969e-02 -7.78655112e-02
 -8.11911672e-02 -8.10648501e-02 -7.93684274e-02 -7.65653551e-02 -7.29777217e-02
 -6.88674748e-02 -6.44097179e-02 -5.97034246e-02 -5.47871627e-02 -4.96583916e-02
 -4.42917645e-02 -3.86529751e-02 -3.27081420e-02 -2.64298171e-02 -1.98005103e-02
 -1.28140775e-02 -5.47492877e-03  2.20399443e-03  1.02021806e-02  1.84891522e-02
  2.70175226e-02  3.57115902e-02  4.44531217e-02  5.30693531e-02  6.13337532e-02
  6.89913854e-02  7.58065283e-02  8.16101581e-02  8.63295570e-02  9.00006369e-02
  9.27647874e-02  9.48446319e-02  9.64962989e-02  9.79578197e-02  9.94188190e-02
  1.01014987e-01  1.02836154e-01  1.04937613e-01  1.07349791e-01  1.10085331e-01
  1.13143533e-01  1.16512828e-01  1.20171711e-01  1.24088563e-01  1.28220573e-01
  1.32512242e-01  1.36893928e-01  1.41281009e-01  1.45575061e-01  1.49667740e-01
  1.53447881e-01  1.56811252e-01  1.59670949e-01  1.61966190e-01  1.63668022e-01
  1.64780945e-01  1.65339932e-01  1.65403709e-01  1.65045455e-01  1.64343506e-01
 -4.88771722e-02 -5.56710362e-02 -6.08138107e-02 -6.46633953e-02 -6.75575659e-02
 -6.93220571e-02 -6.98392093e-02 -6.92408457e-02 -6.77375197e-02 -6.55194819e-02
 -6.27414212e-02 -5.95208779e-02 -5.59393726e-02 -5.20467348e-02 -4.78677452e-02
 -4.34097126e-02 -3.86696272e-02 -3.36401612e-02 -2.83142459e-02 -2.26883572e-02
 -1.67646036e-02 -1.05520049e-02 -4.06743353e-03  2.66310642e-03  9.60233528e-03
  1.66985374e-02  2.38819197e-02  3.10618412e-02  3.81271355e-02  4.49519232e-02
  5.14080524e-02  5.73823377e-02  6.27941713e-02  6.76088482e-02  7.18436167e-02
  7.55652711e-02  7.88794532e-02  8.19138438e-02  8.48001614e-02  8.76598582e-02
  9.05960053e-02  9.36908871e-02  9.70070213e-02  1.00589782e-01  1.04470074e-01
  1.08666494e-01  1.13186516e-01  1.18026562e-01  1.23170823e-01  1.28588706e-01
  1.34230793e-01  1.40023515e-01  1.45863503e-01  1.51613817e-01  1.57106608e-01
  1.62156194e-01  1.66582182e-01  1.70234576e-01  1.73013046e-01  1.74878433e-01
  1.75856516e-01  1.76032290e-01  1.75532952e-01  1.74503520e-01  1.73084885e-01
 -5.38633391e-02 -6.26223236e-02 -6.17803670e-02 -6.12299889e-02 -6.18765019e-02
 -6.24354184e-02 -6.25660270e-02 -6.21609464e-02 -6.12147786e-02 -5.97670078e-02
 -5.78714125e-02 -5.55804409e-02 -5.29378243e-02 -4.99760397e-02 -4.67166230e-02
 -4.31721620e-02 -3.93490084e-02 -3.52501571e-02 -3.08778584e-02 -2.62358468e-02
 -2.13311203e-02 -1.61753688e-02 -1.07861925e-02 -5.18825790e-03  5.85539208e-04
  6.49301708e-03  1.24821002e-02  1.84912253e-02  2.44514309e-02  3.02905682e-02
  3.59396189e-02  4.13402431e-02  4.64521796e-02  5.12589291e-02  5.57704121e-02
  6.00221232e-02  6.40708581e-02  6.79881051e-02  7.18525574e-02  7.57432804e-02
  7.97346905e-02  8.38935375e-02  8.82776678e-02  9.29360315e-02  9.79092196e-02
  1.03230186e-01  1.08924523e-01  1.15010053e-01  1.21495210e-01  1.28375337e-01
  1.35626063e-01  1.43191919e-01  1.50968507e-01  1.58777922e-01  1.66346028e-01
  1.73316255e-01  1.79330438e-01  1.84109122e-01  1.87476829e-01  1.89369991e-01
  1.89852819e-01  1.89128742e-01  1.87497735e-01  1.85263589e-01  1.82675526e-01
 -4.73420583e-02 -5.28506711e-02 -5.57190925e-02 -5.67922629e-02 -5.71999922e-02
 -5.73579520e-02 -5.73011078e-02 -5.69849424e-02 -5.63723370e-02 -5.54466844e-02
 -5.42072207e-02 -5.26619963e-02 -5.08223400e-02 -4.86993119e-02 -4.63019907e-02
 -4.36370261e-02 -4.07090969e-02 -3.75218242e-02 -3.40788998e-02 -3.03852782e-02
 -2.64482424e-02 -2.22783759e-02 -1.78903844e-02 -1.33037623e-02 -8.54326319e-03
 -3.63907311e-03  1.37348194e-03  6.45488081e-03  1.15631754e-02  1.66566186e-02
  2.16970108e-02  2.66533606e-02  3.15053277e-02  3.62458304e-02  4.08823714e-02
  4.54368182e-02  4.99437451e-02  5.44476658e-02  5.89997619e-02  6.36546239e-02
  6.84675649e-02  7.34926835e-02  7.87818357e-02  8.43842849e-02  9.03469697e-02
  9.67151150e-02  1.03532955e-01  1.10844374e-01  1.18692994e-01  1.27121091e-01
  1.36165798e-01  1.45849422e-01  1.56156391e-01  1.66982472e-01  1.78018853e-01
  1.88276708e-01  1.96822956e-01  2.03292713e-01  2.07434341e-01  2.09108815e-01
  2.08282739e-01  2.05360353e-01  2.01428890e-01  1.97086796e-01  1.92689568e-01
 -4.89313789e-02 -5.65018281e-02 -5.50263599e-02 -5.33985123e-02 -5.30729331e-02
 -5.30084968e-02 -5.29678091e-02 -5.28493673e-02 -5.25917709e-02 -5.21542691e-02
 -5.15104458e-02 -5.06441109e-02 -4.95459177e-02 -4.82106917e-02 -4.66355868e-02
 -4.48189937e-02 -4.27600518e-02 -4.04586308e-02 -3.79156247e-02 -3.51333730e-02
 -3.21161859e-02 -2.88708154e-02 -2.54068878e-02 -2.17371825e-02 -1.78777482e-02
 -1.38477739e-02 -9.66914091e-03 -5.36561431e-03 -9.61625425e-04  3.51931760e-03
  8.05647392e-03  1.26337931e-02  1.72416735e-02  2.18783189e-02  2.65504979e-02
  3.12736109e-02  3.60711068e-02  4.09733690e-02  4.60163243e-02  5.12399822e-02
  5.66872172e-02  6.24028854e-02  6.84334338e-02  7.48270452e-02  8.16343874e-02
  8.89098793e-02  9.67136770e-02  1.05114467e-01  1.14193268e-01  1.24048859e-01
  1.34805664e-01  1.46625772e-01  1.59727916e-01  1.74410105e-01  1.90922156e-01
  2.07388088e-01  2.18583435e-01  2.28122666e-01  2.33162224e-01  2.34432474e-01
  2.32609123e-01  2.24686310e-01  2.16310084e-01  2.08721161e-01  2.01931462e-01
 -4.03734632e-02 -4.53195684e-02 -4.76234592e-02 -4.82641198e-02 -4.84712049e-02
 -4.86833379e-02 -4.89478782e-02 -4.92184125e-02 -4.94385771e-02 -4.95605394e-02
 -4.95473929e-02 -4.93717268e-02 -4.90134582e-02 -4.84578274e-02 -4.76938076e-02
 -4.67129722e-02 -4.55087721e-02 -4.40761968e-02 -4.24116701e-02 -4.05131206e-02
 -3.83801833e-02 -3.60143930e-02 -3.34193408e-02 -3.06007694e-02 -2.75665335e-02
 -2.43264288e-02 -2.08918136e-02 -1.72750559e-02 -1.34887630e-02 -9.54483170e-03
 -5.45340404e-03 -1.22178218e-03  3.14655877e-03  7.65277445e-03  1.23031745e-02
  1.71094313e-02  2.20884718e-02  2.72621382e-02  3.26566957e-02  3.83023173e-02
  4.42326888e-02  5.04848287e-02  5.70992529e-02  6.41205683e-02  7.15986341e-02
  7.95903951e-02  8.81626606e-02  9.73962322e-02  1.07391983e-01  1.18280083e-01
  1.30234554e-01  1.43497288e-01  1.58419535e-01  1.75532803e-01  1.95558831e-01
  2.17152461e-01  2.32075319e-01  2.43910864e-01  2.50999957e-01  2.52312362e-01
  2.50693053e-01  2.40395054e-01  2.27987215e-01  2.17218593e-01  2.08232716e-01
 -3.79982702e-02 -4.42312583e-02 -4.42373492e-02 -4.33113873e-02 -4.35092337e-02
 -4.41324897e-02 -4.49379459e-02 -4.58074734e-02 -4.66672517e-02 -4.74654175e-02
 -4.81635444e-02 -4.87323180e-02 -4.91488539e-02 -4.93948497e-02 -4.94552627e-02
 -4.93174046e-02 -4.89703082e-02 -4.84043770e-02 -4.76112477e-02 -4.65838201e-02
 -4.53163609e-02 -4.38046455e-02 -4.20459919e-02 -4.00392599e-02 -3.77848111e-02
 -3.52843739e-02 -3.25408354e-02 -2.95579210e-02 -2.63397787e-02 -2.28904467e-02
 -1.92132555e-02 -1.53101906e-02 -1.11812828e-02 -6.82404079e-03 -2.23302725e-03
  2.60042818e-03  7.68835843e-03  1.30461808e-02  1.86926536e-02  2.46498231e-02
  3.09430528e-02  3.76011766e-02  4.46568951e-02  5.21475002e-02  6.01159707e-02
  6.86126724e-02  7.76977614e-02  8.74446034e-02  9.79445875e-02  1.09313890e-01
  1.21702768e-01  1.35307923e-01  1.50387093e-01  1.67274311e-01  1.86415255e-01
  2.08460763e-01  2.28787944e-01  2.39608526e-01  2.50746310e-01  2.51944065e-01
  2.51762569e-01  2.45131597e-01  2.31312737e-01  2.19039083e-01  2.09140778e-01
 -2.73217354e-02 -3.18245739e-02 -3.43799219e-02 -3.59491184e-02 -3.74829285e-02
 -3.91291343e-02 -4.08340693e-02 -4.25412767e-02 -4.42087203e-02 -4.58043590e-02
 -4.73023541e-02 -4.86809090e-02 -4.99210358e-02 -5.10057248e-02 -5.19193299e-02
 -5.26471622e-02 -5.31751327e-02 -5.34895957e-02 -5.35773411e-02 -5.34257889e-02
 -5.30235209e-02 -5.23604080e-02 -5.14275283e-02 -5.02171181e-02 -4.87225242e-02
 -4.69382145e-02 -4.48597670e-02 -4.24838252e-02 -3.98079641e-02 -3.68304849e-02
 -3.35501395e-02 -2.99657509e-02 -2.60757562e-02 -2.18777247e-02 -1.73678920e-02
 -1.25408387e-02 -7.38925859e-03 -1.90375233e-03  3.92735237e-03  1.01181464e-02
  1.66853089e-02  2.36483421e-02  3.10299117e-02  3.88563313e-02  4.71582524e-02
  5.59715554e-02  6.53385371e-02  7.53093511e-02  8.59437138e-02  9.73126814e-02
  1.09500200e-01  1.22603767e-01  1.36733308e-01  1.52008414e-01  1.68564513e-01
  1.86685935e-01  2.07818717e-01  2.20055565e-01  2.27658719e-01  2.36672774e-01
  2.32536763e-01  2.34829426e-01  2.22512931e-01  2.11239889e-01  2.03002453e-01
 -1.69486534e-02 -2.06528548e-02 -2.44082641e-02 -2.79491600e-02 -3.11524607e-02
 -3.41102779e-02 -3.69077101e-02 -3.95863727e-02 -4.21607792e-02 -4.46315706e-02
 -4.69924100e-02 -4.92332466e-02 -5.13419248e-02 -5.33049181e-02 -5.51076494e-02
 -5.67345992e-02 -5.81692569e-02 -5.93939796e-02 -6.03899732e-02 -6.11374192e-02
 -6.16188385e-02 -6.18184730e-02 -6.17215000e-02 -6.13136776e-02 -6.05814010e-02
 -5.95119707e-02 -5.80939092e-02 -5.63172661e-02 -5.41738272e-02 -5.16572446e-02
 -4.87630367e-02 -4.54884432e-02 -4.18320261e-02 -3.77929881e-02 -3.33702527e-02
 -2.85623651e-02 -2.33673211e-02 -1.77822132e-02 -1.18028093e-02 -5.42340381e-03
  1.36334321e-03  8.56657140e-03  1.61973666e-02  2.42688805e-02  3.27964239e-02
  4.17974889e-02  5.12916148e-02  6.12999201e-02  7.18440488e-02  8.29440653e-02
  9.46144387e-02  1.06856830e-01  1.19647168e-01  1.32911861e-01  1.46479517e-01
  1.59968510e-01  1.72576293e-01  1.83202386e-01  1.91361621e-01  1.96917191e-01
  1.99756250e-01  2.00121507e-01  1.98202282e-01  1.94869474e-01  1.91182658e-01
 -8.76103342e-03 -1.19481916e-02 -1.68341473e-02 -2.16434896e-02 -2.59098243e-02
 -2.98709143e-02 -3.36257890e-02 -3.72257717e-02 -4.06982861e-02 -4.40561511e-02
 -4.73027006e-02 -5.04348762e-02 -5.34451082e-02 -5.63223921e-02 -5.90529442e-02
 -6.16206042e-02 -6.40069544e-02 -6.61903918e-02 -6.81459904e-02 -6.98349997e-02
 -7.12360814e-02 -7.23308548e-02 -7.30998591e-02 -7.35222399e-02 -7.35765547e-02
 -7.32418746e-02 -7.24987164e-02 -7.13298619e-02 -6.97210059e-02 -6.76612183e-02
 -6.51434436e-02 -6.21647984e-02 -5.87264858e-02 -5.48325181e-02 -5.04848547e-02
 -4.56865355e-02 -4.04420644e-02 -3.47563773e-02 -2.86331531e-02 -2.20755041e-02
 -1.50859337e-02 -7.66607840e-03  1.83203418e-04  8.46160762e-03  1.71690248e-02
  2.63049416e-02  3.58674899e-02  4.58519459e-02  5.62484041e-02  6.70382753e-02
  7.81889185e-02  8.96457434e-02  1.01320609e-01  1.13075465e-01  1.24701902e-01
  1.35904416e-01  1.46311909e-01  1.55545413e-01  1.63310215e-01  1.69436768e-01
  1.73882172e-01  1.76729843e-01  1.78187072e-01  1.78570315e-01  1.78232133e-01
 -4.61330963e-03 -8.18534475e-03 -1.25227263e-02 -1.72655266e-02 -2.20281631e-02
 -2.66803484e-02 -3.12078185e-02 -3.56222019e-02 -3.99358235e-02 -4.41562459e-02
 -4.82857190e-02 -5.23217060e-02 -5.62573858e-02 -6.00819886e-02 -6.37810752e-02
 -6.73374087e-02 -7.07338303e-02 -7.39450902e-02 -7.69768134e-02 -7.96609446e-02
 -8.20241868e-02 -8.40599537e-02 -8.57452899e-02 -8.70497078e-02 -8.79401937e-02
 -8.83842260e-02 -8.83516595e-02 -8.78159627e-02 -8.67550522e-02 -8.51521194e-02
 -8.29966292e-02 -8.02860260e-02 -7.70288929e-02 -7.32512996e-02 -6.89470321e-02
 -6.41222894e-02 -5.87917939e-02 -5.29741645e-02 -4.66785841e-02 -3.99169698e-02
 -3.27026024e-02 -2.50475127e-02 -1.69637389e-02 -8.46380740e-03  4.38723888e-04
  9.72847641e-03  1.93870738e-02  2.93914974e-02  3.97118144e-02  5.03081530e-02
  6.11267723e-02  7.20952153e-02  8.31168294e-02  9.40655246e-02  1.04782999e-01
  1.15082026e-01  1.24759585e-01  1.33620024e-01  1.41501352e-01  1.48295805e-01
  1.53960600e-01  1.58520028e-01  1.62059173e-01  1.64708436e-01  1.66619316e-01
  1.05142524e-03 -2.14146636e-03 -7.95873813e-03 -1.37213022e-02 -1.91121120e-02
 -2.43923031e-02 -2.96074823e-02 -3.47685479e-02 -3.98786180e-02 -4.49378565e-02
 -4.99441810e-02 -5.48930801e-02 -5.97770140e-02 -6.45841956e-02 -6.92963079e-02
 -7.38847479e-02 -7.83624426e-02 -8.25632736e-02 -8.65235999e-02 -9.02193263e-02
 -9.36201066e-02 -9.66872573e-02 -9.93765593e-02 -1.01641864e-01 -1.03438064e-01
 -1.04723282e-01 -1.05460204e-01 -1.05616830e-01 -1.05166845e-01 -1.04089744e-01
 -1.02370977e-01 -1.00002162e-01 -9.69813839e-02 -9.33130383e-02 -8.90053734e-02
 -8.40785801e-02 -7.85742924e-02 -7.25718364e-02 -6.60424531e-02 -5.90119138e-02
 -5.15134819e-02 -4.35650758e-02 -3.51882130e-02 -2.64058467e-02 -1.72422659e-02
 -7.72379339e-03  2.12023826e-03  1.22561371e-02  2.26441734e-02  3.32365707e-02
  4.39752750e-02  5.47896735e-02  6.55947104e-02  7.62900785e-02  8.67612883e-02
  9.68836546e-02  1.06529459e-01  1.15577720e-01  1.23924620e-01  1.31492421e-01
  1.38235137e-01  1.44140080e-01  1.49225280e-01  1.53533310e-01  1.57122687e-01
  2.79052346e-03 -1.00432464e-03 -5.80046279e-03 -1.12624746e-02 -1.69924088e-02
 -2.28170436e-02 -2.86813118e-02 -3.45641971e-02 -4.04544286e-02 -4.63444665e-02
 -5.22286855e-02 -5.81024624e-02 -6.39615133e-02 -6.98006898e-02 -7.56105557e-02
 -8.11687037e-02 -8.65592286e-02 -9.17795002e-02 -9.68048722e-02 -1.01589918e-01
 -1.06078163e-01 -1.10208124e-01 -1.13917880e-01 -1.17148407e-01 -1.19845919e-01
 -1.21963196e-01 -1.23460136e-01 -1.24303758e-01 -1.24467798e-01 -1.23932108e-01
 -1.22682050e-01 -1.20707892e-01 -1.18004352e-01 -1.14570402e-01 -1.10409573e-01
 -1.05531886e-01 -9.99564007e-02 -9.37127173e-02 -8.68370757e-02 -7.94008225e-02
 -7.15377927e-02 -6.32043853e-02 -5.44393808e-02 -4.52764779e-02 -3.57483961e-02
 -2.58889608e-02 -1.57338735e-02 -5.32168895e-03  5.30500850e-03  1.60984136e-02
  2.70042792e-02  3.79608795e-02  4.88984361e-02  5.97393066e-02  7.03991503e-02
  8.07893053e-02  9.08202603e-02  1.00405835e-01  1.09467499e-01  1.17938004e-01
  1.25763893e-01  1.32906511e-01  1.39341682e-01  1.45058423e-01  1.50057316e-01
  7.62986299e-03  4.15507378e-03 -2.28489959e-03 -8.83857440e-03 -1.52300391e-02
 -2.16975436e-02 -2.82527078e-02 -3.48789953e-02 -4.15607281e-02 -4.82871123e-02
 -5.50517663e-02 -6.18523210e-02 -6.86917678e-02 -7.55835772e-02 -8.22678730e-02
 -8.88236910e-02 -9.52741802e-02 -1.01596363e-01 -1.07738033e-01 -1.13629632e-01
 -1.19193807e-01 -1.24352545e-01 -1.29032105e-01 -1.33166164e-01 -1.36697441e-01
 -1.39578179e-01 -1.41769886e-01 -1.43242463e-01 -1.43973216e-01 -1.43945590e-01
 -1.43148124e-01 -1.41573459e-01 -1.39217421e-01 -1.36078566e-01 -1.32157892e-01
 -1.27459213e-01 -1.21990032e-01 -1.15763143e-01 -1.08799629e-01 -1.01135880e-01
 -9.28295478e-02 -8.39578807e-02 -7.46717826e-02 -6.50009587e-02 -5.49791045e-02
 -4.46448326e-02 -3.40367109e-02 -2.31940355e-02 -1.21580223e-02 -9.72137612e-04
  1.03169074e-02  2.16584336e-02  3.29974666e-02  4.42748666e-02  5.54278605e-02
  6.63909912e-02  7.70972893e-02  8.74794871e-02  9.74710211e-02  1.07006647e-01
  1.16022594e-01  1.24456577e-01  1.32248089e-01  1.39339834e-01  1.45680606e-01
  9.12139751e-03  5.05600544e-03 -3.74602445e-04 -6.79312926e-03 -1.37150753e-02
 -2.08857134e-02 -2.82003935e-02 -3.56161855e-02 -4.31144536e-02 -5.06865010e-02
 -5.83274625e-02 -6.60327300e-02 -7.37949014e-02 -8.16006362e-02 -8.92795622e-02
 -9.68971550e-02 -1.04447730e-01 -1.11879945e-01 -1.19115561e-01 -1.26063541e-01
 -1.32630408e-01 -1.38727486e-01 -1.44275308e-01 -1.49206027e-01 -1.53463989e-01
 -1.57005325e-01 -1.59796670e-01 -1.61813676e-01 -1.63039252e-01 -1.63462058e-01
 -1.63075060e-01 -1.61874428e-01 -1.59858689e-01 -1.57027975e-01 -1.53383732e-01
 -1.48928359e-01 -1.43665269e-01 -1.37599409e-01 -1.30738601e-01 -1.23096377e-01
 -1.14696331e-01 -1.05578892e-01 -9.58135277e-02 -8.55046660e-02 -7.48435408e-02
 -6.38911501e-02 -5.26860878e-02 -4.12641726e-02 -2.96639055e-02 -1.79209132e-02
 -6.07173797e-03  5.84512483e-03  1.77890472e-02  2.97173206e-02  4.15852368e-02
  5.33460602e-02  6.49507418e-02  7.63471499e-02  8.74786377e-02  9.82817933e-02
  1.08683474e-01  1.18597716e-01  1.27923831e-01  1.36547938e-01  1.44350365e-01
  1.44300591e-02  1.07062040e-02  3.95531999e-03 -4.07841010e-03 -1.22020310e-02
 -2.03342624e-02 -2.85117440e-02 -3.67579348e-02 -4.50868756e-02 -5.35085388e-02
 -6.20303117e-02 -7.06553683e-02 -7.93763399e-02 -8.80186185e-02 -9.66653451e-02
 -1.05320185e-01 -1.13931246e-01 -1.22411668e-01 -1.30656615e-01 -1.38556525e-01
 -1.46006659e-01 -1.52913183e-01 -1.59196466e-01 -1.64792120e-01 -1.69650540e-01
 -1.73735350e-01 -1.77021176e-01 -1.79491416e-01 -1.81135908e-01 -1.81948945e-01
 -1.81927696e-01 -1.81071177e-01 -1.79379538e-01 -1.76853761e-01 -1.73495501e-01
 -1.69306993e-01 -1.64290860e-01 -1.58449918e-01 -1.51787162e-01 -1.44306272e-01
 -1.36013299e-01 -1.26920462e-01 -1.17053263e-01 -1.06461376e-01 -9.52360556e-02
 -8.35232362e-02 -7.15905130e-02 -5.94508946e-02 -4.71596867e-02 -3.47311422e-02
 -2.21879538e-02 -9.55581665e-03  3.13868443e-03  1.58688184e-02  2.86077913e-02
  4.13283184e-02  5.40016145e-02  6.65954724e-02  7.90710300e-02  9.13776159e-02
  1.03445061e-01  1.15173094e-01  1.26418814e-01  1.36986881e-01  1.46635696e-01
  1.81359202e-02  1.46215530e-02  6.76088780e-03 -2.43180641e-03 -1.14428252e-02
 -2.03835350e-02 -2.93410234e-02 -3.83619480e-02 -4.74775843e-02 -5.67136668e-02
 -6.60962388e-02 -7.56585002e-02 -8.51313993e-02 -9.46546718e-02 -1.04259990e-01
 -1.13904566e-01 -1.23497657e-01 -1.32922351e-01 -1.42052695e-01 -1.50766343e-01
 -1.58952877e-01 -1.66518599e-01 -1.73388407e-01 -1.79505676e-01 -1.84830472e-01
 -1.89337060e-01 -1.93010718e-01 -1.95844516e-01 -1.97836310e-01 -1.98986322e-01
 -1.99295297e-01 -1.98763505e-01 -1.97390422e-01 -1.95175022e-01 -1.92116290e-01
 -1.88213944e-01 -1.83468744e-01 -1.77882478e-01 -1.71457499e-01 -1.64195910e-01
 -1.56098947e-01 -1.47167444e-01 -1.37404487e-01 -1.26821548e-01 -1.15450017e-01
 -1.03358865e-01 -9.06800032e-02 -7.76256323e-02 -6.45934194e-02 -5.14000878e-02
 -3.80740091e-02 -2.46356763e-02 -1.11003723e-02  2.52070348e-03  1.62198748e-02
  2.99924985e-02  4.38361689e-02  5.77491708e-02  7.17274845e-02  8.57591927e-02
  9.98142734e-02  1.13826074e-01  1.27658308e-01  1.41045108e-01  1.53481632e-01
  1.79799646e-02  1.38180172e-02  6.58941315e-03 -2.33221613e-03 -1.16993086e-02
 -2.11924054e-02 -3.07715777e-02 -4.04514559e-02 -5.02556749e-02 -6.02076352e-02
 -7.03290403e-02 -8.06403235e-02 -9.09458622e-02 -1.01361483e-01 -1.11885197e-01
 -1.22439928e-01 -1.32905468e-01 -1.43142775e-01 -1.53011739e-01 -1.62383229e-01
 -1.71146318e-01 -1.79211855e-01 -1.86513186e-01 -1.93004891e-01 -1.98660046e-01
 -2.03466564e-01 -2.07422897e-01 -2.10533872e-01 -2.12806717e-01 -2.14248002e-01
 -2.14861542e-01 -2.14647382e-01 -2.13601932e-01 -2.11718827e-01 -2.08990470e-01
 -2.05409691e-01 -2.00971290e-01 -1.95673004e-01 -1.89515561e-01 -1.82501704e-01
 -1.74634442e-01 -1.65915072e-01 -1.56342000e-01 -1.45912036e-01 -1.34625882e-01
 -1.22500330e-01 -1.09589435e-01 -9.60158184e-02 -8.20138752e-02 -6.79556206e-02
 -5.37754260e-02 -3.94788943e-02 -2.50658710e-02 -1.05300257e-02  4.14167438e-03
  1.89696923e-02  3.39827873e-02  4.92189713e-02  6.47262633e-02  8.05628598e-02
  9.67957154e-02  1.13494582e-01  1.30710363e-01  1.48388058e-01  1.65775791e-01
  2.06563640e-02  1.70877855e-02  7.79287238e-03 -2.62624957e-03 -1.26499142e-02
 -2.26558745e-02 -3.27547267e-02 -4.29899246e-02 -5.33888750e-02 -6.39726445e-02
 -7.47555718e-02 -8.57386366e-02 -9.68122631e-02 -1.08043678e-01 -1.19388528e-01
 -1.30734950e-01 -1.41936615e-01 -1.52837127e-01 -1.63287073e-01 -1.73154861e-01
 -1.82332814e-01 -1.90739647e-01 -1.98320255e-01 -2.05043539e-01 -2.10898563e-01
 -2.15889722e-01 -2.20031157e-01 -2.23341078e-01 -2.25836888e-01 -2.27531493e-01
 -2.28430867e-01 -2.28533462e-01 -2.27830857e-01 -2.26309344e-01 -2.23951906e-01
 -2.20740795e-01 -2.16660276e-01 -2.11699143e-01 -2.05851927e-01 -1.99119106e-01
 -1.91505596e-01 -1.83017671e-01 -1.73659235e-01 -1.63428828e-01 -1.52319357e-01
 -1.40322909e-01 -1.27443686e-01 -1.13721877e-01 -9.92701352e-02 -8.43195617e-02
 -6.92669302e-02 -5.41142039e-02 -3.88469771e-02 -2.34430712e-02 -7.87104201e-03
  7.91173428e-03  2.39619520e-02  4.03544828e-02  5.71881458e-02  7.45940804e-02
  9.27487537e-02  1.11897126e-01  1.32406756e-01  1.54988438e-01  1.82870179e-01
  1.72717925e-02  1.25705330e-02  4.98917606e-03 -4.38620616e-03 -1.44146346e-02
 -2.47082468e-02 -3.51973996e-02 -4.58880588e-02 -5.68009466e-02 -6.79602921e-02
 -7.93966353e-02 -9.09145102e-02 -1.02642097e-01 -1.14573576e-01 -1.26613468e-01
 -1.38613924e-01 -1.50404677e-01 -1.61815315e-01 -1.72690436e-01 -1.82898998e-01
 -1.92339301e-01 -2.00940579e-01 -2.08662108e-01 -2.15490073e-01 -2.21432596e-01
 -2.26513341e-01 -2.30764315e-01 -2.34217554e-01 -2.36898810e-01 -2.38824382e-01
 -2.39999756e-01 -2.40419790e-01 -2.40069956e-01 -2.38928393e-01 -2.36968666e-01
 -2.34162703e-01 -2.30483741e-01 -2.25908935e-01 -2.20421463e-01 -2.14013308e-01
 -2.06686422e-01 -1.98450014e-01 -1.89315900e-01 -1.79292664e-01 -1.68380395e-01
 -1.56568825e-01 -1.43841863e-01 -1.30191863e-01 -1.15647577e-01 -1.00318082e-01
 -8.44514072e-02 -6.84951544e-02 -5.24526164e-02 -3.62905562e-02 -1.99652594e-02
 -3.42133292e-03  1.34125045e-02  3.06294113e-02  4.83525321e-02  6.67463019e-02
  8.60322118e-02  1.06509946e-01  1.28582448e-01  1.52795240e-01  1.80058137e-01
  2.00016443e-02  1.62386186e-02  5.27714100e-03 -5.97416796e-03 -1.65304523e-02
 -2.71283649e-02 -3.79303992e-02 -4.89877798e-02 -6.03237413e-02 -7.19494522e-02
 -8.38585719e-02 -9.59255323e-02 -1.08248509e-01 -1.20782837e-01 -1.33398071e-01
 -1.45919666e-01 -1.58159584e-01 -1.69937834e-01 -1.81096300e-01 -1.91507235e-01
 -2.01077372e-01 -2.09749162e-01 -2.17499182e-01 -2.24334195e-01 -2.30284840e-01
 -2.35396087e-01 -2.39714950e-01 -2.43282557e-01 -2.46129557e-01 -2.48273671e-01
 -2.49718934e-01 -2.50456065e-01 -2.50463873e-01 -2.49711648e-01 -2.48162419e-01
 -2.45776683e-01 -2.42516354e-01 -2.38348335e-01 -2.33247101e-01 -2.27196202e-01
 -2.20188737e-01 -2.12229148e-01 -2.03332752e-01 -1.93518564e-01 -1.82800710e-01
 -1.71180815e-01 -1.58644930e-01 -1.45168722e-01 -1.30735070e-01 -1.15368463e-01
 -9.91895273e-02 -8.24867636e-02 -6.57878891e-02 -4.90212031e-02 -3.21341418e-02
 -1.50724072e-02  2.23026099e-03  1.98587812e-02  3.79236154e-02  5.65698817e-02
  7.59905651e-02  9.64460298e-02  1.18288256e-01  1.41924471e-01  1.66957825e-01
  1.31398132e-02  7.75938435e-03  1.65080084e-04 -9.05857887e-03 -1.91595349e-02
 -2.97677685e-02 -4.07640375e-02 -5.21209612e-02 -6.38444349e-02 -7.59599358e-02
 -8.81793201e-02 -1.00689463e-01 -1.13507867e-01 -1.26537174e-01 -1.39611021e-01
 -1.52531207e-01 -1.65095732e-01 -1.77118212e-01 -1.88440606e-01 -1.98940799e-01
 -2.08536461e-01 -2.17185900e-01 -2.24886030e-01 -2.31667474e-01 -2.37583667e-01
 -2.42695063e-01 -2.47058719e-01 -2.50721991e-01 -2.53718942e-01 -2.56068349e-01
 -2.57773042e-01 -2.58820117e-01 -2.59182364e-01 -2.58820444e-01 -2.57686406e-01
 -2.55728096e-01 -2.52894133e-01 -2.49139115e-01 -2.44427606e-01 -2.38736749e-01
 -2.32056379e-01 -2.24387512e-01 -2.15741202e-01 -2.06140146e-01 -1.95611268e-01
 -1.84173748e-01 -1.71829268e-01 -1.58558890e-01 -1.44330740e-01 -1.29123464e-01
 -1.12969980e-01 -9.60242599e-02 -7.86441192e-02 -6.14605397e-02 -4.42022569e-02
 -2.68516373e-02 -9.36995167e-03  8.29697214e-03  2.62174420e-02  4.44748439e-02
  6.31700456e-02  8.24261829e-02  1.02401465e-01  1.23324513e-01  1.45305425e-01
  1.33990897e-02  8.35252739e-03 -5.19484864e-04 -1.07941413e-02 -2.13109851e-02
 -3.21667157e-02 -4.34009954e-02 -5.50246015e-02 -6.70466051e-02 -7.94798210e-02
 -9.20854881e-02 -1.05023116e-01 -1.18275419e-01 -1.31713852e-01 -1.45148143e-01
 -1.58364013e-01 -1.71150491e-01 -1.83318377e-01 -1.94712341e-01 -2.05218166e-01
 -2.14766681e-01 -2.23334298e-01 -2.30940640e-01 -2.37639770e-01 -2.43501306e-01
 -2.48596355e-01 -2.52989054e-01 -2.56731480e-01 -2.59860545e-01 -2.62396365e-01
 -2.64341295e-01 -2.65680194e-01 -2.66381115e-01 -2.66397446e-01 -2.65671045e-01
 -2.64136970e-01 -2.61729240e-01 -2.58387625e-01 -2.54063725e-01 -2.48725817e-01
 -2.42360234e-01 -2.34969556e-01 -2.26568162e-01 -2.17178434e-01 -2.06832081e-01
 -1.95563585e-01 -1.83394998e-01 -1.70325264e-01 -1.56329185e-01 -1.41371027e-01
 -1.25438154e-01 -1.08600028e-01 -9.10951570e-02 -7.34353662e-02 -5.58715910e-02
 -3.83710153e-02 -2.09016316e-02 -3.43487179e-03  1.40528167e-02  3.15761417e-02
  4.91323248e-02  6.66828454e-02  8.41142535e-02  1.01155907e-01  1.17255360e-01
  1.14700450e-02  5.96113689e-03 -2.48679565e-03 -1.25520257e-02 -2.32040901e-02
 -3.42703313e-02 -4.57358174e-02 -5.76056354e-02 -6.98888749e-02 -8.25967267e-02
 -9.55476612e-02 -1.08856119e-01 -1.22470632e-01 -1.36236772e-01 -1.49946034e-01
 -1.63372830e-01 -1.76300704e-01 -1.88540280e-01 -1.99940860e-01 -2.10397810e-01
 -2.19856441e-01 -2.28312522e-01 -2.35808387e-01 -2.42415294e-01 -2.48214081e-01
 -2.53283352e-01 -2.57692486e-01 -2.61497259e-01 -2.64737278e-01 -2.67434210e-01
 -2.69591004e-01 -2.71191478e-01 -2.72200853e-01 -2.72567093e-01 -2.72223681e-01
 -2.71094114e-01 -2.69098073e-01 -2.66159266e-01 -2.62213767e-01 -2.57217467e-01
 -2.51150101e-01 -2.44014740e-01 -2.35832527e-01 -2.26634607e-01 -2.16456369e-01
 -2.05339402e-01 -1.93323329e-01 -1.80428311e-01 -1.66645616e-01 -1.51941821e-01
 -1.36281312e-01 -1.19672522e-01 -1.02241695e-01 -8.43304992e-02 -6.65900409e-02
 -4.90647070e-02 -3.17206793e-02 -1.45507855e-02  2.43455661e-03  1.92062128e-02
  3.57091427e-02  5.18501401e-02  6.74816519e-02  8.23874250e-02  9.62855592e-02
  1.08531555e-02  5.29581681e-03 -3.50743230e-03 -1.39024360e-02 -2.47842055e-02
 -3.60604040e-02 -4.77393232e-02 -5.98313399e-02 -7.23456070e-02 -8.52918476e-02
 -9.85316038e-02 -1.12142414e-01 -1.26044407e-01 -1.40062183e-01 -1.53973043e-01
 -1.67543069e-01 -1.80552587e-01 -1.92813486e-01 -2.04180747e-01 -2.14559913e-01
 -2.23911002e-01 -2.32248858e-01 -2.39634186e-01 -2.46150106e-01 -2.51885295e-01
 -2.56923705e-01 -2.61338621e-01 -2.65188783e-01 -2.68516213e-01 -2.71344334e-01
 -2.73677260e-01 -2.75498897e-01 -2.76773125e-01 -2.77444541e-01 -2.77440548e-01
 -2.76675314e-01 -2.75055826e-01 -2.72490472e-01 -2.68899024e-01 -2.64222562e-01
 -2.58430898e-01 -2.51524538e-01 -2.43530020e-01 -2.34489962e-01 -2.24451631e-01
 -2.13461787e-01 -2.01570287e-01 -1.88816011e-01 -1.75209597e-01 -1.60729244e-01
 -1.45333827e-01 -1.28998309e-01 -1.11775614e-01 -9.38862711e-02 -7.58210793e-02
 -5.84102906e-02 -4.12370823e-02 -2.43494194e-02 -7.78971426e-03  8.39223806e-03
  2.41309106e-02  3.93389761e-02  5.39037846e-02  6.76885247e-02  8.05408359e-02
  1.03054475e-02  4.69511421e-03 -4.38099820e-03 -1.50204320e-02 -2.60810181e-02
 -3.75320241e-02 -4.93973345e-02 -6.16893023e-02 -7.44104013e-02 -8.75456259e-02
 -1.01006493e-01 -1.14846341e-01 -1.28963262e-01 -1.43164888e-01 -1.57217011e-01
 -1.70879215e-01 -1.83929697e-01 -1.96182191e-01 -2.07497403e-01 -2.17790589e-01
 -2.27035433e-01 -2.35263541e-01 -2.42548540e-01 -2.48981819e-01 -2.54657447e-01
 -2.59663165e-01 -2.64075130e-01 -2.67954409e-01 -2.71344930e-01 -2.74271905e-01
 -2.76740670e-01 -2.78735965e-01 -2.80221373e-01 -2.81139672e-01 -2.81414390e-01
 -2.80952841e-01 -2.79652089e-01 -2.77407378e-01 -2.74123460e-01 -2.69726604e-01
 -2.64174938e-01 -2.57463574e-01 -2.49621674e-01 -2.40701869e-01 -2.30765298e-01
 -2.19869852e-01 -2.08070561e-01 -1.95419520e-01 -1.81945205e-01 -1.67641044e-01
 -1.52471766e-01 -1.36401370e-01 -1.19447827e-01 -1.01768307e-01 -8.37698653e-02
 -6.62162527e-02 -4.90661003e-02 -3.23349573e-02 -1.60512626e-02 -2.55607651e-04
  1.49987293e-02  2.96456069e-02  4.36072014e-02  5.67973778e-02  6.91277310e-02
  9.08936188e-03  3.17030516e-03 -5.57957776e-03 -1.59923714e-02 -2.70843580e-02
 -3.86523679e-02 -5.06775826e-02 -6.31729364e-02 -7.61638135e-02 -8.93501565e-02
 -1.02938071e-01 -1.16931081e-01 -1.31197751e-01 -1.45527497e-01 -1.59675226e-01
 -1.73394814e-01 -1.86462775e-01 -1.98694587e-01 -2.09956050e-01 -2.20170796e-01
 -2.29323924e-01 -2.37460002e-01 -2.44661361e-01 -2.51024932e-01 -2.56648421e-01
 -2.61622190e-01 -2.66024381e-01 -2.69917667e-01 -2.73347527e-01 -2.76340395e-01
 -2.78902858e-01 -2.81020403e-01 -2.82656908e-01 -2.83754319e-01 -2.84233838e-01
 -2.83998311e-01 -2.82937706e-01 -2.80937433e-01 -2.77890235e-01 -2.73709655e-01
 -2.68343031e-01 -2.61779189e-01 -2.54047513e-01 -2.45207667e-01 -2.35332683e-01
 -2.24492535e-01 -2.12748349e-01 -2.00159460e-01 -1.86767310e-01 -1.72578514e-01
 -1.57565713e-01 -1.41690016e-01 -1.24949537e-01 -1.07457802e-01 -8.95498171e-02
 -7.18913898e-02 -5.47357015e-02 -3.80872227e-02 -2.19630506e-02 -6.39252597e-03
  8.58442485e-03  2.29193158e-02  3.65576148e-02  4.94420342e-02  6.15166463e-02
  1.00032715e-02  4.44736145e-03 -5.28055895e-03 -1.63583774e-02 -2.76362728e-02
 -3.93111482e-02 -5.14489003e-02 -6.40703887e-02 -7.71887675e-02 -9.04994980e-02
 -1.04215525e-01 -1.18333638e-01 -1.32713109e-01 -1.47135347e-01 -1.61349729e-01
 -1.75107151e-01 -1.88183516e-01 -2.00396046e-01 -2.11614594e-01 -2.21769199e-01
 -2.30853528e-01 -2.38920882e-01 -2.46059135e-01 -2.52368748e-01 -2.57949769e-01
 -2.62894183e-01 -2.67281294e-01 -2.71174848e-01 -2.74621129e-01 -2.77647436e-01
 -2.80260980e-01 -2.82447845e-01 -2.84171969e-01 -2.85375059e-01 -2.85976797e-01
 -2.85877466e-01 -2.84962565e-01 -2.83111274e-01 -2.80208319e-01 -2.76158750e-01
 -2.70902157e-01 -2.64422357e-01 -2.56748199e-01 -2.47943491e-01 -2.38089085e-01
 -2.27263778e-01 -2.15534627e-01 -2.02964231e-01 -1.89601332e-01 -1.75460532e-01
 -1.60519525e-01 -1.44738019e-01 -1.28102228e-01 -1.10699110e-01 -9.28204507e-02
 -7.50798658e-02 -5.79319932e-02 -4.13342156e-02 -2.52939463e-02 -9.83527582e-03
  5.00802603e-03  1.91961806e-02  3.26861739e-02  4.54345308e-02  5.74003011e-02
  7.98001420e-03  1.72376796e-03 -6.66746125e-03 -1.67114045e-02 -2.77521182e-02
 -3.94439362e-02 -5.16673066e-02 -6.43897951e-02 -7.76077062e-02 -9.10206661e-02
 -1.04835920e-01 -1.19045675e-01 -1.33504957e-01 -1.47991642e-01 -1.62252635e-01
 -1.76037610e-01 -1.89122483e-01 -2.01325759e-01 -2.12519974e-01 -2.22639054e-01
 -2.31681883e-01 -2.39706606e-01 -2.46804148e-01 -2.53076911e-01 -2.58626133e-01
 -2.63544649e-01 -2.67912298e-01 -2.71793127e-01 -2.75233656e-01 -2.78261393e-01
 -2.80883551e-01 -2.83086181e-01 -2.84833074e-01 -2.86065340e-01 -2.86701918e-01
 -2.86641628e-01 -2.85768002e-01 -2.83957422e-01 -2.81091392e-01 -2.77071536e-01
 -2.71834463e-01 -2.65362263e-01 -2.57683754e-01 -2.48864576e-01 -2.38988698e-01
 -2.28138462e-01 -2.16383353e-01 -2.03787103e-01 -1.90400586e-01 -1.76240519e-01
 -1.61285445e-01 -1.45493314e-01 -1.28843844e-01 -1.11409172e-01 -9.34504271e-02
 -7.55193084e-02 -5.85022941e-02 -4.19584066e-02 -2.59455629e-02 -1.05077941e-02
  4.31407429e-03  1.84789766e-02  3.19454297e-02  4.46729288e-02  5.66241182e-02
  1.25936167e-02  7.46996608e-03 -3.38454265e-03 -1.52783329e-02 -2.69686598e-02
 -3.89402546e-02 -5.13216443e-02 -6.41549006e-02 -7.74608776e-02 -9.09447372e-02
 -1.04820862e-01 -1.19083785e-01 -1.33588791e-01 -1.48113325e-01 -1.62403837e-01
 -1.76209703e-01 -1.89306974e-01 -2.01514661e-01 -2.12706149e-01 -2.22816631e-01
 -2.31846467e-01 -2.39855170e-01 -2.46934518e-01 -2.53187448e-01 -2.58715481e-01
 -2.63611406e-01 -2.67955005e-01 -2.71810025e-01 -2.75222600e-01 -2.78219610e-01
 -2.80807704e-01 -2.82972157e-01 -2.84676015e-01 -2.85859704e-01 -2.86441565e-01
 -2.86320120e-01 -2.85379082e-01 -2.83495665e-01 -2.80552953e-01 -2.76454747e-01
 -2.71140099e-01 -2.64593333e-01 -2.56844401e-01 -2.47958720e-01 -2.38018528e-01
 -2.27103621e-01 -2.15281516e-01 -2.02615172e-01 -1.89153045e-01 -1.74908772e-01
 -1.59859031e-01 -1.43963590e-01 -1.27211288e-01 -1.09696642e-01 -9.17263031e-02
 -7.39372075e-02 -5.67224771e-02 -4.00544256e-02 -2.39410792e-02 -8.40804446e-03
  6.50906656e-03  2.07685195e-02  3.43253165e-02  4.71340381e-02  5.91519065e-02
  1.11232409e-02  5.18672727e-03 -3.73007357e-03 -1.45067740e-02 -2.60616429e-02
 -3.80882621e-02 -5.05438522e-02 -6.34398907e-02 -7.67973289e-02 -9.03090388e-02
 -1.04201719e-01 -1.18476041e-01 -1.32990733e-01 -1.47525251e-01 -1.61827162e-01
 -1.75646380e-01 -1.88759044e-01 -2.00983763e-01 -2.12193027e-01 -2.22320512e-01
 -2.31364444e-01 -2.39382252e-01 -2.46464476e-01 -2.52713174e-01 -2.58229196e-01
 -2.63104647e-01 -2.67418414e-01 -2.71233439e-01 -2.74594694e-01 -2.77527869e-01
 -2.80038267e-01 -2.82109797e-01 -2.83704281e-01 -2.84761250e-01 -2.85198897e-01
 -2.84916699e-01 -2.83800930e-01 -2.81733304e-01 -2.78603226e-01 -2.74322122e-01
 -2.68836588e-01 -2.62136430e-01 -2.54253477e-01 -2.45250404e-01 -2.35202849e-01
 -2.24182561e-01 -2.12251663e-01 -1.99470147e-01 -1.85878754e-01 -1.71482325e-01
 -1.56251803e-01 -1.40148833e-01 -1.23177156e-01 -1.05464734e-01 -8.73732865e-02
 -6.96097389e-02 -5.23262359e-02 -3.55349518e-02 -1.92592181e-02 -3.53343156e-03
  1.15980431e-02  2.60824990e-02  3.98612060e-02  5.28726950e-02  6.50570095e-02
  1.38179939e-02  8.49817693e-03 -1.50425709e-03 -1.30974287e-02 -2.48586461e-02
 -3.69365737e-02 -4.94025573e-02 -6.22927286e-02 -7.56416917e-02 -8.91407877e-02
 -1.03010587e-01 -1.17256619e-01 -1.31744087e-01 -1.46257728e-01 -1.60548657e-01
 -1.74368724e-01 -1.87494457e-01 -1.99743539e-01 -2.10986003e-01 -2.21151516e-01
 -2.30232686e-01 -2.38281325e-01 -2.45384499e-01 -2.51641929e-01 -2.57152647e-01
 -2.62007296e-01 -2.66283274e-01 -2.70041943e-01 -2.73326516e-01 -2.76160866e-01
 -2.78548419e-01 -2.80471236e-01 -2.81889677e-01 -2.82742620e-01 -2.82949001e-01
 -2.82410920e-01 -2.81019986e-01 -2.78666139e-01 -2.75249720e-01 -2.70694226e-01
 -2.64957368e-01 -2.58036107e-01 -2.49963254e-01 -2.40795523e-01 -2.30597600e-01
 -2.19429582e-01 -2.07348153e-01 -1.94406122e-01 -1.80630848e-01 -1.66013703e-01
 -1.50518507e-01 -1.34112865e-01 -1.16827086e-01 -9.88424644e-02 -8.05979520e-02
 -6.28716797e-02 -4.55048345e-02 -2.85359230e-02 -1.20041193e-02  4.04342450e-03
  1.95478834e-02  3.44373547e-02  4.86276411e-02  6.20256476e-02  7.45358169e-02
  1.35769797e-02  7.92075600e-03 -1.11475307e-03 -1.20205153e-02 -2.35796813e-02
 -3.55628356e-02 -4.79429848e-02 -6.07203096e-02 -7.38935769e-02 -8.74456391e-02
 -1.01288058e-01 -1.15473881e-01 -1.29894346e-01 -1.44349098e-01 -1.58597693e-01
 -1.72396347e-01 -1.85522974e-01 -1.97794095e-01 -2.09076151e-01 -2.19292730e-01
 -2.28427768e-01 -2.36523718e-01 -2.43661433e-01 -2.49936551e-01 -2.55445153e-01
 -2.60275394e-01 -2.64502496e-01 -2.68185496e-01 -2.71365404e-01 -2.74063706e-01
 -2.76281595e-01 -2.77999192e-01 -2.79175729e-01 -2.79750228e-01 -2.79643744e-01
 -2.78763473e-01 -2.77009368e-01 -2.74283379e-01 -2.70500243e-01 -2.65598476e-01
 -2.59548187e-01 -2.52352774e-01 -2.44043380e-01 -2.34667450e-01 -2.24276021e-01
 -2.12918371e-01 -2.00646445e-01 -1.87499478e-01 -1.73486724e-01 -1.58584803e-01
 -1.42754778e-01 -1.25983968e-01 -1.08357675e-01 -9.01622623e-02 -7.20040128e-02
 -5.41514680e-02 -3.65903005e-02 -1.93315540e-02 -2.40394357e-03  1.41459955e-02
  3.02505605e-02  4.58166599e-02  6.07229546e-02  7.48215318e-02  8.79473984e-02
  1.51418569e-02  9.76205245e-03  5.03930671e-04 -1.05553158e-02 -2.20799446e-02
 -3.39804776e-02 -4.62645143e-02 -5.89363128e-02 -7.19989985e-02 -8.54581445e-02
 -9.91754830e-02 -1.13223396e-01 -1.27510354e-01 -1.41849056e-01 -1.56007826e-01
 -1.69747829e-01 -1.82848722e-01 -1.95125729e-01 -2.06440866e-01 -2.16710031e-01
 -2.25906178e-01 -2.34058470e-01 -2.41238296e-01 -2.47534961e-01 -2.53040075e-01
 -2.57838309e-01 -2.62001693e-01 -2.65586525e-01 -2.68630981e-01 -2.71154016e-01
 -2.73154557e-01 -2.74611235e-01 -2.75482923e-01 -2.75710285e-01 -2.75218755e-01
 -2.73923337e-01 -2.71735489e-01 -2.68571943e-01 -2.64364094e-01 -2.59065896e-01
 -2.52658457e-01 -2.45148778e-01 -2.36563057e-01 -2.26937220e-01 -2.16310173e-01
 -2.04726353e-01 -1.92227364e-01 -1.78833097e-01 -1.64532810e-01 -1.49291620e-01
 -1.33077487e-01 -1.15913622e-01 -9.79592502e-02 -7.96109140e-02 -6.15891330e-02
 -4.36847657e-02 -2.59143002e-02 -8.28952063e-03  9.17122699e-03  2.64339484e-02
  4.34382521e-02  6.00829460e-02  7.62080550e-02  9.15790573e-02  1.05890147e-01
  1.63075924e-02  1.10748652e-02  1.93338410e-03 -8.99945199e-03 -2.04042941e-02
 -3.22029479e-02 -4.43879552e-02 -5.69505170e-02 -6.98884353e-02 -8.32068697e-02
 -9.67323333e-02 -1.10569134e-01 -1.24649495e-01 -1.38803244e-01 -1.52810201e-01
 -1.66438341e-01 -1.79470137e-01 -1.91719934e-01 -2.03045234e-01 -2.13353425e-01
 -2.22604990e-01 -2.30812803e-01 -2.38034457e-01 -2.44350135e-01 -2.49845043e-01
 -2.54598945e-01 -2.58679986e-01 -2.62140960e-01 -2.65017092e-01 -2.67324746e-01
 -2.69061089e-01 -2.70204127e-01 -2.70714015e-01 -2.70535082e-01 -2.69599646e-01
 -2.67833203e-01 -2.65161216e-01 -2.61516690e-01 -2.56847411e-01 -2.51120955e-01
 -2.44326040e-01 -2.36469507e-01 -2.27570534e-01 -2.17655450e-01 -2.06759274e-01
 -1.94919959e-01 -1.82161346e-01 -1.68481976e-01 -1.53855771e-01 -1.38249546e-01
 -1.21662758e-01 -1.04193777e-01 -8.61304402e-02 -6.80424422e-02 -5.00196181e-02
 -3.20220329e-02 -1.40195889e-02  4.01406689e-03  2.21014097e-02  4.02566940e-02
  5.84761202e-02  7.67176449e-02  9.48582068e-02  1.12604201e-01  1.29356027e-01
  1.67586412e-02  1.13576101e-02  3.08872783e-03 -7.19888369e-03 -1.84575897e-02
 -3.02210413e-02 -4.23507132e-02 -5.48137426e-02 -6.76097646e-02 -8.07500035e-02
 -9.40228552e-02 -1.07574791e-01 -1.21368989e-01 -1.35257781e-01 -1.49036393e-01
 -1.62482411e-01 -1.75383016e-01 -1.87552899e-01 -1.98845640e-01 -2.09160328e-01
 -2.18444496e-01 -2.26693600e-01 -2.33946592e-01 -2.40270764e-01 -2.45742381e-01
 -2.50434756e-01 -2.54411042e-01 -2.57720083e-01 -2.60394007e-01 -2.62447089e-01
 -2.63875604e-01 -2.64658391e-01 -2.64758706e-01 -2.64126897e-01 -2.62704581e-01
 -2.60429680e-01 -2.57242709e-01 -2.53092378e-01 -2.47940704e-01 -2.41765141e-01
 -2.34558225e-01 -2.26324648e-01 -2.17078879e-01 -2.06846923e-01 -1.95660323e-01
 -1.83541745e-01 -1.70494288e-01 -1.56499162e-01 -1.41527206e-01 -1.25568971e-01
 -1.08689353e-01 -9.11086053e-02 -7.33012259e-02 -5.54846823e-02 -3.76136899e-02
 -1.96401794e-02 -1.51003362e-03  1.68401804e-02  3.54862437e-02  5.45192584e-02
  7.40490854e-02  9.42098722e-02  1.15174040e-01  1.37190670e-01  1.60380244e-01
  2.62120645e-02  2.31835172e-02  9.23819840e-03 -4.13519470e-03 -1.62152126e-02
 -2.81971134e-02 -4.03213166e-02 -5.26669957e-02 -6.52760565e-02 -7.81814605e-02
 -9.11303833e-02 -1.04315534e-01 -1.17734529e-01 -1.31265953e-01 -1.44724220e-01
 -1.57899618e-01 -1.70586497e-01 -1.82601780e-01 -1.93796471e-01 -2.04062313e-01
 -2.13334620e-01 -2.21591815e-01 -2.28851676e-01 -2.35163420e-01 -2.40591049e-01
 -2.45199203e-01 -2.49044836e-01 -2.52172291e-01 -2.54610747e-01 -2.56373048e-01
 -2.57455707e-01 -2.57840097e-01 -2.57494539e-01 -2.56377339e-01 -2.54440933e-01
 -2.51636356e-01 -2.47918352e-01 -2.43249193e-01 -2.37601593e-01 -2.30959564e-01
 -2.23318011e-01 -2.14682862e-01 -2.05073178e-01 -1.94513425e-01 -1.83022484e-01
 -1.70604542e-01 -1.57246158e-01 -1.42923787e-01 -1.27626210e-01 -1.11396343e-01
 -9.43942145e-02 -7.69735500e-02 -5.97423315e-02 -4.23637144e-02 -2.48185284e-02
 -7.06188055e-03  1.09729422e-02  2.93761585e-02  4.82669808e-02  6.78028688e-02
  8.81936774e-02  1.09722838e-01  1.32773697e-01  1.57790020e-01  1.84342399e-01
  2.02964451e-02  1.55094350e-02  7.17183435e-03 -3.46672209e-03 -1.49451485e-02
 -2.67008506e-02 -3.86230238e-02 -5.07202968e-02 -6.30287230e-02 -7.55960196e-02
 -8.81404206e-02 -1.00873284e-01 -1.13821581e-01 -1.26892403e-01 -1.39923289e-01
 -1.52721167e-01 -1.65090680e-01 -1.76853344e-01 -1.87859535e-01 -1.97995320e-01
 -2.07185283e-01 -2.15392277e-01 -2.22614199e-01 -2.28878036e-01 -2.34230697e-01
 -2.38725156e-01 -2.42410436e-01 -2.45325655e-01 -2.47497067e-01 -2.48936698e-01
 -2.49642596e-01 -2.49600053e-01 -2.48783886e-01 -2.47161433e-01 -2.44696230e-01
 -2.41351694e-01 -2.37094715e-01 -2.31898412e-01 -2.25743905e-01 -2.18621701e-01
 -2.10534498e-01 -2.01496020e-01 -1.91524163e-01 -1.80633083e-01 -1.68826520e-01
 -1.56095669e-01 -1.42425388e-01 -1.27812698e-01 -1.12301260e-01 -9.60339904e-02
 -7.93191344e-02 -6.26902804e-02 -4.59610969e-02 -2.90872417e-02 -1.20232925e-02
  5.28762909e-03  2.29204930e-02  4.09749895e-02  5.95841222e-02  7.89262950e-02
  9.92423519e-02  1.20858602e-01  1.44214213e-01  1.69904113e-01  1.98919848e-01
  2.49734242e-02  2.21411623e-02  1.02064684e-02 -2.54728296e-03 -1.42797912e-02
 -2.58498285e-02 -3.74480672e-02 -4.91424091e-02 -6.09719343e-02 -7.29616359e-02
 -8.51160735e-02 -9.73381177e-02 -1.09721623e-01 -1.22219369e-01 -1.34701371e-01
 -1.46996930e-01 -1.58924878e-01 -1.70314088e-01 -1.81016430e-01 -1.90914154e-01
 -1.99923038e-01 -2.07992509e-01 -2.15102971e-01 -2.21260890e-01 -2.26491973e-01
 -2.30833009e-01 -2.34322399e-01 -2.36992672e-01 -2.38866702e-01 -2.39956051e-01
 -2.40260899e-01 -2.39771277e-01 -2.38469064e-01 -2.36330643e-01 -2.33329922e-01
 -2.29441270e-01 -2.24642232e-01 -2.18916073e-01 -2.12255239e-01 -2.04661995e-01
 -1.96145833e-01 -1.86719060e-01 -1.76391333e-01 -1.65165246e-01 -1.53035775e-01
 -1.39996365e-01 -1.26055375e-01 -1.11265965e-01 -9.57706124e-02 -7.98543394e-02
 -6.39930591e-02 -4.80373502e-02 -3.19678299e-02 -1.57572404e-02  6.29898394e-04
  1.72401536e-02  3.41350026e-02  5.13956510e-02  6.91294074e-02  8.74788165e-02
  1.06635734e-01  1.26866579e-01  1.48571447e-01  1.72525138e-01  2.02240959e-01
  1.86346583e-02  1.42552573e-02  6.22059265e-03 -4.01525386e-03 -1.49007896e-02
 -2.59253699e-02 -3.70049067e-02 -4.81543355e-02 -5.94058335e-02 -7.07911700e-02
 -8.23399723e-02 -9.38918963e-02 -1.05568878e-01 -1.17354862e-01 -1.29147932e-01
 -1.40799642e-01 -1.52144328e-01 -1.63019910e-01 -1.73281476e-01 -1.82809159e-01
 -1.91511855e-01 -1.99327737e-01 -2.06222326e-01 -2.12184519e-01 -2.17221215e-01
 -2.21350953e-01 -2.24597484e-01 -2.26983964e-01 -2.28528500e-01 -2.29241535e-01
 -2.29125261e-01 -2.28174314e-01 -2.26377428e-01 -2.23719522e-01 -2.20184430e-01
 -2.15757966e-01 -2.10430443e-01 -2.04198107e-01 -1.97063237e-01 -1.89032525e-01
 -1.80114150e-01 -1.70314416e-01 -1.59635454e-01 -1.48076221e-01 -1.35639027e-01
 -1.22344427e-01 -1.08257197e-01 -9.35253799e-02 -7.84313530e-02 -6.34181723e-02
 -4.83041964e-02 -3.30923498e-02 -1.77795067e-02 -2.35627685e-03  1.31933801e-02
  2.88930349e-02  4.47749346e-02  6.08811826e-02  7.72646219e-02  9.39889923e-02
  1.11127190e-01  1.28754333e-01  1.46922991e-01  1.65564641e-01  1.83857903e-01
  1.86208468e-02  1.54845463e-02  5.56650385e-03 -5.80402091e-03 -1.64863821e-02
 -2.69479752e-02 -3.73682231e-02 -4.78265658e-02 -5.83706386e-02 -6.90356866e-02
 -7.98515156e-02 -9.06074345e-02 -1.01450130e-01 -1.12391390e-01 -1.23356260e-01
 -1.34219199e-01 -1.44831777e-01 -1.55042991e-01 -1.64713070e-01 -1.73722044e-01
 -1.81973919e-01 -1.89397916e-01 -1.95947126e-01 -2.01595649e-01 -2.06334323e-01
 -2.10165918e-01 -2.13100135e-01 -2.15149149e-01 -2.16323942e-01 -2.16632023e-01
 -2.16076463e-01 -2.14656055e-01 -2.12366492e-01 -2.09202021e-01 -2.05157444e-01
 -2.00229645e-01 -1.94418713e-01 -1.87727898e-01 -1.80162549e-01 -1.71728551e-01
 -1.62430659e-01 -1.52272329e-01 -1.41258255e-01 -1.29401922e-01 -1.16739504e-01
 -1.03351541e-01 -8.93891752e-02 -7.51005933e-02 -6.09493777e-02 -4.66735996e-02
 -3.22993137e-02 -1.78449620e-02 -3.32407164e-03  1.12536866e-02  2.58820057e-02
  4.05575633e-02  5.52792922e-02  7.00468197e-02  8.48572552e-02  9.96991396e-02
  1.14541233e-01  1.29312292e-01  1.43865108e-01  1.57912925e-01  1.70918122e-01
  1.06016584e-02  6.43814821e-03 -1.03399379e-03 -1.01677570e-02 -1.95747502e-02
 -2.90294029e-02 -3.85430008e-02 -4.81409989e-02 -5.78453466e-02 -6.76766634e-02
 -7.76559860e-02 -8.75190869e-02 -9.74265784e-02 -1.07412085e-01 -1.17425546e-01
 -1.27365038e-01 -1.37101531e-01 -1.46497846e-01 -1.55422226e-01 -1.63757145e-01
 -1.71404362e-01 -1.78286657e-01 -1.84347525e-01 -1.89549103e-01 -1.93869099e-01
 -1.97297126e-01 -1.99830934e-01 -2.01472983e-01 -2.02227578e-01 -2.02099070e-01
 -2.01090723e-01 -1.99204654e-01 -1.96442202e-01 -1.92804769e-01 -1.88294485e-01
 -1.82914749e-01 -1.76670089e-01 -1.69565752e-01 -1.61607072e-01 -1.52799338e-01
 -1.43149227e-01 -1.32669076e-01 -1.21385500e-01 -1.09354235e-01 -9.66816247e-02
 -8.35560486e-02 -7.02630132e-02 -5.68162091e-02 -4.32754941e-02 -2.96472684e-02
 -1.59506053e-02 -2.20973627e-03  1.15490584e-02  2.52987128e-02  3.90117653e-02
  5.26601560e-02  6.62142858e-02  7.96411037e-02  9.29007083e-02  1.05940752e-01
  1.18688188e-01  1.31037846e-01  1.42839029e-01  1.53885439e-01  1.63921967e-01
  2.64263735e-03 -1.96439750e-03 -8.16248544e-03 -1.55308247e-02 -2.35090237e-02
 -3.18091698e-02 -4.03093994e-02 -4.89593446e-02 -5.77413104e-02 -6.66557476e-02
 -7.57184997e-02 -8.46350119e-02 -9.35477093e-02 -1.02501273e-01 -1.11468047e-01
 -1.20370872e-01 -1.29103035e-01 -1.37544766e-01 -1.45575985e-01 -1.53085306e-01
 -1.59975439e-01 -1.66166067e-01 -1.71594203e-01 -1.76213309e-01 -1.79991111e-01
 -1.82907030e-01 -1.84949398e-01 -1.86112881e-01 -1.86396226e-01 -1.85800642e-01
 -1.84328780e-01 -1.81984082e-01 -1.78770646e-01 -1.74693093e-01 -1.69756576e-01
 -1.63966641e-01 -1.57329142e-01 -1.49850473e-01 -1.41538575e-01 -1.32405564e-01
 -1.22472912e-01 -1.11780398e-01 -1.00398809e-01 -8.84490684e-02 -7.61073157e-02
 -6.37067705e-02 -5.10731004e-02 -3.82581167e-02 -2.53086854e-02 -1.22642368e-02
  8.36031453e-04  1.39509244e-02  2.70367507e-02  4.00474332e-02  5.29347956e-02
  6.56487867e-02  7.81374052e-02  9.03460681e-02  1.02216184e-01  1.13682762e-01
  1.24671139e-01  1.35093555e-01  1.44846916e-01  1.53814375e-01  1.61872908e-01
 -1.86523306e-03 -5.87334810e-03 -1.26259113e-02 -1.99880674e-02 -2.73090415e-02
 -3.47761810e-02 -4.23898995e-02 -5.01271226e-02 -5.79681695e-02 -6.58981204e-02
 -7.39012063e-02 -8.19488317e-02 -8.98729339e-02 -9.77601856e-02 -1.05617262e-01
 -1.13397405e-01 -1.21020190e-01 -1.28387168e-01 -1.35393977e-01 -1.41939297e-01
 -1.47930905e-01 -1.53289035e-01 -1.57947987e-01 -1.61855951e-01 -1.64973989e-01
 -1.67274281e-01 -1.68738171e-01 -1.69354215e-01 -1.69116393e-01 -1.68022633e-01
 -1.66073665e-01 -1.63272187e-01 -1.59622207e-01 -1.55128732e-01 -1.49797544e-01
 -1.43635422e-01 -1.36651054e-01 -1.28856972e-01 -1.20273270e-01 -1.10933341e-01
 -1.00892104e-01 -9.02396813e-02 -7.91041628e-02 -6.77295700e-02 -5.60429469e-02
 -4.41081300e-02 -3.19485739e-02 -1.95998717e-02 -7.10427435e-03  5.49152074e-03
  1.81361567e-02  3.07731703e-02  4.33409326e-02  5.57731204e-02  6.79997578e-02
  7.99487010e-02  9.15473625e-02  1.02724411e-01  1.13411032e-01  1.23541594e-01
  1.33053601e-01  1.41887307e-01  1.49985626e-01  1.57295078e-01  1.63768440e-01
 -8.32889881e-03 -1.28219305e-02 -1.83573291e-02 -2.46235710e-02 -3.12142000e-02
 -3.79482545e-02 -4.47684340e-02 -5.16537391e-02 -5.85937388e-02 -6.55817762e-02
 -7.26125762e-02 -7.96821788e-02 -8.65591988e-02 -9.33343247e-02 -1.00031257e-01
 -1.06625736e-01 -1.13060847e-01 -1.19259700e-01 -1.25135839e-01 -1.30601346e-01
 -1.35572746e-01 -1.39974907e-01 -1.43743247e-01 -1.46824390e-01 -1.49176031e-01
 -1.50765970e-01 -1.51570827e-01 -1.51574597e-01 -1.50767222e-01 -1.49143353e-01
 -1.46701217e-01 -1.43441856e-01 -1.39368489e-01 -1.34486467e-01 -1.28803685e-01
 -1.22331865e-01 -1.15089014e-01 -1.07103333e-01 -9.84210745e-02 -8.91136453e-02
 -7.92760998e-02 -6.90928847e-02 -5.85087650e-02 -4.75719795e-02 -3.63091864e-02
 -2.47541126e-02 -1.29410950e-02 -9.09204071e-04  1.12960087e-02  2.36213561e-02
  3.60049084e-02  4.83751409e-02  6.06506988e-02  7.27411881e-02  8.45492482e-02
  9.59740952e-02  1.06916256e-01  1.17282897e-01  1.26992837e-01  1.35980502e-01
  1.44198015e-01  1.51615471e-01  1.58219486e-01  1.64010689e-01  1.69001043e-01
 -1.22419251e-02 -1.57847125e-02 -2.25716885e-02 -2.91967224e-02 -3.53985578e-02
 -4.15043235e-02 -4.75737117e-02 -5.36270589e-02 -5.96757457e-02 -6.57276064e-02
 -7.17879757e-02 -7.78600425e-02 -8.36746320e-02 -8.93239826e-02 -9.48426872e-02
 -1.00223437e-01 -1.05429247e-01 -1.10403493e-01 -1.15078256e-01 -1.19381189e-01
 -1.23240799e-01 -1.26590252e-01 -1.29369915e-01 -1.31528661e-01 -1.33024305e-01
 -1.33823320e-01 -1.33900136e-01 -1.33236140e-01 -1.31818801e-01 -1.29640684e-01
 -1.26698777e-01 -1.22993968e-01 -1.18531056e-01 -1.13319322e-01 -1.07373886e-01
 -1.00718789e-01 -9.33900401e-02 -8.54341239e-02 -7.69332871e-02 -6.80356398e-02
 -5.86652122e-02 -4.88627329e-02 -3.86487208e-02 -2.80472580e-02 -1.70825254e-02
 -5.78125054e-03  5.82604483e-03  1.77028924e-02  2.98044812e-02  4.20750827e-02
  5.44453040e-02  6.68295324e-02  7.91240707e-02  9.12069604e-02  1.02940559e-01
  1.14177883e-01  1.24772720e-01  1.34592086e-01  1.43528491e-01  1.51509300e-01
  1.58501640e-01  1.64512143e-01  1.69581696e-01  1.73776299e-01  1.77175701e-01
 -2.00452209e-02 -2.44232751e-02 -2.94836722e-02 -3.49279046e-02 -4.03918698e-02
 -4.57490832e-02 -5.09985462e-02 -5.61679378e-02 -6.12844527e-02 -6.63689822e-02
 -7.14363456e-02 -7.64964297e-02 -8.12525973e-02 -8.57900009e-02 -9.01458189e-02
 -9.43229795e-02 -9.82995778e-02 -1.02036394e-01 -1.05483174e-01 -1.08583935e-01
 -1.11281171e-01 -1.13519266e-01 -1.15246922e-01 -1.16418906e-01 -1.16996899e-01
 -1.16949730e-01 -1.16252922e-01 -1.14888296e-01 -1.12843648e-01 -1.10112548e-01
 -1.06694274e-01 -1.02593474e-01 -9.78213623e-02 -9.23968107e-02 -8.63454491e-02
 -7.97111169e-02 -7.25727007e-02 -6.49230555e-02 -5.67814521e-02 -4.81754579e-02
 -3.91125940e-02 -2.96049863e-02 -1.96643434e-02 -9.30284709e-03  1.46632979e-03
  1.26278019e-02  2.41622645e-02  3.60441171e-02  4.82382812e-02  6.06960766e-02
  7.33500123e-02  8.61075073e-02  9.88441706e-02  1.11398168e-01  1.23568997e-01
  1.35125607e-01  1.45827308e-01  1.55454680e-01  1.63839877e-01  1.70887053e-01
  1.76581115e-01  1.80986360e-01  1.84234574e-01  1.86501682e-01  1.87976062e-01
 -2.63787117e-02 -3.01625766e-02 -3.60271558e-02 -4.15935256e-02 -4.64220606e-02
 -5.09043895e-02 -5.51889539e-02 -5.93560375e-02 -6.34525493e-02 -6.75065368e-02
 -7.15364516e-02 -7.55595788e-02 -7.92796835e-02 -8.27455968e-02 -8.59847888e-02
 -8.90034959e-02 -9.17901695e-02 -9.43197384e-02 -9.65578705e-02 -9.84646454e-02
 -9.99973640e-02 -1.01113118e-01 -1.01771258e-01 -1.01935342e-01 -1.01574756e-01
 -1.00665480e-01 -9.91881788e-02 -9.71285403e-02 -9.44780484e-02 -9.12351757e-02
 -8.74073133e-02 -8.30052346e-02 -7.80505091e-02 -7.25837424e-02 -6.66090399e-02
 -6.01352304e-02 -5.31781688e-02 -4.57465388e-02 -3.78484279e-02 -2.94908714e-02
 -2.06771903e-02 -1.14087798e-02 -1.68541470e-03  8.49431846e-03  1.91324390e-02
  3.02306395e-02  4.17888612e-02  5.38030677e-02  6.62618950e-02  7.91415796e-02
  9.23984125e-02  1.05957538e-01  1.19696736e-01  1.33424342e-01  1.46854013e-01
  1.59592554e-01  1.71177745e-01  1.81182176e-01  1.89309150e-01  1.95415899e-01
  1.99513167e-01  2.01763451e-01  2.02477232e-01  2.02072814e-01  2.00964659e-01
 -3.78630795e-02 -4.25497703e-02 -4.68049049e-02 -5.05819917e-02 -5.39561883e-02
 -5.71041740e-02 -6.01480901e-02 -6.31457716e-02 -6.61191195e-02 -6.90719858e-02
 -7.19976649e-02 -7.48792216e-02 -7.76818171e-02 -8.01578537e-02 -8.23515430e-02
 -8.42800662e-02 -8.59424472e-02 -8.73257667e-02 -8.84101018e-02 -8.91720429e-02
 -8.95834640e-02 -8.96138251e-02 -8.92328098e-02 -8.84130970e-02 -8.71341005e-02
 -8.53897631e-02 -8.31685886e-02 -8.04608837e-02 -7.72614777e-02 -7.35706091e-02
 -6.94266558e-02 -6.48229644e-02 -5.97627871e-02 -5.42542227e-02 -4.83026020e-02
 -4.19121012e-02 -3.50859910e-02 -2.78251395e-02 -2.01279949e-02 -1.19903442e-02
 -3.40485270e-03  5.63896820e-03  1.51548274e-02  2.51597129e-02  3.56739238e-02
  4.67209853e-02  5.83273321e-02  7.05214590e-02  8.33322257e-02  9.67855453e-02
  1.10898249e-01  1.25667140e-01  1.41049266e-01  1.56924680e-01  1.73016354e-01
  1.88703746e-01  2.02797741e-01  2.14130044e-01  2.22428307e-01  2.27461457e-01
  2.29306743e-01  2.28220791e-01  2.24653706e-01  2.19928339e-01  2.15104207e-01
 -5.24899662e-02 -5.83315082e-02 -6.05645850e-02 -6.13967478e-02 -6.24688789e-02
 -6.38796985e-02 -6.55110627e-02 -6.72752038e-02 -6.91140369e-02 -7.09863752e-02
 -7.28612617e-02 -7.47152790e-02 -7.65327066e-02 -7.80209824e-02 -7.92077705e-02
 -8.01042095e-02 -8.07088017e-02 -8.10121298e-02 -8.10039788e-02 -8.06882381e-02
 -8.00492316e-02 -7.90644884e-02 -7.77091458e-02 -7.59559795e-02 -7.37709180e-02
 -7.12393597e-02 -6.83337376e-02 -6.50406927e-02 -6.13554977e-02 -5.72797135e-02
 -5.28204069e-02 -4.79814559e-02 -4.27661017e-02 -3.71768735e-02 -3.12145147e-02
 -2.48775147e-02 -1.81617811e-02 -1.10601950e-02 -3.56231001e-03  4.34593670e-03
  1.26825487e-02  2.14698315e-02  3.07348669e-02  4.05101702e-02  5.08345924e-02
  6.17544986e-02  7.33252987e-02  8.56133029e-02  9.86978412e-02  1.12673409e-01
  1.27651259e-01  1.43759578e-01  1.61141127e-01  1.79950699e-01  2.00385019e-01
  2.23075271e-01  2.49176636e-01  2.56298840e-01  2.68445641e-01  2.70599902e-01
  2.68203408e-01  2.67006099e-01  2.49284983e-01  2.37009227e-01  2.27607042e-01
 -6.48727119e-02 -7.20058084e-02 -7.18987137e-02 -7.03743920e-02 -6.99334070e-02
 -7.00945854e-02 -7.06061870e-02 -7.13289902e-02 -7.21706748e-02 -7.30651766e-02
 -7.39650577e-02 -7.48396069e-02 -7.56787136e-02 -7.61985406e-02 -7.64178336e-02
 -7.63376579e-02 -7.59463459e-02 -7.52184615e-02 -7.41062462e-02 -7.27642998e-02
 -7.11461306e-02 -6.92236498e-02 -6.69786558e-02 -6.44000024e-02 -6.14844710e-02
 -5.82428984e-02 -5.46791591e-02 -5.07965684e-02 -4.65997495e-02 -4.20946926e-02
 -3.72879170e-02 -3.21847610e-02 -2.67885923e-02 -2.11001709e-02 -1.51170352e-02
 -8.83305259e-03 -2.23812368e-03  4.68201330e-03  1.19459182e-02  1.95765868e-02
  2.76016705e-02  3.60538661e-02  4.49715815e-02  5.43999746e-02  6.43925518e-02
  7.50134736e-02  8.63408521e-02  9.84714553e-02  1.11527346e-01  1.25665203e-01
  1.41089067e-01  1.58066869e-01  1.76948830e-01  1.98188543e-01  2.22424269e-01
  2.50077575e-01  2.68893480e-01  2.81813204e-01  2.91794479e-01  2.90649086e-01
  2.89890558e-01  2.75912136e-01  2.59282857e-01  2.45269582e-01  2.34007388e-01
 -6.80640489e-02 -7.42740408e-02 -7.63365477e-02 -7.61452317e-02 -7.55952150e-02
 -7.52245709e-02 -7.50717148e-02 -7.50702918e-02 -7.51430094e-02 -7.52213821e-02
 -7.52476454e-02 -7.51709789e-02 -7.49394894e-02 -7.44837597e-02 -7.37671554e-02
 -7.27673545e-02 -7.14686140e-02 -6.98597953e-02 -6.79373294e-02 -6.57175630e-02
 -6.32014051e-02 -6.03864677e-02 -5.72717413e-02 -5.38595803e-02 -5.01565933e-02
 -4.61736508e-02 -4.19231802e-02 -3.74185517e-02 -3.26735824e-02 -2.77017541e-02
 -2.25151516e-02 -1.71232056e-02 -1.15315858e-02 -5.74129121e-03  2.51992053e-04
  6.45823451e-03  1.28931226e-02  1.95778944e-02  2.65390482e-02  3.38080376e-02
  4.14211005e-02  4.94193435e-02  5.78491874e-02  6.67633489e-02  7.62224793e-02
  8.62977728e-02  9.70747247e-02  1.08658865e-01  1.21184275e-01  1.34826779e-01
  1.49825260e-01  1.66517556e-01  1.85403958e-01  2.07243845e-01  2.32748985e-01
  2.56585896e-01  2.72028029e-01  2.85337895e-01  2.90042371e-01  2.90861130e-01
  2.84700751e-01  2.70056516e-01  2.55460531e-01  2.43115798e-01  2.32782379e-01
 -7.73494467e-02 -8.55614394e-02 -8.38858932e-02 -8.13213512e-02 -8.01729262e-02
 -7.94912800e-02 -7.90017173e-02 -7.85749555e-02 -7.81245902e-02 -7.75856748e-02
 -7.69076198e-02 -7.60493875e-02 -7.49753490e-02 -7.36532137e-02 -7.20583722e-02
 -7.01730624e-02 -6.79850429e-02 -6.54870346e-02 -6.26769438e-02 -5.95579594e-02
 -5.61347753e-02 -5.24138846e-02 -4.84045520e-02 -4.41196002e-02 -3.95757742e-02
 -3.47935073e-02 -2.97961254e-02 -2.46088002e-02 -1.92572959e-02 -1.37664098e-02
 -8.15816969e-03 -2.44994462e-03  3.34727718e-03  9.23024118e-03  1.52042275e-02
  2.12832317e-02  2.74895374e-02  3.38528119e-02  4.04089391e-02  4.71988209e-02
  5.42673469e-02  6.16627336e-02  6.94363639e-02  7.76431561e-02  8.63426179e-02
  9.56005380e-02  1.05491534e-01  1.16102681e-01  1.27538532e-01  1.39928386e-01
  1.53437003e-01  1.68281406e-01  1.84756532e-01  2.03246564e-01  2.23696902e-01
  2.41353154e-01  2.53455728e-01  2.63795674e-01  2.67170072e-01  2.68076092e-01
  2.62561917e-01  2.52230734e-01  2.42391065e-01  2.33503044e-01  2.25545600e-01
 -7.39736483e-02 -8.06156248e-02 -8.33775923e-02 -8.37774202e-02 -8.35133567e-02
 -8.31466392e-02 -8.27167407e-02 -8.21560472e-02 -8.14007968e-02 -8.04085210e-02
 -7.91538432e-02 -7.76211470e-02 -7.57990554e-02 -7.36774728e-02 -7.12471232e-02
 -6.84997290e-02 -6.54287040e-02 -6.20299689e-02 -5.83028831e-02 -5.42508326e-02
 -4.98813167e-02 -4.52063084e-02 -4.02426757e-02 -3.50125916e-02 -2.95437369e-02
 -2.38691643e-02 -1.80267189e-02 -1.20578855e-02 -6.00595493e-03  8.65320253e-05
  6.18093414e-03  1.22459121e-02  1.82605982e-02  2.42170133e-02  3.01213171e-02
  3.59936729e-02  4.18668240e-02  4.77836356e-02  5.37941903e-02  5.99528141e-02
  6.63156211e-02  7.29387179e-02  7.98771679e-02  8.71846601e-02  9.49137285e-02
  1.03116266e-01  1.11844100e-01  1.21149302e-01  1.31083563e-01  1.41695619e-01
  1.53024033e-01  1.65079877e-01  1.77806944e-01  1.90997049e-01  2.04053357e-01
  2.15638891e-01  2.25001544e-01  2.31769219e-01  2.35651761e-01  2.36560822e-01
  2.34565228e-01  2.30537966e-01  2.25554243e-01  2.20225990e-01  2.14911491e-01
 -8.18745643e-02 -9.11425874e-02 -8.84367302e-02 -8.66776258e-02 -8.67178515e-02
 -8.69338065e-02 -8.68810639e-02 -8.64037946e-02 -8.54648203e-02 -8.40777308e-02
 -8.22728351e-02 -8.00803751e-02 -7.75231048e-02 -7.46141300e-02 -7.13579580e-02
 -6.77530989e-02 -6.37952238e-02 -5.94802648e-02 -5.48069552e-02 -4.97787558e-02
 -4.44050878e-02 -3.87020744e-02 -3.26930471e-02 -2.64090039e-02 -1.98890865e-02
 -1.31810093e-02 -6.34115841e-03  5.66177885e-04  7.47101288e-03  1.43016884e-02
  2.09906455e-02  2.74812244e-02  3.37342806e-02  3.97332273e-02  4.54864576e-02
  5.10265753e-02  5.64066432e-02  6.16942644e-02  6.69648573e-02  7.22953528e-02
  7.77594149e-02  8.34243745e-02  8.93497169e-02  9.55867395e-02  1.02178700e-01
  1.09160982e-01  1.16560832e-01  1.24396026e-01  1.32671878e-01  1.41375393e-01
  1.50465325e-01  1.59855738e-01  1.69391930e-01  1.78821206e-01  1.87778190e-01
  1.95831388e-01  2.02587962e-01  2.07762748e-01  2.11196139e-01  2.12867051e-01
  2.12912083e-01  2.11621717e-01  2.09363133e-01  2.06479579e-01  2.03242868e-01
 -7.01004937e-02 -7.76684359e-02 -8.31890106e-02 -8.71764347e-02 -9.01321322e-02
 -9.19926092e-02 -9.26672742e-02 -9.22800377e-02 -9.10274908e-02 -8.90827850e-02
 -8.65810663e-02 -8.36191177e-02 -8.02575946e-02 -7.65264183e-02 -7.24326149e-02
 -6.79689348e-02 -6.31218031e-02 -5.78778572e-02 -5.22287302e-02 -4.61741239e-02
 -3.97233479e-02 -3.28956097e-02 -2.57197451e-02 -1.82342026e-02 -1.04880054e-02
 -2.54288455e-03  5.52399363e-03  1.36180818e-02  2.16282886e-02  2.94326041e-02
  3.69092748e-02  4.39519323e-02  5.04850298e-02  5.64755797e-02  6.19385727e-02
  6.69347867e-02  7.15612993e-02  7.59367570e-02  8.01854134e-02  8.44240114e-02
  8.87537599e-02  9.32571962e-02  9.79982838e-02  1.03024155e-01  1.08367056e-01
  1.14045821e-01  1.20066456e-01  1.26421407e-01  1.33087426e-01  1.40021786e-01
  1.47156894e-01  1.54393673e-01  1.61595523e-01  1.68586493e-01  1.75158739e-01
  1.81093037e-01  1.86187804e-01  1.90286577e-01  1.93297431e-01  1.95203170e-01
  1.96062192e-01  1.95996985e-01  1.95170254e-01  1.93756387e-01  1.91918418e-01
 -6.57109469e-02 -7.41958767e-02 -8.24997053e-02 -9.05944481e-02 -9.79031622e-02
 -1.01810068e-01 -1.02232248e-01 -1.01080701e-01 -9.88372341e-02 -9.58068594e-02
 -9.22320709e-02 -8.82653520e-02 -8.39810148e-02 -7.93931410e-02 -7.44771659e-02
 -6.91900849e-02 -6.34856448e-02 -5.73245920e-02 -5.06812558e-02 -4.35472056e-02
 -3.59320529e-02 -2.78609302e-02 -1.93698276e-02 -1.05020059e-02 -1.30857620e-03
  8.14558938e-03  1.77714620e-02  2.74434555e-02  3.69902439e-02  4.61974740e-02
  5.48305325e-02  6.26744628e-02  6.95746168e-02  7.54639059e-02  8.03744793e-02
  8.44339579e-02  8.78429934e-02  9.08346847e-02  9.36310962e-02  9.64153111e-02
  9.93234441e-02  1.02449074e-01  1.05851933e-01  1.09566130e-01  1.13606431e-01
  1.17972292e-01  1.22650057e-01  1.27613559e-01  1.32823557e-01  1.38226420e-01
  1.43752262e-01  1.49313599e-01  1.54805303e-01  1.60107046e-01  1.65089503e-01
  1.69624150e-01  1.73595220e-01  1.76911563e-01  1.79515839e-01  1.81389585e-01
  1.82553187e-01  1.83060721e-01  1.82990715e-01  1.82434887e-01  1.81487739e-01
 -6.27992824e-02 -7.24861547e-02 -8.31457302e-02 -9.53009501e-02 -1.09144598e-01
 -1.16106905e-01 -1.16499297e-01 -1.13676578e-01 -1.09040752e-01 -1.04033813e-01
 -9.88373011e-02 -9.36083645e-02 -8.83687809e-02 -8.30240548e-02 -7.74396583e-02
 -7.14845434e-02 -6.50458559e-02 -5.80374934e-02 -5.04048690e-02 -4.21284288e-02
 -3.32294255e-02 -2.37617735e-02 -1.37865040e-02 -3.35089094e-03  7.51380483e-03
  1.87785812e-02  3.03911511e-02  4.22375090e-02  5.40891290e-02  6.55555949e-02
  7.61170909e-02  8.52857456e-02  9.27406251e-02  9.83469486e-02  1.02166712e-01
  1.04471996e-01  1.05739921e-01  1.06506169e-01  1.07189149e-01  1.08048432e-01
  1.09224297e-01  1.10783085e-01  1.12747975e-01  1.15116924e-01  1.17872566e-01
  1.20987229e-01  1.24425285e-01  1.28143877e-01  1.32092774e-01  1.36213899e-01
  1.40440881e-01  1.44699216e-01  1.48907200e-01  1.52978256e-01  1.56824753e-01
  1.60362914e-01  1.63518548e-01  1.66232422e-01  1.68464571e-01  1.70196638e-01
  1.71432018e-01  1.72193676e-01  1.72520161e-01  1.72460601e-01  1.72069579e-01
 -5.87128215e-02 -6.87142909e-02 -8.00769255e-02 -9.34864804e-02 -1.10087559e-01
 -1.20900378e-01 -1.27309665e-01 -1.25483602e-01 -1.20526098e-01 -1.12462007e-01
 -1.04830533e-01 -9.83987898e-02 -9.26707909e-02 -8.70943069e-02 -8.12967718e-02
 -7.50645772e-02 -6.81710690e-02 -6.04721755e-02 -5.19018844e-02 -4.23639044e-02
 -3.19128036e-02 -2.07763575e-02 -9.13043972e-03  2.97922152e-03  1.55986268e-02
  2.88221743e-02  4.27609161e-02  5.75040132e-02  7.30237886e-02  8.88389573e-02
  1.03237189e-01  1.14649735e-01  1.23125315e-01  1.28043339e-01  1.29857019e-01
  1.28335744e-01  1.25218034e-01  1.22262530e-01  1.19998232e-01  1.18514925e-01
  1.17781542e-01  1.17733203e-01  1.18298359e-01  1.19407542e-01  1.20995343e-01
  1.22999959e-01  1.25361845e-01  1.28022328e-01  1.30922183e-01  1.34000704e-01
  1.37195066e-01  1.40440390e-01  1.43670321e-01  1.46818459e-01  1.49820402e-01
  1.52616248e-01  1.55153468e-01  1.57389402e-01  1.59293339e-01  1.60847679e-01
  1.62047938e-01  1.62901908e-01  1.63427681e-01  1.63651288e-01  1.63603976e-01
 -5.24553135e-02 -6.15819208e-02 -7.16618821e-02 -8.28423128e-02 -9.49184746e-02
 -1.07136481e-01 -1.21708266e-01 -1.23377889e-01 -1.23979308e-01 -1.14006683e-01
 -1.05708629e-01 -1.00114338e-01 -9.63508263e-02 -9.18516815e-02 -8.59853998e-02
 -8.07081833e-02 -7.38178343e-02 -6.51126653e-02 -5.65218925e-02 -4.54773270e-02
 -3.20787616e-02 -1.86216608e-02 -5.21583110e-03  8.36181547e-03  2.23848615e-02
  3.71603407e-02  5.30553386e-02  7.05515519e-02  9.03601497e-02  1.13835707e-01
  1.39474943e-01  1.47778153e-01  1.64503530e-01  1.61492363e-01  1.67871788e-01
  1.53363541e-01  1.42495915e-01  1.35051787e-01  1.29834265e-01  1.26240388e-01
  1.23891570e-01  1.22529976e-01  1.21970527e-01  1.22074060e-01  1.22731000e-01
  1.23851053e-01  1.25356540e-01  1.27177894e-01  1.29250750e-01  1.31513953e-01
  1.33908436e-01  1.36376694e-01  1.38862863e-01  1.41313329e-01  1.43677652e-01
  1.45909816e-01  1.47969604e-01  1.49823844e-01  1.51447326e-01  1.52823403e-01
  1.53944001e-01  1.54809117e-01  1.55425921e-01  1.55807421e-01  1.55971065e-01
 -4.44736443e-02 -5.21096326e-02 -6.02337308e-02 -6.88072219e-02 -7.76942521e-02
 -8.66523311e-02 -9.51323658e-02 -1.02820605e-01 -1.13729857e-01 -1.01993404e-01
 -9.68278125e-02 -9.43312570e-02 -9.50323492e-02 -9.27207172e-02 -8.55834186e-02
 -8.30665603e-02 -7.66134113e-02 -6.59058914e-02 -5.96925057e-02 -4.74174097e-02
 -3.03021818e-02 -1.52360201e-02 -9.98089206e-04  1.30836666e-02  2.74809971e-02
  4.26130705e-02  5.89401983e-02  7.70546496e-02  9.77968276e-02  1.22318819e-01
  1.46547109e-01  1.57951385e-01  1.71503633e-01  1.71519294e-01  1.73875913e-01
  1.61223084e-01  1.48923740e-01  1.40182570e-01  1.33968741e-01  1.29565835e-01
  1.26512140e-01  1.24502443e-01  1.23325378e-01  1.22826464e-01  1.22886792e-01
  1.23410493e-01  1.24317035e-01  1.25536427e-01  1.27006009e-01  1.28668323e-01
  1.30469859e-01  1.32360324e-01  1.34292334e-01  1.36221603e-01  1.38107240e-01
  1.39912397e-01  1.41604826e-01  1.43157512e-01  1.44549072e-01  1.45764083e-01
  1.46793008e-01  1.47631913e-01  1.48282006e-01  1.48748845e-01  1.49041578e-01
  2.98785353e+00  3.09198427e+00  3.16393852e+00  3.22393012e+00  3.25601411e+00
  3.27116394e+00  3.27201486e+00  3.26229477e+00  3.24403310e+00  3.21967387e+00
  3.19000149e+00  3.15853024e+00  3.12435460e+00  3.08998775e+00  3.05616021e+00
  3.02226162e+00  2.98966336e+00  2.95844054e+00  2.92912054e+00  2.90163374e+00
  2.87665081e+00  2.85481477e+00  2.83541131e+00  2.81867099e+00  2.80498171e+00
  2.79383111e+00  2.78537250e+00  2.77927136e+00  2.77541327e+00  2.77390456e+00
  2.77450943e+00  2.77747941e+00  2.78242922e+00  2.78931546e+00  2.79835939e+00
  2.80965567e+00  2.82303905e+00  2.83867049e+00  2.85654044e+00  2.87685657e+00
  2.89972305e+00  2.92539501e+00  2.95394015e+00  2.98555231e+00  3.02061248e+00
  3.05930614e+00  3.10205221e+00  3.14927006e+00  3.20129967e+00  3.25889611e+00
  3.32225919e+00  3.39261770e+00  3.47039986e+00  3.55677509e+00  3.65331221e+00
  3.76070023e+00  3.88242483e+00  4.02099514e+00  4.18006468e+00  4.36645699e+00
  4.58657455e+00  4.85666180e+00  5.20900869e+00  5.76053619e+00  7.98806095e+00
   91   89
  1.04745996e+00  0.00000000e+00  1.04912412e+00  1.00000001e-01  1.05250001e+00
  1.65501639e-01  1.05861950e+00  2.50000000e-01  1.06764066e+00  3.49999994e-01
  1.07801354e+00  4.49999988e-01  1.08373511e+00  5.00000000e-01  1.09395516e+00
  6.00000024e-01  1.10381138e+00  6.99999988e-01  1.10958087e+00  7.50000000e-01
  1.12011230e+00  8.50000024e-01  1.12915134e+00  9.49999988e-01  1.13427734e+00
  1.00000000e+00  1.14058852e+00  1.09483194e+00  1.14337087e+00  1.13966382e+00
  1.21187496e+00  1.12486374e+00  1.26499999e+00  1.10945380e+00  1.29439843e+00
  1.10000002e+00  1.34468746e+00  1.08526349e+00  1.39781249e+00  1.07014441e+00
  1.45093751e+00  1.05370486e+00  1.47749996e+00  1.04502809e+00  1.53062499e+00
  1.02719569e+00  1.58375001e+00  1.00679541e+00  1.61031246e+00  9.95671809e-01
  1.66343749e+00  9.71739650e-01  1.70433760e+00  9.49999988e-01  1.74312496e+00
  9.28489804e-01  1.78684676e+00  8.99999976e-01  1.82281256e+00  8.75192285e-01
  1.85484886e+00  8.50000024e-01  1.90250003e+00  8.10131490e-01  1.92906249e+00
  7.85797298e-01  1.96497643e+00  7.50000000e-01  2.00874996e+00  7.02510893e-01
  2.03531241e+00  6.71301365e-01  2.06187510e+00  6.37355804e-01  2.08843923e+00
  6.00000024e-01  2.12089467e+00  5.50000012e-01  2.14952493e+00  5.00000000e-01
  2.17486501e+00  4.49999988e-01  2.19757605e+00  4.00000006e-01  2.22125006e+00
  3.42990637e-01  2.24781251e+00  2.69497812e-01  2.26984644e+00  2.00000003e-01
  2.28261399e+00  1.50000006e-01  2.29920173e+00  5.00000007e-02  2.30159235e+00
  0.00000000e+00  2.30090785e+00 -5.00000007e-02  2.28749490e+00 -1.50000006e-01
  2.27437496e+00 -2.03907281e-01  2.24781251e+00 -2.92361975e-01  2.22672892e+00
 -3.49999994e-01  2.20643783e+00 -4.00000006e-01  2.18369293e+00 -4.49999988e-01
  2.15783215e+00 -5.00000000e-01  2.12806392e+00 -5.50000012e-01  2.09358597e+00
 -6.00000024e-01  2.06187510e+00 -6.40808523e-01  2.03531241e+00 -6.71453476e-01
  2.00811172e+00 -6.99999988e-01  1.95562506e+00 -7.48987913e-01  1.92906249e+00
 -7.71341383e-01  1.89046729e+00 -8.00000012e-01  1.84937501e+00 -8.28222096e-01
  1.81162596e+00 -8.50000024e-01  1.76968753e+00 -8.72496307e-01  1.71656251e+00
 -8.95393193e-01  1.69000006e+00 -9.05270278e-01  1.63687503e+00 -9.22116280e-01
  1.58375001e+00 -9.34211850e-01  1.53062499e+00 -9.41796482e-01  1.47749996e+00
 -9.44697857e-01  1.42437506e+00 -9.42092538e-01  1.37125003e+00 -9.32093084e-01
  1.31812501e+00 -9.10628080e-01  1.29156256e+00 -8.93301189e-01  1.24564493e+00
 -8.50000024e-01  1.21187496e+00 -8.04045141e-01  1.18531251e+00 -7.54183531e-01
  1.16319025e+00 -6.99999988e-01  1.14572418e+00 -6.49999976e-01  1.13063526e+00
 -6.00000024e-01  1.10645735e+00 -5.00000000e-01  1.09564483e+00 -4.49999988e-01
  1.07906246e+00 -3.60724598e-01  1.06970477e+00 -3.00000012e-01  1.05815077e+00
 -2.00000003e-01  1.05250001e+00 -1.30343646e-01  1.04826999e+00 -5.00000007e-02
  1.04745996e+00  0.00000000e+00
  1.01600003e+00  0.00000000e+00  1.01600003e+00  9.63999987e-01  1.01800001e+00
  9.67999995e-01  1.01800001e+00  1.00100005e+00  1.01800001e+00  1.01900005e+00
  1.01800001e+00  1.07700002e+00  1.01800001e+00  1.07000005e+00  1.01800001e+00
  1.09599996e+00  1.01800001e+00  1.11300004e+00  1.01800001e+00  1.13800001e+00
  1.01600003e+00  1.14699996e+00  1.01199996e+00  1.16499996e+00  1.00100005e+00
  1.21700001e+00  1.02900004e+00  1.21700001e+00  1.04200006e+00  1.16240001e+00
  1.04600000e+00  1.16237998e+00  1.05599999e+00  1.16260004e+00  1.09700000e+00
  1.16450000e+00  1.10800004e+00  1.16594005e+00  1.11600006e+00  1.16591001e+00
  1.13399994e+00  1.16895998e+00  1.14800000e+00  1.17174995e+00  1.16199994e+00
  1.17556000e+00  1.18099999e+00  1.18299997e+00  1.18200004e+00  1.18350005e+00
  1.18499994e+00  1.18499994e+00  1.19000006e+00  1.18799996e+00  1.19500005e+00
  1.19099998e+00  1.20099998e+00  1.19599998e+00  1.20899999e+00  1.20200002e+00
  1.21500003e+00  1.20799994e+00  1.22200000e+00  1.21399999e+00  1.22800004e+00
  1.22099996e+00  1.23399997e+00  1.23099995e+00  1.23899996e+00  1.23800004e+00
  1.24199998e+00  1.24399996e+00  1.24800003e+00  1.25399995e+00  1.25800002e+00
  1.27800000e+00  1.26300001e+00  1.28999996e+00  1.27999997e+00  1.33099997e+00
  1.27999997e+00  1.34700000e+00  1.27999997e+00  1.34800005e+00  1.30999994e+00
  1.34800005e+00  1.32799995e+00  1.34800005e+00  1.36099994e+00  1.34800005e+00
  1.38000000e+00  1.34800005e+00  1.41900003e+00  1.34800005e+00  1.41900003e+00
  1.30999994e+00  1.37199998e+00  1.30999994e+00  1.37199998e+00  1.29200006e+00
  1.60800004e+00  1.09500003e+00  1.64699996e+00  1.07700002e+00  1.78499997e+00
  1.07700002e+00  2.06999993e+00  1.03999996e+00  2.12800002e+00  9.92999971e-01
  2.24499989e+00  7.08999991e-01  2.32299995e+00  5.18999994e-01  2.37700009e+00
  3.88999999e-01  2.35200000e+00  4.00000006e-01  2.35100007e+00  3.37000012e-01
  2.35100007e+00  2.04999998e-01  2.35400009e+00  6.80000037e-02  2.35400009e+00
  0.00000000e+00  2.35400009e+00 -6.80000037e-02  2.35299993e+00 -2.04999998e-01
  2.35100007e+00 -3.37000012e-01  2.35299993e+00 -4.00000006e-01  2.37700009e+00
 -3.88999999e-01  2.13400006e+00 -9.72999990e-01  1.78600001e+00 -1.17400002e+00
  1.76800001e+00 -1.21099997e+00  1.76800001e+00 -1.25399995e+00  1.68200004e+00
 -1.25399995e+00  1.67400002e+00 -1.26199996e+00  1.67400002e+00 -1.32900000e+00
  1.68099999e+00 -1.33899999e+00  1.75399995e+00 -1.33899999e+00  1.75399995e+00
 -1.36800003e+00  1.68900001e+00 -1.36800003e+00  1.68900001e+00 -1.36600006e+00
  1.55499995e+00 -1.36600006e+00  1.41199994e+00 -1.36600006e+00  1.27300000e+00
 -1.36600006e+00  1.15300000e+00 -1.36600006e+00  1.01600003e+00 -1.22899997e+00
  1.01600003e+00 -8.00000012e-01  1.01600003e+00 -4.14999992e-01  1.01600003e+00
 -4.00000006e-01  1.01600003e+00  0.00000000e+00
    0 0.000000000e+00    0
  0.00000000e+00  1.20378636e-01  1.71558961e-01  2.09974915e-01  2.43892491e-01
  2.74078727e-01  3.01131546e-01  3.26082826e-01  3.48958462e-01  3.70529443e-01
  3.90516877e-01  4.09511834e-01  4.27441090e-01  4.44382519e-01  4.60660964e-01
  4.76154476e-01  4.90917444e-01  5.05221725e-01  5.18991172e-01  5.32198071e-01
  5.44990897e-01  5.57428658e-01  5.69540560e-01  5.81267118e-01  5.92675090e-01
  6.03876114e-01  6.14868581e-01  6.25589967e-01  6.36096060e-01  6.46430492e-01
  6.56645536e-01  6.66686416e-01  6.76584005e-01  6.86366081e-01  6.96036518e-01
  7.05604136e-01  7.15104818e-01  7.24508643e-01  7.33872235e-01  7.43163347e-01
  7.52393186e-01  7.61607170e-01  7.70801723e-01  7.79974341e-01  7.89144039e-01
  7.98307896e-01  8.07494700e-01  8.16715419e-01  8.25982571e-01  8.35302174e-01
  8.44672143e-01  8.54145527e-01  8.63714933e-01  8.73410940e-01  8.83259237e-01
  8.93222511e-01  9.03415740e-01  9.13851559e-01  9.24537003e-01  9.35547233e-01
  9.46882665e-01  9.58756268e-01  9.71209705e-01  9.84592080e-01  1.00000000e+00
    0
