   EFIT?   05/12/98      #102940   871             3  65  65
  1.70000005e+00  3.20000005e+00  1.69550002e+00  8.39999974e-01  0.00000000e+00
  1.75367570e+00  1.05743129e-02 -2.86233813e-01 -7.72305131e-02 -2.00408006e+00
  1.22863188e+06 -2.86233813e-01  0.00000000e+00  1.75367570e+00  0.00000000e+00
  1.05743129e-02  0.00000000e+00 -7.72305131e-02  0.00000000e+00  0.00000000e+00
 -3.43836260e+00 -3.44229388e+00 -3.44553781e+00 -3.44815660e+00 -3.45020747e+00
 -3.45174241e+00 -3.45280910e+00 -3.45345092e+00 -3.45370770e+00 -3.45361662e+00
 -3.45321155e+00 -3.45252419e+00 -3.45158386e+00 -3.45041823e+00 -3.44905329e+00
 -3.44751382e+00 -3.44582319e+00 -3.44400406e+00 -3.44207835e+00 -3.44006729e+00
 -3.43799186e+00 -3.43587255e+00 -3.43372750e+00 -3.43157339e+00 -3.42942548e+00
 -3.42729735e+00 -3.42520142e+00 -3.42314887e+00 -3.42114925e+00 -3.41921163e+00
 -3.41734385e+00 -3.41555262e+00 -3.41384411e+00 -3.41222334e+00 -3.41069460e+00
 -3.40926147e+00 -3.40792704e+00 -3.40669346e+00 -3.40556192e+00 -3.40453315e+00
 -3.40360737e+00 -3.40278387e+00 -3.40206146e+00 -3.40143824e+00 -3.40091109e+00
 -3.40047669e+00 -3.40013075e+00 -3.39986825e+00 -3.39968324e+00 -3.39956880e+00
 -3.39951730e+00 -3.39951968e+00 -3.39956594e+00 -3.39964485e+00 -3.39974427e+00
 -3.39984989e+00 -3.39994645e+00 -3.40001702e+00 -3.40004253e+00 -3.40000224e+00
 -3.39987302e+00 -3.39962935e+00 -3.39924335e+00 -3.39868426e+00 -3.39791751e+00
  3.96541172e+04  3.49211719e+04  3.07362441e+04  2.70575996e+04  2.38455820e+04
  2.10625117e+04  1.86726113e+04  1.66419277e+04  1.49382490e+04  1.35310439e+04
  1.23913896e+04  1.14919082e+04  1.08067070e+04  1.03113223e+04  9.98266504e+03
  9.79896973e+03  9.73974707e+03  9.78574023e+03  9.91887891e+03  1.01222432e+04
  1.03800254e+04  1.06774941e+04  1.10009629e+04  1.13377607e+04  1.16762021e+04
  1.20055645e+04  1.23160615e+04  1.25988232e+04  1.28458770e+04  1.30501279e+04
  1.32053457e+04  1.33061494e+04  1.33479961e+04  1.33271719e+04  1.32407803e+04
  1.30867402e+04  1.28637803e+04  1.25714326e+04  1.22100361e+04  1.17807344e+04
  1.12854814e+04  1.07270410e+04  1.01089990e+04  9.43576465e+03  8.71258496e+03
  7.94555420e+03  7.14162891e+03  6.30864111e+03  5.45531689e+03  4.59129541e+03
  3.72714868e+03  2.87440747e+03  2.04558459e+03  1.25420300e+03  5.14825439e+02
 -1.56913422e+02 -7.44272705e+02 -1.22936865e+03 -1.59313489e+03 -1.81528125e+03
 -1.87424854e+03 -1.74716125e+03 -1.40977783e+03 -8.36436584e+02  0.00000000e+00
  4.51883650e+00  3.76453090e+00  3.07716107e+00  2.45109034e+00  1.88122118e+00
  1.36295116e+00  8.92130911e-01  4.65028882e-01  7.82978460e-02 -2.71054298e-01
 -5.85690916e-01 -8.67969930e-01 -1.11996484e+00 -1.34348249e+00 -1.54007971e+00
 -1.71107602e+00 -1.85756612e+00 -1.98042905e+00 -2.08033609e+00 -2.15775657e+00
 -2.21313787e+00 -2.24803329e+00 -2.26439810e+00 -2.26402783e+00 -2.24857020e+00
 -2.21954107e+00 -2.17833591e+00 -2.12624407e+00 -2.06445837e+00 -1.99408698e+00
 -1.91616201e+00 -1.83164954e+00 -1.74145758e+00 -1.64644408e+00 -1.54742479e+00
 -1.44517994e+00 -1.34046173e+00 -1.23400033e+00 -1.12651074e+00 -1.01869881e+00
 -9.11267579e-01 -8.04923594e-01 -7.00382710e-01 -5.98376751e-01 -4.99659956e-01
 -4.05015290e-01 -3.15261662e-01 -2.31260970e-01 -1.53925702e-01 -8.42269808e-02
 -2.32030936e-02  2.80313697e-02  6.82757199e-02  9.62325931e-02  1.10496573e-01
  1.09541796e-01  9.17085260e-02  5.51885962e-02 -1.99052691e-03 -8.19830894e-02
 -1.87143996e-01 -3.20049495e-01 -4.83519882e-01 -6.80644333e-01 -9.14807916e-01
 -1.53648138e+06 -1.36211912e+06 -1.20085925e+06 -1.05205425e+06 -9.15083750e+05
 -7.89353500e+05 -6.74294062e+05 -5.69359375e+05 -4.74025469e+05 -3.87789719e+05
 -3.10169375e+05 -2.40700594e+05 -1.78937516e+05 -1.24451180e+05 -7.68286328e+04
 -3.56719766e+04 -5.97552979e+02  2.87649395e+04  5.27732539e+04  7.17733672e+04
  8.61002578e+04  9.60786406e+04  1.02023648e+05  1.04241578e+05  1.03030523e+05
  9.86810391e+04  9.14767891e+04  8.16951562e+04  6.96078750e+04  5.54815898e+04
  3.95784805e+04  2.21568184e+04  3.47153638e+03 -1.62252100e+04 -3.66834883e+04
 -5.76550391e+04 -7.88927266e+04 -1.00150008e+05 -1.21180383e+05 -1.41736844e+05
 -1.61571344e+05 -1.80434250e+05 -1.98073812e+05 -2.14235562e+05 -2.28661812e+05
 -2.41091031e+05 -2.51257312e+05 -2.58889781e+05 -2.63712000e+05 -2.65441344e+05
 -2.63788406e+05 -2.58456312e+05 -2.49140109e+05 -2.35526141e+05 -2.17291250e+05
 -1.94102141e+05 -1.65614625e+05 -1.31472906e+05 -9.13086875e+04 -4.47405195e+04
  8.62718164e+03  6.92049141e+04  1.37419016e+05  2.13712641e+05  2.98546656e+05
 -3.62810083e-02 -4.32653166e-02 -5.07393107e-02 -5.86479716e-02 -6.68336526e-02
 -7.50212148e-02 -8.25928226e-02 -8.93165693e-02 -9.73697156e-02 -8.44991505e-02
 -7.73501769e-02 -7.23833963e-02 -6.97370321e-02 -6.56457022e-02 -5.83962724e-02
 -5.41590899e-02 -4.77629006e-02 -3.84264812e-02 -3.19076777e-02 -2.18237005e-02
 -8.32430925e-03  3.95666761e-03  1.58412643e-02  2.78044976e-02  4.02023531e-02
  5.33724539e-02  6.77033737e-02  8.37092772e-02  1.02134526e-01  1.23860277e-01
  1.44259214e-01  1.55321658e-01  1.65722877e-01  1.66565508e-01  1.66701376e-01
  1.55929074e-01  1.44214094e-01  1.35600656e-01  1.29273877e-01  1.24592364e-01
  1.21145122e-01  1.18659787e-01  1.16946839e-01  1.15867391e-01  1.15314551e-01
  1.15202330e-01  1.15458891e-01  1.16022162e-01  1.16836905e-01  1.17852800e-01
  1.19023181e-01  1.20304257e-01  1.21654771e-01  1.23036020e-01  1.24412045e-01
  1.25750080e-01  1.27021015e-01  1.28199935e-01  1.29266530e-01  1.30205348e-01
  1.31005883e-01  1.31662428e-01  1.32173672e-01  1.32542253e-01  1.32773951e-01
 -4.32245173e-02 -5.17292954e-02 -6.12394027e-02 -7.18915612e-02 -8.34190398e-02
 -9.50574651e-02 -1.09245926e-01 -1.08915120e-01 -1.07783563e-01 -9.58204120e-02
 -8.57838020e-02 -7.82546774e-02 -7.23993704e-02 -6.64940178e-02 -5.99518009e-02
 -5.38860932e-02 -4.69589233e-02 -3.89132798e-02 -3.08993924e-02 -2.13831570e-02
 -1.02956370e-02  9.69967747e-04  1.23587977e-02  2.40549743e-02  3.62922661e-02
  4.93480228e-02  6.35724366e-02  7.94455260e-02  9.76791978e-02  1.19231604e-01
  1.39852881e-01  1.50393605e-01  1.61323279e-01  1.61797687e-01  1.62720516e-01
  1.51849940e-01  1.40569597e-01  1.32416323e-01  1.26509830e-01  1.22230902e-01
  1.19184248e-01  1.17104910e-01  1.15806505e-01  1.15151741e-01  1.15034692e-01
  1.15369871e-01  1.16085172e-01  1.17117293e-01  1.18408650e-01  1.19905300e-01
  1.21555679e-01  1.23309880e-01  1.25119507e-01  1.26937971e-01  1.28721088e-01
  1.30428046e-01  1.32022530e-01  1.33473709e-01  1.34757146e-01  1.35855466e-01
  1.36758402e-01  1.37462646e-01  1.37971163e-01  1.38292193e-01  1.38438120e-01
 -4.81944382e-02 -5.75940162e-02 -6.84770271e-02 -8.15721750e-02 -9.80474651e-02
 -1.07525058e-01 -1.13135815e-01 -1.09741278e-01 -1.03458136e-01 -9.39651057e-02
 -8.50628540e-02 -7.74029419e-02 -7.05606043e-02 -6.40901849e-02 -5.76763339e-02
 -5.11210561e-02 -4.42336276e-02 -3.68803963e-02 -2.89828870e-02 -2.04490963e-02
 -1.12779792e-02 -1.57601666e-03  8.58127698e-03  1.92032531e-02  3.03641912e-02
  4.21791002e-02  5.47869876e-02  6.83301091e-02  8.28924775e-02  9.81789976e-02
  1.12054557e-01  1.22332446e-01  1.29915625e-01  1.33435681e-01  1.34100705e-01
  1.30690441e-01  1.25764325e-01  1.21429808e-01  1.18015096e-01  1.15493678e-01
  1.13776736e-01  1.12769149e-01  1.12383470e-01  1.12542465e-01  1.13177985e-01
  1.14228807e-01  1.15638435e-01  1.17353052e-01  1.19319931e-01  1.21486150e-01
  1.23797745e-01  1.26199365e-01  1.28634512e-01  1.31046385e-01  1.33379251e-01
  1.35580525e-01  1.37602851e-01  1.39406443e-01  1.40960887e-01  1.42246425e-01
  1.43254340e-01  1.43986419e-01  1.44453704e-01  1.44674599e-01  1.44672692e-01
 -5.05861565e-02 -5.96205853e-02 -6.97860792e-02 -8.16288814e-02 -9.51687917e-02
 -1.00887641e-01 -1.00434013e-01 -9.65815857e-02 -9.10337940e-02 -8.51309523e-02
 -7.90728331e-02 -7.30501115e-02 -6.71208054e-02 -6.12298734e-02 -5.52775115e-02
 -4.91585918e-02 -4.27773781e-02 -3.60549241e-02 -2.89327390e-02 -2.13749073e-02
 -1.33713465e-02 -4.93269833e-03  3.92544456e-03  1.31953824e-02  2.28779111e-02
  3.29710990e-02  4.34479304e-02  5.42182103e-02  6.50671124e-02  7.55842105e-02
  8.51835608e-02  9.33196470e-02  9.96555388e-02  1.04048461e-01  1.06561407e-01
  1.07479468e-01  1.07342936e-01  1.06757395e-01  1.06162257e-01  1.05804957e-01
  1.05805889e-01  1.06214173e-01  1.07040688e-01  1.08275689e-01  1.09897941e-01
  1.11879125e-01  1.14185736e-01  1.16779536e-01  1.19617291e-01  1.22650199e-01
  1.25823244e-01  1.29074976e-01  1.32337838e-01  1.35539651e-01  1.38606176e-01
  1.41464829e-01  1.44049332e-01  1.46304205e-01  1.48188889e-01  1.49680257e-01
  1.50773421e-01  1.51480615e-01  1.51828378e-01  1.51853576e-01  1.51599124e-01
 -5.12438752e-02 -5.89587316e-02 -6.66958243e-02 -7.43806288e-02 -8.12728405e-02
 -8.45432654e-02 -8.43882263e-02 -8.26753974e-02 -7.98646659e-02 -7.62758851e-02
 -7.21694455e-02 -6.77196831e-02 -6.30254745e-02 -5.81257567e-02 -5.30186482e-02
 -4.76795323e-02 -4.20747772e-02 -3.61710452e-02 -2.99412236e-02 -2.33679395e-02
 -1.64449308e-02 -9.17629711e-03 -1.57453422e-03  6.34038728e-03  1.45386476e-02
  2.29737386e-02  3.15712392e-02  4.02148217e-02  4.87344489e-02  5.69071285e-02
  6.44819066e-02  7.12267533e-02  7.69753233e-02  8.16561133e-02  8.53045955e-02
  8.80600885e-02  9.01418924e-02  9.18022692e-02  9.32756588e-02  9.47487578e-02
  9.63551477e-02  9.81832221e-02  1.00287311e-01  1.02697283e-01  1.05425462e-01
  1.08471014e-01  1.11822382e-01  1.15458257e-01  1.19347297e-01  1.23447187e-01
  1.27703130e-01  1.32046372e-01  1.36393562e-01  1.40647799e-01  1.44702524e-01
  1.48448467e-01  1.51783183e-01  1.54621184e-01  1.56902567e-01  1.58598647e-01
  1.59713537e-01  1.60281330e-01  1.60359517e-01  1.60019979e-01  1.59339815e-01
 -5.25236912e-02 -5.91963008e-02 -6.42604381e-02 -6.80594444e-02 -7.09143355e-02
 -7.26471841e-02 -7.31404573e-02 -7.25252330e-02 -7.10109174e-02 -6.87868670e-02
 -6.60071075e-02 -6.27888814e-02 -5.92136458e-02 -5.53314164e-02 -5.11672907e-02
 -4.67289798e-02 -4.20138575e-02 -3.70149128e-02 -3.17253135e-02 -2.61416081e-02
 -2.02658568e-02 -1.41068744e-02 -7.68118957e-03 -1.01431529e-03  5.85713098e-03
  1.28823090e-02  1.99925639e-02  2.70987116e-02  3.40913460e-02  4.08465713e-02
  4.72382568e-02  5.31550162e-02  5.85175529e-02  6.32917583e-02  6.74947053e-02
  7.11922422e-02  7.44884536e-02  7.75091499e-02  8.03840682e-02  8.32328275e-02
  8.61569420e-02  8.92374143e-02  9.25357789e-02  9.60966647e-02  9.99504402e-02
  1.04115307e-01  1.08598493e-01  1.13396302e-01  1.18492953e-01  1.23858042e-01
  1.29442602e-01  1.35173872e-01  1.40949830e-01  1.46635666e-01  1.52066454e-01
  1.57059982e-01  1.61439255e-01  1.65056899e-01  1.67814136e-01  1.69671983e-01
  1.70655087e-01  1.70846179e-01  1.70369610e-01  1.69367731e-01  1.67979285e-01
 -5.72468378e-02 -6.58118352e-02 -6.50205314e-02 -6.45079017e-02 -6.51527196e-02
 -6.57007396e-02 -6.58184513e-02 -6.54010922e-02 -6.44444078e-02 -6.29883707e-02
 -6.10870533e-02 -5.87931164e-02 -5.61505407e-02 -5.31920791e-02 -4.99395803e-02
 -4.64059524e-02 -4.25978489e-02 -3.85185182e-02 -3.41703929e-02 -2.95572970e-02
 -2.46862099e-02 -1.95687003e-02 -1.42221190e-02 -8.67075939e-03 -2.94700358e-03
  2.90762610e-03  8.84186942e-03  1.47951273e-02  2.06995141e-02  2.64840182e-02
  3.20807062e-02  3.74321789e-02  4.24988456e-02  4.72645126e-02  5.17390221e-02
  5.59573993e-02  5.99756502e-02  6.38642460e-02  6.77007437e-02  7.15630725e-02
  7.55245686e-02  7.96509907e-02  8.39993507e-02  8.86178613e-02  9.35464874e-02
  9.88176316e-02  1.04456417e-01  1.10480249e-01  1.16897166e-01  1.23702221e-01
  1.30870819e-01  1.38347536e-01  1.46028638e-01  1.53738305e-01  1.61207244e-01
  1.68086857e-01  1.74026862e-01  1.78752810e-01  1.82091668e-01  1.83980286e-01
  1.84480518e-01  1.83789790e-01  1.82200298e-01  1.80010185e-01  1.77465796e-01
 -5.07621765e-02 -5.61460927e-02 -5.89552149e-02 -6.00112453e-02 -6.04133382e-02
 -6.05650619e-02 -6.04995191e-02 -6.01728894e-02 -5.95490858e-02 -5.86123690e-02
 -5.73626757e-02 -5.58086298e-02 -5.39620295e-02 -5.18343747e-02 -4.94351313e-02
 -4.67713103e-02 -4.38478999e-02 -4.06687856e-02 -3.72378714e-02 -3.35602313e-02
 -2.96432022e-02 -2.54973304e-02 -2.11371873e-02 -1.65820420e-02 -1.18563231e-02
 -6.98979897e-03 -2.01728917e-03  3.02226329e-03  8.08753259e-03  1.31374020e-02
  1.81342587e-02  2.30476018e-02  2.78574359e-02  3.25568393e-02  3.71532626e-02
  4.16683257e-02  4.61361669e-02  5.06007224e-02  5.51124923e-02  5.97253554e-02
  6.44938797e-02  6.94714636e-02  7.47092664e-02  8.02558884e-02  8.61576572e-02
  9.24591497e-02  9.92039740e-02  1.06435314e-01  1.14195988e-01  1.22527324e-01
  1.31465241e-01  1.41030431e-01  1.51204988e-01  1.61881059e-01  1.72746330e-01
  1.82846755e-01  1.91276640e-01  1.97669432e-01  2.01773182e-01  2.03452051e-01
  2.02679709e-01  1.99846566e-01  1.95994228e-01  1.91720665e-01  1.87383920e-01
 -5.21856919e-02 -5.95680624e-02 -5.81358857e-02 -5.65527864e-02 -5.62349744e-02
 -5.61672114e-02 -5.61174713e-02 -5.59863634e-02 -5.57138324e-02 -5.52601628e-02
 -5.45998029e-02 -5.37172742e-02 -5.26038408e-02 -5.12548648e-02 -4.96679619e-02
 -4.78419363e-02 -4.57762927e-02 -4.34712134e-02 -4.09278460e-02 -3.81487273e-02
 -3.51382978e-02 -3.19033749e-02 -2.84535736e-02 -2.48015933e-02 -2.09633354e-02
 -1.69577878e-02 -1.28065813e-02 -8.53319187e-03 -4.16174252e-03  2.84560811e-04
  4.78525646e-03  9.32452455e-03  1.38929216e-02  1.84887219e-02  2.31186636e-02
  2.77980082e-02  3.25499699e-02  3.74046080e-02  4.23974507e-02  4.75680716e-02
  5.29588573e-02  5.86141609e-02  6.45799115e-02  7.09037557e-02  7.76357874e-02
  8.48298073e-02  9.25452858e-02  1.00850061e-01  1.09824151e-01  1.19565032e-01
  1.30195394e-01  1.41874835e-01  1.54818475e-01  1.69319034e-01  1.85623214e-01
  2.01888755e-01  2.12944895e-01  2.22379461e-01  2.27368504e-01  2.28638858e-01
  2.26864472e-01  2.19049960e-01  2.10775539e-01  2.03272015e-01  1.96554706e-01
 -4.37257364e-02 -4.85442542e-02 -5.07883020e-02 -5.14110364e-02 -5.16096875e-02
 -5.18107936e-02 -5.20597696e-02 -5.23108169e-02 -5.25086075e-02 -5.26062958e-02
 -5.25678433e-02 -5.23665734e-02 -5.19830510e-02 -5.14030717e-02 -5.06161153e-02
 -4.96142022e-02 -4.83912043e-02 -4.69424799e-02 -4.52647731e-02 -4.33562957e-02
 -4.12169024e-02 -3.88482884e-02 -3.62541527e-02 -3.34402844e-02 -3.04145515e-02
 -2.71867216e-02 -2.37681102e-02 -2.01710258e-02 -1.64080057e-02 -1.24908891e-02
 -8.42975918e-03 -4.23187111e-03  9.93356443e-05  4.56503639e-03  9.17153433e-03
  1.39304549e-02  1.88586339e-02  2.39777695e-02  2.93139387e-02  3.48970853e-02
  4.07606177e-02  4.69412468e-02  5.34791462e-02  6.04185387e-02  6.78088367e-02
  7.57064670e-02  8.41776505e-02  9.33024436e-02  1.03180788e-01  1.13941714e-01
  1.25757769e-01  1.38868913e-01  1.53624088e-01  1.70551986e-01  1.90372005e-01
  2.11753219e-01  2.26520568e-01  2.38234803e-01  2.45249853e-01  2.46542767e-01
  2.44936436e-01  2.34720975e-01  2.22413749e-01  2.11733952e-01  2.02822879e-01
 -4.12884168e-02 -4.73552458e-02 -4.73570749e-02 -4.64519523e-02 -4.66418713e-02
 -4.72453386e-02 -4.80244495e-02 -4.88633588e-02 -4.96896058e-02 -5.04522920e-02
 -5.11137620e-02 -5.16453572e-02 -5.20247594e-02 -5.22341877e-02 -5.22590987e-02
 -5.20872660e-02 -5.17081805e-02 -5.11126854e-02 -5.02928309e-02 -4.92418855e-02
 -4.79544438e-02 -4.64265309e-02 -4.46556509e-02 -4.26408276e-02 -4.03825380e-02
 -3.78826298e-02 -3.51441167e-02 -3.21708620e-02 -2.89671645e-02 -2.55372226e-02
 -2.18845252e-02 -1.80111825e-02 -1.39172906e-02 -9.60035902e-03 -5.05489018e-03
 -2.72143865e-04  4.75996872e-03  1.00568915e-02  1.56373773e-02  2.15234384e-02
  2.77403574e-02  3.43168601e-02  4.12854962e-02  4.86833490e-02  5.65531440e-02
  6.49449229e-02  7.39184469e-02  8.35465863e-02  9.39201340e-02  1.05154529e-01
  1.17399164e-01  1.30849719e-01  1.45762786e-01  1.62471145e-01  1.81418940e-01
  2.03254357e-01  2.23389328e-01  2.34092638e-01  2.45118812e-01  2.46283725e-01
  2.46086374e-01  2.39491269e-01  2.25763634e-01  2.13572890e-01  2.03742251e-01
 -3.07564009e-02 -3.51318680e-02 -3.76162343e-02 -3.91444787e-02 -4.06403057e-02
 -4.22455519e-02 -4.39065620e-02 -4.55675013e-02 -4.71868850e-02 -4.87331524e-02
 -5.01809008e-02 -5.15087545e-02 -5.26981391e-02 -5.37324548e-02 -5.45965061e-02
 -5.52760549e-02 -5.57575151e-02 -5.60277738e-02 -5.60741723e-02 -5.58846705e-02
 -5.54482862e-02 -5.47551960e-02 -5.37967160e-02 -5.25652617e-02 -5.10543585e-02
 -4.92586903e-02 -4.71740998e-02 -4.47975509e-02 -4.21270169e-02 -3.91612463e-02
 -3.58994380e-02 -3.23407985e-02 -2.84839794e-02 -2.43265145e-02 -1.98643636e-02
 -1.50918141e-02 -1.00013176e-02 -4.58327262e-03  1.17417856e-03  7.28528807e-03
  1.37668652e-02  2.06385069e-02  2.79229302e-02  3.56464572e-02  4.38396968e-02
  5.25384396e-02  6.17848411e-02  7.16288760e-02  8.21300298e-02  9.33591276e-02
  1.05399869e-01  1.18349545e-01  1.32317945e-01  1.47424668e-01  1.63805142e-01
  1.81742743e-01  2.02674195e-01  2.14777932e-01  2.22286254e-01  2.31200874e-01
  2.27064356e-01  2.29315445e-01  2.17065617e-01  2.05855295e-01  1.97661892e-01
 -2.04959866e-02 -2.40846388e-02 -2.77463589e-02 -3.12098358e-02 -3.43441442e-02
 -3.72366458e-02 -3.99700366e-02 -4.25847881e-02 -4.50949334e-02 -4.75009605e-02
 -4.97965440e-02 -5.19717820e-02 -5.40147312e-02 -5.59121445e-02 -5.76497987e-02
 -5.92126027e-02 -6.05845749e-02 -6.17487468e-02 -6.26871511e-02 -6.33809939e-02
 -6.38133734e-02 -6.39687851e-02 -6.38325140e-02 -6.33903965e-02 -6.26289397e-02
 -6.15356714e-02 -6.00994751e-02 -5.83109185e-02 -5.61624914e-02 -5.36487214e-02
 -5.07661365e-02 -4.75129560e-02 -4.38883975e-02 -3.98915075e-02 -3.55199799e-02
 -3.07715610e-02 -2.56438702e-02 -2.01337095e-02 -1.42364521e-02 -7.94600323e-03
 -1.25467672e-03  5.84698282e-03  1.33703342e-02  2.13287547e-02  2.97377296e-02
  3.86148877e-02  4.79798727e-02  5.78538924e-02  6.82587177e-02  7.92145729e-02
  9.07361954e-02  1.02825694e-01  1.15459695e-01  1.28565744e-01  1.41974330e-01
  1.55307233e-01  1.67768285e-01  1.78265363e-01  1.86317176e-01  1.91788092e-01
  1.94566190e-01  1.94892347e-01  1.92954376e-01  1.89616755e-01  1.85931310e-01
 -1.23546850e-02 -1.54231694e-02 -2.02147551e-02 -2.49375179e-02 -2.91193053e-02
 -3.29981409e-02 -3.66722383e-02 -4.01921310e-02 -4.35846522e-02 -4.68622744e-02
 -5.00281341e-02 -5.30791357e-02 -5.60077578e-02 -5.88031448e-02 -6.14517443e-02
 -6.39377162e-02 -6.62430599e-02 -6.83468953e-02 -7.02254549e-02 -7.18434975e-02
 -7.31800869e-02 -7.42164254e-02 -7.49325678e-02 -7.53073320e-02 -7.53191784e-02
 -7.49472901e-02 -7.41725639e-02 -7.29784295e-02 -7.13515878e-02 -6.92826435e-02
 -6.67666346e-02 -6.38033375e-02 -6.03966489e-02 -5.65512776e-02 -5.22615910e-02
 -4.75294329e-02 -4.23599593e-02 -3.67584229e-02 -3.07275094e-02 -2.42695846e-02
 -1.73866283e-02 -1.00797098e-02 -2.34916736e-03  5.80513803e-03  1.43834632e-02
  2.33856011e-02  3.28099616e-02  4.26521078e-02  5.29024713e-02  6.35428801e-02
  7.45412633e-02  8.58437940e-02  9.73633900e-02  1.08963445e-01  1.20437548e-01
  1.31492794e-01  1.41761228e-01  1.50867000e-01  1.58517897e-01  1.64545894e-01
  1.68908626e-01  1.71689063e-01  1.73093125e-01  1.73435092e-01  1.73065007e-01
 -8.24605580e-03 -1.16999066e-02 -1.59297492e-02 -2.05724146e-02 -2.52384059e-02
 -2.97955796e-02 -3.42287980e-02 -3.85490991e-02 -4.27683592e-02 -4.68937904e-02
 -5.09274080e-02 -5.48665300e-02 -5.87042868e-02 -6.24299683e-02 -6.60292581e-02
 -6.94850087e-02 -7.27797896e-02 -7.58885220e-02 -7.88117796e-02 -8.14066604e-02
 -8.36919844e-02 -8.56572986e-02 -8.72777700e-02 -8.85220319e-02 -8.93567130e-02
 -8.97492766e-02 -8.96697938e-02 -8.90922472e-02 -8.79955217e-02 -8.63646120e-02
 -8.41923058e-02 -8.14822689e-02 -7.82549903e-02 -7.45600015e-02 -7.03251436e-02
 -6.55713677e-02 -6.03227727e-02 -5.46024367e-02 -4.84122671e-02 -4.17633094e-02
 -3.46689969e-02 -2.71402653e-02 -1.91882793e-02 -1.08249029e-02 -2.06320547e-03
  7.08180061e-03  1.65920686e-02  2.64449194e-02  3.66108268e-02  4.70504276e-02
  5.77106215e-02  6.85197860e-02  7.93822855e-02  9.01733190e-02  1.00736119e-01
  1.10885203e-01  1.20419435e-01  1.29144952e-01  1.36901334e-01  1.43581986e-01
  1.49144784e-01  1.53614178e-01  1.57074973e-01  1.59656897e-01  1.61510631e-01
 -2.57801823e-03 -5.64497849e-03 -1.13608781e-02 -1.70221254e-02 -2.23087203e-02
 -2.74840016e-02 -3.25937085e-02 -3.76485102e-02 -4.26512100e-02 -4.76016849e-02
 -5.24975806e-02 -5.73341735e-02 -6.21037818e-02 -6.67946637e-02 -7.13888854e-02
 -7.58589208e-02 -8.02138150e-02 -8.43069926e-02 -8.81675854e-02 -9.17711630e-02
 -9.50862467e-02 -9.80733261e-02 -1.00687861e-01 -1.02883719e-01 -1.04616031e-01
 -1.05843261e-01 -1.06528468e-01 -1.06640093e-01 -1.06152363e-01 -1.05045602e-01
 -1.03306524e-01 -1.00928605e-01 -9.79121476e-02 -9.42626223e-02 -8.99831057e-02
 -8.50992501e-02 -7.96685144e-02 -7.38027692e-02 -6.73953667e-02 -6.04901537e-02
 -5.31293117e-02 -4.53239717e-02 -3.70944776e-02 -2.84629371e-02 -1.94533318e-02
 -1.00917947e-02 -4.07491403e-04  9.56611894e-03  1.97896436e-02  3.02157737e-02
  4.07870561e-02  5.14336266e-02  6.20713271e-02  7.26008788e-02  8.29089582e-02
  9.28721353e-02  1.02364004e-01  1.11264862e-01  1.19472072e-01  1.26908943e-01
  1.33530304e-01  1.39324084e-01  1.44308746e-01  1.48527101e-01  1.52037680e-01
 -8.53825593e-04 -4.52337228e-03 -9.20131803e-03 -1.45494109e-02 -2.01661624e-02
 -2.58767791e-02 -3.16256247e-02 -3.73913683e-02 -4.31624316e-02 -4.89309803e-02
 -5.46910428e-02 -6.04375899e-02 -6.61658272e-02 -7.18700141e-02 -7.75401667e-02
 -8.29759091e-02 -8.82516652e-02 -9.33626443e-02 -9.82826501e-02 -1.02966063e-01
 -1.07356802e-01 -1.11394197e-01 -1.15017332e-01 -1.18168280e-01 -1.20794237e-01
 -1.22848839e-01 -1.24292605e-01 -1.25092983e-01 -1.25223875e-01 -1.24665216e-01
 -1.23402238e-01 -1.21424958e-01 -1.18727624e-01 -1.15308397e-01 -1.11169830e-01
 -1.06322989e-01 -1.00790210e-01 -9.46052298e-02 -8.78036171e-02 -8.04741085e-02
 -7.27905929e-02 -6.46212474e-02 -5.60222380e-02 -4.70256023e-02 -3.76653299e-02
 -2.79756412e-02 -1.79925095e-02 -7.75451865e-03  2.69594137e-03  1.33114550e-02
  2.40383223e-02  3.48154828e-02  4.55739275e-02  5.62368371e-02  6.67207837e-02
  7.69380480e-02  8.68001282e-02  9.62218717e-02  1.05125777e-01  1.13445669e-01
  1.21129110e-01  1.28138483e-01  1.34450629e-01  1.40055537e-01  1.44954652e-01
  4.00836486e-03  6.67833199e-04 -5.66117791e-03 -1.21010598e-02 -1.83735825e-02
 -2.47193929e-02 -3.11503299e-02 -3.76497172e-02 -4.42016572e-02 -5.07950932e-02
 -5.74233159e-02 -6.40834719e-02 -7.07776770e-02 -7.75176361e-02 -8.40665027e-02
 -9.04954299e-02 -9.68225822e-02 -1.03022844e-01 -1.09043710e-01 -1.14816546e-01
 -1.20265692e-01 -1.25315160e-01 -1.29893288e-01 -1.33935690e-01 -1.37386665e-01
 -1.40199691e-01 -1.42337024e-01 -1.43768966e-01 -1.44472793e-01 -1.44431576e-01
 -1.43633202e-01 -1.42069221e-01 -1.39734209e-01 -1.36625126e-01 -1.32741377e-01
 -1.28085509e-01 -1.22664340e-01 -1.16490766e-01 -1.09587230e-01 -1.01995520e-01
 -9.37825516e-02 -8.50338861e-02 -7.59382471e-02 -6.64445311e-02 -5.66029251e-02
 -4.64501902e-02 -3.60261612e-02 -2.53702439e-02 -1.45235443e-02 -3.52907320e-03
  7.56710023e-03  1.87149812e-02  2.98602823e-02  4.09445278e-02  5.19056283e-02
  6.26788288e-02  7.31979087e-02  8.33964199e-02  9.32087526e-02  1.02570727e-01
  1.11419857e-01  1.19695313e-01  1.27338320e-01  1.34293407e-01  1.40511304e-01
  5.49620576e-03  1.56518677e-03 -3.73680331e-03 -1.00295329e-02 -1.68249235e-02
 -2.38665063e-02 -3.10489368e-02 -3.83289605e-02 -4.56877649e-02 -5.31165712e-02
 -6.06105141e-02 -6.81652054e-02 -7.57737756e-02 -8.34240690e-02 -9.09589604e-02
 -9.84358042e-02 -1.05845131e-01 -1.13134705e-01 -1.20227396e-01 -1.27034456e-01
 -1.33465365e-01 -1.39434472e-01 -1.44865230e-01 -1.49692178e-01 -1.53861538e-01
 -1.57330662e-01 -1.60066858e-01 -1.62045941e-01 -1.63250536e-01 -1.63668662e-01
 -1.63292378e-01 -1.62116647e-01 -1.60138473e-01 -1.57356337e-01 -1.53769687e-01
 -1.49378836e-01 -1.44185081e-01 -1.38191447e-01 -1.31404370e-01 -1.23837218e-01
 -1.15515284e-01 -1.06483214e-01 -9.68197063e-02 -8.66400450e-02 -7.61780888e-02
 -6.54145628e-02 -5.44053242e-02 -4.31831107e-02 -3.17868590e-02 -2.02510301e-02
 -8.61097407e-03  3.09570716e-03  1.48290107e-02  2.65466832e-02  3.82043943e-02
  4.97557782e-02  6.11522011e-02  7.23420531e-02  8.32693800e-02  9.38717350e-02
  1.04077347e-01  1.13802120e-01  1.22947916e-01  1.31404072e-01  1.39054611e-01
  1.08314836e-02  7.24854972e-03  6.26169087e-04 -7.28176860e-03 -1.52754961e-02
 -2.32730787e-02 -3.13111879e-02 -3.94132845e-02 -4.75933738e-02 -5.58614098e-02
 -6.42248467e-02 -7.26872087e-02 -8.12421739e-02 -8.97277743e-02 -9.82186571e-02
 -1.06714137e-01 -1.15161255e-01 -1.23474494e-01 -1.31551981e-01 -1.39288053e-01
 -1.46582052e-01 -1.53344035e-01 -1.59497648e-01 -1.64981037e-01 -1.69746220e-01
 -1.73757613e-01 -1.76990032e-01 -1.79426447e-01 -1.81055918e-01 -1.81871802e-01
 -1.81870207e-01 -1.81048989e-01 -1.79407075e-01 -1.76944047e-01 -1.73659965e-01
 -1.69555113e-01 -1.64629847e-01 -1.58884376e-01 -1.52318910e-01 -1.44934416e-01
 -1.36734799e-01 -1.27731323e-01 -1.17950886e-01 -1.07448332e-01 -9.63269547e-02
 -8.47488716e-02 -7.30348229e-02 -6.11063391e-02 -4.90380377e-02 -3.68366241e-02
 -2.45219115e-02 -1.21186273e-02  3.46859160e-04  1.28477402e-02  2.53570545e-02
  3.78473513e-02  5.02897315e-02  6.26519620e-02  7.48953372e-02  8.69696066e-02
  9.88055244e-02  1.10304587e-01  1.21326990e-01  1.31682619e-01  1.41137257e-01
  1.45568671e-02  1.11901751e-02  3.45859770e-03 -5.60672395e-03 -1.44835506e-02
 -2.32837368e-02 -3.20947245e-02 -4.09632772e-02 -4.99206521e-02 -5.89923896e-02
 -6.82040602e-02 -7.75877833e-02 -8.68932903e-02 -9.62488130e-02 -1.05680086e-01
 -1.15142547e-01 -1.24546863e-01 -1.33779645e-01 -1.42719805e-01 -1.51250243e-01
 -1.59265637e-01 -1.66676596e-01 -1.73411325e-01 -1.79415241e-01 -1.84649333e-01
 -1.89087734e-01 -1.92714810e-01 -1.95522264e-01 -1.97506443e-01 -1.98666066e-01
 -1.99000627e-01 -1.98509380e-01 -1.97191060e-01 -1.95043966e-01 -1.92066371e-01
 -1.88256949e-01 -1.83614969e-01 -1.78140134e-01 -1.71831980e-01 -1.64689213e-01
 -1.56709313e-01 -1.47889450e-01 -1.38229817e-01 -1.27740994e-01 -1.16457075e-01
 -1.04455404e-01 -9.18859318e-02 -7.89856613e-02 -6.62222207e-02 -5.32861724e-02
 -4.02112938e-02 -2.70211212e-02 -1.37328422e-02 -3.58971098e-04  1.30917979e-02
  2.66139526e-02  4.02042866e-02  5.38602993e-02  6.75771907e-02  8.13423321e-02
  9.51250941e-02  1.08858615e-01  1.22407377e-01  1.35509640e-01  1.47676632e-01
  1.43982098e-02  1.03854714e-02  3.29581695e-03 -5.48933120e-03 -1.47153856e-02
 -2.40610540e-02 -3.34861465e-02 -4.30053398e-02 -5.26423827e-02 -6.24207780e-02
 -7.23623410e-02 -8.24876577e-02 -9.26124528e-02 -1.02841586e-01 -1.13168709e-01
 -1.23517044e-01 -1.33769944e-01 -1.43793911e-01 -1.53455302e-01 -1.62631407e-01
 -1.71216935e-01 -1.79127082e-01 -1.86297983e-01 -1.92685291e-01 -1.98261708e-01
 -2.03013495e-01 -2.06936777e-01 -2.10033640e-01 -2.12308779e-01 -2.13766620e-01
 -2.14409426e-01 -2.14236438e-01 -2.13243827e-01 -2.11425439e-01 -2.08774120e-01
 -2.05283046e-01 -2.00946972e-01 -1.95762902e-01 -1.89729840e-01 -1.82847753e-01
 -1.75115883e-01 -1.66530967e-01 -1.57086670e-01 -1.46775603e-01 -1.35596201e-01
 -1.23566709e-01 -1.10749297e-01 -9.72853750e-02 -8.34455341e-02 -6.96550831e-02
 -5.57376966e-02 -4.17016819e-02 -2.75488794e-02 -1.32745048e-02  1.13317161e-03
  1.56933572e-02  3.04334890e-02  4.53900695e-02  6.06093518e-02  7.61473700e-02
  9.20683667e-02  1.08438559e-01  1.25303850e-01  1.42600939e-01  1.59586102e-01
  1.70832835e-02  1.36716254e-02  4.51019546e-03 -5.77330822e-03 -1.56507920e-02
 -2.55021658e-02 -3.54387350e-02 -4.55043018e-02 -5.57265803e-02 -6.61269799e-02
 -7.67204314e-02 -8.75090808e-02 -9.83862951e-02 -1.09410867e-01 -1.20536566e-01
 -1.31654322e-01 -1.42623588e-01 -1.53295442e-01 -1.63528293e-01 -1.73197761e-01
 -1.82202011e-01 -1.90463603e-01 -1.97929129e-01 -2.04567075e-01 -2.10364267e-01
 -2.15321600e-01 -2.19449043e-01 -2.22760707e-01 -2.25270435e-01 -2.26988465e-01
 -2.27919206e-01 -2.28060514e-01 -2.27404222e-01 -2.25937515e-01 -2.23644793e-01
 -2.20509917e-01 -2.16518760e-01 -2.11661085e-01 -2.05931574e-01 -1.99329510e-01
 -1.91857189e-01 -1.83516800e-01 -1.74307093e-01 -1.64220944e-01 -1.53246045e-01
 -1.41371146e-01 -1.28600970e-01 -1.14983097e-01 -1.00648463e-01 -8.58618543e-02
 -7.10737631e-02 -5.61866648e-02 -4.11873125e-02 -2.60544885e-02 -1.07577182e-02
  4.74444544e-03  2.05072053e-02  3.66035253e-02  5.31298108e-02  7.02140853e-02
  8.80288184e-02  1.06813669e-01  1.26929015e-01  1.49073631e-01  1.76420614e-01
  1.36636291e-02  9.11758747e-03  1.68536603e-03 -7.54081830e-03 -1.74137931e-02
 -2.75438037e-02 -3.78611051e-02 -4.83719110e-02 -5.90971746e-02 -7.00611919e-02
 -8.12941194e-02 -9.26105231e-02 -1.04126625e-01 -1.15832172e-01 -1.27633020e-01
 -1.39386848e-01 -1.50931448e-01 -1.62105545e-01 -1.72762677e-01 -1.82779416e-01
 -1.92059532e-01 -2.00535119e-01 -2.08165467e-01 -2.14934245e-01 -2.20845044e-01
 -2.25915760e-01 -2.30172381e-01 -2.33641893e-01 -2.36346319e-01 -2.38299593e-01
 -2.39506021e-01 -2.39960387e-01 -2.39648834e-01 -2.38550901e-01 -2.36641869e-01
 -2.33895764e-01 -2.30288103e-01 -2.25798219e-01 -2.20411301e-01 -2.14120463e-01
 -2.06927150e-01 -1.98838100e-01 -1.89860791e-01 -1.79997936e-01 -1.69243008e-01
 -1.57579377e-01 -1.44986391e-01 -1.31455734e-01 -1.17022395e-01 -1.01813033e-01
 -8.61105397e-02 -7.04209507e-02 -5.46505414e-02 -3.87658142e-02 -2.27229930e-02
 -6.46738987e-03  1.00709097e-02  2.69831121e-02  4.43898067e-02  6.24521524e-02
  8.13874453e-02  1.01489969e-01  1.23155870e-01  1.46921873e-01  1.73683062e-01
  1.63781103e-02  1.27789630e-02  1.95418345e-03 -9.14942939e-03 -1.95423979e-02
 -2.99663879e-02 -4.05854881e-02 -5.14516495e-02 -6.25885725e-02 -7.40080327e-02
 -8.57051015e-02 -9.75573510e-02 -1.09652162e-01 -1.21942684e-01 -1.34302288e-01
 -1.46564230e-01 -1.58550486e-01 -1.70091525e-01 -1.81038827e-01 -1.91272095e-01
 -2.00702712e-01 -2.09274262e-01 -2.16961130e-01 -2.23764867e-01 -2.29708776e-01
 -2.34830141e-01 -2.39169419e-01 -2.42762789e-01 -2.45637551e-01 -2.47809678e-01
 -2.49282718e-01 -2.50047863e-01 -2.50085205e-01 -2.49365792e-01 -2.47854725e-01
 -2.45514721e-01 -2.42309973e-01 -2.38209710e-01 -2.33190730e-01 -2.27238819e-01
 -2.20348820e-01 -2.12525502e-01 -2.03781977e-01 -1.94132566e-01 -1.83584675e-01
 -1.72132179e-01 -1.59753591e-01 -1.46418825e-01 -1.32109106e-01 -1.16854906e-01
 -1.00795567e-01 -8.42582658e-02 -6.78368360e-02 -5.13540655e-02 -3.47543992e-02
 -1.79840960e-02 -9.78477881e-04  1.63454004e-02  3.40957046e-02  5.24148010e-02
  7.14922249e-02  9.15838405e-02  1.13035709e-01  1.36248350e-01  1.60833284e-01
  9.42396838e-03  4.19927528e-03 -3.23105277e-03 -1.22822458e-02 -2.22024061e-02
 -3.26219499e-02 -4.34217975e-02 -5.45744002e-02 -6.60851449e-02 -7.79784173e-02
 -8.99817497e-02 -1.02265596e-01 -1.14840895e-01 -1.27611250e-01 -1.40416771e-01
 -1.53069228e-01 -1.65378138e-01 -1.77168533e-01 -1.88292146e-01 -1.98633701e-01
 -2.08113968e-01 -2.16690212e-01 -2.24354327e-01 -2.31128633e-01 -2.37057298e-01
 -2.42192551e-01 -2.46585026e-01 -2.50277609e-01 -2.53301740e-01 -2.55675167e-01
 -2.57400960e-01 -2.58467466e-01 -2.58849412e-01 -2.58509755e-01 -2.57402986e-01
 -2.55479306e-01 -2.52689511e-01 -2.48990148e-01 -2.44347751e-01 -2.38741368e-01
 -2.32162893e-01 -2.24615246e-01 -2.16110349e-01 -2.06668898e-01 -1.96312621e-01
 -1.85053036e-01 -1.72882974e-01 -1.59774914e-01 -1.45690575e-01 -1.30607054e-01
 -1.14564545e-01 -9.77391526e-02 -8.05332661e-02 -6.36508539e-02 -4.66830246e-02
 -2.96214502e-02 -1.24315917e-02  4.93849814e-03  2.25555561e-02  4.05014828e-02
  5.88755235e-02  7.77988881e-02  9.74273086e-02  1.17985696e-01  1.39582708e-01
  9.57982894e-03  4.68040816e-03 -4.00352338e-03 -1.40777268e-02 -2.43938714e-02
 -3.50455046e-02 -4.60703894e-02 -5.74782304e-02 -6.92773536e-02 -8.14799666e-02
 -9.38581675e-02 -1.06555730e-01 -1.19550593e-01 -1.32717282e-01 -1.45873979e-01
 -1.58818021e-01 -1.71351075e-01 -1.83295846e-01 -1.94506437e-01 -2.04874337e-01
 -2.14331523e-01 -2.22850770e-01 -2.30443552e-01 -2.37153366e-01 -2.43039876e-01
 -2.48166025e-01 -2.52589911e-01 -2.56359816e-01 -2.59510756e-01 -2.62062550e-01
 -2.64018714e-01 -2.65366048e-01 -2.66075373e-01 -2.66102970e-01 -2.65393704e-01
 -2.63885260e-01 -2.61513889e-01 -2.58220941e-01 -2.53959298e-01 -2.48698235e-01
 -2.42425323e-01 -2.35144779e-01 -2.26872861e-01 -2.17633054e-01 -2.07454979e-01
 -1.96367130e-01 -1.84382930e-01 -1.71491534e-01 -1.57658815e-01 -1.42843351e-01
 -1.27033457e-01 -1.10312030e-01 -9.29521546e-02 -7.55335763e-02 -5.82300238e-02
 -4.10011411e-02 -2.38105375e-02 -6.62735058e-03  1.05730947e-02  2.78061256e-02
  4.50695865e-02  6.23260960e-02  7.94646963e-02  9.62201208e-02  1.12050511e-01
  7.60345394e-03  2.24582455e-03 -6.01685653e-03 -1.58787537e-02 -2.63214167e-02
 -3.71735916e-02 -4.84198742e-02 -6.00647591e-02 -7.21168444e-02 -8.45869482e-02
 -9.72994417e-02 -1.10355169e-01 -1.23699874e-01 -1.37184113e-01 -1.50609553e-01
 -1.63763419e-01 -1.76442698e-01 -1.88469946e-01 -1.99703202e-01 -2.10042104e-01
 -2.19430879e-01 -2.27858886e-01 -2.35357642e-01 -2.41986856e-01 -2.47817189e-01
 -2.52919376e-01 -2.57357329e-01 -2.61183649e-01 -2.64436692e-01 -2.67138690e-01
 -2.69294381e-01 -2.70890415e-01 -2.71895349e-01 -2.72260964e-01 -2.71924376e-01
 -2.70812273e-01 -2.68846810e-01 -2.65953153e-01 -2.62068063e-01 -2.57147312e-01
 -2.51170516e-01 -2.44141221e-01 -2.36081839e-01 -2.27025449e-01 -2.17008516e-01
 -2.06069857e-01 -1.94241881e-01 -1.81534901e-01 -1.67929739e-01 -1.53384045e-01
 -1.37857541e-01 -1.21362187e-01 -1.04042187e-01 -8.62797275e-02 -6.87965006e-02
 -5.15412539e-02 -3.44711244e-02 -1.75754614e-02 -8.63191905e-04  1.56375691e-02
  3.18730287e-02  4.77518700e-02  6.31294549e-02  7.77937323e-02  9.14682448e-02
  6.93922723e-03  1.53254939e-03 -7.08018243e-03 -1.72651131e-02 -2.79306713e-02
 -3.89854982e-02 -5.04376329e-02 -6.22972362e-02 -7.45733604e-02 -8.72756615e-02
 -1.00267693e-01 -1.13615312e-01 -1.27237692e-01 -1.40966088e-01 -1.54589355e-01
 -1.67887375e-01 -1.80654332e-01 -1.92713827e-01 -2.03928694e-01 -2.14207113e-01
 -2.23505884e-01 -2.31830761e-01 -2.39230037e-01 -2.45774835e-01 -2.51543730e-01
 -2.56613195e-01 -2.61051536e-01 -2.64914930e-01 -2.68244743e-01 -2.71065593e-01
 -2.73383945e-01 -2.75187224e-01 -2.76443481e-01 -2.77101755e-01 -2.77093887e-01
 -2.76337892e-01 -2.74743825e-01 -2.72221684e-01 -2.68691510e-01 -2.64093459e-01
 -2.58395761e-01 -2.51597673e-01 -2.43725643e-01 -2.34823674e-01 -2.24941224e-01
 -2.14125618e-01 -2.02422187e-01 -1.89860895e-01 -1.76441401e-01 -1.62131026e-01
 -1.46880329e-01 -1.30661532e-01 -1.13535292e-01 -9.57474262e-02 -7.78407753e-02
 -6.07307516e-02 -4.38386947e-02 -2.72209402e-02 -1.09233623e-02  5.00321481e-03
  2.04936285e-02  3.54618505e-02  4.97972593e-02  6.33656457e-02  7.60175958e-02
  6.35087257e-03  8.91646196e-04 -7.98968691e-03 -1.84139460e-02 -2.92529743e-02
 -4.04765084e-02 -5.21082804e-02 -6.41607642e-02 -7.66369849e-02 -8.95235091e-02
 -1.02729686e-01 -1.16298489e-01 -1.30128607e-01 -1.44035712e-01 -1.57798260e-01
 -1.71190396e-01 -1.84004366e-01 -1.96065292e-01 -2.07240775e-01 -2.17447191e-01
 -2.26652950e-01 -2.34878540e-01 -2.42184356e-01 -2.48649538e-01 -2.54358321e-01
 -2.59391278e-01 -2.63820052e-01 -2.67703623e-01 -2.71085799e-01 -2.73993373e-01
 -2.76434630e-01 -2.78398246e-01 -2.79852599e-01 -2.80745596e-01 -2.81005859e-01
 -2.80545413e-01 -2.79264867e-01 -2.77061671e-01 -2.73840696e-01 -2.69526690e-01
 -2.64075071e-01 -2.57477999e-01 -2.49762863e-01 -2.40982428e-01 -2.31199935e-01
 -2.20475584e-01 -2.08863094e-01 -1.96407422e-01 -1.83126405e-01 -1.69001982e-01
 -1.53988987e-01 -1.38046116e-01 -1.21195033e-01 -1.03612743e-01 -8.57525542e-02
 -6.84618130e-02 -5.15696108e-02 -3.50911692e-02 -1.90545246e-02 -3.49952676e-03
  1.15216384e-02  2.59442236e-02  3.96920368e-02  5.26807420e-02  6.48237392e-02
  5.10641187e-03 -6.57941389e-04 -9.21598915e-03 -1.94140933e-02 -3.02807540e-02
 -4.16155271e-02 -5.33999875e-02 -6.56468496e-02 -7.83806816e-02 -9.13199261e-02
 -1.04649954e-01 -1.18366905e-01 -1.32341847e-01 -1.46373630e-01 -1.60230815e-01
 -1.73682362e-01 -1.86518982e-01 -1.98567137e-01 -2.09698677e-01 -2.19837010e-01
 -2.28960365e-01 -2.37100780e-01 -2.44326860e-01 -2.50723302e-01 -2.56378174e-01
 -2.61375010e-01 -2.65787750e-01 -2.69677401e-01 -2.73089588e-01 -2.76052773e-01
 -2.78576732e-01 -2.80651391e-01 -2.82245696e-01 -2.83307344e-01 -2.83763170e-01
 -2.83521384e-01 -2.82476127e-01 -2.80515403e-01 -2.77532369e-01 -2.73438752e-01
 -2.68178344e-01 -2.61735618e-01 -2.54136711e-01 -2.45440096e-01 -2.35720187e-01
 -2.25049928e-01 -2.13491485e-01 -2.01099023e-01 -1.87904194e-01 -1.73902050e-01
 -1.59054652e-01 -1.43316492e-01 -1.26687050e-01 -1.09295689e-01 -9.15170163e-02
 -7.40899369e-02 -5.71698621e-02 -4.07578982e-02 -2.48679537e-02 -9.52685811e-03
  5.22745773e-03  1.93482004e-02  3.27823684e-02  4.54740897e-02  5.73687516e-02
  5.96627872e-03  5.59601467e-04 -8.96319561e-03 -1.98149830e-02 -3.08609139e-02
 -4.22963649e-02 -5.41870147e-02 -6.65537491e-02 -7.94096738e-02 -9.24685523e-02
 -1.05921723e-01 -1.19758867e-01 -1.33842409e-01 -1.47963881e-01 -1.61886811e-01
 -1.75377533e-01 -1.88226119e-01 -2.00260460e-01 -2.11355790e-01 -2.21440911e-01
 -2.30501428e-01 -2.38577276e-01 -2.45742366e-01 -2.52084941e-01 -2.57695585e-01
 -2.62659669e-01 -2.67052650e-01 -2.70936757e-01 -2.74358690e-01 -2.77347982e-01
 -2.79915333e-01 -2.82051355e-01 -2.83725500e-01 -2.84885347e-01 -2.85456777e-01
 -2.85345674e-01 -2.84442306e-01 -2.82628775e-01 -2.79790461e-01 -2.75830507e-01
 -2.70684451e-01 -2.64330983e-01 -2.56794572e-01 -2.48136804e-01 -2.38439322e-01
 -2.27783978e-01 -2.16240004e-01 -2.03866377e-01 -1.90702662e-01 -1.76751882e-01
 -1.61980659e-01 -1.46341041e-01 -1.29818872e-01 -1.12514228e-01 -9.47549343e-02
 -7.72257671e-02 -6.03029951e-02 -4.39367220e-02 -2.81265248e-02 -1.28928125e-02
  1.73274288e-03  1.57118458e-02  2.90027093e-02  4.15629447e-02  5.33525757e-02
  3.91587336e-03 -2.18440057e-03 -1.03826523e-02 -2.02056579e-02 -3.10095530e-02
 -4.24549393e-02 -5.44243827e-02 -6.68860301e-02 -7.98362941e-02 -9.29925218e-02
 -1.06540278e-01 -1.20464817e-01 -1.34624615e-01 -1.48807988e-01 -1.62776291e-01
 -1.76294744e-01 -1.89153448e-01 -2.01181337e-01 -2.12255880e-01 -2.22309217e-01
 -2.31331423e-01 -2.39366859e-01 -2.46492341e-01 -2.52798110e-01 -2.58376062e-01
 -2.63312519e-01 -2.67683595e-01 -2.71552026e-01 -2.74964929e-01 -2.77952075e-01
 -2.80524313e-01 -2.82672346e-01 -2.84365535e-01 -2.85551101e-01 -2.86154211e-01
 -2.86079556e-01 -2.85215497e-01 -2.83441573e-01 -2.80640066e-01 -2.76710570e-01
 -2.71585554e-01 -2.65241653e-01 -2.57702857e-01 -2.49032199e-01 -2.39314198e-01
 -2.28634149e-01 -2.17064068e-01 -2.04664528e-01 -1.91477358e-01 -1.77507505e-01
 -1.62722006e-01 -1.47070214e-01 -1.30529642e-01 -1.13181502e-01 -9.53144357e-02
 -7.75324330e-02 -6.07965998e-02 -4.45069335e-02 -2.87328586e-02 -1.35226995e-02
  1.08142151e-03  1.50384130e-02  2.83072945e-02  4.08482514e-02  5.26246428e-02
  8.39225389e-03  3.39792971e-03 -7.20503228e-03 -1.88307296e-02 -3.02639082e-02
 -4.19777557e-02 -5.40974140e-02 -6.66637123e-02 -7.96968639e-02 -9.29199085e-02
 -1.06524996e-01 -1.20499551e-01 -1.34702295e-01 -1.48921236e-01 -1.62917301e-01
 -1.76455542e-01 -1.89326137e-01 -2.01358497e-01 -2.12430790e-01 -2.22476289e-01
 -2.31486306e-01 -2.39506409e-01 -2.46614277e-01 -2.52900630e-01 -2.58457661e-01
 -2.63371795e-01 -2.67719090e-01 -2.71562010e-01 -2.74947315e-01 -2.77904242e-01
 -2.80442983e-01 -2.82553583e-01 -2.84204543e-01 -2.85342336e-01 -2.85891473e-01
 -2.85756260e-01 -2.84825087e-01 -2.82978207e-01 -2.80099362e-01 -2.76090354e-01
 -2.70886183e-01 -2.64465868e-01 -2.56854922e-01 -2.48116463e-01 -2.38333464e-01
 -2.27588668e-01 -2.15951741e-01 -2.03481868e-01 -1.90218076e-01 -1.76162153e-01
 -1.61279529e-01 -1.45522267e-01 -1.28879130e-01 -1.11458473e-01 -9.36046913e-02
 -7.60287941e-02 -5.90463877e-02 -4.26135249e-02 -2.67317891e-02 -1.14239482e-02
  3.27594625e-03  1.73272826e-02  3.06860413e-02  4.33077030e-02  5.51503189e-02
  6.94809202e-03  1.15905411e-03 -7.54869776e-03 -1.80802941e-02 -2.93783564e-02
 -4.11431566e-02 -5.33325635e-02 -6.59574643e-02 -7.90380239e-02 -9.22861919e-02
 -1.05905697e-01 -1.19889729e-01 -1.34100258e-01 -1.48327157e-01 -1.62332401e-01
 -1.75881565e-01 -1.88764930e-01 -2.00811669e-01 -2.11899236e-01 -2.21959576e-01
 -2.30982199e-01 -2.39010692e-01 -2.46121496e-01 -2.52404481e-01 -2.57951081e-01
 -2.62846947e-01 -2.67167300e-01 -2.70973653e-01 -2.74311572e-01 -2.77209073e-01
 -2.79674888e-01 -2.81697571e-01 -2.83244222e-01 -2.84260184e-01 -2.84669518e-01
 -2.84377098e-01 -2.83273518e-01 -2.81243086e-01 -2.78175712e-01 -2.73980826e-01
 -2.68601269e-01 -2.62022495e-01 -2.54272670e-01 -2.45413214e-01 -2.35521093e-01
 -2.24670902e-01 -2.12925687e-01 -2.00339988e-01 -1.86944306e-01 -1.72731519e-01
 -1.57661825e-01 -1.41690418e-01 -1.24823205e-01 -1.07205793e-01 -8.92429799e-02
 -7.17210546e-02 -5.46789691e-02 -3.81265469e-02 -2.20850483e-02 -6.58721058e-03
  8.32397956e-03  2.25970615e-02  3.61744910e-02  4.89959195e-02  6.10024631e-02
  9.59544908e-03  4.41045268e-03 -5.35721006e-03 -1.66856237e-02 -2.81841811e-02
 -3.99979949e-02 -5.21964617e-02 -6.48143813e-02 -7.78847784e-02 -9.11186263e-02
 -1.04714058e-01 -1.18668847e-01 -1.32851020e-01 -1.47055313e-01 -1.61046982e-01
 -1.74593359e-01 -1.87485233e-01 -1.99551046e-01 -2.10666284e-01 -2.20759526e-01
 -2.29815394e-01 -2.37872347e-01 -2.45003402e-01 -2.51296043e-01 -2.56839812e-01
 -2.61718720e-01 -2.66006351e-01 -2.69762456e-01 -2.73030758e-01 -2.75837213e-01
 -2.78188527e-01 -2.80071080e-01 -2.81450301e-01 -2.82270432e-01 -2.82455742e-01
 -2.81913161e-01 -2.80538023e-01 -2.78222412e-01 -2.74866819e-01 -2.70393044e-01
 -2.64755815e-01 -2.57948935e-01 -2.50003040e-01 -2.40974948e-01 -2.30931267e-01
 -2.19934389e-01 -2.08039477e-01 -1.95291728e-01 -1.81707352e-01 -1.67265981e-01
 -1.51921719e-01 -1.35637879e-01 -1.18450612e-01 -1.00564227e-01 -8.24662745e-02
 -6.50132373e-02 -4.79050279e-02 -3.11857648e-02 -1.48963658e-02  9.15935030e-04
  1.61930081e-02  3.08640543e-02  4.48462069e-02  5.80478422e-02  7.03748837e-02
  9.39420890e-03  3.88256181e-03 -4.93874913e-03 -1.55947981e-02 -2.68960334e-02
 -3.86178978e-02 -5.07336706e-02 -6.32433146e-02 -7.61457905e-02 -8.94252732e-02
 -1.02990828e-01 -1.16884820e-01 -1.30999610e-01 -1.45143822e-01 -1.59090489e-01
 -1.72610968e-01 -1.85497418e-01 -1.97577506e-01 -2.08723783e-01 -2.18859747e-01
 -2.27962583e-01 -2.36062214e-01 -2.43225709e-01 -2.49536395e-01 -2.55080700e-01
 -2.59939909e-01 -2.64185131e-01 -2.67873585e-01 -2.71046519e-01 -2.73727179e-01
 -2.75919706e-01 -2.77608275e-01 -2.78756618e-01 -2.79308617e-01 -2.79189974e-01
 -2.78312027e-01 -2.76577830e-01 -2.73891002e-01 -2.70166427e-01 -2.65341461e-01
 -2.59384245e-01 -2.52296627e-01 -2.44109437e-01 -2.34871313e-01 -2.24635437e-01
 -2.13451624e-01 -2.01366857e-01 -1.88410878e-01 -1.74581394e-01 -1.59844160e-01
 -1.44153029e-01 -1.27495736e-01 -1.09972268e-01 -9.19080004e-02 -7.39860833e-02
 -5.63856997e-02 -3.90799493e-02 -2.20749564e-02 -5.39722666e-03  1.09081138e-02
  2.67746933e-02  4.21109572e-02  5.67974560e-02  7.06884637e-02  8.36213976e-02
  1.09829791e-02  5.74404141e-03 -3.29408748e-03 -1.41010750e-02 -2.53706239e-02
 -3.70143056e-02 -4.90386561e-02 -6.14471585e-02 -7.42424875e-02 -8.74298811e-02
 -1.00872487e-01 -1.14631072e-01 -1.28614202e-01 -1.42642587e-01 -1.56497329e-01
 -1.69954345e-01 -1.82807475e-01 -1.94883451e-01 -2.06051290e-01 -2.16228053e-01
 -2.25381553e-01 -2.33529851e-01 -2.40730971e-01 -2.47061968e-01 -2.52604544e-01
 -2.57436216e-01 -2.61624545e-01 -2.65223593e-01 -2.68271446e-01 -2.70788342e-01
 -2.72775829e-01 -2.74215937e-01 -2.75071621e-01 -2.75287658e-01 -2.74793506e-01
 -2.73507535e-01 -2.71343857e-01 -2.68220663e-01 -2.64069706e-01 -2.58844644e-01
 -2.52526075e-01 -2.45121136e-01 -2.36657113e-01 -2.27171794e-01 -2.16705143e-01
 -2.05298603e-01 -1.92985848e-01 -1.79776073e-01 -1.65647432e-01 -1.50556087e-01
 -1.34466290e-01 -1.17407285e-01 -9.95607898e-02 -8.13710168e-02 -6.36388361e-02
 -4.60103862e-02 -2.85093673e-02 -1.11500127e-02  6.04875619e-03  2.30532307e-02
  3.98039110e-02  5.62011451e-02  7.20873103e-02  8.72312561e-02  1.01331457e-01
  1.22119877e-02  7.12173618e-03 -1.80305995e-03 -1.24913789e-02 -2.36505158e-02
 -3.52011397e-02 -4.71340306e-02 -5.94394915e-02 -7.21148178e-02 -8.51647705e-02
 -9.84203517e-02 -1.11972928e-01 -1.25753567e-01 -1.39598995e-01 -1.53300926e-01
 -1.66641474e-01 -1.79417148e-01 -1.91454157e-01 -2.02617839e-01 -2.12818250e-01
 -2.22012565e-01 -2.30204701e-01 -2.37439677e-01 -2.43785575e-01 -2.49317512e-01
 -2.54107773e-01 -2.58219540e-01 -2.61702955e-01 -2.64592558e-01 -2.66905546e-01
 -2.68641144e-01 -2.69780219e-01 -2.70286262e-01 -2.70107180e-01 -2.69178599e-01
 -2.67428994e-01 -2.64786094e-01 -2.61184543e-01 -2.56573051e-01 -2.50920027e-01
 -2.44215056e-01 -2.36466452e-01 -2.27695182e-01 -2.17928693e-01 -2.07199827e-01
 -1.95539862e-01 -1.82962894e-01 -1.69456884e-01 -1.54986590e-01 -1.39514044e-01
 -1.23042271e-01 -1.05687454e-01 -8.77771899e-02 -6.99496195e-02 -5.21970764e-02
 -3.44729722e-02 -1.67449545e-02  1.01404288e-03  1.88267082e-02  3.67074423e-02
  5.46527877e-02  7.26215616e-02  9.04926509e-02  1.07976697e-01  1.24482356e-01
  1.27928779e-02  7.54948519e-03 -5.32835606e-04 -1.06108924e-02 -2.16454808e-02
 -3.31750065e-02 -4.50628251e-02 -5.72766662e-02 -6.98162615e-02 -8.26926902e-02
 -9.57023203e-02 -1.08977184e-01 -1.22477874e-01 -1.36062264e-01 -1.49536327e-01
 -1.62690997e-01 -1.75327092e-01 -1.87271327e-01 -1.98385939e-01 -2.08574086e-01
 -2.17782065e-01 -2.25998819e-01 -2.33252436e-01 -2.39598483e-01 -2.45103121e-01
 -2.49831751e-01 -2.53842115e-01 -2.57179826e-01 -2.59875745e-01 -2.61944354e-01
 -2.63383389e-01 -2.64173955e-01 -2.64282048e-01 -2.63660997e-01 -2.62255341e-01
 -2.60005713e-01 -2.56854892e-01 -2.52753675e-01 -2.47665778e-01 -2.41570517e-01
 -2.34462336e-01 -2.26347849e-01 -2.17242450e-01 -2.07170144e-01 -1.96156383e-01
 -1.84214860e-01 -1.71338499e-01 -1.57499343e-01 -1.42662659e-01 -1.26820892e-01
 -1.10054083e-01 -9.26199257e-02 -7.50645548e-02 -5.75150773e-02 -3.99188437e-02
 -2.22242642e-02 -4.37588710e-03  1.36898821e-02  3.20483409e-02  5.07897213e-02
  7.00227395e-02  8.98801163e-02  1.10532425e-01  1.32225990e-01  1.55080214e-01
  2.22953148e-02  1.94183215e-02  5.67422761e-03 -7.48884631e-03 -1.93530284e-02
 -3.11105307e-02 -4.30017710e-02 -5.51061034e-02 -6.74654171e-02 -8.01124275e-02
 -9.28059369e-02 -1.05722725e-01 -1.18856296e-01 -1.32089302e-01 -1.45245478e-01
 -1.58127382e-01 -1.70542330e-01 -1.82319149e-01 -1.93318054e-01 -2.03436106e-01
 -2.12609380e-01 -2.20812291e-01 -2.28054449e-01 -2.34374374e-01 -2.39826053e-01
 -2.44466037e-01 -2.48345345e-01 -2.51504540e-01 -2.53970861e-01 -2.55756736e-01
 -2.56859601e-01 -2.57262439e-01 -2.56935835e-01 -2.55840719e-01 -2.53932118e-01
 -2.51163930e-01 -2.47493312e-01 -2.42885143e-01 -2.37314612e-01 -2.30768070e-01
 -2.23242432e-01 -2.14744389e-01 -2.05290630e-01 -1.94899842e-01 -1.83582455e-01
 -1.71332896e-01 -1.58128485e-01 -1.43939123e-01 -1.28752902e-01 -1.12622455e-01
 -9.57340151e-02 -7.84911513e-02 -6.15800060e-02 -4.45015281e-02 -2.72481572e-02
 -9.78065375e-03  7.96448812e-03  2.60751769e-02  4.46685068e-02  6.38996363e-02
  8.39756802e-02  1.05176590e-01  1.27881199e-01  1.52528182e-01  1.78694844e-01
  1.64577141e-02  1.18289348e-02  3.67065240e-03 -6.77185180e-03 -1.80428028e-02
 -2.95818765e-02 -4.12789173e-02 -5.31426109e-02 -6.52087033e-02 -7.75240138e-02
 -8.98210555e-02 -1.02295026e-01 -1.14967532e-01 -1.27748057e-01 -1.40481845e-01
 -1.52986646e-01 -1.65079102e-01 -1.76592126e-01 -1.87385514e-01 -1.97351560e-01
 -2.06417322e-01 -2.14543998e-01 -2.21724093e-01 -2.27976367e-01 -2.33338341e-01
 -2.37854928e-01 -2.41568819e-01 -2.44514883e-01 -2.46716827e-01 -2.48185709e-01
 -2.48919830e-01 -2.48905703e-01 -2.48120010e-01 -2.46532470e-01 -2.44109198e-01
 -2.40816444e-01 -2.36623973e-01 -2.31507689e-01 -2.25451306e-01 -2.18447313e-01
 -2.10498631e-01 -2.01616257e-01 -1.91812620e-01 -1.81094170e-01 -1.69455633e-01
 -1.56879380e-01 -1.43343523e-01 -1.28843337e-01 -1.13430411e-01 -9.72718075e-02
 -8.07224140e-02 -6.43908083e-02 -4.79570553e-02 -3.13745253e-02 -1.45991165e-02
  2.42393510e-03  1.97673738e-02  3.75286229e-02  5.58382347e-02  7.48717710e-02
  9.48666632e-02  1.16144955e-01  1.39140636e-01  1.64442047e-01  1.93029761e-01
  2.11610533e-02  1.84800625e-02  6.73540123e-03 -5.81828458e-03 -1.73470713e-02
 -2.87067741e-02 -4.00874913e-02 -5.15570119e-02 -6.31544888e-02 -7.49052688e-02
 -8.68150219e-02 -9.87863988e-02 -1.10904694e-01 -1.23122595e-01 -1.35315672e-01
 -1.47322282e-01 -1.58971876e-01 -1.70103878e-01 -1.80579349e-01 -1.90287337e-01
 -1.99147314e-01 -2.07109004e-01 -2.14149922e-01 -2.20271051e-01 -2.25490943e-01
 -2.29838893e-01 -2.33346969e-01 -2.36043066e-01 -2.37947091e-01 -2.39069104e-01
 -2.39409119e-01 -2.38957942e-01 -2.37699062e-01 -2.35611022e-01 -2.32670277e-01
 -2.28853986e-01 -2.24142402e-01 -2.18521282e-01 -2.11984470e-01 -2.04533637e-01
 -1.96175501e-01 -1.86917439e-01 -1.76762491e-01 -1.65705726e-01 -1.53734624e-01
 -1.40836626e-01 -1.27017573e-01 -1.12335019e-01 -9.69496518e-02 -8.11936930e-02
 -6.56156167e-02 -4.99401130e-02 -3.41491960e-02 -1.82162672e-02 -2.10672012e-03
  1.42248459e-02  3.08384709e-02  4.78136241e-02  6.52555078e-02  8.33040476e-02
  1.02147765e-01  1.22048758e-01  1.43401414e-01  1.66971460e-01  1.96230710e-01
  1.48791801e-02  1.06550418e-02  2.79455725e-03 -7.25321611e-03 -1.79421436e-02
 -2.87633203e-02 -3.96329314e-02 -5.05658649e-02 -6.15942143e-02 -7.27497116e-02
 -8.40618834e-02 -9.53746215e-02 -1.06799997e-01 -1.18320078e-01 -1.29836589e-01
 -1.41208291e-01 -1.52278647e-01 -1.62895009e-01 -1.72921136e-01 -1.82244048e-01
 -1.90777153e-01 -1.98460400e-01 -2.05258429e-01 -2.11156949e-01 -2.16158122e-01
 -2.20275044e-01 -2.23526075e-01 -2.25929797e-01 -2.27501094e-01 -2.28248581e-01
 -2.28173882e-01 -2.27272063e-01 -2.25533083e-01 -2.22943738e-01 -2.19490051e-01
 -2.15159953e-01 -2.09945202e-01 -2.03842342e-01 -1.96852565e-01 -1.88979805e-01
 -1.80228084e-01 -1.70598432e-01 -1.60087526e-01 -1.48689523e-01 -1.36403978e-01
 -1.23252250e-01 -1.09304436e-01 -9.47168618e-02 -7.97742084e-02 -6.50247335e-02
 -5.01690060e-02 -3.52151692e-02 -2.01615784e-02 -4.99914726e-03  1.02880448e-02
  2.57232599e-02  4.13381420e-02  5.71738593e-02  7.32819587e-02  8.97244364e-02
  1.06571838e-01  1.23896047e-01  1.41744807e-01  1.60040841e-01  1.77967668e-01
  1.48939556e-02  1.19072041e-02  2.16760975e-03 -9.01413336e-03 -1.95047315e-02
 -2.97698043e-02 -3.99880111e-02 -5.02384007e-02 -6.05683327e-02 -7.10128248e-02
 -8.16014335e-02 -9.21314508e-02 -1.02738552e-01 -1.13431096e-01 -1.24135986e-01
 -1.34733111e-01 -1.45081505e-01 -1.55038387e-01 -1.64471865e-01 -1.73268616e-01
 -1.81337580e-01 -1.88610733e-01 -1.95041850e-01 -2.00603738e-01 -2.05284566e-01
 -2.09083512e-01 -2.12006480e-01 -2.14062139e-01 -2.15258732e-01 -2.15601921e-01
 -2.15093940e-01 -2.13733509e-01 -2.11516872e-01 -2.08439112e-01 -2.04495728e-01
 -1.99683875e-01 -1.94003060e-01 -1.87454864e-01 -1.80041924e-01 -1.71766505e-01
 -1.62629306e-01 -1.52630046e-01 -1.41771242e-01 -1.30067408e-01 -1.17561840e-01
 -1.04352966e-01 -9.06293392e-02 -7.67051280e-02 -6.26709163e-02 -4.85782325e-02
 -3.44185382e-02 -2.01946162e-02 -5.91253769e-03  8.42174422e-03  2.28038225e-02
  3.72312963e-02  5.17034456e-02  6.62198663e-02  8.07773918e-02  9.53641087e-02
  1.09948248e-01  1.24458157e-01  1.38746858e-01  1.52530536e-01  1.65285602e-01
  6.92828419e-03  2.91672209e-03 -4.38808603e-03 -1.33445757e-02 -2.25688331e-02
 -3.18357572e-02 -4.11563478e-02 -5.05557694e-02 -6.00556992e-02 -6.96764514e-02
 -7.94387534e-02 -8.90900493e-02 -9.87793282e-02 -1.08535588e-01 -1.18309081e-01
 -1.28001615e-01 -1.37490034e-01 -1.46644026e-01 -1.55338734e-01 -1.63462877e-01
 -1.70923129e-01 -1.77645668e-01 -1.83575749e-01 -1.88675687e-01 -1.92922130e-01
 -1.96302801e-01 -1.98813081e-01 -2.00453043e-01 -2.01224923e-01 -2.01131389e-01
 -2.00174555e-01 -1.98355734e-01 -1.95675701e-01 -1.92135185e-01 -1.87735364e-01
 -1.82478115e-01 -1.76365808e-01 -1.69400945e-01 -1.61585629e-01 -1.52922019e-01
 -1.43414363e-01 -1.33074284e-01 -1.21930771e-01 -1.10046610e-01 -9.75408852e-02
 -8.46212879e-02 -7.16237500e-02 -5.84528148e-02 -4.51482721e-02 -3.17471363e-02
 -1.82778370e-02 -4.76664817e-03  8.76042247e-03  2.22771503e-02  3.57569270e-02
  4.91724014e-02  6.24945424e-02  7.56907687e-02  8.87215957e-02  1.01535223e-01
  1.14059418e-01  1.26190439e-01  1.37780115e-01  1.48626462e-01  1.58480734e-01
 -9.75237635e-04 -5.43034030e-03 -1.14693921e-02 -1.86718684e-02 -2.64780000e-02
 -3.46004553e-02 -4.29176614e-02 -5.13792969e-02 -5.99675328e-02 -6.86824769e-02
 -7.75392428e-02 -8.62575173e-02 -9.49690863e-02 -1.03713505e-01 -1.12462200e-01
 -1.21140197e-01 -1.29645079e-01 -1.37862578e-01 -1.45678461e-01 -1.52986825e-01
 -1.59695178e-01 -1.65726766e-01 -1.71021014e-01 -1.75532535e-01 -1.79229170e-01
 -1.82089612e-01 -1.84100956e-01 -1.85256287e-01 -1.85552716e-01 -1.84989825e-01
 -1.83568701e-01 -1.81291237e-01 -1.78159833e-01 -1.74177244e-01 -1.69346422e-01
 -1.63670376e-01 -1.57152236e-01 -1.49795711e-01 -1.41606614e-01 -1.32596180e-01
 -1.22787230e-01 -1.12224728e-01 -1.00990474e-01 -8.92265737e-02 -7.71381631e-02
 -6.50053918e-02 -5.26369773e-02 -4.00789902e-02 -2.73751579e-02 -1.45683521e-02
 -1.70093810e-03  1.11840926e-02  2.40423437e-02  3.68277133e-02  4.94923629e-02
  6.19867742e-02  7.42595717e-02  8.62568691e-02  9.79208574e-02  1.09187454e-01
  1.19983159e-01  1.30221739e-01  1.39802143e-01  1.48610085e-01  1.56525552e-01
 -5.43730147e-03 -9.29485913e-03 -1.58939175e-02 -2.30976548e-02 -3.02549247e-02
 -3.75535525e-02 -4.49941754e-02 -5.25538549e-02 -6.02130555e-02 -6.79571331e-02
 -7.57709146e-02 -8.36273208e-02 -9.13641602e-02 -9.90609676e-02 -1.06721848e-01
 -1.14300624e-01 -1.21719629e-01 -1.28884494e-01 -1.35695577e-01 -1.42056242e-01
 -1.47878498e-01 -1.53086156e-01 -1.57616079e-01 -1.61418140e-01 -1.64454117e-01
 -1.66696206e-01 -1.68125123e-01 -1.68728307e-01 -1.68498293e-01 -1.67431340e-01
 -1.65526271e-01 -1.62783667e-01 -1.59205258e-01 -1.54793561e-01 -1.49551794e-01
 -1.43484309e-01 -1.36597827e-01 -1.28903911e-01 -1.20423689e-01 -1.11194186e-01
 -1.01277538e-01 -9.07772407e-02 -7.98360482e-02 -6.87509775e-02 -5.73346578e-02
 -4.56613451e-02 -3.37567441e-02 -2.16566622e-02 -9.40333027e-03  2.95589375e-03
  1.53688490e-02  2.77785361e-02  4.01231758e-02  5.23366556e-02  6.43495023e-02
  7.60902464e-02  8.74871165e-02  9.84696597e-02  1.08969986e-01  1.18923411e-01
  1.28268465e-01  1.36946499e-01  1.44901603e-01  1.52081579e-01  1.58440486e-01
 -1.18603688e-02 -1.62053388e-02 -2.15902422e-02 -2.77031660e-02 -3.41372266e-02
 -4.07112502e-02 -4.73678447e-02 -5.40859476e-02 -6.08551241e-02 -6.76687807e-02
 -7.45218620e-02 -8.14107060e-02 -8.81146565e-02 -9.47172940e-02 -1.01239078e-01
 -1.07655324e-01 -1.13910660e-01 -1.19931065e-01 -1.25633672e-01 -1.30934343e-01
 -1.35753214e-01 -1.40018344e-01 -1.43667564e-01 -1.46649271e-01 -1.48922175e-01
 -1.50454298e-01 -1.51221931e-01 -1.51208147e-01 -1.50401592e-01 -1.48795202e-01
 -1.46385282e-01 -1.43170759e-01 -1.39152676e-01 -1.34334266e-01 -1.28721684e-01
 -1.22325763e-01 -1.15164846e-01 -1.07269607e-01 -9.86938551e-02 -8.95215422e-02
 -7.98598230e-02 -6.99405149e-02 -5.96040599e-02 -4.89185676e-02 -3.79053615e-02
 -2.65969876e-02 -1.50274001e-02 -3.23540857e-03  8.73364508e-03  2.08266992e-02
  3.29819731e-02  4.51282337e-02  5.71846440e-02  6.90615624e-02  8.06626007e-02
  9.18880999e-02  1.02639757e-01  1.12825908e-01  1.22366458e-01  1.31196752e-01
  1.39269650e-01  1.46555856e-01  1.53042346e-01  1.58730030e-01  1.63631007e-01
 -1.57253016e-02 -1.91217996e-02 -2.57639959e-02 -3.22423950e-02 -3.82952988e-02
 -4.42498624e-02 -5.01654595e-02 -5.60620800e-02 -6.19507693e-02 -6.78391233e-02
 -7.37323463e-02 -7.96336010e-02 -8.52879509e-02 -9.07807350e-02 -9.61430445e-02
 -1.01366542e-01 -1.06414922e-01 -1.11233421e-01 -1.15756720e-01 -1.19915344e-01
 -1.23640656e-01 -1.26868427e-01 -1.29541144e-01 -1.31609261e-01 -1.33031517e-01
 -1.33774728e-01 -1.33813053e-01 -1.33127168e-01 -1.31703421e-01 -1.29533023e-01
 -1.26611471e-01 -1.22938387e-01 -1.18517689e-01 -1.13358207e-01 -1.07475258e-01
 -1.00895844e-01 -9.36607271e-02 -8.58172923e-02 -7.74688646e-02 -6.88105598e-02
 -5.96640743e-02 -5.00903986e-02 -4.01065201e-02 -2.97369026e-02 -1.90049317e-02
 -7.93658849e-03  3.43819102e-03  1.50834452e-02  2.69548595e-02  3.89972329e-02
  5.11418357e-02  6.33039176e-02  7.53808990e-02  8.72522220e-02  9.87819359e-02
  1.09824888e-01  1.20236754e-01  1.29886284e-01  1.38667420e-01  1.46508530e-01
  1.53377205e-01  1.59280047e-01  1.64257467e-01  1.68374658e-01  1.71710387e-01
 -2.34743953e-02 -2.77091116e-02 -3.26277651e-02 -3.79314832e-02 -4.32552323e-02
 -4.84715439e-02 -5.35784811e-02 -5.86028732e-02 -6.35711625e-02 -6.85035959e-02
 -7.34144449e-02 -7.83131570e-02 -8.29200596e-02 -8.73140246e-02 -9.15289298e-02
 -9.55663994e-02 -9.94047150e-02 -1.03005826e-01 -1.06321253e-01 -1.09297015e-01
 -1.11877672e-01 -1.14009567e-01 -1.15643166e-01 -1.16734616e-01 -1.17246471e-01
 -1.17147774e-01 -1.16413921e-01 -1.15026467e-01 -1.12972751e-01 -1.10245734e-01
 -1.06843956e-01 -1.02773011e-01 -9.80467945e-02 -9.26874354e-02 -8.67193341e-02
 -8.02006945e-02 -7.32443333e-02 -6.57637715e-02 -5.77977449e-02 -4.93835583e-02
 -4.05205414e-02 -3.12191509e-02 -2.14896258e-02 -1.13432612e-02 -7.92496721e-04
  1.01479013e-02  2.14591715e-02  3.31162289e-02  4.50845473e-02  5.73161207e-02
  6.97443336e-02  8.22778121e-02  9.47937965e-02  1.07132591e-01  1.19096383e-01
  1.30457222e-01  1.40977681e-01  1.50441289e-01  1.58682451e-01  1.65606588e-01
  1.71198830e-01  1.75522506e-01  1.78707644e-01  1.80927709e-01  1.82368517e-01
 -2.97334529e-02 -3.33741158e-02 -3.91035825e-02 -4.45397384e-02 -4.92406152e-02
 -5.35960011e-02 -5.77525496e-02 -6.17890880e-02 -6.57513961e-02 -6.96665719e-02
 -7.35520944e-02 -7.74239674e-02 -8.10037181e-02 -8.43361616e-02 -8.74461904e-02
 -9.03389081e-02 -9.30027887e-02 -9.54136699e-02 -9.75384489e-02 -9.93382707e-02
 -1.00771554e-01 -1.01796776e-01 -1.02374867e-01 -1.02471128e-01 -1.02056287e-01
 -1.01105757e-01 -9.96001884e-02 -9.75262597e-02 -9.48771685e-02 -9.16524604e-02
 -8.78556296e-02 -8.35023746e-02 -7.86277875e-02 -7.33001158e-02 -6.74541146e-02
 -6.11147732e-02 -5.43059409e-02 -4.70306799e-02 -3.92972790e-02 -3.11134998e-02
 -2.24816613e-02 -1.34022282e-02 -3.87417106e-03  6.10454753e-03  1.65364314e-02
  2.74235588e-02  3.87661867e-02  5.05605713e-02  6.27956912e-02  7.54482597e-02
  8.84753019e-02  1.01803079e-01  1.15311190e-01  1.28810689e-01  1.42019257e-01
  1.54549137e-01  1.65944457e-01  1.75783664e-01  1.83774069e-01  1.89774796e-01
  1.93796337e-01  1.95998877e-01  1.96688533e-01  1.96277797e-01  1.95175350e-01
 -4.11113314e-02 -4.56543751e-02 -4.97834384e-02 -5.34477606e-02 -5.67152463e-02
 -5.97571768e-02 -6.26927242e-02 -6.55781627e-02 -6.84345141e-02 -7.12650418e-02
 -7.40626678e-02 -7.68105090e-02 -7.94747099e-02 -8.18229690e-02 -8.38956535e-02
 -8.57083052e-02 -8.72600973e-02 -8.85396451e-02 -8.95290896e-02 -9.02037323e-02
 -9.05347690e-02 -9.04922262e-02 -9.00477916e-02 -8.91780630e-02 -8.78701285e-02
 -8.61084536e-02 -8.38810727e-02 -8.11828822e-02 -7.80187547e-02 -7.44086280e-02
 -7.03378022e-02 -6.58120066e-02 -6.08423688e-02 -5.54406159e-02 -4.96055000e-02
 -4.33404520e-02 -3.66490446e-02 -2.95314863e-02 -2.19858959e-02 -1.40078720e-02
 -5.58975246e-03  3.27930227e-03  1.26133049e-02  2.24294569e-02  3.27481739e-02
  4.35930006e-02  5.49902841e-02  6.69683889e-02  7.95560107e-02  9.27789286e-02
  1.06653996e-01  1.21178329e-01  1.36309907e-01  1.51930749e-01  1.67767912e-01
  1.83209643e-01  1.97083116e-01  2.08235979e-01  2.16399640e-01  2.21346065e-01
  2.23151222e-01  2.22067982e-01  2.18540043e-01  2.13872060e-01  2.09108934e-01
 -5.55573516e-02 -6.12393469e-02 -6.33836910e-02 -6.41544610e-02 -6.51593581e-02
 -6.64938241e-02 -6.80409074e-02 -6.97136968e-02 -7.14544058e-02 -7.32218251e-02
 -7.49846324e-02 -7.67186880e-02 -7.84070045e-02 -7.97760859e-02 -8.08500722e-02
 -8.16384554e-02 -8.21404234e-02 -8.23516548e-02 -8.22776258e-02 -8.19046870e-02
 -8.12121928e-02 -8.01772028e-02 -7.87757859e-02 -7.69812763e-02 -7.48475119e-02
 -7.23498389e-02 -6.94755539e-02 -6.62197918e-02 -6.25832900e-02 -5.85699938e-02
 -5.41818626e-02 -4.94224429e-02 -4.42958660e-02 -3.88051085e-02 -3.29501219e-02
 -2.67288852e-02 -2.01370176e-02 -1.31671391e-02 -5.80862025e-03  1.95270893e-03
  1.01349214e-02  1.87603403e-02  2.78559960e-02  3.74542512e-02  4.75936942e-02
  5.83202913e-02  6.96889088e-02  8.17651451e-02  9.46274549e-02  1.08369268e-01
  1.23100638e-01  1.38948396e-01  1.56053931e-01  1.74570531e-01  1.94693118e-01
  2.17045084e-01  2.42766738e-01  2.49769807e-01  2.61734903e-01  2.63846964e-01
  2.61474043e-01  2.60287970e-01  2.42803708e-01  2.30693877e-01  2.21420765e-01
 -6.77940249e-02 -7.47469738e-02 -7.45989233e-02 -7.30596334e-02 -7.25805834e-02
 -7.26891086e-02 -7.31375143e-02 -7.37885237e-02 -7.45508298e-02 -7.53587931e-02
 -7.61647969e-02 -7.69370794e-02 -7.76629373e-02 -7.80778155e-02 -7.81959444e-02
 -7.80142099e-02 -7.75147304e-02 -7.66592249e-02 -7.55838826e-02 -7.42459670e-02
 -7.26190880e-02 -7.06855580e-02 -6.84338436e-02 -6.58589378e-02 -6.29660487e-02
 -5.97562827e-02 -5.62313609e-02 -5.23949564e-02 -4.82525304e-02 -4.38104011e-02
 -3.90744880e-02 -3.40497717e-02 -2.87395176e-02 -2.31443942e-02 -1.72617249e-02
 -1.10851815e-02 -4.60453378e-03  2.19454337e-03  9.33060050e-03  1.68265458e-02
  2.47098729e-02  3.30130383e-02  4.17741127e-02  5.10378107e-02  6.08570538e-02
  7.12952316e-02  8.24294984e-02  9.43553746e-02  1.07193328e-01  1.21098027e-01
  1.36270955e-01  1.52976781e-01  1.71561658e-01  1.92474172e-01  2.16345429e-01
  2.43593007e-01  2.62128383e-01  2.74854153e-01  2.84688503e-01  2.83553064e-01
  2.82805234e-01  2.69020110e-01  2.52622694e-01  2.38807738e-01  2.27707610e-01
 -7.10140839e-02 -7.70673975e-02 -7.90515095e-02 -7.88229927e-02 -7.82397836e-02
 -7.78289661e-02 -7.76276439e-02 -7.75702521e-02 -7.75805488e-02 -7.75910467e-02
 -7.75448978e-02 -7.73923248e-02 -7.70831257e-02 -7.65514821e-02 -7.57623538e-02
 -7.46946484e-02 -7.33349845e-02 -7.16781691e-02 -6.97366968e-02 -6.75093457e-02
 -6.49919510e-02 -6.21815845e-02 -5.90783134e-02 -5.56860119e-02 -5.20124100e-02
 -4.80673313e-02 -4.38623093e-02 -3.94102372e-02 -3.47246528e-02 -2.98187863e-02
 -2.47043613e-02 -1.93904955e-02 -1.38826082e-02 -8.18152074e-03 -2.28279643e-03
  3.82358977e-03  1.01532945e-02  1.67274382e-02  2.35723127e-02  3.07190847e-02
  3.82036231e-02  4.60665748e-02  5.43538071e-02  6.31173775e-02  7.24171475e-02
  8.23233053e-02  9.29201394e-02  1.04311645e-01  1.16629906e-01  1.30048186e-01
  1.44801885e-01  1.61224201e-01  1.79808930e-01  2.01306567e-01  2.26422369e-01
  2.49898985e-01  2.65103847e-01  2.78217047e-01  2.82853037e-01  2.83667356e-01
  2.77605772e-01  2.63179809e-01  2.48802751e-01  2.36645728e-01  2.26471379e-01
 -8.02119747e-02 -8.82352144e-02 -8.65596235e-02 -8.40091854e-02 -8.28438476e-02
 -8.21320489e-02 -8.16039518e-02 -8.11324567e-02 -8.06327015e-02 -8.00410509e-02
 -7.93081969e-02 -7.83944353e-02 -7.72656575e-02 -7.58913755e-02 -7.42486492e-02
 -7.23214224e-02 -7.00994357e-02 -6.75777793e-02 -6.47564903e-02 -6.16369992e-02
 -5.82223944e-02 -5.45183085e-02 -5.05337119e-02 -4.62813750e-02 -4.17778939e-02
 -3.70432250e-02 -3.21000740e-02 -2.69729998e-02 -2.16871835e-02 -1.62668712e-02
 -1.07335700e-02 -5.10420185e-03  6.10590039e-04  6.40777219e-03  1.22927148e-02
  1.82793625e-02  2.43898127e-02  3.06534246e-02  3.71056683e-02  4.37869430e-02
  5.07415496e-02  5.80170639e-02  6.56641573e-02  7.37369657e-02  8.22940990e-02
  9.14003402e-02  1.01129107e-01  1.11566015e-01  1.22813791e-01  1.34999394e-01
  1.48284465e-01  1.62881672e-01  1.79079771e-01  1.97254717e-01  2.17356339e-01
  2.34717146e-01  2.46620521e-01  2.56805092e-01  2.60138214e-01  2.61058629e-01
  2.55668521e-01  2.45530203e-01  2.35866085e-01  2.27132365e-01  2.19310924e-01
 -7.69979209e-02 -8.34892094e-02 -8.61731097e-02 -8.65370706e-02 -8.62455070e-02
 -8.58479664e-02 -8.53825733e-02 -8.47828388e-02 -8.39863643e-02 -8.29519778e-02
 -8.16554353e-02 -8.00822973e-02 -7.82223791e-02 -7.60668516e-02 -7.36077055e-02
 -7.08379671e-02 -6.77522793e-02 -6.43476620e-02 -6.06241673e-02 -5.65851219e-02
 -5.22376485e-02 -4.75932434e-02 -4.26683314e-02 -3.74846272e-02 -3.20692584e-02
 -2.64545996e-02 -2.06777081e-02 -1.47792120e-02 -8.80151987e-03 -2.78630038e-03
  3.22861341e-03  9.21256840e-03  1.51452087e-02  2.10188534e-02  2.68397182e-02
  3.26277949e-02  3.84154283e-02  4.42449190e-02  5.01656495e-02  5.62311672e-02
  6.24967627e-02  6.90177009e-02  7.58481994e-02  8.30411091e-02  9.06481147e-02
  9.87202227e-02  1.07308321e-01  1.16463445e-01  1.26236156e-01  1.36673853e-01
  1.47813603e-01  1.59664735e-01  1.72169089e-01  1.85116470e-01  1.97918460e-01
  2.09290773e-01  2.18493938e-01  2.25157678e-01  2.28996500e-01  2.29926407e-01
  2.28019536e-01  2.24110499e-01  2.19242349e-01  2.14024290e-01  2.08813325e-01
 -8.48452002e-02 -9.39228609e-02 -9.12559703e-02 -8.95135030e-02 -8.95296335e-02
 -8.97105187e-02 -8.96193832e-02 -8.91034529e-02 -8.81269798e-02 -8.67044106e-02
 -8.48667547e-02 -8.26449916e-02 -8.00626799e-02 -7.71338418e-02 -7.38639459e-02
 -7.02524707e-02 -6.62959814e-02 -6.19911104e-02 -5.73370531e-02 -5.23374118e-02
 -4.70014587e-02 -4.13449742e-02 -3.53907943e-02 -2.91692819e-02 -2.27187816e-02
 -1.60860680e-02 -9.32642631e-03 -2.50290358e-03  4.31585219e-03  1.10595515e-02
  1.76619366e-02  2.40674652e-02  3.02378144e-02  3.61568369e-02  4.18329388e-02
  4.72983196e-02  5.26052825e-02  5.78204282e-02  6.30180016e-02  6.82737380e-02
  7.36601353e-02  7.92434290e-02  8.50821584e-02  9.12267491e-02  9.77197066e-02
  1.04595758e-01  1.11881591e-01  1.19594507e-01  1.27739459e-01  1.36303335e-01
  1.45245060e-01  1.54479593e-01  1.63854420e-01  1.73121467e-01  1.81923747e-01
  1.89840645e-01  1.96488619e-01  2.01588199e-01  2.04982519e-01  2.06650168e-01
  2.06723303e-01  2.05483675e-01  2.03288943e-01  2.00475499e-01  1.97311014e-01
 -7.33998641e-02 -8.08260143e-02 -8.62437189e-02 -9.01543200e-02 -9.30448622e-02
 -9.48481932e-02 -9.54736099e-02 -9.50442106e-02 -9.37555283e-02 -9.17800069e-02
 -8.92524868e-02 -8.62698704e-02 -8.28932673e-02 -7.91533217e-02 -7.50579387e-02
 -7.06007928e-02 -6.57691360e-02 -6.05502687e-02 -5.49362265e-02 -4.89268340e-02
 -4.25312482e-02 -3.57682668e-02 -2.86661163e-02 -2.12624446e-02 -1.36052836e-02
 -5.75515721e-03  2.21223454e-03  1.02041038e-02  1.81113984e-02  2.58143358e-02
  3.31933834e-02  4.01441343e-02  4.65924852e-02  5.25061674e-02  5.79000749e-02
  6.28340989e-02  6.74038008e-02  7.17259422e-02  7.59227574e-02  8.01090747e-02
  8.43844339e-02  8.88299868e-02  9.35086161e-02  9.84666049e-02  1.03735611e-01
  1.09334089e-01  1.15267828e-01  1.21529281e-01  1.28095448e-01  1.34924188e-01
  1.41948909e-01  1.49072215e-01  1.56159997e-01  1.63039833e-01  1.69508353e-01
  1.75351173e-01  1.80371091e-01  1.84414878e-01  1.87392190e-01  1.89285651e-01
  1.90151691e-01  1.90109491e-01  1.89317852e-01  1.87947437e-01  1.86158255e-01
 -6.91927895e-02 -7.75382519e-02 -8.57121646e-02 -9.36855897e-02 -1.00883760e-01
 -1.04708880e-01 -1.05077401e-01 -1.03885055e-01 -1.01609886e-01 -9.85548720e-02
 -9.49612781e-02 -9.09812674e-02 -8.66895989e-02 -8.21013451e-02 -7.71931857e-02
 -7.19233900e-02 -6.62468150e-02 -6.01250343e-02 -5.35328500e-02 -4.64619026e-02
 -3.89214940e-02 -3.09361108e-02 -2.25409046e-02 -1.37781659e-02 -4.69792495e-03
  4.63623926e-03  1.41369794e-02  2.36809980e-02  3.31000276e-02  4.21834998e-02
  5.07009365e-02  5.84411919e-02  6.52524158e-02  7.10688159e-02  7.59221837e-02
  7.99381360e-02  8.33140612e-02  8.62792134e-02  8.90519693e-02  9.18123350e-02
  9.46941227e-02  9.77892950e-02  1.01156518e-01  1.04829237e-01  1.08821899e-01
  1.13133870e-01  1.17751636e-01  1.22649387e-01  1.27788499e-01  1.33116186e-01
  1.38563797e-01  1.44045413e-01  1.49457887e-01  1.54683292e-01  1.59594938e-01
  1.64066941e-01  1.67985916e-01  1.71262473e-01  1.73840299e-01  1.75701007e-01
  1.76864251e-01  1.77382708e-01  1.77333027e-01  1.76805049e-01  1.75891384e-01
 -6.64156228e-02 -7.59596974e-02 -8.64728913e-02 -9.84738171e-02 -1.12153046e-01
 -1.19005777e-01 -1.19340345e-01 -1.16485380e-01 -1.11832000e-01 -1.06811427e-01
 -1.01604447e-01 -9.63681415e-02 -9.11256149e-02 -8.57847556e-02 -8.02135468e-02
 -7.42831528e-02 -6.78824782e-02 -6.09266795e-02 -5.33618219e-02 -4.51683551e-02
 -3.63667645e-02 -2.70095803e-02 -1.71563476e-02 -6.85317023e-03  3.86950490e-03
  1.49833718e-02  2.64371857e-02  3.81190106e-02  4.98043187e-02  6.11094534e-02
  7.15235397e-02  8.05671588e-02  8.79250169e-02  9.34648141e-02  9.72477347e-02
  9.95414555e-02  1.00815170e-01  1.01595618e-01  1.02294177e-01  1.03166007e-01
  1.04348935e-01  1.05908073e-01  1.07866064e-01  1.10220782e-01  1.12954997e-01
  1.16041400e-01  1.19444862e-01  1.23123176e-01  1.27026930e-01  1.31099030e-01
  1.35274306e-01  1.39479563e-01  1.43634677e-01  1.47654742e-01  1.51453823e-01
  1.54949814e-01  1.58069983e-01  1.60756215e-01  1.62969232e-01  1.64690912e-01
  1.65924445e-01  1.66692197e-01  1.67031810e-01  1.66991428e-01  1.66624516e-01
 -6.24511316e-02 -7.23129734e-02 -8.35275277e-02 -9.67748985e-02 -1.13190390e-01
 -1.23862639e-01 -1.30165309e-01 -1.28295660e-01 -1.23318195e-01 -1.15257643e-01
 -1.07626550e-01 -1.01187631e-01 -9.54516530e-02 -8.98744464e-02 -8.40885788e-02
 -7.78829679e-02 -7.10341483e-02 -6.33998737e-02 -5.49146160e-02 -4.54833396e-02
 -3.51589769e-02 -2.41643060e-02 -1.26712983e-02 -7.24389625e-04  1.17218774e-02
  2.47604009e-02  3.85003984e-02  5.30295745e-02  6.83207884e-02  8.39010105e-02
  9.80870053e-02  1.09336756e-01  1.17698461e-01  1.22562326e-01  1.24374248e-01
  1.22907795e-01  1.19872332e-01  1.16996907e-01  1.14801593e-01  1.13374539e-01
  1.12685010e-01  1.12668961e-01  1.13255814e-01  1.14376992e-01  1.15967996e-01
  1.17967889e-01  1.20318025e-01  1.22960620e-01  1.25837445e-01  1.28888816e-01
  1.32053062e-01  1.35266453e-01  1.38463899e-01  1.41580254e-01  1.44552350e-01
  1.47321478e-01  1.49836063e-01  1.52054295e-01  1.53945982e-01  1.55493826e-01
  1.56693369e-01  1.57552168e-01  1.58087939e-01  1.58326149e-01  1.58297464e-01
 -5.63169345e-02 -6.53174147e-02 -7.52648637e-02 -8.63042250e-02 -9.82316509e-02
 -1.10298656e-01 -1.24699950e-01 -1.26296371e-01 -1.26830518e-01 -1.16868660e-01
 -1.08564183e-01 -1.02937192e-01 -9.91233587e-02 -9.46015716e-02 -8.87491927e-02
 -8.34810659e-02 -7.66369998e-02 -6.80179819e-02 -5.95139079e-02 -4.86068204e-02
 -3.53938825e-02 -2.21244302e-02 -8.90562497e-03  4.48163319e-03  1.83059759e-02
  3.28689516e-02  4.85312082e-02  6.57661557e-02  8.52729082e-02  1.08383223e-01
  1.33619413e-01  1.41811237e-01  1.58282593e-01  1.55350640e-01  1.61651433e-01
  1.47418246e-01  1.36765733e-01  1.29480585e-01  1.24386013e-01  1.20888926e-01
  1.18616700e-01  1.17315330e-01  1.16802372e-01  1.16940580e-01  1.17621891e-01
  1.18757322e-01  1.20270357e-01  1.22092545e-01  1.24160603e-01  1.26414448e-01
  1.28796086e-01  1.31249085e-01  1.33718625e-01  1.36152118e-01  1.38500109e-01
  1.40717477e-01  1.42764792e-01  1.44609496e-01  1.46226853e-01  1.47600532e-01
  1.48722589e-01  1.49593011e-01  1.50218800e-01  1.50612727e-01  1.50791898e-01
 -4.84576821e-02 -5.59911281e-02 -6.40074015e-02 -7.24662244e-02 -8.12322795e-02
 -9.00653750e-02 -9.84213576e-02 -1.05989173e-01 -1.16750292e-01 -1.05034970e-01
 -9.98323187e-02 -9.72643495e-02 -9.78428423e-02 -9.54775363e-02 -8.83892402e-02
 -8.58346373e-02 -7.94256628e-02 -6.88494593e-02 -6.26798049e-02 -5.05698919e-02
 -3.37164626e-02 -1.88713837e-02 -4.83774953e-03  9.04343184e-03  2.32348721e-02
  3.81478928e-02  5.42344674e-02  7.20764399e-02  9.24997628e-02  1.16637029e-01
  1.40483648e-01  1.51721299e-01  1.65070072e-01  1.65111214e-01  1.67455465e-01
  1.55046225e-01  1.42987818e-01  1.34431079e-01  1.28362298e-01  1.24076456e-01
  1.21118627e-01  1.19187683e-01  1.18074864e-01  1.17627606e-01  1.17728569e-01
  1.18283249e-01  1.19212419e-01  1.20447278e-01  1.21926278e-01  1.23593047e-01
  1.25395104e-01  1.27283111e-01  1.29210651e-01  1.31134287e-01  1.33013964e-01
  1.34813562e-01  1.36501491e-01  1.38051227e-01  1.39441878e-01  1.40658289e-01
  1.41691104e-01  1.42536506e-01  1.43195659e-01  1.43674061e-01  1.43980682e-01
  3.08010006e+00  3.16739821e+00  3.22049546e+00  3.26347089e+00  3.27885771e+00
  3.28036237e+00  3.27090454e+00  3.25387263e+00  3.23044252e+00  3.20395923e+00
  3.17339063e+00  3.14228320e+00  3.11025357e+00  3.07840800e+00  3.04749823e+00
  3.01737785e+00  2.98849535e+00  2.96085191e+00  2.93559170e+00  2.91178656e+00
  2.89023447e+00  2.87135339e+00  2.85533333e+00  2.84112406e+00  2.82973003e+00
  2.82079244e+00  2.81411171e+00  2.80979061e+00  2.80730963e+00  2.80699444e+00
  2.80871677e+00  2.81247115e+00  2.81825447e+00  2.82575512e+00  2.83522606e+00
  2.84686923e+00  2.86055446e+00  2.87638283e+00  2.89435983e+00  2.91471195e+00
  2.93754172e+00  2.96311903e+00  2.99159479e+00  3.02302003e+00  3.05791140e+00
  3.09643888e+00  3.13895798e+00  3.18600059e+00  3.23779726e+00  3.29523087e+00
  3.35848379e+00  3.42853808e+00  3.50632191e+00  3.59232092e+00  3.68891907e+00
  3.79605460e+00  3.91831970e+00  4.05717754e+00  4.21738672e+00  4.40491915e+00
  4.62636232e+00  4.89996910e+00  5.25613832e+00  5.81495237e+00  8.30690670e+00
   91   89
  1.04720902e+00  0.00000000e+00  1.04888272e+00  1.00000001e-01  1.05250001e+00
  1.68057799e-01  1.05857146e+00  2.50000000e-01  1.06784880e+00  3.49999994e-01
  1.07848597e+00  4.49999988e-01  1.08430696e+00  5.00000000e-01  1.09472597e+00
  6.00000024e-01  1.10477769e+00  6.99999988e-01  1.11064851e+00  7.50000000e-01
  1.12148881e+00  8.50000024e-01  1.13104022e+00  9.49999988e-01  1.13663638e+00
  1.00000000e+00  1.14310515e+00  1.09242797e+00  1.14555764e+00  1.13485599e+00
  1.21187496e+00  1.11929679e+00  1.26499999e+00  1.10308623e+00  1.29156256e+00
  1.09475172e+00  1.34468746e+00  1.08034420e+00  1.39781249e+00  1.06538439e+00
  1.44686019e+00  1.04999995e+00  1.47749996e+00  1.04074991e+00  1.53062499e+00
  1.02299237e+00  1.58375001e+00  1.00246847e+00  1.61031246e+00  9.91741657e-01
  1.66343749e+00  9.67652678e-01  1.69683576e+00  9.49999988e-01  1.74312496e+00
  9.24558759e-01  1.78092885e+00  8.99999976e-01  1.82281256e+00  8.71344268e-01
  1.85002577e+00  8.50000024e-01  1.90250003e+00  8.06444645e-01  1.92906249e+00
  7.82443941e-01  1.96180570e+00  7.50000000e-01  2.00848937e+00  6.99999988e-01
  2.03531241e+00  6.68771923e-01  2.06187510e+00  6.35180712e-01  2.08843756e+00
  5.98468781e-01  2.11953378e+00  5.50000012e-01  2.14827538e+00  5.00000000e-01
  2.17376184e+00  4.49999988e-01  2.19662642e+00  4.00000006e-01  2.22125006e+00
  3.41377974e-01  2.24781251e+00  2.68011272e-01  2.26952744e+00  2.00000003e-01
  2.28230357e+00  1.50000006e-01  2.29908180e+00  5.00000007e-02  2.30137515e+00
  0.00000000e+00  2.30089068e+00 -5.00000007e-02  2.28742647e+00 -1.50000006e-01
  2.27437496e+00 -2.03228816e-01  2.24781251e+00 -2.91982442e-01  2.22640514e+00
 -3.49999994e-01  2.20601273e+00 -4.00000006e-01  2.18311453e+00 -4.49999988e-01
  2.15701914e+00 -5.00000000e-01  2.12692046e+00 -5.50000012e-01  2.09203553e+00
 -6.00000024e-01  2.06187510e+00 -6.38801992e-01  2.03531241e+00 -6.69375241e-01
  2.00601149e+00 -6.99999988e-01  1.95562506e+00 -7.46842921e-01  1.92906249e+00
 -7.69049823e-01  1.88706017e+00 -8.00000012e-01  1.84937501e+00 -8.25839758e-01
  1.80717158e+00 -8.50000024e-01  1.76968753e+00 -8.70080292e-01  1.71656251e+00
 -8.93156409e-01  1.69000006e+00 -9.02794957e-01  1.63687503e+00 -9.19900417e-01
  1.58375001e+00 -9.32260394e-01  1.53062499e+00 -9.40049291e-01  1.47749996e+00
 -9.43098664e-01  1.42437506e+00 -9.40586746e-01  1.37125003e+00 -9.30609345e-01
  1.31812501e+00 -9.09055352e-01  1.29156256e+00 -8.91873717e-01  1.24696338e+00
 -8.50000024e-01  1.21187496e+00 -8.02303851e-01  1.18531251e+00 -7.52309859e-01
  1.16389894e+00 -6.99999988e-01  1.14637554e+00 -6.49999976e-01  1.13125038e+00
 -6.00000024e-01  1.10694540e+00 -5.00000000e-01  1.09607780e+00 -4.49999988e-01
  1.07906246e+00 -3.59088361e-01  1.06986940e+00 -3.00000012e-01  1.05811131e+00
 -2.00000003e-01  1.05250001e+00 -1.32228911e-01  1.04805171e+00 -5.00000007e-02
  1.04720902e+00  0.00000000e+00
  1.01600003e+00  0.00000000e+00  1.01600003e+00  9.63999987e-01  1.01800001e+00
  9.67999995e-01  1.01800001e+00  1.00100005e+00  1.01800001e+00  1.01900005e+00
  1.01800001e+00  1.07700002e+00  1.01800001e+00  1.07000005e+00  1.01800001e+00
  1.09599996e+00  1.01800001e+00  1.11300004e+00  1.01800001e+00  1.13800001e+00
  1.01600003e+00  1.14699996e+00  1.01199996e+00  1.16499996e+00  1.00100005e+00
  1.21700001e+00  1.02900004e+00  1.21700001e+00  1.04200006e+00  1.16240001e+00
  1.04600000e+00  1.16237998e+00  1.05599999e+00  1.16260004e+00  1.09700000e+00
  1.16450000e+00  1.10800004e+00  1.16594005e+00  1.11600006e+00  1.16591001e+00
  1.13399994e+00  1.16895998e+00  1.14800000e+00  1.17174995e+00  1.16199994e+00
  1.17556000e+00  1.18099999e+00  1.18299997e+00  1.18200004e+00  1.18350005e+00
  1.18499994e+00  1.18499994e+00  1.19000006e+00  1.18799996e+00  1.19500005e+00
  1.19099998e+00  1.20099998e+00  1.19599998e+00  1.20899999e+00  1.20200002e+00
  1.21500003e+00  1.20799994e+00  1.22200000e+00  1.21399999e+00  1.22800004e+00
  1.22099996e+00  1.23399997e+00  1.23099995e+00  1.23899996e+00  1.23800004e+00
  1.24199998e+00  1.24399996e+00  1.24800003e+00  1.25399995e+00  1.25800002e+00
  1.27800000e+00  1.26300001e+00  1.28999996e+00  1.27999997e+00  1.33099997e+00
  1.27999997e+00  1.34700000e+00  1.27999997e+00  1.34800005e+00  1.30999994e+00
  1.34800005e+00  1.32799995e+00  1.34800005e+00  1.36099994e+00  1.34800005e+00
  1.38000000e+00  1.34800005e+00  1.41900003e+00  1.34800005e+00  1.41900003e+00
  1.30999994e+00  1.37199998e+00  1.30999994e+00  1.37199998e+00  1.29200006e+00
  1.60800004e+00  1.09500003e+00  1.64699996e+00  1.07700002e+00  1.78499997e+00
  1.07700002e+00  2.06999993e+00  1.03999996e+00  2.12800002e+00  9.92999971e-01
  2.24499989e+00  7.08999991e-01  2.32299995e+00  5.18999994e-01  2.37700009e+00
  3.88999999e-01  2.35200000e+00  4.00000006e-01  2.35100007e+00  3.37000012e-01
  2.35100007e+00  2.04999998e-01  2.35400009e+00  6.80000037e-02  2.35400009e+00
  0.00000000e+00  2.35400009e+00 -6.80000037e-02  2.35299993e+00 -2.04999998e-01
  2.35100007e+00 -3.37000012e-01  2.35299993e+00 -4.00000006e-01  2.37700009e+00
 -3.88999999e-01  2.13400006e+00 -9.72999990e-01  1.78600001e+00 -1.17400002e+00
  1.76800001e+00 -1.21099997e+00  1.76800001e+00 -1.25399995e+00  1.68200004e+00
 -1.25399995e+00  1.67400002e+00 -1.26199996e+00  1.67400002e+00 -1.32900000e+00
  1.68099999e+00 -1.33899999e+00  1.75399995e+00 -1.33899999e+00  1.75399995e+00
 -1.36800003e+00  1.68900001e+00 -1.36800003e+00  1.68900001e+00 -1.36600006e+00
  1.55499995e+00 -1.36600006e+00  1.41199994e+00 -1.36600006e+00  1.27300000e+00
 -1.36600006e+00  1.15300000e+00 -1.36600006e+00  1.01600003e+00 -1.22899997e+00
  1.01600003e+00 -8.00000012e-01  1.01600003e+00 -4.14999992e-01  1.01600003e+00
 -4.00000006e-01  1.01600003e+00  0.00000000e+00
    0 0.000000000e+00    0
  0.00000000e+00  1.21526092e-01  1.72918141e-01  2.11287990e-01  2.45060563e-01
  2.75013924e-01  3.01799536e-01  3.26468796e-01  3.49056065e-01  3.70359600e-01
  3.90093684e-01  4.08847570e-01  4.26596701e-01  4.43366975e-01  4.59464580e-01
  4.74887013e-01  4.89545584e-01  5.03760934e-01  5.17496586e-01  5.30672312e-01
  5.43447375e-01  5.55869579e-01  5.67993820e-01  5.79762936e-01  5.91200173e-01
  6.02419078e-01  6.13453329e-01  6.24236286e-01  6.34801269e-01  6.45184100e-01
  6.55442059e-01  6.65554285e-01  6.75508916e-01  6.85351253e-01  6.95085526e-01
  7.04701900e-01  7.14261830e-01  7.23727107e-01  7.33140886e-01  7.42486954e-01
  7.51771510e-01  7.61022031e-01  7.70277679e-01  7.79488027e-01  7.88702130e-01
  7.97909975e-01  8.07131231e-01  8.16390514e-01  8.25686634e-01  8.35040092e-01
  8.44441950e-01  8.53931189e-01  8.63535821e-01  8.73239994e-01  8.83117795e-01
  8.93089175e-01  9.03308749e-01  9.13747370e-01  9.24451232e-01  9.35472190e-01
  9.46799159e-01  9.58674848e-01  9.71152544e-01  9.84556019e-01  1.00000000e+00
    0
