   EFIT?   05/12/98      #102940   484             3  65  65
  1.70000005e+00  3.20000005e+00  1.69550002e+00  8.39999974e-01  0.00000000e+00
  1.79061735e+00 -1.23073929e-04 -2.90449649e-01 -1.61544591e-01 -2.00361514e+00
  8.12769375e+05 -2.90449649e-01  0.00000000e+00  1.79061735e+00  0.00000000e+00
 -1.23073929e-04  0.00000000e+00 -1.61544591e-01  0.00000000e+00  0.00000000e+00
 -3.40583348e+00 -3.40789104e+00 -3.40969014e+00 -3.41124868e+00 -3.41258264e+00
 -3.41370678e+00 -3.41463542e+00 -3.41538119e+00 -3.41595626e+00 -3.41637254e+00
 -3.41664076e+00 -3.41677117e+00 -3.41677403e+00 -3.41665959e+00 -3.41643691e+00
 -3.41611576e+00 -3.41570568e+00 -3.41521621e+00 -3.41465735e+00 -3.41403866e+00
 -3.41337085e+00 -3.41266370e+00 -3.41192698e+00 -3.41116858e+00 -3.41039681e+00
 -3.40961838e+00 -3.40883946e+00 -3.40806556e+00 -3.40730214e+00 -3.40655351e+00
 -3.40582347e+00 -3.40511608e+00 -3.40443444e+00 -3.40378094e+00 -3.40315819e+00
 -3.40256834e+00 -3.40201306e+00 -3.40149331e+00 -3.40101075e+00 -3.40056562e+00
 -3.40015864e+00 -3.39979005e+00 -3.39945960e+00 -3.39916682e+00 -3.39891100e+00
 -3.39869094e+00 -3.39850569e+00 -3.39835358e+00 -3.39823198e+00 -3.39813924e+00
 -3.39807224e+00 -3.39802814e+00 -3.39800286e+00 -3.39799285e+00 -3.39799333e+00
 -3.39799929e+00 -3.39800501e+00 -3.39800429e+00 -3.39798999e+00 -3.39795470e+00
 -3.39788985e+00 -3.39778566e+00 -3.39763212e+00 -3.39741778e+00 -3.39712954e+00
  2.45459688e+04  2.22740469e+04  2.02284629e+04  1.83926895e+04  1.67510215e+04
  1.52885322e+04  1.39910488e+04  1.28451133e+04  1.18379609e+04  1.09574834e+04
  1.01922109e+04  9.53128125e+03  8.96441602e+03  8.48190332e+03  8.07456885e+03
  7.73376172e+03  7.45133301e+03  7.21961768e+03  7.03141846e+03  6.87999023e+03
  6.75902393e+03  6.66263379e+03  6.58534473e+03  6.52207861e+03  6.46814453e+03
  6.41922949e+03  6.37138525e+03  6.32102344e+03  6.26490625e+03  6.20013867e+03
  6.12416309e+03  6.03475342e+03  5.93001025e+03  5.80835547e+03  5.66853125e+03
  5.50959521e+03  5.33091846e+03  5.13218604e+03  4.91339453e+03  4.67485156e+03
  4.41717871e+03  4.14131055e+03  3.84849854e+03  3.54031226e+03  3.21864429e+03
  2.88571313e+03  2.54406860e+03  2.19659766e+03  1.84653015e+03  1.49744678e+03
  1.15328601e+03  8.18353516e+02  4.97330994e+02  1.95287079e+02 -8.23120270e+01
 -3.29590271e+02 -5.40248962e+02 -7.07552734e+02 -8.24315063e+02 -8.82882202e+02
 -8.75116455e+02 -7.92378357e+02 -6.25507446e+02 -3.64802521e+02  0.00000000e+00
  3.70501757e+00  3.25504470e+00  2.83507180e+00  2.44285870e+00  2.07640934e+00
  1.73395419e+00  1.41393483e+00  1.11499012e+00  8.35944414e-01  5.75796962e-01
  3.33713353e-01  1.09017953e-01 -9.88119096e-02 -2.90150553e-01 -4.65227246e-01
 -6.24128222e-01 -7.66797423e-01 -8.93036127e-01 -1.00250101e+00 -1.09470105e+00
 -1.16920829e+00 -1.22702467e+00 -1.26971638e+00 -1.29871953e+00 -1.31535017e+00
 -1.32081532e+00 -1.31622398e+00 -1.30259657e+00 -1.28087401e+00 -1.25192618e+00
 -1.21655917e+00 -1.17552292e+00 -1.12951708e+00 -1.07919800e+00 -1.02518380e+00
 -9.68060434e-01 -9.08386171e-01 -8.46696973e-01 -7.83511102e-01 -7.19333708e-01
 -6.54661000e-01 -5.89985073e-01 -5.25797904e-01 -4.62595761e-01 -4.00883555e-01
 -3.41179341e-01 -2.84018844e-01 -2.29960084e-01 -1.79588467e-01 -1.33521765e-01
 -9.24156234e-02 -5.69693223e-02 -2.79319324e-02 -6.10888284e-03  7.63094006e-03
  1.23475548e-02  7.02161528e-03 -9.45455302e-03 -3.82866971e-02 -8.07892382e-02
 -1.38396844e-01 -2.12677032e-01 -3.05343956e-01 -4.18273509e-01 -5.53519785e-01
 -1.18627425e+06 -1.06969512e+06 -9.61527375e+05 -8.61356562e+05 -7.68785812e+05
 -6.83434812e+05 -6.04939312e+05 -5.32949938e+05 -4.67131750e+05 -4.07163281e+05
 -3.52736031e+05 -3.03553562e+05 -2.59331000e+05 -2.19794406e+05 -1.84680094e+05
 -1.53734125e+05 -1.26711711e+05 -1.03376688e+05 -8.35009844e+04 -6.68641562e+04
 -5.32528516e+04 -4.24603828e+04 -3.42862539e+04 -2.85357188e+04 -2.50193613e+04
 -2.35526777e+04 -2.39556641e+04 -2.60524277e+04 -2.96707969e+04 -3.46419492e+04
 -4.08000234e+04 -4.79817773e+04 -5.60262188e+04 -6.47742461e+04 -7.40683047e+04
 -8.37520391e+04 -9.36699531e+04 -1.03667070e+05 -1.13588578e+05 -1.23279500e+05
 -1.32584359e+05 -1.41346812e+05 -1.49409359e+05 -1.56612922e+05 -1.62796562e+05
 -1.67797094e+05 -1.71448719e+05 -1.73582672e+05 -1.74026891e+05 -1.72605562e+05
 -1.69138797e+05 -1.63442156e+05 -1.55326391e+05 -1.44596859e+05 -1.31053195e+05
 -1.14488883e+05 -9.46907188e+04 -7.14384219e+04 -4.45041133e+04 -1.36518223e+04
  2.13630352e+04  6.07941875e+04  1.04905070e+05  1.53969406e+05  2.08271797e+05
 -1.30332440e-01 -1.34842262e-01 -1.39603421e-01 -1.44542098e-01 -1.49557084e-01
 -1.54500887e-01 -1.59021735e-01 -1.62999868e-01 -1.67795509e-01 -1.59601524e-01
 -1.54919714e-01 -1.51504382e-01 -1.49336100e-01 -1.46633416e-01 -1.42573267e-01
 -1.39972612e-01 -1.36427209e-01 -1.31559640e-01 -1.28009096e-01 -1.22823827e-01
 -1.16065793e-01 -1.09866798e-01 -1.03848077e-01 -9.77938399e-02 -9.15457308e-02
 -8.49559158e-02 -7.78549686e-02 -7.00176433e-02 -6.11156337e-02 -5.07576391e-02
 -4.09819037e-02 -3.53156701e-02 -2.99094766e-02 -2.86722276e-02 -2.76705213e-02
 -3.13911773e-02 -3.54186855e-02 -3.79622467e-02 -3.93872671e-02 -3.99915352e-02
 -3.99775580e-02 -3.94889042e-02 -3.86305973e-02 -3.74808945e-02 -3.60992737e-02
 -3.45322937e-02 -3.28178257e-02 -3.09880264e-02 -2.90713236e-02 -2.70937048e-02
 -2.50794981e-02 -2.30518039e-02 -2.10326463e-02 -1.90429371e-02 -1.71022806e-02
 -1.52286971e-02 -1.34382918e-02 -1.17449164e-02 -1.01598771e-02 -8.69171694e-03
 -7.34610064e-03 -6.12582685e-03 -5.03096078e-03 -4.05908516e-03 -3.20564047e-03
 -1.34060681e-01 -1.39312819e-01 -1.45200104e-01 -1.51787311e-01 -1.58899084e-01
 -1.66060269e-01 -1.74787551e-01 -1.74499035e-01 -1.73704699e-01 -1.66180581e-01
 -1.59831882e-01 -1.55010194e-01 -1.51214302e-01 -1.47572547e-01 -1.43763572e-01
 -1.40265003e-01 -1.36434436e-01 -1.32133901e-01 -1.27878562e-01 -1.22950330e-01
 -1.17309451e-01 -1.11592747e-01 -1.05822876e-01 -9.99146476e-02 -9.37619358e-02
 -8.72403309e-02 -8.01936015e-02 -7.24079236e-02 -6.35661408e-02 -5.32408021e-02
 -4.33031879e-02 -3.77868228e-02 -3.20561379e-02 -3.08900755e-02 -2.94601396e-02
 -3.31645906e-02 -3.69679928e-02 -3.93057130e-02 -4.05692048e-02 -4.10389602e-02
 -4.08998951e-02 -4.02812250e-02 -3.92778106e-02 -3.79620418e-02 -3.63911279e-02
 -3.46118398e-02 -3.26638818e-02 -3.05822510e-02 -2.83989403e-02 -2.61440799e-02
 -2.38466598e-02 -2.15348899e-02 -1.92362722e-02 -1.69774015e-02 -1.47835780e-02
 -1.26782805e-02 -1.06825475e-02 -8.81437585e-03 -7.08817458e-03 -5.51436888e-03
 -4.09918604e-03 -2.84467032e-03 -1.74892112e-03 -8.06538563e-04 -9.22439540e-06
 -1.36427790e-01 -1.42141536e-01 -1.48817509e-01 -1.56897932e-01 -1.67097956e-01
 -1.72973856e-01 -1.76462308e-01 -1.74373478e-01 -1.70499682e-01 -1.64642394e-01
 -1.59163117e-01 -1.54477537e-01 -1.50345236e-01 -1.46519482e-01 -1.42822415e-01
 -1.39137357e-01 -1.35356471e-01 -1.31402284e-01 -1.27226084e-01 -1.22775562e-01
 -1.18042596e-01 -1.13070555e-01 -1.07890233e-01 -1.02494724e-01 -9.68483314e-02
 -9.08973962e-02 -8.45776126e-02 -7.78229609e-02 -7.05926418e-02 -6.30125627e-02
 -5.60206287e-02 -5.05766384e-02 -4.62748222e-02 -4.37126569e-02 -4.23498116e-02
 -4.27199118e-02 -4.36886661e-02 -4.43237424e-02 -4.44813669e-02 -4.41768542e-02
 -4.34550717e-02 -4.23651449e-02 -4.09536734e-02 -3.92630994e-02 -3.73318866e-02
 -3.51953022e-02 -3.28864343e-02 -3.04371286e-02 -2.78788395e-02 -2.52432805e-02
 -2.25627981e-02 -1.98704917e-02 -1.72000043e-02 -1.45849986e-02 -1.20583512e-02
 -9.65112820e-03 -7.39143416e-03 -5.30325342e-03 -3.40542337e-03 -1.71085761e-03
 -2.26133852e-04  1.04850100e-03  2.11869227e-03  2.99515622e-03  3.69257876e-03
 -1.36996627e-01 -1.42428786e-01 -1.48638785e-01 -1.55958027e-01 -1.64385587e-01
 -1.68003693e-01 -1.67822704e-01 -1.65554702e-01 -1.62252218e-01 -1.58746481e-01
 -1.55165195e-01 -1.51634231e-01 -1.48200229e-01 -1.44840881e-01 -1.41504809e-01
 -1.38135046e-01 -1.34678200e-01 -1.31089047e-01 -1.27332538e-01 -1.23385072e-01
 -1.19235910e-01 -1.14884794e-01 -1.10334553e-01 -1.05585009e-01 -1.00632422e-01
 -9.54743028e-02 -9.01191831e-02 -8.46033320e-02 -7.90178254e-02 -7.35397786e-02
 -6.84235170e-02 -6.39052019e-02 -6.01287298e-02 -5.71523719e-02 -5.49439453e-02
 -5.33739403e-02 -5.22012413e-02 -5.11572398e-02 -5.00482284e-02 -4.87667583e-02
 -4.72628810e-02 -4.55192812e-02 -4.35364917e-02 -4.13249098e-02 -3.89006399e-02
 -3.62835191e-02 -3.34963016e-02 -3.05645429e-02 -2.75167748e-02 -2.43848059e-02
 -2.12039277e-02 -1.80128347e-02 -1.48531673e-02 -1.17685348e-02 -8.80306493e-03
 -5.99952182e-03 -3.39716766e-03 -1.02957827e-03  1.07734639e-03  2.90690968e-03
  4.45245905e-03  5.71740745e-03  6.71440270e-03  7.46373460e-03  7.99119938e-03
 -1.36189118e-01 -1.40751272e-01 -1.45473287e-01 -1.50290504e-01 -1.54704556e-01
 -1.56925216e-01 -1.57051533e-01 -1.56230047e-01 -1.54741287e-01 -1.52783394e-01
 -1.50520638e-01 -1.48066089e-01 -1.45487294e-01 -1.42815143e-01 -1.40054822e-01
 -1.37196451e-01 -1.34223133e-01 -1.31116509e-01 -1.27860308e-01 -1.24442384e-01
 -1.20855674e-01 -1.17097974e-01 -1.13171041e-01 -1.09080136e-01 -1.04834951e-01
 -1.00452587e-01 -9.59624201e-02 -9.14122388e-02 -8.68734419e-02 -8.24406743e-02
 -7.82208443e-02 -7.43124336e-02 -7.07849786e-02 -6.76663145e-02 -6.49374276e-02
 -6.25339672e-02 -6.03569746e-02 -5.82937971e-02 -5.62405847e-02 -5.41155487e-02
 -5.18613160e-02 -4.94413972e-02 -4.68352325e-02 -4.40339483e-02 -4.10373434e-02
 -3.78520600e-02 -3.44906896e-02 -3.09715625e-02 -2.73190979e-02 -2.35643685e-02
 -1.97457355e-02 -1.59091279e-02 -1.21076461e-02 -8.40015244e-03 -4.84881690e-03
 -1.51580002e-03  1.54062291e-03  4.27019130e-03  6.63460093e-03  8.61062016e-03
  1.01918299e-02  1.13887442e-02  1.22272698e-02  1.27455313e-02  1.29894251e-02
 -1.35246694e-01 -1.39031529e-01 -1.42234787e-01 -1.44911245e-01 -1.47069827e-01
 -1.48534715e-01 -1.49222314e-01 -1.49214983e-01 -1.48645967e-01 -1.47636756e-01
 -1.46287426e-01 -1.44675612e-01 -1.42856881e-01 -1.40867159e-01 -1.38726428e-01
 -1.36443123e-01 -1.34018213e-01 -1.31448671e-01 -1.28730223e-01 -1.25859261e-01
 -1.22834049e-01 -1.19655594e-01 -1.16328105e-01 -1.12859681e-01 -1.09263234e-01
 -1.05557881e-01 -1.01770535e-01 -9.79371145e-02 -9.41023752e-02 -9.03174430e-02
 -8.66344124e-02 -8.30989033e-02 -7.97424689e-02 -7.65768811e-02 -7.35916123e-02
 -7.07549453e-02 -6.80187643e-02 -6.53258860e-02 -6.26179948e-02 -5.98418489e-02
 -5.69528677e-02 -5.39161973e-02 -5.07062860e-02 -4.73058634e-02 -4.37049121e-02
 -3.99000049e-02 -3.58941592e-02 -3.16973366e-02 -2.73276027e-02 -2.28129234e-02
 -1.81934275e-02 -1.35235284e-02 -8.87288060e-03 -4.32479894e-03  2.82890578e-05
  4.09094291e-03  7.77100399e-03  1.09870508e-02  1.36771090e-02  1.58057045e-02
  1.73669588e-02  1.83845200e-02  1.89096555e-02  1.90157704e-02  1.87878832e-02
 -1.35517687e-01 -1.39727250e-01 -1.40469521e-01 -1.41254708e-01 -1.42361745e-01
 -1.43289164e-01 -1.43891126e-01 -1.44125745e-01 -1.44002691e-01 -1.43555194e-01
 -1.42823413e-01 -1.41845718e-01 -1.40654311e-01 -1.39273793e-01 -1.37721300e-01
 -1.36007547e-01 -1.34138465e-01 -1.32116780e-01 -1.29943594e-01 -1.27619639e-01
 -1.25146300e-01 -1.22526504e-01 -1.19765334e-01 -1.16870672e-01 -1.13853760e-01
 -1.10729747e-01 -1.07517943e-01 -1.04241721e-01 -1.00927614e-01 -9.76035073e-02
 -9.42959487e-02 -9.10268873e-02 -8.78104940e-02 -8.46507698e-02 -8.15404058e-02
 -7.84612149e-02 -7.53859952e-02 -7.22815022e-02 -6.91116452e-02 -6.58405200e-02
 -6.24345802e-02 -5.88639639e-02 -5.51030822e-02 -5.11307046e-02 -4.69298884e-02
 -4.24880125e-02 -3.77971344e-02 -3.28550190e-02 -2.76671294e-02 -2.22501364e-02
 -1.66374333e-02 -1.08869746e-02 -5.08986972e-03  6.26924390e-04  6.11526566e-03
  1.12277335e-02  1.58136431e-02  1.97240803e-02  2.28453912e-02  2.51223091e-02
  2.65551042e-02  2.71844063e-02  2.71021090e-02  2.64623351e-02  2.54402943e-02
 -1.31719872e-01 -1.34593219e-01 -1.36501625e-01 -1.37725636e-01 -1.38647214e-01
 -1.39394537e-01 -1.39964759e-01 -1.40333787e-01 -1.40487015e-01 -1.40422329e-01
 -1.40146345e-01 -1.39670044e-01 -1.39005482e-01 -1.38163656e-01 -1.37153491e-01
 -1.35981530e-01 -1.34652153e-01 -1.33168131e-01 -1.31531239e-01 -1.29742935e-01
 -1.27805009e-01 -1.25720099e-01 -1.23492211e-01 -1.21127091e-01 -1.18632510e-01
 -1.16018414e-01 -1.13296859e-01 -1.10481620e-01 -1.07587494e-01 -1.04629181e-01
 -1.01619855e-01 -9.85695943e-02 -9.54839438e-02 -9.23627540e-02 -8.91996548e-02
 -8.59821588e-02 -8.26923698e-02 -7.93081671e-02 -7.58046284e-02 -7.21553788e-02
 -6.83337376e-02 -6.43134788e-02 -6.00692928e-02 -5.55768497e-02 -5.08127734e-02
 -4.57544737e-02 -4.03801538e-02 -3.46691683e-02 -2.86032278e-02 -2.21693348e-02
 -1.53663289e-02 -8.21926259e-03 -8.11277598e-04  6.64797332e-03  1.37427077e-02
  2.04190966e-02  2.64762267e-02  3.14921662e-02  3.51982228e-02  3.75395119e-02
  3.86743769e-02  3.86344567e-02  3.72708142e-02  3.51834930e-02  3.28058489e-02
 -1.30920425e-01 -1.34431884e-01 -1.34693235e-01 -1.34884179e-01 -1.35512084e-01
 -1.36188656e-01 -1.36816159e-01 -1.37348771e-01 -1.37758464e-01 -1.38027817e-01
 -1.38146952e-01 -1.38111323e-01 -1.37919679e-01 -1.37572482e-01 -1.37070775e-01
 -1.36415556e-01 -1.35607436e-01 -1.34646624e-01 -1.33533046e-01 -1.32266641e-01
 -1.30847573e-01 -1.29276618e-01 -1.27555370e-01 -1.25686422e-01 -1.23673625e-01
 -1.21521942e-01 -1.19237430e-01 -1.16826892e-01 -1.14297397e-01 -1.11655630e-01
 -1.08907111e-01 -1.06055379e-01 -1.03101224e-01 -1.00042127e-01 -9.68718976e-02
 -9.35806409e-02 -9.01549682e-02 -8.65784436e-02 -8.28320980e-02 -7.88949654e-02
 -7.47445002e-02 -7.03568310e-02 -6.57067224e-02 -6.07673153e-02 -5.55095524e-02
 -4.99013327e-02 -4.39062789e-02 -3.74821685e-02 -3.05788256e-02 -2.31353976e-02
 -1.50766997e-02 -6.30830182e-03  3.29048792e-03  1.38759967e-02  2.56155189e-02
  3.75161879e-02  4.57048304e-02  5.31483889e-02  5.74720278e-02  5.93252592e-02
  5.93498424e-02  5.47532104e-02  4.95011583e-02  4.45903875e-02  4.01251987e-02
 -1.26530513e-01 -1.29035160e-01 -1.30613014e-01 -1.31605729e-01 -1.32442057e-01
 -1.33265570e-01 -1.34080008e-01 -1.34857357e-01 -1.35568470e-01 -1.36189803e-01
 -1.36703804e-01 -1.37098014e-01 -1.37363687e-01 -1.37494639e-01 -1.37486279e-01
 -1.37334913e-01 -1.37037307e-01 -1.36590436e-01 -1.35991409e-01 -1.35237500e-01
 -1.34326234e-01 -1.33255526e-01 -1.32023811e-01 -1.30630180e-01 -1.29074425e-01
 -1.27357051e-01 -1.25479206e-01 -1.23442441e-01 -1.21248476e-01 -1.18898779e-01
 -1.16394147e-01 -1.13734215e-01 -1.10917047e-01 -1.07938774e-01 -1.04793340e-01
 -1.01472378e-01 -9.79652107e-02 -9.42588821e-02 -9.03382748e-02 -8.61861855e-02
 -8.17833096e-02 -7.71080852e-02 -7.21363276e-02 -6.68405443e-02 -6.11889809e-02
 -5.51440679e-02 -4.86602187e-02 -4.16806042e-02 -3.41322497e-02 -2.59183645e-02
 -1.69057250e-02 -6.90257922e-03  4.38231882e-03  1.74139682e-02  3.28638703e-02
  4.97438312e-02  6.13575839e-02  7.07488284e-02  7.65752718e-02  7.79797956e-02
  7.72672817e-02  6.95700943e-02  6.01963028e-02  5.21619283e-02  4.55510989e-02
 -1.24336816e-01 -1.27260327e-01 -1.28008828e-01 -1.28472671e-01 -1.29371762e-01
 -1.30434975e-01 -1.31556660e-01 -1.32679626e-01 -1.33766174e-01 -1.34789392e-01
 -1.35729462e-01 -1.36571378e-01 -1.37303531e-01 -1.37916669e-01 -1.38402998e-01
 -1.38755709e-01 -1.38968498e-01 -1.39035344e-01 -1.38950363e-01 -1.38707802e-01
 -1.38302013e-01 -1.37727559e-01 -1.36979312e-01 -1.36052594e-01 -1.34943217e-01
 -1.33647531e-01 -1.32162437e-01 -1.30485326e-01 -1.28613919e-01 -1.26546070e-01
 -1.24279454e-01 -1.21811345e-01 -1.19138271e-01 -1.16255783e-01 -1.13158256e-01
 -1.09838769e-01 -1.06288925e-01 -1.02498733e-01 -9.84565020e-02 -9.41486657e-02
 -8.95595476e-02 -8.46710578e-02 -7.94621259e-02 -7.39079788e-02 -6.79790527e-02
 -6.16394505e-02 -5.48448116e-02 -4.75392044e-02 -3.96507271e-02 -3.10851615e-02
 -2.17168704e-02 -1.13763027e-02  1.65482066e-04  1.32131111e-02  2.81776823e-02
  4.56496812e-02  6.18520826e-02  7.03748614e-02  7.93710053e-02  8.03457126e-02
  8.03634152e-02  7.51857609e-02  6.41544834e-02  5.44586815e-02  4.67563383e-02
 -1.19006954e-01 -1.21268250e-01 -1.22975722e-01 -1.24444894e-01 -1.25967190e-01
 -1.27554074e-01 -1.29159778e-01 -1.30747989e-01 -1.32293284e-01 -1.33776933e-01
 -1.35184199e-01 -1.36502877e-01 -1.37722448e-01 -1.38833418e-01 -1.39826953e-01
 -1.40694514e-01 -1.41427651e-01 -1.42017782e-01 -1.42456174e-01 -1.42733857e-01
 -1.42841756e-01 -1.42770708e-01 -1.42511651e-01 -1.42055839e-01 -1.41394913e-01
 -1.40521184e-01 -1.39427572e-01 -1.38107836e-01 -1.36556447e-01 -1.34768605e-01
 -1.32739976e-01 -1.30466446e-01 -1.27943844e-01 -1.25167713e-01 -1.22133382e-01
 -1.18835755e-01 -1.15269057e-01 -1.11426592e-01 -1.07300483e-01 -1.02881461e-01
 -9.81585681e-02 -9.31187943e-02 -8.77466425e-02 -8.20235386e-02 -7.59270936e-02
 -6.94301426e-02 -6.24994971e-02 -5.50944619e-02 -4.71649170e-02 -3.86492386e-02
 -2.94721443e-02 -1.95431896e-02 -8.75676516e-03  3.00600636e-03  1.58816092e-02
  3.01319528e-02  4.69793044e-02  5.65846376e-02  6.24881983e-02  6.96962103e-02
  6.61448240e-02  6.80290982e-02  5.79113849e-02  4.87320572e-02  4.21238877e-02
 -1.13340549e-01 -1.15200758e-01 -1.17560349e-01 -1.20077826e-01 -1.22490883e-01
 -1.24786556e-01 -1.26992077e-01 -1.29122153e-01 -1.31180659e-01 -1.33165598e-01
 -1.35072038e-01 -1.36893496e-01 -1.38622552e-01 -1.40251100e-01 -1.41770408e-01
 -1.43171117e-01 -1.44443139e-01 -1.45575643e-01 -1.46557048e-01 -1.47375032e-01
 -1.48016706e-01 -1.48468688e-01 -1.48717254e-01 -1.48749024e-01 -1.48551151e-01
 -1.48111433e-01 -1.47418678e-01 -1.46462992e-01 -1.45236015e-01 -1.43730968e-01
 -1.41942531e-01 -1.39866278e-01 -1.37497857e-01 -1.34832889e-01 -1.31868139e-01
 -1.28601208e-01 -1.25029832e-01 -1.21151321e-01 -1.16962366e-01 -1.12458907e-01
 -1.07635811e-01 -1.02486640e-01 -9.70033407e-02 -9.11759809e-02 -8.49925056e-02
 -7.84385130e-02 -7.14971721e-02 -6.41493350e-02 -5.63741028e-02 -4.81502116e-02
 -3.94589826e-02 -3.02899871e-02 -2.06516162e-02 -1.05909705e-02 -2.34534004e-04
  1.01175997e-02  1.98157597e-02  2.79609691e-02  3.41598168e-02  3.83027941e-02
  4.02957983e-02  4.03353795e-02  3.85714732e-02  3.57172154e-02  3.26421000e-02
 -1.08293429e-01 -1.09695710e-01 -1.13080889e-01 -1.16573051e-01 -1.19651757e-01
 -1.22530647e-01 -1.25281602e-01 -1.27935454e-01 -1.30506650e-01 -1.33001089e-01
 -1.35419533e-01 -1.37759343e-01 -1.40015528e-01 -1.42181188e-01 -1.44247860e-01
 -1.46205515e-01 -1.48042604e-01 -1.49746031e-01 -1.51301175e-01 -1.52691871e-01
 -1.53901130e-01 -1.54910699e-01 -1.55699834e-01 -1.56250060e-01 -1.56543314e-01
 -1.56562015e-01 -1.56289801e-01 -1.55712381e-01 -1.54818356e-01 -1.53599769e-01
 -1.52052268e-01 -1.50173962e-01 -1.47960767e-01 -1.45404190e-01 -1.42503574e-01
 -1.39261723e-01 -1.35681942e-01 -1.31765932e-01 -1.27515614e-01 -1.22933038e-01
 -1.18019812e-01 -1.12776935e-01 -1.07204728e-01 -1.01302743e-01 -9.50699672e-02
 -8.85051638e-02 -8.16076025e-02 -7.43781105e-02 -6.68208301e-02 -5.89459948e-02
 -5.07741757e-02 -4.23427857e-02 -3.37157138e-02 -2.49970630e-02 -1.63484775e-02
 -8.00358597e-03 -2.59137654e-04  6.58039004e-03  1.22785522e-02  1.67004988e-02
  1.98141318e-02  2.16900595e-02  2.24999636e-02  2.25048866e-02  2.19950732e-02
 -1.06648967e-01 -1.08463563e-01 -1.11165509e-01 -1.14378862e-01 -1.17692225e-01
 -1.20958157e-01 -1.24150231e-01 -1.27270639e-01 -1.30324930e-01 -1.33316562e-01
 -1.36246085e-01 -1.39111415e-01 -1.41908154e-01 -1.44629762e-01 -1.47267684e-01
 -1.49811208e-01 -1.52247295e-01 -1.54560462e-01 -1.56733096e-01 -1.58742294e-01
 -1.60569072e-01 -1.62194058e-01 -1.63572699e-01 -1.64688453e-01 -1.65517673e-01
 -1.66034788e-01 -1.66215375e-01 -1.66038185e-01 -1.65486902e-01 -1.64552107e-01
 -1.63234517e-01 -1.61551207e-01 -1.59506336e-01 -1.57043576e-01 -1.54181018e-01
 -1.50936976e-01 -1.47327855e-01 -1.43353105e-01 -1.39020324e-01 -1.34339660e-01
 -1.29319876e-01 -1.23969831e-01 -1.18298359e-01 -1.12313941e-01 -1.06025331e-01
 -9.94422883e-02 -9.25765783e-02 -8.54433328e-02 -7.80628100e-02 -7.04628527e-02
 -6.26820549e-02 -5.47737479e-02 -4.68105823e-02 -3.88889275e-02 -3.11313625e-02
 -2.36841906e-02 -1.67068038e-02 -1.03528015e-02 -4.74838307e-03  2.44972798e-05
  3.93701717e-03  7.01514538e-03  9.33449995e-03  1.10074449e-02  1.21629974e-02
 -1.02930799e-01 -1.04319297e-01 -1.08481348e-01 -1.12598442e-01 -1.16339266e-01
 -1.19980320e-01 -1.23569958e-01 -1.27119496e-01 -1.30631939e-01 -1.34107560e-01
 -1.37544841e-01 -1.40940621e-01 -1.44290209e-01 -1.47587091e-01 -1.50822818e-01
 -1.53986514e-01 -1.57064021e-01 -1.60036042e-01 -1.62893146e-01 -1.65573135e-01
 -1.68070182e-01 -1.70358479e-01 -1.72401369e-01 -1.74161658e-01 -1.75602674e-01
 -1.76689863e-01 -1.77392229e-01 -1.77683264e-01 -1.77541569e-01 -1.76951259e-01
 -1.75902039e-01 -1.74388409e-01 -1.72406182e-01 -1.69952691e-01 -1.67044476e-01
 -1.63722754e-01 -1.60070047e-01 -1.55993834e-01 -1.51528016e-01 -1.46704510e-01
 -1.41533911e-01 -1.36033446e-01 -1.30221680e-01 -1.24113806e-01 -1.17725767e-01
 -1.11074947e-01 -1.04181193e-01 -9.70678478e-02 -8.97630900e-02 -8.23015422e-02
 -7.47260302e-02 -6.70894086e-02 -5.94560653e-02 -5.19025661e-02 -4.45167571e-02
 -3.73944901e-02 -3.06336954e-02 -2.43262891e-02 -1.85495112e-02 -1.33585110e-02
 -8.78167525e-03 -4.81940014e-03 -1.44642277e-03  1.38263253e-03  3.72556387e-03
 -1.03119075e-01 -1.05099723e-01 -1.08077839e-01 -1.11705400e-01 -1.15572393e-01
 -1.19507037e-01 -1.23461328e-01 -1.27421156e-01 -1.31380379e-01 -1.35334775e-01
 -1.39280468e-01 -1.43213272e-01 -1.47128373e-01 -1.51020035e-01 -1.54881358e-01
 -1.58704191e-01 -1.62479267e-01 -1.66130945e-01 -1.69669867e-01 -1.73070312e-01
 -1.76294908e-01 -1.79298475e-01 -1.82032660e-01 -1.84450164e-01 -1.86507255e-01
 -1.88165113e-01 -1.89390481e-01 -1.90155730e-01 -1.90438583e-01 -1.90221608e-01
 -1.89491659e-01 -1.88239157e-01 -1.86457738e-01 -1.84145167e-01 -1.81306213e-01
 -1.77954182e-01 -1.74110115e-01 -1.69794440e-01 -1.65066913e-01 -1.60048917e-01
 -1.54653743e-01 -1.48925573e-01 -1.42909348e-01 -1.36612609e-01 -1.30055770e-01
 -1.23260476e-01 -1.16251066e-01 -1.09054506e-01 -1.01701356e-01 -9.42267701e-02
 -8.66713449e-02 -7.90817961e-02 -7.15112835e-02 -6.40191212e-02 -5.66696785e-02
 -4.95302491e-02 -4.26680259e-02 -3.61463390e-02 -3.00208312e-02 -2.43361015e-02
 -1.91234052e-02 -1.43997092e-02 -1.01682022e-02 -6.42004656e-03 -3.13697616e-03
 -1.00030214e-01 -1.01631075e-01 -1.06212385e-01 -1.10782064e-01 -1.15076087e-01
 -1.19374461e-01 -1.23712987e-01 -1.28090575e-01 -1.32500827e-01 -1.36937991e-01
 -1.41397387e-01 -1.45874947e-01 -1.50366679e-01 -1.54868200e-01 -1.59374490e-01
 -1.63879633e-01 -1.68313190e-01 -1.72680095e-01 -1.76955178e-01 -1.81092918e-01
 -1.85037643e-01 -1.88730434e-01 -1.92114189e-01 -1.95136771e-01 -1.97752804e-01
 -1.99924231e-01 -2.01620087e-01 -2.02815741e-01 -2.03492001e-01 -2.03633994e-01
 -2.03230202e-01 -2.02271730e-01 -2.00751796e-01 -1.98665813e-01 -1.96011767e-01
 -1.92790955e-01 -1.89008653e-01 -1.84676111e-01 -1.79816857e-01 -1.74469352e-01
 -1.68679506e-01 -1.62553459e-01 -1.56296819e-01 -1.49730638e-01 -1.42921537e-01
 -1.35890037e-01 -1.28665343e-01 -1.21274710e-01 -1.13747552e-01 -1.06116481e-01
 -9.84174162e-02 -9.06897113e-02 -8.29761475e-02 -7.53226578e-02 -6.77777156e-02
 -6.03913404e-02 -5.32137901e-02 -4.62940335e-02 -3.96782719e-02 -3.34086083e-02
 -2.75219493e-02 -2.20492147e-02 -1.70147251e-02 -1.24357678e-02 -8.32235534e-03
 -1.00753091e-01 -1.02962174e-01 -1.06283091e-01 -1.10382184e-01 -1.14850782e-01
 -1.19493008e-01 -1.24235563e-01 -1.29050002e-01 -1.33924127e-01 -1.38852239e-01
 -1.43831417e-01 -1.48859859e-01 -1.53935865e-01 -1.59057260e-01 -1.64221615e-01
 -1.69360012e-01 -1.74484581e-01 -1.79567486e-01 -1.84556007e-01 -1.89384207e-01
 -1.93982229e-01 -1.98282689e-01 -2.02224910e-01 -2.05757126e-01 -2.08837122e-01
 -2.11431816e-01 -2.13516131e-01 -2.15071559e-01 -2.16084510e-01 -2.16544837e-01
 -2.16444626e-01 -2.15777189e-01 -2.14536548e-01 -2.12717265e-01 -2.10314408e-01
 -2.07323983e-01 -2.03743502e-01 -1.99573204e-01 -1.94818214e-01 -1.89491645e-01
 -1.83619589e-01 -1.77252740e-01 -1.70474470e-01 -1.63394272e-01 -1.56253889e-01
 -1.48877978e-01 -1.41338065e-01 -1.33646995e-01 -1.25829592e-01 -1.17915325e-01
 -1.09935097e-01 -1.01920888e-01 -9.39060077e-02 -8.59252512e-02 -7.80148879e-02
 -7.02124834e-02 -6.25568479e-02 -5.50879985e-02 -4.78473641e-02 -4.08780910e-02
 -3.42252776e-02 -2.79355831e-02 -2.20557358e-02 -1.66297685e-02 -1.16958236e-02
 -9.83619392e-02 -1.00405499e-01 -1.04494020e-01 -1.09489806e-01 -1.14601374e-01
 -1.19758122e-01 -1.24971762e-01 -1.30250245e-01 -1.35598272e-01 -1.41019657e-01
 -1.46518007e-01 -1.52096823e-01 -1.57758638e-01 -1.63502619e-01 -1.69253111e-01
 -1.75039217e-01 -1.80836752e-01 -1.86588183e-01 -1.92218110e-01 -1.97645247e-01
 -2.02790976e-01 -2.07584873e-01 -2.11967766e-01 -2.15892673e-01 -2.19324395e-01
 -2.22238168e-01 -2.24617600e-01 -2.26452485e-01 -2.27736607e-01 -2.28465796e-01
 -2.28636310e-01 -2.28243902e-01 -2.27283239e-01 -2.25747839e-01 -2.23630399e-01
 -2.20923319e-01 -2.17619330e-01 -2.13712230e-01 -2.09197924e-01 -2.04075828e-01
 -1.98351428e-01 -1.92040995e-01 -1.85178116e-01 -1.77823544e-01 -1.70082793e-01
 -1.62104443e-01 -1.54201344e-01 -1.46120355e-01 -1.37907743e-01 -1.29601657e-01
 -1.21228933e-01 -1.12813368e-01 -1.04378328e-01 -9.59476531e-02 -8.75459239e-02
 -7.91988298e-02 -7.09338188e-02 -6.27812669e-02 -5.47763780e-02 -4.69619446e-02
 -3.93916816e-02 -3.21329571e-02 -2.52658166e-02 -1.88744385e-02 -1.30336890e-02
 -9.66677070e-02 -9.85929221e-02 -1.03378877e-01 -1.09075174e-01 -1.14697866e-01
 -1.20312333e-01 -1.25968337e-01 -1.31690413e-01 -1.37493879e-01 -1.43390507e-01
 -1.49390996e-01 -1.55506805e-01 -1.61753342e-01 -1.68019354e-01 -1.74361259e-01
 -1.80766821e-01 -1.87179029e-01 -1.93515539e-01 -1.99684069e-01 -2.05593720e-01
 -2.11162537e-01 -2.16321766e-01 -2.21017718e-01 -2.25211680e-01 -2.28878498e-01
 -2.32004285e-01 -2.34583601e-01 -2.36616462e-01 -2.38105446e-01 -2.39053190e-01
 -2.39460602e-01 -2.39325583e-01 -2.38642663e-01 -2.37403169e-01 -2.35595971e-01
 -2.33208537e-01 -2.30228081e-01 -2.26642668e-01 -2.22442046e-01 -2.17618302e-01
 -2.12166667e-01 -2.06086889e-01 -1.99386537e-01 -1.92087471e-01 -1.84237868e-01
 -1.75930277e-01 -1.67331606e-01 -1.58694416e-01 -1.49950996e-01 -1.41158998e-01
 -1.32311583e-01 -1.23414792e-01 -1.14479229e-01 -1.05516732e-01 -9.65391695e-02
 -8.75583291e-02 -7.85864815e-02 -6.96379319e-02 -6.07319735e-02 -5.18982224e-02
 -4.31859344e-02 -3.46796587e-02 -2.65210494e-02 -1.89125035e-02 -1.19929835e-02
 -9.72627625e-02 -9.96133983e-02 -1.03982002e-01 -1.09480888e-01 -1.15302026e-01
 -1.21236436e-01 -1.27255395e-01 -1.33365497e-01 -1.39579535e-01 -1.45910442e-01
 -1.52369872e-01 -1.58966690e-01 -1.65702805e-01 -1.72510877e-01 -1.79418623e-01
 -1.86384246e-01 -1.93325862e-01 -2.00143099e-01 -2.06732839e-01 -2.12999836e-01
 -2.18863055e-01 -2.24259034e-01 -2.29142547e-01 -2.33485773e-01 -2.37275898e-01
 -2.40512073e-01 -2.43201584e-01 -2.45356068e-01 -2.46987864e-01 -2.48106986e-01
 -2.48718977e-01 -2.48823658e-01 -2.48414844e-01 -2.47480765e-01 -2.46005163e-01
 -2.43968800e-01 -2.41351217e-01 -2.38132596e-01 -2.34295309e-01 -2.29824930e-01
 -2.24710539e-01 -2.18944594e-01 -2.12523162e-01 -2.05447584e-01 -1.97729483e-01
 -1.89401180e-01 -1.80532724e-01 -1.71253607e-01 -1.61776274e-01 -1.52525038e-01
 -1.43183783e-01 -1.33770868e-01 -1.24296062e-01 -1.14763573e-01 -1.05173357e-01
 -9.55215394e-02 -8.58005360e-02 -7.59994239e-02 -6.61049783e-02 -5.61043546e-02
 -4.59914729e-02 -3.57828327e-02 -2.55626161e-02 -1.56449135e-02 -6.70922780e-03
 -9.58708301e-02 -9.78386775e-02 -1.03537843e-01 -1.09992661e-01 -1.16220064e-01
 -1.22463398e-01 -1.28792927e-01 -1.35235757e-01 -1.41809702e-01 -1.48530856e-01
 -1.55416161e-01 -1.62486106e-01 -1.69633895e-01 -1.76919237e-01 -1.84318647e-01
 -1.91755205e-01 -1.99123308e-01 -2.06308231e-01 -2.13199988e-01 -2.19702527e-01
 -2.25738823e-01 -2.31253192e-01 -2.36211196e-01 -2.40597963e-01 -2.44415000e-01
 -2.47676030e-01 -2.50402242e-01 -2.52617419e-01 -2.54343510e-01 -2.55597174e-01
 -2.56387293e-01 -2.56714404e-01 -2.56570905e-01 -2.55941957e-01 -2.54806638e-01
 -2.53139377e-01 -2.50911534e-01 -2.48093709e-01 -2.44658619e-01 -2.40582824e-01
 -2.35848010e-01 -2.30441257e-01 -2.24353954e-01 -2.17580676e-01 -2.10119173e-01
 -2.01974198e-01 -1.93168044e-01 -1.83761284e-01 -1.73887104e-01 -1.63800031e-01
 -1.53900877e-01 -1.43938795e-01 -1.33911595e-01 -1.23811163e-01 -1.13624014e-01
 -1.03330158e-01 -9.29013193e-02 -8.22985023e-02 -7.14685395e-02 -6.03389964e-02
 -4.88094874e-02 -3.67339067e-02 -2.38731913e-02 -9.70999058e-03  8.08488578e-03
 -9.82680470e-02 -1.00965582e-01 -1.05551243e-01 -1.11323267e-01 -1.17542937e-01
 -1.23957813e-01 -1.30521014e-01 -1.37234643e-01 -1.44110352e-01 -1.51161328e-01
 -1.58400849e-01 -1.65842652e-01 -1.73408404e-01 -1.81126907e-01 -1.88944608e-01
 -1.96760610e-01 -2.04452887e-01 -2.11897552e-01 -2.18981698e-01 -2.25611448e-01
 -2.31716186e-01 -2.37250134e-01 -2.42191628e-01 -2.46540681e-01 -2.50314713e-01
 -2.53543496e-01 -2.56262988e-01 -2.58508325e-01 -2.60308027e-01 -2.61681437e-01
 -2.62637675e-01 -2.63175845e-01 -2.63285726e-01 -2.62948960e-01 -2.62140632e-01
 -2.60830820e-01 -2.58986264e-01 -2.56571949e-01 -2.53552407e-01 -2.49893337e-01
 -2.45565206e-01 -2.40546525e-01 -2.34823450e-01 -2.28388041e-01 -2.21235558e-01
 -2.13362947e-01 -2.04771772e-01 -1.95479468e-01 -1.85543090e-01 -1.75097898e-01
 -1.64406329e-01 -1.53904334e-01 -1.43354341e-01 -1.32733867e-01 -1.22019403e-01
 -1.11180745e-01 -1.00176878e-01 -8.89515355e-02 -7.74272978e-02 -6.54970631e-02
 -5.30114509e-02 -3.97606902e-02 -2.54514925e-02 -9.67365224e-03  8.25093035e-03
 -9.65868086e-02 -9.86700282e-02 -1.05438754e-01 -1.12423487e-01 -1.18983366e-01
 -1.25590473e-01 -1.32346302e-01 -1.39281720e-01 -1.46411374e-01 -1.53745711e-01
 -1.61292836e-01 -1.69055447e-01 -1.76980868e-01 -1.85060829e-01 -1.93213299e-01
 -2.01317310e-01 -2.09238559e-01 -2.16847524e-01 -2.24031121e-01 -2.30699897e-01
 -2.36791626e-01 -2.42272303e-01 -2.47134924e-01 -2.51396060e-01 -2.55090833e-01
 -2.58265883e-01 -2.60968626e-01 -2.63240129e-01 -2.65111595e-01 -2.66602755e-01
 -2.67721683e-01 -2.68465072e-01 -2.68819332e-01 -2.68761903e-01 -2.68263102e-01
 -2.67288119e-01 -2.65799105e-01 -2.63757110e-01 -2.61123508e-01 -2.57860869e-01
 -2.53933519e-01 -2.49308735e-01 -2.43961558e-01 -2.37878159e-01 -2.31052607e-01
 -2.23482341e-01 -2.15164959e-01 -2.06100404e-01 -1.96303338e-01 -1.85830563e-01
 -1.74826503e-01 -1.63582802e-01 -1.52590781e-01 -1.41533166e-01 -1.30395696e-01
 -1.19152039e-01 -1.07762896e-01 -9.61736739e-02 -8.43101963e-02 -7.20720813e-02
 -5.93226440e-02 -4.58742343e-02 -3.14704329e-02 -1.58102475e-02  8.69001087e-04
 -1.00969017e-01 -1.04083024e-01 -1.08681925e-01 -1.14375651e-01 -1.20659947e-01
 -1.27284229e-01 -1.34165600e-01 -1.41282260e-01 -1.48632914e-01 -1.56224996e-01
 -1.64072797e-01 -1.72080219e-01 -1.80291951e-01 -1.88656166e-01 -1.97062343e-01
 -2.05371752e-01 -2.13440612e-01 -2.21136153e-01 -2.28347167e-01 -2.34990373e-01
 -2.41013497e-01 -2.46395901e-01 -2.51146555e-01 -2.55300045e-01 -2.58909404e-01
 -2.62032866e-01 -2.64724016e-01 -2.67026931e-01 -2.68973768e-01 -2.70583898e-01
 -2.71863878e-01 -2.72807866e-01 -2.73398817e-01 -2.73609579e-01 -2.73405105e-01
 -2.72744626e-01 -2.71584392e-01 -2.69880354e-01 -2.67590463e-01 -2.64676005e-01
 -2.61101753e-01 -2.56835014e-01 -2.51845181e-01 -2.46106431e-01 -2.39605695e-01
 -2.32340083e-01 -2.24310011e-01 -2.15514496e-01 -2.05953807e-01 -1.95645750e-01
 -1.84661314e-01 -1.73183709e-01 -1.61585391e-01 -1.50141433e-01 -1.38672918e-01
 -1.27159506e-01 -1.15570933e-01 -1.03867836e-01 -9.20008346e-02 -7.99087659e-02
 -6.75162673e-02 -5.47300503e-02 -4.14301232e-02 -2.74463426e-02 -1.26873944e-02
 -1.00524105e-01 -1.03361852e-01 -1.08885661e-01 -1.15362979e-01 -1.21969528e-01
 -1.28781095e-01 -1.35829911e-01 -1.43124610e-01 -1.50670275e-01 -1.58473134e-01
 -1.66541651e-01 -1.74796090e-01 -1.83256596e-01 -1.91848561e-01 -2.00444058e-01
 -2.08893269e-01 -2.17046961e-01 -2.24771842e-01 -2.31960475e-01 -2.38537103e-01
 -2.44460598e-01 -2.49724507e-01 -2.54354507e-01 -2.58403122e-01 -2.61936009e-01
 -2.65018106e-01 -2.67706573e-01 -2.70046979e-01 -2.72071838e-01 -2.73800015e-01
 -2.75236785e-01 -2.76374161e-01 -2.77191848e-01 -2.77658314e-01 -2.77732879e-01
 -2.77368158e-01 -2.76513308e-01 -2.75117457e-01 -2.73133337e-01 -2.70519525e-01
 -2.67241597e-01 -2.63270795e-01 -2.58581400e-01 -2.53148139e-01 -2.46947840e-01
 -2.39969686e-01 -2.32214719e-01 -2.23686308e-01 -2.14384615e-01 -2.04311877e-01
 -1.93495050e-01 -1.82032019e-01 -1.70162693e-01 -1.58350959e-01 -1.46626085e-01
 -1.34951532e-01 -1.23302437e-01 -1.11657716e-01 -9.99985933e-02 -8.83106515e-02
 -7.65896142e-02 -6.48537874e-02 -5.31708151e-02 -4.17137928e-02 -3.08462251e-02
 -1.01751521e-01 -1.04897492e-01 -1.10105209e-01 -1.16427965e-01 -1.23129398e-01
 -1.30088493e-01 -1.37297064e-01 -1.44760326e-01 -1.52484521e-01 -1.60473570e-01
 -1.68724254e-01 -1.77181572e-01 -1.85840085e-01 -1.94605365e-01 -2.03335911e-01
 -2.11873934e-01 -2.20067143e-01 -2.27783412e-01 -2.34920114e-01 -2.41409823e-01
 -2.47222885e-01 -2.52367020e-01 -2.56884217e-01 -2.60841072e-01 -2.64311016e-01
 -2.67363101e-01 -2.70056427e-01 -2.72437513e-01 -2.74539083e-01 -2.76379734e-01
 -2.77963847e-01 -2.79281825e-01 -2.80310690e-01 -2.81015098e-01 -2.81349033e-01
 -2.81258404e-01 -2.80684650e-01 -2.79568940e-01 -2.77856857e-01 -2.75502264e-01
 -2.72469729e-01 -2.68734068e-01 -2.64277101e-01 -2.59082347e-01 -2.53130913e-01
 -2.46403486e-01 -2.38894001e-01 -2.30607778e-01 -2.21549749e-01 -2.11720109e-01
 -2.01125011e-01 -1.89808905e-01 -1.77913323e-01 -1.65757924e-01 -1.53914973e-01
 -1.42175332e-01 -1.30548209e-01 -1.19037054e-01 -1.07648365e-01 -9.63978842e-02
 -8.53173360e-02 -7.44634271e-02 -6.39291480e-02 -5.38538322e-02 -4.44214605e-02
 -1.02103405e-01 -1.05266094e-01 -1.10712253e-01 -1.17256574e-01 -1.24108523e-01
 -1.31204307e-01 -1.38553411e-01 -1.46168411e-01 -1.54063255e-01 -1.62255675e-01
 -1.70612514e-01 -1.79213449e-01 -1.88017249e-01 -1.96907625e-01 -2.05730051e-01
 -2.14320078e-01 -2.22523496e-01 -2.30210021e-01 -2.37282246e-01 -2.43681014e-01
 -2.49387637e-01 -2.54423052e-01 -2.58843482e-01 -2.62724847e-01 -2.66145408e-01
 -2.69176751e-01 -2.71879226e-01 -2.74299920e-01 -2.76471883e-01 -2.78413653e-01
 -2.80129105e-01 -2.81607658e-01 -2.82824278e-01 -2.83740520e-01 -2.84305781e-01
 -2.84459829e-01 -2.84136564e-01 -2.83268839e-01 -2.81794101e-01 -2.79659897e-01
 -2.76827782e-01 -2.73274302e-01 -2.68988103e-01 -2.63963431e-01 -2.58192390e-01
 -2.51660436e-01 -2.44352624e-01 -2.36270159e-01 -2.27421924e-01 -2.17812672e-01
 -2.07444429e-01 -1.96338415e-01 -1.84585065e-01 -1.72425151e-01 -1.60352185e-01
 -1.48526818e-01 -1.36922657e-01 -1.25536859e-01 -1.14380583e-01 -1.03477255e-01
 -9.28638130e-02 -8.25931206e-02 -7.27356598e-02 -6.33786321e-02 -5.46201840e-02
 -1.02462314e-01 -1.05648234e-01 -1.11272089e-01 -1.17970601e-01 -1.24926373e-01
 -1.32119581e-01 -1.39570996e-01 -1.47295594e-01 -1.55306488e-01 -1.63616374e-01
 -1.72102123e-01 -1.80832893e-01 -1.89754277e-01 -1.98739037e-01 -2.07625359e-01
 -2.16245160e-01 -2.24443808e-01 -2.32093528e-01 -2.39102021e-01 -2.45417729e-01
 -2.51031727e-01 -2.55976379e-01 -2.60318756e-01 -2.64140695e-01 -2.67523557e-01
 -2.70540446e-01 -2.73252517e-01 -2.75707334e-01 -2.77938217e-01 -2.79963791e-01
 -2.81787813e-01 -2.83399016e-01 -2.84771055e-01 -2.85863072e-01 -2.86620826e-01
 -2.86978990e-01 -2.86864907e-01 -2.86203712e-01 -2.84924954e-01 -2.82969296e-01
 -2.80294031e-01 -2.76875675e-01 -2.72707850e-01 -2.67794371e-01 -2.62139440e-01
 -2.55738735e-01 -2.48578355e-01 -2.40650982e-01 -2.31965557e-01 -2.22531259e-01
 -2.12350860e-01 -2.01432869e-01 -1.89829558e-01 -1.77704379e-01 -1.65421754e-01
 -1.53621152e-01 -1.42066896e-01 -1.30784124e-01 -1.19795598e-01 -1.09127805e-01
 -9.88138393e-02 -8.88946727e-02 -7.94188678e-02 -7.04406276e-02 -6.20159842e-02
 -1.03365138e-01 -1.06760792e-01 -1.12132028e-01 -1.18641503e-01 -1.25585541e-01
 -1.32820114e-01 -1.40332222e-01 -1.48128748e-01 -1.56219259e-01 -1.64613366e-01
 -1.73200563e-01 -1.82033077e-01 -1.91044509e-01 -2.00099319e-01 -2.09030688e-01
 -2.17668355e-01 -2.25857943e-01 -2.33474091e-01 -2.40428939e-01 -2.46677279e-01
 -2.52218127e-01 -2.57092953e-01 -2.61376113e-01 -2.65153289e-01 -2.68507689e-01
 -2.71513343e-01 -2.74231941e-01 -2.76711345e-01 -2.78985053e-01 -2.81071812e-01
 -2.82975346e-01 -2.84683973e-01 -2.86170483e-01 -2.87392288e-01 -2.88292557e-01
 -2.88802117e-01 -2.88843215e-01 -2.88334996e-01 -2.87200361e-01 -2.85373896e-01
 -2.82808691e-01 -2.79480249e-01 -2.75385261e-01 -2.70534784e-01 -2.64943004e-01
 -2.58615822e-01 -2.51545131e-01 -2.43718877e-01 -2.35142902e-01 -2.25829422e-01
 -2.15784460e-01 -2.05013826e-01 -1.93554416e-01 -1.81536451e-01 -1.69275299e-01
 -1.57370374e-01 -1.45794094e-01 -1.34551451e-01 -1.23655096e-01 -1.13123894e-01
 -1.02982402e-01 -9.32601392e-02 -8.39903578e-02 -7.52082020e-02 -6.69481382e-02
 -1.02829844e-01 -1.05961405e-01 -1.12012535e-01 -1.18963592e-01 -1.25997543e-01
 -1.33261800e-01 -1.40806973e-01 -1.48648262e-01 -1.56793073e-01 -1.65247813e-01
 -1.73908174e-01 -1.82814226e-01 -1.91890731e-01 -2.00996161e-01 -2.09960163e-01
 -2.18610987e-01 -2.26794526e-01 -2.34387204e-01 -2.41304502e-01 -2.47505799e-01
 -2.52995759e-01 -2.57822305e-01 -2.62064219e-01 -2.65809447e-01 -2.69142330e-01
 -2.72137403e-01 -2.74856538e-01 -2.77347684e-01 -2.79644400e-01 -2.81765461e-01
 -2.83714414e-01 -2.85479277e-01 -2.87032217e-01 -2.88329571e-01 -2.89312750e-01
 -2.89910197e-01 -2.90041000e-01 -2.89620340e-01 -2.88566917e-01 -2.86811322e-01
 -2.84303695e-01 -2.81018615e-01 -2.76954472e-01 -2.72126704e-01 -2.66555876e-01
 -2.60254771e-01 -2.53220320e-01 -2.45439693e-01 -2.36915648e-01 -2.27661744e-01
 -2.17686638e-01 -2.06996337e-01 -1.95621684e-01 -1.83676168e-01 -1.71444207e-01
 -1.59479111e-01 -1.47882417e-01 -1.36654273e-01 -1.25802040e-01 -1.15339190e-01
 -1.05284207e-01 -9.56593975e-02 -8.64894688e-02 -7.77997971e-02 -6.96145073e-02
 -1.04544371e-01 -1.08192280e-01 -1.13244839e-01 -1.19384430e-01 -1.26177579e-01
 -1.33393750e-01 -1.40951142e-01 -1.48825511e-01 -1.57011807e-01 -1.65511891e-01
 -1.74222603e-01 -1.83178306e-01 -1.92299157e-01 -2.01440319e-01 -2.10429326e-01
 -2.19093397e-01 -2.27278471e-01 -2.34861925e-01 -2.41761073e-01 -2.47937888e-01
 -2.53400236e-01 -2.58199513e-01 -2.62416869e-01 -2.66141355e-01 -2.69457817e-01
 -2.72440881e-01 -2.75152385e-01 -2.77640194e-01 -2.79937595e-01 -2.82063156e-01
 -2.84020066e-01 -2.85796046e-01 -2.87362695e-01 -2.88675785e-01 -2.89675891e-01
 -2.90290505e-01 -2.90437460e-01 -2.90030658e-01 -2.88987517e-01 -2.87237436e-01
 -2.84729898e-01 -2.81439483e-01 -2.77365327e-01 -2.72524357e-01 -2.66939133e-01
 -2.60624349e-01 -2.53578275e-01 -2.45788217e-01 -2.37256184e-01 -2.27996126e-01
 -2.18017399e-01 -2.07326546e-01 -1.95954025e-01 -1.84011504e-01 -1.71779320e-01
 -1.59804061e-01 -1.48206845e-01 -1.36987001e-01 -1.26150683e-01 -1.15709938e-01
 -1.05681561e-01 -9.60858315e-02 -8.69450346e-02 -7.82818273e-02 -7.01174960e-02
 -1.01839684e-01 -1.04800262e-01 -1.11351401e-01 -1.18589401e-01 -1.25738740e-01
 -1.33091062e-01 -1.40718654e-01 -1.48641646e-01 -1.56868249e-01 -1.65404424e-01
 -1.74146906e-01 -1.83131799e-01 -1.92279443e-01 -2.01444402e-01 -2.10453540e-01
 -2.19133511e-01 -2.27329925e-01 -2.34920114e-01 -2.41821662e-01 -2.47997031e-01
 -2.53454775e-01 -2.58246988e-01 -2.62455285e-01 -2.66168863e-01 -2.69472599e-01
 -2.72440940e-01 -2.75135398e-01 -2.77603388e-01 -2.79877841e-01 -2.81976700e-01
 -2.83902705e-01 -2.85643011e-01 -2.87168860e-01 -2.88435847e-01 -2.89384633e-01
 -2.89943039e-01 -2.90029913e-01 -2.89560437e-01 -2.88453877e-01 -2.86641657e-01
 -2.84075052e-01 -2.80729741e-01 -2.76604891e-01 -2.71715999e-01 -2.66082764e-01
 -2.59716421e-01 -2.52612382e-01 -2.44757891e-01 -2.36157134e-01 -2.26823568e-01
 -2.16765195e-01 -2.05988899e-01 -1.94530129e-01 -1.82514071e-01 -1.70246378e-01
 -1.58310518e-01 -1.46735847e-01 -1.35522619e-01 -1.24679215e-01 -1.14220448e-01
 -1.04166158e-01 -9.45398808e-02 -8.53673890e-02 -7.66749755e-02 -6.84875399e-02
 -1.02709398e-01 -1.06176198e-01 -1.11524887e-01 -1.18062302e-01 -1.25116751e-01
 -1.32494107e-01 -1.40162110e-01 -1.48121327e-01 -1.56377777e-01 -1.64938062e-01
 -1.73693389e-01 -1.82687655e-01 -1.91845328e-01 -2.01022923e-01 -2.10047856e-01
 -2.18746573e-01 -2.26963997e-01 -2.34576449e-01 -2.41500244e-01 -2.47696295e-01
 -2.53171355e-01 -2.57975549e-01 -2.62189150e-01 -2.65900731e-01 -2.69194633e-01
 -2.72144794e-01 -2.74812222e-01 -2.77243733e-01 -2.79471427e-01 -2.81512558e-01
 -2.83369154e-01 -2.85027772e-01 -2.86459476e-01 -2.87620038e-01 -2.88451195e-01
 -2.88882613e-01 -2.88836032e-01 -2.88230658e-01 -2.86990404e-01 -2.85051405e-01
 -2.82368928e-01 -2.78920382e-01 -2.74703741e-01 -2.69729882e-01 -2.64011294e-01
 -2.57551074e-01 -2.50338823e-01 -2.42363960e-01 -2.33634368e-01 -2.24161491e-01
 -2.13950202e-01 -2.03008309e-01 -1.91382691e-01 -1.79227293e-01 -1.66899920e-01
 -1.55059785e-01 -1.43526897e-01 -1.32310197e-01 -1.21426530e-01 -1.10898562e-01
 -1.00753978e-01 -9.10248831e-02 -8.17466825e-02 -7.29563311e-02 -6.46897778e-02
 -1.00845233e-01 -1.03930578e-01 -1.09952994e-01 -1.17001139e-01 -1.24193408e-01
 -1.31617770e-01 -1.39312446e-01 -1.47291422e-01 -1.55562669e-01 -1.64132759e-01
 -1.72880903e-01 -1.81864068e-01 -1.91014349e-01 -2.00192347e-01 -2.09227189e-01
 -2.17945486e-01 -2.26191223e-01 -2.33838946e-01 -2.40802288e-01 -2.47038826e-01
 -2.52551198e-01 -2.57384986e-01 -2.61617303e-01 -2.65335023e-01 -2.68621504e-01
 -2.71549970e-01 -2.74180621e-01 -2.76559383e-01 -2.78717548e-01 -2.80671388e-01
 -2.82422125e-01 -2.83955872e-01 -2.85243720e-01 -2.86242336e-01 -2.86895335e-01
 -2.87135810e-01 -2.86890239e-01 -2.86084056e-01 -2.84647971e-01 -2.82524824e-01
 -2.79674590e-01 -2.76076227e-01 -2.71724552e-01 -2.66622871e-01 -2.60772824e-01
 -2.54166782e-01 -2.46789649e-01 -2.38638133e-01 -2.29722410e-01 -2.20050260e-01
 -2.09623843e-01 -1.98457003e-01 -1.86619386e-01 -1.74310252e-01 -1.61950201e-01
 -1.50246605e-01 -1.38742462e-01 -1.27480939e-01 -1.16495200e-01 -1.05818346e-01
 -9.54881161e-02 -8.55490044e-02 -7.60524869e-02 -6.70552403e-02 -5.86154498e-02
 -1.00629710e-01 -1.03918210e-01 -1.09349482e-01 -1.15990877e-01 -1.23087563e-01
 -1.30493611e-01 -1.38188347e-01 -1.46170095e-01 -1.54441804e-01 -1.63008630e-01
 -1.71730831e-01 -1.80682987e-01 -1.89807728e-01 -1.98971763e-01 -2.08007321e-01
 -2.16741845e-01 -2.25018501e-01 -2.32709616e-01 -2.39725262e-01 -2.46018097e-01
 -2.51584768e-01 -2.56463796e-01 -2.60726988e-01 -2.64458418e-01 -2.67739773e-01
 -2.70643175e-01 -2.73227930e-01 -2.75538951e-01 -2.77606517e-01 -2.79445976e-01
 -2.81057835e-01 -2.82427967e-01 -2.83527911e-01 -2.84316003e-01 -2.84738779e-01
 -2.84734070e-01 -2.84234673e-01 -2.83173621e-01 -2.81489760e-01 -2.79133081e-01
 -2.76067853e-01 -2.72272944e-01 -2.67737806e-01 -2.62455523e-01 -2.56415337e-01
 -2.49600455e-01 -2.41999134e-01 -2.33616605e-01 -2.24462017e-01 -2.14539662e-01
 -2.03855544e-01 -1.92446664e-01 -1.80438563e-01 -1.68129489e-01 -1.56076774e-01
 -1.44257456e-01 -1.32644743e-01 -1.21237725e-01 -1.10050321e-01 -9.91088748e-02
 -8.84532332e-02 -7.81390965e-02 -6.82397783e-02 -5.88453114e-02 -5.00566475e-02
 -9.90916491e-02 -1.02196842e-01 -1.07777879e-01 -1.14548571e-01 -1.21674590e-01
 -1.29089743e-01 -1.36789083e-01 -1.44769058e-01 -1.53030097e-01 -1.61580056e-01
 -1.70265198e-01 -1.79171324e-01 -1.88252926e-01 -1.97385669e-01 -2.06407294e-01
 -2.15147808e-01 -2.23450467e-01 -2.31185555e-01 -2.38259122e-01 -2.44617969e-01
 -2.50251144e-01 -2.55188107e-01 -2.59492666e-01 -2.63244510e-01 -2.66522855e-01
 -2.69398332e-01 -2.71928966e-01 -2.74158716e-01 -2.76116848e-01 -2.77817905e-01
 -2.79261947e-01 -2.80434936e-01 -2.81309605e-01 -2.81846553e-01 -2.81996429e-01
 -2.81702667e-01 -2.80905366e-01 -2.79545784e-01 -2.77570844e-01 -2.74936616e-01
 -2.71610081e-01 -2.67567724e-01 -2.62791455e-01 -2.57263273e-01 -2.50962466e-01
 -2.43871987e-01 -2.35991269e-01 -2.27327570e-01 -2.17885852e-01 -2.07669288e-01
 -1.96698144e-01 -1.85053930e-01 -1.72953382e-01 -1.60844252e-01 -1.48886502e-01
 -1.37062937e-01 -1.25361159e-01 -1.13776162e-01 -1.02311812e-01 -9.09837931e-02
 -7.98250139e-02 -6.88941330e-02 -5.82867749e-02 -4.81456742e-02 -3.86588871e-02
 -9.75088179e-02 -1.00493401e-01 -1.06033735e-01 -1.12804815e-01 -1.19956963e-01
 -1.27410159e-01 -1.35138124e-01 -1.43121853e-01 -1.51350483e-01 -1.59816891e-01
 -1.68510243e-01 -1.77371696e-01 -1.86392725e-01 -1.95470124e-01 -2.04453483e-01
 -2.13178799e-01 -2.21491203e-01 -2.29259804e-01 -2.36386731e-01 -2.42812380e-01
 -2.48517171e-01 -2.53520012e-01 -2.57873684e-01 -2.61651218e-01 -2.64928222e-01
 -2.67773032e-01 -2.70242304e-01 -2.72378802e-01 -2.74210960e-01 -2.75752693e-01
 -2.77004004e-01 -2.77951539e-01 -2.78569758e-01 -2.78822452e-01 -2.78664947e-01
 -2.78046876e-01 -2.76915818e-01 -2.75220722e-01 -2.72915184e-01 -2.69959509e-01
 -2.66320884e-01 -2.61971295e-01 -2.56884724e-01 -2.51035243e-01 -2.44402364e-01
 -2.36981183e-01 -2.28775829e-01 -2.19790176e-01 -2.10025445e-01 -1.99491367e-01
 -1.88237280e-01 -1.76407605e-01 -1.64317325e-01 -1.52519807e-01 -1.40731022e-01
 -1.28960013e-01 -1.17200337e-01 -1.05438642e-01 -9.36596394e-02 -8.18507224e-02
 -7.00088590e-02 -5.81536330e-02 -4.63546477e-02 -3.47887278e-02 -2.38265451e-02
 -9.58630294e-02 -9.88579616e-02 -1.03995629e-01 -1.10612154e-01 -1.17899299e-01
 -1.25507101e-01 -1.33335397e-01 -1.41360611e-01 -1.49580985e-01 -1.58001900e-01
 -1.66632056e-01 -1.75393432e-01 -1.84304044e-01 -1.93279594e-01 -2.02182040e-01
 -2.10854411e-01 -2.19144806e-01 -2.26921782e-01 -2.34083876e-01 -2.40564987e-01
 -2.46336341e-01 -2.51405239e-01 -2.55811185e-01 -2.59617180e-01 -2.62893200e-01
 -2.65704393e-01 -2.68105447e-01 -2.70137846e-01 -2.71829247e-01 -2.73193270e-01
 -2.74230272e-01 -2.74928153e-01 -2.75263667e-01 -2.75204241e-01 -2.74710178e-01
 -2.73737341e-01 -2.72239864e-01 -2.70173013e-01 -2.67494947e-01 -2.64167756e-01
 -2.60156840e-01 -2.55429745e-01 -2.49956518e-01 -2.43715242e-01 -2.36698851e-01
 -2.28908852e-01 -2.20348194e-01 -2.11018667e-01 -2.00928763e-01 -1.90117776e-01
 -1.78701296e-01 -1.66937262e-01 -1.55296549e-01 -1.43668413e-01 -1.32023111e-01
 -1.20334446e-01 -1.08571693e-01 -9.66961086e-02 -8.46586749e-02 -7.23980889e-02
 -5.98382950e-02 -4.68847267e-02 -3.34153995e-02 -1.92570426e-02 -4.31654695e-03
 -8.73953477e-02 -8.84448662e-02 -9.83117744e-02 -1.07591897e-01 -1.15704700e-01
 -1.23639926e-01 -1.31602243e-01 -1.39660165e-01 -1.47848070e-01 -1.56190544e-01
 -1.64709374e-01 -1.73313424e-01 -1.82053089e-01 -1.90866098e-01 -1.99629113e-01
 -2.08194181e-01 -2.16413766e-01 -2.24157006e-01 -2.31319636e-01 -2.37829432e-01
 -2.43648425e-01 -2.48772025e-01 -2.53225446e-01 -2.57057816e-01 -2.60330468e-01
 -2.63103664e-01 -2.65429139e-01 -2.67346829e-01 -2.68883497e-01 -2.70052791e-01
 -2.70855725e-01 -2.71281779e-01 -2.71310449e-01 -2.70912945e-01 -2.70054311e-01
 -2.68695682e-01 -2.66796470e-01 -2.64316201e-01 -2.61215538e-01 -2.57456869e-01
 -2.53004611e-01 -2.47827411e-01 -2.41905019e-01 -2.35229447e-01 -2.27800220e-01
 -2.19619319e-01 -2.10689694e-01 -2.01021969e-01 -1.90654457e-01 -1.79690540e-01
 -1.68353915e-01 -1.57050088e-01 -1.45732999e-01 -1.34384200e-01 -1.22978136e-01
 -1.11482039e-01 -9.98531207e-02 -8.80346820e-02 -7.59508163e-02 -6.34991750e-02
 -5.05404696e-02 -3.68834026e-02 -2.22664680e-02 -6.38259901e-03  1.05269738e-02
 -9.17756185e-02 -9.42857862e-02 -9.96148884e-02 -1.06739007e-01 -1.14463441e-01
 -1.22330219e-01 -1.30250737e-01 -1.38232291e-01 -1.46301150e-01 -1.54486656e-01
 -1.62820280e-01 -1.71200439e-01 -1.79700240e-01 -1.88278958e-01 -1.96830153e-01
 -2.05217466e-01 -2.13299975e-01 -2.20949084e-01 -2.28058919e-01 -2.34552100e-01
 -2.40382120e-01 -2.45532811e-01 -2.50015348e-01 -2.53862977e-01 -2.57124066e-01
 -2.59851098e-01 -2.62091339e-01 -2.63882190e-01 -2.65249372e-01 -2.66206324e-01
 -2.66754985e-01 -2.66886532e-01 -2.66583145e-01 -2.65819430e-01 -2.64564514e-01
 -2.62783617e-01 -2.60439843e-01 -2.57495552e-01 -2.53913611e-01 -2.49659047e-01
 -2.44703859e-01 -2.39030778e-01 -2.32631743e-01 -2.25504816e-01 -2.17651144e-01
 -2.09074929e-01 -1.99790508e-01 -1.89840332e-01 -1.79327458e-01 -1.68460831e-01
 -1.57605380e-01 -1.46719083e-01 -1.35794207e-01 -1.24816798e-01 -1.13765568e-01
 -1.02610275e-01 -9.13089961e-02 -7.98041746e-02 -6.80166781e-02 -5.58371358e-02
 -4.31129411e-02 -2.96298452e-02 -1.50883216e-02  9.30485839e-04  1.91185605e-02
 -8.76327679e-02 -8.85725096e-02 -9.68978330e-02 -1.05824783e-01 -1.13846205e-01
 -1.21665724e-01 -1.29440457e-01 -1.37227699e-01 -1.45062864e-01 -1.52974114e-01
 -1.60984099e-01 -1.69106841e-01 -1.77302673e-01 -1.85568511e-01 -1.93823233e-01
 -2.01947019e-01 -2.09808797e-01 -2.17284456e-01 -2.24268183e-01 -2.30678692e-01
 -2.36461982e-01 -2.41591215e-01 -2.46064290e-01 -2.49899402e-01 -2.53129184e-01
 -2.55793840e-01 -2.57933348e-01 -2.59581000e-01 -2.60760337e-01 -2.61484295e-01
 -2.61755288e-01 -2.61566043e-01 -2.60900944e-01 -2.59737521e-01 -2.58048028e-01
 -2.55801111e-01 -2.52963394e-01 -2.49501646e-01 -2.45386660e-01 -2.40596399e-01
 -2.35116392e-01 -2.28939056e-01 -2.22061858e-01 -2.14485854e-01 -2.06217319e-01
 -1.97275117e-01 -1.87707737e-01 -1.77623138e-01 -1.67233095e-01 -1.56884983e-01
 -1.46489486e-01 -1.36051133e-01 -1.25569656e-01 -1.15039401e-01 -1.04448520e-01
 -9.37778652e-02 -8.29992965e-02 -7.20733628e-02 -6.09458722e-02 -4.95427325e-02
 -3.77610885e-02 -2.54512504e-02 -1.23685347e-02  2.01558368e-03  2.00760029e-02
 -9.25932676e-02 -9.48353410e-02 -1.00019120e-01 -1.06952988e-01 -1.14365339e-01
 -1.21836908e-01 -1.29298106e-01 -1.36761084e-01 -1.44252926e-01 -1.51801154e-01
 -1.59431130e-01 -1.67166635e-01 -1.74949408e-01 -1.82798952e-01 -1.90654799e-01
 -1.98413283e-01 -2.05954209e-01 -2.13159382e-01 -2.19924331e-01 -2.26165101e-01
 -2.31821418e-01 -2.36856893e-01 -2.41257310e-01 -2.45026901e-01 -2.48183593e-01
 -2.50753403e-01 -2.52764702e-01 -2.54243463e-01 -2.55209237e-01 -2.55673110e-01
 -2.55637258e-01 -2.55095333e-01 -2.54033625e-01 -2.52432346e-01 -2.50267357e-01
 -2.47512832e-01 -2.44143978e-01 -2.40139067e-01 -2.35481143e-01 -2.30158731e-01
 -2.24165440e-01 -2.17499331e-01 -2.10163176e-01 -2.02167690e-01 -1.93539813e-01
 -1.84338093e-01 -1.74674734e-01 -1.64742664e-01 -1.54915929e-01 -1.45018339e-01
 -1.35069430e-01 -1.25082523e-01 -1.15066580e-01 -1.05026662e-01 -9.49640349e-02
 -8.48759562e-02 -7.47556537e-02 -6.45925030e-02 -5.43731079e-02 -4.40840125e-02
 -3.37182470e-02 -2.32914407e-02 -1.28879175e-02 -2.82622431e-03  6.20327750e-03
 -9.24061835e-02 -9.36668441e-02 -1.00447372e-01 -1.08382545e-01 -1.15716130e-01
 -1.22826941e-01 -1.29858583e-01 -1.36873752e-01 -1.43910050e-01 -1.50995538e-01
 -1.58154175e-01 -1.65408075e-01 -1.72681183e-01 -1.80014014e-01 -1.87366396e-01
 -1.94651708e-01 -2.01762244e-01 -2.08587393e-01 -2.15025604e-01 -2.20991760e-01
 -2.26420581e-01 -2.31267527e-01 -2.35507518e-01 -2.39132062e-01 -2.42145509e-01
 -2.44560450e-01 -2.46393293e-01 -2.47660190e-01 -2.48373836e-01 -2.48541355e-01
 -2.48163521e-01 -2.47234792e-01 -2.45744258e-01 -2.43677214e-01 -2.41016984e-01
 -2.37746939e-01 -2.33852267e-01 -2.29321137e-01 -2.24145338e-01 -2.18320534e-01
 -2.11846724e-01 -2.04730272e-01 -1.96988940e-01 -1.88662201e-01 -1.79828182e-01
 -1.70631140e-01 -1.61298871e-01 -1.51878700e-01 -1.42409772e-01 -1.32895753e-01
 -1.23349063e-01 -1.13785140e-01 -1.04220077e-01 -9.46695432e-02 -8.51483941e-02
 -7.56707340e-02 -6.62505850e-02 -5.69033846e-02 -4.76489775e-02 -3.85170244e-02
 -2.95565389e-02 -2.08518580e-02 -1.25449682e-02 -4.83921170e-03  2.12748512e-03
 -9.87481326e-02 -1.00882128e-01 -1.05721928e-01 -1.11912593e-01 -1.18304797e-01
 -1.24703087e-01 -1.31110027e-01 -1.37542695e-01 -1.44016773e-01 -1.50547236e-01
 -1.57149702e-01 -1.63840786e-01 -1.70521930e-01 -1.77249447e-01 -1.84001520e-01
 -1.90709054e-01 -1.97278515e-01 -2.03608975e-01 -2.09603965e-01 -2.15179026e-01
 -2.20265687e-01 -2.24812835e-01 -2.28786170e-01 -2.32166067e-01 -2.34944671e-01
 -2.37122372e-01 -2.38704309e-01 -2.39697129e-01 -2.40106493e-01 -2.39935294e-01
 -2.39182889e-01 -2.37845123e-01 -2.35915005e-01 -2.33383760e-01 -2.30242178e-01
 -2.26481721e-01 -2.22095519e-01 -2.17079148e-01 -2.11431473e-01 -2.05156252e-01
 -1.98265433e-01 -1.90785408e-01 -1.82767183e-01 -1.74303114e-01 -1.65535375e-01
 -1.56743541e-01 -1.47807077e-01 -1.38762295e-01 -1.29641145e-01 -1.20470025e-01
 -1.11274526e-01 -1.02080904e-01 -9.29162428e-02 -8.38083476e-02 -7.47856200e-02
 -6.58771098e-02 -5.71129881e-02 -4.85255159e-02 -4.01508883e-02 -3.20319608e-02
 -2.42216848e-02 -1.67859253e-02 -9.80262179e-03 -3.35320365e-03  2.49090465e-03
 -1.04919158e-01 -1.07422039e-01 -1.11320697e-01 -1.16212972e-01 -1.21578023e-01
 -1.27163813e-01 -1.32869437e-01 -1.38654277e-01 -1.44503653e-01 -1.50415644e-01
 -1.56396151e-01 -1.62458107e-01 -1.68487832e-01 -1.74542546e-01 -1.80614308e-01
 -1.86651409e-01 -1.92576423e-01 -1.98300719e-01 -2.03735620e-01 -2.08799839e-01
 -2.13424057e-01 -2.17552796e-01 -2.21144617e-01 -2.24170879e-01 -2.26613581e-01
 -2.28462845e-01 -2.29714215e-01 -2.30366305e-01 -2.30418757e-01 -2.29870990e-01
 -2.28721380e-01 -2.26967171e-01 -2.24604785e-01 -2.21630350e-01 -2.18040437e-01
 -2.13832796e-01 -2.09007397e-01 -2.03567877e-01 -1.97524175e-01 -1.90897092e-01
 -1.83725342e-01 -1.76077679e-01 -1.68058902e-01 -1.59873754e-01 -1.51493311e-01
 -1.42960295e-01 -1.34290591e-01 -1.25508904e-01 -1.16644360e-01 -1.07728563e-01
 -9.87954512e-02 -8.98813605e-02 -8.10249001e-02 -7.22665787e-02 -6.36483282e-02
 -5.52129075e-02 -4.70033549e-02 -3.90626453e-02 -3.14336233e-02 -2.41592098e-02
 -1.72826424e-02 -1.08472491e-02 -4.89516649e-03  5.35127358e-04  5.41170873e-03
 -1.08137131e-01 -1.10054836e-01 -1.14681125e-01 -1.19810417e-01 -1.24784239e-01
 -1.29815027e-01 -1.34919107e-01 -1.40084863e-01 -1.45301625e-01 -1.50563598e-01
 -1.55868456e-01 -1.61214337e-01 -1.66594714e-01 -1.71943456e-01 -1.77278429e-01
 -1.82570681e-01 -1.87762246e-01 -1.92780018e-01 -1.97546154e-01 -2.01985627e-01
 -2.06031054e-01 -2.09625393e-01 -2.12722763e-01 -2.15288058e-01 -2.17295721e-01
 -2.18727961e-01 -2.19572961e-01 -2.19823018e-01 -2.19473168e-01 -2.18520001e-01
 -2.16961101e-01 -2.14794695e-01 -2.12019742e-01 -2.08636358e-01 -2.04646453e-01
 -2.00054973e-01 -1.94871798e-01 -1.89115271e-01 -1.82816997e-01 -1.76031187e-01
 -1.68836594e-01 -1.61389396e-01 -1.53682590e-01 -1.45745486e-01 -1.37598470e-01
 -1.29266709e-01 -1.20775938e-01 -1.12155087e-01 -1.03437170e-01 -9.46596339e-02
 -8.58646184e-02 -7.70990103e-02 -6.84142038e-02 -5.98653816e-02 -5.15102372e-02
 -4.34073061e-02 -3.56138498e-02 -2.81837173e-02 -2.11653225e-02 -1.46000693e-02
 -8.52131750e-03 -2.95387628e-03  2.08606548e-03  6.59070956e-03  1.05602108e-02
 -1.13612115e-01 -1.16087437e-01 -1.19566947e-01 -1.23730719e-01 -1.28163263e-01
 -1.32684126e-01 -1.37241185e-01 -1.41819358e-01 -1.46414027e-01 -1.51024312e-01
 -1.55650958e-01 -1.60295323e-01 -1.64959237e-01 -1.69551179e-01 -1.74097776e-01
 -1.78585187e-01 -1.82972267e-01 -1.87201396e-01 -1.91207215e-01 -1.94923431e-01
 -1.98287576e-01 -2.01244056e-01 -2.03745618e-01 -2.05753729e-01 -2.07238078e-01
 -2.08175644e-01 -2.08549455e-01 -2.08347425e-01 -2.07561255e-01 -2.06185624e-01
 -2.04217732e-01 -2.01657116e-01 -1.98505878e-01 -1.94769517e-01 -1.90458536e-01
 -1.85590580e-01 -1.80193409e-01 -1.74312055e-01 -1.68006569e-01 -1.61403373e-01
 -1.54477730e-01 -1.47253498e-01 -1.39748469e-01 -1.31982461e-01 -1.23976089e-01
 -1.15752272e-01 -1.07336946e-01 -9.87603217e-02 -9.00581107e-02 -8.12726840e-02
 -7.24540949e-02 -6.36607260e-02 -5.49593605e-02 -4.64243293e-02 -3.81354243e-02
 -3.01745180e-02 -2.26210505e-02 -1.55469170e-02 -9.01158247e-03 -3.05822678e-03
  2.28844932e-03  7.02244695e-03  1.11547885e-02  1.47103230e-02  1.77237112e-02
 -1.16476178e-01 -1.18022926e-01 -1.22901313e-01 -1.27584264e-01 -1.31802723e-01
 -1.35896727e-01 -1.39928848e-01 -1.43920779e-01 -1.47885144e-01 -1.51831180e-01
 -1.55765802e-01 -1.59694016e-01 -1.63618967e-01 -1.67431578e-01 -1.71163946e-01
 -1.74813509e-01 -1.78353265e-01 -1.81740120e-01 -1.84921846e-01 -1.87842712e-01
 -1.90447763e-01 -1.92685947e-01 -1.94511876e-01 -1.95886821e-01 -1.96778908e-01
 -1.97162703e-01 -1.97018698e-01 -1.96332574e-01 -1.95094571e-01 -1.93299174e-01
 -1.90945074e-01 -1.88035488e-01 -1.84578627e-01 -1.80589288e-01 -1.76093921e-01
 -1.71132475e-01 -1.65752187e-01 -1.60061717e-01 -1.53995663e-01 -1.47579983e-01
 -1.40828535e-01 -1.33755505e-01 -1.26374751e-01 -1.18700661e-01 -1.10748999e-01
 -1.02537908e-01 -9.40892175e-02 -8.54300708e-02 -7.65947849e-02 -6.76271021e-02
 -5.85825294e-02 -4.95305583e-02 -4.05562781e-02 -3.17605250e-02 -2.32574958e-02
 -1.51691055e-02 -7.61588570e-03 -7.05794024e-04  5.47679933e-03  1.08795585e-02
  1.54865254e-02  1.93177648e-02  2.24243719e-02  2.48796698e-02  2.67683845e-02
 -1.23254023e-01 -1.25713184e-01 -1.28899023e-01 -1.32503927e-01 -1.36147141e-01
 -1.39691219e-01 -1.43128201e-01 -1.46480590e-01 -1.49771720e-01 -1.53019428e-01
 -1.56235948e-01 -1.59428924e-01 -1.62602425e-01 -1.65632412e-01 -1.68550283e-01
 -1.71359360e-01 -1.74042836e-01 -1.76569924e-01 -1.78900823e-01 -1.80991068e-01
 -1.82795078e-01 -1.84268892e-01 -1.85372144e-01 -1.86069250e-01 -1.86330065e-01
 -1.86130151e-01 -1.85450688e-01 -1.84278220e-01 -1.82604447e-01 -1.80426270e-01
 -1.77747652e-01 -1.74580619e-01 -1.70944273e-01 -1.66858152e-01 -1.62374377e-01
 -1.57593220e-01 -1.52404100e-01 -1.46838740e-01 -1.40906408e-01 -1.34616852e-01
 -1.27978176e-01 -1.20997444e-01 -1.13681108e-01 -1.06035613e-01 -9.80681479e-02
 -8.97877142e-02 -8.12065452e-02 -7.23420829e-02 -6.32196739e-02 -5.38761206e-02
 -4.43642475e-02 -3.47584561e-02 -2.51607802e-02 -1.57060437e-02 -6.56310562e-03
  2.07212521e-03  9.99518856e-03  1.70204267e-02  2.30079312e-02  2.78817080e-02
  3.16374525e-02  3.43412571e-02  3.61189991e-02  3.71352136e-02  3.75646502e-02
 -1.28225565e-01 -1.30095705e-01 -1.34216487e-01 -1.38117969e-01 -1.41325310e-01
 -1.44221351e-01 -1.46940485e-01 -1.49552137e-01 -1.52095750e-01 -1.54593572e-01
 -1.57057628e-01 -1.59494266e-01 -1.61907896e-01 -1.64170787e-01 -1.66299045e-01
 -1.68294802e-01 -1.70147300e-01 -1.71835274e-01 -1.73329815e-01 -1.74597338e-01
 -1.75602362e-01 -1.76309720e-01 -1.76686481e-01 -1.76703244e-01 -1.76335096e-01
 -1.75562158e-01 -1.74370334e-01 -1.72751442e-01 -1.70702443e-01 -1.68221474e-01
 -1.65321112e-01 -1.62032932e-01 -1.58419192e-01 -1.54398277e-01 -1.49996296e-01
 -1.45233542e-01 -1.40106753e-01 -1.34618714e-01 -1.28771573e-01 -1.22566551e-01
 -1.16003521e-01 -1.09080918e-01 -1.01795800e-01 -9.41440165e-02 -8.61206502e-02
 -7.77206793e-02 -6.89401180e-02 -5.97777367e-02 -5.02378829e-02 -4.03347760e-02
 -3.00991163e-02 -1.95880327e-02 -8.89962912e-03  1.80694461e-03  1.22884931e-02
  2.22062804e-02  3.11590936e-02  3.87755409e-02  4.47992496e-02  4.91094850e-02
  5.17207868e-02  5.27816415e-02  5.25715798e-02  5.14656156e-02  4.98346947e-02
 -1.37997881e-01 -1.40782788e-01 -1.43382952e-01 -1.45701140e-01 -1.47726581e-01
 -1.49576828e-01 -1.51345223e-01 -1.53077960e-01 -1.54793233e-01 -1.56495035e-01
 -1.58179909e-01 -1.59839556e-01 -1.61460817e-01 -1.63022399e-01 -1.64414585e-01
 -1.65648356e-01 -1.66721910e-01 -1.67623043e-01 -1.68332249e-01 -1.68825537e-01
 -1.69076979e-01 -1.69060707e-01 -1.68752596e-01 -1.68131679e-01 -1.67180851e-01
 -1.65887177e-01 -1.64244637e-01 -1.62257448e-01 -1.59946263e-01 -1.57267749e-01
 -1.54230803e-01 -1.50846094e-01 -1.47122890e-01 -1.43056259e-01 -1.38647690e-01
 -1.33899271e-01 -1.28809899e-01 -1.23377129e-01 -1.17596902e-01 -1.11463338e-01
 -1.04968444e-01 -9.81017873e-02 -9.08502564e-02 -8.31977576e-02 -7.51250088e-02
 -6.66093603e-02 -5.76248206e-02 -4.81424853e-02 -3.81316692e-02 -2.75624897e-02
 -1.64109096e-02 -4.66825580e-03  7.64119904e-03  2.04265341e-02  3.34576704e-02
  4.61973287e-02  5.75980432e-02  6.66277930e-02  7.30515346e-02  7.66664147e-02
  7.75409788e-02  7.59008154e-02  7.21425712e-02  6.74426854e-02  6.27425686e-02
 -1.49919048e-01 -1.53662443e-01 -1.54669359e-01 -1.54642716e-01 -1.54839650e-01
 -1.55326515e-01 -1.56006023e-01 -1.56807259e-01 -1.57683358e-01 -1.58600628e-01
 -1.59532562e-01 -1.60456955e-01 -1.61354750e-01 -1.62210003e-01 -1.62891760e-01
 -1.63405687e-01 -1.63757712e-01 -1.63939700e-01 -1.63936824e-01 -1.63731247e-01
 -1.63304329e-01 -1.62638307e-01 -1.61717817e-01 -1.60531625e-01 -1.59073353e-01
 -1.57330573e-01 -1.55296162e-01 -1.52967080e-01 -1.50342107e-01 -1.47415504e-01
 -1.44186392e-01 -1.40655831e-01 -1.36824608e-01 -1.32691383e-01 -1.28254041e-01
 -1.23509280e-01 -1.18451960e-01 -1.13074899e-01 -1.07368626e-01 -1.01321124e-01
 -9.49174091e-02 -8.81390870e-02 -8.09637159e-02 -7.33640417e-02 -6.53069615e-02
 -5.67522161e-02 -4.76507023e-02 -3.79424058e-02 -2.75539309e-02 -1.63958129e-02
 -4.36012074e-03  8.68072174e-03  2.28727162e-02  3.83779444e-02  5.54000698e-02
  7.45321959e-02  9.68330353e-02  1.02297492e-01  1.12401769e-01  1.13715008e-01
  1.11093774e-01  1.09663829e-01  9.35562998e-02  8.24005678e-02  7.38821849e-02
 -1.59853920e-01 -1.64620370e-01 -1.63823888e-01 -1.61968872e-01 -1.60988867e-01
 -1.60511240e-01 -1.60340264e-01 -1.60367161e-01 -1.60519049e-01 -1.60742477e-01
 -1.60996392e-01 -1.61248580e-01 -1.61474094e-01 -1.61655605e-01 -1.61658809e-01
 -1.61469474e-01 -1.61156848e-01 -1.60693392e-01 -1.60058916e-01 -1.59236670e-01
 -1.58212155e-01 -1.56972766e-01 -1.55508026e-01 -1.53809726e-01 -1.51871607e-01
 -1.49688423e-01 -1.47256583e-01 -1.44574150e-01 -1.41640082e-01 -1.38453394e-01
 -1.35013610e-01 -1.31320253e-01 -1.27372101e-01 -1.23166472e-01 -1.18698984e-01
 -1.13963254e-01 -1.08950607e-01 -1.03649817e-01 -9.80469286e-02 -9.21248943e-02
 -8.58632773e-02 -7.92376250e-02 -7.22187385e-02 -6.47715032e-02 -5.68533316e-02
 -4.84119132e-02 -3.93820219e-02 -2.96809990e-02 -1.92022398e-02 -7.80584570e-03
  4.69457451e-03  1.85494535e-02  3.40935513e-02  5.17682768e-02  7.21938238e-02
  9.58030149e-02  1.11685999e-01  1.22507147e-01  1.30924478e-01  1.29605487e-01
  1.28816009e-01  1.16342574e-01  1.01590410e-01  8.92321691e-02  7.93643296e-02
 -1.62502587e-01 -1.66559726e-01 -1.67439982e-01 -1.66614026e-01 -1.65552169e-01
 -1.64674550e-01 -1.64013892e-01 -1.63520992e-01 -1.63137361e-01 -1.62810892e-01
 -1.62497982e-01 -1.62162170e-01 -1.61771551e-01 -1.61295012e-01 -1.60695717e-01
 -1.59953803e-01 -1.59063756e-01 -1.58014894e-01 -1.56795710e-01 -1.55395418e-01
 -1.53804556e-01 -1.52015314e-01 -1.50021702e-01 -1.47819608e-01 -1.45406693e-01
 -1.42782152e-01 -1.39946550e-01 -1.36901528e-01 -1.33649260e-01 -1.30191967e-01
 -1.26531392e-01 -1.22668244e-01 -1.18601561e-01 -1.14328191e-01 -1.09842412e-01
 -1.05135657e-01 -1.00196376e-01 -9.50099751e-02 -8.95587429e-02 -8.38218108e-02
 -7.77749419e-02 -7.13901594e-02 -6.46350831e-02 -5.74718975e-02 -4.98557948e-02
 -4.17327061e-02 -3.30359824e-02 -2.36814525e-02 -1.35598788e-02 -2.52499012e-03
  9.62661859e-03  2.31912266e-02  3.86244729e-02  5.66485710e-02  7.80008137e-02
  9.80508700e-02  1.10897265e-01  1.22201607e-01  1.26194328e-01  1.27077073e-01
  1.22008443e-01  1.09513484e-01  9.70989168e-02  8.66673514e-02  7.79838786e-02
 -1.69701874e-01 -1.75286576e-01 -1.73258498e-01 -1.70583576e-01 -1.69053212e-01
 -1.67941958e-01 -1.67043999e-01 -1.66263998e-01 -1.65537968e-01 -1.64817318e-01
 -1.64064124e-01 -1.63248181e-01 -1.62344515e-01 -1.61331415e-01 -1.60189524e-01
 -1.58903927e-01 -1.57463655e-01 -1.55859277e-01 -1.54082477e-01 -1.52126238e-01
 -1.49985179e-01 -1.47655696e-01 -1.45136192e-01 -1.42427146e-01 -1.39531061e-01
 -1.36452243e-01 -1.33196577e-01 -1.29770994e-01 -1.26182973e-01 -1.22439615e-01
 -1.18546948e-01 -1.14508942e-01 -1.10326737e-01 -1.05997957e-01 -1.01516269e-01
 -9.68712643e-02 -9.20485482e-02 -8.70300233e-02 -8.17943215e-02 -7.63171688e-02
 -7.05716461e-02 -6.45283014e-02 -5.81548885e-02 -5.14159054e-02 -4.42716740e-02
 -3.66770774e-02 -2.85797827e-02 -1.99178457e-02 -1.06165288e-02 -5.83998801e-04
  1.02946032e-02  2.21656188e-02  3.52193117e-02  4.96999137e-02  6.56780601e-02
  7.96457455e-02  8.93232375e-02  9.80578586e-02  1.01206087e-01  1.02860533e-01
  9.95158851e-02  9.19802859e-02  8.45325440e-02  7.76580200e-02  7.14270249e-02
 -1.66961953e-01 -1.71278596e-01 -1.72629237e-01 -1.72202647e-01 -1.71327174e-01
 -1.70450494e-01 -1.69613466e-01 -1.68769881e-01 -1.67872623e-01 -1.66888356e-01
 -1.65795669e-01 -1.64580435e-01 -1.63232237e-01 -1.61741957e-01 -1.60100877e-01
 -1.58300698e-01 -1.56333789e-01 -1.54193327e-01 -1.51873603e-01 -1.49370462e-01
 -1.46681756e-01 -1.43807635e-01 -1.40750781e-01 -1.37516528e-01 -1.34112909e-01
 -1.30550459e-01 -1.26841977e-01 -1.23002008e-01 -1.19045943e-01 -1.14988893e-01
 -1.10844262e-01 -1.06622189e-01 -1.02328174e-01 -9.79619250e-02 -9.35168117e-02
 -8.89799073e-02 -8.43325779e-02 -7.95515254e-02 -7.46100694e-02 -6.94793537e-02
 -6.41294047e-02 -5.85298538e-02 -5.26503175e-02 -4.64605130e-02 -3.99302132e-02
 -3.30291577e-02 -2.57272497e-02 -1.79952960e-02 -9.80715360e-03 -1.14461104e-03
  7.99173117e-03  1.75584257e-02  2.74158269e-02  3.72207500e-02  4.64526005e-02
  5.50403967e-02  6.23942800e-02  6.80785552e-02  7.18602985e-02  7.37648159e-02
  7.39927515e-02  7.24630430e-02  6.95668831e-02  6.60322830e-02  6.22967370e-02
 -1.72781125e-01 -1.79027334e-01 -1.76050156e-01 -1.73861787e-01 -1.73150361e-01
 -1.72687426e-01 -1.72146276e-01 -1.71411321e-01 -1.70449793e-01 -1.69263989e-01
 -1.67868584e-01 -1.66279420e-01 -1.64508551e-01 -1.62562475e-01 -1.60442427e-01
 -1.58145711e-01 -1.55667365e-01 -1.53001890e-01 -1.50144622e-01 -1.47092909e-01
 -1.43846840e-01 -1.40409708e-01 -1.36788219e-01 -1.32992655e-01 -1.29037023e-01
 -1.24939129e-01 -1.20720632e-01 -1.16406612e-01 -1.12024620e-01 -1.07602879e-01
 -1.03167713e-01 -9.87405553e-02 -9.43350568e-02 -8.99548158e-02 -8.55923742e-02
 -8.12296122e-02 -7.68394023e-02 -7.23882988e-02 -6.78395405e-02 -6.31558821e-02
 -5.83017394e-02 -5.32445833e-02 -4.79556955e-02 -4.24105003e-02 -3.65887657e-02
 -3.04750297e-02 -2.40595434e-02 -1.73401516e-02 -1.03256600e-02 -3.04142688e-03
  4.46202094e-03  1.20972414e-02  1.97281055e-02  2.71687843e-02  3.42051573e-02
  4.06166129e-02  4.61814925e-02  5.07076643e-02  5.40721603e-02  5.62380515e-02
  5.72447255e-02  5.71972989e-02  5.62781543e-02  5.47235496e-02  5.27613461e-02
 -1.63251787e-01 -1.68023333e-01 -1.71216503e-01 -1.73273653e-01 -1.74651772e-01
 -1.75374791e-01 -1.75403908e-01 -1.74817994e-01 -1.73737496e-01 -1.72268361e-01
 -1.70493767e-01 -1.68473780e-01 -1.66246712e-01 -1.63832054e-01 -1.61235109e-01
 -1.58451840e-01 -1.55473650e-01 -1.52291119e-01 -1.48896798e-01 -1.45287111e-01
 -1.41463146e-01 -1.37430862e-01 -1.33200839e-01 -1.28788024e-01 -1.24211989e-01
 -1.19497724e-01 -1.14676803e-01 -1.09788232e-01 -1.04878090e-01 -9.99971107e-02
 -9.51957330e-02 -9.05174315e-02 -8.59919414e-02 -8.16301256e-02 -7.74216428e-02
 -7.33360425e-02 -6.93270862e-02 -6.53394088e-02 -6.13157004e-02 -5.72026148e-02
 -5.29543981e-02 -4.85343710e-02 -4.39149775e-02 -3.90772149e-02 -3.40100639e-02
 -2.87102666e-02 -2.31827497e-02 -1.74418148e-02 -1.15131848e-02 -5.43688936e-03
  7.29341467e-04  6.90707378e-03  1.29961371e-02  1.88773852e-02  2.44196877e-02
  2.94896029e-02  3.39626409e-02  3.77360433e-02  4.07408550e-02  4.29496318e-02
  4.43783551e-02  4.50840108e-02  4.51580361e-02  4.47140783e-02  4.38718237e-02
 -1.59397066e-01 -1.64642558e-01 -1.69658199e-01 -1.74442008e-01 -1.78677127e-01
 -1.80810541e-01 -1.80814356e-01 -1.79860488e-01 -1.78250656e-01 -1.76177189e-01
 -1.73793435e-01 -1.71197712e-01 -1.68440700e-01 -1.65536031e-01 -1.62473083e-01
 -1.59229025e-01 -1.55777782e-01 -1.52096227e-01 -1.48168087e-01 -1.43986195e-01
 -1.39552921e-01 -1.34878829e-01 -1.29979953e-01 -1.24875493e-01 -1.19587623e-01
 -1.14143848e-01 -1.08581699e-01 -1.02954298e-01 -9.73346084e-02 -9.18143243e-02
 -8.64938796e-02 -8.14647377e-02 -7.67914280e-02 -7.24995732e-02 -6.85708970e-02
 -6.49450347e-02 -6.15298152e-02 -5.82194589e-02 -5.49141094e-02 -5.15323505e-02
 -4.80148010e-02 -4.43221554e-02 -4.04313281e-02 -3.63318846e-02 -3.20233963e-02
 -2.75139045e-02 -2.28193011e-02 -1.79634839e-02 -1.29790520e-02 -7.90826231e-03
 -2.80390517e-03  2.27040146e-03  7.24103721e-03  1.20267328e-02  1.65425371e-02
  2.07051206e-02  2.44388785e-02  2.76821330e-02  3.03925127e-02  3.25505845e-02
  3.41611095e-02  3.52517739e-02  3.58694792e-02  3.60746942e-02  3.59347165e-02
 -1.56859756e-01 -1.62813559e-01 -1.69295833e-01 -1.76621363e-01 -1.84913129e-01
 -1.88991860e-01 -1.89058274e-01 -1.87155828e-01 -1.84144199e-01 -1.80906639e-01
 -1.77562773e-01 -1.74217939e-01 -1.70895889e-01 -1.67549536e-01 -1.64105788e-01
 -1.60491571e-01 -1.56642973e-01 -1.52510509e-01 -1.48062080e-01 -1.43284976e-01
 -1.38189182e-01 -1.32802844e-01 -1.27158284e-01 -1.21280394e-01 -1.15184687e-01
 -1.08883657e-01 -1.02398634e-01 -9.57773626e-02 -8.91178474e-02 -8.25896636e-02
 -7.64196441e-02 -7.08199888e-02 -6.59282878e-02 -6.17992319e-02 -5.84001988e-02
 -5.56057021e-02 -5.31999618e-02 -5.09425364e-02 -4.86469045e-02 -4.61990535e-02
 -4.35397327e-02 -4.06440571e-02 -3.75076160e-02 -3.41383480e-02 -3.05520911e-02
 -2.67703999e-02 -2.28196420e-02 -1.87308453e-02 -1.45399338e-02 -1.02880253e-02
 -6.02155877e-03 -1.79200480e-03  2.34503695e-03  6.33147405e-03  1.01090753e-02
  1.36223929e-02  1.68219842e-02  1.96675453e-02  2.21305471e-02  2.41960138e-02
  2.58631296e-02  2.71446146e-02  2.80649085e-02  2.86574550e-02  2.89614815e-02
 -1.53809384e-01 -1.59971386e-01 -1.66916043e-01 -1.75049409e-01 -1.85062051e-01
 -1.91518933e-01 -1.95266187e-01 -1.93992645e-01 -1.90799162e-01 -1.85710341e-01
 -1.80879802e-01 -1.76785380e-01 -1.73145980e-01 -1.69649541e-01 -1.66083753e-01
 -1.62324652e-01 -1.58243030e-01 -1.53756037e-01 -1.48824662e-01 -1.43395007e-01
 -1.37496501e-01 -1.31254002e-01 -1.24765947e-01 -1.18061937e-01 -1.11123338e-01
 -1.03906333e-01 -9.63579789e-02 -8.84341523e-02 -8.01421702e-02 -7.16909841e-02
 -6.38381690e-02 -5.72764874e-02 -5.19763269e-02 -4.82067801e-02 -4.57583293e-02
 -4.47279774e-02 -4.43359464e-02 -4.37959582e-02 -4.28731702e-02 -4.15313430e-02
 -3.97903509e-02 -3.76868434e-02 -3.52615304e-02 -3.25548649e-02 -2.96058543e-02
 -2.64521912e-02 -2.31309067e-02 -1.96791459e-02 -1.61349066e-02 -1.25375651e-02
 -8.92812200e-03 -5.34907496e-03 -1.84388191e-03  1.54399546e-03  4.77242051e-03
  7.80217443e-03  1.05986632e-02  1.31335417e-02  1.53860599e-02  1.73439551e-02
  1.90037582e-02  2.03704759e-02  2.14566886e-02  2.22811662e-02  2.28672009e-02
 -1.49557427e-01 -1.55259371e-01 -1.61493018e-01 -1.68326735e-01 -1.75629407e-01
 -1.82949230e-01 -1.91637635e-01 -1.92468733e-01 -1.92620695e-01 -1.86343253e-01
 -1.81056380e-01 -1.77382618e-01 -1.74806759e-01 -1.71910912e-01 -1.68334484e-01
 -1.65123731e-01 -1.61077052e-01 -1.56078786e-01 -1.51169524e-01 -1.44957259e-01
 -1.37497202e-01 -1.30036324e-01 -1.22641422e-01 -1.15202688e-01 -1.07587248e-01
 -9.96495187e-02 -9.12189484e-02 -8.20747763e-02 -7.18937740e-02 -6.00647330e-02
 -4.72503155e-02 -4.21429127e-02 -3.32352221e-02 -3.30813825e-02 -2.86701061e-02
 -3.35039981e-02 -3.66297811e-02 -3.81423049e-02 -3.85785885e-02 -3.82151119e-02
 -3.72316949e-02 -3.57562751e-02 -3.38848308e-02 -3.16923037e-02 -2.92393547e-02
 -2.65769735e-02 -2.37497203e-02 -2.07980722e-02 -1.77600700e-02 -1.46724032e-02
 -1.15710264e-02 -8.49135779e-03 -5.46813244e-03 -2.53494736e-03  2.76432344e-04
  2.93691689e-03  5.42099541e-03  7.70759117e-03  9.78076272e-03  1.16301645e-02
  1.32512068e-02  1.46448836e-02  1.58172958e-02  1.67789161e-02  1.75436679e-02
 -1.44341335e-01 -1.49326816e-01 -1.54511407e-01 -1.59830362e-01 -1.65199906e-01
 -1.70501292e-01 -1.75440311e-01 -1.79858997e-01 -1.86206356e-01 -1.78821459e-01
 -1.75388798e-01 -1.73516065e-01 -1.73456579e-01 -1.71829492e-01 -1.67639449e-01
 -1.65989816e-01 -1.62238523e-01 -1.56206265e-01 -1.52625114e-01 -1.45777866e-01
 -1.36327699e-01 -1.28010586e-01 -1.20175973e-01 -1.12475388e-01 -1.04674377e-01
 -9.65738893e-02 -8.79622400e-02 -7.85712972e-02 -6.80224150e-02 -5.57962768e-02
 -4.37024310e-02 -3.73197980e-02 -2.99479906e-02 -2.85640080e-02 -2.60583237e-02
 -3.01542059e-02 -3.39825377e-02 -3.61093879e-02 -3.70009392e-02 -3.69921178e-02
 -3.63107100e-02 -3.51168513e-02 -3.35268602e-02 -3.16274129e-02 -2.94849277e-02
 -2.71521639e-02 -2.46728808e-02 -2.20850222e-02 -1.94228068e-02 -1.67180449e-02
 -1.40009113e-02 -1.13002816e-02 -8.64378270e-03 -6.05759863e-03 -3.56611889e-03
 -1.19148288e-03  1.04690949e-03  3.13286227e-03  5.05376328e-03  6.80083456e-03
  8.36921483e-03  9.75786708e-03  1.09693175e-02  1.20092370e-02  1.28859235e-02
  3.88658667e+00  4.15627909e+00  4.41428804e+00  4.66802168e+00  4.90811682e+00
  5.11639118e+00  5.28933477e+00  5.41936111e+00  5.50653172e+00  5.54932928e+00
  5.55589533e+00  5.52936316e+00  5.47874641e+00  5.41011667e+00  5.32954884e+00
  5.24150705e+00  5.14923477e+00  5.05764771e+00  4.96744585e+00  4.88043690e+00
  4.80083132e+00  4.72639799e+00  4.65907097e+00  4.59886551e+00  4.54570293e+00
  4.49906588e+00  4.45840788e+00  4.42348528e+00  4.39357424e+00  4.36966610e+00
  4.35018301e+00  4.33505201e+00  4.32435369e+00  4.31794930e+00  4.31560183e+00
  4.31755829e+00  4.32322264e+00  4.33292961e+00  4.34659290e+00  4.36441088e+00
  4.38637400e+00  4.41276550e+00  4.44363928e+00  4.47921991e+00  4.51988649e+00
  4.56599283e+00  4.61777115e+00  4.67609262e+00  4.74093437e+00  4.81327105e+00
  4.89403057e+00  4.98302794e+00  5.08277655e+00  5.19394684e+00  5.31819153e+00
  5.45845556e+00  5.61666346e+00  5.79835987e+00  6.00839138e+00  6.25469637e+00
  6.54872084e+00  6.91132498e+00  7.39104414e+00  8.13247776e+00  1.18631134e+01
   88   89
  1.06673098e+00  0.00000000e+00  1.06859827e+00  1.00000001e-01  1.07458866e+00
  2.00000003e-01  1.07906246e+00  2.50405669e-01  1.09003162e+00  3.49999994e-01
  1.10162640e+00  4.49999988e-01  1.10752714e+00  5.00000000e-01  1.11811757e+00
  6.00000024e-01  1.12827742e+00  6.99999988e-01  1.13392246e+00  7.50000000e-01
  1.14485478e+00  8.50000024e-01  1.15498471e+00  9.49999988e-01  1.16053522e+00
  1.00000000e+00  1.16851985e+00  1.11483550e+00  1.21187496e+00  1.10483098e+00
  1.23843753e+00  1.09751379e+00  1.29156256e+00  1.08656383e+00  1.34468746e+00
  1.07409012e+00  1.39781249e+00  1.05946553e+00  1.42777991e+00  1.04999995e+00
  1.47749996e+00  1.03462899e+00  1.53062499e+00  1.01496828e+00  1.56513715e+00
  1.00000000e+00  1.61031246e+00  9.80381072e-01  1.66343749e+00  9.52088058e-01
  1.69000006e+00  9.37438965e-01  1.74312496e+00  9.03266311e-01  1.76968753e+00
  8.85329545e-01  1.81579173e+00  8.50000024e-01  1.84937501e+00  8.22984993e-01
  1.87593746e+00  7.99444973e-01  1.92843354e+00  7.50000000e-01  1.95562506e+00
  7.22582757e-01  1.98218751e+00  6.94136918e-01  2.02074337e+00  6.49999976e-01
  2.06111526e+00  6.00000024e-01  2.08843756e+00  5.62348068e-01  2.11500001e+00
  5.23005843e-01  2.14156246e+00  4.79782164e-01  2.16812491e+00  4.31577086e-01
  2.19468760e+00  3.77164006e-01  2.22125006e+00  3.15251261e-01  2.24622989e+00
  2.50000000e-01  2.26227808e+00  2.00000003e-01  2.27524757e+00  1.50000006e-01
  2.29369307e+00  5.00000007e-02  2.29630518e+00 -5.00000007e-02  2.28305459e+00
 -1.50000006e-01  2.27170491e+00 -2.00000003e-01  2.24781251e+00 -2.78298795e-01
  2.22129560e+00 -3.49999994e-01  2.19956183e+00 -4.00000006e-01  2.17530966e+00
 -4.49999988e-01  2.14755774e+00 -5.00000000e-01  2.11560440e+00 -5.50000012e-01
  2.08843756e+00 -5.88568807e-01  2.06187510e+00 -6.21956348e-01  2.03531241e+00
 -6.52036369e-01  1.98898971e+00 -6.99999988e-01  1.95562506e+00 -7.31418133e-01
  1.92906249e+00 -7.53623784e-01  1.87593746e+00 -7.94740677e-01  1.84937501e+00
 -8.12929988e-01  1.79624999e+00 -8.44673395e-01  1.76968753e+00 -8.58435154e-01
  1.71656251e+00 -8.82484555e-01  1.66343749e+00 -8.99943352e-01  1.63687503e+00
 -9.07461643e-01  1.58375001e+00 -9.18377101e-01  1.53062499e+00 -9.23422396e-01
  1.47749996e+00 -9.22017813e-01  1.42437506e+00 -9.12745893e-01  1.38754213e+00
 -8.99999976e-01  1.34468746e+00 -8.79333019e-01  1.30578434e+00 -8.50000024e-01
  1.26499999e+00 -8.08434606e-01  1.23843753e+00 -7.72354305e-01  1.21187496e+00
 -7.27396190e-01  1.18531251e+00 -6.71785235e-01  1.15875006e+00 -6.02347851e-01
  1.14243639e+00 -5.50000012e-01  1.12872970e+00 -5.00000000e-01  1.10655892e+00
 -4.00000006e-01  1.09713948e+00 -3.49999994e-01  1.08257878e+00 -2.50000000e-01
  1.07682562e+00 -2.00000003e-01  1.06941855e+00 -1.00000001e-01  1.06673098e+00
  0.00000000e+00
  1.01600003e+00  0.00000000e+00  1.01600003e+00  9.63999987e-01  1.01800001e+00
  9.67999995e-01  1.01800001e+00  1.00100005e+00  1.01800001e+00  1.01900005e+00
  1.01800001e+00  1.07700002e+00  1.01800001e+00  1.07000005e+00  1.01800001e+00
  1.09599996e+00  1.01800001e+00  1.11300004e+00  1.01800001e+00  1.13800001e+00
  1.01600003e+00  1.14699996e+00  1.01199996e+00  1.16499996e+00  1.00100005e+00
  1.21700001e+00  1.02900004e+00  1.21700001e+00  1.04200006e+00  1.16240001e+00
  1.04600000e+00  1.16237998e+00  1.05599999e+00  1.16260004e+00  1.09700000e+00
  1.16450000e+00  1.10800004e+00  1.16594005e+00  1.11600006e+00  1.16591001e+00
  1.13399994e+00  1.16895998e+00  1.14800000e+00  1.17174995e+00  1.16199994e+00
  1.17556000e+00  1.18099999e+00  1.18299997e+00  1.18200004e+00  1.18350005e+00
  1.18499994e+00  1.18499994e+00  1.19000006e+00  1.18799996e+00  1.19500005e+00
  1.19099998e+00  1.20099998e+00  1.19599998e+00  1.20899999e+00  1.20200002e+00
  1.21500003e+00  1.20799994e+00  1.22200000e+00  1.21399999e+00  1.22800004e+00
  1.22099996e+00  1.23399997e+00  1.23099995e+00  1.23899996e+00  1.23800004e+00
  1.24199998e+00  1.24399996e+00  1.24800003e+00  1.25399995e+00  1.25800002e+00
  1.27800000e+00  1.26300001e+00  1.28999996e+00  1.27999997e+00  1.33099997e+00
  1.27999997e+00  1.34700000e+00  1.27999997e+00  1.34800005e+00  1.30999994e+00
  1.34800005e+00  1.32799995e+00  1.34800005e+00  1.36099994e+00  1.34800005e+00
  1.38000000e+00  1.34800005e+00  1.41900003e+00  1.34800005e+00  1.41900003e+00
  1.30999994e+00  1.37199998e+00  1.30999994e+00  1.37199998e+00  1.29200006e+00
  1.60800004e+00  1.09500003e+00  1.64699996e+00  1.07700002e+00  1.78499997e+00
  1.07700002e+00  2.06999993e+00  1.03999996e+00  2.12800002e+00  9.92999971e-01
  2.24499989e+00  7.08999991e-01  2.32299995e+00  5.18999994e-01  2.37700009e+00
  3.88999999e-01  2.35200000e+00  4.00000006e-01  2.35100007e+00  3.37000012e-01
  2.35100007e+00  2.04999998e-01  2.35400009e+00  6.80000037e-02  2.35400009e+00
  0.00000000e+00  2.35400009e+00 -6.80000037e-02  2.35299993e+00 -2.04999998e-01
  2.35100007e+00 -3.37000012e-01  2.35299993e+00 -4.00000006e-01  2.37700009e+00
 -3.88999999e-01  2.13400006e+00 -9.72999990e-01  1.78600001e+00 -1.17400002e+00
  1.76800001e+00 -1.21099997e+00  1.76800001e+00 -1.25399995e+00  1.68200004e+00
 -1.25399995e+00  1.67400002e+00 -1.26199996e+00  1.67400002e+00 -1.32900000e+00
  1.68099999e+00 -1.33899999e+00  1.75399995e+00 -1.33899999e+00  1.75399995e+00
 -1.36800003e+00  1.68900001e+00 -1.36800003e+00  1.68900001e+00 -1.36600006e+00
  1.55499995e+00 -1.36600006e+00  1.41199994e+00 -1.36600006e+00  1.27300000e+00
 -1.36600006e+00  1.15300000e+00 -1.36600006e+00  1.01600003e+00 -1.22899997e+00
  1.01600003e+00 -8.00000012e-01  1.01600003e+00 -4.14999992e-01  1.01600003e+00
 -4.00000006e-01  1.01600003e+00  0.00000000e+00
    0 0.000000000e+00    0
  0.00000000e+00  1.11370675e-01  1.60232410e-01  1.99367791e-01  2.32307032e-01
  2.63689458e-01  2.92654783e-01  3.19732100e-01  3.45170826e-01  3.69177818e-01
  3.91713172e-01  4.13051456e-01  4.33206439e-01  4.52154130e-01  4.70238656e-01
  4.87256408e-01  5.03468692e-01  5.18942416e-01  5.33666849e-01  5.47725618e-01
  5.61211467e-01  5.74294925e-01  5.86782038e-01  5.98824143e-01  6.10539556e-01
  6.21966720e-01  6.33029222e-01  6.43789768e-01  6.54317021e-01  6.64596915e-01
  6.74725711e-01  6.84666097e-01  6.94392622e-01  7.03957796e-01  7.13398933e-01
  7.22738624e-01  7.31992602e-01  7.41105318e-01  7.50123501e-01  7.59082854e-01
  7.67986774e-01  7.76836395e-01  7.85636604e-01  7.94408560e-01  8.03160608e-01
  8.11904073e-01  8.20632339e-01  8.29404831e-01  8.38166595e-01  8.46974492e-01
  8.55852842e-01  8.64751399e-01  8.73760998e-01  8.82868111e-01  8.92071605e-01
  9.01420116e-01  9.10909772e-01  9.20596063e-01  9.30510104e-01  9.40712094e-01
  9.51205611e-01  9.62110281e-01  9.73550677e-01  9.85791504e-01  1.00000000e+00
    0
