# ITER first-wall geometry
# $Id$
# $Name$

# Type 0:first-wall, 1:limiter, 2:divertor
#  R [m]     Z [m]   Type
  4.0455   -2.5063     0
  4.0455   -1.5000     0
  4.0455   -0.4836     0
  4.0455    0.5328     0
  4.0455    1.5492     0
  4.0455    2.5656     0
  4.0455    3.5820     0
  4.3109    4.3240     0
  4.9037    4.7115     0
  5.7538    4.5323     0
  6.5870    3.8934     0
  7.4672    3.0833     0
  7.9338    2.4024     0
  8.2703    1.6814     0
  8.3944    0.6329     0
  8.3063   -0.4215     0
  7.8987   -1.3417     0
  7.2829   -2.2570     0
  6.2665   -3.0461     0
  6.3655   -3.2446     2
  6.1710   -3.2350     2
  5.9821   -3.2822     2
  5.8150   -3.3823     2
  5.6842   -3.5265     2
  5.6008   -3.7024     2
  5.5720   -3.8950     2
  5.5720   -3.8960     2
  5.5720   -3.9956     2
  5.5720   -3.9961     2
  5.5650   -4.0962     2
  5.5650   -4.2494     2
  5.5650   -4.4026     2
  5.5650   -4.5559     2
  5.2727   -4.2636     2
  5.2628   -4.1244     2
  5.2529   -3.9852     2
  5.1496   -3.8382     2
  4.9982   -3.7414     2
  4.8215   -3.7090     2
  4.6456   -3.7460     2
  4.5687   -3.8276     2
  4.4918   -3.9092     2
  4.1799   -3.8847     2
  4.2457   -3.7497     2
  4.3115   -3.6148     2
  4.3773   -3.4799     2
  4.4062   -3.4048     2
  4.4064   -3.4043     2
  4.4670   -3.2801     2
  4.5157   -3.1139     2
  4.5066   -2.9410     2
  4.4408   -2.7808     2
  4.3257   -2.6514     2
  4.1742   -2.5674     2
  4.0034   -2.5384     2
  3.9579   -2.5384     2
