#   Separatrix [2010-07-08]
#    R [m]     Z [m]
    4.2945   -3.6497
    4.4669   -3.5764
    4.6390   -3.5033
    4.8107   -3.4300
    4.9820   -3.3564
    5.1535   -3.2817
    5.6846   -3.0344
    6.1348   -2.7909
    6.5203   -2.5429
    6.8503   -2.2885
    7.1307   -2.0289
    7.3666   -1.7669
    7.5630   -1.5058
    7.7246   -1.2483
    7.8561   -0.9964
    7.9615   -0.7509
    8.0445   -0.5119
    8.1077   -0.2788
    8.1534   -0.0508
    8.1832    0.1731
    8.1982    0.3941
    8.1991    0.6133
    8.1862    0.8320
    8.1594    1.0515
    8.1182    1.2731
    8.0615    1.4981
    7.9878    1.7277
    7.8946    1.9629
    7.7790    2.2042
    7.6370    2.4514
    7.4640    2.7026
    7.2551    2.9546
    7.0058    3.2023
    6.7120    3.4386
    6.3712    3.6547
    5.9832    3.8373
    5.5543    3.9616
    5.1133    3.9675
    4.7474    3.7429
    4.5248    3.3180
    4.3957    2.8674
    4.3147    2.4559
    4.2618    2.0883
    4.2274    1.7572
    4.2063    1.4543
    4.1954    1.1722
    4.1927    0.9044
    4.1973    0.6454
    4.2088    0.3903
    4.2274    0.1343
    4.2538   -0.1273
    4.2892   -0.3997
    4.3357   -0.6886
    4.3960   -1.0007
    4.4747   -1.3442
    4.5780   -1.7292
    4.7156   -2.1683
    4.9011   -2.6776
    5.1535   -3.2817
    5.2359   -3.4675
    5.3187   -3.6533
    5.4019   -3.8401
    5.4845   -4.0276
    5.5650   -4.2134
